<ticker>,<date>,<time>,<open>,<high>,<low>,<close>,<volume>,<o/i> 
INTELLECT_F1,03/02/2022,09:15:00,655.00,655.00,655.00,655.00,751,443250
INTELLECT_F1,03/02/2022,09:16:00,653.60,653.60,652.15,652.15,3000,443250
INTELLECT_F1,03/02/2022,09:17:00,652.15,652.15,652.15,652.15,750,446250
INTELLECT_F1,03/02/2022,09:18:00,646.95,650.00,646.95,650.00,17250,446250
INTELLECT_F1,03/02/2022,09:19:00,650.00,651.00,650.00,651.00,25500,446250
INTELLECT_F1,03/02/2022,09:20:00,650.90,652.00,650.15,650.15,20250,462000
INTELLECT_F1,03/02/2022,09:21:00,650.00,650.00,648.50,648.50,20250,462000
INTELLECT_F1,03/02/2022,09:22:00,650.85,651.00,650.05,651.00,9750,462000
INTELLECT_F1,03/02/2022,09:23:00,651.80,653.65,651.80,653.40,15750,456750
INTELLECT_F1,03/02/2022,09:24:00,653.75,657.90,653.45,657.90,29250,456750
INTELLECT_F1,03/02/2022,09:25:00,657.90,664.15,657.90,662.20,11250,456750
INTELLECT_F1,03/02/2022,09:26:00,661.50,663.40,661.00,663.40,6750,468750
INTELLECT_F1,03/02/2022,09:27:00,663.40,665.90,663.40,665.90,4500,468750
INTELLECT_F1,03/02/2022,09:29:00,665.90,665.90,661.90,661.90,8250,464250
INTELLECT_F1,03/02/2022,09:32:00,660.00,660.00,660.00,660.00,750,464250
INTELLECT_F1,03/02/2022,09:34:00,658.00,659.35,658.00,659.35,6000,468750
INTELLECT_F1,03/02/2022,09:35:00,664.00,664.00,660.65,660.65,9000,472500
INTELLECT_F1,03/02/2022,09:36:00,660.05,660.05,658.00,658.05,6000,472500
INTELLECT_F1,03/02/2022,09:37:00,656.00,657.90,656.00,657.90,10500,472500
INTELLECT_F1,03/02/2022,09:39:00,659.40,660.50,659.40,660.50,1500,474000
INTELLECT_F1,03/02/2022,09:41:00,660.80,660.80,660.80,660.80,750,473250
INTELLECT_F1,03/02/2022,09:42:00,660.50,660.50,660.50,660.50,750,473250
INTELLECT_F1,03/02/2022,09:44:00,661.00,661.00,660.05,660.05,2250,473250
INTELLECT_F1,03/02/2022,09:45:00,660.95,660.95,660.95,660.95,750,473250
INTELLECT_F1,03/02/2022,09:59:00,662.05,662.05,662.05,662.05,1500,474000
INTELLECT_F1,03/02/2022,10:01:00,664.40,664.40,664.40,664.40,750,474750
INTELLECT_F1,03/02/2022,10:05:00,661.25,661.25,661.25,661.25,2250,474000
INTELLECT_F1,03/02/2022,10:07:00,664.00,665.85,664.00,664.00,8250,474000
INTELLECT_F1,03/02/2022,10:09:00,667.20,667.20,667.20,667.20,1500,479250
INTELLECT_F1,03/02/2022,10:10:00,667.20,667.20,666.95,666.95,6750,479250
INTELLECT_F1,03/02/2022,10:11:00,666.00,666.00,666.00,666.00,6000,482250
INTELLECT_F1,03/02/2022,10:12:00,667.50,667.50,667.50,667.50,7500,482250
INTELLECT_F1,03/02/2022,10:13:00,663.75,663.95,663.75,663.95,1500,482250
INTELLECT_F1,03/02/2022,10:14:00,662.60,662.60,660.10,660.10,2250,474000
INTELLECT_F1,03/02/2022,10:15:00,659.10,659.10,659.10,659.10,2250,474000
INTELLECT_F1,03/02/2022,10:16:00,659.40,661.00,659.40,661.00,3000,474000
INTELLECT_F1,03/02/2022,10:17:00,658.85,659.00,658.85,659.00,12000,474750
INTELLECT_F1,03/02/2022,10:18:00,657.50,657.50,657.50,657.50,750,474750
INTELLECT_F1,03/02/2022,10:19:00,658.35,658.35,658.35,658.35,2250,474750
INTELLECT_F1,03/02/2022,10:20:00,658.40,658.40,658.40,658.40,750,474750
INTELLECT_F1,03/02/2022,10:21:00,659.80,659.80,659.80,659.80,750,474750
INTELLECT_F1,03/02/2022,10:23:00,658.85,658.85,658.70,658.70,1500,474750
INTELLECT_F1,03/02/2022,10:25:00,658.05,658.05,658.05,658.05,1500,474750
INTELLECT_F1,03/02/2022,10:26:00,655.50,655.50,655.50,655.50,8250,477000
INTELLECT_F1,03/02/2022,10:34:00,658.00,658.00,658.00,658.00,750,474750
INTELLECT_F1,03/02/2022,10:38:00,656.70,656.70,656.70,656.70,750,475500
INTELLECT_F1,03/02/2022,10:41:00,656.45,656.45,656.45,656.45,750,476250
INTELLECT_F1,03/02/2022,10:42:00,656.55,656.55,655.60,655.60,1500,477000
INTELLECT_F1,03/02/2022,10:43:00,654.30,654.80,654.30,654.80,7500,477000
INTELLECT_F1,03/02/2022,10:44:00,656.55,656.55,654.55,654.55,7500,483000
INTELLECT_F1,03/02/2022,10:45:00,653.80,653.80,653.80,653.80,1500,483000
INTELLECT_F1,03/02/2022,10:46:00,651.90,653.75,651.90,653.75,6750,483000
INTELLECT_F1,03/02/2022,10:48:00,656.45,656.45,654.95,654.95,9750,484500
INTELLECT_F1,03/02/2022,10:49:00,653.50,653.50,653.50,653.50,5250,484500
INTELLECT_F1,03/02/2022,10:56:00,653.60,653.60,653.60,653.60,750,484500
INTELLECT_F1,03/02/2022,11:01:00,653.00,653.00,653.00,653.00,750,478500
INTELLECT_F1,03/02/2022,11:13:00,654.75,654.75,654.75,654.75,750,478500
INTELLECT_F1,03/02/2022,11:16:00,654.50,654.50,654.50,654.50,750,479250
INTELLECT_F1,03/02/2022,11:22:00,655.90,655.90,654.65,654.65,3750,479250
INTELLECT_F1,03/02/2022,11:23:00,655.50,655.50,655.50,655.50,5250,479250
INTELLECT_F1,03/02/2022,11:24:00,654.45,654.80,654.30,654.30,10500,480000
INTELLECT_F1,03/02/2022,11:25:00,654.50,654.50,653.50,653.50,8250,480000
INTELLECT_F1,03/02/2022,11:26:00,653.50,653.50,653.00,653.10,10500,480000
INTELLECT_F1,03/02/2022,11:27:00,653.50,653.50,653.00,653.30,6000,478500
INTELLECT_F1,03/02/2022,11:36:00,652.35,652.35,652.35,652.35,2250,478500
INTELLECT_F1,03/02/2022,11:41:00,652.30,653.15,652.30,652.50,3000,480000
INTELLECT_F1,03/02/2022,11:42:00,652.40,652.60,652.40,652.60,3000,480000
INTELLECT_F1,03/02/2022,11:44:00,652.55,652.55,652.55,652.55,750,480000
INTELLECT_F1,03/02/2022,11:46:00,653.35,653.35,653.35,653.35,750,479250
INTELLECT_F1,03/02/2022,11:47:00,653.80,653.80,652.35,652.35,6000,479250
INTELLECT_F1,03/02/2022,11:49:00,652.00,652.90,652.00,652.90,3000,476250
INTELLECT_F1,03/02/2022,11:58:00,651.50,652.75,651.50,652.75,2250,474750
INTELLECT_F1,03/02/2022,11:59:00,652.50,652.50,651.95,651.95,1500,474750
INTELLECT_F1,03/02/2022,12:00:00,651.80,651.80,651.80,651.80,750,474750
INTELLECT_F1,03/02/2022,12:02:00,653.00,653.00,652.35,652.35,6000,474750
INTELLECT_F1,03/02/2022,12:05:00,651.05,651.05,651.05,651.05,1500,477750
INTELLECT_F1,03/02/2022,12:06:00,651.65,651.80,651.65,651.80,3750,476250
INTELLECT_F1,03/02/2022,12:10:00,651.50,651.50,651.50,651.50,1500,474750
INTELLECT_F1,03/02/2022,12:11:00,649.55,649.80,649.55,649.80,6750,474750
INTELLECT_F1,03/02/2022,12:12:00,649.20,649.20,649.20,649.20,750,477750
INTELLECT_F1,03/02/2022,12:15:00,647.50,647.50,647.50,647.50,1500,477000
INTELLECT_F1,03/02/2022,12:19:00,647.50,647.50,647.50,647.50,750,475500
INTELLECT_F1,03/02/2022,12:20:00,649.00,649.00,649.00,649.00,3750,475500
INTELLECT_F1,03/02/2022,12:22:00,647.40,647.40,647.00,647.00,3000,462750
INTELLECT_F1,03/02/2022,12:23:00,645.10,645.10,645.10,645.10,750,462750
INTELLECT_F1,03/02/2022,12:25:00,645.10,645.10,645.10,645.10,750,461250
INTELLECT_F1,03/02/2022,12:29:00,650.05,650.05,650.05,650.05,750,461250
INTELLECT_F1,03/02/2022,12:38:00,647.45,647.45,647.45,647.45,750,461250
INTELLECT_F1,03/02/2022,12:39:00,646.00,646.00,646.00,646.00,750,462000
INTELLECT_F1,03/02/2022,12:51:00,645.85,645.85,645.85,645.85,750,462750
INTELLECT_F1,03/02/2022,12:53:00,645.65,645.65,645.65,645.65,750,462750
INTELLECT_F1,03/02/2022,12:58:00,646.75,646.75,646.75,646.75,750,462750
INTELLECT_F1,03/02/2022,13:02:00,647.20,647.20,647.20,647.20,1500,462750
INTELLECT_F1,03/02/2022,13:08:00,647.60,647.60,647.60,647.60,750,462750
INTELLECT_F1,03/02/2022,13:22:00,646.10,646.10,646.10,646.10,2250,462750
INTELLECT_F1,03/02/2022,13:30:00,646.45,646.45,646.45,646.45,750,462750
INTELLECT_F1,03/02/2022,13:33:00,647.55,647.55,647.55,647.55,750,462750
INTELLECT_F1,03/02/2022,13:36:00,647.55,647.55,647.55,647.55,750,462750
INTELLECT_F1,03/02/2022,13:39:00,646.85,646.85,646.85,646.85,2250,462750
INTELLECT_F1,03/02/2022,13:41:00,647.75,647.90,647.75,647.90,2250,462750
INTELLECT_F1,03/02/2022,13:43:00,647.90,647.90,647.90,647.90,750,463500
INTELLECT_F1,03/02/2022,13:53:00,647.20,647.20,647.20,647.20,750,463500
INTELLECT_F1,03/02/2022,13:58:00,648.65,648.65,648.65,648.65,1500,462750
INTELLECT_F1,03/02/2022,14:06:00,649.35,649.35,649.35,649.35,1500,464250
INTELLECT_F1,03/02/2022,14:14:00,648.45,648.45,648.45,648.45,1500,462750
INTELLECT_F1,03/02/2022,14:15:00,648.55,648.55,648.55,648.55,750,463500
INTELLECT_F1,03/02/2022,14:16:00,648.10,648.10,648.10,648.10,750,463500
INTELLECT_F1,03/02/2022,14:17:00,647.30,647.30,647.30,647.30,1500,463500
INTELLECT_F1,03/02/2022,14:18:00,646.50,647.00,646.50,646.95,3000,465000
INTELLECT_F1,03/02/2022,14:19:00,647.00,647.00,646.45,646.45,7500,465000
INTELLECT_F1,03/02/2022,14:20:00,646.05,646.05,646.00,646.00,9000,465000
INTELLECT_F1,03/02/2022,14:21:00,646.55,646.55,646.55,646.55,750,463500
INTELLECT_F1,03/02/2022,14:22:00,646.00,646.00,645.85,645.85,1500,463500
INTELLECT_F1,03/02/2022,14:24:00,646.35,646.35,646.35,646.35,750,463500
INTELLECT_F1,03/02/2022,14:27:00,646.05,646.05,646.05,646.05,750,462750
INTELLECT_F1,03/02/2022,14:29:00,646.70,646.70,646.70,646.70,1500,462750
INTELLECT_F1,03/02/2022,14:30:00,646.05,646.05,646.05,646.05,750,462750
INTELLECT_F1,03/02/2022,14:37:00,651.05,651.05,651.05,651.05,19500,462000
INTELLECT_F1,03/02/2022,14:38:00,648.00,648.00,648.00,648.00,11250,462000
INTELLECT_F1,03/02/2022,14:45:00,647.90,647.90,647.90,647.90,750,486000
INTELLECT_F1,03/02/2022,14:46:00,648.55,648.55,648.55,648.55,750,486000
INTELLECT_F1,03/02/2022,14:49:00,650.00,650.00,650.00,650.00,8250,485250
INTELLECT_F1,03/02/2022,14:51:00,650.15,650.15,650.05,650.05,1500,492750
INTELLECT_F1,03/02/2022,14:53:00,650.00,650.00,650.00,650.00,7500,492750
INTELLECT_F1,03/02/2022,14:57:00,650.80,650.80,650.80,650.80,750,495750
INTELLECT_F1,03/02/2022,14:59:00,650.80,650.80,650.80,650.80,4500,481500
INTELLECT_F1,03/02/2022,15:00:00,650.95,652.55,650.95,652.55,3750,488250
INTELLECT_F1,03/02/2022,15:02:00,652.40,652.40,652.40,652.40,750,488250
INTELLECT_F1,03/02/2022,15:03:00,652.80,652.80,652.80,652.80,750,486750
INTELLECT_F1,03/02/2022,15:04:00,653.10,653.10,653.10,653.10,3000,486750
INTELLECT_F1,03/02/2022,15:06:00,653.45,653.45,653.45,653.45,750,486000
INTELLECT_F1,03/02/2022,15:08:00,653.50,653.65,653.50,653.65,1500,486000
INTELLECT_F1,03/02/2022,15:09:00,653.70,653.70,653.50,653.50,1500,485250
INTELLECT_F1,03/02/2022,15:11:00,652.35,652.35,652.35,652.35,750,485250
INTELLECT_F1,03/02/2022,15:12:00,655.40,655.40,655.40,655.40,21750,485250
INTELLECT_F1,03/02/2022,15:14:00,655.00,655.25,655.00,655.25,3750,485250
INTELLECT_F1,03/02/2022,15:15:00,655.60,655.60,655.60,655.60,750,506250
INTELLECT_F1,03/02/2022,15:16:00,655.60,655.60,655.10,655.10,1500,506250
INTELLECT_F1,03/02/2022,15:17:00,655.00,655.00,655.00,655.00,3000,506250
INTELLECT_F1,03/02/2022,15:18:00,655.75,657.20,655.75,657.20,8250,511500
INTELLECT_F1,03/02/2022,15:19:00,657.60,658.05,657.60,658.05,9000,511500
INTELLECT_F1,03/02/2022,15:20:00,657.00,657.00,656.50,656.50,3750,511500
INTELLECT_F1,03/02/2022,15:21:00,655.10,655.10,653.80,653.80,9750,518250
INTELLECT_F1,03/02/2022,15:22:00,652.75,652.75,652.35,652.35,2250,518250
INTELLECT_F1,03/02/2022,15:23:00,653.95,653.95,653.95,653.95,750,518250
INTELLECT_F1,03/02/2022,15:24:00,654.55,654.55,654.55,654.55,750,519750
INTELLECT_F1,03/02/2022,15:26:00,653.40,653.40,653.40,653.40,1500,519750
INTELLECT_F1,03/02/2022,15:29:00,657.65,657.65,654.10,654.10,1500,516000
INTELLECT_F1,03/03/2022,09:15:00,660.00,660.00,660.00,660.00,751,494250
INTELLECT_F1,03/03/2022,09:16:00,658.00,658.00,658.00,658.00,1500,494250
INTELLECT_F1,03/03/2022,09:17:00,665.00,665.00,665.00,665.00,750,494250
INTELLECT_F1,03/03/2022,09:18:00,662.00,662.00,662.00,662.00,2250,492000
INTELLECT_F1,03/03/2022,09:19:00,660.55,663.00,660.55,663.00,12000,492000
INTELLECT_F1,03/03/2022,09:20:00,663.40,664.40,663.40,664.05,13500,506250
INTELLECT_F1,03/03/2022,09:21:00,664.50,665.55,664.30,665.55,23250,506250
INTELLECT_F1,03/03/2022,09:22:00,663.15,663.50,663.15,663.50,5250,506250
INTELLECT_F1,03/03/2022,09:23:00,663.50,663.50,662.00,662.00,3750,506250
INTELLECT_F1,03/03/2022,09:27:00,661.40,661.40,661.40,661.40,5250,495750
INTELLECT_F1,03/03/2022,09:28:00,660.75,660.75,660.75,660.75,750,495750
INTELLECT_F1,03/03/2022,09:30:00,661.00,661.20,661.00,661.20,8250,498000
INTELLECT_F1,03/03/2022,09:31:00,660.20,660.20,660.20,660.20,1500,498000
INTELLECT_F1,03/03/2022,09:33:00,659.95,659.95,659.95,659.95,9750,500250
INTELLECT_F1,03/03/2022,09:35:00,660.80,660.80,660.80,660.80,4500,507750
INTELLECT_F1,03/03/2022,09:36:00,660.75,660.75,659.65,659.65,2250,507750
INTELLECT_F1,03/03/2022,09:39:00,659.55,659.80,659.55,659.80,7500,507000
INTELLECT_F1,03/03/2022,09:41:00,659.00,659.00,659.00,659.00,6000,507000
INTELLECT_F1,03/03/2022,09:42:00,657.50,660.00,657.50,660.00,11250,516750
INTELLECT_F1,03/03/2022,09:43:00,659.45,659.45,659.20,659.20,3000,516750
INTELLECT_F1,03/03/2022,09:44:00,657.85,657.85,657.85,657.85,750,516750
INTELLECT_F1,03/03/2022,09:46:00,658.00,658.00,658.00,658.00,750,516750
INTELLECT_F1,03/03/2022,09:47:00,659.00,659.35,658.80,658.80,3000,512250
INTELLECT_F1,03/03/2022,09:48:00,657.80,658.15,657.80,658.00,5250,512250
INTELLECT_F1,03/03/2022,09:49:00,658.05,658.05,658.05,658.05,750,512250
INTELLECT_F1,03/03/2022,09:50:00,659.60,659.60,659.60,659.60,750,512250
INTELLECT_F1,03/03/2022,09:51:00,657.90,657.90,657.90,657.90,750,512250
INTELLECT_F1,03/03/2022,09:52:00,659.35,659.35,656.15,656.15,9750,516750
INTELLECT_F1,03/03/2022,09:54:00,656.15,658.10,656.15,658.10,1500,519000
INTELLECT_F1,03/03/2022,09:55:00,658.30,658.90,657.90,658.45,4500,519000
INTELLECT_F1,03/03/2022,09:56:00,657.90,658.15,657.90,658.15,4500,520500
INTELLECT_F1,03/03/2022,09:57:00,658.10,658.10,658.10,658.10,2250,520500
INTELLECT_F1,03/03/2022,10:00:00,657.00,657.00,656.90,656.90,1500,517500
INTELLECT_F1,03/03/2022,10:03:00,656.45,656.45,656.45,656.45,750,516750
INTELLECT_F1,03/03/2022,10:04:00,657.05,657.05,657.05,657.05,1500,516750
INTELLECT_F1,03/03/2022,10:05:00,657.95,657.95,657.95,657.95,750,516750
INTELLECT_F1,03/03/2022,10:08:00,658.40,658.40,658.40,658.40,750,516750
INTELLECT_F1,03/03/2022,10:09:00,656.70,656.75,656.70,656.75,2250,517500
INTELLECT_F1,03/03/2022,10:14:00,657.10,657.10,657.10,657.10,750,515250
INTELLECT_F1,03/03/2022,10:17:00,658.50,658.50,658.00,658.00,2250,514500
INTELLECT_F1,03/03/2022,10:18:00,659.50,659.50,659.50,659.50,2250,514500
INTELLECT_F1,03/03/2022,10:19:00,658.90,658.90,658.90,658.90,1500,514500
INTELLECT_F1,03/03/2022,10:20:00,657.90,657.90,657.90,657.90,750,518250
INTELLECT_F1,03/03/2022,10:23:00,657.80,657.80,657.80,657.80,750,519000
INTELLECT_F1,03/03/2022,10:24:00,658.05,658.05,658.05,658.05,750,519000
INTELLECT_F1,03/03/2022,10:26:00,658.40,658.40,658.05,658.05,1500,519000
INTELLECT_F1,03/03/2022,10:28:00,657.40,657.40,657.40,657.40,750,519000
INTELLECT_F1,03/03/2022,10:29:00,657.90,657.90,656.80,656.80,3000,519000
INTELLECT_F1,03/03/2022,10:32:00,655.90,655.90,655.90,655.90,750,519000
INTELLECT_F1,03/03/2022,10:33:00,655.60,655.60,655.60,655.60,1500,521250
INTELLECT_F1,03/03/2022,10:34:00,654.50,654.50,654.50,654.50,750,521250
INTELLECT_F1,03/03/2022,10:35:00,653.45,653.45,653.45,653.45,1500,523500
INTELLECT_F1,03/03/2022,10:36:00,653.45,653.45,653.45,653.45,750,523500
INTELLECT_F1,03/03/2022,10:37:00,655.15,657.00,655.15,657.00,2250,523500
INTELLECT_F1,03/03/2022,10:38:00,657.00,657.00,657.00,657.00,750,523500
INTELLECT_F1,03/03/2022,10:39:00,657.45,657.45,657.45,657.45,750,525750
INTELLECT_F1,03/03/2022,10:40:00,657.75,657.75,657.75,657.75,750,525750
INTELLECT_F1,03/03/2022,10:43:00,657.05,657.05,657.05,657.05,750,527250
INTELLECT_F1,03/03/2022,10:44:00,656.50,656.50,656.50,656.50,750,527250
INTELLECT_F1,03/03/2022,10:47:00,656.50,656.50,656.50,656.50,750,528750
INTELLECT_F1,03/03/2022,10:54:00,657.00,657.00,657.00,657.00,750,529500
INTELLECT_F1,03/03/2022,10:55:00,657.30,657.30,657.30,657.30,750,529500
INTELLECT_F1,03/03/2022,10:58:00,656.85,656.85,656.85,656.85,750,530250
INTELLECT_F1,03/03/2022,11:01:00,657.40,657.40,657.40,657.40,750,530250
INTELLECT_F1,03/03/2022,11:02:00,656.60,657.05,656.60,657.05,2250,528750
INTELLECT_F1,03/03/2022,11:03:00,656.75,656.75,656.75,656.75,750,528750
INTELLECT_F1,03/03/2022,11:05:00,656.75,656.75,656.75,656.75,1500,528750
INTELLECT_F1,03/03/2022,11:06:00,657.30,657.30,657.30,657.30,750,527250
INTELLECT_F1,03/03/2022,11:08:00,657.65,657.65,657.65,657.65,750,527250
INTELLECT_F1,03/03/2022,11:10:00,657.60,658.55,657.60,658.55,3750,526500
INTELLECT_F1,03/03/2022,11:12:00,658.55,658.55,658.55,658.55,1500,526500
INTELLECT_F1,03/03/2022,11:13:00,659.30,659.30,659.30,659.30,1500,526500
INTELLECT_F1,03/03/2022,11:15:00,661.00,661.30,661.00,661.30,1500,527250
INTELLECT_F1,03/03/2022,11:16:00,661.00,661.50,661.00,661.50,3000,527250
INTELLECT_F1,03/03/2022,11:17:00,661.50,662.40,661.50,662.40,3000,527250
INTELLECT_F1,03/03/2022,11:18:00,662.35,662.85,662.35,662.85,2250,530250
INTELLECT_F1,03/03/2022,11:19:00,662.00,662.00,662.00,662.00,1500,530250
INTELLECT_F1,03/03/2022,11:20:00,662.00,662.00,662.00,662.00,750,530250
INTELLECT_F1,03/03/2022,11:21:00,661.65,661.65,661.65,661.65,1500,532500
INTELLECT_F1,03/03/2022,11:23:00,661.70,661.70,661.70,661.70,1500,532500
INTELLECT_F1,03/03/2022,11:24:00,661.35,662.15,661.35,662.15,1500,534750
INTELLECT_F1,03/03/2022,11:27:00,662.60,662.60,662.60,662.60,1500,534750
INTELLECT_F1,03/03/2022,11:29:00,662.50,662.50,662.50,662.50,750,534750
INTELLECT_F1,03/03/2022,11:34:00,662.90,662.90,662.90,662.90,750,536250
INTELLECT_F1,03/03/2022,11:36:00,662.90,662.90,662.90,662.90,1500,536250
INTELLECT_F1,03/03/2022,11:44:00,664.05,664.05,664.05,664.05,750,535500
INTELLECT_F1,03/03/2022,11:45:00,663.70,663.70,663.70,663.70,1500,534750
INTELLECT_F1,03/03/2022,11:46:00,664.50,664.50,664.50,664.50,7500,534750
INTELLECT_F1,03/03/2022,11:47:00,665.00,665.05,664.50,665.05,7500,534750
INTELLECT_F1,03/03/2022,11:49:00,666.55,666.55,666.55,666.55,7500,541500
INTELLECT_F1,03/03/2022,11:50:00,667.90,669.25,667.90,669.25,4500,541500
INTELLECT_F1,03/03/2022,11:51:00,669.25,669.25,667.80,667.80,4500,548250
INTELLECT_F1,03/03/2022,11:52:00,669.15,669.15,669.15,669.15,750,548250
INTELLECT_F1,03/03/2022,11:53:00,669.75,670.00,669.75,670.00,3750,548250
INTELLECT_F1,03/03/2022,11:54:00,670.20,670.20,667.75,667.75,4500,546750
INTELLECT_F1,03/03/2022,11:55:00,665.55,665.55,665.55,665.55,2250,546750
INTELLECT_F1,03/03/2022,11:56:00,667.55,667.55,667.55,667.55,750,546750
INTELLECT_F1,03/03/2022,11:57:00,665.00,665.00,665.00,665.00,2250,546750
INTELLECT_F1,03/03/2022,12:00:00,665.00,665.00,665.00,665.00,1500,549750
INTELLECT_F1,03/03/2022,12:02:00,662.80,662.80,662.80,662.80,750,549750
INTELLECT_F1,03/03/2022,12:06:00,663.50,663.50,663.50,663.50,3000,549750
INTELLECT_F1,03/03/2022,12:08:00,667.40,668.00,667.40,667.60,13500,549750
INTELLECT_F1,03/03/2022,12:10:00,665.40,665.40,665.40,665.40,750,558750
INTELLECT_F1,03/03/2022,12:15:00,664.55,664.55,664.55,664.55,750,558750
INTELLECT_F1,03/03/2022,12:16:00,664.00,664.00,664.00,664.00,750,558750
INTELLECT_F1,03/03/2022,12:17:00,664.00,664.00,664.00,664.00,750,558750
INTELLECT_F1,03/03/2022,12:18:00,662.75,662.75,662.75,662.75,750,558750
INTELLECT_F1,03/03/2022,12:20:00,662.15,662.15,662.15,662.15,750,558750
INTELLECT_F1,03/03/2022,12:21:00,662.00,662.00,659.50,659.50,4500,558750
INTELLECT_F1,03/03/2022,12:22:00,660.10,660.10,660.10,660.10,1500,558750
INTELLECT_F1,03/03/2022,12:23:00,660.65,660.85,660.65,660.85,9000,558750
INTELLECT_F1,03/03/2022,12:24:00,660.90,660.90,660.90,660.90,1500,560250
INTELLECT_F1,03/03/2022,12:25:00,660.10,660.10,660.10,660.10,1500,560250
INTELLECT_F1,03/03/2022,12:28:00,659.35,659.35,659.35,659.35,1500,558750
INTELLECT_F1,03/03/2022,12:30:00,659.20,659.20,659.20,659.20,750,557250
INTELLECT_F1,03/03/2022,12:31:00,659.05,659.05,659.05,659.05,750,557250
INTELLECT_F1,03/03/2022,12:40:00,657.80,657.80,657.80,657.80,750,556500
INTELLECT_F1,03/03/2022,12:43:00,659.80,659.80,659.80,659.80,750,555750
INTELLECT_F1,03/03/2022,12:44:00,660.20,660.20,660.20,660.20,750,555750
INTELLECT_F1,03/03/2022,12:45:00,660.40,660.40,660.40,660.40,750,556500
INTELLECT_F1,03/03/2022,12:46:00,660.30,660.30,660.30,660.30,3000,556500
INTELLECT_F1,03/03/2022,12:53:00,659.60,659.60,659.60,659.60,1500,555000
INTELLECT_F1,03/03/2022,12:54:00,660.00,660.00,660.00,660.00,3750,555000
INTELLECT_F1,03/03/2022,12:56:00,659.15,659.15,659.15,659.15,1500,555000
INTELLECT_F1,03/03/2022,13:06:00,657.85,657.85,657.85,657.85,750,557250
INTELLECT_F1,03/03/2022,13:19:00,657.40,657.40,657.40,657.40,750,556500
INTELLECT_F1,03/03/2022,13:21:00,657.10,657.10,657.00,657.00,1500,556500
INTELLECT_F1,03/03/2022,13:22:00,656.20,656.20,656.20,656.20,750,556500
INTELLECT_F1,03/03/2022,13:28:00,656.10,656.10,656.00,656.00,3000,555750
INTELLECT_F1,03/03/2022,13:32:00,656.70,656.70,656.70,656.70,750,555750
INTELLECT_F1,03/03/2022,13:35:00,657.50,658.00,657.50,658.00,3000,555750
INTELLECT_F1,03/03/2022,13:36:00,658.10,658.10,658.10,658.10,750,555750
INTELLECT_F1,03/03/2022,13:40:00,658.65,658.65,658.65,658.65,2250,555750
INTELLECT_F1,03/03/2022,13:45:00,657.05,657.05,657.05,657.05,750,557250
INTELLECT_F1,03/03/2022,13:48:00,658.70,658.70,658.70,658.70,750,557250
INTELLECT_F1,03/03/2022,13:50:00,659.90,659.90,659.90,659.90,2250,558000
INTELLECT_F1,03/03/2022,13:57:00,658.50,658.50,658.50,658.50,750,556500
INTELLECT_F1,03/03/2022,14:02:00,660.70,660.70,660.70,660.70,750,556500
INTELLECT_F1,03/03/2022,14:03:00,660.05,660.05,660.05,660.05,750,556500
INTELLECT_F1,03/03/2022,14:06:00,660.75,660.75,660.75,660.75,750,555750
INTELLECT_F1,03/03/2022,14:08:00,660.50,660.50,660.50,660.50,1500,556500
INTELLECT_F1,03/03/2022,14:10:00,659.25,659.25,658.55,658.55,1500,557250
INTELLECT_F1,03/03/2022,14:18:00,656.30,656.30,656.30,656.30,750,557250
INTELLECT_F1,03/03/2022,14:23:00,656.50,656.50,656.50,656.50,750,557250
INTELLECT_F1,03/03/2022,14:26:00,657.20,659.20,657.20,659.00,13500,558000
INTELLECT_F1,03/03/2022,14:27:00,659.80,659.80,659.55,659.55,1500,558750
INTELLECT_F1,03/03/2022,14:28:00,658.60,660.00,658.60,659.50,7500,558750
INTELLECT_F1,03/03/2022,14:29:00,658.95,659.80,658.95,659.80,3000,558750
INTELLECT_F1,03/03/2022,14:30:00,659.35,659.35,659.05,659.05,1500,560250
INTELLECT_F1,03/03/2022,14:35:00,658.05,658.05,658.05,658.05,1500,559500
INTELLECT_F1,03/03/2022,14:36:00,658.70,658.90,658.70,658.90,3750,560250
INTELLECT_F1,03/03/2022,14:43:00,658.00,658.00,658.00,658.00,1500,559500
INTELLECT_F1,03/03/2022,14:47:00,656.65,656.65,656.65,656.65,750,559500
INTELLECT_F1,03/03/2022,14:49:00,656.05,656.05,656.05,656.05,750,558750
INTELLECT_F1,03/03/2022,14:56:00,657.40,657.40,657.40,657.40,750,558750
INTELLECT_F1,03/03/2022,15:03:00,657.15,657.15,657.00,657.00,3750,557250
INTELLECT_F1,03/03/2022,15:04:00,657.70,657.70,657.70,657.70,1500,558000
INTELLECT_F1,03/03/2022,15:05:00,655.45,655.45,655.45,655.45,750,558000
INTELLECT_F1,03/03/2022,15:06:00,656.80,656.80,656.80,656.80,750,558000
INTELLECT_F1,03/03/2022,15:08:00,657.45,657.45,657.45,657.45,750,558000
INTELLECT_F1,03/03/2022,15:09:00,657.10,657.35,657.10,657.35,2250,557250
INTELLECT_F1,03/03/2022,15:12:00,657.65,657.65,657.65,657.65,750,558750
INTELLECT_F1,03/03/2022,15:13:00,658.15,658.15,658.15,658.15,1500,558750
INTELLECT_F1,03/03/2022,15:14:00,658.50,658.50,658.50,658.50,1500,558750
INTELLECT_F1,03/03/2022,15:15:00,660.00,660.00,660.00,660.00,1500,558750
INTELLECT_F1,03/03/2022,15:16:00,659.10,659.10,659.10,659.10,750,549750
INTELLECT_F1,03/03/2022,15:17:00,658.90,658.90,658.90,658.90,750,549750
INTELLECT_F1,03/03/2022,15:18:00,658.95,659.45,658.95,659.45,1500,549000
INTELLECT_F1,03/03/2022,15:19:00,659.60,659.60,659.35,659.35,3000,549000
INTELLECT_F1,03/03/2022,15:20:00,659.30,659.30,659.30,659.30,4500,549000
INTELLECT_F1,03/03/2022,15:21:00,659.25,659.25,659.25,659.25,750,549000
INTELLECT_F1,03/03/2022,15:22:00,658.90,659.00,658.05,658.05,2250,548250
INTELLECT_F1,03/03/2022,15:23:00,658.85,658.85,658.40,658.40,1500,548250
INTELLECT_F1,03/03/2022,15:24:00,658.40,658.50,658.40,658.50,3000,550500
INTELLECT_F1,03/03/2022,15:27:00,658.40,658.40,658.40,658.40,750,550500
INTELLECT_F1,03/03/2022,15:28:00,657.50,657.50,657.50,657.50,750,550500
INTELLECT_F1,03/03/2022,15:29:00,657.55,658.35,657.55,658.00,3000,552000
INTELLECT_F1,03/04/2022,09:15:00,657.00,657.00,651.95,651.95,2251,533250
INTELLECT_F1,03/04/2022,09:16:00,650.40,650.40,650.40,650.40,2250,533250
INTELLECT_F1,03/04/2022,09:17:00,650.40,655.50,650.40,655.50,2250,532500
INTELLECT_F1,03/04/2022,09:20:00,652.15,652.15,652.15,652.15,750,532500
INTELLECT_F1,03/04/2022,09:21:00,651.20,651.20,649.10,649.10,3000,532500
INTELLECT_F1,03/04/2022,09:23:00,649.10,649.10,649.10,649.10,1500,532500
INTELLECT_F1,03/04/2022,09:25:00,650.40,650.40,650.40,650.40,750,532500
INTELLECT_F1,03/04/2022,09:26:00,651.15,651.15,651.15,651.15,1500,534000
INTELLECT_F1,03/04/2022,09:33:00,651.00,654.00,651.00,654.00,1500,534000
INTELLECT_F1,03/04/2022,09:35:00,654.00,654.00,654.00,654.00,1500,534000
INTELLECT_F1,03/04/2022,09:37:00,654.25,654.25,654.25,654.25,750,532500
INTELLECT_F1,03/04/2022,09:38:00,655.20,655.20,655.20,655.20,750,532500
INTELLECT_F1,03/04/2022,09:43:00,657.40,657.70,657.40,657.70,3000,531750
INTELLECT_F1,03/04/2022,09:45:00,657.70,657.70,657.70,657.70,750,534000
INTELLECT_F1,03/04/2022,09:46:00,657.00,657.00,657.00,657.00,750,534000
INTELLECT_F1,03/04/2022,09:47:00,656.95,656.95,656.95,656.95,1500,534000
INTELLECT_F1,03/04/2022,09:48:00,657.65,657.80,657.65,657.80,2250,534000
INTELLECT_F1,03/04/2022,09:49:00,659.40,659.40,656.20,656.20,13500,534000
INTELLECT_F1,03/04/2022,09:50:00,655.90,655.90,655.90,655.90,2250,534000
INTELLECT_F1,03/04/2022,09:51:00,654.30,654.40,654.30,654.40,3000,539250
INTELLECT_F1,03/04/2022,09:55:00,654.55,654.55,654.00,654.00,2250,538500
INTELLECT_F1,03/04/2022,09:59:00,654.20,654.20,654.20,654.20,750,540000
INTELLECT_F1,03/04/2022,10:00:00,654.70,654.70,654.70,654.70,750,540000
INTELLECT_F1,03/04/2022,10:01:00,654.70,654.70,654.70,654.70,750,540000
INTELLECT_F1,03/04/2022,10:02:00,657.80,659.45,657.80,659.45,6750,541500
INTELLECT_F1,03/04/2022,10:03:00,660.60,666.95,660.60,666.95,21000,541500
INTELLECT_F1,03/04/2022,10:04:00,662.10,662.10,662.10,662.10,1500,541500
INTELLECT_F1,03/04/2022,10:05:00,663.00,663.00,661.00,663.00,4500,555000
INTELLECT_F1,03/04/2022,10:06:00,663.75,667.10,663.75,666.50,14250,555000
INTELLECT_F1,03/04/2022,10:07:00,665.90,667.30,665.75,666.00,6000,555000
INTELLECT_F1,03/04/2022,10:08:00,666.00,670.10,665.25,667.00,26250,547500
INTELLECT_F1,03/04/2022,10:09:00,668.10,668.20,663.35,663.35,9000,547500
INTELLECT_F1,03/04/2022,10:10:00,666.00,666.55,664.00,664.00,8250,547500
INTELLECT_F1,03/04/2022,10:11:00,661.85,663.85,660.80,662.95,3000,559500
INTELLECT_F1,03/04/2022,10:12:00,662.40,663.05,662.40,663.05,1500,559500
INTELLECT_F1,03/04/2022,10:13:00,663.25,663.25,663.25,663.25,750,559500
INTELLECT_F1,03/04/2022,10:14:00,664.00,664.05,664.00,664.05,3000,556500
INTELLECT_F1,03/04/2022,10:15:00,660.00,660.00,658.30,658.30,9000,556500
INTELLECT_F1,03/04/2022,10:16:00,658.15,658.15,658.15,658.15,1500,556500
INTELLECT_F1,03/04/2022,10:17:00,660.15,660.15,660.15,660.15,1500,556500
INTELLECT_F1,03/04/2022,10:19:00,660.30,660.30,660.30,660.30,750,554250
INTELLECT_F1,03/04/2022,10:20:00,661.00,661.00,661.00,661.00,2250,554250
INTELLECT_F1,03/04/2022,10:21:00,660.15,660.15,659.25,660.00,5250,554250
INTELLECT_F1,03/04/2022,10:23:00,658.05,658.05,658.05,658.05,750,555750
INTELLECT_F1,03/04/2022,10:24:00,658.25,658.50,658.25,658.50,1500,555750
INTELLECT_F1,03/04/2022,10:26:00,660.35,660.35,658.00,659.95,3750,556500
INTELLECT_F1,03/04/2022,10:27:00,658.50,660.55,658.50,660.55,3000,556500
INTELLECT_F1,03/04/2022,10:29:00,659.80,659.80,659.80,659.80,1500,556500
INTELLECT_F1,03/04/2022,10:31:00,658.70,658.70,658.70,658.70,1500,558000
INTELLECT_F1,03/04/2022,10:32:00,658.60,658.60,658.60,658.60,750,558000
INTELLECT_F1,03/04/2022,10:33:00,657.50,657.50,657.50,657.50,3000,559500
INTELLECT_F1,03/04/2022,10:34:00,658.50,658.50,658.50,658.50,2250,559500
INTELLECT_F1,03/04/2022,10:35:00,657.15,657.15,657.15,657.15,1500,558000
INTELLECT_F1,03/04/2022,10:40:00,657.75,657.75,657.75,657.75,750,558000
INTELLECT_F1,03/04/2022,10:41:00,658.40,658.40,658.40,658.40,750,558000
INTELLECT_F1,03/04/2022,10:42:00,658.45,658.50,658.15,658.15,3750,558000
INTELLECT_F1,03/04/2022,10:43:00,658.15,658.15,658.15,658.15,750,558000
INTELLECT_F1,03/04/2022,10:44:00,657.35,658.00,657.35,658.00,1500,558750
INTELLECT_F1,03/04/2022,10:46:00,658.70,658.85,658.70,658.85,6750,558750
INTELLECT_F1,03/04/2022,10:48:00,660.60,660.60,660.60,660.60,750,559500
INTELLECT_F1,03/04/2022,10:49:00,663.00,663.00,663.00,663.00,750,559500
INTELLECT_F1,03/04/2022,10:55:00,664.35,664.35,664.35,664.35,1500,558750
INTELLECT_F1,03/04/2022,10:56:00,664.70,664.75,664.50,664.75,3000,558750
INTELLECT_F1,03/04/2022,10:57:00,664.95,665.60,664.95,665.60,3750,558750
INTELLECT_F1,03/04/2022,10:58:00,665.00,665.05,663.00,663.00,2250,558750
INTELLECT_F1,03/04/2022,11:00:00,665.10,665.10,665.10,665.10,750,558750
INTELLECT_F1,03/04/2022,11:02:00,663.35,663.35,663.35,663.35,750,558750
INTELLECT_F1,03/04/2022,11:05:00,664.75,665.40,664.60,665.40,3000,556500
INTELLECT_F1,03/04/2022,11:06:00,666.85,667.40,666.00,667.00,4500,556500
INTELLECT_F1,03/04/2022,11:07:00,666.10,666.10,666.00,666.00,2250,556500
INTELLECT_F1,03/04/2022,11:08:00,666.45,666.50,666.45,666.50,2250,556500
INTELLECT_F1,03/04/2022,11:10:00,666.90,666.90,666.85,666.85,1500,556500
INTELLECT_F1,03/04/2022,11:11:00,666.90,666.90,665.80,665.80,2250,555750
INTELLECT_F1,03/04/2022,11:12:00,665.90,665.90,665.90,665.90,1500,555750
INTELLECT_F1,03/04/2022,11:13:00,666.95,667.00,666.95,667.00,1500,555750
INTELLECT_F1,03/04/2022,11:15:00,666.45,666.45,666.45,666.45,1500,555750
INTELLECT_F1,03/04/2022,11:16:00,666.40,666.40,666.40,666.40,750,555750
INTELLECT_F1,03/04/2022,11:19:00,666.55,666.55,666.40,666.40,1500,555000
INTELLECT_F1,03/04/2022,11:22:00,666.55,667.30,666.55,667.30,3750,553500
INTELLECT_F1,03/04/2022,11:23:00,667.50,670.90,667.50,670.90,8250,550500
INTELLECT_F1,03/04/2022,11:24:00,674.85,674.90,672.80,673.55,12750,550500
INTELLECT_F1,03/04/2022,11:25:00,674.95,680.50,674.95,679.05,21750,550500
INTELLECT_F1,03/04/2022,11:26:00,682.00,684.35,682.00,683.00,14250,563250
INTELLECT_F1,03/04/2022,11:27:00,680.85,682.50,680.80,682.50,6000,563250
INTELLECT_F1,03/04/2022,11:28:00,682.50,682.50,682.50,682.50,1500,563250
INTELLECT_F1,03/04/2022,11:29:00,683.00,683.00,683.00,683.00,1500,562500
INTELLECT_F1,03/04/2022,11:30:00,681.00,683.00,681.00,683.00,8250,562500
INTELLECT_F1,03/04/2022,11:31:00,683.45,683.45,683.00,683.00,1500,562500
INTELLECT_F1,03/04/2022,11:32:00,683.50,684.95,683.50,684.95,4500,561000
INTELLECT_F1,03/04/2022,11:33:00,685.20,685.20,684.00,684.00,2250,561000
INTELLECT_F1,03/04/2022,11:34:00,684.75,684.75,683.80,683.80,1500,561000
INTELLECT_F1,03/04/2022,11:35:00,682.65,682.65,682.65,682.65,750,561000
INTELLECT_F1,03/04/2022,11:36:00,683.00,683.35,682.00,683.35,8250,561000
INTELLECT_F1,03/04/2022,11:37:00,683.35,683.35,683.35,683.35,3000,561000
INTELLECT_F1,03/04/2022,11:38:00,682.05,682.05,681.00,681.00,3750,566250
INTELLECT_F1,03/04/2022,11:39:00,681.00,682.30,681.00,681.00,11250,566250
INTELLECT_F1,03/04/2022,11:40:00,681.00,681.00,681.00,681.00,2250,566250
INTELLECT_F1,03/04/2022,11:41:00,680.00,680.00,678.10,678.10,10500,563250
INTELLECT_F1,03/04/2022,11:42:00,679.00,679.00,679.00,679.00,750,563250
INTELLECT_F1,03/04/2022,11:43:00,678.95,678.95,677.95,677.95,1500,563250
INTELLECT_F1,03/04/2022,11:44:00,677.70,678.80,677.65,678.80,3750,564000
INTELLECT_F1,03/04/2022,11:45:00,677.70,677.70,677.70,677.70,1500,564000
INTELLECT_F1,03/04/2022,11:46:00,677.70,677.70,677.70,677.70,750,564000
INTELLECT_F1,03/04/2022,11:47:00,677.70,677.70,677.70,677.70,750,564000
INTELLECT_F1,03/04/2022,11:50:00,679.95,680.75,679.45,680.75,3750,564750
INTELLECT_F1,03/04/2022,11:51:00,681.10,683.75,681.10,683.75,3000,562500
INTELLECT_F1,03/04/2022,11:52:00,682.90,682.90,682.90,682.90,750,562500
INTELLECT_F1,03/04/2022,11:54:00,684.50,684.50,684.50,684.50,750,562500
INTELLECT_F1,03/04/2022,11:55:00,681.55,681.55,681.55,681.55,1500,562500
INTELLECT_F1,03/04/2022,11:59:00,680.00,680.00,680.00,680.00,3000,565500
INTELLECT_F1,03/04/2022,12:01:00,679.40,679.40,679.40,679.40,1500,565500
INTELLECT_F1,03/04/2022,12:03:00,679.00,679.00,679.00,679.00,750,566250
INTELLECT_F1,03/04/2022,12:06:00,679.10,679.10,679.10,679.10,750,565500
INTELLECT_F1,03/04/2022,12:07:00,680.30,680.30,680.30,680.30,750,565500
INTELLECT_F1,03/04/2022,12:08:00,680.00,680.00,680.00,680.00,1500,565500
INTELLECT_F1,03/04/2022,12:10:00,679.85,679.85,679.85,679.85,2250,565500
INTELLECT_F1,03/04/2022,12:12:00,679.35,679.35,679.35,679.35,750,566250
INTELLECT_F1,03/04/2022,12:16:00,679.10,679.10,679.10,679.10,1500,569250
INTELLECT_F1,03/04/2022,12:20:00,680.35,680.35,679.00,679.00,4500,570000
INTELLECT_F1,03/04/2022,12:24:00,678.70,678.70,678.70,678.70,1500,570000
INTELLECT_F1,03/04/2022,12:27:00,680.45,680.45,680.45,680.45,1500,570000
INTELLECT_F1,03/04/2022,12:28:00,679.35,679.35,679.35,679.35,1500,570000
INTELLECT_F1,03/04/2022,12:32:00,680.55,680.55,680.55,680.55,750,572250
INTELLECT_F1,03/04/2022,12:36:00,681.50,684.50,681.50,684.50,6000,572250
INTELLECT_F1,03/04/2022,12:37:00,683.35,684.25,683.35,684.25,2250,572250
INTELLECT_F1,03/04/2022,12:38:00,684.30,684.30,683.65,683.65,2250,572250
INTELLECT_F1,03/04/2022,12:42:00,682.45,682.45,682.45,682.45,6750,576750
INTELLECT_F1,03/04/2022,12:44:00,682.40,682.40,682.40,682.40,750,576750
INTELLECT_F1,03/04/2022,12:45:00,682.05,682.05,682.05,682.05,750,576750
INTELLECT_F1,03/04/2022,12:47:00,681.50,681.50,681.50,681.50,2250,571500
INTELLECT_F1,03/04/2022,12:48:00,681.30,681.30,681.30,681.30,750,569250
INTELLECT_F1,03/04/2022,12:50:00,681.35,681.35,681.25,681.25,6000,569250
INTELLECT_F1,03/04/2022,12:52:00,680.00,680.00,680.00,680.00,750,567750
INTELLECT_F1,03/04/2022,13:01:00,682.40,682.40,682.40,682.40,750,568500
INTELLECT_F1,03/04/2022,13:02:00,683.95,683.95,683.95,683.95,2250,568500
INTELLECT_F1,03/04/2022,13:03:00,683.10,683.10,683.10,683.10,750,570750
INTELLECT_F1,03/04/2022,13:05:00,682.30,682.30,682.30,682.30,750,570750
INTELLECT_F1,03/04/2022,13:07:00,682.40,682.40,682.40,682.40,750,570750
INTELLECT_F1,03/04/2022,13:08:00,682.20,682.20,682.05,682.05,1500,570750
INTELLECT_F1,03/04/2022,13:11:00,681.45,681.45,681.45,681.45,750,570750
INTELLECT_F1,03/04/2022,13:14:00,680.95,680.95,680.95,680.95,750,571500
INTELLECT_F1,03/04/2022,13:19:00,679.80,679.80,677.00,677.00,7500,572250
INTELLECT_F1,03/04/2022,13:20:00,676.10,677.15,676.10,677.15,1500,572250
INTELLECT_F1,03/04/2022,13:24:00,677.95,677.95,677.95,677.95,750,575250
INTELLECT_F1,03/04/2022,13:25:00,679.15,679.20,679.15,679.20,1500,575250
INTELLECT_F1,03/04/2022,13:28:00,679.40,679.40,679.40,679.40,750,574500
INTELLECT_F1,03/04/2022,13:32:00,681.15,681.15,681.00,681.00,2250,575250
INTELLECT_F1,03/04/2022,13:33:00,680.00,680.00,680.00,680.00,750,577500
INTELLECT_F1,03/04/2022,13:34:00,680.00,680.00,680.00,680.00,750,577500
INTELLECT_F1,03/04/2022,13:35:00,679.65,679.65,679.65,679.65,750,577500
INTELLECT_F1,03/04/2022,13:41:00,682.80,682.80,682.80,682.80,750,576000
INTELLECT_F1,03/04/2022,13:44:00,681.40,681.40,681.40,681.40,750,576000
INTELLECT_F1,03/04/2022,13:46:00,679.60,679.85,679.60,679.85,1500,576000
INTELLECT_F1,03/04/2022,13:47:00,680.95,681.75,680.95,681.75,2250,576000
INTELLECT_F1,03/04/2022,13:51:00,684.75,685.00,684.75,685.00,4500,574500
INTELLECT_F1,03/04/2022,13:52:00,684.50,684.50,684.50,684.50,750,574500
INTELLECT_F1,03/04/2022,13:53:00,684.80,687.95,684.80,687.95,9750,574500
INTELLECT_F1,03/04/2022,13:54:00,688.75,689.45,688.75,689.45,12000,570750
INTELLECT_F1,03/04/2022,13:55:00,689.00,691.55,688.15,688.75,17250,570750
INTELLECT_F1,03/04/2022,13:56:00,689.00,689.80,689.00,689.80,4500,570750
INTELLECT_F1,03/04/2022,13:57:00,689.75,691.00,689.60,691.00,5250,576750
INTELLECT_F1,03/04/2022,13:59:00,690.45,691.45,690.45,691.45,1500,576750
INTELLECT_F1,03/04/2022,14:00:00,693.30,693.30,689.75,691.75,8250,579750
INTELLECT_F1,03/04/2022,14:01:00,691.00,692.40,691.00,691.25,3750,579750
INTELLECT_F1,03/04/2022,14:02:00,693.30,693.30,691.05,692.00,6000,579750
INTELLECT_F1,03/04/2022,14:03:00,692.40,692.40,691.50,691.50,2250,587250
INTELLECT_F1,03/04/2022,14:04:00,690.75,690.75,688.00,688.00,3000,587250
INTELLECT_F1,03/04/2022,14:05:00,687.85,688.00,687.85,688.00,2250,587250
INTELLECT_F1,03/04/2022,14:06:00,688.00,688.00,688.00,688.00,750,587250
INTELLECT_F1,03/04/2022,14:07:00,685.95,687.00,685.95,687.00,3000,588750
INTELLECT_F1,03/04/2022,14:08:00,687.00,687.00,687.00,687.00,750,588750
INTELLECT_F1,03/04/2022,14:09:00,684.90,685.30,684.00,684.00,6000,588000
INTELLECT_F1,03/04/2022,14:10:00,684.60,684.60,684.60,684.60,750,588000
INTELLECT_F1,03/04/2022,14:11:00,686.60,686.60,685.50,685.50,11250,588000
INTELLECT_F1,03/04/2022,14:12:00,683.15,685.00,682.20,684.50,11250,587250
INTELLECT_F1,03/04/2022,14:13:00,683.00,683.35,683.00,683.35,5250,587250
INTELLECT_F1,03/04/2022,14:14:00,685.30,685.30,683.30,684.00,9750,587250
INTELLECT_F1,03/04/2022,14:15:00,682.50,682.50,682.50,682.50,750,587250
INTELLECT_F1,03/04/2022,14:16:00,684.00,684.00,684.00,684.00,750,585750
INTELLECT_F1,03/04/2022,14:18:00,682.65,683.95,682.65,683.95,1500,585750
INTELLECT_F1,03/04/2022,14:20:00,684.00,684.95,684.00,684.95,1500,585750
INTELLECT_F1,03/04/2022,14:21:00,685.00,685.00,685.00,685.00,5250,588750
INTELLECT_F1,03/04/2022,14:22:00,685.00,685.00,684.80,684.80,3000,588750
INTELLECT_F1,03/04/2022,14:23:00,683.75,683.75,683.75,683.75,750,588750
INTELLECT_F1,03/04/2022,14:27:00,685.70,685.85,685.70,685.85,1500,593250
INTELLECT_F1,03/04/2022,14:30:00,685.45,685.45,685.45,685.45,2250,593250
INTELLECT_F1,03/04/2022,14:31:00,686.65,688.70,686.65,688.70,5250,593250
INTELLECT_F1,03/04/2022,14:32:00,690.60,690.60,690.00,690.00,2250,593250
INTELLECT_F1,03/04/2022,14:34:00,689.20,689.20,688.60,688.60,4500,599250
INTELLECT_F1,03/04/2022,14:35:00,690.00,690.25,687.55,687.55,2250,599250
INTELLECT_F1,03/04/2022,14:37:00,687.15,687.15,687.15,687.15,750,598500
INTELLECT_F1,03/04/2022,14:38:00,686.25,686.25,686.25,686.25,750,598500
INTELLECT_F1,03/04/2022,14:39:00,685.90,685.95,685.90,685.95,4500,597750
INTELLECT_F1,03/04/2022,14:40:00,686.00,686.00,686.00,686.00,750,597750
INTELLECT_F1,03/04/2022,14:41:00,685.25,685.25,685.25,685.25,750,597750
INTELLECT_F1,03/04/2022,14:43:00,685.80,685.80,685.35,685.35,7500,597750
INTELLECT_F1,03/04/2022,14:44:00,685.25,685.25,683.30,683.90,6000,597750
INTELLECT_F1,03/04/2022,14:45:00,683.70,683.95,682.35,682.35,3000,597000
INTELLECT_F1,03/04/2022,14:46:00,683.00,683.05,683.00,683.05,1500,597000
INTELLECT_F1,03/04/2022,14:48:00,683.20,683.20,683.20,683.20,1500,596250
INTELLECT_F1,03/04/2022,14:49:00,683.20,683.20,683.20,683.20,750,596250
INTELLECT_F1,03/04/2022,14:50:00,682.00,682.00,682.00,682.00,4500,596250
INTELLECT_F1,03/04/2022,14:51:00,682.30,682.30,681.45,681.45,3000,596250
INTELLECT_F1,03/04/2022,14:52:00,683.95,683.95,683.95,683.95,750,594750
INTELLECT_F1,03/04/2022,14:53:00,684.45,684.45,684.20,684.20,5250,594750
INTELLECT_F1,03/04/2022,14:55:00,684.35,685.30,684.30,685.30,4500,594000
INTELLECT_F1,03/04/2022,14:57:00,683.40,683.40,683.15,683.15,4500,596250
INTELLECT_F1,03/04/2022,14:58:00,683.70,684.15,683.70,684.15,6000,596250
INTELLECT_F1,03/04/2022,15:00:00,685.70,687.00,685.70,687.00,1500,594000
INTELLECT_F1,03/04/2022,15:01:00,686.45,686.75,686.45,686.45,6750,594000
INTELLECT_F1,03/04/2022,15:02:00,685.65,685.70,685.20,685.70,7500,594000
INTELLECT_F1,03/04/2022,15:03:00,686.35,686.35,686.35,686.35,750,592500
INTELLECT_F1,03/04/2022,15:04:00,686.40,686.40,686.40,686.40,1500,592500
INTELLECT_F1,03/04/2022,15:05:00,684.25,684.95,684.25,684.95,4500,592500
INTELLECT_F1,03/04/2022,15:06:00,684.30,684.30,682.50,682.50,4500,595500
INTELLECT_F1,03/04/2022,15:07:00,679.60,679.60,679.60,679.60,1500,595500
INTELLECT_F1,03/04/2022,15:09:00,681.50,681.50,681.50,681.50,750,597750
INTELLECT_F1,03/04/2022,15:10:00,681.50,681.50,680.35,680.35,1500,597750
INTELLECT_F1,03/04/2022,15:12:00,680.60,680.60,680.30,680.30,3750,597000
INTELLECT_F1,03/04/2022,15:13:00,680.50,680.50,680.50,680.50,750,597000
INTELLECT_F1,03/04/2022,15:14:00,680.65,680.65,680.55,680.55,1500,597000
INTELLECT_F1,03/04/2022,15:15:00,681.95,681.95,681.75,681.75,2250,594750
INTELLECT_F1,03/04/2022,15:16:00,681.95,681.95,680.60,680.60,2250,594750
INTELLECT_F1,03/04/2022,15:17:00,680.05,680.85,680.05,680.85,4500,594750
INTELLECT_F1,03/04/2022,15:18:00,680.65,680.65,680.65,680.65,750,594750
INTELLECT_F1,03/04/2022,15:19:00,679.60,679.60,679.60,679.60,1500,593250
INTELLECT_F1,03/04/2022,15:20:00,680.40,680.40,680.40,680.40,750,593250
INTELLECT_F1,03/04/2022,15:21:00,680.20,680.45,680.20,680.45,1500,592500
INTELLECT_F1,03/04/2022,15:22:00,681.50,681.60,681.25,681.60,2250,592500
INTELLECT_F1,03/04/2022,15:24:00,681.35,681.35,680.95,680.95,2250,592500
INTELLECT_F1,03/04/2022,15:25:00,680.95,681.80,680.65,681.05,6000,592500
INTELLECT_F1,03/04/2022,15:26:00,681.00,681.00,681.00,681.00,1500,592500
INTELLECT_F1,03/04/2022,15:27:00,680.00,680.00,680.00,680.00,2250,595500
INTELLECT_F1,03/04/2022,15:28:00,680.05,680.05,680.05,680.05,2250,595500
INTELLECT_F1,03/04/2022,15:29:00,680.95,681.55,680.95,681.55,3750,595500
INTELLECT_F1,03/07/2022,09:15:00,676.95,676.95,665.60,665.60,1502,560250
INTELLECT_F1,03/07/2022,09:17:00,670.25,673.20,670.25,673.20,9000,560250
INTELLECT_F1,03/07/2022,09:18:00,671.00,671.00,670.00,670.00,4500,560250
INTELLECT_F1,03/07/2022,09:19:00,670.50,670.50,670.50,670.50,9000,560250
INTELLECT_F1,03/07/2022,09:20:00,672.25,672.25,670.45,670.45,17250,567750
INTELLECT_F1,03/07/2022,09:21:00,672.00,672.00,668.25,668.25,5250,567750
INTELLECT_F1,03/07/2022,09:22:00,671.85,671.85,670.90,670.90,1500,567750
INTELLECT_F1,03/07/2022,09:23:00,670.20,670.20,668.20,668.20,3000,564000
INTELLECT_F1,03/07/2022,09:24:00,666.30,666.30,666.30,666.30,2250,564000
INTELLECT_F1,03/07/2022,09:25:00,665.00,665.00,664.50,664.50,6000,564000
INTELLECT_F1,03/07/2022,09:26:00,664.50,664.50,664.50,664.50,2250,564000
INTELLECT_F1,03/07/2022,09:30:00,664.80,664.80,664.80,664.80,750,563250
INTELLECT_F1,03/07/2022,09:31:00,664.10,664.10,664.10,664.10,750,563250
INTELLECT_F1,03/07/2022,09:32:00,664.10,664.10,664.10,664.10,750,563250
INTELLECT_F1,03/07/2022,09:33:00,664.10,664.10,663.55,663.55,3750,563250
INTELLECT_F1,03/07/2022,09:34:00,663.55,663.55,663.55,663.55,750,563250
INTELLECT_F1,03/07/2022,09:36:00,661.50,661.50,661.50,661.50,6000,564000
INTELLECT_F1,03/07/2022,09:41:00,666.65,666.90,666.20,666.20,2250,563250
INTELLECT_F1,03/07/2022,09:42:00,663.10,663.10,661.00,661.00,3000,563250
INTELLECT_F1,03/07/2022,09:43:00,660.95,662.95,660.95,662.95,3750,563250
INTELLECT_F1,03/07/2022,09:44:00,661.20,661.20,661.20,661.20,750,563250
INTELLECT_F1,03/07/2022,09:45:00,659.00,659.00,659.00,659.00,5250,561000
INTELLECT_F1,03/07/2022,09:46:00,658.40,658.40,658.40,658.40,2250,561000
INTELLECT_F1,03/07/2022,09:47:00,658.75,659.70,658.75,659.70,2250,562500
INTELLECT_F1,03/07/2022,09:48:00,660.25,660.25,658.85,658.85,3000,562500
INTELLECT_F1,03/07/2022,09:49:00,659.50,659.50,658.85,658.85,1500,562500
INTELLECT_F1,03/07/2022,09:50:00,655.00,655.00,655.00,655.00,4500,562500
INTELLECT_F1,03/07/2022,09:52:00,657.25,658.60,657.25,658.60,1500,562500
INTELLECT_F1,03/07/2022,09:53:00,660.25,661.00,660.25,661.00,6750,563250
INTELLECT_F1,03/07/2022,09:54:00,663.00,663.05,663.00,663.05,19500,563250
INTELLECT_F1,03/07/2022,09:55:00,662.70,663.00,662.70,663.00,13500,563250
INTELLECT_F1,03/07/2022,09:56:00,663.55,663.55,663.00,663.00,1500,564750
INTELLECT_F1,03/07/2022,09:57:00,662.70,662.70,662.70,662.70,750,564750
INTELLECT_F1,03/07/2022,09:59:00,665.00,667.00,665.00,667.00,14250,564750
INTELLECT_F1,03/07/2022,10:00:00,667.65,669.00,667.65,669.00,5250,571500
INTELLECT_F1,03/07/2022,10:03:00,671.35,671.35,671.35,671.35,750,573750
INTELLECT_F1,03/07/2022,10:04:00,672.85,672.85,672.85,672.85,750,573750
INTELLECT_F1,03/07/2022,10:05:00,670.55,670.55,670.50,670.50,3750,575250
INTELLECT_F1,03/07/2022,10:06:00,669.85,669.85,669.85,669.85,750,575250
INTELLECT_F1,03/07/2022,10:07:00,669.60,670.00,669.60,670.00,2250,575250
INTELLECT_F1,03/07/2022,10:08:00,670.00,670.00,670.00,670.00,750,575250
INTELLECT_F1,03/07/2022,10:09:00,671.75,671.75,671.75,671.75,750,571500
INTELLECT_F1,03/07/2022,10:10:00,672.10,672.10,672.10,672.10,750,571500
INTELLECT_F1,03/07/2022,10:11:00,672.00,672.00,672.00,672.00,1500,571500
INTELLECT_F1,03/07/2022,10:12:00,670.30,670.30,670.30,670.30,750,573750
INTELLECT_F1,03/07/2022,10:13:00,670.15,670.15,669.65,669.65,1500,573750
INTELLECT_F1,03/07/2022,10:14:00,668.95,668.95,668.95,668.95,1500,573750
INTELLECT_F1,03/07/2022,10:22:00,671.75,671.75,671.75,671.75,750,571500
INTELLECT_F1,03/07/2022,10:23:00,672.05,672.05,672.05,672.05,750,571500
INTELLECT_F1,03/07/2022,10:24:00,672.30,676.20,672.30,674.70,9000,572250
INTELLECT_F1,03/07/2022,10:25:00,674.30,674.30,672.00,672.00,9000,572250
INTELLECT_F1,03/07/2022,10:26:00,670.00,670.00,670.00,670.00,2250,572250
INTELLECT_F1,03/07/2022,10:28:00,671.00,671.00,671.00,671.00,750,565500
INTELLECT_F1,03/07/2022,10:40:00,674.00,676.05,674.00,676.05,3000,564750
INTELLECT_F1,03/07/2022,10:43:00,675.10,675.10,675.10,675.10,750,564000
INTELLECT_F1,03/07/2022,10:47:00,676.00,676.00,676.00,676.00,750,564000
INTELLECT_F1,03/07/2022,10:49:00,674.85,674.85,674.85,674.85,2250,564000
INTELLECT_F1,03/07/2022,10:52:00,673.65,673.65,673.65,673.65,750,563250
INTELLECT_F1,03/07/2022,10:54:00,674.35,674.35,674.35,674.35,750,562500
INTELLECT_F1,03/07/2022,10:55:00,674.35,674.50,674.35,674.50,2250,562500
INTELLECT_F1,03/07/2022,10:59:00,676.30,676.30,676.30,676.30,1500,561750
INTELLECT_F1,03/07/2022,11:02:00,674.50,674.80,674.50,674.80,3750,562500
INTELLECT_F1,03/07/2022,11:03:00,674.85,674.85,674.85,674.85,750,562500
INTELLECT_F1,03/07/2022,11:08:00,675.30,675.30,675.30,675.30,1500,562500
INTELLECT_F1,03/07/2022,11:09:00,674.50,674.95,674.50,674.95,1500,562500
INTELLECT_F1,03/07/2022,11:10:00,674.95,674.95,674.95,674.95,750,562500
INTELLECT_F1,03/07/2022,11:17:00,676.15,676.15,676.15,676.15,750,561000
INTELLECT_F1,03/07/2022,11:18:00,678.85,678.90,678.85,678.90,4500,561750
INTELLECT_F1,03/07/2022,11:19:00,678.90,678.95,678.90,678.95,3750,561750
INTELLECT_F1,03/07/2022,11:20:00,679.00,679.00,678.75,678.75,6750,561750
INTELLECT_F1,03/07/2022,11:36:00,679.55,682.50,679.55,682.50,4500,561000
INTELLECT_F1,03/07/2022,11:37:00,682.50,682.50,682.50,682.50,1500,561000
INTELLECT_F1,03/07/2022,11:38:00,683.45,683.45,683.45,683.45,1500,561000
INTELLECT_F1,03/07/2022,11:39:00,684.00,684.00,684.00,684.00,750,562500
INTELLECT_F1,03/07/2022,11:40:00,684.95,685.00,684.95,685.00,2250,562500
INTELLECT_F1,03/07/2022,11:42:00,685.00,685.00,685.00,685.00,750,564000
INTELLECT_F1,03/07/2022,11:43:00,685.00,685.00,682.00,682.00,3000,564000
INTELLECT_F1,03/07/2022,11:44:00,675.15,675.15,675.15,675.15,1500,564000
INTELLECT_F1,03/07/2022,11:45:00,675.20,676.15,675.20,676.15,3750,561750
INTELLECT_F1,03/07/2022,11:46:00,677.15,677.15,677.15,677.15,5250,561750
INTELLECT_F1,03/07/2022,11:47:00,677.50,679.65,677.50,679.65,5250,561750
INTELLECT_F1,03/07/2022,11:48:00,678.95,678.95,677.00,677.00,12000,567750
INTELLECT_F1,03/07/2022,11:49:00,677.70,677.70,677.50,677.50,3000,567750
INTELLECT_F1,03/07/2022,11:50:00,676.45,676.45,676.45,676.45,5250,567750
INTELLECT_F1,03/07/2022,11:51:00,674.65,674.65,673.50,673.50,6000,559500
INTELLECT_F1,03/07/2022,11:52:00,675.10,675.10,675.10,675.10,750,559500
INTELLECT_F1,03/07/2022,11:53:00,674.50,674.50,674.50,674.50,2250,559500
INTELLECT_F1,03/07/2022,11:54:00,673.50,673.50,672.75,672.75,6750,559500
INTELLECT_F1,03/07/2022,11:55:00,674.90,676.55,674.90,676.55,1500,559500
INTELLECT_F1,03/07/2022,11:57:00,676.35,676.35,676.35,676.35,750,559500
INTELLECT_F1,03/07/2022,11:58:00,679.00,679.00,679.00,679.00,750,558750
INTELLECT_F1,03/07/2022,12:07:00,679.10,679.50,679.10,679.50,1500,558750
INTELLECT_F1,03/07/2022,12:11:00,679.65,679.65,679.65,679.65,750,559500
INTELLECT_F1,03/07/2022,12:23:00,676.35,676.35,676.35,676.35,750,560250
INTELLECT_F1,03/07/2022,12:24:00,678.80,678.80,678.80,678.80,750,559500
INTELLECT_F1,03/07/2022,12:26:00,679.35,679.35,679.35,679.35,1500,559500
INTELLECT_F1,03/07/2022,12:31:00,679.50,679.50,679.50,679.50,750,556500
INTELLECT_F1,03/07/2022,12:45:00,681.00,681.00,681.00,681.00,750,556500
INTELLECT_F1,03/07/2022,12:47:00,677.80,677.80,677.80,677.80,750,556500
INTELLECT_F1,03/07/2022,12:56:00,679.40,679.40,677.80,677.80,1500,558000
INTELLECT_F1,03/07/2022,12:57:00,678.00,678.00,678.00,678.00,1500,558750
INTELLECT_F1,03/07/2022,13:00:00,681.50,681.50,681.50,681.50,750,558000
INTELLECT_F1,03/07/2022,13:01:00,681.70,681.70,681.70,681.70,750,558000
INTELLECT_F1,03/07/2022,13:02:00,681.85,681.85,681.85,681.85,750,558000
INTELLECT_F1,03/07/2022,13:08:00,678.05,678.05,678.05,678.05,750,557250
INTELLECT_F1,03/07/2022,13:21:00,678.60,678.60,678.60,678.60,750,556500
INTELLECT_F1,03/07/2022,13:25:00,679.40,679.40,679.40,679.40,750,555750
INTELLECT_F1,03/07/2022,13:27:00,678.10,678.10,678.10,678.10,750,555750
INTELLECT_F1,03/07/2022,13:30:00,678.10,678.10,678.10,678.10,750,555750
INTELLECT_F1,03/07/2022,13:34:00,678.35,678.35,678.35,678.35,750,555000
INTELLECT_F1,03/07/2022,13:46:00,679.00,679.00,679.00,679.00,1500,555000
INTELLECT_F1,03/07/2022,13:47:00,678.10,678.10,678.10,678.10,750,555000
INTELLECT_F1,03/07/2022,13:49:00,678.05,678.05,678.05,678.05,750,554250
INTELLECT_F1,03/07/2022,13:50:00,678.00,678.00,678.00,678.00,2250,554250
INTELLECT_F1,03/07/2022,13:51:00,677.50,677.50,677.50,677.50,1500,554250
INTELLECT_F1,03/07/2022,13:55:00,676.30,676.70,676.30,676.70,2250,551250
INTELLECT_F1,03/07/2022,13:57:00,676.70,676.70,676.70,676.70,1500,550500
INTELLECT_F1,03/07/2022,13:58:00,676.70,680.75,676.70,680.75,1500,550500
INTELLECT_F1,03/07/2022,14:03:00,676.70,676.70,676.70,676.70,750,549000
INTELLECT_F1,03/07/2022,14:08:00,676.70,676.70,676.70,676.70,2250,548250
INTELLECT_F1,03/07/2022,14:09:00,676.70,676.70,676.70,676.70,750,548250
INTELLECT_F1,03/07/2022,14:11:00,678.00,678.00,678.00,678.00,2250,547500
INTELLECT_F1,03/07/2022,14:14:00,679.05,679.05,679.00,679.00,2250,548250
INTELLECT_F1,03/07/2022,14:16:00,676.70,676.70,676.70,676.70,750,550500
INTELLECT_F1,03/07/2022,14:17:00,676.65,676.65,676.65,676.65,1500,550500
INTELLECT_F1,03/07/2022,14:19:00,676.00,676.00,676.00,676.00,750,550500
INTELLECT_F1,03/07/2022,14:20:00,675.15,675.15,675.15,675.15,750,550500
INTELLECT_F1,03/07/2022,14:26:00,676.70,676.70,676.65,676.65,1500,551250
INTELLECT_F1,03/07/2022,14:33:00,677.40,677.40,677.40,677.40,2250,552000
INTELLECT_F1,03/07/2022,14:38:00,677.25,677.25,677.25,677.25,2250,551250
INTELLECT_F1,03/07/2022,14:39:00,677.25,677.25,677.25,677.25,1500,551250
INTELLECT_F1,03/07/2022,14:41:00,677.25,677.25,677.25,677.25,1500,552750
INTELLECT_F1,03/07/2022,14:45:00,677.25,677.25,677.25,677.25,750,552750
INTELLECT_F1,03/07/2022,14:47:00,677.25,677.25,676.85,676.85,1500,552750
INTELLECT_F1,03/07/2022,14:50:00,676.85,676.85,676.85,676.85,750,552750
INTELLECT_F1,03/07/2022,14:52:00,677.25,677.25,677.25,677.25,750,552000
INTELLECT_F1,03/07/2022,14:57:00,675.75,675.75,675.75,675.75,750,552000
INTELLECT_F1,03/07/2022,14:58:00,676.15,676.45,676.15,676.45,4500,552000
INTELLECT_F1,03/07/2022,15:01:00,677.25,677.25,677.25,677.25,3750,552000
INTELLECT_F1,03/07/2022,15:02:00,675.50,675.50,675.50,675.50,3000,552000
INTELLECT_F1,03/07/2022,15:03:00,677.20,677.20,676.55,676.55,2250,552750
INTELLECT_F1,03/07/2022,15:04:00,675.50,676.45,675.15,676.45,3750,552750
INTELLECT_F1,03/07/2022,15:05:00,676.10,676.45,676.10,676.45,5250,552750
INTELLECT_F1,03/07/2022,15:06:00,678.00,678.00,678.00,678.00,2250,552750
INTELLECT_F1,03/07/2022,15:08:00,680.00,680.00,680.00,680.00,750,554250
INTELLECT_F1,03/07/2022,15:09:00,681.75,681.75,681.75,681.75,750,554250
INTELLECT_F1,03/07/2022,15:11:00,680.05,681.75,680.05,681.75,1500,554250
INTELLECT_F1,03/07/2022,15:12:00,681.75,681.75,681.75,681.75,2250,554250
INTELLECT_F1,03/07/2022,15:13:00,681.50,681.80,681.50,681.80,3000,554250
INTELLECT_F1,03/07/2022,15:14:00,682.50,683.50,682.50,683.50,2250,554250
INTELLECT_F1,03/07/2022,15:15:00,684.90,686.35,684.90,686.35,6000,555750
INTELLECT_F1,03/07/2022,15:16:00,683.20,683.20,682.65,682.65,1500,555750
INTELLECT_F1,03/07/2022,15:17:00,682.05,682.05,681.95,681.95,1500,555750
INTELLECT_F1,03/07/2022,15:18:00,680.90,680.90,680.00,680.00,4500,555750
INTELLECT_F1,03/07/2022,15:20:00,681.90,681.90,681.90,681.90,3750,554250
INTELLECT_F1,03/07/2022,15:21:00,682.75,682.75,682.00,682.00,2250,553500
INTELLECT_F1,03/07/2022,15:24:00,683.05,683.05,683.05,683.05,1500,553500
INTELLECT_F1,03/07/2022,15:25:00,683.10,687.75,683.10,687.75,3000,553500
INTELLECT_F1,03/07/2022,15:26:00,684.90,684.90,684.45,684.45,1500,553500
INTELLECT_F1,03/07/2022,15:27:00,685.80,685.80,684.55,684.55,1500,553500
INTELLECT_F1,03/07/2022,15:28:00,686.70,686.70,685.25,685.25,10500,553500
INTELLECT_F1,03/07/2022,15:29:00,685.15,686.50,685.15,685.25,5250,553500
INTELLECT_F1,03/08/2022,09:15:00,687.75,687.80,687.75,687.80,3002,555000
INTELLECT_F1,03/08/2022,09:17:00,694.95,694.95,694.95,694.95,1500,552750
INTELLECT_F1,03/08/2022,09:18:00,695.00,698.65,695.00,698.65,5250,552750
INTELLECT_F1,03/08/2022,09:19:00,697.00,697.00,697.00,697.00,1500,552750
INTELLECT_F1,03/08/2022,09:20:00,696.00,696.00,696.00,696.00,750,552750
INTELLECT_F1,03/08/2022,09:21:00,695.40,695.85,695.40,695.85,1500,556500
INTELLECT_F1,03/08/2022,09:22:00,694.80,694.80,694.80,694.80,750,556500
INTELLECT_F1,03/08/2022,09:23:00,695.00,695.00,695.00,695.00,1500,555750
INTELLECT_F1,03/08/2022,09:25:00,699.15,703.75,699.15,703.75,6750,555750
INTELLECT_F1,03/08/2022,09:26:00,703.75,706.00,703.75,706.00,3750,555000
INTELLECT_F1,03/08/2022,09:27:00,706.95,709.00,706.95,709.00,3000,555000
INTELLECT_F1,03/08/2022,09:28:00,706.95,706.95,705.10,705.10,2250,555000
INTELLECT_F1,03/08/2022,09:29:00,705.15,705.15,705.15,705.15,750,555000
INTELLECT_F1,03/08/2022,09:30:00,705.35,708.40,705.35,708.40,23250,555750
INTELLECT_F1,03/08/2022,09:31:00,708.90,709.95,707.25,709.95,23250,555750
INTELLECT_F1,03/08/2022,09:32:00,709.95,711.00,709.95,711.00,11250,573000
INTELLECT_F1,03/08/2022,09:33:00,707.55,711.75,707.55,710.30,13500,573000
INTELLECT_F1,03/08/2022,09:34:00,710.95,711.00,709.30,711.00,6750,573000
INTELLECT_F1,03/08/2022,09:35:00,711.80,714.90,711.80,714.90,14250,574500
INTELLECT_F1,03/08/2022,09:36:00,716.25,716.30,714.05,716.30,14250,574500
INTELLECT_F1,03/08/2022,09:37:00,716.30,716.95,715.05,715.05,11250,574500
INTELLECT_F1,03/08/2022,09:38:00,714.00,719.95,713.20,719.95,15000,585000
INTELLECT_F1,03/08/2022,09:39:00,717.95,718.00,713.70,713.70,11250,585000
INTELLECT_F1,03/08/2022,09:40:00,717.05,717.95,716.75,716.75,5250,585000
INTELLECT_F1,03/08/2022,09:41:00,716.10,716.30,716.10,716.30,6750,588000
INTELLECT_F1,03/08/2022,09:42:00,716.00,716.00,715.00,715.00,4500,588000
INTELLECT_F1,03/08/2022,09:43:00,718.50,718.50,718.50,718.50,5250,588000
INTELLECT_F1,03/08/2022,09:44:00,717.60,717.60,716.85,716.85,1500,593250
INTELLECT_F1,03/08/2022,09:45:00,716.00,716.00,716.00,716.00,3000,593250
INTELLECT_F1,03/08/2022,09:46:00,714.50,714.65,714.50,714.65,3750,593250
INTELLECT_F1,03/08/2022,09:47:00,711.00,712.45,711.00,712.45,8250,596250
INTELLECT_F1,03/08/2022,09:48:00,710.70,712.00,710.70,712.00,2250,596250
INTELLECT_F1,03/08/2022,09:50:00,712.55,712.55,712.50,712.50,2250,594000
INTELLECT_F1,03/08/2022,09:51:00,712.55,712.55,712.00,712.00,2250,594000
INTELLECT_F1,03/08/2022,09:52:00,713.20,713.20,713.20,713.20,1500,594000
INTELLECT_F1,03/08/2022,09:53:00,712.20,712.20,712.00,712.00,2250,594000
INTELLECT_F1,03/08/2022,09:54:00,710.05,710.05,710.00,710.00,4500,594000
INTELLECT_F1,03/08/2022,09:55:00,710.55,710.55,708.90,708.90,4500,594000
INTELLECT_F1,03/08/2022,09:56:00,709.60,710.10,709.60,710.10,3000,597000
INTELLECT_F1,03/08/2022,09:57:00,711.00,711.00,711.00,711.00,750,597000
INTELLECT_F1,03/08/2022,09:58:00,711.75,711.75,711.75,711.75,1500,597000
INTELLECT_F1,03/08/2022,09:59:00,711.75,712.45,711.75,712.45,1500,596250
INTELLECT_F1,03/08/2022,10:00:00,712.00,712.00,711.25,711.25,1500,596250
INTELLECT_F1,03/08/2022,10:01:00,710.10,710.10,710.10,710.10,1500,596250
INTELLECT_F1,03/08/2022,10:02:00,711.20,711.20,711.20,711.20,750,596250
INTELLECT_F1,03/08/2022,10:03:00,710.70,711.20,710.70,711.20,2250,598500
INTELLECT_F1,03/08/2022,10:04:00,712.50,712.50,712.50,712.50,750,598500
INTELLECT_F1,03/08/2022,10:05:00,715.65,715.65,715.65,715.65,1500,598500
INTELLECT_F1,03/08/2022,10:09:00,713.00,714.95,712.85,714.95,3000,598500
INTELLECT_F1,03/08/2022,10:11:00,713.40,713.40,713.40,713.40,750,597000
INTELLECT_F1,03/08/2022,10:12:00,713.60,713.60,713.60,713.60,750,597000
INTELLECT_F1,03/08/2022,10:14:00,712.50,712.50,712.50,712.50,750,597000
INTELLECT_F1,03/08/2022,10:15:00,712.75,712.75,712.75,712.75,750,597000
INTELLECT_F1,03/08/2022,10:16:00,712.65,712.65,712.65,712.65,750,597000
INTELLECT_F1,03/08/2022,10:18:00,714.05,714.05,714.05,714.05,1500,596250
INTELLECT_F1,03/08/2022,10:19:00,714.95,714.95,714.95,714.95,1500,596250
INTELLECT_F1,03/08/2022,10:20:00,714.95,714.95,714.95,714.95,750,596250
INTELLECT_F1,03/08/2022,10:21:00,713.30,713.30,713.30,713.30,750,597000
INTELLECT_F1,03/08/2022,10:23:00,714.00,714.00,714.00,714.00,1500,597000
INTELLECT_F1,03/08/2022,10:25:00,713.45,713.45,713.45,713.45,750,596250
INTELLECT_F1,03/08/2022,10:26:00,713.20,713.20,713.20,713.20,750,596250
INTELLECT_F1,03/08/2022,10:30:00,712.90,714.15,712.90,714.15,3000,594750
INTELLECT_F1,03/08/2022,10:31:00,713.05,714.30,713.05,714.30,2250,594750
INTELLECT_F1,03/08/2022,10:32:00,713.85,713.85,713.85,713.85,750,594750
INTELLECT_F1,03/08/2022,10:34:00,712.35,712.35,712.35,712.35,1500,595500
INTELLECT_F1,03/08/2022,10:35:00,712.55,712.55,712.55,712.55,750,595500
INTELLECT_F1,03/08/2022,10:36:00,713.65,713.65,713.65,713.65,750,594000
INTELLECT_F1,03/08/2022,10:37:00,713.45,714.25,713.45,714.00,3000,594000
INTELLECT_F1,03/08/2022,10:38:00,713.85,714.50,713.85,713.95,5250,591750
INTELLECT_F1,03/08/2022,10:40:00,712.55,712.55,712.55,712.55,750,591750
INTELLECT_F1,03/08/2022,10:41:00,712.75,712.80,712.75,712.75,2250,590250
INTELLECT_F1,03/08/2022,10:42:00,712.90,712.90,712.90,712.90,1500,590250
INTELLECT_F1,03/08/2022,10:43:00,715.00,715.00,715.00,715.00,3750,590250
INTELLECT_F1,03/08/2022,10:44:00,714.35,714.75,714.35,714.75,3750,586500
INTELLECT_F1,03/08/2022,10:45:00,715.00,715.00,715.00,715.00,1500,586500
INTELLECT_F1,03/08/2022,10:46:00,714.65,714.65,714.65,714.65,750,586500
INTELLECT_F1,03/08/2022,10:47:00,715.50,715.50,715.50,715.50,750,586500
INTELLECT_F1,03/08/2022,10:48:00,715.80,717.00,715.80,717.00,3750,588000
INTELLECT_F1,03/08/2022,10:49:00,716.35,716.35,716.35,716.35,1500,588000
INTELLECT_F1,03/08/2022,10:50:00,716.00,716.00,715.25,715.25,1500,588000
INTELLECT_F1,03/08/2022,10:51:00,715.75,715.75,715.75,715.75,750,587250
INTELLECT_F1,03/08/2022,10:52:00,715.05,715.05,715.05,715.05,1500,587250
INTELLECT_F1,03/08/2022,10:56:00,714.00,714.00,714.00,714.00,750,587250
INTELLECT_F1,03/08/2022,11:00:00,713.05,713.80,713.05,713.80,1500,588000
INTELLECT_F1,03/08/2022,11:01:00,713.55,713.55,713.55,713.55,750,588000
INTELLECT_F1,03/08/2022,11:02:00,711.45,711.45,710.35,710.35,2250,589500
INTELLECT_F1,03/08/2022,11:04:00,710.80,711.00,710.80,711.00,1500,589500
INTELLECT_F1,03/08/2022,11:05:00,711.00,712.45,711.00,712.45,2250,588000
INTELLECT_F1,03/08/2022,11:06:00,713.45,713.45,713.45,713.45,1500,588000
INTELLECT_F1,03/08/2022,11:08:00,714.00,714.00,714.00,714.00,1500,588000
INTELLECT_F1,03/08/2022,11:09:00,713.90,713.90,713.90,713.90,750,587250
INTELLECT_F1,03/08/2022,11:13:00,712.35,712.35,712.35,712.35,750,588000
INTELLECT_F1,03/08/2022,11:14:00,711.95,711.95,711.95,711.95,750,588000
INTELLECT_F1,03/08/2022,11:15:00,711.50,711.50,711.50,711.50,750,586500
INTELLECT_F1,03/08/2022,11:20:00,712.20,712.20,712.20,712.20,750,587250
INTELLECT_F1,03/08/2022,11:24:00,713.95,715.30,713.95,715.30,9750,586500
INTELLECT_F1,03/08/2022,11:25:00,715.90,715.90,715.90,715.90,750,586500
INTELLECT_F1,03/08/2022,11:26:00,715.40,715.40,715.40,715.40,1500,587250
INTELLECT_F1,03/08/2022,11:28:00,714.45,716.10,714.45,716.10,2250,587250
INTELLECT_F1,03/08/2022,11:30:00,715.00,716.10,714.75,714.75,6000,587250
INTELLECT_F1,03/08/2022,11:31:00,715.00,715.00,715.00,715.00,750,587250
INTELLECT_F1,03/08/2022,11:32:00,715.00,715.00,715.00,715.00,750,587250
INTELLECT_F1,03/08/2022,11:33:00,714.70,714.70,714.70,714.70,750,581250
INTELLECT_F1,03/08/2022,11:34:00,714.65,714.65,714.65,714.65,750,581250
INTELLECT_F1,03/08/2022,11:35:00,714.00,714.00,714.00,714.00,750,581250
INTELLECT_F1,03/08/2022,11:36:00,714.00,714.00,712.40,712.95,6000,584250
INTELLECT_F1,03/08/2022,11:37:00,714.00,714.00,714.00,714.00,1500,584250
INTELLECT_F1,03/08/2022,11:38:00,713.70,714.00,713.70,714.00,1500,584250
INTELLECT_F1,03/08/2022,11:40:00,714.90,715.30,714.00,714.00,2250,588750
INTELLECT_F1,03/08/2022,11:42:00,712.00,712.00,712.00,712.00,10500,588000
INTELLECT_F1,03/08/2022,11:43:00,713.20,713.20,713.20,713.20,750,588000
INTELLECT_F1,03/08/2022,11:45:00,713.05,713.05,713.05,713.05,1500,583500
INTELLECT_F1,03/08/2022,11:48:00,711.00,711.00,711.00,711.00,750,578250
INTELLECT_F1,03/08/2022,11:49:00,709.95,709.95,709.95,709.95,12000,578250
INTELLECT_F1,03/08/2022,11:50:00,709.80,709.80,709.80,709.80,750,578250
INTELLECT_F1,03/08/2022,11:51:00,708.30,708.30,708.30,708.30,1500,577500
INTELLECT_F1,03/08/2022,11:52:00,708.00,708.00,708.00,708.00,750,577500
INTELLECT_F1,03/08/2022,11:53:00,708.95,708.95,708.95,708.95,750,577500
INTELLECT_F1,03/08/2022,11:54:00,707.00,707.00,707.00,707.00,750,577500
INTELLECT_F1,03/08/2022,11:55:00,707.20,707.20,707.20,707.20,750,577500
INTELLECT_F1,03/08/2022,11:56:00,708.50,708.50,708.50,708.50,750,577500
INTELLECT_F1,03/08/2022,11:58:00,706.40,706.40,706.40,706.40,750,577500
INTELLECT_F1,03/08/2022,12:01:00,706.35,706.35,706.35,706.35,750,577500
INTELLECT_F1,03/08/2022,12:02:00,703.80,703.80,701.00,701.00,12000,577500
INTELLECT_F1,03/08/2022,12:03:00,701.00,707.60,701.00,707.60,10500,584250
INTELLECT_F1,03/08/2022,12:04:00,705.00,705.00,705.00,705.00,5250,584250
INTELLECT_F1,03/08/2022,12:05:00,706.45,706.45,705.00,705.00,1500,584250
INTELLECT_F1,03/08/2022,12:06:00,705.10,705.10,705.10,705.10,1500,585750
INTELLECT_F1,03/08/2022,12:07:00,705.50,705.50,705.50,705.50,750,585750
INTELLECT_F1,03/08/2022,12:12:00,706.05,706.05,704.95,704.95,3000,583500
INTELLECT_F1,03/08/2022,12:14:00,705.45,705.45,705.45,705.45,750,583500
INTELLECT_F1,03/08/2022,12:20:00,708.00,708.00,708.00,708.00,1500,583500
INTELLECT_F1,03/08/2022,12:21:00,707.00,707.00,707.00,707.00,750,585000
INTELLECT_F1,03/08/2022,12:22:00,705.10,705.10,705.10,705.10,4500,585000
INTELLECT_F1,03/08/2022,12:23:00,707.75,707.75,707.75,707.75,750,585000
INTELLECT_F1,03/08/2022,12:27:00,707.95,707.95,707.95,707.95,750,585750
INTELLECT_F1,03/08/2022,12:33:00,707.00,707.00,707.00,707.00,750,585750
INTELLECT_F1,03/08/2022,12:38:00,706.00,706.00,706.00,706.00,1500,585750
INTELLECT_F1,03/08/2022,12:42:00,707.80,707.80,707.80,707.80,750,585750
INTELLECT_F1,03/08/2022,12:48:00,709.10,709.10,709.10,709.10,750,585750
INTELLECT_F1,03/08/2022,12:49:00,708.05,708.05,708.05,708.05,750,585750
INTELLECT_F1,03/08/2022,12:50:00,707.85,707.85,707.85,707.85,750,585750
INTELLECT_F1,03/08/2022,12:53:00,708.60,708.60,708.60,708.60,750,587250
INTELLECT_F1,03/08/2022,13:00:00,708.40,708.40,708.40,708.40,750,587250
INTELLECT_F1,03/08/2022,13:02:00,707.65,707.65,707.65,707.65,1500,587250
INTELLECT_F1,03/08/2022,13:03:00,707.35,707.35,707.35,707.35,5250,586500
INTELLECT_F1,03/08/2022,13:10:00,705.60,705.75,705.60,705.75,3750,583500
INTELLECT_F1,03/08/2022,13:11:00,706.40,706.40,704.85,704.85,3000,583500
INTELLECT_F1,03/08/2022,13:12:00,705.50,706.00,705.50,705.70,3750,582000
INTELLECT_F1,03/08/2022,13:15:00,706.50,706.50,706.50,706.50,750,582000
INTELLECT_F1,03/08/2022,13:26:00,706.75,706.75,706.75,706.75,750,579000
INTELLECT_F1,03/08/2022,13:30:00,703.65,703.65,703.65,703.65,750,579000
INTELLECT_F1,03/08/2022,13:32:00,704.40,704.40,704.40,704.40,750,579000
INTELLECT_F1,03/08/2022,13:33:00,705.95,705.95,704.95,704.95,2250,578250
INTELLECT_F1,03/08/2022,13:34:00,703.40,703.40,703.40,703.40,750,578250
INTELLECT_F1,03/08/2022,13:37:00,706.00,706.00,706.00,706.00,750,579000
INTELLECT_F1,03/08/2022,13:42:00,705.50,706.40,705.50,706.40,3000,579000
INTELLECT_F1,03/08/2022,13:43:00,706.20,706.20,706.20,706.20,2250,579000
INTELLECT_F1,03/08/2022,13:44:00,705.40,705.40,705.00,705.00,3750,579000
INTELLECT_F1,03/08/2022,13:45:00,705.50,705.50,705.50,705.50,3000,576000
INTELLECT_F1,03/08/2022,13:46:00,705.45,705.45,705.45,705.45,1500,576000
INTELLECT_F1,03/08/2022,13:47:00,705.75,705.75,705.75,705.75,3750,576000
INTELLECT_F1,03/08/2022,13:48:00,705.40,705.40,705.25,705.25,1500,576000
INTELLECT_F1,03/08/2022,13:50:00,705.45,705.45,705.45,705.45,750,576000
INTELLECT_F1,03/08/2022,13:51:00,704.45,704.45,704.45,704.45,750,576750
INTELLECT_F1,03/08/2022,13:52:00,704.45,704.80,704.45,704.80,1500,576750
INTELLECT_F1,03/08/2022,13:53:00,705.00,705.00,705.00,705.00,750,576750
INTELLECT_F1,03/08/2022,13:54:00,703.90,703.90,703.90,703.90,750,577500
INTELLECT_F1,03/08/2022,13:56:00,703.85,703.85,703.85,703.85,750,577500
INTELLECT_F1,03/08/2022,13:57:00,704.90,704.90,704.90,704.90,750,578250
INTELLECT_F1,03/08/2022,13:59:00,706.95,707.05,706.95,707.00,4500,578250
INTELLECT_F1,03/08/2022,14:00:00,708.15,708.15,708.15,708.15,750,579750
INTELLECT_F1,03/08/2022,14:01:00,708.80,709.25,708.80,709.25,1500,579750
INTELLECT_F1,03/08/2022,14:02:00,708.95,708.95,708.95,708.95,750,579750
INTELLECT_F1,03/08/2022,14:08:00,709.00,709.00,709.00,709.00,1500,580500
INTELLECT_F1,03/08/2022,14:09:00,709.50,709.50,709.50,709.50,1500,580500
INTELLECT_F1,03/08/2022,14:11:00,710.00,710.00,710.00,710.00,11250,579750
INTELLECT_F1,03/08/2022,14:12:00,710.00,710.00,710.00,710.00,750,579750
INTELLECT_F1,03/08/2022,14:15:00,708.20,708.20,708.00,708.00,2250,576750
INTELLECT_F1,03/08/2022,14:16:00,708.00,708.00,708.00,708.00,750,576750
INTELLECT_F1,03/08/2022,14:17:00,708.85,709.95,708.85,709.95,2250,576750
INTELLECT_F1,03/08/2022,14:18:00,709.95,709.95,709.95,709.95,750,576750
INTELLECT_F1,03/08/2022,14:19:00,709.00,709.00,709.00,709.00,750,576750
INTELLECT_F1,03/08/2022,14:23:00,709.10,709.10,709.10,709.10,750,576000
INTELLECT_F1,03/08/2022,14:27:00,709.00,709.00,709.00,709.00,750,576750
INTELLECT_F1,03/08/2022,14:28:00,710.00,710.00,710.00,710.00,1500,576750
INTELLECT_F1,03/08/2022,14:29:00,710.00,710.00,710.00,710.00,750,576750
INTELLECT_F1,03/08/2022,14:31:00,711.00,711.00,711.00,711.00,750,567000
INTELLECT_F1,03/08/2022,14:32:00,711.00,711.00,711.00,711.00,1500,567000
INTELLECT_F1,03/08/2022,14:34:00,711.00,711.00,711.00,711.00,750,564750
INTELLECT_F1,03/08/2022,14:36:00,711.50,711.50,711.00,711.00,1500,564000
INTELLECT_F1,03/08/2022,14:37:00,712.20,712.20,712.20,712.20,750,564000
INTELLECT_F1,03/08/2022,14:38:00,712.55,712.55,711.10,711.10,2250,564000
INTELLECT_F1,03/08/2022,14:39:00,711.20,711.20,711.20,711.20,6000,564000
INTELLECT_F1,03/08/2022,14:41:00,711.20,711.20,711.20,711.20,750,564750
INTELLECT_F1,03/08/2022,14:42:00,712.15,712.15,712.10,712.10,1500,564750
INTELLECT_F1,03/08/2022,14:46:00,709.55,709.55,709.55,709.55,750,565500
INTELLECT_F1,03/08/2022,14:48:00,712.45,712.45,712.45,712.45,750,565500
INTELLECT_F1,03/08/2022,14:51:00,712.35,712.40,712.35,712.40,1500,564750
INTELLECT_F1,03/08/2022,14:56:00,712.95,712.95,712.95,712.95,750,564000
INTELLECT_F1,03/08/2022,14:57:00,714.00,714.00,714.00,714.00,1500,564000
INTELLECT_F1,03/08/2022,14:58:00,714.90,714.90,714.90,714.90,750,565500
INTELLECT_F1,03/08/2022,14:59:00,714.90,714.90,713.00,713.00,2250,565500
INTELLECT_F1,03/08/2022,15:01:00,714.80,714.80,714.80,714.80,750,564750
INTELLECT_F1,03/08/2022,15:02:00,712.65,712.65,712.65,712.65,750,564750
INTELLECT_F1,03/08/2022,15:03:00,714.00,714.00,714.00,714.00,750,564750
INTELLECT_F1,03/08/2022,15:04:00,714.45,714.45,714.45,714.45,750,564750
INTELLECT_F1,03/08/2022,15:06:00,713.10,713.10,713.10,713.10,750,564750
INTELLECT_F1,03/08/2022,15:07:00,712.55,716.40,712.55,716.40,9750,564750
INTELLECT_F1,03/08/2022,15:08:00,716.35,716.35,715.05,715.05,1500,564750
INTELLECT_F1,03/08/2022,15:10:00,715.35,715.35,715.35,715.35,750,569250
INTELLECT_F1,03/08/2022,15:11:00,715.05,715.05,715.00,715.00,4500,569250
INTELLECT_F1,03/08/2022,15:12:00,713.00,713.00,713.00,713.00,750,570750
INTELLECT_F1,03/08/2022,15:13:00,714.75,714.95,714.55,714.95,2250,570750
INTELLECT_F1,03/08/2022,15:16:00,712.75,713.40,712.75,713.40,3000,571500
INTELLECT_F1,03/08/2022,15:17:00,714.90,714.90,714.10,714.10,2250,571500
INTELLECT_F1,03/08/2022,15:18:00,714.20,714.20,714.20,714.20,750,571500
INTELLECT_F1,03/08/2022,15:20:00,714.15,714.15,712.15,712.15,11250,573750
INTELLECT_F1,03/08/2022,15:21:00,712.10,712.10,711.95,711.95,1500,573750
INTELLECT_F1,03/08/2022,15:23:00,712.50,712.50,711.95,711.95,1500,579750
INTELLECT_F1,03/08/2022,15:24:00,712.80,713.55,712.80,713.55,2250,580500
INTELLECT_F1,03/08/2022,15:27:00,711.40,711.40,711.35,711.35,1500,579750
INTELLECT_F1,03/08/2022,15:28:00,711.20,711.20,711.20,711.20,3750,579750
INTELLECT_F1,03/08/2022,15:29:00,711.85,711.85,711.50,711.50,6000,579750
INTELLECT_F1,03/08/2022,15:30:00,711.00,711.00,711.00,711.00,750,579750
INTELLECT_F1,03/09/2022,09:15:00,716.90,716.90,716.90,716.90,751,573750
INTELLECT_F1,03/09/2022,09:16:00,717.00,717.00,717.00,717.00,750,573750
INTELLECT_F1,03/09/2022,09:17:00,719.35,719.35,712.20,712.20,15000,574500
INTELLECT_F1,03/09/2022,09:18:00,713.25,714.25,713.25,713.50,9750,574500
INTELLECT_F1,03/09/2022,09:19:00,714.00,715.15,711.80,715.15,21000,574500
INTELLECT_F1,03/09/2022,09:20:00,715.20,715.20,715.20,715.20,3750,574500
INTELLECT_F1,03/09/2022,09:22:00,720.00,720.35,720.00,720.25,6000,588000
INTELLECT_F1,03/09/2022,09:23:00,720.00,720.00,719.70,719.70,1500,585000
INTELLECT_F1,03/09/2022,09:24:00,719.70,719.70,718.05,718.05,2250,585000
INTELLECT_F1,03/09/2022,09:25:00,716.50,716.50,716.50,716.50,750,585000
INTELLECT_F1,03/09/2022,09:26:00,717.20,718.60,717.20,718.60,3750,585000
INTELLECT_F1,03/09/2022,09:28:00,719.25,719.25,719.00,719.00,1500,585000
INTELLECT_F1,03/09/2022,09:31:00,715.80,715.80,715.80,715.80,2250,585000
INTELLECT_F1,03/09/2022,09:32:00,714.25,714.25,714.25,714.25,1500,585000
INTELLECT_F1,03/09/2022,09:33:00,716.75,716.75,716.75,716.75,3000,585000
INTELLECT_F1,03/09/2022,09:37:00,717.90,717.90,717.90,717.90,2250,585750
INTELLECT_F1,03/09/2022,09:38:00,718.95,718.95,718.95,718.95,750,585750
INTELLECT_F1,03/09/2022,09:39:00,719.00,719.00,718.40,718.40,1500,585750
INTELLECT_F1,03/09/2022,09:40:00,718.00,718.00,718.00,718.00,750,585750
INTELLECT_F1,03/09/2022,09:42:00,714.55,714.55,714.55,714.55,750,584250
INTELLECT_F1,03/09/2022,09:43:00,715.50,715.50,715.50,715.50,750,584250
INTELLECT_F1,03/09/2022,09:46:00,717.30,717.30,717.30,717.30,750,582750
INTELLECT_F1,03/09/2022,09:49:00,716.40,716.40,716.40,716.40,750,582750
INTELLECT_F1,03/09/2022,09:50:00,716.10,716.10,716.10,716.10,750,582750
INTELLECT_F1,03/09/2022,09:52:00,716.00,716.00,716.00,716.00,750,582750
INTELLECT_F1,03/09/2022,09:53:00,715.15,715.15,715.15,715.15,1500,582750
INTELLECT_F1,03/09/2022,09:57:00,719.30,719.45,719.30,719.45,1500,582000
INTELLECT_F1,03/09/2022,09:58:00,719.50,719.50,718.40,718.40,3750,582000
INTELLECT_F1,03/09/2022,09:59:00,720.00,720.00,720.00,720.00,1500,582000
INTELLECT_F1,03/09/2022,10:04:00,722.50,722.50,722.50,722.50,2250,580500
INTELLECT_F1,03/09/2022,10:05:00,723.00,724.50,723.00,724.50,1500,582000
INTELLECT_F1,03/09/2022,10:06:00,724.50,724.50,723.50,723.50,3750,582000
INTELLECT_F1,03/09/2022,10:10:00,722.55,722.55,722.55,722.55,750,582750
INTELLECT_F1,03/09/2022,10:11:00,723.00,723.00,722.40,722.40,3750,580500
INTELLECT_F1,03/09/2022,10:12:00,722.15,722.15,722.15,722.15,750,580500
INTELLECT_F1,03/09/2022,10:13:00,723.50,723.50,723.50,723.50,750,580500
INTELLECT_F1,03/09/2022,10:16:00,724.00,724.00,724.00,724.00,750,577500
INTELLECT_F1,03/09/2022,10:17:00,724.00,724.00,724.00,724.00,750,577500
INTELLECT_F1,03/09/2022,10:23:00,723.00,723.00,723.00,723.00,3000,576750
INTELLECT_F1,03/09/2022,10:30:00,722.00,722.00,722.00,722.00,750,576000
INTELLECT_F1,03/09/2022,10:31:00,721.65,721.65,721.65,721.65,1500,576000
INTELLECT_F1,03/09/2022,10:32:00,723.45,723.45,723.45,723.45,750,576000
INTELLECT_F1,03/09/2022,10:33:00,721.70,721.70,721.70,721.70,3750,576000
INTELLECT_F1,03/09/2022,10:34:00,721.70,721.70,721.70,721.70,1500,576000
INTELLECT_F1,03/09/2022,10:39:00,721.30,721.30,721.30,721.30,750,570750
INTELLECT_F1,03/09/2022,10:44:00,721.00,721.00,721.00,721.00,2250,571500
INTELLECT_F1,03/09/2022,10:49:00,720.05,720.05,720.05,720.05,750,570000
INTELLECT_F1,03/09/2022,10:52:00,720.05,723.60,720.05,720.60,5250,569250
INTELLECT_F1,03/09/2022,10:58:00,720.80,720.80,720.00,720.00,1500,567000
INTELLECT_F1,03/09/2022,11:01:00,720.00,720.00,720.00,720.00,750,567000
INTELLECT_F1,03/09/2022,11:02:00,720.05,720.05,720.05,720.05,750,567000
INTELLECT_F1,03/09/2022,11:08:00,719.75,719.75,719.30,719.30,1500,567000
INTELLECT_F1,03/09/2022,11:09:00,720.00,721.45,720.00,721.45,9750,567000
INTELLECT_F1,03/09/2022,11:13:00,721.50,721.50,721.50,721.50,2250,568500
INTELLECT_F1,03/09/2022,11:15:00,721.35,721.35,721.35,721.35,3000,570000
INTELLECT_F1,03/09/2022,11:16:00,720.40,720.40,720.40,720.40,9000,570000
INTELLECT_F1,03/09/2022,11:19:00,720.10,720.10,720.10,720.10,750,573000
INTELLECT_F1,03/09/2022,11:20:00,720.00,720.00,720.00,720.00,750,573000
INTELLECT_F1,03/09/2022,11:21:00,719.75,719.75,719.75,719.75,750,573000
INTELLECT_F1,03/09/2022,11:24:00,718.20,718.20,718.20,718.20,750,573000
INTELLECT_F1,03/09/2022,11:25:00,719.20,719.20,719.20,719.20,750,573000
INTELLECT_F1,03/09/2022,11:29:00,718.00,718.00,718.00,718.00,750,573750
INTELLECT_F1,03/09/2022,11:38:00,718.00,718.00,718.00,718.00,1500,570750
INTELLECT_F1,03/09/2022,11:40:00,720.00,720.00,720.00,720.00,750,570750
INTELLECT_F1,03/09/2022,11:47:00,720.35,720.35,720.35,720.35,750,570750
INTELLECT_F1,03/09/2022,11:55:00,721.00,721.00,721.00,721.00,750,570000
INTELLECT_F1,03/09/2022,11:59:00,721.65,721.65,721.65,721.65,1500,569250
INTELLECT_F1,03/09/2022,12:00:00,722.95,722.95,722.95,722.95,750,569250
INTELLECT_F1,03/09/2022,12:13:00,722.00,722.00,722.00,722.00,1500,569250
INTELLECT_F1,03/09/2022,12:19:00,723.00,725.00,723.00,725.00,1500,569250
INTELLECT_F1,03/09/2022,12:21:00,725.00,725.00,725.00,725.00,750,567750
INTELLECT_F1,03/09/2022,12:22:00,723.10,723.10,723.10,723.10,750,567750
INTELLECT_F1,03/09/2022,12:25:00,722.75,722.75,722.30,722.30,2250,567000
INTELLECT_F1,03/09/2022,12:26:00,722.90,722.90,722.90,722.90,750,567000
INTELLECT_F1,03/09/2022,12:28:00,725.95,725.95,725.95,725.95,3000,565500
INTELLECT_F1,03/09/2022,12:29:00,726.00,726.00,726.00,726.00,2250,565500
INTELLECT_F1,03/09/2022,12:30:00,726.00,726.00,726.00,726.00,2250,563250
INTELLECT_F1,03/09/2022,12:31:00,726.00,726.00,726.00,726.00,2250,563250
INTELLECT_F1,03/09/2022,12:32:00,726.40,726.40,726.40,726.40,3000,563250
INTELLECT_F1,03/09/2022,12:33:00,728.60,728.60,728.60,728.60,3000,562500
INTELLECT_F1,03/09/2022,12:34:00,728.95,728.95,728.95,728.95,1500,562500
INTELLECT_F1,03/09/2022,12:35:00,727.10,727.10,727.10,727.10,2250,562500
INTELLECT_F1,03/09/2022,12:36:00,726.95,726.95,726.95,726.95,750,564750
INTELLECT_F1,03/09/2022,12:37:00,725.85,725.85,725.85,725.85,3750,564750
INTELLECT_F1,03/09/2022,12:38:00,726.25,726.85,726.25,726.85,9750,564750
INTELLECT_F1,03/09/2022,12:39:00,726.50,726.50,726.50,726.50,750,564000
INTELLECT_F1,03/09/2022,12:40:00,726.00,727.30,726.00,727.30,3750,564000
INTELLECT_F1,03/09/2022,12:47:00,726.40,726.40,724.65,724.65,1500,564000
INTELLECT_F1,03/09/2022,12:49:00,726.90,726.90,726.90,726.90,750,563250
INTELLECT_F1,03/09/2022,12:50:00,726.50,726.50,726.50,726.50,750,563250
INTELLECT_F1,03/09/2022,12:59:00,727.00,727.00,727.00,727.00,750,561750
INTELLECT_F1,03/09/2022,13:02:00,728.00,729.00,728.00,729.00,4500,561000
INTELLECT_F1,03/09/2022,13:03:00,729.50,729.50,729.50,729.50,750,562500
INTELLECT_F1,03/09/2022,13:04:00,730.00,731.95,730.00,731.95,6750,562500
INTELLECT_F1,03/09/2022,13:05:00,731.95,731.95,730.20,730.20,3000,562500
INTELLECT_F1,03/09/2022,13:07:00,731.95,731.95,731.95,731.95,750,564750
INTELLECT_F1,03/09/2022,13:09:00,730.00,730.00,730.00,730.00,750,564750
INTELLECT_F1,03/09/2022,13:16:00,727.75,727.75,727.75,727.75,750,564750
INTELLECT_F1,03/09/2022,13:17:00,727.55,727.55,727.55,727.55,1500,564750
INTELLECT_F1,03/09/2022,13:21:00,730.30,730.30,730.30,730.30,750,564000
INTELLECT_F1,03/09/2022,13:23:00,730.00,730.00,730.00,730.00,750,564750
INTELLECT_F1,03/09/2022,13:26:00,728.50,728.50,728.50,728.50,750,564750
INTELLECT_F1,03/09/2022,13:28:00,727.00,727.00,726.85,726.85,5250,564750
INTELLECT_F1,03/09/2022,13:29:00,726.45,726.45,725.10,725.10,2250,564750
INTELLECT_F1,03/09/2022,13:31:00,725.00,725.00,725.00,725.00,1500,567750
INTELLECT_F1,03/09/2022,13:32:00,722.50,722.50,722.50,722.50,3000,567750
INTELLECT_F1,03/09/2022,13:33:00,722.00,722.00,722.00,722.00,1500,567750
INTELLECT_F1,03/09/2022,13:40:00,724.00,724.00,724.00,724.00,1500,566250
INTELLECT_F1,03/09/2022,13:41:00,724.95,724.95,724.95,724.95,3000,566250
INTELLECT_F1,03/09/2022,13:47:00,723.00,723.00,723.00,723.00,1500,566250
INTELLECT_F1,03/09/2022,13:48:00,722.80,722.80,722.80,722.80,750,566250
INTELLECT_F1,03/09/2022,13:55:00,725.00,725.00,725.00,725.00,2250,565500
INTELLECT_F1,03/09/2022,13:57:00,725.40,725.40,725.40,725.40,1500,566250
INTELLECT_F1,03/09/2022,14:00:00,725.00,725.00,725.00,725.00,2250,566250
INTELLECT_F1,03/09/2022,14:03:00,725.10,725.10,725.10,725.10,750,567000
INTELLECT_F1,03/09/2022,14:04:00,725.50,725.50,725.50,725.50,750,567000
INTELLECT_F1,03/09/2022,14:12:00,724.00,724.00,724.00,724.00,7500,567750
INTELLECT_F1,03/09/2022,14:13:00,723.60,723.60,723.60,723.60,1500,566250
INTELLECT_F1,03/09/2022,14:14:00,720.00,720.00,720.00,720.00,19500,566250
INTELLECT_F1,03/09/2022,14:15:00,719.75,721.45,719.75,719.95,6000,559500
INTELLECT_F1,03/09/2022,14:16:00,720.00,720.00,719.95,719.95,4500,559500
INTELLECT_F1,03/09/2022,14:17:00,719.00,719.00,719.00,719.00,2250,559500
INTELLECT_F1,03/09/2022,14:19:00,719.00,719.00,716.40,716.40,5250,557250
INTELLECT_F1,03/09/2022,14:21:00,718.00,718.00,718.00,718.00,5250,556500
INTELLECT_F1,03/09/2022,14:22:00,718.80,719.95,718.80,719.95,3750,556500
INTELLECT_F1,03/09/2022,14:23:00,718.40,718.40,718.40,718.40,750,556500
INTELLECT_F1,03/09/2022,14:24:00,720.00,720.00,720.00,720.00,1500,555750
INTELLECT_F1,03/09/2022,14:26:00,723.00,723.00,723.00,723.00,1500,555750
INTELLECT_F1,03/09/2022,14:28:00,722.00,722.00,721.00,721.00,4500,555750
INTELLECT_F1,03/09/2022,14:30:00,722.00,722.00,722.00,722.00,750,555750
INTELLECT_F1,03/09/2022,14:31:00,721.00,722.35,721.00,722.35,1500,557250
INTELLECT_F1,03/09/2022,14:32:00,721.00,721.00,721.00,721.00,750,557250
INTELLECT_F1,03/09/2022,14:33:00,719.50,719.50,718.50,718.80,3000,558750
INTELLECT_F1,03/09/2022,14:46:00,719.95,719.95,719.95,719.95,750,558000
INTELLECT_F1,03/09/2022,14:48:00,719.95,719.95,719.95,719.95,750,558000
INTELLECT_F1,03/09/2022,14:50:00,720.00,720.00,720.00,720.00,750,558000
INTELLECT_F1,03/09/2022,14:54:00,722.00,722.00,722.00,722.00,750,538500
INTELLECT_F1,03/09/2022,15:00:00,721.00,721.95,721.00,721.95,3000,537000
INTELLECT_F1,03/09/2022,15:01:00,720.10,720.10,720.10,720.10,1500,537000
INTELLECT_F1,03/09/2022,15:02:00,720.10,720.10,720.10,720.10,1500,537000
INTELLECT_F1,03/09/2022,15:03:00,720.05,720.05,720.05,720.05,750,537000
INTELLECT_F1,03/09/2022,15:04:00,721.40,721.40,721.40,721.40,750,535500
INTELLECT_F1,03/09/2022,15:05:00,720.00,720.00,720.00,720.00,1500,535500
INTELLECT_F1,03/09/2022,15:07:00,717.00,717.00,717.00,717.00,1500,534750
INTELLECT_F1,03/09/2022,15:08:00,716.20,716.20,716.00,716.00,2250,534750
INTELLECT_F1,03/09/2022,15:09:00,718.30,718.30,718.30,718.30,750,534750
INTELLECT_F1,03/09/2022,15:10:00,719.20,719.20,719.20,719.20,750,532500
INTELLECT_F1,03/09/2022,15:11:00,718.55,719.35,718.25,718.25,4500,532500
INTELLECT_F1,03/09/2022,15:12:00,719.65,719.65,719.65,719.65,1500,532500
INTELLECT_F1,03/09/2022,15:14:00,723.50,723.50,723.50,723.50,1500,531750
INTELLECT_F1,03/09/2022,15:15:00,723.50,723.50,723.50,723.50,1500,531750
INTELLECT_F1,03/09/2022,15:16:00,723.00,723.00,723.00,723.00,750,531750
INTELLECT_F1,03/09/2022,15:17:00,723.35,723.80,723.35,723.80,1500,531750
INTELLECT_F1,03/09/2022,15:18:00,723.20,723.20,723.20,723.20,750,531750
INTELLECT_F1,03/09/2022,15:20:00,723.35,723.35,723.35,723.35,750,531750
INTELLECT_F1,03/09/2022,15:21:00,723.35,723.35,723.35,723.35,750,531000
INTELLECT_F1,03/09/2022,15:23:00,723.30,723.30,723.30,723.30,750,531000
INTELLECT_F1,03/09/2022,15:24:00,723.00,724.00,721.85,724.00,9750,531750
INTELLECT_F1,03/09/2022,15:25:00,721.45,725.00,721.45,725.00,6000,531750
INTELLECT_F1,03/09/2022,15:26:00,725.50,725.50,725.50,725.50,750,531750
INTELLECT_F1,03/09/2022,15:27:00,724.20,724.20,724.20,724.20,750,531750
INTELLECT_F1,03/09/2022,15:28:00,724.20,724.20,722.20,722.20,2250,539250
INTELLECT_F1,03/09/2022,15:29:00,725.85,725.85,725.40,725.40,3000,539250
INTELLECT_F1,03/10/2022,09:15:00,733.05,735.00,733.05,735.00,1501,534000
INTELLECT_F1,03/10/2022,09:16:00,735.05,735.05,735.05,735.05,2250,534000
INTELLECT_F1,03/10/2022,09:18:00,733.40,733.40,733.40,733.40,1500,534000
INTELLECT_F1,03/10/2022,09:20:00,731.50,731.50,731.50,731.50,8250,534000
INTELLECT_F1,03/10/2022,09:22:00,729.85,729.85,729.85,729.85,1500,538500
INTELLECT_F1,03/10/2022,09:23:00,729.50,729.50,729.50,729.50,750,538500
INTELLECT_F1,03/10/2022,09:27:00,727.95,727.95,727.95,727.95,8250,537000
INTELLECT_F1,03/10/2022,09:28:00,730.15,730.15,730.00,730.00,3750,537000
INTELLECT_F1,03/10/2022,09:36:00,727.25,727.25,727.25,727.25,750,532500
INTELLECT_F1,03/10/2022,09:37:00,727.25,727.25,727.25,727.25,750,532500
INTELLECT_F1,03/10/2022,09:44:00,727.00,727.00,727.00,727.00,750,531000
INTELLECT_F1,03/10/2022,09:47:00,727.00,727.00,727.00,727.00,1500,530250
INTELLECT_F1,03/10/2022,09:51:00,727.50,727.50,727.50,727.50,750,530250
INTELLECT_F1,03/10/2022,09:52:00,727.00,727.00,727.00,727.00,1500,530250
INTELLECT_F1,03/10/2022,10:01:00,727.25,727.25,727.25,727.25,750,529500
INTELLECT_F1,03/10/2022,10:06:00,727.15,727.15,727.15,727.15,750,528750
INTELLECT_F1,03/10/2022,10:07:00,726.20,726.20,726.20,726.20,750,528750
INTELLECT_F1,03/10/2022,10:10:00,725.70,725.70,725.70,725.70,750,528750
INTELLECT_F1,03/10/2022,10:13:00,725.65,725.65,725.65,725.65,750,528750
INTELLECT_F1,03/10/2022,10:14:00,725.65,725.75,725.65,725.75,3000,528000
INTELLECT_F1,03/10/2022,10:16:00,725.90,725.90,725.90,725.90,750,527250
INTELLECT_F1,03/10/2022,10:17:00,725.05,725.05,725.00,725.00,2250,527250
INTELLECT_F1,03/10/2022,10:26:00,725.00,725.00,725.00,725.00,3750,528000
INTELLECT_F1,03/10/2022,10:27:00,727.80,727.80,727.80,727.80,3000,528000
INTELLECT_F1,03/10/2022,10:28:00,727.80,727.80,727.80,727.80,750,528000
INTELLECT_F1,03/10/2022,10:32:00,726.70,726.70,726.70,726.70,750,529500
INTELLECT_F1,03/10/2022,10:33:00,726.10,726.10,726.10,726.10,3000,529500
INTELLECT_F1,03/10/2022,10:36:00,726.00,726.00,726.00,726.00,750,530250
INTELLECT_F1,03/10/2022,10:39:00,726.00,726.00,726.00,726.00,750,527250
INTELLECT_F1,03/10/2022,10:43:00,726.00,726.00,726.00,726.00,1500,527250
INTELLECT_F1,03/10/2022,10:50:00,725.95,725.95,725.95,725.95,750,527250
INTELLECT_F1,03/10/2022,10:51:00,725.30,725.30,725.30,725.30,750,527250
INTELLECT_F1,03/10/2022,11:02:00,725.85,726.25,725.85,726.25,5250,528750
INTELLECT_F1,03/10/2022,11:03:00,726.50,727.35,726.50,727.20,5250,534000
INTELLECT_F1,03/10/2022,11:04:00,726.75,726.75,726.75,726.75,8250,534000
INTELLECT_F1,03/10/2022,11:05:00,723.90,726.30,723.90,725.55,15000,534000
INTELLECT_F1,03/10/2022,11:06:00,724.30,725.50,724.30,725.50,5250,529500
INTELLECT_F1,03/10/2022,11:07:00,725.70,726.90,725.70,726.90,3750,529500
INTELLECT_F1,03/10/2022,11:08:00,726.55,726.55,725.50,725.95,4500,529500
INTELLECT_F1,03/10/2022,11:09:00,726.50,726.50,725.85,725.85,2250,533250
INTELLECT_F1,03/10/2022,11:13:00,727.00,727.00,727.00,727.00,750,533250
INTELLECT_F1,03/10/2022,11:20:00,727.10,727.10,727.10,727.10,750,528000
INTELLECT_F1,03/10/2022,11:21:00,725.60,725.60,725.60,725.60,1500,526500
INTELLECT_F1,03/10/2022,11:27:00,725.90,725.90,725.90,725.90,1500,526500
INTELLECT_F1,03/10/2022,11:31:00,721.75,721.75,719.65,719.65,15000,526500
INTELLECT_F1,03/10/2022,11:32:00,718.35,718.35,718.35,718.35,3750,526500
INTELLECT_F1,03/10/2022,11:33:00,718.35,718.35,714.40,714.40,9000,516000
INTELLECT_F1,03/10/2022,11:34:00,711.75,711.75,711.75,711.75,3750,516000
INTELLECT_F1,03/10/2022,11:35:00,713.85,713.85,713.85,713.85,750,516000
INTELLECT_F1,03/10/2022,11:37:00,714.75,714.75,714.75,714.75,750,515250
INTELLECT_F1,03/10/2022,11:38:00,714.10,714.10,714.10,714.10,750,515250
INTELLECT_F1,03/10/2022,11:39:00,714.80,717.00,714.80,717.00,3750,517500
INTELLECT_F1,03/10/2022,11:40:00,716.00,716.00,716.00,716.00,2250,517500
INTELLECT_F1,03/10/2022,11:41:00,716.40,716.40,716.40,716.40,750,517500
INTELLECT_F1,03/10/2022,11:42:00,717.20,717.20,717.20,717.20,750,520500
INTELLECT_F1,03/10/2022,11:43:00,715.10,715.85,715.10,715.85,9000,520500
INTELLECT_F1,03/10/2022,11:44:00,717.25,717.25,717.25,717.25,9750,520500
INTELLECT_F1,03/10/2022,11:45:00,716.00,716.00,716.00,716.00,11250,513750
INTELLECT_F1,03/10/2022,11:48:00,716.75,716.75,716.75,716.75,1500,513750
INTELLECT_F1,03/10/2022,11:50:00,715.25,715.25,715.25,715.25,750,512250
INTELLECT_F1,03/10/2022,11:51:00,716.50,716.50,716.50,716.50,750,512250
INTELLECT_F1,03/10/2022,11:52:00,717.05,717.90,717.05,717.20,3750,512250
INTELLECT_F1,03/10/2022,11:53:00,717.40,719.30,717.40,718.95,5250,512250
INTELLECT_F1,03/10/2022,11:54:00,718.40,718.40,717.95,717.95,2250,513000
INTELLECT_F1,03/10/2022,11:59:00,718.00,719.05,718.00,719.05,3000,512250
INTELLECT_F1,03/10/2022,12:02:00,718.05,718.05,718.05,718.05,750,511500
INTELLECT_F1,03/10/2022,12:05:00,718.00,719.40,718.00,719.40,7500,511500
INTELLECT_F1,03/10/2022,12:06:00,719.65,719.65,718.80,718.80,9000,516000
INTELLECT_F1,03/10/2022,12:07:00,718.05,718.05,718.05,718.05,3000,516000
INTELLECT_F1,03/10/2022,12:08:00,717.85,717.85,717.85,717.85,2250,516000
INTELLECT_F1,03/10/2022,12:12:00,719.00,719.00,719.00,719.00,750,509250
INTELLECT_F1,03/10/2022,12:24:00,721.75,721.75,721.75,721.75,750,509250
INTELLECT_F1,03/10/2022,12:34:00,723.80,723.80,723.80,723.80,1500,508500
INTELLECT_F1,03/10/2022,12:38:00,723.00,723.00,723.00,723.00,750,509250
INTELLECT_F1,03/10/2022,12:39:00,724.20,724.20,724.20,724.20,750,507000
INTELLECT_F1,03/10/2022,12:40:00,724.20,724.20,723.70,723.70,4500,507000
INTELLECT_F1,03/10/2022,12:41:00,723.65,723.80,723.65,723.80,5250,507000
INTELLECT_F1,03/10/2022,12:42:00,723.45,723.45,723.45,723.45,3000,507000
INTELLECT_F1,03/10/2022,12:52:00,722.05,722.05,722.05,722.05,1500,511500
INTELLECT_F1,03/10/2022,12:53:00,720.80,720.80,720.80,720.80,750,511500
INTELLECT_F1,03/10/2022,13:08:00,718.55,718.55,718.55,718.55,750,510750
INTELLECT_F1,03/10/2022,13:15:00,720.95,720.95,720.95,720.95,750,510750
INTELLECT_F1,03/10/2022,13:20:00,720.95,720.95,720.95,720.95,750,511500
INTELLECT_F1,03/10/2022,13:21:00,721.20,721.20,721.20,721.20,1500,511500
INTELLECT_F1,03/10/2022,13:23:00,722.00,722.00,722.00,722.00,2250,512250
INTELLECT_F1,03/10/2022,13:29:00,721.85,723.25,721.85,723.25,4500,512250
INTELLECT_F1,03/10/2022,13:38:00,723.00,723.00,723.00,723.00,750,513750
INTELLECT_F1,03/10/2022,13:40:00,723.35,723.35,723.35,723.35,750,513750
INTELLECT_F1,03/10/2022,13:45:00,725.00,725.00,725.00,725.00,750,513750
INTELLECT_F1,03/10/2022,13:46:00,725.65,725.65,725.65,725.65,750,513750
INTELLECT_F1,03/10/2022,13:48:00,726.10,726.10,726.10,726.10,2250,513750
INTELLECT_F1,03/10/2022,13:49:00,725.90,726.90,725.90,726.90,1500,513750
INTELLECT_F1,03/10/2022,13:50:00,725.65,725.65,725.05,725.05,3000,513750
INTELLECT_F1,03/10/2022,13:51:00,722.50,722.50,722.50,722.50,6000,513750
INTELLECT_F1,03/10/2022,13:58:00,718.80,718.80,718.80,718.80,1500,512250
INTELLECT_F1,03/10/2022,14:00:00,720.50,720.50,720.50,720.50,750,512250
INTELLECT_F1,03/10/2022,14:01:00,721.50,721.50,721.50,721.50,1500,512250
INTELLECT_F1,03/10/2022,14:02:00,721.65,721.65,721.65,721.65,1500,512250
INTELLECT_F1,03/10/2022,14:04:00,720.95,720.95,720.95,720.95,750,514500
INTELLECT_F1,03/10/2022,14:11:00,721.30,721.30,721.30,721.30,750,513000
INTELLECT_F1,03/10/2022,14:16:00,720.85,720.85,720.85,720.85,1500,513000
INTELLECT_F1,03/10/2022,14:18:00,721.40,721.40,721.40,721.40,750,513000
INTELLECT_F1,03/10/2022,14:20:00,722.05,722.05,722.05,722.05,1500,513000
INTELLECT_F1,03/10/2022,14:28:00,721.45,721.45,721.45,721.45,750,514500
INTELLECT_F1,03/10/2022,14:29:00,721.90,721.90,721.90,721.90,1500,514500
INTELLECT_F1,03/10/2022,14:30:00,721.70,721.70,721.70,721.70,750,514500
INTELLECT_F1,03/10/2022,14:36:00,723.00,723.00,723.00,723.00,1500,515250
INTELLECT_F1,03/10/2022,14:38:00,724.00,724.00,724.00,724.00,1500,516000
INTELLECT_F1,03/10/2022,14:41:00,724.70,724.70,724.70,724.70,750,516000
INTELLECT_F1,03/10/2022,14:45:00,724.55,724.55,724.55,724.55,1500,516750
INTELLECT_F1,03/10/2022,14:46:00,726.00,726.00,726.00,726.00,3000,516000
INTELLECT_F1,03/10/2022,14:48:00,725.45,725.45,725.45,725.45,750,516000
INTELLECT_F1,03/10/2022,14:52:00,724.60,724.60,724.60,724.60,2250,518250
INTELLECT_F1,03/10/2022,14:57:00,724.60,724.60,724.60,724.60,750,519000
INTELLECT_F1,03/10/2022,14:58:00,724.05,724.05,724.05,724.05,3000,519000
INTELLECT_F1,03/10/2022,15:04:00,721.75,721.75,721.75,721.75,750,519750
INTELLECT_F1,03/10/2022,15:08:00,720.90,720.90,720.90,720.90,750,520500
INTELLECT_F1,03/10/2022,15:09:00,723.05,723.05,723.05,723.05,750,520500
INTELLECT_F1,03/10/2022,15:10:00,723.00,723.00,723.00,723.00,750,519000
INTELLECT_F1,03/10/2022,15:13:00,723.90,724.95,723.90,724.95,3750,519750
INTELLECT_F1,03/10/2022,15:14:00,725.00,725.00,724.75,724.75,1500,519750
INTELLECT_F1,03/10/2022,15:16:00,723.50,723.50,723.50,723.50,3000,521250
INTELLECT_F1,03/10/2022,15:19:00,723.30,723.30,722.50,722.50,2250,522000
INTELLECT_F1,03/10/2022,15:20:00,721.80,721.80,721.75,721.75,2250,522000
INTELLECT_F1,03/10/2022,15:21:00,721.05,721.05,720.25,720.25,3000,522000
INTELLECT_F1,03/10/2022,15:22:00,720.25,720.25,720.25,720.25,750,521250
INTELLECT_F1,03/10/2022,15:24:00,719.50,719.50,719.50,719.50,750,521250
INTELLECT_F1,03/10/2022,15:28:00,720.50,720.50,720.50,720.50,2250,522000
INTELLECT_F1,03/10/2022,15:29:00,721.70,721.70,721.70,721.70,1500,522000
INTELLECT_F1,03/11/2022,09:15:00,712.35,712.35,712.35,712.35,751,515250
INTELLECT_F1,03/11/2022,09:16:00,717.95,717.95,717.95,717.95,2250,515250
INTELLECT_F1,03/11/2022,09:17:00,719.00,719.00,716.25,716.25,9750,517500
INTELLECT_F1,03/11/2022,09:18:00,715.90,716.50,715.90,716.50,14250,517500
INTELLECT_F1,03/11/2022,09:19:00,721.25,722.75,721.25,722.75,15000,517500
INTELLECT_F1,03/11/2022,09:20:00,720.45,724.70,720.45,723.05,18750,522750
INTELLECT_F1,03/11/2022,09:21:00,722.70,724.90,720.05,724.90,10500,522750
INTELLECT_F1,03/11/2022,09:22:00,727.45,727.45,727.45,727.45,1500,522750
INTELLECT_F1,03/11/2022,09:24:00,727.45,730.50,727.45,730.50,1500,524250
INTELLECT_F1,03/11/2022,09:26:00,730.50,730.50,729.20,729.20,2250,525000
INTELLECT_F1,03/11/2022,09:28:00,727.75,727.75,727.75,727.75,750,525000
INTELLECT_F1,03/11/2022,09:31:00,731.05,731.05,731.05,731.05,2250,524250
INTELLECT_F1,03/11/2022,09:40:00,722.80,722.80,722.80,722.80,750,525750
INTELLECT_F1,03/11/2022,09:41:00,722.00,722.00,722.00,722.00,750,525750
INTELLECT_F1,03/11/2022,09:42:00,722.40,722.40,722.40,722.40,2250,525750
INTELLECT_F1,03/11/2022,09:44:00,723.65,723.65,723.65,723.65,3000,527250
INTELLECT_F1,03/11/2022,09:51:00,722.10,722.10,722.10,722.10,1500,528750
INTELLECT_F1,03/11/2022,09:52:00,720.75,720.75,720.75,720.75,750,528750
INTELLECT_F1,03/11/2022,09:57:00,721.00,721.00,721.00,721.00,750,528750
INTELLECT_F1,03/11/2022,09:58:00,721.45,721.45,721.45,721.45,750,528750
INTELLECT_F1,03/11/2022,10:00:00,722.50,723.60,722.50,723.60,1500,529500
INTELLECT_F1,03/11/2022,10:02:00,724.85,726.85,724.85,726.85,3750,529500
INTELLECT_F1,03/11/2022,10:05:00,726.85,726.85,726.85,726.85,750,528750
INTELLECT_F1,03/11/2022,10:07:00,725.95,725.95,725.95,725.95,750,528750
INTELLECT_F1,03/11/2022,10:09:00,725.95,725.95,725.20,725.20,1500,528750
INTELLECT_F1,03/11/2022,10:11:00,725.00,725.00,725.00,725.00,750,528000
INTELLECT_F1,03/11/2022,10:12:00,725.00,725.00,725.00,725.00,750,528000
INTELLECT_F1,03/11/2022,10:14:00,724.50,724.50,724.50,724.50,750,528000
INTELLECT_F1,03/11/2022,10:17:00,724.75,724.75,724.05,724.05,2250,530250
INTELLECT_F1,03/11/2022,10:18:00,724.55,724.55,724.00,724.00,1500,530250
INTELLECT_F1,03/11/2022,10:19:00,723.90,723.90,723.90,723.90,750,530250
INTELLECT_F1,03/11/2022,10:21:00,724.60,724.60,724.60,724.60,750,531750
INTELLECT_F1,03/11/2022,10:23:00,725.05,725.05,725.05,725.05,750,531750
INTELLECT_F1,03/11/2022,10:25:00,720.00,722.65,720.00,722.65,7500,532500
INTELLECT_F1,03/11/2022,10:26:00,721.60,721.60,721.60,721.60,750,536250
INTELLECT_F1,03/11/2022,10:27:00,722.45,722.45,722.45,722.45,750,536250
INTELLECT_F1,03/11/2022,10:28:00,723.00,723.00,723.00,723.00,1500,536250
INTELLECT_F1,03/11/2022,10:30:00,722.90,722.90,722.65,722.65,1500,537000
INTELLECT_F1,03/11/2022,10:32:00,722.40,722.40,722.40,722.40,750,537000
INTELLECT_F1,03/11/2022,10:35:00,723.05,723.05,723.05,723.05,750,537750
INTELLECT_F1,03/11/2022,10:36:00,723.05,723.05,723.05,723.05,750,537750
INTELLECT_F1,03/11/2022,10:41:00,723.10,723.10,723.10,723.10,750,538500
INTELLECT_F1,03/11/2022,10:48:00,724.55,724.55,724.55,724.55,750,539250
INTELLECT_F1,03/11/2022,10:50:00,726.20,726.20,726.20,726.20,750,539250
INTELLECT_F1,03/11/2022,10:53:00,725.45,725.45,725.45,725.45,750,539250
INTELLECT_F1,03/11/2022,10:58:00,726.85,726.85,726.85,726.85,1500,539250
INTELLECT_F1,03/11/2022,10:59:00,727.20,727.20,727.20,727.20,750,539250
INTELLECT_F1,03/11/2022,11:09:00,725.95,725.95,725.95,725.95,750,540000
INTELLECT_F1,03/11/2022,11:31:00,726.00,726.45,726.00,726.45,1500,540000
INTELLECT_F1,03/11/2022,11:32:00,726.00,726.00,726.00,726.00,750,540000
INTELLECT_F1,03/11/2022,11:33:00,725.75,725.75,725.75,725.75,1500,539250
INTELLECT_F1,03/11/2022,11:52:00,726.45,726.45,726.45,726.45,750,538500
INTELLECT_F1,03/11/2022,12:01:00,724.00,724.00,724.00,724.00,3750,538500
INTELLECT_F1,03/11/2022,12:06:00,723.75,723.75,723.75,723.75,750,542250
INTELLECT_F1,03/11/2022,12:20:00,722.05,722.05,722.05,722.05,1500,543000
INTELLECT_F1,03/11/2022,12:22:00,722.70,722.70,722.70,722.70,750,544500
INTELLECT_F1,03/11/2022,12:30:00,721.50,721.50,721.50,721.50,1500,545250
INTELLECT_F1,03/11/2022,12:37:00,722.85,722.85,722.85,722.85,750,546000
INTELLECT_F1,03/11/2022,12:43:00,722.00,722.00,722.00,722.00,2250,546000
INTELLECT_F1,03/11/2022,12:44:00,722.45,722.45,722.45,722.45,750,546000
INTELLECT_F1,03/11/2022,12:45:00,722.90,722.90,722.90,722.90,750,546750
INTELLECT_F1,03/11/2022,12:46:00,724.95,724.95,724.95,724.95,5250,546750
INTELLECT_F1,03/11/2022,12:51:00,725.15,725.15,725.15,725.15,750,545250
INTELLECT_F1,03/11/2022,12:57:00,726.20,726.20,726.20,726.20,750,545250
INTELLECT_F1,03/11/2022,13:04:00,728.50,729.00,728.50,729.00,1500,546000
INTELLECT_F1,03/11/2022,13:05:00,728.85,728.85,727.95,727.95,5250,546000
INTELLECT_F1,03/11/2022,13:06:00,729.10,729.10,729.10,729.10,750,549750
INTELLECT_F1,03/11/2022,13:07:00,727.95,727.95,727.95,727.95,750,549750
INTELLECT_F1,03/11/2022,13:14:00,726.80,726.80,726.80,726.80,750,550500
INTELLECT_F1,03/11/2022,13:19:00,728.90,729.50,728.90,729.50,1500,550500
INTELLECT_F1,03/11/2022,13:22:00,729.50,729.50,729.50,729.50,750,551250
INTELLECT_F1,03/11/2022,13:23:00,728.65,728.65,728.65,728.65,750,551250
INTELLECT_F1,03/11/2022,13:24:00,730.00,730.00,730.00,730.00,4500,551250
INTELLECT_F1,03/11/2022,13:26:00,729.65,729.65,729.65,729.65,1500,551250
INTELLECT_F1,03/11/2022,13:32:00,730.70,730.70,730.70,730.70,750,553500
INTELLECT_F1,03/11/2022,13:34:00,730.75,730.75,730.75,730.75,1500,554250
INTELLECT_F1,03/11/2022,13:36:00,728.85,728.85,728.85,728.85,750,554250
INTELLECT_F1,03/11/2022,13:38:00,728.90,728.90,728.90,728.90,750,555000
INTELLECT_F1,03/11/2022,13:39:00,728.80,728.80,728.80,728.80,750,555000
INTELLECT_F1,03/11/2022,13:40:00,730.15,730.15,730.15,730.15,750,556500
INTELLECT_F1,03/11/2022,13:41:00,730.70,730.95,730.70,730.95,1500,556500
INTELLECT_F1,03/11/2022,13:42:00,730.65,730.65,730.65,730.65,750,556500
INTELLECT_F1,03/11/2022,13:43:00,732.00,732.00,732.00,732.00,1500,557250
INTELLECT_F1,03/11/2022,13:47:00,732.00,732.00,732.00,732.00,750,558000
INTELLECT_F1,03/11/2022,13:57:00,731.15,731.15,731.15,731.15,750,558000
INTELLECT_F1,03/11/2022,14:02:00,730.95,731.90,730.95,731.90,1500,558000
INTELLECT_F1,03/11/2022,14:03:00,730.70,730.70,730.70,730.70,750,558000
INTELLECT_F1,03/11/2022,14:04:00,731.90,731.90,731.90,731.90,750,557250
INTELLECT_F1,03/11/2022,14:05:00,731.00,731.00,731.00,731.00,750,557250
INTELLECT_F1,03/11/2022,14:09:00,731.80,731.80,731.80,731.80,1500,558000
INTELLECT_F1,03/11/2022,14:11:00,731.25,731.25,731.25,731.25,750,558000
INTELLECT_F1,03/11/2022,14:19:00,731.30,731.30,731.30,731.30,750,558750
INTELLECT_F1,03/11/2022,14:21:00,731.45,731.45,731.45,731.45,1500,558750
INTELLECT_F1,03/11/2022,14:23:00,732.25,732.25,732.25,732.25,1500,558000
INTELLECT_F1,03/11/2022,14:24:00,732.40,732.40,732.40,732.40,750,559500
INTELLECT_F1,03/11/2022,14:25:00,734.00,735.00,734.00,735.00,6750,559500
INTELLECT_F1,03/11/2022,14:26:00,736.00,736.50,736.00,736.50,7500,559500
INTELLECT_F1,03/11/2022,14:27:00,733.90,733.90,733.90,733.90,3000,559500
INTELLECT_F1,03/11/2022,14:28:00,732.00,732.00,732.00,732.00,750,561000
INTELLECT_F1,03/11/2022,14:30:00,731.65,731.65,731.65,731.65,750,561000
INTELLECT_F1,03/11/2022,14:31:00,730.85,730.85,730.25,730.25,2250,561750
INTELLECT_F1,03/11/2022,14:32:00,730.10,730.10,730.10,730.10,750,561750
INTELLECT_F1,03/11/2022,14:34:00,730.10,730.50,730.10,730.50,1500,562500
INTELLECT_F1,03/11/2022,14:36:00,730.55,730.55,730.50,730.50,1500,563250
INTELLECT_F1,03/11/2022,14:37:00,730.10,730.10,730.10,730.10,750,563250
INTELLECT_F1,03/11/2022,14:39:00,730.15,730.15,730.15,730.15,750,563250
INTELLECT_F1,03/11/2022,14:41:00,731.70,732.00,731.70,732.00,2250,565500
INTELLECT_F1,03/11/2022,14:45:00,733.35,733.35,733.35,733.35,750,565500
INTELLECT_F1,03/11/2022,14:46:00,734.00,734.75,734.00,734.75,3750,565500
INTELLECT_F1,03/11/2022,14:47:00,733.50,733.50,733.50,733.50,1500,565500
INTELLECT_F1,03/11/2022,14:49:00,734.00,734.00,733.50,733.50,1500,569250
INTELLECT_F1,03/11/2022,14:50:00,733.20,733.95,733.20,733.95,1500,569250
INTELLECT_F1,03/11/2022,14:53:00,734.50,734.50,734.50,734.50,750,570750
INTELLECT_F1,03/11/2022,14:54:00,736.00,736.00,736.00,736.00,1500,571500
INTELLECT_F1,03/11/2022,14:56:00,736.25,736.25,736.25,736.25,750,571500
INTELLECT_F1,03/11/2022,14:57:00,736.20,736.20,735.75,735.75,5250,571500
INTELLECT_F1,03/11/2022,14:58:00,734.90,734.90,734.90,734.90,1500,572250
INTELLECT_F1,03/11/2022,14:59:00,734.15,734.15,731.85,731.85,1500,572250
INTELLECT_F1,03/11/2022,15:02:00,733.15,733.15,733.15,733.15,1500,573000
INTELLECT_F1,03/11/2022,15:03:00,734.60,734.60,734.60,734.60,750,573000
INTELLECT_F1,03/11/2022,15:05:00,735.00,735.00,735.00,735.00,750,572250
INTELLECT_F1,03/11/2022,15:09:00,734.65,734.65,734.65,734.65,750,572250
INTELLECT_F1,03/11/2022,15:10:00,734.95,734.95,734.85,734.85,2250,573000
INTELLECT_F1,03/11/2022,15:11:00,736.10,736.10,736.10,736.10,3000,573000
INTELLECT_F1,03/11/2022,15:12:00,736.50,736.50,736.50,736.50,4500,572250
INTELLECT_F1,03/11/2022,15:13:00,737.00,737.65,737.00,737.65,9750,572250
INTELLECT_F1,03/11/2022,15:14:00,736.10,736.10,736.10,736.10,750,572250
INTELLECT_F1,03/11/2022,15:17:00,736.10,736.10,736.10,736.10,1500,578250
INTELLECT_F1,03/11/2022,15:18:00,736.75,737.80,736.75,737.80,4500,577500
INTELLECT_F1,03/11/2022,15:19:00,737.85,737.90,737.85,737.90,1500,577500
INTELLECT_F1,03/11/2022,15:20:00,737.90,738.00,737.50,738.00,6750,577500
INTELLECT_F1,03/11/2022,15:21:00,738.90,738.90,738.90,738.90,5250,577500
INTELLECT_F1,03/11/2022,15:22:00,738.40,739.80,738.30,739.80,6750,578250
INTELLECT_F1,03/11/2022,15:23:00,739.90,741.20,739.10,739.10,6000,578250
INTELLECT_F1,03/11/2022,15:24:00,739.05,740.45,739.05,740.40,5250,570000
INTELLECT_F1,03/11/2022,15:25:00,740.40,742.00,740.40,742.00,5250,570000
INTELLECT_F1,03/11/2022,15:26:00,742.00,742.95,742.00,742.95,6750,570000
INTELLECT_F1,03/11/2022,15:27:00,742.20,744.95,742.20,744.95,9750,569250
INTELLECT_F1,03/11/2022,15:28:00,744.95,746.25,742.90,746.25,13500,569250
INTELLECT_F1,03/11/2022,15:29:00,746.25,748.00,745.25,748.00,14250,569250
INTELLECT_F1,03/14/2022,09:15:00,742.30,752.65,742.30,752.65,3752,570750
INTELLECT_F1,03/14/2022,09:16:00,752.55,752.55,747.30,747.30,2250,570750
INTELLECT_F1,03/14/2022,09:17:00,748.00,748.00,744.50,744.50,12750,576750
INTELLECT_F1,03/14/2022,09:18:00,745.45,747.00,745.45,746.50,20250,576750
INTELLECT_F1,03/14/2022,09:19:00,746.75,746.75,746.75,746.75,750,576750
INTELLECT_F1,03/14/2022,09:20:00,745.85,745.85,745.85,745.85,750,576750
INTELLECT_F1,03/14/2022,09:21:00,745.65,745.80,745.65,745.80,2250,579750
INTELLECT_F1,03/14/2022,09:22:00,744.05,744.05,744.00,744.00,3000,579750
INTELLECT_F1,03/14/2022,09:23:00,743.20,743.20,743.20,743.20,2250,579750
INTELLECT_F1,03/14/2022,09:24:00,743.50,743.50,742.50,742.50,1500,576000
INTELLECT_F1,03/14/2022,09:26:00,742.00,742.00,742.00,742.00,750,576000
INTELLECT_F1,03/14/2022,09:27:00,740.55,741.80,740.55,741.80,2250,576000
INTELLECT_F1,03/14/2022,09:28:00,740.60,740.60,740.60,740.60,750,576000
INTELLECT_F1,03/14/2022,09:29:00,741.65,741.65,741.65,741.65,750,574500
INTELLECT_F1,03/14/2022,09:31:00,740.60,740.60,740.60,740.60,750,574500
INTELLECT_F1,03/14/2022,09:32:00,740.95,740.95,740.95,740.95,750,574500
INTELLECT_F1,03/14/2022,09:34:00,739.20,739.20,739.20,739.20,1500,575250
INTELLECT_F1,03/14/2022,09:35:00,736.15,736.15,736.15,736.15,1500,575250
INTELLECT_F1,03/14/2022,09:36:00,737.00,737.00,737.00,737.00,3000,575250
INTELLECT_F1,03/14/2022,09:37:00,735.05,735.05,735.05,735.05,1500,575250
INTELLECT_F1,03/14/2022,09:40:00,735.60,735.60,735.60,735.60,1500,574500
INTELLECT_F1,03/14/2022,09:41:00,735.65,735.65,735.65,735.65,3750,574500
INTELLECT_F1,03/14/2022,09:42:00,735.45,735.45,735.45,735.45,750,574500
INTELLECT_F1,03/14/2022,09:49:00,734.85,734.85,734.85,734.85,8250,572250
INTELLECT_F1,03/14/2022,09:52:00,738.05,738.15,738.05,738.15,2250,572250
INTELLECT_F1,03/14/2022,09:53:00,738.30,738.30,738.30,738.30,750,572250
INTELLECT_F1,03/14/2022,09:56:00,738.35,738.35,738.35,738.35,750,573750
INTELLECT_F1,03/14/2022,09:57:00,739.65,739.75,739.65,739.75,4500,573000
INTELLECT_F1,03/14/2022,09:58:00,740.90,740.90,740.90,740.90,2250,573000
INTELLECT_F1,03/14/2022,09:59:00,740.00,740.00,740.00,740.00,750,573000
INTELLECT_F1,03/14/2022,10:00:00,741.45,741.45,741.45,741.45,750,576000
INTELLECT_F1,03/14/2022,10:01:00,741.55,741.55,741.55,741.55,750,576000
INTELLECT_F1,03/14/2022,10:02:00,740.15,740.15,740.15,740.15,750,576000
INTELLECT_F1,03/14/2022,10:03:00,741.00,741.00,740.80,740.80,6750,577500
INTELLECT_F1,03/14/2022,10:04:00,739.50,740.00,738.70,740.00,9000,577500
INTELLECT_F1,03/14/2022,10:05:00,740.75,740.75,740.50,740.50,3000,577500
INTELLECT_F1,03/14/2022,10:07:00,740.05,741.50,740.05,741.50,1500,577500
INTELLECT_F1,03/14/2022,10:11:00,740.35,740.35,740.00,740.00,1500,578250
INTELLECT_F1,03/14/2022,10:13:00,740.00,740.00,740.00,740.00,1500,579750
INTELLECT_F1,03/14/2022,10:16:00,739.90,739.90,739.90,739.90,750,581250
INTELLECT_F1,03/14/2022,10:22:00,738.05,738.05,738.05,738.05,750,582000
INTELLECT_F1,03/14/2022,10:23:00,737.10,737.10,737.10,737.10,750,582000
INTELLECT_F1,03/14/2022,10:32:00,736.80,736.80,736.80,736.80,750,582000
INTELLECT_F1,03/14/2022,10:43:00,736.50,736.50,736.50,736.50,750,576750
INTELLECT_F1,03/14/2022,10:54:00,735.10,735.10,735.10,735.10,750,576000
INTELLECT_F1,03/14/2022,10:57:00,735.00,735.00,735.00,735.00,750,575250
INTELLECT_F1,03/14/2022,11:02:00,734.90,734.90,734.90,734.90,750,575250
INTELLECT_F1,03/14/2022,11:05:00,733.55,733.55,733.55,733.55,750,576000
INTELLECT_F1,03/14/2022,11:09:00,733.05,733.05,733.05,733.05,750,575250
INTELLECT_F1,03/14/2022,11:14:00,733.05,733.05,733.05,733.05,750,575250
INTELLECT_F1,03/14/2022,11:16:00,732.50,732.50,732.50,732.50,2250,575250
INTELLECT_F1,03/14/2022,11:17:00,732.05,732.05,732.05,732.05,750,575250
INTELLECT_F1,03/14/2022,11:18:00,732.05,733.25,732.05,733.25,2250,573750
INTELLECT_F1,03/14/2022,11:20:00,733.25,733.50,733.25,733.50,2250,573750
INTELLECT_F1,03/14/2022,11:21:00,733.85,734.95,733.85,734.95,3750,573750
INTELLECT_F1,03/14/2022,11:22:00,736.50,742.30,736.50,742.30,6000,573750
INTELLECT_F1,03/14/2022,11:23:00,745.00,745.00,745.00,745.00,3000,573750
INTELLECT_F1,03/14/2022,11:24:00,744.30,744.30,740.05,740.05,4500,570750
INTELLECT_F1,03/14/2022,11:27:00,742.45,744.85,742.45,744.85,11250,568500
INTELLECT_F1,03/14/2022,11:28:00,744.90,747.00,744.90,747.00,4500,568500
INTELLECT_F1,03/14/2022,11:29:00,746.00,746.00,744.00,744.00,6000,581250
INTELLECT_F1,03/14/2022,11:30:00,744.40,745.20,743.40,743.55,6000,581250
INTELLECT_F1,03/14/2022,11:31:00,743.75,743.75,743.75,743.75,750,581250
INTELLECT_F1,03/14/2022,11:34:00,742.30,742.30,741.50,741.50,5250,585750
INTELLECT_F1,03/14/2022,11:35:00,740.90,740.90,740.00,740.00,10500,585750
INTELLECT_F1,03/14/2022,11:36:00,740.20,740.20,740.20,740.20,1500,586500
INTELLECT_F1,03/14/2022,11:37:00,740.30,740.30,740.30,740.30,750,586500
INTELLECT_F1,03/14/2022,11:38:00,739.65,739.65,738.00,738.00,5250,586500
INTELLECT_F1,03/14/2022,11:39:00,739.20,739.20,739.20,739.20,750,585000
INTELLECT_F1,03/14/2022,11:40:00,739.95,740.00,738.70,738.70,4500,585000
INTELLECT_F1,03/14/2022,11:41:00,739.20,739.20,736.65,736.65,12750,585000
INTELLECT_F1,03/14/2022,11:42:00,736.70,736.70,736.40,736.40,3000,576750
INTELLECT_F1,03/14/2022,11:46:00,732.50,732.50,726.05,726.05,21750,576750
INTELLECT_F1,03/14/2022,11:47:00,726.05,726.05,726.05,726.05,750,576750
INTELLECT_F1,03/14/2022,11:48:00,729.10,729.10,729.00,729.00,2250,575250
INTELLECT_F1,03/14/2022,11:52:00,729.00,729.50,729.00,729.50,1500,575250
INTELLECT_F1,03/14/2022,11:55:00,730.60,730.60,730.60,730.60,750,575250
INTELLECT_F1,03/14/2022,11:57:00,731.40,731.40,731.40,731.40,750,575250
INTELLECT_F1,03/14/2022,12:00:00,730.30,730.30,729.60,729.60,3750,573000
INTELLECT_F1,03/14/2022,12:01:00,729.20,729.20,729.20,729.20,750,573000
INTELLECT_F1,03/14/2022,12:02:00,729.15,729.15,729.15,729.15,750,573000
INTELLECT_F1,03/14/2022,12:03:00,729.60,729.60,729.60,729.60,750,569250
INTELLECT_F1,03/14/2022,12:04:00,729.90,729.90,729.10,729.10,2250,569250
INTELLECT_F1,03/14/2022,12:05:00,728.50,728.50,728.50,728.50,2250,569250
INTELLECT_F1,03/14/2022,12:06:00,729.00,729.00,728.80,728.80,4500,570000
INTELLECT_F1,03/14/2022,12:07:00,728.80,728.80,727.15,727.15,3000,570000
INTELLECT_F1,03/14/2022,12:08:00,727.35,727.35,727.35,727.35,750,570000
INTELLECT_F1,03/14/2022,12:09:00,727.45,727.45,727.45,727.45,1500,570750
INTELLECT_F1,03/14/2022,12:11:00,727.10,727.10,727.10,727.10,750,570750
INTELLECT_F1,03/14/2022,12:13:00,726.85,726.85,725.00,725.00,13500,571500
INTELLECT_F1,03/14/2022,12:14:00,725.95,725.95,725.95,725.95,750,571500
INTELLECT_F1,03/14/2022,12:19:00,723.00,723.00,723.00,723.00,2250,566250
INTELLECT_F1,03/14/2022,12:20:00,722.20,722.20,722.20,722.20,4500,566250
INTELLECT_F1,03/14/2022,12:21:00,722.20,722.20,721.70,721.70,1500,562500
INTELLECT_F1,03/14/2022,12:23:00,721.70,721.70,721.70,721.70,3000,562500
INTELLECT_F1,03/14/2022,12:24:00,722.00,722.00,722.00,722.00,1500,562500
INTELLECT_F1,03/14/2022,12:25:00,722.00,722.00,722.00,722.00,1500,561000
INTELLECT_F1,03/14/2022,12:26:00,723.25,723.25,723.25,723.25,3000,561000
INTELLECT_F1,03/14/2022,12:31:00,724.30,724.30,724.30,724.30,750,562500
INTELLECT_F1,03/14/2022,12:32:00,724.90,724.90,724.90,724.90,1500,562500
INTELLECT_F1,03/14/2022,12:33:00,723.95,723.95,723.95,723.95,750,564000
INTELLECT_F1,03/14/2022,12:35:00,725.00,725.00,725.00,725.00,1500,564000
INTELLECT_F1,03/14/2022,12:38:00,724.60,725.00,724.60,725.00,6000,564000
INTELLECT_F1,03/14/2022,12:40:00,725.05,725.05,725.05,725.05,750,561750
INTELLECT_F1,03/14/2022,12:41:00,725.70,725.70,725.70,725.70,750,561750
INTELLECT_F1,03/14/2022,12:44:00,726.15,726.15,726.15,726.15,750,562500
INTELLECT_F1,03/14/2022,12:49:00,727.90,727.90,727.90,727.90,750,563250
INTELLECT_F1,03/14/2022,12:51:00,728.15,728.15,728.15,728.15,1500,563250
INTELLECT_F1,03/14/2022,12:52:00,728.10,728.10,728.10,728.10,750,563250
INTELLECT_F1,03/14/2022,12:53:00,728.45,728.45,728.45,728.45,750,563250
INTELLECT_F1,03/14/2022,12:55:00,727.10,727.95,727.10,727.95,1500,561750
INTELLECT_F1,03/14/2022,12:56:00,727.10,727.10,727.10,727.10,750,561750
INTELLECT_F1,03/14/2022,12:57:00,727.55,727.55,727.55,727.55,750,563250
INTELLECT_F1,03/14/2022,13:05:00,727.30,727.30,727.30,727.30,750,556500
INTELLECT_F1,03/14/2022,13:08:00,728.10,728.10,728.10,728.10,750,556500
INTELLECT_F1,03/14/2022,13:09:00,729.65,729.65,729.65,729.65,1500,556500
INTELLECT_F1,03/14/2022,13:13:00,728.00,728.00,728.00,728.00,750,557250
INTELLECT_F1,03/14/2022,13:16:00,727.35,727.35,727.35,727.35,750,557250
INTELLECT_F1,03/14/2022,13:18:00,728.15,728.15,728.15,728.15,750,557250
INTELLECT_F1,03/14/2022,13:27:00,728.50,728.50,728.50,728.50,750,558000
INTELLECT_F1,03/14/2022,13:36:00,729.75,729.75,729.10,729.10,1500,558000
INTELLECT_F1,03/14/2022,13:38:00,728.65,728.65,728.65,728.65,750,558000
INTELLECT_F1,03/14/2022,13:42:00,730.30,730.30,730.30,730.30,3750,558750
INTELLECT_F1,03/14/2022,13:43:00,730.70,730.70,730.70,730.70,750,558750
INTELLECT_F1,03/14/2022,13:45:00,730.75,730.75,730.75,730.75,750,558000
INTELLECT_F1,03/14/2022,13:47:00,730.55,730.55,730.55,730.55,750,558000
INTELLECT_F1,03/14/2022,13:50:00,729.55,729.55,729.55,729.55,750,559500
INTELLECT_F1,03/14/2022,13:52:00,730.55,730.55,730.55,730.55,750,558750
INTELLECT_F1,03/14/2022,13:53:00,733.05,733.05,733.05,733.05,11250,558750
INTELLECT_F1,03/14/2022,13:54:00,733.05,733.05,733.05,733.05,750,558750
INTELLECT_F1,03/14/2022,13:55:00,733.05,733.05,733.05,733.05,750,567750
INTELLECT_F1,03/14/2022,13:56:00,733.00,733.00,733.00,733.00,2250,567750
INTELLECT_F1,03/14/2022,13:57:00,734.00,734.00,734.00,734.00,750,567750
INTELLECT_F1,03/14/2022,13:58:00,735.00,736.00,735.00,736.00,10500,570000
INTELLECT_F1,03/14/2022,14:01:00,735.05,735.20,735.05,735.20,2250,578250
INTELLECT_F1,03/14/2022,14:02:00,735.00,735.00,735.00,735.00,8250,578250
INTELLECT_F1,03/14/2022,14:03:00,733.50,733.50,733.50,733.50,1500,578250
INTELLECT_F1,03/14/2022,14:04:00,735.00,735.00,735.00,735.00,3000,582000
INTELLECT_F1,03/14/2022,14:06:00,735.00,735.00,735.00,735.00,1500,583500
INTELLECT_F1,03/14/2022,14:08:00,735.00,735.00,735.00,735.00,750,583500
INTELLECT_F1,03/14/2022,14:10:00,735.20,735.20,735.00,735.00,2250,582750
INTELLECT_F1,03/14/2022,14:11:00,735.40,735.40,735.40,735.40,5250,582750
INTELLECT_F1,03/14/2022,14:13:00,736.30,736.30,736.30,736.30,750,580500
INTELLECT_F1,03/14/2022,14:20:00,736.00,736.00,736.00,736.00,750,580500
INTELLECT_F1,03/14/2022,14:21:00,735.45,735.45,735.45,735.45,750,580500
INTELLECT_F1,03/14/2022,14:25:00,736.15,736.15,736.15,736.15,750,579750
INTELLECT_F1,03/14/2022,14:26:00,736.10,736.35,736.10,736.35,3750,579750
INTELLECT_F1,03/14/2022,14:27:00,736.95,736.95,736.60,736.60,2250,579750
INTELLECT_F1,03/14/2022,14:29:00,737.10,737.10,737.10,737.10,1500,581250
INTELLECT_F1,03/14/2022,14:31:00,737.90,737.90,737.90,737.90,750,579750
INTELLECT_F1,03/14/2022,14:34:00,736.90,736.90,736.90,736.90,750,580500
INTELLECT_F1,03/14/2022,14:37:00,736.90,737.45,736.90,737.45,1500,581250
INTELLECT_F1,03/14/2022,14:38:00,736.00,736.00,736.00,736.00,750,581250
INTELLECT_F1,03/14/2022,14:40:00,736.80,736.80,736.80,736.80,1500,581250
INTELLECT_F1,03/14/2022,14:43:00,736.40,736.40,736.40,736.40,750,579750
INTELLECT_F1,03/14/2022,14:55:00,735.05,735.05,735.05,735.05,6000,579000
INTELLECT_F1,03/14/2022,14:56:00,735.00,735.00,735.00,735.00,750,579000
INTELLECT_F1,03/14/2022,14:58:00,735.05,735.05,735.05,735.05,750,582000
INTELLECT_F1,03/14/2022,15:06:00,736.00,737.90,736.00,737.90,4500,582000
INTELLECT_F1,03/14/2022,15:07:00,737.15,737.15,737.10,737.10,3750,584250
INTELLECT_F1,03/14/2022,15:13:00,738.05,738.05,738.05,738.05,750,584250
INTELLECT_F1,03/14/2022,15:15:00,737.15,737.15,737.15,737.15,750,584250
INTELLECT_F1,03/14/2022,15:16:00,737.10,737.10,737.10,737.10,1500,584250
INTELLECT_F1,03/14/2022,15:17:00,736.80,736.80,735.95,735.95,1500,584250
INTELLECT_F1,03/14/2022,15:18:00,736.85,736.85,736.85,736.85,10500,584250
INTELLECT_F1,03/14/2022,15:19:00,736.10,736.10,736.10,736.10,4500,592500
INTELLECT_F1,03/14/2022,15:21:00,736.60,736.60,736.60,736.60,750,592500
INTELLECT_F1,03/14/2022,15:22:00,735.75,735.75,735.75,735.75,750,588000
INTELLECT_F1,03/14/2022,15:25:00,735.30,735.30,735.30,735.30,1500,588750
INTELLECT_F1,03/14/2022,15:26:00,735.15,735.15,735.15,735.15,750,588750
INTELLECT_F1,03/14/2022,15:27:00,734.70,734.70,734.70,734.70,750,588750
INTELLECT_F1,03/14/2022,15:28:00,734.30,734.30,733.60,733.60,1500,589500
INTELLECT_F1,03/14/2022,15:29:00,733.10,733.20,732.80,732.80,3000,589500
INTELLECT_F1,03/15/2022,09:17:00,739.75,739.75,739.75,739.75,751,578250
INTELLECT_F1,03/15/2022,09:18:00,739.65,739.65,739.65,739.65,3000,578250
INTELLECT_F1,03/15/2022,09:21:00,741.35,741.35,741.35,741.35,1500,580500
INTELLECT_F1,03/15/2022,09:22:00,741.35,741.35,741.35,741.35,750,580500
INTELLECT_F1,03/15/2022,09:23:00,739.50,739.50,739.50,739.50,750,580500
INTELLECT_F1,03/15/2022,09:24:00,738.20,738.20,738.20,738.20,750,582000
INTELLECT_F1,03/15/2022,09:26:00,737.75,737.75,737.75,737.75,750,582000
INTELLECT_F1,03/15/2022,09:27:00,736.45,736.45,736.45,736.45,3750,582750
INTELLECT_F1,03/15/2022,09:28:00,739.00,739.00,739.00,739.00,750,582750
INTELLECT_F1,03/15/2022,09:34:00,739.00,739.00,739.00,739.00,750,582000
INTELLECT_F1,03/15/2022,09:35:00,738.80,738.80,738.80,738.80,1500,582750
INTELLECT_F1,03/15/2022,09:36:00,739.00,739.00,739.00,739.00,750,582750
INTELLECT_F1,03/15/2022,09:39:00,739.25,739.25,739.25,739.25,750,581250
INTELLECT_F1,03/15/2022,09:43:00,740.40,740.40,740.40,740.40,2250,582000
INTELLECT_F1,03/15/2022,09:44:00,740.80,740.80,740.80,740.80,750,582000
INTELLECT_F1,03/15/2022,09:45:00,740.95,740.95,740.95,740.95,750,583500
INTELLECT_F1,03/15/2022,09:50:00,741.00,741.50,741.00,741.50,3000,583500
INTELLECT_F1,03/15/2022,09:51:00,739.75,739.75,739.75,739.75,750,583500
INTELLECT_F1,03/15/2022,09:52:00,739.80,739.80,739.80,739.80,750,583500
INTELLECT_F1,03/15/2022,09:54:00,739.00,739.00,739.00,739.00,750,581250
INTELLECT_F1,03/15/2022,09:56:00,737.80,737.80,737.80,737.80,750,581250
INTELLECT_F1,03/15/2022,10:02:00,737.80,737.80,737.80,737.80,750,581250
INTELLECT_F1,03/15/2022,10:03:00,739.25,739.25,739.25,739.25,750,581250
INTELLECT_F1,03/15/2022,10:04:00,738.00,738.00,738.00,738.00,750,581250
INTELLECT_F1,03/15/2022,10:09:00,737.70,737.70,737.70,737.70,750,582750
INTELLECT_F1,03/15/2022,10:13:00,739.00,739.00,739.00,739.00,750,582750
INTELLECT_F1,03/15/2022,10:18:00,739.30,739.30,739.30,739.30,2250,583500
INTELLECT_F1,03/15/2022,10:26:00,739.00,739.00,739.00,739.00,2250,582750
INTELLECT_F1,03/15/2022,10:34:00,742.45,742.45,742.45,742.45,1500,583500
INTELLECT_F1,03/15/2022,10:36:00,744.70,744.70,744.70,744.70,750,582750
INTELLECT_F1,03/15/2022,10:39:00,745.00,745.05,745.00,745.05,8250,583500
INTELLECT_F1,03/15/2022,10:40:00,746.65,746.65,746.65,746.65,750,583500
INTELLECT_F1,03/15/2022,10:41:00,746.65,746.65,743.50,744.00,15750,589500
INTELLECT_F1,03/15/2022,10:42:00,744.00,744.00,743.20,743.20,2250,589500
INTELLECT_F1,03/15/2022,10:43:00,741.20,741.20,741.00,741.00,1500,589500
INTELLECT_F1,03/15/2022,10:45:00,740.00,740.00,740.00,740.00,750,591000
INTELLECT_F1,03/15/2022,10:46:00,740.10,740.10,740.00,740.00,2250,591000
INTELLECT_F1,03/15/2022,10:47:00,739.40,740.95,739.40,740.95,6750,591000
INTELLECT_F1,03/15/2022,10:48:00,742.00,742.00,742.00,742.00,2250,586500
INTELLECT_F1,03/15/2022,10:49:00,742.00,743.00,742.00,743.00,1500,586500
INTELLECT_F1,03/15/2022,10:51:00,741.80,741.80,741.80,741.80,750,586500
INTELLECT_F1,03/15/2022,10:52:00,741.60,741.60,741.50,741.50,1500,585750
INTELLECT_F1,03/15/2022,10:53:00,741.05,741.05,741.05,741.05,750,585750
INTELLECT_F1,03/15/2022,11:11:00,740.05,740.60,740.05,740.60,2250,584250
INTELLECT_F1,03/15/2022,11:12:00,741.20,741.20,741.20,741.20,750,584250
INTELLECT_F1,03/15/2022,11:19:00,739.30,739.30,739.30,739.30,750,584250
INTELLECT_F1,03/15/2022,11:22:00,739.35,739.35,739.35,739.35,750,583500
INTELLECT_F1,03/15/2022,11:34:00,738.10,738.10,738.10,738.10,1500,583500
INTELLECT_F1,03/15/2022,11:38:00,737.40,737.80,737.40,737.80,6000,588000
INTELLECT_F1,03/15/2022,11:39:00,738.30,738.30,737.80,737.80,5250,588000
INTELLECT_F1,03/15/2022,11:40:00,737.55,737.55,737.55,737.55,750,588000
INTELLECT_F1,03/15/2022,11:41:00,737.20,737.20,737.05,737.05,2250,588000
INTELLECT_F1,03/15/2022,11:43:00,736.80,736.80,736.80,736.80,750,587250
INTELLECT_F1,03/15/2022,11:45:00,735.85,735.85,735.85,735.85,750,587250
INTELLECT_F1,03/15/2022,11:46:00,735.85,735.85,735.85,735.85,750,587250
INTELLECT_F1,03/15/2022,11:49:00,736.15,736.25,736.15,736.25,1500,587250
INTELLECT_F1,03/15/2022,11:51:00,737.00,737.35,737.00,737.35,2250,586500
INTELLECT_F1,03/15/2022,11:58:00,735.80,735.80,735.80,735.80,750,585750
INTELLECT_F1,03/15/2022,12:00:00,735.80,736.75,735.80,736.70,3750,585000
INTELLECT_F1,03/15/2022,12:01:00,736.00,736.25,736.00,736.25,2250,585000
INTELLECT_F1,03/15/2022,12:02:00,735.00,735.00,735.00,735.00,3750,585000
INTELLECT_F1,03/15/2022,12:03:00,733.60,733.60,733.60,733.60,750,587250
INTELLECT_F1,03/15/2022,12:05:00,733.60,733.60,733.60,733.60,1500,587250
INTELLECT_F1,03/15/2022,12:09:00,732.80,732.80,732.80,732.80,750,588000
INTELLECT_F1,03/15/2022,12:18:00,732.80,732.80,732.80,732.80,750,588750
INTELLECT_F1,03/15/2022,12:20:00,731.90,731.90,731.90,731.90,750,589500
INTELLECT_F1,03/15/2022,12:25:00,731.90,731.90,731.90,731.90,750,589500
INTELLECT_F1,03/15/2022,12:35:00,731.90,731.90,731.85,731.85,1500,588750
INTELLECT_F1,03/15/2022,12:37:00,731.00,731.00,731.00,731.00,750,589500
INTELLECT_F1,03/15/2022,12:38:00,730.50,730.50,728.95,728.95,2250,589500
INTELLECT_F1,03/15/2022,12:40:00,728.20,728.20,728.20,728.20,1500,589500
INTELLECT_F1,03/15/2022,12:41:00,727.20,727.20,726.10,726.10,3750,589500
INTELLECT_F1,03/15/2022,12:42:00,726.10,726.10,726.10,726.10,750,588750
INTELLECT_F1,03/15/2022,12:45:00,728.50,728.50,728.50,728.50,750,585750
INTELLECT_F1,03/15/2022,12:47:00,726.15,726.15,726.15,726.15,3750,585750
INTELLECT_F1,03/15/2022,12:51:00,726.65,726.65,726.65,726.65,750,582000
INTELLECT_F1,03/15/2022,12:57:00,726.40,726.40,726.40,726.40,750,582000
INTELLECT_F1,03/15/2022,13:03:00,726.10,726.10,726.10,726.10,750,582000
INTELLECT_F1,03/15/2022,13:10:00,727.00,727.00,727.00,727.00,750,581250
INTELLECT_F1,03/15/2022,13:11:00,727.20,727.20,727.20,727.20,750,581250
INTELLECT_F1,03/15/2022,13:13:00,725.70,725.70,725.70,725.70,750,582000
INTELLECT_F1,03/15/2022,13:15:00,725.55,725.55,725.20,725.20,2250,583500
INTELLECT_F1,03/15/2022,13:16:00,724.00,724.00,724.00,724.00,750,583500
INTELLECT_F1,03/15/2022,13:22:00,723.00,723.00,723.00,723.00,1500,582750
INTELLECT_F1,03/15/2022,13:28:00,721.30,721.30,719.70,719.70,1500,582750
INTELLECT_F1,03/15/2022,13:29:00,719.50,719.50,719.50,719.50,4500,582750
INTELLECT_F1,03/15/2022,13:36:00,721.05,721.05,721.05,721.05,750,583500
INTELLECT_F1,03/15/2022,13:37:00,720.70,720.70,720.70,720.70,750,583500
INTELLECT_F1,03/15/2022,13:38:00,722.00,722.00,722.00,722.00,750,583500
INTELLECT_F1,03/15/2022,13:40:00,721.50,721.50,721.50,721.50,750,583500
INTELLECT_F1,03/15/2022,13:42:00,721.90,721.90,721.90,721.90,750,584250
INTELLECT_F1,03/15/2022,13:48:00,720.00,720.00,720.00,720.00,1500,582000
INTELLECT_F1,03/15/2022,13:52:00,719.65,719.65,719.65,719.65,750,580500
INTELLECT_F1,03/15/2022,13:53:00,720.65,720.65,720.65,720.65,750,580500
INTELLECT_F1,03/15/2022,13:55:00,720.50,720.50,720.50,720.50,2250,580500
INTELLECT_F1,03/15/2022,13:58:00,719.50,719.50,719.50,719.50,750,579000
INTELLECT_F1,03/15/2022,14:02:00,716.00,716.00,716.00,716.00,750,579000
INTELLECT_F1,03/15/2022,14:03:00,715.95,715.95,715.95,715.95,3000,579000
INTELLECT_F1,03/15/2022,14:04:00,715.90,715.90,715.00,715.00,9000,579000
INTELLECT_F1,03/15/2022,14:05:00,714.15,714.15,714.10,714.10,3000,579000
INTELLECT_F1,03/15/2022,14:06:00,714.10,714.40,713.00,713.00,3750,580500
INTELLECT_F1,03/15/2022,14:07:00,713.00,715.90,713.00,715.90,3000,580500
INTELLECT_F1,03/15/2022,14:09:00,714.00,714.00,714.00,714.00,750,580500
INTELLECT_F1,03/15/2022,14:13:00,716.00,717.65,716.00,717.65,5250,573750
INTELLECT_F1,03/15/2022,14:15:00,717.40,717.40,717.40,717.40,750,573000
INTELLECT_F1,03/15/2022,14:17:00,716.40,716.40,716.40,716.40,750,573000
INTELLECT_F1,03/15/2022,14:19:00,714.50,714.50,713.65,713.65,4500,573000
INTELLECT_F1,03/15/2022,14:22:00,714.40,715.60,714.40,715.60,2250,570000
INTELLECT_F1,03/15/2022,14:23:00,714.25,714.25,714.05,714.05,1500,570000
INTELLECT_F1,03/15/2022,14:25:00,713.65,713.65,713.65,713.65,2250,570000
INTELLECT_F1,03/15/2022,14:26:00,713.55,713.55,713.55,713.55,1500,570000
INTELLECT_F1,03/15/2022,14:27:00,714.55,714.55,714.35,714.35,6000,571500
INTELLECT_F1,03/15/2022,14:28:00,713.55,713.55,713.55,713.55,750,571500
INTELLECT_F1,03/15/2022,14:32:00,716.75,716.85,716.75,716.85,3000,570750
INTELLECT_F1,03/15/2022,14:33:00,716.95,717.00,716.95,717.00,3750,573750
INTELLECT_F1,03/15/2022,14:35:00,714.30,714.35,712.20,712.20,18000,573750
INTELLECT_F1,03/15/2022,14:36:00,713.65,713.65,713.45,713.45,2250,586500
INTELLECT_F1,03/15/2022,14:38:00,712.85,712.85,712.85,712.85,750,586500
INTELLECT_F1,03/15/2022,14:43:00,713.00,714.30,713.00,714.30,7500,572250
INTELLECT_F1,03/15/2022,14:45:00,713.05,713.05,713.05,713.05,750,577500
INTELLECT_F1,03/15/2022,14:47:00,714.20,714.85,714.20,714.85,1500,577500
INTELLECT_F1,03/15/2022,14:51:00,715.80,715.80,715.80,715.80,750,577500
INTELLECT_F1,03/15/2022,14:55:00,715.80,715.80,715.80,715.80,750,570750
INTELLECT_F1,03/15/2022,14:56:00,716.85,716.90,716.85,716.90,1500,570750
INTELLECT_F1,03/15/2022,14:58:00,716.90,716.90,716.90,716.90,750,571500
INTELLECT_F1,03/15/2022,14:59:00,718.00,718.00,718.00,718.00,3750,571500
INTELLECT_F1,03/15/2022,15:00:00,717.65,717.65,717.65,717.65,750,570750
INTELLECT_F1,03/15/2022,15:02:00,716.00,716.00,716.00,716.00,750,570750
INTELLECT_F1,03/15/2022,15:03:00,715.65,715.65,715.55,715.55,1500,571500
INTELLECT_F1,03/15/2022,15:04:00,715.90,715.90,715.90,715.90,1500,571500
INTELLECT_F1,03/15/2022,15:05:00,715.90,715.90,715.85,715.85,2250,571500
INTELLECT_F1,03/15/2022,15:07:00,714.55,714.55,714.55,714.55,750,570750
INTELLECT_F1,03/15/2022,15:16:00,716.35,716.35,716.35,716.35,1500,570000
INTELLECT_F1,03/15/2022,15:18:00,716.55,716.90,716.55,716.90,4500,570750
INTELLECT_F1,03/15/2022,15:19:00,716.90,716.90,716.90,716.90,750,570750
INTELLECT_F1,03/15/2022,15:20:00,716.85,716.95,716.85,716.95,2250,570750
INTELLECT_F1,03/15/2022,15:21:00,718.35,718.35,718.35,718.35,2250,570750
INTELLECT_F1,03/15/2022,15:22:00,717.30,717.30,716.55,716.55,1500,573000
INTELLECT_F1,03/15/2022,15:23:00,714.90,714.90,714.90,714.90,2250,573000
INTELLECT_F1,03/15/2022,15:25:00,716.90,716.90,716.90,716.90,750,570750
INTELLECT_F1,03/15/2022,15:26:00,717.00,717.00,717.00,717.00,1500,570750
INTELLECT_F1,03/15/2022,15:28:00,717.20,717.20,716.55,716.55,1500,570750
INTELLECT_F1,03/15/2022,15:29:00,717.90,718.60,717.90,718.45,4500,570750
INTELLECT_F1,03/16/2022,09:15:00,725.85,725.90,725.85,725.90,2251,564000
INTELLECT_F1,03/16/2022,09:16:00,727.55,727.70,727.55,727.70,1500,564000
INTELLECT_F1,03/16/2022,09:18:00,728.40,728.40,728.40,728.40,750,564000
INTELLECT_F1,03/16/2022,09:19:00,728.40,728.40,728.40,728.40,750,564000
INTELLECT_F1,03/16/2022,09:25:00,731.00,731.00,731.00,731.00,750,564750
INTELLECT_F1,03/16/2022,09:26:00,731.75,731.75,731.75,731.75,1500,564750
INTELLECT_F1,03/16/2022,09:27:00,732.15,732.15,732.15,732.15,3000,566250
INTELLECT_F1,03/16/2022,09:28:00,731.00,731.00,731.00,731.00,2250,566250
INTELLECT_F1,03/16/2022,09:29:00,732.00,732.00,732.00,732.00,750,566250
INTELLECT_F1,03/16/2022,09:30:00,733.05,733.05,733.05,733.05,8250,570000
INTELLECT_F1,03/16/2022,09:31:00,734.75,734.75,734.75,734.75,3000,570000
INTELLECT_F1,03/16/2022,09:32:00,734.75,734.80,734.75,734.80,3000,570000
INTELLECT_F1,03/16/2022,09:33:00,734.80,734.80,734.80,734.80,2250,579750
INTELLECT_F1,03/16/2022,09:34:00,734.20,734.20,734.20,734.20,1500,579750
INTELLECT_F1,03/16/2022,09:35:00,733.00,733.20,733.00,733.20,1500,580500
INTELLECT_F1,03/16/2022,09:37:00,732.55,732.55,732.55,732.55,750,580500
INTELLECT_F1,03/16/2022,09:39:00,732.75,732.75,732.75,732.75,1500,579750
INTELLECT_F1,03/16/2022,09:41:00,732.20,732.20,732.20,732.20,750,579750
INTELLECT_F1,03/16/2022,09:43:00,731.85,731.85,731.85,731.85,6000,579000
INTELLECT_F1,03/16/2022,09:46:00,732.30,732.30,732.30,732.30,1500,582000
INTELLECT_F1,03/16/2022,09:51:00,731.50,731.50,731.50,731.50,2250,583500
INTELLECT_F1,03/16/2022,09:53:00,730.60,730.60,730.60,730.60,750,582000
INTELLECT_F1,03/16/2022,09:55:00,731.50,731.50,731.50,731.50,750,582000
INTELLECT_F1,03/16/2022,09:59:00,730.60,730.65,730.60,730.65,2250,580500
INTELLECT_F1,03/16/2022,10:00:00,730.00,730.00,729.75,729.75,8250,580500
INTELLECT_F1,03/16/2022,10:05:00,727.15,727.15,727.15,727.15,2250,582750
INTELLECT_F1,03/16/2022,10:11:00,725.70,725.70,725.00,725.00,1500,580500
INTELLECT_F1,03/16/2022,10:15:00,725.00,725.00,725.00,725.00,1500,582000
INTELLECT_F1,03/16/2022,10:17:00,728.00,728.00,728.00,728.00,750,582000
INTELLECT_F1,03/16/2022,10:21:00,727.75,727.75,727.75,727.75,750,581250
INTELLECT_F1,03/16/2022,10:23:00,727.25,727.25,727.10,727.10,2250,581250
INTELLECT_F1,03/16/2022,10:30:00,726.25,726.25,726.25,726.25,2250,583500
INTELLECT_F1,03/16/2022,10:34:00,726.85,726.85,726.85,726.85,750,584250
INTELLECT_F1,03/16/2022,10:37:00,727.25,727.25,727.25,727.25,750,583500
INTELLECT_F1,03/16/2022,10:38:00,726.60,726.60,726.60,726.60,750,583500
INTELLECT_F1,03/16/2022,10:39:00,726.55,726.55,726.55,726.55,750,583500
INTELLECT_F1,03/16/2022,10:43:00,726.10,726.10,726.10,726.10,1500,584250
INTELLECT_F1,03/16/2022,10:47:00,725.00,725.00,725.00,725.00,2250,584250
INTELLECT_F1,03/16/2022,10:55:00,726.65,726.65,725.80,725.80,2250,586500
INTELLECT_F1,03/16/2022,11:00:00,725.80,725.80,725.75,725.75,1500,585000
INTELLECT_F1,03/16/2022,11:03:00,725.65,725.65,725.00,725.00,2250,585750
INTELLECT_F1,03/16/2022,11:04:00,725.05,725.05,723.75,723.75,9750,585750
INTELLECT_F1,03/16/2022,11:05:00,723.20,723.20,723.20,723.20,1500,585750
INTELLECT_F1,03/16/2022,11:06:00,724.90,724.90,724.90,724.90,750,591750
INTELLECT_F1,03/16/2022,11:07:00,724.55,724.55,724.55,724.55,750,591750
INTELLECT_F1,03/16/2022,11:09:00,724.70,724.70,724.70,724.70,750,591750
INTELLECT_F1,03/16/2022,11:10:00,723.70,723.70,723.70,723.70,2250,591750
INTELLECT_F1,03/16/2022,11:11:00,723.70,725.00,723.70,725.00,9000,591750
INTELLECT_F1,03/16/2022,11:12:00,724.50,725.05,724.50,725.00,4500,589500
INTELLECT_F1,03/16/2022,11:13:00,726.00,726.00,726.00,726.00,1500,589500
INTELLECT_F1,03/16/2022,11:14:00,726.75,726.75,726.65,726.65,1500,589500
INTELLECT_F1,03/16/2022,11:16:00,726.85,726.85,726.85,726.85,1500,588750
INTELLECT_F1,03/16/2022,11:18:00,725.35,725.35,725.35,725.35,750,589500
INTELLECT_F1,03/16/2022,11:19:00,725.85,728.10,725.85,728.10,7500,589500
INTELLECT_F1,03/16/2022,11:20:00,729.35,729.35,728.90,728.90,9750,589500
INTELLECT_F1,03/16/2022,11:23:00,728.75,728.75,728.60,728.60,1500,588000
INTELLECT_F1,03/16/2022,11:24:00,728.50,728.50,728.50,728.50,750,588000
INTELLECT_F1,03/16/2022,11:25:00,728.50,728.50,728.50,728.50,750,587250
INTELLECT_F1,03/16/2022,11:27:00,728.25,728.25,728.25,728.25,3000,587250
INTELLECT_F1,03/16/2022,11:29:00,727.65,727.65,727.65,727.65,750,587250
INTELLECT_F1,03/16/2022,11:30:00,728.50,728.50,728.50,728.50,3000,588000
INTELLECT_F1,03/16/2022,11:32:00,728.30,730.50,728.30,730.50,12000,588000
INTELLECT_F1,03/16/2022,11:33:00,732.75,732.75,732.25,732.25,3750,590250
INTELLECT_F1,03/16/2022,11:41:00,731.50,731.50,730.30,730.30,9000,588750
INTELLECT_F1,03/16/2022,11:42:00,730.70,732.00,730.70,732.00,7500,588750
INTELLECT_F1,03/16/2022,11:45:00,732.30,732.30,732.30,732.30,750,588000
INTELLECT_F1,03/16/2022,11:54:00,734.45,734.45,734.45,734.45,750,588000
INTELLECT_F1,03/16/2022,11:55:00,733.75,733.75,733.75,733.75,750,588750
INTELLECT_F1,03/16/2022,12:09:00,733.50,733.50,733.50,733.50,3750,588750
INTELLECT_F1,03/16/2022,12:10:00,733.50,733.50,733.50,733.50,1500,588750
INTELLECT_F1,03/16/2022,12:15:00,733.90,733.90,733.90,733.90,750,585000
INTELLECT_F1,03/16/2022,12:24:00,735.80,735.80,735.80,735.80,3000,585750
INTELLECT_F1,03/16/2022,12:25:00,736.00,738.00,736.00,738.00,4500,585750
INTELLECT_F1,03/16/2022,12:26:00,736.90,738.50,736.90,738.50,7500,585750
INTELLECT_F1,03/16/2022,12:27:00,738.90,738.90,738.20,738.20,3750,587250
INTELLECT_F1,03/16/2022,12:29:00,738.15,738.15,738.15,738.15,750,587250
INTELLECT_F1,03/16/2022,12:30:00,734.40,734.40,734.40,734.40,1500,588750
INTELLECT_F1,03/16/2022,12:31:00,735.35,735.35,735.35,735.35,750,588750
INTELLECT_F1,03/16/2022,12:32:00,737.00,741.30,737.00,741.30,19500,588750
INTELLECT_F1,03/16/2022,12:33:00,741.30,741.30,741.30,741.30,3000,602250
INTELLECT_F1,03/16/2022,12:35:00,740.50,740.50,740.50,740.50,750,602250
INTELLECT_F1,03/16/2022,12:36:00,740.10,740.10,740.10,740.10,1500,604500
INTELLECT_F1,03/16/2022,12:38:00,739.05,739.05,739.05,739.05,750,604500
INTELLECT_F1,03/16/2022,12:40:00,739.00,739.80,739.00,739.80,2250,604500
INTELLECT_F1,03/16/2022,12:41:00,738.80,738.80,738.80,738.80,750,604500
INTELLECT_F1,03/16/2022,12:42:00,738.10,738.10,738.10,738.10,750,605250
INTELLECT_F1,03/16/2022,12:49:00,738.15,738.15,737.10,737.10,1500,605250
INTELLECT_F1,03/16/2022,12:54:00,737.20,737.20,737.20,737.20,750,606000
INTELLECT_F1,03/16/2022,12:55:00,737.00,737.00,737.00,737.00,750,606000
INTELLECT_F1,03/16/2022,13:02:00,738.00,738.00,738.00,738.00,1500,605250
INTELLECT_F1,03/16/2022,13:06:00,736.75,736.75,736.75,736.75,1500,605250
INTELLECT_F1,03/16/2022,13:07:00,739.10,739.10,739.10,739.10,750,605250
INTELLECT_F1,03/16/2022,13:11:00,740.50,740.50,740.50,740.50,750,606000
INTELLECT_F1,03/16/2022,13:14:00,740.50,740.50,739.40,739.40,1500,605250
INTELLECT_F1,03/16/2022,13:16:00,740.10,740.10,740.10,740.10,750,606000
INTELLECT_F1,03/16/2022,13:17:00,741.80,741.80,741.80,741.80,750,606000
INTELLECT_F1,03/16/2022,13:18:00,741.80,741.80,741.80,741.80,750,606000
INTELLECT_F1,03/16/2022,13:20:00,739.95,739.95,739.95,739.95,750,606000
INTELLECT_F1,03/16/2022,13:21:00,742.20,743.00,742.20,743.00,3000,606750
INTELLECT_F1,03/16/2022,13:22:00,743.00,745.00,743.00,745.00,5250,606750
INTELLECT_F1,03/16/2022,13:23:00,746.00,746.00,746.00,746.00,4500,606750
INTELLECT_F1,03/16/2022,13:24:00,746.00,746.00,746.00,746.00,750,606750
INTELLECT_F1,03/16/2022,13:26:00,745.00,745.00,745.00,745.00,1500,602250
INTELLECT_F1,03/16/2022,13:28:00,744.05,744.05,744.05,744.05,750,600750
INTELLECT_F1,03/16/2022,13:29:00,743.85,743.85,743.85,743.85,750,600750
INTELLECT_F1,03/16/2022,13:30:00,745.00,745.00,744.95,744.95,2250,600750
INTELLECT_F1,03/16/2022,13:31:00,746.00,746.00,745.90,746.00,3750,600750
INTELLECT_F1,03/16/2022,13:32:00,747.00,747.00,747.00,747.00,3000,600750
INTELLECT_F1,03/16/2022,13:33:00,747.60,748.45,747.60,748.45,8250,600750
INTELLECT_F1,03/16/2022,13:34:00,748.45,755.00,748.45,755.00,18000,601500
INTELLECT_F1,03/16/2022,13:35:00,755.00,758.90,754.65,758.90,11250,601500
INTELLECT_F1,03/16/2022,13:36:00,759.00,767.35,759.00,767.00,17250,597000
INTELLECT_F1,03/16/2022,13:37:00,764.95,769.25,761.65,761.65,57750,597000
INTELLECT_F1,03/16/2022,13:38:00,763.75,765.70,763.75,765.00,11250,597000
INTELLECT_F1,03/16/2022,13:39:00,765.70,765.70,764.25,764.25,3750,590250
INTELLECT_F1,03/16/2022,13:40:00,763.95,763.95,762.85,763.05,3750,590250
INTELLECT_F1,03/16/2022,13:41:00,764.25,764.95,763.25,764.95,7500,590250
INTELLECT_F1,03/16/2022,13:42:00,763.65,763.65,763.65,763.65,1500,590250
INTELLECT_F1,03/16/2022,13:43:00,764.00,764.80,764.00,764.80,5250,589500
INTELLECT_F1,03/16/2022,13:44:00,764.80,764.80,762.65,762.65,11250,589500
INTELLECT_F1,03/16/2022,13:45:00,762.15,762.15,760.35,760.35,3750,589500
INTELLECT_F1,03/16/2022,13:46:00,761.00,761.00,760.00,760.00,3000,591750
INTELLECT_F1,03/16/2022,13:47:00,758.75,760.00,758.75,760.00,6750,591750
INTELLECT_F1,03/16/2022,13:48:00,761.10,763.00,761.10,763.00,3750,596250
INTELLECT_F1,03/16/2022,13:50:00,764.10,764.10,763.00,763.00,2250,596250
INTELLECT_F1,03/16/2022,13:51:00,763.10,763.10,763.10,763.10,2250,594750
INTELLECT_F1,03/16/2022,13:52:00,764.00,768.40,764.00,767.00,6750,594750
INTELLECT_F1,03/16/2022,13:53:00,768.75,769.25,768.70,769.25,11250,594750
INTELLECT_F1,03/16/2022,13:54:00,769.25,770.95,768.10,769.85,24750,594750
INTELLECT_F1,03/16/2022,13:55:00,769.95,770.50,768.60,770.50,6750,594750
INTELLECT_F1,03/16/2022,13:56:00,772.00,774.00,772.00,774.00,22500,594750
INTELLECT_F1,03/16/2022,13:57:00,774.30,774.30,770.00,772.00,15750,603750
INTELLECT_F1,03/16/2022,13:58:00,770.05,772.10,769.00,771.65,8250,603750
INTELLECT_F1,03/16/2022,13:59:00,771.60,771.60,769.60,771.50,8250,603750
INTELLECT_F1,03/16/2022,14:00:00,771.00,771.00,770.70,770.70,1500,603750
INTELLECT_F1,03/16/2022,14:01:00,771.80,772.65,771.80,772.65,3000,606000
INTELLECT_F1,03/16/2022,14:02:00,770.40,770.40,770.40,770.40,750,606000
INTELLECT_F1,03/16/2022,14:04:00,772.20,772.20,772.20,772.20,750,606750
INTELLECT_F1,03/16/2022,14:05:00,770.15,770.90,770.15,770.90,5250,606750
INTELLECT_F1,03/16/2022,14:06:00,770.50,770.50,768.25,768.25,6000,611250
INTELLECT_F1,03/16/2022,14:07:00,767.00,767.50,765.70,765.70,9000,611250
INTELLECT_F1,03/16/2022,14:08:00,766.70,766.70,766.00,766.00,8250,611250
INTELLECT_F1,03/16/2022,14:10:00,765.00,765.00,764.20,764.20,3750,608250
INTELLECT_F1,03/16/2022,14:11:00,765.00,765.00,763.05,763.50,15000,608250
INTELLECT_F1,03/16/2022,14:12:00,764.80,765.55,764.80,765.55,2250,606750
INTELLECT_F1,03/16/2022,14:13:00,766.30,766.30,766.30,766.30,1500,606750
INTELLECT_F1,03/16/2022,14:14:00,765.00,765.00,765.00,765.00,2250,606750
INTELLECT_F1,03/16/2022,14:18:00,766.40,766.40,766.40,766.40,750,604500
INTELLECT_F1,03/16/2022,14:20:00,765.25,765.25,765.00,765.00,2250,604500
INTELLECT_F1,03/16/2022,14:21:00,763.10,763.10,763.10,763.10,750,604500
INTELLECT_F1,03/16/2022,14:22:00,761.30,761.35,761.30,761.35,3750,603000
INTELLECT_F1,03/16/2022,14:24:00,764.35,764.35,762.00,762.00,2250,603000
INTELLECT_F1,03/16/2022,14:26:00,762.95,762.95,762.95,762.95,750,603000
INTELLECT_F1,03/16/2022,14:27:00,763.05,763.05,763.05,763.05,750,603000
INTELLECT_F1,03/16/2022,14:29:00,762.55,762.55,762.55,762.55,750,603000
INTELLECT_F1,03/16/2022,14:33:00,763.65,765.00,763.65,765.00,6000,606000
INTELLECT_F1,03/16/2022,14:34:00,765.05,766.00,765.05,766.00,2250,606000
INTELLECT_F1,03/16/2022,14:37:00,763.75,763.75,763.75,763.75,1500,609000
INTELLECT_F1,03/16/2022,14:40:00,762.85,762.85,762.85,762.85,1500,609000
INTELLECT_F1,03/16/2022,14:41:00,759.65,759.65,758.55,758.55,8250,609000
INTELLECT_F1,03/16/2022,14:42:00,761.75,761.75,761.75,761.75,9750,609000
INTELLECT_F1,03/16/2022,14:43:00,760.50,760.50,760.50,760.50,750,610500
INTELLECT_F1,03/16/2022,14:44:00,760.50,760.50,760.50,760.50,750,610500
INTELLECT_F1,03/16/2022,14:45:00,760.30,761.05,760.30,761.05,1500,610500
INTELLECT_F1,03/16/2022,14:46:00,760.00,760.00,759.75,759.75,4500,612750
INTELLECT_F1,03/16/2022,14:47:00,758.95,758.95,758.95,758.95,1500,612750
INTELLECT_F1,03/16/2022,14:50:00,761.30,761.30,761.30,761.30,1500,612000
INTELLECT_F1,03/16/2022,14:51:00,761.50,763.05,761.50,763.05,1500,612750
INTELLECT_F1,03/16/2022,14:52:00,764.45,764.45,764.45,764.45,750,612750
INTELLECT_F1,03/16/2022,14:53:00,762.45,762.45,762.45,762.45,750,612750
INTELLECT_F1,03/16/2022,14:55:00,762.45,762.45,762.45,762.45,1500,614250
INTELLECT_F1,03/16/2022,14:58:00,761.65,761.65,761.65,761.65,750,615000
INTELLECT_F1,03/16/2022,14:59:00,761.75,761.75,761.75,761.75,2250,615000
INTELLECT_F1,03/16/2022,15:00:00,763.00,763.60,763.00,763.60,2250,614250
INTELLECT_F1,03/16/2022,15:01:00,764.50,764.65,764.50,764.65,2250,614250
INTELLECT_F1,03/16/2022,15:02:00,765.60,765.60,765.60,765.60,750,614250
INTELLECT_F1,03/16/2022,15:03:00,764.75,765.15,764.75,765.15,3750,615750
INTELLECT_F1,03/16/2022,15:04:00,766.00,766.00,766.00,766.00,750,615750
INTELLECT_F1,03/16/2022,15:05:00,766.50,766.50,766.50,766.50,1500,615750
INTELLECT_F1,03/16/2022,15:06:00,766.60,766.60,766.60,766.60,1500,615750
INTELLECT_F1,03/16/2022,15:08:00,767.70,767.70,767.40,767.40,1500,617250
INTELLECT_F1,03/16/2022,15:09:00,767.00,767.00,766.75,766.75,1500,617250
INTELLECT_F1,03/16/2022,15:10:00,766.00,766.00,766.00,766.00,1500,618000
INTELLECT_F1,03/16/2022,15:11:00,766.00,766.00,766.00,766.00,2250,618000
INTELLECT_F1,03/16/2022,15:14:00,765.10,765.10,765.10,765.10,3750,616500
INTELLECT_F1,03/16/2022,15:15:00,764.90,764.90,764.70,764.70,1500,616500
INTELLECT_F1,03/16/2022,15:16:00,764.10,764.55,764.10,764.55,3000,615750
INTELLECT_F1,03/16/2022,15:17:00,765.70,765.70,765.65,765.65,2250,615750
INTELLECT_F1,03/16/2022,15:18:00,763.90,763.90,763.50,763.50,2250,615750
INTELLECT_F1,03/16/2022,15:19:00,763.60,763.95,763.60,763.95,3750,614250
INTELLECT_F1,03/16/2022,15:20:00,763.95,764.30,763.95,764.30,9750,614250
INTELLECT_F1,03/16/2022,15:21:00,764.90,764.95,763.90,764.95,4500,612000
INTELLECT_F1,03/16/2022,15:22:00,764.30,764.30,763.85,763.95,3000,612000
INTELLECT_F1,03/16/2022,15:23:00,764.00,764.00,763.20,763.20,3750,612000
INTELLECT_F1,03/16/2022,15:24:00,763.35,764.15,763.35,764.15,3750,612000
INTELLECT_F1,03/16/2022,15:25:00,765.00,765.70,764.05,764.05,7500,606750
INTELLECT_F1,03/16/2022,15:26:00,764.00,764.00,763.80,763.80,3750,606750
INTELLECT_F1,03/16/2022,15:29:00,764.70,765.70,764.70,765.70,5250,599250
INTELLECT_F1,03/16/2022,15:30:00,765.70,765.70,765.70,765.70,750,599250
INTELLECT_F1,03/17/2022,09:15:00,770.85,770.85,770.85,770.85,751,595500
INTELLECT_F1,03/17/2022,09:16:00,777.45,777.45,772.75,772.75,17250,595500
INTELLECT_F1,03/17/2022,09:17:00,772.75,772.75,772.75,772.75,2250,597750
INTELLECT_F1,03/17/2022,09:18:00,771.65,771.65,771.60,771.60,5250,597750
INTELLECT_F1,03/17/2022,09:19:00,768.35,770.30,768.35,770.30,8250,597750
INTELLECT_F1,03/17/2022,09:21:00,770.10,770.10,770.10,770.10,1500,593250
INTELLECT_F1,03/17/2022,09:22:00,770.95,770.95,770.95,770.95,1500,593250
INTELLECT_F1,03/17/2022,09:23:00,771.35,771.35,771.35,771.35,750,591750
INTELLECT_F1,03/17/2022,09:25:00,769.65,769.65,769.65,769.65,2250,591750
INTELLECT_F1,03/17/2022,09:26:00,770.95,770.95,770.95,770.95,3000,591750
INTELLECT_F1,03/17/2022,09:27:00,769.90,769.90,769.90,769.90,750,591000
INTELLECT_F1,03/17/2022,09:28:00,769.10,769.10,769.10,769.10,2250,591000
INTELLECT_F1,03/17/2022,09:29:00,767.30,767.30,767.30,767.30,750,591000
INTELLECT_F1,03/17/2022,09:30:00,763.90,766.65,763.90,766.65,22500,593250
INTELLECT_F1,03/17/2022,09:31:00,765.25,765.45,765.10,765.45,2250,593250
INTELLECT_F1,03/17/2022,09:32:00,765.15,765.25,765.15,765.25,1500,593250
INTELLECT_F1,03/17/2022,09:34:00,764.00,764.00,763.90,763.90,2250,592500
INTELLECT_F1,03/17/2022,09:35:00,763.10,763.10,763.10,763.10,3000,592500
INTELLECT_F1,03/17/2022,09:38:00,764.20,764.20,764.20,764.20,750,594000
INTELLECT_F1,03/17/2022,09:39:00,764.65,764.65,764.65,764.65,1500,594000
INTELLECT_F1,03/17/2022,09:40:00,764.00,764.00,764.00,764.00,1500,594000
INTELLECT_F1,03/17/2022,09:41:00,764.80,764.80,764.80,764.80,1500,594000
INTELLECT_F1,03/17/2022,09:42:00,765.00,765.00,765.00,765.00,750,597000
INTELLECT_F1,03/17/2022,09:48:00,763.55,763.55,763.50,763.50,1500,597000
INTELLECT_F1,03/17/2022,09:49:00,763.95,763.95,763.95,763.95,750,597000
INTELLECT_F1,03/17/2022,09:52:00,764.25,764.25,764.25,764.25,750,597750
INTELLECT_F1,03/17/2022,09:53:00,764.90,764.90,764.90,764.90,750,597750
INTELLECT_F1,03/17/2022,09:54:00,765.05,765.25,765.05,765.25,6000,597750
INTELLECT_F1,03/17/2022,09:56:00,765.20,765.20,765.20,765.20,750,597750
INTELLECT_F1,03/17/2022,09:58:00,765.50,765.80,765.50,765.80,2250,603000
INTELLECT_F1,03/17/2022,10:02:00,765.75,767.55,765.75,767.55,4500,603000
INTELLECT_F1,03/17/2022,10:04:00,767.50,767.50,767.00,767.00,2250,603000
INTELLECT_F1,03/17/2022,10:06:00,766.50,766.50,766.50,766.50,1500,603750
INTELLECT_F1,03/17/2022,10:07:00,763.55,763.90,762.60,762.60,3750,603750
INTELLECT_F1,03/17/2022,10:08:00,764.15,764.15,764.15,764.15,750,603000
INTELLECT_F1,03/17/2022,10:09:00,764.10,764.10,763.25,763.25,1500,603000
INTELLECT_F1,03/17/2022,10:12:00,763.00,763.00,763.00,763.00,1500,601500
INTELLECT_F1,03/17/2022,10:15:00,762.95,762.95,762.95,762.95,750,601500
INTELLECT_F1,03/17/2022,10:16:00,761.95,761.95,761.95,761.95,2250,601500
INTELLECT_F1,03/17/2022,10:17:00,761.95,763.40,761.95,763.40,1500,601500
INTELLECT_F1,03/17/2022,10:21:00,762.00,762.00,762.00,762.00,750,600000
INTELLECT_F1,03/17/2022,10:22:00,759.95,760.95,759.95,760.95,8250,600000
INTELLECT_F1,03/17/2022,10:24:00,761.00,761.00,761.00,761.00,750,596250
INTELLECT_F1,03/17/2022,10:26:00,761.85,761.85,761.50,761.50,1500,596250
INTELLECT_F1,03/17/2022,10:28:00,762.00,762.00,762.00,762.00,1500,597000
INTELLECT_F1,03/17/2022,10:32:00,763.00,763.00,763.00,763.00,750,597750
INTELLECT_F1,03/17/2022,10:33:00,762.55,762.55,762.55,762.55,750,598500
INTELLECT_F1,03/17/2022,10:37:00,762.80,762.80,762.80,762.80,1500,597750
INTELLECT_F1,03/17/2022,10:39:00,763.60,763.80,763.60,763.80,3750,597000
INTELLECT_F1,03/17/2022,10:42:00,767.90,768.20,767.90,768.20,8250,594000
INTELLECT_F1,03/17/2022,10:43:00,769.00,769.55,767.80,769.55,11250,594000
INTELLECT_F1,03/17/2022,10:44:00,771.20,771.20,769.90,769.90,7500,609000
INTELLECT_F1,03/17/2022,10:45:00,769.90,771.00,769.50,771.00,8250,609000
INTELLECT_F1,03/17/2022,10:46:00,768.90,768.90,768.90,768.90,750,609000
INTELLECT_F1,03/17/2022,10:47:00,770.05,770.25,769.95,770.00,9750,613500
INTELLECT_F1,03/17/2022,10:48:00,770.80,770.80,770.00,770.00,1500,613500
INTELLECT_F1,03/17/2022,10:49:00,771.00,774.00,771.00,774.00,17250,613500
INTELLECT_F1,03/17/2022,10:50:00,774.90,776.00,774.90,775.10,6000,624000
INTELLECT_F1,03/17/2022,10:51:00,775.00,775.00,775.00,775.00,3750,624000
INTELLECT_F1,03/17/2022,10:52:00,774.75,774.75,773.35,774.20,2250,624000
INTELLECT_F1,03/17/2022,10:53:00,774.30,775.00,774.30,774.45,3750,624000
INTELLECT_F1,03/17/2022,10:54:00,774.05,774.75,774.05,774.75,3000,630750
INTELLECT_F1,03/17/2022,10:55:00,775.50,777.45,775.50,777.45,9750,630750
INTELLECT_F1,03/17/2022,10:56:00,778.20,778.30,777.75,778.30,7500,639000
INTELLECT_F1,03/17/2022,10:57:00,778.85,779.70,778.85,779.70,6750,639000
INTELLECT_F1,03/17/2022,10:58:00,779.70,779.70,778.60,779.70,3750,639000
INTELLECT_F1,03/17/2022,10:59:00,779.70,779.75,778.60,779.75,3750,639750
INTELLECT_F1,03/17/2022,11:00:00,779.85,779.85,779.85,779.85,3000,639750
INTELLECT_F1,03/17/2022,11:01:00,778.45,778.45,778.05,778.05,2250,639750
INTELLECT_F1,03/17/2022,11:02:00,777.80,777.80,777.80,777.80,750,639750
INTELLECT_F1,03/17/2022,11:04:00,777.20,778.40,777.00,777.00,3750,642000
INTELLECT_F1,03/17/2022,11:05:00,777.40,777.40,777.40,777.40,750,642000
INTELLECT_F1,03/17/2022,11:06:00,777.00,777.00,775.00,775.00,4500,642000
INTELLECT_F1,03/17/2022,11:07:00,776.45,776.45,776.00,776.00,1500,642000
INTELLECT_F1,03/17/2022,11:08:00,775.00,775.00,775.00,775.00,750,642000
INTELLECT_F1,03/17/2022,11:09:00,775.65,775.65,775.65,775.65,750,640500
INTELLECT_F1,03/17/2022,11:10:00,775.65,775.65,775.65,775.65,750,640500
INTELLECT_F1,03/17/2022,11:12:00,776.45,778.25,776.45,778.25,2250,641250
INTELLECT_F1,03/17/2022,11:13:00,778.45,778.50,778.45,778.45,3000,641250
INTELLECT_F1,03/17/2022,11:14:00,778.45,778.45,778.45,778.45,2250,641250
INTELLECT_F1,03/17/2022,11:15:00,778.75,779.00,778.75,779.00,2250,645750
INTELLECT_F1,03/17/2022,11:16:00,779.00,780.90,779.00,780.90,3750,645750
INTELLECT_F1,03/17/2022,11:17:00,780.95,780.95,780.00,780.80,3000,645750
INTELLECT_F1,03/17/2022,11:18:00,779.60,779.65,779.40,779.65,4500,646500
INTELLECT_F1,03/17/2022,11:20:00,777.70,777.70,777.70,777.70,750,646500
INTELLECT_F1,03/17/2022,11:22:00,776.00,776.00,776.00,776.00,2250,648750
INTELLECT_F1,03/17/2022,11:25:00,777.00,777.00,777.00,777.00,750,650250
INTELLECT_F1,03/17/2022,11:26:00,777.85,778.50,777.85,778.50,1500,650250
INTELLECT_F1,03/17/2022,11:32:00,777.35,777.35,777.35,777.35,750,649500
INTELLECT_F1,03/17/2022,11:33:00,777.35,777.35,777.35,777.35,750,649500
INTELLECT_F1,03/17/2022,11:35:00,777.00,777.00,777.00,777.00,750,649500
INTELLECT_F1,03/17/2022,11:37:00,777.95,777.95,777.95,777.95,750,650250
INTELLECT_F1,03/17/2022,11:44:00,778.00,778.00,778.00,778.00,4500,650250
INTELLECT_F1,03/17/2022,11:46:00,777.95,777.95,777.95,777.95,750,653250
INTELLECT_F1,03/17/2022,11:47:00,778.20,778.50,778.20,778.50,1500,653250
INTELLECT_F1,03/17/2022,11:48:00,779.60,779.60,779.60,779.60,750,654750
INTELLECT_F1,03/17/2022,11:50:00,779.60,779.60,779.60,779.60,750,654750
INTELLECT_F1,03/17/2022,11:52:00,778.50,778.50,778.45,778.45,1500,655500
INTELLECT_F1,03/17/2022,11:54:00,777.90,777.90,777.90,777.90,1500,654750
INTELLECT_F1,03/17/2022,12:01:00,777.30,777.30,777.00,777.00,2250,656250
INTELLECT_F1,03/17/2022,12:05:00,776.75,776.75,776.70,776.70,1500,655500
INTELLECT_F1,03/17/2022,12:06:00,775.35,775.35,775.15,775.15,7500,654750
INTELLECT_F1,03/17/2022,12:07:00,775.00,775.00,775.00,775.00,2250,654750
INTELLECT_F1,03/17/2022,12:08:00,774.05,774.05,773.00,773.00,3000,654750
INTELLECT_F1,03/17/2022,12:09:00,774.00,774.00,774.00,774.00,1500,651000
INTELLECT_F1,03/17/2022,12:15:00,773.35,773.35,773.35,773.35,750,649500
INTELLECT_F1,03/17/2022,12:24:00,775.00,775.00,775.00,775.00,6750,648000
INTELLECT_F1,03/17/2022,12:25:00,775.70,775.70,775.70,775.70,1500,648000
INTELLECT_F1,03/17/2022,12:28:00,774.15,774.20,774.15,774.20,1500,653250
INTELLECT_F1,03/17/2022,12:29:00,776.85,778.60,776.85,778.60,13500,653250
INTELLECT_F1,03/17/2022,12:30:00,776.35,776.35,776.35,776.35,750,653250
INTELLECT_F1,03/17/2022,12:42:00,774.50,774.50,774.50,774.50,3000,665250
INTELLECT_F1,03/17/2022,12:43:00,775.75,775.75,775.75,775.75,750,665250
INTELLECT_F1,03/17/2022,12:48:00,776.00,776.00,776.00,776.00,750,664500
INTELLECT_F1,03/17/2022,12:53:00,775.50,775.50,775.00,775.00,2250,664500
INTELLECT_F1,03/17/2022,12:55:00,774.95,774.95,774.95,774.95,750,663000
INTELLECT_F1,03/17/2022,12:56:00,774.70,774.70,774.70,774.70,750,663000
INTELLECT_F1,03/17/2022,13:06:00,774.05,774.05,774.05,774.05,750,661500
INTELLECT_F1,03/17/2022,13:07:00,774.00,774.00,774.00,774.00,750,661500
INTELLECT_F1,03/17/2022,13:10:00,773.75,774.00,773.75,774.00,1500,660000
INTELLECT_F1,03/17/2022,13:22:00,774.00,774.00,774.00,774.00,750,659250
INTELLECT_F1,03/17/2022,13:23:00,774.10,774.10,774.10,774.10,750,659250
INTELLECT_F1,03/17/2022,13:31:00,773.90,774.00,773.90,774.00,1500,658500
INTELLECT_F1,03/17/2022,13:32:00,774.05,774.05,774.05,774.05,750,658500
INTELLECT_F1,03/17/2022,13:33:00,774.50,774.50,774.50,774.50,1500,658500
INTELLECT_F1,03/17/2022,13:37:00,774.20,774.20,774.20,774.20,750,656250
INTELLECT_F1,03/17/2022,13:42:00,774.20,774.20,774.20,774.20,750,656250
INTELLECT_F1,03/17/2022,13:46:00,773.35,773.35,773.35,773.35,750,656250
INTELLECT_F1,03/17/2022,13:51:00,773.55,773.55,773.55,773.55,1500,655500
INTELLECT_F1,03/17/2022,13:58:00,774.05,774.05,774.05,774.05,750,656250
INTELLECT_F1,03/17/2022,14:00:00,774.00,774.45,774.00,774.45,2250,656250
INTELLECT_F1,03/17/2022,14:04:00,774.75,774.75,774.75,774.75,750,656250
INTELLECT_F1,03/17/2022,14:06:00,774.00,774.00,774.00,774.00,2250,656250
INTELLECT_F1,03/17/2022,14:09:00,774.95,775.85,774.95,775.85,1500,657000
INTELLECT_F1,03/17/2022,14:14:00,775.85,775.85,775.85,775.85,750,656250
INTELLECT_F1,03/17/2022,14:15:00,777.80,779.00,777.80,779.00,13500,666750
INTELLECT_F1,03/17/2022,14:17:00,780.00,780.00,779.40,779.40,1500,666750
INTELLECT_F1,03/17/2022,14:19:00,779.60,779.60,779.60,779.60,750,669000
INTELLECT_F1,03/17/2022,14:20:00,779.65,780.20,779.50,779.50,2250,669000
INTELLECT_F1,03/17/2022,14:22:00,778.65,778.65,778.65,778.65,750,669000
INTELLECT_F1,03/17/2022,14:26:00,776.25,776.25,776.25,776.25,12000,669750
INTELLECT_F1,03/17/2022,14:32:00,774.20,774.20,774.20,774.20,750,662250
INTELLECT_F1,03/17/2022,14:33:00,775.70,775.70,775.55,775.55,5250,663000
INTELLECT_F1,03/17/2022,14:35:00,774.95,774.95,774.95,774.95,750,663000
INTELLECT_F1,03/17/2022,14:36:00,773.70,774.00,773.70,774.00,1500,663000
INTELLECT_F1,03/17/2022,14:37:00,774.35,774.65,774.35,774.65,3750,662250
INTELLECT_F1,03/17/2022,14:42:00,774.90,774.90,774.90,774.90,750,661500
INTELLECT_F1,03/17/2022,14:44:00,774.90,774.90,774.90,774.90,750,661500
INTELLECT_F1,03/17/2022,14:45:00,774.90,774.90,774.90,774.90,750,661500
INTELLECT_F1,03/17/2022,14:46:00,773.50,773.50,773.50,773.50,1500,661500
INTELLECT_F1,03/17/2022,14:47:00,773.10,773.10,773.00,773.00,1500,661500
INTELLECT_F1,03/17/2022,14:50:00,773.00,773.00,772.40,772.40,3750,662250
INTELLECT_F1,03/17/2022,14:52:00,772.05,772.05,772.05,772.05,750,662250
INTELLECT_F1,03/17/2022,14:54:00,773.30,774.00,773.30,774.00,2250,662250
INTELLECT_F1,03/17/2022,14:55:00,772.15,772.15,772.15,772.15,750,663750
INTELLECT_F1,03/17/2022,14:57:00,773.00,773.00,773.00,773.00,750,663750
INTELLECT_F1,03/17/2022,14:59:00,772.25,772.25,772.25,772.25,750,663750
INTELLECT_F1,03/17/2022,15:00:00,772.20,772.20,772.20,772.20,1500,663750
INTELLECT_F1,03/17/2022,15:01:00,772.00,772.00,771.50,771.50,3000,664500
INTELLECT_F1,03/17/2022,15:02:00,768.70,768.70,768.70,768.70,7500,664500
INTELLECT_F1,03/17/2022,15:03:00,769.25,770.20,769.25,770.20,3000,664500
INTELLECT_F1,03/17/2022,15:06:00,769.40,769.40,769.40,769.40,750,664500
INTELLECT_F1,03/17/2022,15:08:00,769.10,769.85,769.10,769.85,2250,664500
INTELLECT_F1,03/17/2022,15:09:00,769.10,769.10,768.60,768.60,1500,664500
INTELLECT_F1,03/17/2022,15:10:00,769.15,769.15,769.15,769.15,1500,665250
INTELLECT_F1,03/17/2022,15:11:00,769.00,769.00,769.00,769.00,750,665250
INTELLECT_F1,03/17/2022,15:12:00,768.55,769.10,768.55,769.10,3750,665250
INTELLECT_F1,03/17/2022,15:13:00,769.15,769.50,769.15,769.50,5250,664500
INTELLECT_F1,03/17/2022,15:14:00,769.15,769.15,769.05,769.05,3750,664500
INTELLECT_F1,03/17/2022,15:15:00,769.10,769.10,769.10,769.10,1500,664500
INTELLECT_F1,03/17/2022,15:16:00,770.15,771.30,770.15,770.35,4500,666000
INTELLECT_F1,03/17/2022,15:17:00,770.30,770.30,770.30,770.30,750,666000
INTELLECT_F1,03/17/2022,15:18:00,770.50,770.50,770.50,770.50,750,666000
INTELLECT_F1,03/17/2022,15:20:00,771.40,773.15,771.40,773.15,6750,668250
INTELLECT_F1,03/17/2022,15:21:00,773.40,773.40,773.40,773.40,3000,668250
INTELLECT_F1,03/17/2022,15:22:00,773.00,773.00,772.35,772.35,3000,668250
INTELLECT_F1,03/17/2022,15:23:00,772.25,772.25,772.25,772.25,750,668250
INTELLECT_F1,03/17/2022,15:24:00,771.95,771.95,771.45,771.45,1500,668250
INTELLECT_F1,03/17/2022,15:25:00,770.35,770.35,769.70,769.70,1500,668250
INTELLECT_F1,03/17/2022,15:28:00,768.55,768.55,768.55,768.55,750,666750
INTELLECT_F1,03/17/2022,15:29:00,770.20,770.20,770.20,770.20,2250,666750
INTELLECT_F1,03/21/2022,09:20:00,770.10,770.10,770.10,770.10,751,661500
INTELLECT_F1,03/21/2022,09:21:00,773.20,773.20,773.20,773.20,2250,661500
INTELLECT_F1,03/21/2022,09:22:00,772.00,778.35,772.00,778.35,8250,661500
INTELLECT_F1,03/21/2022,09:23:00,782.15,786.00,782.15,786.00,22500,675750
INTELLECT_F1,03/21/2022,09:24:00,786.85,789.90,785.55,789.90,28500,675750
INTELLECT_F1,03/21/2022,09:25:00,789.90,789.90,789.90,789.90,3750,675750
INTELLECT_F1,03/21/2022,09:26:00,787.90,787.90,787.90,787.90,5250,675750
INTELLECT_F1,03/21/2022,09:27:00,787.75,787.75,786.60,786.60,1500,683250
INTELLECT_F1,03/21/2022,09:28:00,785.70,785.70,785.70,785.70,750,683250
INTELLECT_F1,03/21/2022,09:29:00,786.95,786.95,786.95,786.95,1500,683250
INTELLECT_F1,03/21/2022,09:30:00,786.55,786.55,786.55,786.55,1500,682500
INTELLECT_F1,03/21/2022,09:31:00,786.95,786.95,785.25,785.25,3000,682500
INTELLECT_F1,03/21/2022,09:32:00,785.05,786.20,785.05,786.20,4500,682500
INTELLECT_F1,03/21/2022,09:33:00,787.50,787.75,787.50,787.75,3750,682500
INTELLECT_F1,03/21/2022,09:34:00,786.90,786.90,786.90,786.90,1500,682500
INTELLECT_F1,03/21/2022,09:35:00,784.20,784.20,783.95,783.95,3000,689250
INTELLECT_F1,03/21/2022,09:36:00,785.60,785.60,785.60,785.60,3000,689250
INTELLECT_F1,03/21/2022,09:37:00,784.85,784.85,784.85,784.85,2250,689250
INTELLECT_F1,03/21/2022,09:38:00,784.70,784.70,784.70,784.70,750,689250
INTELLECT_F1,03/21/2022,09:39:00,784.35,784.35,784.35,784.35,1500,692250
INTELLECT_F1,03/21/2022,09:41:00,781.85,781.85,781.85,781.85,2250,692250
INTELLECT_F1,03/21/2022,09:42:00,782.95,785.60,782.95,785.60,2250,693750
INTELLECT_F1,03/21/2022,09:43:00,786.95,786.95,786.95,786.95,2250,693750
INTELLECT_F1,03/21/2022,09:44:00,786.60,786.60,786.60,786.60,750,693750
INTELLECT_F1,03/21/2022,09:47:00,785.00,785.00,785.00,785.00,750,692250
INTELLECT_F1,03/21/2022,09:50:00,787.10,787.10,787.10,787.10,9000,693000
INTELLECT_F1,03/21/2022,09:51:00,782.65,783.40,781.15,782.60,35250,693000
INTELLECT_F1,03/21/2022,09:52:00,782.80,782.80,776.20,777.15,30750,693000
INTELLECT_F1,03/21/2022,09:53:00,776.95,780.00,776.95,780.00,36000,718500
INTELLECT_F1,03/21/2022,09:54:00,779.00,782.15,779.00,782.15,10500,718500
INTELLECT_F1,03/21/2022,09:55:00,782.05,782.50,780.10,780.10,15000,718500
INTELLECT_F1,03/21/2022,09:56:00,779.15,779.15,779.15,779.15,1500,716250
INTELLECT_F1,03/21/2022,09:57:00,781.85,783.00,781.85,782.80,2250,716250
INTELLECT_F1,03/21/2022,10:00:00,780.70,780.70,780.70,780.70,2250,715500
INTELLECT_F1,03/21/2022,10:01:00,782.80,785.75,782.80,785.75,1500,715500
INTELLECT_F1,03/21/2022,10:02:00,786.10,786.10,786.10,786.10,2250,715500
INTELLECT_F1,03/21/2022,10:03:00,783.30,783.30,783.30,783.30,3750,717000
INTELLECT_F1,03/21/2022,10:05:00,783.00,783.00,783.00,783.00,750,717000
INTELLECT_F1,03/21/2022,10:06:00,784.00,784.00,784.00,784.00,3000,720000
INTELLECT_F1,03/21/2022,10:08:00,784.00,784.00,784.00,784.00,750,720000
INTELLECT_F1,03/21/2022,10:10:00,784.05,784.05,784.05,784.05,1500,717750
INTELLECT_F1,03/21/2022,10:17:00,784.00,784.45,784.00,784.45,8250,717000
INTELLECT_F1,03/21/2022,10:18:00,785.30,785.35,785.00,785.00,12750,723750
INTELLECT_F1,03/21/2022,10:19:00,784.00,784.00,784.00,784.00,750,723750
INTELLECT_F1,03/21/2022,10:20:00,784.05,784.05,784.05,784.05,3000,723750
INTELLECT_F1,03/21/2022,10:23:00,784.00,784.00,784.00,784.00,1500,718500
INTELLECT_F1,03/21/2022,10:25:00,784.00,784.00,784.00,784.00,750,718500
INTELLECT_F1,03/21/2022,10:26:00,784.65,784.65,784.65,784.65,750,718500
INTELLECT_F1,03/21/2022,10:27:00,784.70,784.70,784.70,784.70,1500,718500
INTELLECT_F1,03/21/2022,10:30:00,785.00,785.00,785.00,785.00,1500,718500
INTELLECT_F1,03/21/2022,10:45:00,784.55,784.55,784.55,784.55,750,717000
INTELLECT_F1,03/21/2022,10:46:00,785.75,785.75,785.75,785.75,750,717000
INTELLECT_F1,03/21/2022,10:48:00,785.80,785.80,785.80,785.80,750,716250
INTELLECT_F1,03/21/2022,10:50:00,786.00,786.00,786.00,786.00,1500,716250
INTELLECT_F1,03/21/2022,10:54:00,787.00,787.00,785.65,785.65,1500,715500
INTELLECT_F1,03/21/2022,10:56:00,787.15,787.15,787.15,787.15,750,715500
INTELLECT_F1,03/21/2022,10:57:00,787.35,787.50,787.35,787.50,2250,714750
INTELLECT_F1,03/21/2022,10:58:00,787.50,787.75,787.50,787.75,3000,714750
INTELLECT_F1,03/21/2022,10:59:00,787.85,787.85,786.80,786.80,1500,714750
INTELLECT_F1,03/21/2022,11:01:00,786.85,786.85,786.85,786.85,750,720750
INTELLECT_F1,03/21/2022,11:02:00,786.85,786.85,786.85,786.85,750,720750
INTELLECT_F1,03/21/2022,11:03:00,787.00,787.00,787.00,787.00,750,720750
INTELLECT_F1,03/21/2022,11:05:00,787.00,787.00,787.00,787.00,1500,721500
INTELLECT_F1,03/21/2022,11:08:00,785.00,785.00,785.00,785.00,750,720000
INTELLECT_F1,03/21/2022,11:14:00,784.85,784.85,784.85,784.85,750,718500
INTELLECT_F1,03/21/2022,11:15:00,785.55,785.55,785.55,785.55,750,719250
INTELLECT_F1,03/21/2022,11:16:00,784.80,784.80,784.80,784.80,750,719250
INTELLECT_F1,03/21/2022,11:17:00,785.20,785.20,785.20,785.20,4500,719250
INTELLECT_F1,03/21/2022,11:18:00,785.00,785.00,785.00,785.00,750,719250
INTELLECT_F1,03/21/2022,11:21:00,783.95,783.95,783.95,783.95,750,722250
INTELLECT_F1,03/21/2022,11:22:00,784.50,785.50,784.50,785.50,2250,722250
INTELLECT_F1,03/21/2022,11:23:00,785.50,785.50,785.50,785.50,750,722250
INTELLECT_F1,03/21/2022,11:25:00,785.70,785.70,785.70,785.70,750,723000
INTELLECT_F1,03/21/2022,11:27:00,784.40,784.70,784.00,784.70,4500,724500
INTELLECT_F1,03/21/2022,11:29:00,785.00,785.00,785.00,785.00,750,724500
INTELLECT_F1,03/21/2022,11:33:00,784.80,784.80,784.80,784.80,750,723750
INTELLECT_F1,03/21/2022,11:34:00,785.15,785.15,785.15,785.15,750,723750
INTELLECT_F1,03/21/2022,11:39:00,784.35,784.35,784.35,784.35,750,724500
INTELLECT_F1,03/21/2022,11:43:00,784.40,784.40,784.40,784.40,750,724500
INTELLECT_F1,03/21/2022,11:46:00,784.60,784.60,784.60,784.60,750,724500
INTELLECT_F1,03/21/2022,11:47:00,783.65,783.65,783.65,783.65,750,724500
INTELLECT_F1,03/21/2022,11:49:00,783.55,783.55,783.55,783.55,750,723750
INTELLECT_F1,03/21/2022,11:55:00,782.60,782.60,782.60,782.60,1500,723750
INTELLECT_F1,03/21/2022,12:00:00,783.05,783.35,783.05,783.35,3000,724500
INTELLECT_F1,03/21/2022,12:13:00,782.35,782.35,782.35,782.35,750,725250
INTELLECT_F1,03/21/2022,12:16:00,782.80,782.80,782.80,782.80,750,725250
INTELLECT_F1,03/21/2022,12:24:00,786.30,786.30,786.30,786.30,750,725250
INTELLECT_F1,03/21/2022,12:25:00,787.45,787.45,787.45,787.45,750,725250
INTELLECT_F1,03/21/2022,12:26:00,786.00,786.00,786.00,786.00,3000,725250
INTELLECT_F1,03/21/2022,12:28:00,785.00,785.00,785.00,785.00,2250,723000
INTELLECT_F1,03/21/2022,12:30:00,785.00,785.00,785.00,785.00,3000,720750
INTELLECT_F1,03/21/2022,12:36:00,783.70,783.70,783.70,783.70,3000,717750
INTELLECT_F1,03/21/2022,12:37:00,784.25,784.25,782.60,782.60,2250,717750
INTELLECT_F1,03/21/2022,12:46:00,783.10,783.10,783.10,783.10,750,717000
INTELLECT_F1,03/21/2022,12:53:00,782.30,782.30,782.30,782.30,750,717750
INTELLECT_F1,03/21/2022,12:57:00,783.65,783.65,783.65,783.65,750,716250
INTELLECT_F1,03/21/2022,12:58:00,783.75,783.75,783.75,783.75,750,717000
INTELLECT_F1,03/21/2022,12:59:00,784.15,784.15,784.15,784.15,750,717000
INTELLECT_F1,03/21/2022,13:04:00,784.20,784.20,784.20,784.20,750,716250
INTELLECT_F1,03/21/2022,13:05:00,784.40,784.40,784.40,784.40,750,716250
INTELLECT_F1,03/21/2022,13:06:00,785.30,785.30,785.30,785.30,750,715500
INTELLECT_F1,03/21/2022,13:07:00,785.20,785.20,785.20,785.20,750,715500
INTELLECT_F1,03/21/2022,13:11:00,784.35,787.85,784.35,787.85,7500,714750
INTELLECT_F1,03/21/2022,13:12:00,786.70,786.70,786.70,786.70,2250,714000
INTELLECT_F1,03/21/2022,13:14:00,788.00,789.45,788.00,789.45,4500,714000
INTELLECT_F1,03/21/2022,13:15:00,790.55,790.55,790.55,790.55,4500,717750
INTELLECT_F1,03/21/2022,13:16:00,788.25,789.00,788.25,789.00,4500,717750
INTELLECT_F1,03/21/2022,13:17:00,789.00,790.00,789.00,790.00,3000,717750
INTELLECT_F1,03/21/2022,13:18:00,790.20,790.50,790.20,790.50,2250,717750
INTELLECT_F1,03/21/2022,13:19:00,790.90,792.40,790.90,792.40,11250,723750
INTELLECT_F1,03/21/2022,13:20:00,793.50,797.00,793.50,797.00,14250,723750
INTELLECT_F1,03/21/2022,13:21:00,797.70,798.50,797.70,798.50,14250,729750
INTELLECT_F1,03/21/2022,13:22:00,799.60,801.10,799.60,801.10,13500,729750
INTELLECT_F1,03/21/2022,13:23:00,801.25,803.00,801.25,803.00,31500,729750
INTELLECT_F1,03/21/2022,13:24:00,802.25,803.60,801.85,803.60,23250,738000
INTELLECT_F1,03/21/2022,13:25:00,804.55,804.55,800.25,800.25,22500,738000
INTELLECT_F1,03/21/2022,13:26:00,800.00,800.00,796.55,799.10,15750,738000
INTELLECT_F1,03/21/2022,13:27:00,798.35,799.50,798.20,799.50,7500,741750
INTELLECT_F1,03/21/2022,13:28:00,799.50,799.50,799.50,799.50,2250,741750
INTELLECT_F1,03/21/2022,13:29:00,801.00,801.90,801.00,801.90,4500,741750
INTELLECT_F1,03/21/2022,13:30:00,802.00,802.30,802.00,802.30,5250,747000
INTELLECT_F1,03/21/2022,13:32:00,800.70,800.95,800.40,800.40,3000,747000
INTELLECT_F1,03/21/2022,13:33:00,801.00,801.00,801.00,801.00,1500,747000
INTELLECT_F1,03/21/2022,13:34:00,800.60,800.60,800.60,800.60,2250,742500
INTELLECT_F1,03/21/2022,13:35:00,799.70,799.70,799.55,799.70,3750,742500
INTELLECT_F1,03/21/2022,13:36:00,799.50,799.50,799.05,799.05,9000,744750
INTELLECT_F1,03/21/2022,13:37:00,799.60,799.60,796.95,797.55,6750,744750
INTELLECT_F1,03/21/2022,13:38:00,798.50,798.50,798.50,798.50,750,744750
INTELLECT_F1,03/21/2022,13:41:00,800.20,800.20,800.20,800.20,2250,750000
INTELLECT_F1,03/21/2022,13:42:00,799.60,799.60,799.60,799.60,750,750000
INTELLECT_F1,03/21/2022,13:43:00,800.20,800.25,800.20,800.25,6000,749250
INTELLECT_F1,03/21/2022,13:44:00,800.25,800.25,800.25,800.25,750,749250
INTELLECT_F1,03/21/2022,13:45:00,801.05,808.70,801.05,808.70,26250,756000
INTELLECT_F1,03/21/2022,13:46:00,808.70,813.30,807.90,813.30,23250,756000
INTELLECT_F1,03/21/2022,13:47:00,814.00,814.00,812.25,812.25,21000,756000
INTELLECT_F1,03/21/2022,13:48:00,815.50,815.50,814.00,815.40,9750,792000
INTELLECT_F1,03/21/2022,13:49:00,815.90,817.15,815.00,817.15,13500,792000
INTELLECT_F1,03/21/2022,13:50:00,816.00,816.00,814.80,815.10,18000,792000
INTELLECT_F1,03/21/2022,13:51:00,815.70,817.50,815.70,817.50,11250,806250
INTELLECT_F1,03/21/2022,13:52:00,817.50,820.90,817.50,819.95,30000,806250
INTELLECT_F1,03/21/2022,13:53:00,819.95,819.95,818.05,818.10,6750,806250
INTELLECT_F1,03/21/2022,13:54:00,815.95,815.95,814.00,814.00,15750,814500
INTELLECT_F1,03/21/2022,13:55:00,813.95,813.95,813.30,813.30,15000,814500
INTELLECT_F1,03/21/2022,13:56:00,814.00,814.00,814.00,814.00,3000,814500
INTELLECT_F1,03/21/2022,13:57:00,814.00,818.05,814.00,815.00,18750,808500
INTELLECT_F1,03/21/2022,13:58:00,815.05,815.80,814.20,815.00,6000,808500
INTELLECT_F1,03/21/2022,13:59:00,814.10,814.10,813.05,813.05,6000,808500
INTELLECT_F1,03/21/2022,14:00:00,813.00,813.50,813.00,813.00,7500,808500
INTELLECT_F1,03/21/2022,14:01:00,813.00,813.00,812.75,812.75,6000,808500
INTELLECT_F1,03/21/2022,14:02:00,813.55,814.20,813.55,814.20,3750,808500
INTELLECT_F1,03/21/2022,14:03:00,814.25,814.25,814.25,814.25,750,805500
INTELLECT_F1,03/21/2022,14:05:00,814.20,814.20,814.20,814.20,750,805500
INTELLECT_F1,03/21/2022,14:06:00,813.00,813.00,813.00,813.00,2250,805500
INTELLECT_F1,03/21/2022,14:07:00,812.55,812.55,812.55,812.55,3750,807000
INTELLECT_F1,03/21/2022,14:08:00,812.50,812.50,812.50,812.50,750,807000
INTELLECT_F1,03/21/2022,14:09:00,811.50,812.20,811.50,812.20,6750,811500
INTELLECT_F1,03/21/2022,14:11:00,811.65,811.65,811.65,811.65,750,811500
INTELLECT_F1,03/21/2022,14:12:00,813.05,813.05,813.05,813.05,2250,811500
INTELLECT_F1,03/21/2022,14:13:00,810.85,810.85,810.85,810.85,3000,810750
INTELLECT_F1,03/21/2022,14:14:00,811.85,812.20,811.85,812.20,4500,810750
INTELLECT_F1,03/21/2022,14:15:00,812.00,813.05,812.00,813.05,1500,811500
INTELLECT_F1,03/21/2022,14:16:00,812.65,812.65,812.65,812.65,750,811500
INTELLECT_F1,03/21/2022,14:17:00,812.05,813.15,812.05,813.15,1500,811500
INTELLECT_F1,03/21/2022,14:18:00,814.00,814.00,814.00,814.00,2250,811500
INTELLECT_F1,03/21/2022,14:20:00,815.00,815.00,813.60,813.60,2250,800250
INTELLECT_F1,03/21/2022,14:21:00,812.90,813.00,811.90,811.90,9000,801000
INTELLECT_F1,03/21/2022,14:22:00,811.95,812.50,811.95,812.50,3750,801000
INTELLECT_F1,03/21/2022,14:23:00,811.95,811.95,811.80,811.80,10500,801000
INTELLECT_F1,03/21/2022,14:24:00,811.45,811.45,810.30,810.30,2250,804000
INTELLECT_F1,03/21/2022,14:25:00,809.20,812.00,809.20,812.00,14250,804000
INTELLECT_F1,03/21/2022,14:26:00,812.00,812.35,811.00,811.00,9000,804000
INTELLECT_F1,03/21/2022,14:27:00,811.00,811.00,811.00,811.00,8250,814500
INTELLECT_F1,03/21/2022,14:28:00,811.25,811.95,811.25,811.95,3000,814500
INTELLECT_F1,03/21/2022,14:29:00,813.00,813.00,813.00,813.00,3000,814500
INTELLECT_F1,03/21/2022,14:30:00,812.55,812.55,811.90,811.95,9000,819000
INTELLECT_F1,03/21/2022,14:31:00,812.95,813.00,812.90,813.00,5250,819000
INTELLECT_F1,03/21/2022,14:32:00,813.00,813.00,813.00,813.00,3000,819000
INTELLECT_F1,03/21/2022,14:37:00,811.20,812.00,811.20,812.00,1500,823500
INTELLECT_F1,03/21/2022,14:38:00,812.00,812.50,812.00,812.50,3000,823500
INTELLECT_F1,03/21/2022,14:39:00,813.50,813.50,813.50,813.50,3000,823500
INTELLECT_F1,03/21/2022,14:40:00,812.00,812.00,811.65,811.65,3750,824250
INTELLECT_F1,03/21/2022,14:41:00,811.65,811.65,811.65,811.65,750,824250
INTELLECT_F1,03/21/2022,14:43:00,810.00,811.65,810.00,811.65,7500,823500
INTELLECT_F1,03/21/2022,14:45:00,812.50,812.50,812.50,812.50,750,823500
INTELLECT_F1,03/21/2022,14:46:00,812.00,812.00,812.00,812.00,750,820500
INTELLECT_F1,03/21/2022,14:47:00,810.20,810.20,810.20,810.20,1500,820500
INTELLECT_F1,03/21/2022,14:48:00,811.25,811.45,811.25,811.45,3750,820500
INTELLECT_F1,03/21/2022,14:50:00,810.25,810.40,810.25,810.40,1500,820500
INTELLECT_F1,03/21/2022,14:51:00,810.35,811.00,810.00,811.00,6000,822000
INTELLECT_F1,03/21/2022,14:52:00,810.05,810.05,810.05,810.05,1500,822000
INTELLECT_F1,03/21/2022,14:53:00,809.90,811.00,809.90,811.00,2250,822000
INTELLECT_F1,03/21/2022,14:54:00,810.20,810.60,810.10,810.10,3000,821250
INTELLECT_F1,03/21/2022,14:55:00,811.30,811.30,811.30,811.30,750,821250
INTELLECT_F1,03/21/2022,14:56:00,810.05,810.05,810.05,810.05,750,821250
INTELLECT_F1,03/21/2022,14:57:00,810.50,810.50,810.45,810.45,1500,824250
INTELLECT_F1,03/21/2022,14:59:00,811.00,811.00,811.00,811.00,750,824250
INTELLECT_F1,03/21/2022,15:00:00,811.35,811.35,811.35,811.35,4500,824250
INTELLECT_F1,03/21/2022,15:01:00,813.05,813.05,813.05,813.05,750,824250
INTELLECT_F1,03/21/2022,15:02:00,812.80,812.80,811.00,811.00,1500,824250
INTELLECT_F1,03/21/2022,15:03:00,810.25,810.25,809.60,809.60,1500,825750
INTELLECT_F1,03/21/2022,15:04:00,808.00,808.00,808.00,808.00,750,825750
INTELLECT_F1,03/21/2022,15:05:00,807.05,807.60,807.05,807.55,7500,825750
INTELLECT_F1,03/21/2022,15:06:00,807.50,807.50,807.50,807.50,750,825750
INTELLECT_F1,03/21/2022,15:07:00,807.50,807.50,807.50,807.50,750,826500
INTELLECT_F1,03/21/2022,15:08:00,807.40,807.40,807.40,807.40,750,826500
INTELLECT_F1,03/21/2022,15:09:00,807.10,807.10,807.00,807.00,1500,826500
INTELLECT_F1,03/21/2022,15:10:00,806.65,806.65,806.30,806.30,2250,826500
INTELLECT_F1,03/21/2022,15:11:00,806.25,806.25,805.00,805.00,6000,826500
INTELLECT_F1,03/21/2022,15:12:00,804.35,804.35,803.80,803.80,3750,819750
INTELLECT_F1,03/21/2022,15:13:00,804.15,804.15,804.00,804.00,2250,819750
INTELLECT_F1,03/21/2022,15:14:00,804.00,804.00,802.15,803.00,5250,819750
INTELLECT_F1,03/21/2022,15:16:00,803.60,805.00,803.60,805.00,6000,819750
INTELLECT_F1,03/21/2022,15:17:00,806.00,808.00,806.00,808.00,2250,819750
INTELLECT_F1,03/21/2022,15:18:00,808.00,808.00,806.00,806.00,4500,821250
INTELLECT_F1,03/21/2022,15:19:00,806.70,806.95,806.70,806.95,2250,821250
INTELLECT_F1,03/21/2022,15:20:00,806.25,806.25,806.25,806.25,750,821250
INTELLECT_F1,03/21/2022,15:21:00,804.85,804.85,804.85,804.85,3000,821250
INTELLECT_F1,03/21/2022,15:22:00,805.95,805.95,805.95,805.95,3000,824250
INTELLECT_F1,03/21/2022,15:23:00,804.65,804.65,804.65,804.65,750,824250
INTELLECT_F1,03/21/2022,15:24:00,805.00,805.00,805.00,805.00,750,824250
INTELLECT_F1,03/21/2022,15:25:00,804.35,806.00,804.35,806.00,6750,823500
INTELLECT_F1,03/21/2022,15:26:00,806.00,806.00,805.45,805.45,2250,823500
INTELLECT_F1,03/21/2022,15:27:00,807.00,807.00,806.25,806.50,4500,822750
INTELLECT_F1,03/21/2022,15:28:00,807.20,807.20,807.20,807.20,750,822750
INTELLECT_F1,03/21/2022,15:29:00,806.05,806.05,806.05,806.05,16500,822750
INTELLECT_F1,03/21/2022,15:30:00,809.95,809.95,809.95,809.95,750,822750
INTELLECT_F1,03/22/2022,09:15:00,810.00,810.00,809.95,809.95,2252,827250
INTELLECT_F1,03/22/2022,09:16:00,810.25,811.80,810.25,811.80,6750,827250
INTELLECT_F1,03/22/2022,09:17:00,811.90,812.50,811.90,812.50,3000,831750
INTELLECT_F1,03/22/2022,09:18:00,812.55,812.55,812.40,812.40,4500,831750
INTELLECT_F1,03/22/2022,09:19:00,811.70,812.00,811.70,812.00,8250,831750
INTELLECT_F1,03/22/2022,09:20:00,811.00,812.00,811.00,812.00,6000,843000
INTELLECT_F1,03/22/2022,09:21:00,811.95,811.95,811.95,811.95,750,843000
INTELLECT_F1,03/22/2022,09:22:00,811.85,811.85,811.85,811.85,750,843000
INTELLECT_F1,03/22/2022,09:23:00,810.05,810.90,810.05,810.90,3750,847500
INTELLECT_F1,03/22/2022,09:24:00,811.55,812.00,811.55,812.00,5250,847500
INTELLECT_F1,03/22/2022,09:25:00,811.15,811.15,811.15,811.15,1500,847500
INTELLECT_F1,03/22/2022,09:26:00,810.05,810.50,810.05,810.50,1500,848250
INTELLECT_F1,03/22/2022,09:27:00,810.00,810.00,810.00,810.00,750,848250
INTELLECT_F1,03/22/2022,09:28:00,810.05,810.05,807.00,807.00,8250,848250
INTELLECT_F1,03/22/2022,09:29:00,806.45,806.45,804.95,804.95,3000,852000
INTELLECT_F1,03/22/2022,09:30:00,803.60,805.00,803.60,804.05,5250,852000
INTELLECT_F1,03/22/2022,09:31:00,804.00,807.20,804.00,807.20,8250,852000
INTELLECT_F1,03/22/2022,09:32:00,806.95,806.95,806.35,806.35,3750,858000
INTELLECT_F1,03/22/2022,09:33:00,801.35,801.35,801.35,801.35,3750,858000
INTELLECT_F1,03/22/2022,09:34:00,801.00,801.00,800.40,800.40,1500,858000
INTELLECT_F1,03/22/2022,09:35:00,799.20,799.20,799.20,799.20,3750,858000
INTELLECT_F1,03/22/2022,09:36:00,801.00,801.00,801.00,801.00,750,858000
INTELLECT_F1,03/22/2022,09:37:00,802.00,802.00,802.00,802.00,2250,858000
INTELLECT_F1,03/22/2022,09:39:00,800.80,800.80,800.80,800.80,750,856500
INTELLECT_F1,03/22/2022,09:40:00,799.40,799.40,799.40,799.40,750,856500
INTELLECT_F1,03/22/2022,09:41:00,796.70,796.70,796.65,796.65,24750,851250
INTELLECT_F1,03/22/2022,09:42:00,796.70,798.25,796.70,798.25,4500,851250
INTELLECT_F1,03/22/2022,09:43:00,800.05,800.05,800.05,800.05,1500,851250
INTELLECT_F1,03/22/2022,09:45:00,797.10,797.10,794.55,794.55,3000,848250
INTELLECT_F1,03/22/2022,09:46:00,795.00,795.00,795.00,795.00,2250,848250
INTELLECT_F1,03/22/2022,09:47:00,795.30,795.30,795.30,795.30,750,851250
INTELLECT_F1,03/22/2022,09:48:00,795.50,795.50,795.50,795.50,1500,851250
INTELLECT_F1,03/22/2022,09:50:00,797.35,797.35,797.35,797.35,7500,853500
INTELLECT_F1,03/22/2022,09:51:00,797.10,799.00,797.10,799.00,15000,853500
INTELLECT_F1,03/22/2022,09:52:00,799.00,799.00,799.00,799.00,2250,853500
INTELLECT_F1,03/22/2022,09:53:00,797.60,798.50,797.60,798.50,9000,872250
INTELLECT_F1,03/22/2022,09:54:00,800.80,801.30,800.80,801.30,7500,872250
INTELLECT_F1,03/22/2022,09:55:00,802.30,802.30,802.30,802.30,1500,872250
INTELLECT_F1,03/22/2022,09:56:00,804.10,804.10,804.10,804.10,750,879750
INTELLECT_F1,03/22/2022,09:57:00,805.10,807.60,805.10,807.60,4500,879750
INTELLECT_F1,03/22/2022,09:58:00,807.05,807.45,806.10,807.05,6000,879750
INTELLECT_F1,03/22/2022,09:59:00,810.85,810.85,810.85,810.85,3000,879750
INTELLECT_F1,03/22/2022,10:00:00,810.65,811.50,810.65,810.85,18750,881250
INTELLECT_F1,03/22/2022,10:01:00,810.70,812.55,810.70,812.55,5250,881250
INTELLECT_F1,03/22/2022,10:02:00,811.60,822.75,811.60,821.00,69000,884250
INTELLECT_F1,03/22/2022,10:03:00,820.10,823.30,818.10,818.10,30000,884250
INTELLECT_F1,03/22/2022,10:04:00,817.35,820.00,817.35,820.00,17250,884250
INTELLECT_F1,03/22/2022,10:05:00,817.60,817.60,815.25,815.25,12750,926250
INTELLECT_F1,03/22/2022,10:06:00,814.90,817.05,813.95,817.05,7500,926250
INTELLECT_F1,03/22/2022,10:07:00,816.95,822.00,815.00,822.00,18750,926250
INTELLECT_F1,03/22/2022,10:08:00,821.90,821.95,818.75,820.75,21000,933750
INTELLECT_F1,03/22/2022,10:09:00,821.10,822.80,821.00,822.80,11250,933750
INTELLECT_F1,03/22/2022,10:10:00,823.90,826.00,823.90,825.00,45000,933750
INTELLECT_F1,03/22/2022,10:11:00,825.70,828.00,825.00,828.00,39750,962250
INTELLECT_F1,03/22/2022,10:12:00,828.00,830.20,825.60,825.60,51750,962250
INTELLECT_F1,03/22/2022,10:13:00,825.05,826.55,822.25,822.25,25500,962250
INTELLECT_F1,03/22/2022,10:14:00,822.55,831.90,822.55,829.95,79500,1008000
INTELLECT_F1,03/22/2022,10:15:00,831.95,833.95,826.25,826.25,99750,1008000
INTELLECT_F1,03/22/2022,10:16:00,827.35,827.35,820.90,821.50,75750,1008000
INTELLECT_F1,03/22/2022,10:17:00,821.00,822.30,820.05,821.75,13500,1065000
INTELLECT_F1,03/22/2022,10:18:00,821.05,822.30,821.00,822.30,8250,1065000
INTELLECT_F1,03/22/2022,10:19:00,822.00,822.25,822.00,822.25,5250,1065000
INTELLECT_F1,03/22/2022,10:20:00,822.30,822.30,822.10,822.10,4500,1067250
INTELLECT_F1,03/22/2022,10:21:00,821.30,821.35,821.30,821.35,4500,1067250
INTELLECT_F1,03/22/2022,10:22:00,822.85,822.85,821.80,821.80,11250,1067250
INTELLECT_F1,03/22/2022,10:23:00,817.75,818.00,817.75,818.00,16500,1023750
INTELLECT_F1,03/22/2022,10:24:00,818.40,819.00,818.40,819.00,2250,1023750
INTELLECT_F1,03/22/2022,10:25:00,819.10,820.05,819.10,820.05,6750,1023750
INTELLECT_F1,03/22/2022,10:26:00,821.70,821.70,821.70,821.70,5250,1023750
INTELLECT_F1,03/22/2022,10:27:00,823.00,826.40,823.00,826.40,13500,1027500
INTELLECT_F1,03/22/2022,10:28:00,825.95,825.95,824.35,825.05,12000,1027500
INTELLECT_F1,03/22/2022,10:29:00,824.30,824.50,824.30,824.50,1500,1028250
INTELLECT_F1,03/22/2022,10:30:00,823.75,828.60,823.75,828.60,23250,1028250
INTELLECT_F1,03/22/2022,10:31:00,826.85,827.30,826.85,827.30,5250,1028250
INTELLECT_F1,03/22/2022,10:32:00,827.25,827.90,826.30,826.30,13500,1049250
INTELLECT_F1,03/22/2022,10:33:00,828.00,828.30,826.30,827.05,7500,1049250
INTELLECT_F1,03/22/2022,10:34:00,830.65,830.95,829.05,830.00,42750,1049250
INTELLECT_F1,03/22/2022,10:35:00,830.00,830.00,829.00,829.00,9750,1067250
INTELLECT_F1,03/22/2022,10:36:00,827.90,830.00,827.80,830.00,5250,1067250
INTELLECT_F1,03/22/2022,10:37:00,830.95,831.00,830.05,830.50,9000,1067250
INTELLECT_F1,03/22/2022,10:38:00,830.25,831.15,830.00,830.00,18750,1062750
INTELLECT_F1,03/22/2022,10:39:00,829.60,829.60,827.05,827.05,6750,1062750
INTELLECT_F1,03/22/2022,10:40:00,828.40,829.00,828.00,828.00,7500,1062750
INTELLECT_F1,03/22/2022,10:41:00,828.05,828.05,828.05,828.05,1500,1062750
INTELLECT_F1,03/22/2022,10:42:00,829.05,829.05,828.10,828.10,3000,1058250
INTELLECT_F1,03/22/2022,10:43:00,825.50,825.50,825.50,825.50,750,1058250
INTELLECT_F1,03/22/2022,10:44:00,825.50,825.50,825.20,825.20,1500,1059750
INTELLECT_F1,03/22/2022,10:45:00,826.15,826.15,826.15,826.15,750,1059750
INTELLECT_F1,03/22/2022,10:46:00,824.00,824.05,824.00,824.05,4500,1059750
INTELLECT_F1,03/22/2022,10:47:00,820.80,822.45,820.80,821.55,5250,1059750
INTELLECT_F1,03/22/2022,10:48:00,823.00,824.90,823.00,824.90,2250,1059750
INTELLECT_F1,03/22/2022,10:49:00,824.15,825.00,824.15,825.00,2250,1059750
INTELLECT_F1,03/22/2022,10:50:00,825.30,825.30,825.30,825.30,750,1059750
INTELLECT_F1,03/22/2022,10:51:00,825.00,825.00,823.05,823.05,3750,1056750
INTELLECT_F1,03/22/2022,10:52:00,823.65,823.65,823.65,823.65,750,1056750
INTELLECT_F1,03/22/2022,10:53:00,823.55,823.55,823.55,823.55,750,1056750
INTELLECT_F1,03/22/2022,10:54:00,824.35,824.35,824.35,824.35,1500,1057500
INTELLECT_F1,03/22/2022,10:55:00,824.00,824.00,824.00,824.00,1500,1057500
INTELLECT_F1,03/22/2022,10:56:00,825.65,825.65,825.65,825.65,2250,1057500
INTELLECT_F1,03/22/2022,10:57:00,825.95,825.95,825.40,825.40,3000,1059750
INTELLECT_F1,03/22/2022,10:58:00,826.05,826.05,826.05,826.05,8250,1059750
INTELLECT_F1,03/22/2022,10:59:00,828.35,828.35,827.95,828.05,3000,1059750
INTELLECT_F1,03/22/2022,11:01:00,830.35,830.35,829.70,829.70,3750,1068750
INTELLECT_F1,03/22/2022,11:02:00,830.95,830.95,830.05,830.05,11250,1072500
INTELLECT_F1,03/22/2022,11:03:00,831.60,831.60,831.35,831.35,4500,1072500
INTELLECT_F1,03/22/2022,11:04:00,830.10,830.10,828.05,828.05,2250,1072500
INTELLECT_F1,03/22/2022,11:05:00,828.05,828.50,827.05,827.05,3000,1072500
INTELLECT_F1,03/22/2022,11:06:00,829.40,829.40,829.40,829.40,750,1075500
INTELLECT_F1,03/22/2022,11:07:00,829.50,829.95,829.50,829.95,3750,1075500
INTELLECT_F1,03/22/2022,11:08:00,830.10,830.10,830.00,830.00,4500,1077750
INTELLECT_F1,03/22/2022,11:09:00,830.45,830.45,828.80,828.80,3750,1077750
INTELLECT_F1,03/22/2022,11:11:00,830.15,830.15,830.15,830.15,4500,1077750
INTELLECT_F1,03/22/2022,11:12:00,830.50,830.50,830.50,830.50,2250,1078500
INTELLECT_F1,03/22/2022,11:13:00,830.85,831.00,830.85,831.00,8250,1078500
INTELLECT_F1,03/22/2022,11:14:00,831.00,831.00,831.00,831.00,750,1078500
INTELLECT_F1,03/22/2022,11:15:00,830.85,830.85,830.85,830.85,1500,1081500
INTELLECT_F1,03/22/2022,11:16:00,830.00,830.00,830.00,830.00,750,1081500
INTELLECT_F1,03/22/2022,11:17:00,831.50,832.95,831.50,832.95,16500,1089000
INTELLECT_F1,03/22/2022,11:18:00,831.95,836.70,831.95,836.45,50250,1089000
INTELLECT_F1,03/22/2022,11:19:00,836.00,837.50,835.15,837.50,21000,1089000
INTELLECT_F1,03/22/2022,11:20:00,836.90,836.90,835.00,835.00,11250,1089000
INTELLECT_F1,03/22/2022,11:21:00,835.00,835.50,833.45,833.45,6000,1082250
INTELLECT_F1,03/22/2022,11:22:00,833.05,835.00,833.05,835.00,4500,1082250
INTELLECT_F1,03/22/2022,11:23:00,834.50,834.50,833.00,833.00,7500,1082250
INTELLECT_F1,03/22/2022,11:24:00,835.00,837.55,835.00,837.55,14250,1056750
INTELLECT_F1,03/22/2022,11:25:00,837.65,838.00,837.65,838.00,3750,1056750
INTELLECT_F1,03/22/2022,11:26:00,838.00,838.00,836.85,837.00,6000,1048500
INTELLECT_F1,03/22/2022,11:27:00,836.05,837.15,836.00,837.15,5250,1048500
INTELLECT_F1,03/22/2022,11:28:00,837.00,839.00,837.00,839.00,12750,1048500
INTELLECT_F1,03/22/2022,11:29:00,839.00,842.45,839.00,841.70,39000,1048500
INTELLECT_F1,03/22/2022,11:30:00,842.70,843.50,842.70,843.50,24750,1040250
INTELLECT_F1,03/22/2022,11:31:00,844.25,844.25,840.15,844.00,45000,1040250
INTELLECT_F1,03/22/2022,11:32:00,844.00,844.00,842.15,842.95,23250,1057500
INTELLECT_F1,03/22/2022,11:33:00,841.95,842.00,840.15,840.15,9750,1057500
INTELLECT_F1,03/22/2022,11:34:00,840.05,840.30,839.50,839.50,6000,1057500
INTELLECT_F1,03/22/2022,11:35:00,840.00,840.00,838.00,838.00,4500,1057500
INTELLECT_F1,03/22/2022,11:36:00,836.00,839.80,836.00,839.00,11250,1053750
INTELLECT_F1,03/22/2022,11:37:00,838.05,839.00,838.05,838.90,2250,1053750
INTELLECT_F1,03/22/2022,11:38:00,837.50,839.00,837.50,839.00,2250,1054500
INTELLECT_F1,03/22/2022,11:39:00,838.95,840.70,838.95,840.70,3750,1054500
INTELLECT_F1,03/22/2022,11:40:00,841.50,842.90,841.50,842.90,9000,1054500
INTELLECT_F1,03/22/2022,11:41:00,843.00,843.00,838.95,840.00,8250,1049250
INTELLECT_F1,03/22/2022,11:42:00,838.70,838.70,838.70,838.70,750,1049250
INTELLECT_F1,03/22/2022,11:43:00,838.90,838.90,838.90,838.90,750,1049250
INTELLECT_F1,03/22/2022,11:44:00,839.95,839.95,838.90,838.90,3000,1049250
INTELLECT_F1,03/22/2022,11:45:00,838.85,838.85,838.50,838.50,3000,1048500
INTELLECT_F1,03/22/2022,11:46:00,837.35,837.35,837.30,837.30,1500,1048500
INTELLECT_F1,03/22/2022,11:47:00,839.00,841.15,838.35,839.40,17250,1048500
INTELLECT_F1,03/22/2022,11:48:00,840.00,840.00,840.00,840.00,2250,1054500
INTELLECT_F1,03/22/2022,11:49:00,840.50,840.65,840.20,840.20,2250,1054500
INTELLECT_F1,03/22/2022,11:51:00,839.05,839.05,839.05,839.05,750,1050750
INTELLECT_F1,03/22/2022,11:52:00,839.20,839.20,838.90,838.90,2250,1050750
INTELLECT_F1,03/22/2022,11:53:00,834.55,836.00,834.55,836.00,4500,1050750
INTELLECT_F1,03/22/2022,11:54:00,836.00,836.00,833.00,833.00,12000,1046250
INTELLECT_F1,03/22/2022,11:55:00,833.70,834.00,833.70,834.00,1500,1046250
INTELLECT_F1,03/22/2022,11:56:00,834.00,834.00,834.00,834.00,750,1046250
INTELLECT_F1,03/22/2022,11:57:00,834.15,834.15,834.00,834.00,1500,1046250
INTELLECT_F1,03/22/2022,11:58:00,834.00,834.00,834.00,834.00,750,1046250
INTELLECT_F1,03/22/2022,11:59:00,832.75,832.75,832.75,832.75,3750,1046250
INTELLECT_F1,03/22/2022,12:00:00,832.55,832.55,832.00,832.00,1500,1044750
INTELLECT_F1,03/22/2022,12:01:00,830.55,831.00,830.55,831.00,12750,1044750
INTELLECT_F1,03/22/2022,12:02:00,830.80,831.05,830.80,831.00,6750,1044750
INTELLECT_F1,03/22/2022,12:03:00,831.00,831.50,831.00,831.50,2250,1028250
INTELLECT_F1,03/22/2022,12:05:00,832.35,832.35,832.35,832.35,3000,1028250
INTELLECT_F1,03/22/2022,12:06:00,834.40,834.40,834.40,834.40,3000,1027500
INTELLECT_F1,03/22/2022,12:07:00,834.40,834.40,834.40,834.40,750,1027500
INTELLECT_F1,03/22/2022,12:08:00,836.50,836.50,836.50,836.50,2250,1027500
INTELLECT_F1,03/22/2022,12:09:00,837.55,837.55,837.10,837.10,3000,1028250
INTELLECT_F1,03/22/2022,12:10:00,836.00,836.00,836.00,836.00,2250,1028250
INTELLECT_F1,03/22/2022,12:11:00,836.45,836.45,836.45,836.45,750,1028250
INTELLECT_F1,03/22/2022,12:12:00,836.90,836.90,836.90,836.90,1500,1029000
INTELLECT_F1,03/22/2022,12:14:00,836.95,836.95,836.95,836.95,750,1029000
INTELLECT_F1,03/22/2022,12:15:00,836.95,836.95,836.65,836.65,2250,1028250
INTELLECT_F1,03/22/2022,12:16:00,838.00,838.00,838.00,838.00,3750,1028250
INTELLECT_F1,03/22/2022,12:18:00,836.10,836.10,836.10,836.10,4500,1027500
INTELLECT_F1,03/22/2022,12:19:00,836.30,836.75,836.30,836.75,3000,1027500
INTELLECT_F1,03/22/2022,12:20:00,837.15,837.15,836.90,836.90,1500,1027500
INTELLECT_F1,03/22/2022,12:22:00,838.00,838.00,838.00,838.00,750,1028250
INTELLECT_F1,03/22/2022,12:24:00,837.25,837.25,837.25,837.25,750,1027500
INTELLECT_F1,03/22/2022,12:25:00,836.95,836.95,836.95,836.95,1500,1027500
INTELLECT_F1,03/22/2022,12:26:00,838.00,838.00,838.00,838.00,3000,1027500
INTELLECT_F1,03/22/2022,12:27:00,837.35,837.35,837.35,837.35,750,1026750
INTELLECT_F1,03/22/2022,12:28:00,838.60,838.60,838.60,838.60,3000,1026750
INTELLECT_F1,03/22/2022,12:29:00,838.15,838.50,838.15,838.50,1500,1026750
INTELLECT_F1,03/22/2022,12:30:00,838.85,838.85,838.15,838.15,2250,1027500
INTELLECT_F1,03/22/2022,12:31:00,838.00,838.00,837.55,837.55,3000,1027500
INTELLECT_F1,03/22/2022,12:32:00,837.00,837.00,836.05,836.50,7500,1027500
INTELLECT_F1,03/22/2022,12:33:00,837.30,837.30,836.80,836.80,2250,1027500
INTELLECT_F1,03/22/2022,12:35:00,837.00,837.40,837.00,837.40,2250,1027500
INTELLECT_F1,03/22/2022,12:36:00,838.00,838.80,838.00,838.80,3750,1026000
INTELLECT_F1,03/22/2022,12:37:00,838.90,839.30,838.90,839.30,3000,1026000
INTELLECT_F1,03/22/2022,12:38:00,838.95,838.95,838.95,838.95,750,1026000
INTELLECT_F1,03/22/2022,12:39:00,840.00,841.90,840.00,841.90,2250,1027500
INTELLECT_F1,03/22/2022,12:40:00,841.90,842.00,841.90,842.00,3000,1027500
INTELLECT_F1,03/22/2022,12:41:00,841.95,842.00,841.95,842.00,1500,1027500
INTELLECT_F1,03/22/2022,12:42:00,842.00,842.00,840.90,841.35,5250,1030500
INTELLECT_F1,03/22/2022,12:43:00,841.00,841.00,841.00,841.00,1500,1030500
INTELLECT_F1,03/22/2022,12:44:00,841.00,841.00,841.00,841.00,2250,1030500
INTELLECT_F1,03/22/2022,12:45:00,844.15,844.15,844.15,844.15,12000,1031250
INTELLECT_F1,03/22/2022,12:46:00,845.30,846.15,845.30,846.15,30750,1031250
INTELLECT_F1,03/22/2022,12:47:00,844.75,846.70,844.75,846.70,20250,1031250
INTELLECT_F1,03/22/2022,12:48:00,846.70,846.70,844.95,845.00,18000,996000
INTELLECT_F1,03/22/2022,12:49:00,844.00,845.00,843.90,843.90,7500,996000
INTELLECT_F1,03/22/2022,12:50:00,845.00,847.65,845.00,847.65,14250,996000
INTELLECT_F1,03/22/2022,12:51:00,847.65,848.95,847.65,848.95,20250,1002000
INTELLECT_F1,03/22/2022,12:52:00,848.15,848.15,848.15,848.15,3750,1002000
INTELLECT_F1,03/22/2022,12:53:00,846.05,847.55,846.05,846.70,9000,1002000
INTELLECT_F1,03/22/2022,12:54:00,845.90,845.90,845.90,845.90,750,1001250
INTELLECT_F1,03/22/2022,12:55:00,847.00,848.30,847.00,848.30,3000,1001250
INTELLECT_F1,03/22/2022,12:56:00,845.95,846.90,845.95,846.50,3000,1001250
INTELLECT_F1,03/22/2022,12:57:00,845.95,846.65,845.95,846.65,7500,1002000
INTELLECT_F1,03/22/2022,12:58:00,846.00,846.00,846.00,846.00,750,1002000
INTELLECT_F1,03/22/2022,13:00:00,844.00,844.75,844.00,844.75,3750,996750
INTELLECT_F1,03/22/2022,13:01:00,845.00,845.00,845.00,845.00,750,996750
INTELLECT_F1,03/22/2022,13:02:00,844.05,844.05,843.35,843.35,1500,996750
INTELLECT_F1,03/22/2022,13:04:00,842.00,842.00,842.00,842.00,2250,995250
INTELLECT_F1,03/22/2022,13:05:00,841.05,841.05,840.60,840.60,5250,995250
INTELLECT_F1,03/22/2022,13:06:00,840.05,840.90,840.05,840.90,1500,992250
INTELLECT_F1,03/22/2022,13:07:00,840.05,840.80,840.05,840.80,2250,992250
INTELLECT_F1,03/22/2022,13:08:00,841.50,841.50,839.80,839.80,8250,992250
INTELLECT_F1,03/22/2022,13:09:00,837.15,838.10,836.70,838.00,8250,984750
INTELLECT_F1,03/22/2022,13:10:00,837.00,838.00,836.85,837.00,6000,984750
INTELLECT_F1,03/22/2022,13:11:00,836.85,837.95,836.85,837.05,2250,984750
INTELLECT_F1,03/22/2022,13:12:00,838.55,838.55,838.55,838.55,750,980250
INTELLECT_F1,03/22/2022,13:13:00,837.90,837.90,837.00,837.00,3750,980250
INTELLECT_F1,03/22/2022,13:14:00,837.00,837.00,835.00,835.00,9750,980250
INTELLECT_F1,03/22/2022,13:15:00,835.00,835.00,835.00,835.00,2250,983250
INTELLECT_F1,03/22/2022,13:16:00,834.00,834.15,834.00,834.15,6750,983250
INTELLECT_F1,03/22/2022,13:17:00,833.40,833.50,833.40,833.50,3000,983250
INTELLECT_F1,03/22/2022,13:18:00,834.15,834.15,834.15,834.15,2250,981000
INTELLECT_F1,03/22/2022,13:19:00,833.50,833.50,831.55,832.50,15000,981000
INTELLECT_F1,03/22/2022,13:20:00,832.00,832.00,825.65,825.65,21750,981000
INTELLECT_F1,03/22/2022,13:21:00,828.50,828.95,826.50,826.50,10500,966000
INTELLECT_F1,03/22/2022,13:22:00,826.15,827.40,824.55,825.00,37500,966000
INTELLECT_F1,03/22/2022,13:23:00,824.25,828.05,824.25,828.05,8250,966000
INTELLECT_F1,03/22/2022,13:24:00,828.40,828.40,826.20,826.20,2250,966000
INTELLECT_F1,03/22/2022,13:26:00,830.10,830.10,826.70,828.20,19500,975750
INTELLECT_F1,03/22/2022,13:27:00,828.95,828.95,825.25,825.25,9000,983250
INTELLECT_F1,03/22/2022,13:28:00,825.00,825.00,822.00,822.05,12750,983250
INTELLECT_F1,03/22/2022,13:29:00,821.35,825.50,821.05,825.45,17250,983250
INTELLECT_F1,03/22/2022,13:30:00,825.50,825.80,825.50,825.80,3750,988500
INTELLECT_F1,03/22/2022,13:31:00,827.95,827.95,826.00,826.00,6750,988500
INTELLECT_F1,03/22/2022,13:32:00,827.20,827.20,826.10,826.70,3750,988500
INTELLECT_F1,03/22/2022,13:33:00,827.80,827.80,827.25,827.25,1500,984750
INTELLECT_F1,03/22/2022,13:35:00,825.00,825.00,824.35,824.35,3750,984750
INTELLECT_F1,03/22/2022,13:36:00,825.10,825.10,824.00,824.00,5250,986250
INTELLECT_F1,03/22/2022,13:37:00,825.00,825.30,825.00,825.20,2250,986250
INTELLECT_F1,03/22/2022,13:38:00,825.00,825.00,825.00,825.00,1500,986250
INTELLECT_F1,03/22/2022,13:39:00,824.35,826.95,824.35,826.95,1500,986250
INTELLECT_F1,03/22/2022,13:41:00,826.45,826.45,826.30,826.30,1500,986250
INTELLECT_F1,03/22/2022,13:43:00,826.00,826.00,826.00,826.00,750,987750
INTELLECT_F1,03/22/2022,13:45:00,826.85,826.85,826.85,826.85,750,987750
INTELLECT_F1,03/22/2022,13:47:00,824.80,824.80,824.75,824.75,2250,987750
INTELLECT_F1,03/22/2022,13:48:00,822.60,822.60,822.35,822.35,4500,987750
INTELLECT_F1,03/22/2022,13:49:00,823.00,823.00,823.00,823.00,750,987750
INTELLECT_F1,03/22/2022,13:50:00,822.40,822.40,822.40,822.40,750,987750
INTELLECT_F1,03/22/2022,13:51:00,823.65,823.65,823.65,823.65,750,987000
INTELLECT_F1,03/22/2022,13:53:00,825.00,825.00,825.00,825.00,7500,987000
INTELLECT_F1,03/22/2022,13:55:00,826.30,826.30,826.30,826.30,750,992250
INTELLECT_F1,03/22/2022,13:57:00,826.55,826.55,826.55,826.55,3000,992250
INTELLECT_F1,03/22/2022,13:58:00,826.30,827.00,826.30,827.00,5250,993750
INTELLECT_F1,03/22/2022,13:59:00,828.70,831.55,828.70,831.55,8250,993750
INTELLECT_F1,03/22/2022,14:00:00,830.35,831.00,830.35,831.00,3000,1000500
INTELLECT_F1,03/22/2022,14:01:00,831.60,831.60,831.35,831.35,2250,1000500
INTELLECT_F1,03/22/2022,14:02:00,829.25,830.25,829.25,830.25,3000,1000500
INTELLECT_F1,03/22/2022,14:03:00,828.80,828.80,827.70,827.70,2250,1001250
INTELLECT_F1,03/22/2022,14:06:00,826.50,826.50,826.50,826.50,2250,1001250
INTELLECT_F1,03/22/2022,14:08:00,824.95,824.95,824.95,824.95,2250,1001250
INTELLECT_F1,03/22/2022,14:09:00,825.50,825.50,825.50,825.50,750,1001250
INTELLECT_F1,03/22/2022,14:11:00,825.20,825.20,825.20,825.20,750,1000500
INTELLECT_F1,03/22/2022,14:14:00,825.00,825.00,825.00,825.00,1500,1001250
INTELLECT_F1,03/22/2022,14:15:00,825.25,825.25,825.25,825.25,750,1001250
INTELLECT_F1,03/22/2022,14:17:00,824.85,824.85,824.85,824.85,750,999000
INTELLECT_F1,03/22/2022,14:19:00,824.85,824.85,824.85,824.85,750,998250
INTELLECT_F1,03/22/2022,14:22:00,824.30,824.30,824.30,824.30,1500,999000
INTELLECT_F1,03/22/2022,14:23:00,823.35,823.35,823.35,823.35,750,999000
INTELLECT_F1,03/22/2022,14:24:00,823.50,823.50,823.50,823.50,750,999000
INTELLECT_F1,03/22/2022,14:25:00,822.00,822.00,822.00,822.00,4500,999750
INTELLECT_F1,03/22/2022,14:26:00,821.70,821.90,821.50,821.50,3000,999750
INTELLECT_F1,03/22/2022,14:27:00,821.80,821.80,821.80,821.80,1500,1000500
INTELLECT_F1,03/22/2022,14:28:00,821.50,821.50,821.50,821.50,750,1000500
INTELLECT_F1,03/22/2022,14:29:00,821.00,821.00,821.00,821.00,750,1000500
INTELLECT_F1,03/22/2022,14:30:00,821.50,821.50,821.50,821.50,1500,1000500
INTELLECT_F1,03/22/2022,14:31:00,821.95,823.30,821.95,823.30,11250,1000500
INTELLECT_F1,03/22/2022,14:32:00,823.25,823.30,823.25,823.30,1500,1000500
INTELLECT_F1,03/22/2022,14:34:00,823.75,823.75,823.75,823.75,750,1007250
INTELLECT_F1,03/22/2022,14:35:00,825.15,825.15,825.15,825.15,1500,1007250
INTELLECT_F1,03/22/2022,14:36:00,826.20,826.20,826.20,826.20,750,1007250
INTELLECT_F1,03/22/2022,14:37:00,829.75,829.75,829.75,829.75,2250,1007250
INTELLECT_F1,03/22/2022,14:38:00,825.20,826.20,825.20,826.20,25500,1007250
INTELLECT_F1,03/22/2022,14:39:00,827.55,827.55,827.55,827.55,1500,996000
INTELLECT_F1,03/22/2022,14:40:00,827.35,827.35,827.35,827.35,750,996000
INTELLECT_F1,03/22/2022,14:41:00,828.05,828.15,828.05,828.15,1500,996000
INTELLECT_F1,03/22/2022,14:42:00,827.55,827.55,827.55,827.55,750,996000
INTELLECT_F1,03/22/2022,14:44:00,828.40,828.40,827.40,827.40,6000,921000
INTELLECT_F1,03/22/2022,14:45:00,823.90,824.00,823.90,824.00,5250,921750
INTELLECT_F1,03/22/2022,14:46:00,823.10,823.10,823.10,823.10,750,921750
INTELLECT_F1,03/22/2022,14:47:00,823.10,823.10,823.10,823.10,1500,921750
INTELLECT_F1,03/22/2022,14:49:00,823.35,823.35,823.35,823.35,1500,921000
INTELLECT_F1,03/22/2022,14:50:00,823.50,823.50,823.20,823.20,2250,921000
INTELLECT_F1,03/22/2022,14:51:00,823.20,823.20,823.20,823.20,1500,921000
INTELLECT_F1,03/22/2022,14:52:00,824.00,824.35,824.00,824.35,2250,921000
INTELLECT_F1,03/22/2022,14:53:00,824.50,825.00,824.50,825.00,2250,921000
INTELLECT_F1,03/22/2022,14:56:00,824.15,824.15,824.15,824.15,750,912750
INTELLECT_F1,03/22/2022,14:58:00,823.55,823.55,823.55,823.55,750,912750
INTELLECT_F1,03/22/2022,14:59:00,822.40,822.40,821.55,821.55,3000,912750
INTELLECT_F1,03/22/2022,15:00:00,820.05,820.05,820.05,820.05,3000,912750
INTELLECT_F1,03/22/2022,15:01:00,820.05,820.05,819.50,819.50,6750,915000
INTELLECT_F1,03/22/2022,15:02:00,821.10,821.10,821.10,821.10,3000,915000
INTELLECT_F1,03/22/2022,15:03:00,819.90,819.90,819.90,819.90,750,912000
INTELLECT_F1,03/22/2022,15:04:00,821.10,821.95,821.10,821.95,2250,912000
INTELLECT_F1,03/22/2022,15:05:00,823.95,823.95,823.85,823.85,3000,912000
INTELLECT_F1,03/22/2022,15:08:00,824.35,825.00,824.35,825.00,4500,910500
INTELLECT_F1,03/22/2022,15:09:00,823.90,823.90,823.90,823.90,1500,910500
INTELLECT_F1,03/22/2022,15:10:00,824.65,824.85,824.65,824.85,1500,907500
INTELLECT_F1,03/22/2022,15:11:00,823.75,823.75,823.50,823.50,4500,907500
INTELLECT_F1,03/22/2022,15:12:00,823.00,823.00,819.10,819.10,12750,908250
INTELLECT_F1,03/22/2022,15:13:00,819.95,820.00,819.95,820.00,3750,908250
INTELLECT_F1,03/22/2022,15:14:00,820.00,821.70,820.00,821.70,3750,908250
INTELLECT_F1,03/22/2022,15:15:00,821.80,821.85,821.80,821.85,3000,908250
INTELLECT_F1,03/22/2022,15:16:00,822.00,822.00,822.00,822.00,4500,909000
INTELLECT_F1,03/22/2022,15:17:00,822.00,822.00,822.00,822.00,1500,909000
INTELLECT_F1,03/22/2022,15:18:00,822.00,824.45,822.00,824.45,6000,910500
INTELLECT_F1,03/22/2022,15:20:00,823.50,825.00,821.00,821.00,20250,910500
INTELLECT_F1,03/22/2022,15:21:00,821.00,821.95,820.95,821.70,5250,913500
INTELLECT_F1,03/22/2022,15:22:00,821.60,821.95,821.60,821.95,1500,913500
INTELLECT_F1,03/22/2022,15:24:00,823.05,823.05,823.05,823.05,10500,909000
INTELLECT_F1,03/22/2022,15:25:00,823.05,823.05,823.05,823.05,750,909000
INTELLECT_F1,03/22/2022,15:26:00,824.40,824.65,823.75,824.40,6000,909000
INTELLECT_F1,03/22/2022,15:27:00,824.40,826.00,824.40,826.00,6000,903000
INTELLECT_F1,03/22/2022,15:28:00,827.15,827.15,824.45,824.45,2250,903000
INTELLECT_F1,03/22/2022,15:29:00,824.45,825.55,824.05,825.50,9750,903000
INTELLECT_F1,03/22/2022,15:30:00,825.70,825.70,825.70,825.70,2250,903000
INTELLECT_F1,03/23/2022,09:15:00,830.05,830.10,830.05,830.05,2252,893250
INTELLECT_F1,03/23/2022,09:16:00,830.15,830.15,826.70,828.35,15750,893250
INTELLECT_F1,03/23/2022,09:17:00,827.50,827.50,826.15,826.15,3000,893250
INTELLECT_F1,03/23/2022,09:18:00,826.50,827.00,826.50,827.00,2250,893250
INTELLECT_F1,03/23/2022,09:19:00,826.10,826.10,826.10,826.10,4500,893250
INTELLECT_F1,03/23/2022,09:22:00,827.00,827.00,823.25,823.25,6000,893250
INTELLECT_F1,03/23/2022,09:23:00,820.95,820.95,820.95,820.95,11250,900000
INTELLECT_F1,03/23/2022,09:24:00,824.60,824.60,820.70,820.70,14250,900000
INTELLECT_F1,03/23/2022,09:25:00,820.65,820.65,820.65,820.65,3000,900000
INTELLECT_F1,03/23/2022,09:27:00,820.05,820.05,819.00,819.00,5250,904500
INTELLECT_F1,03/23/2022,09:28:00,819.00,821.20,819.00,821.20,4500,904500
INTELLECT_F1,03/23/2022,09:29:00,820.05,821.35,820.05,821.35,2250,904500
INTELLECT_F1,03/23/2022,09:30:00,823.20,823.20,823.20,823.20,3750,906000
INTELLECT_F1,03/23/2022,09:31:00,824.40,824.40,821.70,821.70,3750,906000
INTELLECT_F1,03/23/2022,09:32:00,821.75,821.85,821.75,821.85,2250,909000
INTELLECT_F1,03/23/2022,09:33:00,821.85,821.85,821.85,821.85,750,909000
INTELLECT_F1,03/23/2022,09:34:00,823.15,823.35,823.15,823.35,12000,909000
INTELLECT_F1,03/23/2022,09:35:00,825.55,826.50,825.55,826.50,6000,915750
INTELLECT_F1,03/23/2022,09:36:00,825.90,825.90,825.90,825.90,2250,915750
INTELLECT_F1,03/23/2022,09:37:00,827.30,827.30,827.30,827.30,750,915750
INTELLECT_F1,03/23/2022,09:38:00,826.25,826.25,826.00,826.05,2250,918750
INTELLECT_F1,03/23/2022,09:39:00,826.50,826.50,826.50,826.50,2250,918750
INTELLECT_F1,03/23/2022,09:40:00,828.95,828.95,828.30,828.30,1500,918750
INTELLECT_F1,03/23/2022,09:42:00,827.00,827.00,826.10,826.10,2250,918750
INTELLECT_F1,03/23/2022,09:46:00,824.00,824.00,823.50,823.50,6750,918000
INTELLECT_F1,03/23/2022,09:47:00,821.05,821.05,821.05,821.05,750,918000
INTELLECT_F1,03/23/2022,09:48:00,822.25,822.25,822.25,822.25,1500,919500
INTELLECT_F1,03/23/2022,09:54:00,823.15,823.15,823.15,823.15,750,918000
INTELLECT_F1,03/23/2022,09:59:00,823.95,823.95,823.95,823.95,750,917250
INTELLECT_F1,03/23/2022,10:01:00,825.00,825.00,825.00,825.00,750,917250
INTELLECT_F1,03/23/2022,10:03:00,827.40,829.35,827.40,829.35,6000,917250
INTELLECT_F1,03/23/2022,10:04:00,830.85,830.85,828.15,828.15,13500,917250
INTELLECT_F1,03/23/2022,10:06:00,827.50,827.50,827.50,827.50,750,918750
INTELLECT_F1,03/23/2022,10:09:00,829.50,829.50,829.50,829.50,1500,918000
INTELLECT_F1,03/23/2022,10:11:00,832.00,834.95,832.00,834.95,6750,917250
INTELLECT_F1,03/23/2022,10:12:00,834.95,839.00,834.95,839.00,19500,917250
INTELLECT_F1,03/23/2022,10:13:00,839.00,839.40,837.00,837.95,15000,917250
INTELLECT_F1,03/23/2022,10:14:00,838.00,838.00,834.90,834.90,3750,918750
INTELLECT_F1,03/23/2022,10:15:00,835.00,835.10,835.00,835.10,1500,918750
INTELLECT_F1,03/23/2022,10:16:00,835.10,835.10,834.05,834.25,3000,918750
INTELLECT_F1,03/23/2022,10:17:00,834.00,836.80,834.00,835.20,5250,915750
INTELLECT_F1,03/23/2022,10:18:00,837.05,837.10,836.05,836.75,3000,915750
INTELLECT_F1,03/23/2022,10:19:00,834.00,834.00,834.00,834.00,750,915750
INTELLECT_F1,03/23/2022,10:20:00,833.30,835.50,833.30,835.50,3750,915750
INTELLECT_F1,03/23/2022,10:21:00,836.45,836.50,836.45,836.50,2250,915750
INTELLECT_F1,03/23/2022,10:22:00,836.15,836.15,835.00,835.00,3000,915750
INTELLECT_F1,03/23/2022,10:24:00,833.35,833.35,833.00,833.00,6750,917250
INTELLECT_F1,03/23/2022,10:27:00,832.00,832.00,830.60,830.60,2250,914250
INTELLECT_F1,03/23/2022,10:28:00,830.00,830.00,829.45,829.45,2250,914250
INTELLECT_F1,03/23/2022,10:32:00,832.05,832.05,832.05,832.05,750,914250
INTELLECT_F1,03/23/2022,10:35:00,835.00,835.00,835.00,835.00,750,913500
INTELLECT_F1,03/23/2022,10:38:00,834.95,834.95,834.55,834.55,1500,913500
INTELLECT_F1,03/23/2022,10:39:00,833.00,833.00,833.00,833.00,750,915000
INTELLECT_F1,03/23/2022,10:40:00,832.85,832.85,832.85,832.85,750,915000
INTELLECT_F1,03/23/2022,10:41:00,833.40,833.40,833.40,833.40,750,915000
INTELLECT_F1,03/23/2022,10:43:00,834.90,835.00,834.90,835.00,1500,912750
INTELLECT_F1,03/23/2022,10:45:00,835.00,835.00,834.60,834.60,1500,912750
INTELLECT_F1,03/23/2022,10:49:00,836.70,836.70,836.70,836.70,1500,912750
INTELLECT_F1,03/23/2022,10:50:00,836.60,836.60,836.60,836.60,750,913500
INTELLECT_F1,03/23/2022,10:52:00,838.00,841.20,838.00,840.95,27750,913500
INTELLECT_F1,03/23/2022,10:53:00,841.65,841.70,841.65,841.70,5250,915750
INTELLECT_F1,03/23/2022,10:54:00,842.00,842.70,842.00,842.70,6000,915750
INTELLECT_F1,03/23/2022,10:55:00,843.70,843.70,842.00,843.45,15000,915750
INTELLECT_F1,03/23/2022,10:56:00,843.90,843.90,843.35,843.35,7500,929250
INTELLECT_F1,03/23/2022,10:57:00,843.65,843.65,840.15,840.15,3000,929250
INTELLECT_F1,03/23/2022,10:58:00,839.80,841.00,839.80,841.00,3750,929250
INTELLECT_F1,03/23/2022,10:59:00,839.70,840.00,838.55,838.55,9000,929250
INTELLECT_F1,03/23/2022,11:00:00,838.20,838.20,837.25,837.25,3750,929250
INTELLECT_F1,03/23/2022,11:01:00,839.00,839.00,839.00,839.00,750,929250
INTELLECT_F1,03/23/2022,11:02:00,839.00,839.00,839.00,839.00,750,930000
INTELLECT_F1,03/23/2022,11:05:00,840.35,841.00,840.35,841.00,4500,930000
INTELLECT_F1,03/23/2022,11:06:00,840.00,840.00,840.00,840.00,750,930750
INTELLECT_F1,03/23/2022,11:07:00,839.00,840.00,839.00,840.00,1500,930750
INTELLECT_F1,03/23/2022,11:08:00,838.00,838.45,838.00,838.45,1500,930750
INTELLECT_F1,03/23/2022,11:09:00,838.00,838.00,838.00,838.00,1500,931500
INTELLECT_F1,03/23/2022,11:11:00,838.00,838.00,837.50,837.50,3000,931500
INTELLECT_F1,03/23/2022,11:12:00,837.20,837.20,837.20,837.20,750,932250
INTELLECT_F1,03/23/2022,11:13:00,836.40,836.40,836.40,836.40,5250,932250
INTELLECT_F1,03/23/2022,11:14:00,835.75,835.75,834.25,834.25,6750,932250
INTELLECT_F1,03/23/2022,11:15:00,835.65,836.40,835.65,836.40,8250,933000
INTELLECT_F1,03/23/2022,11:16:00,837.20,837.20,837.20,837.20,2250,933000
INTELLECT_F1,03/23/2022,11:19:00,837.50,838.00,837.50,838.00,1500,936750
INTELLECT_F1,03/23/2022,11:20:00,839.40,839.50,839.40,839.50,3750,936750
INTELLECT_F1,03/23/2022,11:21:00,839.30,840.50,839.30,840.50,3750,936000
INTELLECT_F1,03/23/2022,11:22:00,840.00,840.00,840.00,840.00,3000,936000
INTELLECT_F1,03/23/2022,11:25:00,838.00,838.00,838.00,838.00,750,933750
INTELLECT_F1,03/23/2022,11:27:00,836.60,839.00,836.60,838.90,6750,933750
INTELLECT_F1,03/23/2022,11:30:00,840.80,840.80,840.80,840.80,5250,935250
INTELLECT_F1,03/23/2022,11:31:00,840.80,841.20,840.80,841.20,4500,935250
INTELLECT_F1,03/23/2022,11:32:00,841.25,841.95,841.20,841.95,9000,935250
INTELLECT_F1,03/23/2022,11:33:00,840.50,840.50,840.30,840.30,2250,912750
INTELLECT_F1,03/23/2022,11:34:00,840.45,840.45,840.45,840.45,750,912750
INTELLECT_F1,03/23/2022,11:35:00,840.00,840.00,839.00,839.00,1500,912750
INTELLECT_F1,03/23/2022,11:36:00,838.50,838.50,838.50,838.50,750,915000
INTELLECT_F1,03/23/2022,11:37:00,838.10,838.10,836.85,836.85,2250,915000
INTELLECT_F1,03/23/2022,11:38:00,836.80,836.85,836.80,836.85,7500,915000
INTELLECT_F1,03/23/2022,11:39:00,836.05,836.05,836.05,836.05,4500,909000
INTELLECT_F1,03/23/2022,11:41:00,836.05,836.05,836.05,836.05,3750,909000
INTELLECT_F1,03/23/2022,11:43:00,837.80,837.80,837.80,837.80,750,905250
INTELLECT_F1,03/23/2022,11:46:00,837.50,837.50,837.00,837.00,2250,906000
INTELLECT_F1,03/23/2022,11:52:00,834.10,834.10,834.10,834.10,750,903750
INTELLECT_F1,03/23/2022,11:53:00,834.00,834.00,834.00,834.00,1500,903750
INTELLECT_F1,03/23/2022,11:54:00,834.35,834.35,834.35,834.35,750,903000
INTELLECT_F1,03/23/2022,11:55:00,833.55,833.55,833.55,833.55,750,903000
INTELLECT_F1,03/23/2022,11:56:00,834.00,834.00,834.00,834.00,750,903000
INTELLECT_F1,03/23/2022,11:58:00,832.80,833.20,832.80,833.20,1500,902250
INTELLECT_F1,03/23/2022,11:59:00,832.55,832.55,832.55,832.55,1500,902250
INTELLECT_F1,03/23/2022,12:00:00,830.40,830.40,830.40,830.40,2250,901500
INTELLECT_F1,03/23/2022,12:01:00,829.20,829.20,825.45,825.45,13500,901500
INTELLECT_F1,03/23/2022,12:02:00,824.00,827.00,823.35,827.00,6750,901500
INTELLECT_F1,03/23/2022,12:03:00,828.85,828.85,828.85,828.85,750,891000
INTELLECT_F1,03/23/2022,12:04:00,828.00,828.00,828.00,828.00,750,891000
INTELLECT_F1,03/23/2022,12:05:00,827.55,827.55,827.55,827.55,750,891000
INTELLECT_F1,03/23/2022,12:06:00,827.50,827.50,826.85,826.85,1500,890250
INTELLECT_F1,03/23/2022,12:07:00,827.80,827.80,826.55,826.55,1500,890250
INTELLECT_F1,03/23/2022,12:10:00,825.05,825.05,825.05,825.05,750,888750
INTELLECT_F1,03/23/2022,12:11:00,826.40,826.40,826.40,826.40,1500,888750
INTELLECT_F1,03/23/2022,12:12:00,826.40,826.40,826.40,826.40,750,888750
INTELLECT_F1,03/23/2022,12:13:00,827.55,827.55,827.55,827.55,2250,888750
INTELLECT_F1,03/23/2022,12:14:00,827.60,827.60,827.60,827.60,750,888750
INTELLECT_F1,03/23/2022,12:15:00,828.20,828.20,828.20,828.20,4500,885750
INTELLECT_F1,03/23/2022,12:17:00,829.00,829.95,829.00,829.95,4500,885750
INTELLECT_F1,03/23/2022,12:24:00,827.15,827.15,827.15,827.15,750,885000
INTELLECT_F1,03/23/2022,12:26:00,828.70,828.70,828.70,828.70,750,885750
INTELLECT_F1,03/23/2022,12:28:00,827.15,827.15,827.10,827.10,1500,885750
INTELLECT_F1,03/23/2022,12:30:00,827.00,827.00,827.00,827.00,1500,885750
INTELLECT_F1,03/23/2022,12:34:00,823.90,823.90,823.90,823.90,750,885750
INTELLECT_F1,03/23/2022,12:35:00,822.45,823.45,822.45,823.45,1500,885750
INTELLECT_F1,03/23/2022,12:36:00,823.85,825.10,823.85,825.10,1500,883500
INTELLECT_F1,03/23/2022,12:37:00,824.05,824.05,824.05,824.05,750,883500
INTELLECT_F1,03/23/2022,12:40:00,824.40,824.40,824.40,824.40,750,882750
INTELLECT_F1,03/23/2022,12:42:00,824.50,824.50,824.50,824.50,750,882000
INTELLECT_F1,03/23/2022,12:43:00,824.40,824.40,824.40,824.40,3000,882000
INTELLECT_F1,03/23/2022,12:44:00,824.55,827.90,824.55,827.55,11250,882000
INTELLECT_F1,03/23/2022,12:45:00,826.20,826.25,826.20,826.25,1500,883500
INTELLECT_F1,03/23/2022,12:46:00,827.15,827.15,826.85,826.85,1500,883500
INTELLECT_F1,03/23/2022,12:51:00,827.40,827.40,827.40,827.40,2250,885000
INTELLECT_F1,03/23/2022,13:01:00,826.70,826.70,826.70,826.70,750,885750
INTELLECT_F1,03/23/2022,13:06:00,828.40,828.40,828.40,828.40,750,885000
INTELLECT_F1,03/23/2022,13:09:00,828.25,828.25,828.25,828.25,750,885000
INTELLECT_F1,03/23/2022,13:17:00,831.00,831.00,831.00,831.00,2250,886500
INTELLECT_F1,03/23/2022,13:18:00,832.00,832.00,832.00,832.00,2250,886500
INTELLECT_F1,03/23/2022,13:20:00,831.55,833.70,831.55,833.70,6750,886500
INTELLECT_F1,03/23/2022,13:21:00,834.90,835.00,834.90,835.00,7500,894000
INTELLECT_F1,03/23/2022,13:22:00,836.35,836.35,835.85,835.85,3750,894000
INTELLECT_F1,03/23/2022,13:24:00,834.05,834.05,834.05,834.05,750,897000
INTELLECT_F1,03/23/2022,13:25:00,835.30,835.30,835.30,835.30,750,897000
INTELLECT_F1,03/23/2022,13:26:00,834.75,835.70,834.75,835.70,3750,897000
INTELLECT_F1,03/23/2022,13:27:00,835.00,835.00,835.00,835.00,750,897000
INTELLECT_F1,03/23/2022,13:29:00,835.00,835.00,835.00,835.00,750,897750
INTELLECT_F1,03/23/2022,13:31:00,835.00,835.00,835.00,835.00,750,898500
INTELLECT_F1,03/23/2022,13:32:00,835.95,835.95,835.95,835.95,1500,898500
INTELLECT_F1,03/23/2022,13:33:00,836.00,836.50,836.00,836.50,2250,897000
INTELLECT_F1,03/23/2022,13:34:00,837.00,837.00,837.00,837.00,750,897000
INTELLECT_F1,03/23/2022,13:35:00,838.00,838.00,838.00,838.00,750,897000
INTELLECT_F1,03/23/2022,13:37:00,837.00,837.00,836.40,836.40,1500,894750
INTELLECT_F1,03/23/2022,13:38:00,836.40,837.95,836.40,837.95,2250,894750
INTELLECT_F1,03/23/2022,13:40:00,837.00,837.00,837.00,837.00,750,892500
INTELLECT_F1,03/23/2022,13:42:00,837.00,837.00,837.00,837.00,750,892500
INTELLECT_F1,03/23/2022,13:44:00,836.00,836.00,836.00,836.00,1500,893250
INTELLECT_F1,03/23/2022,13:45:00,835.30,835.30,835.30,835.30,750,893250
INTELLECT_F1,03/23/2022,13:46:00,835.00,839.60,835.00,839.05,13500,893250
INTELLECT_F1,03/23/2022,13:47:00,840.75,841.35,840.40,841.00,12000,893250
INTELLECT_F1,03/23/2022,13:48:00,841.50,841.55,840.50,840.50,4500,906000
INTELLECT_F1,03/23/2022,13:49:00,839.00,839.00,837.65,837.65,1500,906000
INTELLECT_F1,03/23/2022,13:50:00,838.50,838.50,838.50,838.50,750,906000
INTELLECT_F1,03/23/2022,13:51:00,837.50,837.50,836.85,836.85,3750,905250
INTELLECT_F1,03/23/2022,13:52:00,835.00,835.00,835.00,835.00,2250,905250
INTELLECT_F1,03/23/2022,13:53:00,832.20,832.20,832.20,832.20,6750,905250
INTELLECT_F1,03/23/2022,13:54:00,831.65,832.45,831.45,832.45,5250,905250
INTELLECT_F1,03/23/2022,13:55:00,833.50,833.50,832.20,832.20,1500,905250
INTELLECT_F1,03/23/2022,13:58:00,837.70,840.25,837.70,840.25,8250,905250
INTELLECT_F1,03/23/2022,13:59:00,840.10,840.10,840.10,840.10,1500,905250
INTELLECT_F1,03/23/2022,14:02:00,840.60,840.60,840.60,840.60,750,907500
INTELLECT_F1,03/23/2022,14:03:00,840.30,840.30,840.30,840.30,750,907500
INTELLECT_F1,03/23/2022,14:04:00,837.95,837.95,837.95,837.95,750,909000
INTELLECT_F1,03/23/2022,14:05:00,836.65,837.05,836.65,837.05,1500,909000
INTELLECT_F1,03/23/2022,14:06:00,837.45,837.50,837.45,837.50,2250,908250
INTELLECT_F1,03/23/2022,14:13:00,836.90,836.90,836.80,836.80,3000,907500
INTELLECT_F1,03/23/2022,14:14:00,834.20,834.20,834.20,834.20,2250,907500
INTELLECT_F1,03/23/2022,14:15:00,834.70,836.00,834.70,836.00,3750,908250
INTELLECT_F1,03/23/2022,14:16:00,837.95,837.95,837.95,837.95,750,908250
INTELLECT_F1,03/23/2022,14:17:00,836.05,836.05,836.05,836.05,750,908250
INTELLECT_F1,03/23/2022,14:21:00,836.90,836.90,835.20,835.90,9750,909000
INTELLECT_F1,03/23/2022,14:22:00,834.25,834.60,834.25,834.60,2250,909000
INTELLECT_F1,03/23/2022,14:23:00,833.70,833.70,833.70,833.70,750,909000
INTELLECT_F1,03/23/2022,14:24:00,834.65,834.65,834.65,834.65,750,909000
INTELLECT_F1,03/23/2022,14:25:00,837.40,837.40,837.00,837.00,11250,911250
INTELLECT_F1,03/23/2022,14:27:00,835.80,836.20,835.80,836.20,3000,911250
INTELLECT_F1,03/23/2022,14:28:00,837.20,837.90,837.20,837.90,2250,911250
INTELLECT_F1,03/23/2022,14:29:00,838.35,838.35,837.50,837.70,6750,911250
INTELLECT_F1,03/23/2022,14:30:00,838.05,838.05,837.75,837.75,5250,911250
INTELLECT_F1,03/23/2022,14:31:00,837.00,837.00,837.00,837.00,750,912000
INTELLECT_F1,03/23/2022,14:37:00,837.00,837.00,837.00,837.00,750,911250
INTELLECT_F1,03/23/2022,14:39:00,837.00,837.00,837.00,837.00,2250,911250
INTELLECT_F1,03/23/2022,14:41:00,837.00,837.00,837.00,837.00,2250,910500
INTELLECT_F1,03/23/2022,14:42:00,837.95,837.95,837.45,837.45,1500,910500
INTELLECT_F1,03/23/2022,14:43:00,836.00,836.00,836.00,836.00,1500,912000
INTELLECT_F1,03/23/2022,14:44:00,836.00,836.00,836.00,836.00,1500,912000
INTELLECT_F1,03/23/2022,14:45:00,837.50,838.50,837.50,838.50,3000,912000
INTELLECT_F1,03/23/2022,14:46:00,838.95,839.00,838.20,838.20,2250,912000
INTELLECT_F1,03/23/2022,14:47:00,839.00,839.00,838.05,838.05,1500,912000
INTELLECT_F1,03/23/2022,14:48:00,839.30,839.30,839.30,839.30,750,912000
INTELLECT_F1,03/23/2022,14:50:00,839.30,839.30,838.05,838.05,1500,910500
INTELLECT_F1,03/23/2022,14:51:00,838.50,840.30,838.50,840.30,9000,910500
INTELLECT_F1,03/23/2022,14:53:00,840.90,840.90,840.90,840.90,750,910500
INTELLECT_F1,03/23/2022,14:54:00,840.90,840.90,840.90,840.90,1500,910500
INTELLECT_F1,03/23/2022,14:56:00,840.90,840.90,840.70,840.70,8250,910500
INTELLECT_F1,03/23/2022,14:57:00,840.00,840.00,839.20,839.20,19500,910500
INTELLECT_F1,03/23/2022,14:58:00,839.20,840.00,839.20,840.00,3750,905250
INTELLECT_F1,03/23/2022,14:59:00,839.00,839.00,839.00,839.00,4500,905250
INTELLECT_F1,03/23/2022,15:00:00,838.95,839.00,838.95,839.00,5250,903000
INTELLECT_F1,03/23/2022,15:01:00,839.00,839.00,838.60,838.60,1500,903000
INTELLECT_F1,03/23/2022,15:02:00,838.10,838.10,838.10,838.10,5250,903000
INTELLECT_F1,03/23/2022,15:03:00,838.05,838.50,838.05,838.50,3750,903000
INTELLECT_F1,03/23/2022,15:04:00,838.00,838.00,838.00,838.00,3750,901500
INTELLECT_F1,03/23/2022,15:08:00,838.60,838.60,838.60,838.60,750,897000
INTELLECT_F1,03/23/2022,15:10:00,840.00,840.80,840.00,840.80,3750,897000
INTELLECT_F1,03/23/2022,15:11:00,841.00,841.00,841.00,841.00,2250,897000
INTELLECT_F1,03/23/2022,15:12:00,841.00,841.00,840.50,840.50,10500,897000
INTELLECT_F1,03/23/2022,15:13:00,840.85,840.85,840.85,840.85,1500,897000
INTELLECT_F1,03/23/2022,15:14:00,841.30,841.30,841.20,841.20,2250,888000
INTELLECT_F1,03/23/2022,15:15:00,840.15,840.15,840.15,840.15,2250,888000
INTELLECT_F1,03/23/2022,15:16:00,840.25,840.60,840.25,840.60,2250,887250
INTELLECT_F1,03/23/2022,15:17:00,841.25,841.25,841.25,841.25,750,887250
INTELLECT_F1,03/23/2022,15:18:00,840.50,840.50,840.50,840.50,3000,887250
INTELLECT_F1,03/23/2022,15:19:00,841.25,841.25,841.25,841.25,1500,887250
INTELLECT_F1,03/23/2022,15:20:00,841.40,841.40,840.50,840.50,10500,887250
INTELLECT_F1,03/23/2022,15:21:00,841.20,841.20,841.20,841.20,1500,887250
INTELLECT_F1,03/23/2022,15:22:00,841.00,841.95,841.00,841.95,3000,878250
INTELLECT_F1,03/23/2022,15:23:00,842.00,842.00,840.15,840.15,7500,878250
INTELLECT_F1,03/23/2022,15:24:00,840.15,840.15,840.10,840.10,1500,878250
INTELLECT_F1,03/23/2022,15:25:00,840.00,840.00,838.95,838.95,6000,876000
INTELLECT_F1,03/23/2022,15:26:00,838.50,838.50,838.50,838.50,750,876000
INTELLECT_F1,03/23/2022,15:27:00,837.75,837.75,836.45,837.50,5250,879750
INTELLECT_F1,03/23/2022,15:28:00,837.50,840.15,837.50,840.15,6750,879750
INTELLECT_F1,03/23/2022,15:29:00,837.70,838.50,837.70,838.50,4500,879750
INTELLECT_F1,03/24/2022,09:16:00,835.05,835.05,835.05,835.05,751,861000
INTELLECT_F1,03/24/2022,09:17:00,836.70,836.70,836.70,836.70,750,861000
INTELLECT_F1,03/24/2022,09:18:00,837.35,841.45,837.35,841.45,9000,862500
INTELLECT_F1,03/24/2022,09:19:00,841.45,842.00,841.45,842.00,17250,862500
INTELLECT_F1,03/24/2022,09:20:00,839.70,843.40,839.70,843.40,6000,864750
INTELLECT_F1,03/24/2022,09:21:00,844.90,847.50,844.90,847.50,15000,864750
INTELLECT_F1,03/24/2022,09:22:00,848.00,849.70,848.00,849.70,4500,864750
INTELLECT_F1,03/24/2022,09:23:00,849.70,849.70,844.25,844.25,6000,864750
INTELLECT_F1,03/24/2022,09:25:00,845.70,845.70,845.70,845.70,2250,859500
INTELLECT_F1,03/24/2022,09:26:00,844.20,844.65,844.20,844.65,4500,855750
INTELLECT_F1,03/24/2022,09:29:00,844.55,844.55,844.55,844.55,750,855750
INTELLECT_F1,03/24/2022,09:30:00,843.80,843.80,843.80,843.80,750,855750
INTELLECT_F1,03/24/2022,09:31:00,845.20,845.90,845.20,845.90,3750,855750
INTELLECT_F1,03/24/2022,09:32:00,844.00,844.00,844.00,844.00,6000,855750
INTELLECT_F1,03/24/2022,09:33:00,844.00,844.00,842.05,842.05,6000,855750
INTELLECT_F1,03/24/2022,09:34:00,842.45,842.45,842.45,842.45,4500,855750
INTELLECT_F1,03/24/2022,09:35:00,843.05,843.05,843.05,843.05,750,855750
INTELLECT_F1,03/24/2022,09:39:00,845.45,845.45,845.45,845.45,750,852750
INTELLECT_F1,03/24/2022,09:42:00,847.70,847.70,847.25,847.25,1500,852750
INTELLECT_F1,03/24/2022,09:43:00,846.55,846.55,846.55,846.55,750,852750
INTELLECT_F1,03/24/2022,09:45:00,846.30,846.30,846.30,846.30,750,853500
INTELLECT_F1,03/24/2022,09:46:00,845.25,845.25,845.25,845.25,1500,853500
INTELLECT_F1,03/24/2022,09:50:00,846.55,847.00,846.55,847.00,2250,855000
INTELLECT_F1,03/24/2022,09:51:00,847.00,847.85,847.00,847.85,3750,855750
INTELLECT_F1,03/24/2022,09:53:00,848.00,850.00,848.00,850.00,4500,854250
INTELLECT_F1,03/24/2022,09:54:00,849.10,851.65,849.10,851.65,6750,854250
INTELLECT_F1,03/24/2022,09:55:00,851.65,853.30,851.45,853.30,16500,854250
INTELLECT_F1,03/24/2022,09:56:00,854.00,854.00,850.85,850.85,15000,854250
INTELLECT_F1,03/24/2022,09:57:00,851.85,851.95,851.85,851.95,4500,847500
INTELLECT_F1,03/24/2022,09:58:00,850.50,850.50,850.00,850.00,4500,847500
INTELLECT_F1,03/24/2022,10:00:00,849.15,849.15,848.00,848.00,3750,843000
INTELLECT_F1,03/24/2022,10:01:00,845.80,845.80,845.80,845.80,2250,843000
INTELLECT_F1,03/24/2022,10:02:00,845.55,846.80,845.55,846.80,2250,837750
INTELLECT_F1,03/24/2022,10:04:00,846.80,846.80,846.15,846.15,1500,837750
INTELLECT_F1,03/24/2022,10:05:00,847.50,847.50,847.00,847.00,1500,839250
INTELLECT_F1,03/24/2022,10:06:00,846.00,846.00,846.00,846.00,750,839250
INTELLECT_F1,03/24/2022,10:07:00,845.00,845.00,845.00,845.00,750,839250
INTELLECT_F1,03/24/2022,10:09:00,845.05,845.05,845.05,845.05,750,841500
INTELLECT_F1,03/24/2022,10:13:00,845.00,845.00,845.00,845.00,750,840750
INTELLECT_F1,03/24/2022,10:17:00,843.00,843.00,843.00,843.00,7500,840750
INTELLECT_F1,03/24/2022,10:18:00,843.90,843.90,843.90,843.90,750,837000
INTELLECT_F1,03/24/2022,10:19:00,843.75,843.75,843.75,843.75,750,837000
INTELLECT_F1,03/24/2022,10:20:00,842.85,842.85,840.20,840.20,6750,837000
INTELLECT_F1,03/24/2022,10:21:00,841.60,841.60,841.60,841.60,750,835500
INTELLECT_F1,03/24/2022,10:23:00,844.55,844.55,844.55,844.55,750,835500
INTELLECT_F1,03/24/2022,10:25:00,845.00,845.00,845.00,845.00,750,834750
INTELLECT_F1,03/24/2022,10:26:00,844.20,847.70,844.20,847.00,3750,834000
INTELLECT_F1,03/24/2022,10:28:00,847.00,847.00,847.00,847.00,750,834000
INTELLECT_F1,03/24/2022,10:30:00,846.95,846.95,846.95,846.95,750,834000
INTELLECT_F1,03/24/2022,10:31:00,847.00,847.00,847.00,847.00,4500,834000
INTELLECT_F1,03/24/2022,10:32:00,848.00,848.00,848.00,848.00,3750,836250
INTELLECT_F1,03/24/2022,10:33:00,846.90,848.00,846.90,848.00,1500,836250
INTELLECT_F1,03/24/2022,10:35:00,846.65,848.00,846.65,848.00,2250,837000
INTELLECT_F1,03/24/2022,10:36:00,846.45,847.60,846.40,847.60,4500,837000
INTELLECT_F1,03/24/2022,10:37:00,846.45,846.45,846.45,846.45,1500,837000
INTELLECT_F1,03/24/2022,10:38:00,847.75,847.75,847.00,847.00,1500,837000
INTELLECT_F1,03/24/2022,10:40:00,846.50,846.50,846.50,846.50,750,841500
INTELLECT_F1,03/24/2022,10:41:00,846.55,846.55,846.55,846.55,1500,842250
INTELLECT_F1,03/24/2022,10:43:00,846.45,846.45,845.95,845.95,1500,842250
INTELLECT_F1,03/24/2022,10:44:00,847.00,847.00,847.00,847.00,750,842250
INTELLECT_F1,03/24/2022,10:45:00,846.20,846.40,846.20,846.40,2250,842250
INTELLECT_F1,03/24/2022,10:46:00,846.05,846.05,846.05,846.05,750,842250
INTELLECT_F1,03/24/2022,10:47:00,846.00,846.30,846.00,846.30,1500,842250
INTELLECT_F1,03/24/2022,10:48:00,846.10,846.10,845.05,845.05,2250,843000
INTELLECT_F1,03/24/2022,10:49:00,845.00,845.00,845.00,845.00,750,843000
INTELLECT_F1,03/24/2022,10:50:00,845.90,845.90,845.90,845.90,750,843000
INTELLECT_F1,03/24/2022,10:51:00,845.90,845.90,845.90,845.90,750,844500
INTELLECT_F1,03/24/2022,10:55:00,847.10,847.10,847.10,847.10,1500,843750
INTELLECT_F1,03/24/2022,10:56:00,847.00,847.00,847.00,847.00,1500,843750
INTELLECT_F1,03/24/2022,10:59:00,846.65,846.65,846.65,846.65,750,844500
INTELLECT_F1,03/24/2022,11:00:00,846.15,846.15,846.15,846.15,750,845250
INTELLECT_F1,03/24/2022,11:02:00,846.80,846.80,846.80,846.80,1500,845250
INTELLECT_F1,03/24/2022,11:06:00,847.15,847.15,847.15,847.15,750,846000
INTELLECT_F1,03/24/2022,11:08:00,847.10,847.45,847.10,847.45,3750,846000
INTELLECT_F1,03/24/2022,11:09:00,847.85,848.60,847.85,848.60,2250,849000
INTELLECT_F1,03/24/2022,11:10:00,849.00,849.00,848.50,848.50,8250,849000
INTELLECT_F1,03/24/2022,11:11:00,846.70,847.05,846.70,847.05,5250,849000
INTELLECT_F1,03/24/2022,11:12:00,848.20,848.20,848.05,848.05,7500,846750
INTELLECT_F1,03/24/2022,11:13:00,846.20,847.15,846.20,847.15,6000,846750
INTELLECT_F1,03/24/2022,11:19:00,848.90,848.90,848.90,848.90,750,844500
INTELLECT_F1,03/24/2022,11:24:00,849.40,849.40,849.40,849.40,1500,844500
INTELLECT_F1,03/24/2022,11:25:00,849.85,849.85,849.85,849.85,1500,844500
INTELLECT_F1,03/24/2022,11:26:00,847.90,847.90,847.90,847.90,2250,844500
INTELLECT_F1,03/24/2022,11:29:00,847.85,847.85,847.85,847.85,750,845250
INTELLECT_F1,03/24/2022,11:30:00,847.30,847.30,847.30,847.30,2250,845250
INTELLECT_F1,03/24/2022,11:31:00,847.00,847.20,847.00,847.20,3000,845250
INTELLECT_F1,03/24/2022,11:32:00,845.05,845.05,844.50,844.50,2250,845250
INTELLECT_F1,03/24/2022,11:33:00,845.80,846.00,845.80,846.00,2250,843000
INTELLECT_F1,03/24/2022,11:36:00,846.00,846.00,846.00,846.00,1500,843750
INTELLECT_F1,03/24/2022,11:37:00,846.55,847.20,846.55,847.20,2250,843750
INTELLECT_F1,03/24/2022,11:40:00,847.20,847.20,847.20,847.20,1500,842250
INTELLECT_F1,03/24/2022,11:42:00,847.00,847.00,847.00,847.00,750,840750
INTELLECT_F1,03/24/2022,11:45:00,849.40,849.40,848.05,848.05,1500,840000
INTELLECT_F1,03/24/2022,11:47:00,847.45,847.45,847.45,847.45,750,840000
INTELLECT_F1,03/24/2022,11:48:00,847.60,847.60,847.60,847.60,750,839250
INTELLECT_F1,03/24/2022,11:52:00,847.45,847.45,847.40,847.40,1500,839250
INTELLECT_F1,03/24/2022,12:01:00,848.00,848.00,848.00,848.00,750,839250
INTELLECT_F1,03/24/2022,12:04:00,847.55,847.55,847.55,847.55,750,839250
INTELLECT_F1,03/24/2022,12:12:00,848.35,848.35,848.35,848.35,750,840000
INTELLECT_F1,03/24/2022,12:15:00,847.35,847.35,847.20,847.20,1500,840000
INTELLECT_F1,03/24/2022,12:16:00,847.20,847.20,847.20,847.20,750,840000
INTELLECT_F1,03/24/2022,12:23:00,847.20,847.20,847.20,847.20,750,840000
INTELLECT_F1,03/24/2022,12:24:00,846.80,846.80,846.75,846.75,2250,839250
INTELLECT_F1,03/24/2022,12:32:00,846.00,846.00,846.00,846.00,2250,839250
INTELLECT_F1,03/24/2022,12:33:00,845.60,845.95,845.60,845.95,8250,839250
INTELLECT_F1,03/24/2022,12:36:00,845.95,845.95,845.95,845.95,5250,843750
INTELLECT_F1,03/24/2022,12:46:00,846.50,846.50,846.50,846.50,750,844500
INTELLECT_F1,03/24/2022,12:48:00,846.65,846.65,846.65,846.65,750,844500
INTELLECT_F1,03/24/2022,12:51:00,846.05,846.05,846.05,846.05,4500,845250
INTELLECT_F1,03/24/2022,12:52:00,844.80,844.80,844.80,844.80,750,842250
INTELLECT_F1,03/24/2022,13:01:00,844.95,844.95,844.95,844.95,750,842250
INTELLECT_F1,03/24/2022,13:04:00,845.70,845.70,845.70,845.70,750,842250
INTELLECT_F1,03/24/2022,13:16:00,845.35,845.35,845.35,845.35,750,843000
INTELLECT_F1,03/24/2022,13:18:00,846.00,846.00,845.75,845.75,3000,843750
INTELLECT_F1,03/24/2022,13:38:00,847.35,847.35,847.35,847.35,750,845250
INTELLECT_F1,03/24/2022,13:40:00,847.00,847.00,847.00,847.00,1500,846000
INTELLECT_F1,03/24/2022,13:51:00,846.55,846.55,846.55,846.55,750,847500
INTELLECT_F1,03/24/2022,13:53:00,846.40,846.40,846.40,846.40,750,847500
INTELLECT_F1,03/24/2022,13:59:00,845.50,845.50,845.50,845.50,1500,847500
INTELLECT_F1,03/24/2022,14:10:00,845.25,845.25,845.25,845.25,750,846750
INTELLECT_F1,03/24/2022,14:13:00,845.10,845.10,845.10,845.10,750,846750
INTELLECT_F1,03/24/2022,14:18:00,845.00,845.00,845.00,845.00,750,846000
INTELLECT_F1,03/24/2022,14:19:00,845.50,845.50,845.50,845.50,1500,845250
INTELLECT_F1,03/24/2022,14:28:00,846.00,846.00,846.00,846.00,750,845250
INTELLECT_F1,03/24/2022,14:29:00,846.00,846.00,846.00,846.00,750,845250
INTELLECT_F1,03/24/2022,14:30:00,846.20,846.20,846.20,846.20,750,845250
INTELLECT_F1,03/24/2022,14:37:00,846.35,846.35,846.35,846.35,1500,844500
INTELLECT_F1,03/24/2022,14:38:00,846.20,846.20,846.20,846.20,750,844500
INTELLECT_F1,03/24/2022,14:39:00,846.40,846.40,846.40,846.40,1500,844500
INTELLECT_F1,03/24/2022,14:40:00,846.25,846.25,846.25,846.25,2250,844500
INTELLECT_F1,03/24/2022,14:41:00,845.90,845.90,845.90,845.90,750,844500
INTELLECT_F1,03/24/2022,14:43:00,845.60,845.60,845.20,845.20,3000,843750
INTELLECT_F1,03/24/2022,14:49:00,845.45,845.45,845.45,845.45,750,843750
INTELLECT_F1,03/24/2022,14:50:00,845.45,845.45,845.45,845.45,1500,843750
INTELLECT_F1,03/24/2022,14:52:00,845.50,845.50,845.50,845.50,750,842250
INTELLECT_F1,03/24/2022,14:53:00,844.70,844.70,844.70,844.70,3000,842250
INTELLECT_F1,03/24/2022,14:58:00,845.50,845.50,845.50,845.50,750,843000
INTELLECT_F1,03/24/2022,14:59:00,845.45,845.45,845.45,845.45,750,843000
INTELLECT_F1,03/24/2022,15:00:00,844.70,846.30,844.70,846.30,8250,843000
INTELLECT_F1,03/24/2022,15:01:00,850.20,850.20,850.00,850.00,12000,839250
INTELLECT_F1,03/24/2022,15:02:00,853.40,853.40,851.70,851.70,9750,839250
INTELLECT_F1,03/24/2022,15:03:00,852.00,852.00,851.00,851.00,3750,849750
INTELLECT_F1,03/24/2022,15:04:00,852.00,852.60,851.35,852.60,3000,849750
INTELLECT_F1,03/24/2022,15:05:00,852.95,852.95,852.00,852.95,6750,849750
INTELLECT_F1,03/24/2022,15:06:00,852.00,852.55,852.00,852.55,2250,849750
INTELLECT_F1,03/24/2022,15:07:00,852.15,852.15,852.15,852.15,3000,849000
INTELLECT_F1,03/24/2022,15:08:00,852.10,853.00,852.10,853.00,15000,849000
INTELLECT_F1,03/24/2022,15:09:00,853.90,854.20,853.90,854.20,6750,851250
INTELLECT_F1,03/24/2022,15:10:00,854.30,854.30,853.40,853.40,10500,851250
INTELLECT_F1,03/24/2022,15:11:00,853.10,853.10,852.10,852.10,3750,851250
INTELLECT_F1,03/24/2022,15:12:00,853.65,853.65,852.70,852.70,5250,851250
INTELLECT_F1,03/24/2022,15:13:00,853.00,853.00,853.00,853.00,750,850500
INTELLECT_F1,03/24/2022,15:14:00,854.75,854.90,854.75,854.90,9000,850500
INTELLECT_F1,03/24/2022,15:15:00,855.05,857.35,855.05,857.35,18000,841500
INTELLECT_F1,03/24/2022,15:16:00,857.40,857.40,857.25,857.25,9750,841500
INTELLECT_F1,03/24/2022,15:17:00,857.65,857.65,852.85,854.25,22500,841500
INTELLECT_F1,03/24/2022,15:18:00,853.65,854.50,853.65,854.50,1500,841500
INTELLECT_F1,03/24/2022,15:19:00,853.20,853.20,853.20,853.20,1500,845250
INTELLECT_F1,03/24/2022,15:20:00,853.00,853.00,853.00,853.00,1500,845250
INTELLECT_F1,03/24/2022,15:21:00,852.00,852.00,852.00,852.00,3750,845250
INTELLECT_F1,03/24/2022,15:22:00,852.00,852.00,851.55,851.55,3750,840000
INTELLECT_F1,03/24/2022,15:23:00,850.30,850.30,850.30,850.30,6000,840000
INTELLECT_F1,03/24/2022,15:24:00,848.85,849.25,847.45,849.25,3750,837000
INTELLECT_F1,03/24/2022,15:25:00,849.00,849.00,847.80,847.80,1500,837000
INTELLECT_F1,03/24/2022,15:26:00,847.05,847.95,847.05,847.95,2250,837000
INTELLECT_F1,03/24/2022,15:27:00,847.00,847.00,847.00,847.00,750,837000
INTELLECT_F1,03/24/2022,15:28:00,848.70,848.70,848.70,848.70,4500,838500
INTELLECT_F1,03/24/2022,15:29:00,845.20,848.85,845.20,848.85,1500,838500
INTELLECT_F1,03/25/2022,09:15:00,859.50,861.65,859.50,860.25,4503,825000
INTELLECT_F1,03/25/2022,09:16:00,863.80,863.80,859.00,859.00,18000,825000
INTELLECT_F1,03/25/2022,09:17:00,857.20,857.20,856.30,856.30,6750,834750
INTELLECT_F1,03/25/2022,09:18:00,856.30,857.70,856.30,857.70,3750,834750
INTELLECT_F1,03/25/2022,09:19:00,858.55,858.90,858.55,858.90,1500,834750
INTELLECT_F1,03/25/2022,09:20:00,859.00,859.00,859.00,859.00,1500,834750
INTELLECT_F1,03/25/2022,09:21:00,859.00,859.20,858.80,859.20,11250,831000
INTELLECT_F1,03/25/2022,09:22:00,860.00,864.40,860.00,862.65,19500,831000
INTELLECT_F1,03/25/2022,09:23:00,863.95,863.95,862.65,863.00,4500,846000
INTELLECT_F1,03/25/2022,09:24:00,864.00,864.00,862.20,862.95,12000,846000
INTELLECT_F1,03/25/2022,09:25:00,862.10,862.10,862.10,862.10,1500,846000
INTELLECT_F1,03/25/2022,09:26:00,863.00,865.75,863.00,865.75,9000,846750
INTELLECT_F1,03/25/2022,09:27:00,870.00,870.00,868.90,868.90,12750,846750
INTELLECT_F1,03/25/2022,09:28:00,867.65,869.55,867.55,867.55,5250,846750
INTELLECT_F1,03/25/2022,09:29:00,866.00,867.00,865.80,867.00,5250,842250
INTELLECT_F1,03/25/2022,09:31:00,869.15,869.15,866.50,866.50,6000,842250
INTELLECT_F1,03/25/2022,09:33:00,866.00,866.00,866.00,866.00,1500,843000
INTELLECT_F1,03/25/2022,09:34:00,867.50,867.50,866.00,866.00,3000,843000
INTELLECT_F1,03/25/2022,09:35:00,868.05,870.00,868.05,870.00,20250,851250
INTELLECT_F1,03/25/2022,09:36:00,869.00,869.00,867.00,867.00,3000,851250
INTELLECT_F1,03/25/2022,09:37:00,870.65,873.00,870.65,873.00,22500,851250
INTELLECT_F1,03/25/2022,09:38:00,873.00,875.00,872.75,873.00,27750,872250
INTELLECT_F1,03/25/2022,09:39:00,872.10,872.10,872.10,872.10,10500,872250
INTELLECT_F1,03/25/2022,09:40:00,873.40,876.90,873.05,875.65,35250,872250
INTELLECT_F1,03/25/2022,09:41:00,874.00,876.30,874.00,874.30,3750,872250
INTELLECT_F1,03/25/2022,09:42:00,874.50,874.50,873.45,873.90,3750,889500
INTELLECT_F1,03/25/2022,09:43:00,874.95,876.85,874.95,875.90,6000,889500
INTELLECT_F1,03/25/2022,09:44:00,876.15,876.15,875.05,875.05,4500,889500
INTELLECT_F1,03/25/2022,09:45:00,874.35,874.35,873.05,873.05,6000,890250
INTELLECT_F1,03/25/2022,09:46:00,873.90,873.90,871.30,871.30,3750,890250
INTELLECT_F1,03/25/2022,09:47:00,872.10,872.10,872.10,872.10,2250,891750
INTELLECT_F1,03/25/2022,09:48:00,872.90,873.40,872.90,873.40,2250,891750
INTELLECT_F1,03/25/2022,09:49:00,877.90,879.00,877.65,879.00,8250,891750
INTELLECT_F1,03/25/2022,09:50:00,880.00,881.00,880.00,881.00,10500,888750
INTELLECT_F1,03/25/2022,09:51:00,882.95,882.95,879.40,882.35,8250,888750
INTELLECT_F1,03/25/2022,09:52:00,882.20,882.25,881.00,881.00,6000,888750
INTELLECT_F1,03/25/2022,09:53:00,880.00,880.00,878.75,878.75,5250,892500
INTELLECT_F1,03/25/2022,09:54:00,878.55,881.00,878.00,881.00,15000,892500
INTELLECT_F1,03/25/2022,09:55:00,881.00,882.85,881.00,882.00,9000,892500
INTELLECT_F1,03/25/2022,09:56:00,883.00,885.70,883.00,885.70,36750,906000
INTELLECT_F1,03/25/2022,09:57:00,884.75,884.75,883.50,883.50,4500,906000
INTELLECT_F1,03/25/2022,09:58:00,880.55,882.15,880.55,882.00,13500,906000
INTELLECT_F1,03/25/2022,09:59:00,880.40,880.80,880.00,880.80,2250,918000
INTELLECT_F1,03/25/2022,10:00:00,881.35,881.35,880.65,880.65,3750,918000
INTELLECT_F1,03/25/2022,10:01:00,880.20,882.00,880.20,882.00,18000,918000
INTELLECT_F1,03/25/2022,10:02:00,880.00,880.00,880.00,880.00,750,918000
INTELLECT_F1,03/25/2022,10:03:00,880.00,881.40,880.00,881.40,1500,912750
INTELLECT_F1,03/25/2022,10:05:00,878.80,878.80,875.00,875.00,10500,913500
INTELLECT_F1,03/25/2022,10:06:00,877.50,877.50,877.00,877.00,2250,913500
INTELLECT_F1,03/25/2022,10:08:00,877.10,877.10,876.45,876.45,2250,913500
INTELLECT_F1,03/25/2022,10:09:00,875.95,875.95,875.95,875.95,2250,910500
INTELLECT_F1,03/25/2022,10:10:00,876.00,876.95,876.00,876.95,1500,910500
INTELLECT_F1,03/25/2022,10:11:00,876.00,876.95,876.00,876.25,6000,907500
INTELLECT_F1,03/25/2022,10:13:00,878.00,878.00,878.00,878.00,10500,907500
INTELLECT_F1,03/25/2022,10:15:00,877.35,877.65,877.35,877.65,3000,916500
INTELLECT_F1,03/25/2022,10:16:00,876.65,877.95,876.65,876.90,3750,916500
INTELLECT_F1,03/25/2022,10:17:00,877.85,877.85,877.85,877.85,3000,914250
INTELLECT_F1,03/25/2022,10:18:00,881.50,881.50,881.50,881.50,750,914250
INTELLECT_F1,03/25/2022,10:19:00,881.30,883.10,881.30,882.50,3750,914250
INTELLECT_F1,03/25/2022,10:20:00,883.00,884.60,883.00,884.60,4500,914250
INTELLECT_F1,03/25/2022,10:21:00,884.80,884.85,884.05,884.85,3750,920250
INTELLECT_F1,03/25/2022,10:22:00,886.00,886.00,885.00,885.00,7500,920250
INTELLECT_F1,03/25/2022,10:23:00,884.00,884.00,882.30,882.30,2250,924000
INTELLECT_F1,03/25/2022,10:24:00,882.05,882.05,881.05,881.05,1500,924000
INTELLECT_F1,03/25/2022,10:25:00,881.55,881.55,881.55,881.55,750,924000
INTELLECT_F1,03/25/2022,10:26:00,880.80,880.80,879.80,879.80,3000,925500
INTELLECT_F1,03/25/2022,10:27:00,879.80,879.80,879.30,879.30,1500,925500
INTELLECT_F1,03/25/2022,10:28:00,878.30,878.30,878.30,878.30,5250,925500
INTELLECT_F1,03/25/2022,10:29:00,877.55,877.55,877.55,877.55,750,925500
INTELLECT_F1,03/25/2022,10:30:00,879.15,879.15,879.15,879.15,1500,923250
INTELLECT_F1,03/25/2022,10:32:00,878.80,878.80,878.80,878.80,750,923250
INTELLECT_F1,03/25/2022,10:33:00,877.75,877.80,877.75,877.80,2250,923250
INTELLECT_F1,03/25/2022,10:35:00,877.05,877.90,877.05,877.90,1500,923250
INTELLECT_F1,03/25/2022,10:39:00,877.00,877.00,877.00,877.00,750,923250
INTELLECT_F1,03/25/2022,10:40:00,877.25,877.25,877.25,877.25,750,923250
INTELLECT_F1,03/25/2022,10:41:00,877.35,877.35,877.35,877.35,750,923250
INTELLECT_F1,03/25/2022,10:42:00,876.00,876.00,876.00,876.00,750,923250
INTELLECT_F1,03/25/2022,10:43:00,876.90,876.90,876.90,876.90,1500,923250
INTELLECT_F1,03/25/2022,10:44:00,876.90,876.90,876.90,876.90,2250,923250
INTELLECT_F1,03/25/2022,10:45:00,876.95,876.95,876.95,876.95,2250,922500
INTELLECT_F1,03/25/2022,10:49:00,876.05,876.05,876.00,876.00,9750,924750
INTELLECT_F1,03/25/2022,10:50:00,876.60,876.60,876.60,876.60,1500,924750
INTELLECT_F1,03/25/2022,10:51:00,877.45,877.45,877.45,877.45,1500,924000
INTELLECT_F1,03/25/2022,10:52:00,876.95,876.95,876.90,876.90,2250,924000
INTELLECT_F1,03/25/2022,10:53:00,876.50,876.50,876.50,876.50,2250,924000
INTELLECT_F1,03/25/2022,10:54:00,876.00,876.00,876.00,876.00,750,923250
INTELLECT_F1,03/25/2022,10:56:00,875.45,875.45,875.45,875.45,750,923250
INTELLECT_F1,03/25/2022,11:02:00,874.50,874.50,874.00,874.00,8250,922500
INTELLECT_F1,03/25/2022,11:03:00,873.50,873.50,868.70,868.70,17250,918750
INTELLECT_F1,03/25/2022,11:04:00,870.25,872.00,870.25,872.00,12000,918750
INTELLECT_F1,03/25/2022,11:05:00,871.10,871.10,871.10,871.10,3000,918750
INTELLECT_F1,03/25/2022,11:06:00,871.10,871.10,871.10,871.10,750,912000
INTELLECT_F1,03/25/2022,11:07:00,870.65,870.65,870.65,870.65,750,912000
INTELLECT_F1,03/25/2022,11:09:00,870.80,870.80,870.80,870.80,750,911250
INTELLECT_F1,03/25/2022,11:10:00,870.80,870.80,870.80,870.80,750,911250
INTELLECT_F1,03/25/2022,11:12:00,870.20,870.20,870.20,870.20,750,909000
INTELLECT_F1,03/25/2022,11:13:00,869.95,869.95,869.95,869.95,750,909000
INTELLECT_F1,03/25/2022,11:15:00,870.10,870.15,869.65,869.65,3750,909000
INTELLECT_F1,03/25/2022,11:16:00,865.70,865.70,865.00,865.00,6000,909000
INTELLECT_F1,03/25/2022,11:17:00,864.45,864.65,862.00,862.00,18000,909000
INTELLECT_F1,03/25/2022,11:18:00,864.65,865.00,864.65,865.00,2250,907500
INTELLECT_F1,03/25/2022,11:19:00,868.00,868.00,868.00,868.00,750,907500
INTELLECT_F1,03/25/2022,11:20:00,867.20,867.20,867.20,867.20,750,907500
INTELLECT_F1,03/25/2022,11:23:00,864.50,864.50,864.50,864.50,750,904500
INTELLECT_F1,03/25/2022,11:25:00,865.80,865.80,865.80,865.80,750,904500
INTELLECT_F1,03/25/2022,11:26:00,866.00,867.35,866.00,867.35,1500,904500
INTELLECT_F1,03/25/2022,11:29:00,865.35,865.35,861.20,861.20,2250,903000
INTELLECT_F1,03/25/2022,11:30:00,862.35,862.35,861.00,861.00,2250,903000
INTELLECT_F1,03/25/2022,11:31:00,860.55,864.70,860.55,864.70,3750,903000
INTELLECT_F1,03/25/2022,11:32:00,863.95,863.95,863.95,863.95,750,903000
INTELLECT_F1,03/25/2022,11:36:00,868.70,869.10,868.50,869.10,6750,901500
INTELLECT_F1,03/25/2022,11:38:00,868.80,868.80,868.80,868.80,750,901500
INTELLECT_F1,03/25/2022,11:39:00,868.95,868.95,868.95,868.95,1500,900000
INTELLECT_F1,03/25/2022,11:40:00,869.00,869.00,868.00,868.00,2250,900000
INTELLECT_F1,03/25/2022,11:42:00,868.00,868.00,868.00,868.00,750,901500
INTELLECT_F1,03/25/2022,11:45:00,869.00,869.25,869.00,869.25,3000,900750
INTELLECT_F1,03/25/2022,11:47:00,867.35,867.35,867.35,867.35,750,898500
INTELLECT_F1,03/25/2022,11:49:00,865.10,865.10,865.10,865.10,750,898500
INTELLECT_F1,03/25/2022,11:50:00,865.55,867.05,865.55,867.05,29250,898500
INTELLECT_F1,03/25/2022,11:51:00,867.10,867.45,867.10,867.45,2250,921000
INTELLECT_F1,03/25/2022,11:52:00,867.45,867.45,866.40,866.40,2250,921000
INTELLECT_F1,03/25/2022,11:53:00,865.30,865.30,865.30,865.30,750,921000
INTELLECT_F1,03/25/2022,11:55:00,866.50,866.50,866.50,866.50,750,919500
INTELLECT_F1,03/25/2022,11:56:00,866.00,866.00,866.00,866.00,750,919500
INTELLECT_F1,03/25/2022,11:57:00,865.15,865.15,865.15,865.15,750,920250
INTELLECT_F1,03/25/2022,11:58:00,865.10,865.10,864.60,864.60,2250,920250
INTELLECT_F1,03/25/2022,11:59:00,864.05,864.05,864.05,864.05,750,920250
INTELLECT_F1,03/25/2022,12:00:00,863.85,864.20,863.85,864.20,1500,919500
INTELLECT_F1,03/25/2022,12:01:00,864.30,864.30,863.60,863.60,2250,919500
INTELLECT_F1,03/25/2022,12:02:00,865.60,865.60,865.60,865.60,2250,919500
INTELLECT_F1,03/25/2022,12:05:00,863.60,863.60,863.60,863.60,750,918000
INTELLECT_F1,03/25/2022,12:06:00,863.15,863.15,860.55,861.15,9750,917250
INTELLECT_F1,03/25/2022,12:07:00,861.10,861.10,861.10,861.10,3750,917250
INTELLECT_F1,03/25/2022,12:08:00,861.10,861.10,860.40,860.40,1500,917250
INTELLECT_F1,03/25/2022,12:09:00,859.15,859.15,859.15,859.15,3000,917250
INTELLECT_F1,03/25/2022,12:10:00,859.00,859.25,859.00,859.00,3750,908250
INTELLECT_F1,03/25/2022,12:11:00,859.00,859.00,859.00,859.00,750,908250
INTELLECT_F1,03/25/2022,12:12:00,860.00,860.00,860.00,860.00,9000,908250
INTELLECT_F1,03/25/2022,12:13:00,858.00,858.00,857.40,857.85,3000,908250
INTELLECT_F1,03/25/2022,12:14:00,857.00,857.05,854.00,854.00,9000,908250
INTELLECT_F1,03/25/2022,12:15:00,852.05,852.05,852.05,852.05,5250,921000
INTELLECT_F1,03/25/2022,12:16:00,852.05,858.10,852.05,855.00,15000,921000
INTELLECT_F1,03/25/2022,12:17:00,855.00,855.00,853.20,854.00,4500,921000
INTELLECT_F1,03/25/2022,12:18:00,853.35,855.00,853.35,855.00,4500,909000
INTELLECT_F1,03/25/2022,12:19:00,855.00,855.00,855.00,855.00,4500,909000
INTELLECT_F1,03/25/2022,12:20:00,855.00,855.00,853.35,853.35,5250,909000
INTELLECT_F1,03/25/2022,12:22:00,855.00,857.55,855.00,857.55,13500,903000
INTELLECT_F1,03/25/2022,12:25:00,859.00,859.00,859.00,859.00,750,898500
INTELLECT_F1,03/25/2022,12:27:00,858.45,858.45,858.45,858.45,750,899250
INTELLECT_F1,03/25/2022,12:28:00,858.00,858.00,858.00,858.00,1500,899250
INTELLECT_F1,03/25/2022,12:30:00,856.50,856.50,856.50,856.50,750,897750
INTELLECT_F1,03/25/2022,12:31:00,856.90,856.90,856.90,856.90,750,897750
INTELLECT_F1,03/25/2022,12:32:00,856.95,857.60,856.95,857.60,1500,897750
INTELLECT_F1,03/25/2022,12:40:00,858.30,858.30,858.30,858.30,750,897750
INTELLECT_F1,03/25/2022,12:41:00,858.00,858.00,858.00,858.00,3000,897750
INTELLECT_F1,03/25/2022,12:43:00,858.90,858.90,858.90,858.90,750,894750
INTELLECT_F1,03/25/2022,12:46:00,859.00,859.00,859.00,859.00,1500,895500
INTELLECT_F1,03/25/2022,12:47:00,857.75,857.75,857.75,857.75,1500,895500
INTELLECT_F1,03/25/2022,12:50:00,857.85,857.85,857.85,857.85,1500,895500
INTELLECT_F1,03/25/2022,12:53:00,857.85,857.85,857.85,857.85,1500,896250
INTELLECT_F1,03/25/2022,13:01:00,856.85,856.85,856.75,856.75,2250,897000
INTELLECT_F1,03/25/2022,13:06:00,856.85,856.85,856.85,856.85,750,897000
INTELLECT_F1,03/25/2022,13:09:00,857.00,857.00,857.00,857.00,750,897000
INTELLECT_F1,03/25/2022,13:11:00,856.60,856.60,856.60,856.60,750,897750
INTELLECT_F1,03/25/2022,13:13:00,856.80,856.80,855.50,855.50,2250,898500
INTELLECT_F1,03/25/2022,13:14:00,855.00,855.00,855.00,855.00,3000,898500
INTELLECT_F1,03/25/2022,13:15:00,854.70,854.70,854.70,854.70,3000,898500
INTELLECT_F1,03/25/2022,13:16:00,854.00,854.00,854.00,854.00,750,894750
INTELLECT_F1,03/25/2022,13:18:00,854.45,854.45,854.45,854.45,750,894750
INTELLECT_F1,03/25/2022,13:23:00,853.35,853.35,853.35,853.35,750,895500
INTELLECT_F1,03/25/2022,13:27:00,852.40,852.40,852.10,852.10,4500,894000
INTELLECT_F1,03/25/2022,13:28:00,852.05,853.35,852.05,853.35,1500,894000
INTELLECT_F1,03/25/2022,13:34:00,852.30,852.30,852.30,852.30,750,891000
INTELLECT_F1,03/25/2022,13:36:00,852.00,852.00,851.00,851.00,3750,891000
INTELLECT_F1,03/25/2022,13:37:00,850.05,850.05,849.60,849.95,6000,891000
INTELLECT_F1,03/25/2022,13:38:00,849.40,849.40,849.40,849.40,2250,891000
INTELLECT_F1,03/25/2022,13:39:00,848.45,848.45,848.45,848.45,3000,892500
INTELLECT_F1,03/25/2022,13:40:00,848.45,848.45,848.45,848.45,750,892500
INTELLECT_F1,03/25/2022,13:41:00,847.50,847.50,847.50,847.50,750,892500
INTELLECT_F1,03/25/2022,13:42:00,846.75,846.75,846.00,846.00,1500,895500
INTELLECT_F1,03/25/2022,13:43:00,845.30,845.30,844.60,844.60,5250,895500
INTELLECT_F1,03/25/2022,13:44:00,844.60,844.60,844.60,844.60,750,895500
INTELLECT_F1,03/25/2022,13:45:00,844.55,844.55,842.20,842.20,9750,889500
INTELLECT_F1,03/25/2022,13:46:00,841.05,841.50,840.20,841.50,9000,889500
INTELLECT_F1,03/25/2022,13:47:00,842.00,844.00,842.00,844.00,5250,889500
INTELLECT_F1,03/25/2022,13:48:00,844.50,844.50,843.90,843.90,1500,891750
INTELLECT_F1,03/25/2022,13:50:00,843.05,843.70,843.05,843.70,1500,891750
INTELLECT_F1,03/25/2022,13:55:00,843.20,843.30,843.20,843.30,3000,890250
INTELLECT_F1,03/25/2022,13:56:00,843.20,843.65,843.20,843.65,2250,890250
INTELLECT_F1,03/25/2022,13:57:00,844.15,844.15,844.15,844.15,750,890250
INTELLECT_F1,03/25/2022,13:59:00,844.05,844.05,844.05,844.05,750,891750
INTELLECT_F1,03/25/2022,14:00:00,843.30,844.20,843.30,844.20,4500,891750
INTELLECT_F1,03/25/2022,14:02:00,845.10,845.10,845.10,845.10,750,891750
INTELLECT_F1,03/25/2022,14:03:00,845.70,848.00,845.70,848.00,9750,890250
INTELLECT_F1,03/25/2022,14:07:00,844.25,844.25,844.25,844.25,4500,889500
INTELLECT_F1,03/25/2022,14:08:00,844.05,844.05,844.05,844.05,750,889500
INTELLECT_F1,03/25/2022,14:09:00,846.50,846.50,846.30,846.30,2250,890250
INTELLECT_F1,03/25/2022,14:10:00,846.25,846.25,845.65,845.65,1500,890250
INTELLECT_F1,03/25/2022,14:11:00,846.00,846.85,846.00,846.75,3000,890250
INTELLECT_F1,03/25/2022,14:13:00,848.50,848.50,848.50,848.50,2250,889500
INTELLECT_F1,03/25/2022,14:15:00,848.00,851.45,848.00,851.45,4500,886500
INTELLECT_F1,03/25/2022,14:16:00,852.00,853.90,852.00,853.90,11250,886500
INTELLECT_F1,03/25/2022,14:17:00,854.40,854.40,854.00,854.00,2250,886500
INTELLECT_F1,03/25/2022,14:18:00,854.75,854.75,854.75,854.75,1500,886500
INTELLECT_F1,03/25/2022,14:19:00,851.95,853.50,851.95,853.50,12000,887250
INTELLECT_F1,03/25/2022,14:20:00,853.55,854.10,853.55,854.10,1500,887250
INTELLECT_F1,03/25/2022,14:21:00,853.75,854.85,853.75,854.05,4500,890250
INTELLECT_F1,03/25/2022,14:22:00,853.05,853.05,853.05,853.05,750,890250
INTELLECT_F1,03/25/2022,14:23:00,853.00,853.00,853.00,853.00,3000,890250
INTELLECT_F1,03/25/2022,14:25:00,853.00,855.00,853.00,855.00,5250,891000
INTELLECT_F1,03/25/2022,14:26:00,857.50,857.50,856.95,857.20,7500,891000
INTELLECT_F1,03/25/2022,14:28:00,856.80,856.80,856.80,856.80,750,895500
INTELLECT_F1,03/25/2022,14:29:00,858.00,858.00,858.00,858.00,2250,895500
INTELLECT_F1,03/25/2022,14:31:00,857.50,857.50,856.15,856.15,1500,894750
INTELLECT_F1,03/25/2022,14:32:00,856.65,856.65,856.65,856.65,750,894750
INTELLECT_F1,03/25/2022,14:33:00,855.65,855.65,855.45,855.45,3000,894750
INTELLECT_F1,03/25/2022,14:34:00,854.00,854.90,854.00,854.90,1500,897000
INTELLECT_F1,03/25/2022,14:35:00,855.85,855.85,855.85,855.85,750,897000
INTELLECT_F1,03/25/2022,14:38:00,855.65,855.65,855.65,855.65,1500,897000
INTELLECT_F1,03/25/2022,14:42:00,857.00,857.00,857.00,857.00,1500,896250
INTELLECT_F1,03/25/2022,14:43:00,857.00,857.65,857.00,857.65,1500,896250
INTELLECT_F1,03/25/2022,14:44:00,856.70,856.70,855.30,855.70,3750,896250
INTELLECT_F1,03/25/2022,14:45:00,855.70,855.70,855.70,855.70,750,896250
INTELLECT_F1,03/25/2022,14:46:00,853.70,853.70,853.70,853.70,750,894000
INTELLECT_F1,03/25/2022,14:48:00,854.35,854.35,854.35,854.35,750,894000
INTELLECT_F1,03/25/2022,14:49:00,854.35,854.35,854.35,854.35,1500,891750
INTELLECT_F1,03/25/2022,14:50:00,855.70,857.00,855.70,857.00,15000,891750
INTELLECT_F1,03/25/2022,14:51:00,858.75,860.00,858.75,860.00,7500,891750
INTELLECT_F1,03/25/2022,14:55:00,859.10,859.10,859.10,859.10,1500,900750
INTELLECT_F1,03/25/2022,14:56:00,859.40,859.40,859.40,859.40,750,900750
INTELLECT_F1,03/25/2022,14:57:00,860.00,860.20,860.00,860.20,3750,900750
INTELLECT_F1,03/25/2022,14:58:00,860.90,861.00,860.90,861.00,3000,903000
INTELLECT_F1,03/25/2022,14:59:00,861.00,861.00,861.00,861.00,1500,903000
INTELLECT_F1,03/25/2022,15:00:00,861.70,862.80,861.70,862.80,4500,902250
INTELLECT_F1,03/25/2022,15:01:00,863.00,863.00,862.75,862.75,4500,902250
INTELLECT_F1,03/25/2022,15:02:00,865.75,865.75,862.70,862.70,14250,902250
INTELLECT_F1,03/25/2022,15:03:00,864.00,864.50,864.00,864.50,3000,903750
INTELLECT_F1,03/25/2022,15:04:00,865.50,865.50,864.35,864.35,3750,903750
INTELLECT_F1,03/25/2022,15:05:00,864.60,864.60,864.20,864.20,3750,903750
INTELLECT_F1,03/25/2022,15:07:00,862.40,862.40,861.25,861.25,1500,906000
INTELLECT_F1,03/25/2022,15:09:00,862.80,862.80,862.80,862.80,750,906000
INTELLECT_F1,03/25/2022,15:10:00,861.90,861.90,860.55,860.55,2250,903750
INTELLECT_F1,03/25/2022,15:11:00,861.65,861.65,861.65,861.65,3750,903750
INTELLECT_F1,03/25/2022,15:12:00,861.70,861.70,861.70,861.70,750,903750
INTELLECT_F1,03/25/2022,15:14:00,860.80,860.80,860.05,860.05,1500,906750
INTELLECT_F1,03/25/2022,15:16:00,860.00,860.00,859.80,859.80,6000,907500
INTELLECT_F1,03/25/2022,15:17:00,859.65,859.65,859.45,859.45,2250,907500
INTELLECT_F1,03/25/2022,15:18:00,859.05,859.05,859.05,859.05,1500,907500
INTELLECT_F1,03/25/2022,15:19:00,858.15,858.15,858.15,858.15,1500,909000
INTELLECT_F1,03/25/2022,15:20:00,858.85,859.10,858.55,859.05,5250,909000
INTELLECT_F1,03/25/2022,15:21:00,859.85,859.85,859.80,859.80,4500,910500
INTELLECT_F1,03/25/2022,15:22:00,859.90,859.90,859.90,859.90,1500,910500
INTELLECT_F1,03/25/2022,15:23:00,859.90,861.25,859.90,861.25,9000,910500
INTELLECT_F1,03/25/2022,15:24:00,861.00,861.00,861.00,861.00,1500,910500
INTELLECT_F1,03/25/2022,15:25:00,859.70,860.50,859.70,860.50,6750,914250
INTELLECT_F1,03/25/2022,15:26:00,861.95,862.00,861.95,862.00,9750,914250
INTELLECT_F1,03/25/2022,15:27:00,862.10,862.10,862.10,862.10,750,914250
INTELLECT_F1,03/25/2022,15:28:00,863.00,863.00,860.05,860.05,3000,926250
INTELLECT_F1,03/25/2022,15:29:00,861.30,861.30,860.35,860.35,1500,926250
INTELLECT_F1,03/25/2022,15:30:00,863.15,863.15,863.15,863.15,1500,926250
INTELLECT_F1,03/28/2022,09:15:00,865.45,865.50,865.45,865.50,6752,914250
INTELLECT_F1,03/28/2022,09:17:00,865.55,865.55,862.00,862.00,3750,918000
INTELLECT_F1,03/28/2022,09:18:00,865.00,865.00,865.00,865.00,3000,918000
INTELLECT_F1,03/28/2022,09:20:00,866.20,869.10,866.20,869.10,4500,913500
INTELLECT_F1,03/28/2022,09:21:00,868.00,868.00,867.30,867.30,12750,913500
INTELLECT_F1,03/28/2022,09:22:00,867.00,867.00,867.00,867.00,3750,913500
INTELLECT_F1,03/28/2022,09:23:00,866.50,866.50,864.40,864.40,3750,920250
INTELLECT_F1,03/28/2022,09:24:00,866.00,866.00,865.30,865.30,4500,920250
INTELLECT_F1,03/28/2022,09:25:00,864.00,864.00,863.05,863.05,11250,920250
INTELLECT_F1,03/28/2022,09:26:00,862.50,862.50,859.05,859.05,16500,903750
INTELLECT_F1,03/28/2022,09:27:00,855.50,857.45,855.50,857.45,10500,903750
INTELLECT_F1,03/28/2022,09:28:00,861.25,861.60,860.50,860.50,9000,903750
INTELLECT_F1,03/28/2022,09:29:00,860.60,860.60,859.70,859.70,8250,903000
INTELLECT_F1,03/28/2022,09:30:00,857.80,857.80,851.15,851.15,26250,903000
INTELLECT_F1,03/28/2022,09:31:00,851.15,856.50,851.15,855.10,6750,903000
INTELLECT_F1,03/28/2022,09:32:00,855.50,855.50,855.50,855.50,3000,903000
INTELLECT_F1,03/28/2022,09:34:00,854.05,854.05,854.05,854.05,750,882750
INTELLECT_F1,03/28/2022,09:35:00,853.95,854.40,853.95,854.40,2250,882750
INTELLECT_F1,03/28/2022,09:36:00,853.00,855.00,853.00,855.00,2250,882750
INTELLECT_F1,03/28/2022,09:37:00,855.95,855.95,855.95,855.95,750,882750
INTELLECT_F1,03/28/2022,09:38:00,854.30,854.30,853.55,853.55,10500,878250
INTELLECT_F1,03/28/2022,09:40:00,853.20,853.20,853.20,853.20,2250,878250
INTELLECT_F1,03/28/2022,09:42:00,853.00,853.00,853.00,853.00,750,876000
INTELLECT_F1,03/28/2022,09:43:00,850.50,850.50,849.90,849.90,6750,876000
INTELLECT_F1,03/28/2022,09:44:00,848.55,848.55,848.55,848.55,750,876000
INTELLECT_F1,03/28/2022,09:45:00,848.40,848.40,848.40,848.40,1500,873000
INTELLECT_F1,03/28/2022,09:46:00,843.00,843.00,842.00,842.00,15000,873000
INTELLECT_F1,03/28/2022,09:47:00,841.90,847.00,841.90,847.00,5250,867000
INTELLECT_F1,03/28/2022,09:48:00,846.00,846.00,846.00,846.00,750,867000
INTELLECT_F1,03/28/2022,09:49:00,846.05,846.05,846.05,846.05,1500,867000
INTELLECT_F1,03/28/2022,09:50:00,844.00,844.00,844.00,844.00,1500,864000
INTELLECT_F1,03/28/2022,09:51:00,844.65,846.00,844.65,846.00,3000,864000
INTELLECT_F1,03/28/2022,09:52:00,845.30,845.30,845.30,845.30,2250,864000
INTELLECT_F1,03/28/2022,09:53:00,845.75,847.00,845.75,847.00,22500,867000
INTELLECT_F1,03/28/2022,09:55:00,847.00,847.00,847.00,847.00,3000,867000
INTELLECT_F1,03/28/2022,09:56:00,847.00,847.00,846.00,846.00,1500,868500
INTELLECT_F1,03/28/2022,09:57:00,847.15,847.15,847.15,847.15,750,868500
INTELLECT_F1,03/28/2022,09:58:00,847.35,847.35,847.35,847.35,750,868500
INTELLECT_F1,03/28/2022,09:59:00,847.00,847.00,847.00,847.00,750,868500
INTELLECT_F1,03/28/2022,10:01:00,846.80,846.80,846.80,846.80,750,867750
INTELLECT_F1,03/28/2022,10:02:00,846.80,846.80,846.80,846.80,3000,867750
INTELLECT_F1,03/28/2022,10:03:00,844.80,845.00,844.80,845.00,4500,868500
INTELLECT_F1,03/28/2022,10:04:00,845.05,845.05,845.05,845.05,750,868500
INTELLECT_F1,03/28/2022,10:05:00,844.95,844.95,844.95,844.95,750,868500
INTELLECT_F1,03/28/2022,10:07:00,843.00,843.05,843.00,843.05,1500,871500
INTELLECT_F1,03/28/2022,10:09:00,842.85,842.85,842.85,842.85,750,871500
INTELLECT_F1,03/28/2022,10:11:00,840.40,840.40,840.40,840.40,3750,871500
INTELLECT_F1,03/28/2022,10:12:00,840.25,840.25,840.25,840.25,1500,871500
INTELLECT_F1,03/28/2022,10:13:00,839.15,840.20,837.10,840.20,11250,871500
INTELLECT_F1,03/28/2022,10:14:00,840.20,841.10,839.30,840.70,3000,871500
INTELLECT_F1,03/28/2022,10:15:00,838.25,838.25,838.25,838.25,1500,872250
INTELLECT_F1,03/28/2022,10:16:00,840.00,840.00,838.65,838.65,5250,872250
INTELLECT_F1,03/28/2022,10:17:00,838.65,838.65,837.35,837.35,1500,876000
INTELLECT_F1,03/28/2022,10:20:00,837.90,838.05,837.90,838.05,2250,875250
INTELLECT_F1,03/28/2022,10:21:00,838.00,838.00,838.00,838.00,750,875250
INTELLECT_F1,03/28/2022,10:23:00,835.30,835.30,835.30,835.30,4500,875250
INTELLECT_F1,03/28/2022,10:24:00,834.10,834.10,834.10,834.10,1500,873750
INTELLECT_F1,03/28/2022,10:25:00,835.05,836.90,835.05,836.90,6750,873750
INTELLECT_F1,03/28/2022,10:26:00,836.95,838.05,836.95,838.05,3000,871500
INTELLECT_F1,03/28/2022,10:27:00,839.20,840.00,839.20,840.00,3750,871500
INTELLECT_F1,03/28/2022,10:28:00,841.50,841.50,841.50,841.50,3750,871500
INTELLECT_F1,03/28/2022,10:29:00,842.05,842.05,842.05,842.05,750,871500
INTELLECT_F1,03/28/2022,10:31:00,844.25,845.00,844.25,845.00,8250,873750
INTELLECT_F1,03/28/2022,10:32:00,845.00,845.00,845.00,845.00,1500,876750
INTELLECT_F1,03/28/2022,10:35:00,844.45,844.45,844.25,844.25,6000,876750
INTELLECT_F1,03/28/2022,10:36:00,845.70,846.45,845.70,846.45,2250,873750
INTELLECT_F1,03/28/2022,10:37:00,846.85,846.85,846.85,846.85,750,873750
INTELLECT_F1,03/28/2022,10:43:00,844.60,844.60,844.60,844.60,750,871500
INTELLECT_F1,03/28/2022,10:44:00,846.00,846.00,846.00,846.00,1500,871500
INTELLECT_F1,03/28/2022,10:45:00,848.05,848.05,848.05,848.05,750,871500
INTELLECT_F1,03/28/2022,10:46:00,849.20,849.20,849.20,849.20,750,871500
INTELLECT_F1,03/28/2022,10:54:00,847.90,847.90,847.90,847.90,1500,870000
INTELLECT_F1,03/28/2022,10:55:00,847.35,847.35,847.35,847.35,1500,870000
INTELLECT_F1,03/28/2022,10:57:00,846.80,846.80,846.80,846.80,750,852750
INTELLECT_F1,03/28/2022,10:59:00,845.20,845.20,845.20,845.20,750,852750
INTELLECT_F1,03/28/2022,11:05:00,844.20,844.20,843.05,843.05,11250,847500
INTELLECT_F1,03/28/2022,11:06:00,840.80,840.80,840.80,840.80,750,847500
INTELLECT_F1,03/28/2022,11:07:00,843.20,843.20,843.20,843.20,2250,847500
INTELLECT_F1,03/28/2022,11:08:00,842.90,844.35,842.60,844.35,8250,852000
INTELLECT_F1,03/28/2022,11:09:00,843.90,844.15,843.90,844.15,1500,852000
INTELLECT_F1,03/28/2022,11:10:00,843.25,843.25,843.25,843.25,750,852000
INTELLECT_F1,03/28/2022,11:11:00,843.30,843.30,841.80,842.20,9000,853500
INTELLECT_F1,03/28/2022,11:12:00,843.00,844.95,843.00,844.95,2250,853500
INTELLECT_F1,03/28/2022,11:14:00,844.05,846.05,844.05,846.05,1500,853500
INTELLECT_F1,03/28/2022,11:17:00,844.40,844.40,844.40,844.40,750,858000
INTELLECT_F1,03/28/2022,11:20:00,844.45,844.45,844.45,844.45,750,857250
INTELLECT_F1,03/28/2022,11:21:00,844.45,844.45,844.45,844.45,1500,858000
INTELLECT_F1,03/28/2022,11:23:00,844.45,844.45,844.45,844.45,1500,858000
INTELLECT_F1,03/28/2022,11:26:00,847.40,847.40,847.40,847.40,750,858000
INTELLECT_F1,03/28/2022,11:29:00,845.40,845.40,845.40,845.40,3750,858750
INTELLECT_F1,03/28/2022,11:34:00,845.40,845.40,845.40,845.40,9000,855750
INTELLECT_F1,03/28/2022,11:36:00,845.00,845.00,845.00,845.00,2250,861000
INTELLECT_F1,03/28/2022,11:40:00,842.40,842.40,842.40,842.40,750,863250
INTELLECT_F1,03/28/2022,11:43:00,841.80,842.70,841.80,842.70,2250,862500
INTELLECT_F1,03/28/2022,11:48:00,845.60,845.60,845.60,845.60,750,862500
INTELLECT_F1,03/28/2022,11:49:00,847.00,847.00,847.00,847.00,750,862500
INTELLECT_F1,03/28/2022,11:51:00,845.75,845.75,845.75,845.75,750,861750
INTELLECT_F1,03/28/2022,11:53:00,845.30,845.30,845.30,845.30,2250,861750
INTELLECT_F1,03/28/2022,12:00:00,843.45,843.45,843.45,843.45,750,859500
INTELLECT_F1,03/28/2022,12:05:00,841.45,841.45,841.45,841.45,4500,859500
INTELLECT_F1,03/28/2022,12:07:00,842.00,842.00,842.00,842.00,6000,855750
INTELLECT_F1,03/28/2022,12:10:00,841.40,841.40,841.40,841.40,750,852000
INTELLECT_F1,03/28/2022,12:13:00,843.00,843.00,843.00,843.00,1500,852000
INTELLECT_F1,03/28/2022,12:15:00,845.40,845.40,845.40,845.40,9000,853500
INTELLECT_F1,03/28/2022,12:16:00,848.00,848.00,847.00,847.00,6750,853500
INTELLECT_F1,03/28/2022,12:18:00,845.50,845.50,844.70,844.70,6000,855000
INTELLECT_F1,03/28/2022,12:24:00,846.00,846.00,846.00,846.00,750,850500
INTELLECT_F1,03/28/2022,12:34:00,848.15,848.15,848.15,848.15,750,850500
INTELLECT_F1,03/28/2022,12:35:00,848.90,848.90,848.70,848.70,2250,850500
INTELLECT_F1,03/28/2022,12:36:00,849.00,851.00,849.00,851.00,2250,851250
INTELLECT_F1,03/28/2022,12:43:00,850.15,850.15,850.15,850.15,1500,841500
INTELLECT_F1,03/28/2022,12:44:00,848.90,848.90,848.90,848.90,750,841500
INTELLECT_F1,03/28/2022,12:47:00,848.90,848.90,848.90,848.90,750,841500
INTELLECT_F1,03/28/2022,12:50:00,850.00,853.00,850.00,853.00,2250,841500
INTELLECT_F1,03/28/2022,12:51:00,854.90,854.90,850.75,850.75,3750,840000
INTELLECT_F1,03/28/2022,12:52:00,850.20,850.20,850.20,850.20,750,840000
INTELLECT_F1,03/28/2022,12:54:00,855.10,858.40,855.10,858.40,4500,840000
INTELLECT_F1,03/28/2022,12:55:00,858.40,858.40,855.75,855.75,1500,840000
INTELLECT_F1,03/28/2022,12:56:00,857.40,857.40,857.40,857.40,750,840000
INTELLECT_F1,03/28/2022,12:59:00,856.50,856.50,856.20,856.20,6000,839250
INTELLECT_F1,03/28/2022,13:02:00,857.35,857.35,857.35,857.35,750,840000
INTELLECT_F1,03/28/2022,13:03:00,857.75,858.00,856.60,856.60,3750,840000
INTELLECT_F1,03/28/2022,13:04:00,857.95,857.95,857.25,857.25,5250,840000
INTELLECT_F1,03/28/2022,13:05:00,857.65,858.00,857.65,858.00,2250,840000
INTELLECT_F1,03/28/2022,13:06:00,858.00,858.25,858.00,858.25,4500,840000
INTELLECT_F1,03/28/2022,13:07:00,858.25,858.25,858.25,858.25,750,840000
INTELLECT_F1,03/28/2022,13:08:00,859.25,861.15,859.25,861.15,6000,840000
INTELLECT_F1,03/28/2022,13:09:00,860.65,860.65,860.65,860.65,750,840000
INTELLECT_F1,03/28/2022,13:11:00,860.45,860.45,859.10,859.10,6750,840750
INTELLECT_F1,03/28/2022,13:12:00,859.00,859.30,859.00,859.30,2250,843000
INTELLECT_F1,03/28/2022,13:13:00,859.50,860.60,859.50,860.60,6000,843000
INTELLECT_F1,03/28/2022,13:14:00,862.00,862.00,861.90,861.90,1500,843000
INTELLECT_F1,03/28/2022,13:15:00,861.60,861.60,861.60,861.60,15750,843750
INTELLECT_F1,03/28/2022,13:16:00,861.60,861.60,861.60,861.60,3000,843750
INTELLECT_F1,03/28/2022,13:20:00,861.60,861.60,861.60,861.60,18750,842250
INTELLECT_F1,03/28/2022,13:22:00,861.60,861.60,861.60,861.60,750,842250
INTELLECT_F1,03/28/2022,13:23:00,860.15,860.25,860.15,860.25,1500,842250
INTELLECT_F1,03/28/2022,13:27:00,860.30,860.30,860.30,860.30,2250,843000
INTELLECT_F1,03/28/2022,13:28:00,860.35,860.35,860.35,860.35,750,843000
INTELLECT_F1,03/28/2022,13:29:00,862.00,862.00,860.25,860.25,3750,843000
INTELLECT_F1,03/28/2022,13:30:00,860.30,860.30,860.30,860.30,750,843000
INTELLECT_F1,03/28/2022,13:31:00,860.30,860.30,859.40,859.40,5250,843000
INTELLECT_F1,03/28/2022,13:32:00,859.40,859.40,859.40,859.40,1500,843000
INTELLECT_F1,03/28/2022,13:33:00,859.30,859.30,859.30,859.30,750,843000
INTELLECT_F1,03/28/2022,13:35:00,859.15,859.15,859.15,859.15,750,831000
INTELLECT_F1,03/28/2022,13:36:00,859.15,859.15,859.15,859.15,750,831000
INTELLECT_F1,03/28/2022,13:38:00,858.40,858.40,858.40,858.40,1500,830250
INTELLECT_F1,03/28/2022,13:44:00,858.40,858.40,858.40,858.40,750,831000
INTELLECT_F1,03/28/2022,13:45:00,859.75,859.75,859.75,859.75,750,831000
INTELLECT_F1,03/28/2022,13:48:00,859.25,860.45,859.25,860.45,4500,830250
INTELLECT_F1,03/28/2022,13:49:00,858.50,858.50,858.50,858.50,2250,830250
INTELLECT_F1,03/28/2022,13:51:00,858.50,858.50,858.50,858.50,1500,828750
INTELLECT_F1,03/28/2022,14:00:00,858.50,858.50,858.50,858.50,9750,828750
INTELLECT_F1,03/28/2022,14:01:00,858.50,861.00,858.50,861.00,4500,828750
INTELLECT_F1,03/28/2022,14:05:00,863.20,865.05,863.20,865.05,3750,825750
INTELLECT_F1,03/28/2022,14:06:00,865.40,865.40,865.40,865.40,2250,825750
INTELLECT_F1,03/28/2022,14:07:00,862.70,862.70,862.00,862.00,8250,826500
INTELLECT_F1,03/28/2022,14:08:00,862.00,862.00,862.00,862.00,3000,826500
INTELLECT_F1,03/28/2022,14:09:00,862.00,862.00,860.25,860.25,1500,826500
INTELLECT_F1,03/28/2022,14:10:00,862.45,862.45,862.45,862.45,750,825000
INTELLECT_F1,03/28/2022,14:13:00,862.70,863.10,862.70,863.10,2250,825750
INTELLECT_F1,03/28/2022,14:14:00,860.00,860.00,860.00,860.00,750,825750
INTELLECT_F1,03/28/2022,14:15:00,859.85,859.85,859.85,859.85,1500,823500
INTELLECT_F1,03/28/2022,14:16:00,859.85,859.85,859.85,859.85,1500,823500
INTELLECT_F1,03/28/2022,14:17:00,859.85,859.85,859.85,859.85,750,823500
INTELLECT_F1,03/28/2022,14:18:00,859.85,859.85,859.85,859.85,11250,823500
INTELLECT_F1,03/28/2022,14:24:00,859.85,859.85,859.85,859.85,750,823500
INTELLECT_F1,03/28/2022,14:25:00,860.75,860.75,860.45,860.45,3000,823500
INTELLECT_F1,03/28/2022,14:32:00,860.45,860.45,860.45,860.45,750,822000
INTELLECT_F1,03/28/2022,14:40:00,861.25,862.50,861.25,862.50,4500,822000
INTELLECT_F1,03/28/2022,14:41:00,860.40,860.40,860.40,860.40,750,822000
INTELLECT_F1,03/28/2022,14:42:00,861.20,861.20,861.20,861.20,750,822000
INTELLECT_F1,03/28/2022,14:43:00,859.95,860.95,859.95,860.95,3750,821250
INTELLECT_F1,03/28/2022,14:44:00,860.45,860.45,860.45,860.45,750,821250
INTELLECT_F1,03/28/2022,14:45:00,859.95,859.95,859.95,859.95,750,821250
INTELLECT_F1,03/28/2022,14:47:00,857.00,857.00,857.00,857.00,750,821250
INTELLECT_F1,03/28/2022,14:48:00,857.00,857.00,857.00,857.00,750,821250
INTELLECT_F1,03/28/2022,14:50:00,858.60,859.00,858.60,859.00,1500,821250
INTELLECT_F1,03/28/2022,14:56:00,859.00,859.00,859.00,859.00,750,822000
INTELLECT_F1,03/28/2022,15:03:00,859.20,859.20,859.20,859.20,1500,822000
INTELLECT_F1,03/28/2022,15:04:00,859.30,859.30,859.25,859.25,3000,822750
INTELLECT_F1,03/28/2022,15:08:00,858.10,858.10,858.10,858.10,750,822750
INTELLECT_F1,03/28/2022,15:09:00,858.55,859.50,858.55,859.50,2250,822750
INTELLECT_F1,03/28/2022,15:10:00,861.25,861.25,861.25,861.25,750,822750
INTELLECT_F1,03/28/2022,15:13:00,861.65,861.65,861.45,861.45,3000,792000
INTELLECT_F1,03/28/2022,15:14:00,861.85,862.75,861.85,862.30,3750,792000
INTELLECT_F1,03/28/2022,15:16:00,863.00,863.00,863.00,863.00,750,791250
INTELLECT_F1,03/28/2022,15:17:00,863.00,863.00,863.00,863.00,750,791250
INTELLECT_F1,03/28/2022,15:18:00,863.45,863.45,863.35,863.35,9000,785250
INTELLECT_F1,03/28/2022,15:20:00,861.90,861.90,861.90,861.90,3750,785250
INTELLECT_F1,03/28/2022,15:21:00,861.45,861.45,861.45,861.45,1500,785250
INTELLECT_F1,03/28/2022,15:22:00,861.50,861.50,861.50,861.50,1500,780750
INTELLECT_F1,03/28/2022,15:23:00,863.00,864.25,863.00,864.25,5250,780750
INTELLECT_F1,03/28/2022,15:25:00,862.65,862.85,862.65,862.85,4500,779250
INTELLECT_F1,03/28/2022,15:28:00,861.10,861.10,861.10,861.10,750,780750
INTELLECT_F1,03/28/2022,15:29:00,861.10,861.10,859.50,859.50,6750,780750
INTELLECT_F1,03/28/2022,15:30:00,859.50,859.50,859.50,859.50,750,780750
INTELLECT_F1,03/29/2022,09:17:00,865.95,865.95,865.95,865.95,751,699750
INTELLECT_F1,03/29/2022,09:18:00,866.00,866.00,866.00,866.00,750,699750
INTELLECT_F1,03/29/2022,09:20:00,866.00,866.00,864.90,864.90,2250,699750
INTELLECT_F1,03/29/2022,09:21:00,871.75,871.75,870.60,870.60,15750,699750
INTELLECT_F1,03/29/2022,09:22:00,870.45,870.45,868.95,869.30,12750,699750
INTELLECT_F1,03/29/2022,09:23:00,869.35,869.35,869.30,869.30,1500,699750
INTELLECT_F1,03/29/2022,09:24:00,873.45,873.45,868.80,869.90,17250,708000
INTELLECT_F1,03/29/2022,09:25:00,869.95,870.90,869.95,870.90,7500,708000
INTELLECT_F1,03/29/2022,09:26:00,873.50,873.50,873.50,873.50,3000,708000
INTELLECT_F1,03/29/2022,09:27:00,875.50,875.50,875.50,875.50,4500,708000
INTELLECT_F1,03/29/2022,09:28:00,877.90,877.90,877.90,877.90,9000,708000
INTELLECT_F1,03/29/2022,09:29:00,874.20,875.75,874.20,875.75,6750,708000
INTELLECT_F1,03/29/2022,09:30:00,875.75,875.75,875.75,875.75,750,708000
INTELLECT_F1,03/29/2022,09:31:00,875.15,875.15,875.15,875.15,3000,711750
INTELLECT_F1,03/29/2022,09:33:00,875.00,875.00,875.00,875.00,750,710250
INTELLECT_F1,03/29/2022,09:34:00,874.60,874.60,874.60,874.60,750,710250
INTELLECT_F1,03/29/2022,09:35:00,874.50,874.50,874.50,874.50,750,711000
INTELLECT_F1,03/29/2022,09:36:00,876.00,876.00,876.00,876.00,3000,711000
INTELLECT_F1,03/29/2022,09:37:00,879.15,879.15,878.25,878.25,5250,711000
INTELLECT_F1,03/29/2022,09:38:00,877.90,877.90,877.90,877.90,1500,711000
INTELLECT_F1,03/29/2022,09:39:00,874.60,874.60,874.60,874.60,750,712500
INTELLECT_F1,03/29/2022,09:40:00,875.05,875.05,875.05,875.05,750,712500
INTELLECT_F1,03/29/2022,09:41:00,875.05,875.05,875.05,875.05,750,712500
INTELLECT_F1,03/29/2022,09:43:00,875.00,875.00,875.00,875.00,2250,711750
INTELLECT_F1,03/29/2022,09:45:00,874.55,874.55,874.55,874.55,750,711000
INTELLECT_F1,03/29/2022,09:46:00,873.75,873.75,873.00,873.00,2250,711000
INTELLECT_F1,03/29/2022,09:47:00,874.80,875.40,874.80,875.00,2250,710250
INTELLECT_F1,03/29/2022,09:48:00,875.00,875.00,875.00,875.00,750,710250
INTELLECT_F1,03/29/2022,09:49:00,874.00,874.00,874.00,874.00,750,710250
INTELLECT_F1,03/29/2022,09:51:00,874.00,874.00,874.00,874.00,750,708750
INTELLECT_F1,03/29/2022,09:52:00,872.35,872.35,872.35,872.35,750,708750
INTELLECT_F1,03/29/2022,09:53:00,872.35,872.35,872.35,872.35,750,710250
INTELLECT_F1,03/29/2022,09:55:00,871.15,871.15,871.15,871.15,3000,710250
INTELLECT_F1,03/29/2022,09:56:00,871.15,871.15,871.15,871.15,1500,710250
INTELLECT_F1,03/29/2022,09:58:00,871.25,871.25,871.25,871.25,1500,710250
INTELLECT_F1,03/29/2022,09:59:00,870.80,870.80,870.80,870.80,750,710250
INTELLECT_F1,03/29/2022,10:00:00,869.65,869.65,867.50,869.00,4500,710250
INTELLECT_F1,03/29/2022,10:03:00,869.00,869.00,869.00,869.00,750,711000
INTELLECT_F1,03/29/2022,10:09:00,869.00,869.00,869.00,869.00,750,711000
INTELLECT_F1,03/29/2022,10:12:00,871.50,871.50,871.35,871.35,2250,711000
INTELLECT_F1,03/29/2022,10:13:00,871.35,871.35,871.35,871.35,750,711000
INTELLECT_F1,03/29/2022,10:16:00,871.35,871.35,871.35,871.35,1500,711750
INTELLECT_F1,03/29/2022,10:18:00,871.35,871.35,871.35,871.35,750,712500
INTELLECT_F1,03/29/2022,10:20:00,875.05,875.05,874.70,874.70,1500,714000
INTELLECT_F1,03/29/2022,10:21:00,875.40,875.40,875.40,875.40,750,714000
INTELLECT_F1,03/29/2022,10:23:00,875.40,875.40,875.40,875.40,750,714000
INTELLECT_F1,03/29/2022,10:28:00,875.40,875.40,875.40,875.40,750,714750
INTELLECT_F1,03/29/2022,10:29:00,875.40,875.40,875.40,875.40,750,714750
INTELLECT_F1,03/29/2022,10:32:00,871.70,871.70,871.70,871.70,750,715500
INTELLECT_F1,03/29/2022,10:33:00,870.50,870.50,870.50,870.50,1500,715500
INTELLECT_F1,03/29/2022,10:38:00,870.50,870.50,870.50,870.50,750,716250
INTELLECT_F1,03/29/2022,10:40:00,870.50,870.50,870.50,870.50,750,716250
INTELLECT_F1,03/29/2022,10:42:00,872.10,872.10,872.10,872.10,2250,715500
INTELLECT_F1,03/29/2022,10:43:00,872.10,872.10,872.10,872.10,750,715500
INTELLECT_F1,03/29/2022,10:45:00,873.95,873.95,873.95,873.95,2250,714750
INTELLECT_F1,03/29/2022,10:47:00,872.85,872.85,872.85,872.85,750,714750
INTELLECT_F1,03/29/2022,10:48:00,875.45,878.00,875.45,878.00,22500,713250
INTELLECT_F1,03/29/2022,10:49:00,878.95,882.35,878.95,882.35,17250,713250
INTELLECT_F1,03/29/2022,10:50:00,884.15,884.15,878.10,879.95,9750,722250
INTELLECT_F1,03/29/2022,10:51:00,880.00,882.25,880.00,882.25,15000,722250
INTELLECT_F1,03/29/2022,10:52:00,885.45,886.00,885.45,886.00,17250,722250
INTELLECT_F1,03/29/2022,10:53:00,888.65,890.00,888.65,890.00,30750,717750
INTELLECT_F1,03/29/2022,10:54:00,890.00,891.90,888.75,891.80,20250,717750
INTELLECT_F1,03/29/2022,10:55:00,891.00,893.00,891.00,891.10,24000,717750
INTELLECT_F1,03/29/2022,10:56:00,891.20,893.00,891.20,892.90,28500,713250
INTELLECT_F1,03/29/2022,10:57:00,891.70,892.95,891.70,892.90,30000,713250
INTELLECT_F1,03/29/2022,10:58:00,892.90,894.45,892.70,894.05,18000,713250
INTELLECT_F1,03/29/2022,10:59:00,895.05,896.05,895.05,896.05,30000,713250
INTELLECT_F1,03/29/2022,11:00:00,896.00,898.70,896.00,898.70,34500,708000
INTELLECT_F1,03/29/2022,11:01:00,899.00,899.00,896.85,896.85,26250,708000
INTELLECT_F1,03/29/2022,11:02:00,897.60,897.60,896.95,896.95,11250,711750
INTELLECT_F1,03/29/2022,11:03:00,896.00,897.00,895.95,897.00,15000,711750
INTELLECT_F1,03/29/2022,11:04:00,897.95,897.95,895.85,895.85,6750,711750
INTELLECT_F1,03/29/2022,11:05:00,897.45,897.45,897.45,897.45,3000,711750
INTELLECT_F1,03/29/2022,11:06:00,900.70,902.25,900.70,902.25,19500,704250
INTELLECT_F1,03/29/2022,11:07:00,902.25,906.70,900.50,906.70,26250,704250
INTELLECT_F1,03/29/2022,11:08:00,905.20,906.00,900.00,902.00,22500,716250
INTELLECT_F1,03/29/2022,11:09:00,899.95,901.20,899.95,901.20,4500,716250
INTELLECT_F1,03/29/2022,11:10:00,901.00,902.15,901.00,902.15,9750,716250
INTELLECT_F1,03/29/2022,11:11:00,900.70,901.00,900.70,901.00,2250,716250
INTELLECT_F1,03/29/2022,11:12:00,900.70,900.70,899.05,899.05,3750,721500
INTELLECT_F1,03/29/2022,11:13:00,899.05,899.05,899.05,899.05,2250,721500
INTELLECT_F1,03/29/2022,11:14:00,899.05,899.05,899.05,899.05,750,721500
INTELLECT_F1,03/29/2022,11:15:00,898.30,899.60,898.30,899.60,3000,722250
INTELLECT_F1,03/29/2022,11:16:00,901.00,901.00,901.00,901.00,1500,722250
INTELLECT_F1,03/29/2022,11:17:00,900.00,900.00,900.00,900.00,1500,722250
INTELLECT_F1,03/29/2022,11:18:00,897.10,897.10,897.10,897.10,8250,722250
INTELLECT_F1,03/29/2022,11:19:00,897.90,897.90,896.00,896.00,2250,722250
INTELLECT_F1,03/29/2022,11:20:00,897.00,898.90,897.00,898.90,3000,723000
INTELLECT_F1,03/29/2022,11:21:00,898.70,902.00,897.55,902.00,9750,723000
INTELLECT_F1,03/29/2022,11:22:00,904.75,909.25,904.60,908.00,17250,723000
INTELLECT_F1,03/29/2022,11:23:00,908.05,908.05,906.15,907.70,6000,722250
INTELLECT_F1,03/29/2022,11:24:00,905.80,906.45,904.75,906.45,3750,722250
INTELLECT_F1,03/29/2022,11:25:00,904.95,905.00,904.95,905.00,2250,722250
INTELLECT_F1,03/29/2022,11:26:00,904.50,904.50,904.50,904.50,1500,722250
INTELLECT_F1,03/29/2022,11:27:00,905.50,905.50,905.50,905.50,750,722250
INTELLECT_F1,03/29/2022,11:28:00,905.60,905.65,905.60,905.65,5250,722250
INTELLECT_F1,03/29/2022,11:29:00,905.65,905.65,905.65,905.65,750,722250
INTELLECT_F1,03/29/2022,11:30:00,905.85,905.85,905.85,905.85,750,726000
INTELLECT_F1,03/29/2022,11:31:00,904.20,904.20,903.85,903.85,3750,726000
INTELLECT_F1,03/29/2022,11:33:00,905.00,905.00,903.00,903.00,3750,726000
INTELLECT_F1,03/29/2022,11:34:00,902.95,902.95,899.40,899.40,6000,726000
INTELLECT_F1,03/29/2022,11:35:00,902.50,902.50,902.50,902.50,2250,726000
INTELLECT_F1,03/29/2022,11:36:00,900.00,900.00,899.95,899.95,3000,724500
INTELLECT_F1,03/29/2022,11:37:00,899.95,899.95,899.95,899.95,750,724500
INTELLECT_F1,03/29/2022,11:38:00,899.95,900.90,899.95,900.30,3750,724500
INTELLECT_F1,03/29/2022,11:39:00,900.55,900.55,900.55,900.55,750,723000
INTELLECT_F1,03/29/2022,11:40:00,899.00,899.10,899.00,899.10,3000,723000
INTELLECT_F1,03/29/2022,11:41:00,898.95,898.95,898.95,898.95,2250,723000
INTELLECT_F1,03/29/2022,11:42:00,898.25,898.25,895.00,895.00,13500,720750
INTELLECT_F1,03/29/2022,11:43:00,894.55,897.50,894.55,897.50,3750,720750
INTELLECT_F1,03/29/2022,11:44:00,897.20,897.20,897.20,897.20,750,720750
INTELLECT_F1,03/29/2022,11:45:00,896.85,896.85,896.85,896.85,750,712500
INTELLECT_F1,03/29/2022,11:46:00,897.15,897.15,897.15,897.15,750,712500
INTELLECT_F1,03/29/2022,11:47:00,899.35,899.35,896.60,896.60,3000,712500
INTELLECT_F1,03/29/2022,11:48:00,898.60,898.60,898.60,898.60,750,713250
INTELLECT_F1,03/29/2022,11:49:00,898.60,898.60,898.60,898.60,750,713250
INTELLECT_F1,03/29/2022,11:50:00,898.95,898.95,898.95,898.95,750,713250
INTELLECT_F1,03/29/2022,11:51:00,900.00,900.10,900.00,900.10,1500,714000
INTELLECT_F1,03/29/2022,11:52:00,899.15,899.15,899.15,899.15,1500,714000
INTELLECT_F1,03/29/2022,11:55:00,897.30,897.60,897.30,897.60,1500,714750
INTELLECT_F1,03/29/2022,11:56:00,897.60,897.60,897.60,897.60,750,714750
INTELLECT_F1,03/29/2022,11:58:00,896.00,896.00,895.55,895.55,1500,714750
INTELLECT_F1,03/29/2022,12:00:00,895.55,895.55,895.55,895.55,750,716250
INTELLECT_F1,03/29/2022,12:01:00,897.10,897.10,897.10,897.10,1500,716250
INTELLECT_F1,03/29/2022,12:02:00,897.05,897.05,897.05,897.05,1500,716250
INTELLECT_F1,03/29/2022,12:03:00,897.05,897.05,897.05,897.05,750,716250
INTELLECT_F1,03/29/2022,12:05:00,897.95,897.95,897.95,897.95,750,715500
INTELLECT_F1,03/29/2022,12:07:00,897.95,897.95,897.95,897.95,1500,714750
INTELLECT_F1,03/29/2022,12:10:00,897.95,897.95,897.95,897.95,750,714000
INTELLECT_F1,03/29/2022,12:13:00,897.95,897.95,897.95,897.95,750,714000
INTELLECT_F1,03/29/2022,12:14:00,898.80,898.80,898.80,898.80,750,714000
INTELLECT_F1,03/29/2022,12:16:00,901.40,902.95,901.40,902.95,5250,714000
INTELLECT_F1,03/29/2022,12:17:00,901.10,904.80,901.10,903.40,6000,714000
INTELLECT_F1,03/29/2022,12:18:00,904.00,904.00,904.00,904.00,750,716250
INTELLECT_F1,03/29/2022,12:19:00,904.00,904.40,903.75,904.35,5250,716250
INTELLECT_F1,03/29/2022,12:20:00,902.35,902.35,901.95,901.95,1500,716250
INTELLECT_F1,03/29/2022,12:23:00,901.95,901.95,901.95,901.95,1500,722250
INTELLECT_F1,03/29/2022,12:24:00,903.90,903.90,903.15,903.15,4500,721500
INTELLECT_F1,03/29/2022,12:25:00,903.70,903.70,903.70,903.70,750,721500
INTELLECT_F1,03/29/2022,12:26:00,903.70,903.70,903.70,903.70,750,721500
INTELLECT_F1,03/29/2022,12:29:00,903.40,903.40,903.40,903.40,11250,705750
INTELLECT_F1,03/29/2022,12:30:00,903.70,903.70,903.70,903.70,10500,712500
INTELLECT_F1,03/29/2022,12:31:00,903.70,905.80,903.70,905.80,1500,712500
INTELLECT_F1,03/29/2022,12:32:00,905.80,906.00,905.80,906.00,6000,712500
INTELLECT_F1,03/29/2022,12:33:00,905.70,905.90,905.70,905.90,1500,717000
INTELLECT_F1,03/29/2022,12:34:00,904.45,904.45,904.45,904.45,1500,717000
INTELLECT_F1,03/29/2022,12:36:00,905.00,905.00,905.00,905.00,3750,717000
INTELLECT_F1,03/29/2022,12:37:00,905.70,905.70,905.70,905.70,1500,719250
INTELLECT_F1,03/29/2022,12:38:00,906.00,906.00,906.00,906.00,11250,719250
INTELLECT_F1,03/29/2022,12:39:00,907.35,907.35,906.35,906.35,8250,717750
INTELLECT_F1,03/29/2022,12:40:00,907.35,907.35,907.35,907.35,4500,717750
INTELLECT_F1,03/29/2022,12:41:00,906.00,907.35,906.00,906.50,4500,717750
INTELLECT_F1,03/29/2022,12:42:00,906.50,907.55,906.50,907.55,3000,718500
INTELLECT_F1,03/29/2022,12:43:00,907.90,908.85,907.90,908.85,5250,718500
INTELLECT_F1,03/29/2022,12:44:00,908.50,910.65,908.50,909.60,15000,718500
INTELLECT_F1,03/29/2022,12:45:00,910.00,911.95,910.00,911.00,12000,723750
INTELLECT_F1,03/29/2022,12:46:00,911.60,913.00,911.35,913.00,12000,723750
INTELLECT_F1,03/29/2022,12:47:00,913.00,913.00,910.70,910.70,6000,723750
INTELLECT_F1,03/29/2022,12:48:00,911.25,912.05,910.00,911.20,6000,730500
INTELLECT_F1,03/29/2022,12:49:00,910.15,910.20,910.15,910.20,1500,730500
INTELLECT_F1,03/29/2022,12:50:00,910.05,910.05,910.00,910.00,9750,730500
INTELLECT_F1,03/29/2022,12:51:00,910.85,910.85,907.00,907.00,3000,732750
INTELLECT_F1,03/29/2022,12:52:00,907.05,907.05,907.05,907.05,1500,732750
INTELLECT_F1,03/29/2022,12:55:00,906.70,906.70,906.70,906.70,2250,732750
INTELLECT_F1,03/29/2022,12:56:00,905.45,905.45,905.45,905.45,1500,732750
INTELLECT_F1,03/29/2022,12:57:00,905.20,905.20,905.20,905.20,750,732750
INTELLECT_F1,03/29/2022,12:58:00,905.20,905.20,905.20,905.20,750,732750
INTELLECT_F1,03/29/2022,12:59:00,904.00,904.00,904.00,904.00,2250,732750
INTELLECT_F1,03/29/2022,13:00:00,904.00,904.00,904.00,904.00,2250,730500
INTELLECT_F1,03/29/2022,13:01:00,902.20,902.20,899.50,899.95,9750,730500
INTELLECT_F1,03/29/2022,13:02:00,901.00,901.00,901.00,901.00,750,730500
INTELLECT_F1,03/29/2022,13:05:00,902.25,902.25,901.15,901.15,4500,722250
INTELLECT_F1,03/29/2022,13:06:00,901.00,901.00,901.00,901.00,1500,722250
INTELLECT_F1,03/29/2022,13:10:00,901.20,901.20,901.20,901.20,750,719250
INTELLECT_F1,03/29/2022,13:11:00,902.15,902.15,902.15,902.15,750,719250
INTELLECT_F1,03/29/2022,13:12:00,902.15,902.15,902.15,902.15,750,720000
INTELLECT_F1,03/29/2022,13:13:00,901.50,901.50,901.50,901.50,1500,720000
INTELLECT_F1,03/29/2022,13:14:00,900.20,900.20,898.95,898.95,5250,720000
INTELLECT_F1,03/29/2022,13:15:00,896.80,896.80,896.15,896.15,3750,720750
INTELLECT_F1,03/29/2022,13:16:00,898.05,898.80,898.05,898.80,2250,720750
INTELLECT_F1,03/29/2022,13:18:00,896.95,896.95,896.95,896.95,1500,718500
INTELLECT_F1,03/29/2022,13:19:00,897.00,897.00,897.00,897.00,2250,718500
INTELLECT_F1,03/29/2022,13:20:00,896.10,897.25,896.10,897.25,1500,718500
INTELLECT_F1,03/29/2022,13:23:00,897.25,897.25,896.80,896.80,2250,717750
INTELLECT_F1,03/29/2022,13:24:00,898.95,898.95,898.95,898.95,1500,718500
INTELLECT_F1,03/29/2022,13:25:00,897.80,897.80,897.80,897.80,750,718500
INTELLECT_F1,03/29/2022,13:26:00,897.80,897.80,897.80,897.80,750,718500
INTELLECT_F1,03/29/2022,13:31:00,897.40,897.40,897.40,897.40,750,719250
INTELLECT_F1,03/29/2022,13:33:00,897.45,897.45,897.45,897.45,1500,718500
INTELLECT_F1,03/29/2022,13:37:00,897.45,897.45,897.45,897.45,750,708000
INTELLECT_F1,03/29/2022,13:40:00,897.45,897.45,897.00,897.00,3000,708000
INTELLECT_F1,03/29/2022,13:41:00,897.00,897.00,896.00,896.00,5250,708000
INTELLECT_F1,03/29/2022,13:42:00,897.10,897.10,897.10,897.10,750,708000
INTELLECT_F1,03/29/2022,13:44:00,895.95,895.95,895.30,895.30,2250,710250
INTELLECT_F1,03/29/2022,13:45:00,894.75,894.75,893.50,893.50,5250,706500
INTELLECT_F1,03/29/2022,13:46:00,892.50,892.50,890.05,890.05,2250,706500
INTELLECT_F1,03/29/2022,13:47:00,889.20,889.20,889.20,889.20,3750,706500
INTELLECT_F1,03/29/2022,13:48:00,891.00,893.70,891.00,893.70,6000,706500
INTELLECT_F1,03/29/2022,13:49:00,893.70,896.85,893.70,896.20,5250,705750
INTELLECT_F1,03/29/2022,13:51:00,894.95,894.95,894.95,894.95,750,704250
INTELLECT_F1,03/29/2022,13:52:00,899.70,899.70,898.95,898.95,5250,704250
INTELLECT_F1,03/29/2022,13:53:00,900.00,901.55,899.05,901.55,5250,704250
INTELLECT_F1,03/29/2022,13:54:00,901.55,901.55,900.00,900.00,1500,703500
INTELLECT_F1,03/29/2022,13:57:00,903.55,903.55,903.55,903.55,2250,703500
INTELLECT_F1,03/29/2022,13:58:00,903.80,903.80,903.80,903.80,750,702000
INTELLECT_F1,03/29/2022,13:59:00,905.50,905.50,905.50,905.50,1500,702000
INTELLECT_F1,03/29/2022,14:00:00,907.50,907.50,907.50,907.50,1500,702000
INTELLECT_F1,03/29/2022,14:01:00,905.50,905.50,905.50,905.50,5250,702000
INTELLECT_F1,03/29/2022,14:02:00,905.50,905.85,905.50,905.85,5250,702000
INTELLECT_F1,03/29/2022,14:05:00,905.85,905.85,905.85,905.85,750,698250
INTELLECT_F1,03/29/2022,14:06:00,906.05,906.50,906.05,906.50,1500,696750
INTELLECT_F1,03/29/2022,14:08:00,907.70,909.45,907.70,909.45,3000,696750
INTELLECT_F1,03/29/2022,14:09:00,911.00,911.00,908.55,908.55,15000,695250
INTELLECT_F1,03/29/2022,14:10:00,909.35,911.30,909.00,911.30,4500,695250
INTELLECT_F1,03/29/2022,14:11:00,910.10,911.00,910.00,910.00,2250,695250
INTELLECT_F1,03/29/2022,14:12:00,911.00,911.65,910.35,910.35,5250,695250
INTELLECT_F1,03/29/2022,14:13:00,909.40,909.40,907.15,907.15,18750,695250
INTELLECT_F1,03/29/2022,14:14:00,907.15,907.15,907.15,907.15,750,695250
INTELLECT_F1,03/29/2022,14:15:00,907.15,907.15,906.00,906.00,1500,697500
INTELLECT_F1,03/29/2022,14:16:00,906.00,906.00,906.00,906.00,750,697500
INTELLECT_F1,03/29/2022,14:17:00,907.15,910.00,907.15,910.00,30000,697500
INTELLECT_F1,03/29/2022,14:18:00,910.00,910.00,909.00,910.00,12750,689250
INTELLECT_F1,03/29/2022,14:19:00,910.00,910.65,910.00,910.05,12750,689250
INTELLECT_F1,03/29/2022,14:20:00,909.00,909.00,909.00,909.00,750,689250
INTELLECT_F1,03/29/2022,14:21:00,909.00,909.00,909.00,909.00,4500,687750
INTELLECT_F1,03/29/2022,14:22:00,909.00,909.00,909.00,909.00,750,687750
INTELLECT_F1,03/29/2022,14:23:00,910.00,910.00,910.00,910.00,1500,687750
INTELLECT_F1,03/29/2022,14:24:00,910.60,910.60,910.60,910.60,750,689250
INTELLECT_F1,03/29/2022,14:25:00,910.60,910.60,910.60,910.60,750,689250
INTELLECT_F1,03/29/2022,14:26:00,908.95,908.95,908.95,908.95,7500,689250
INTELLECT_F1,03/29/2022,14:28:00,907.25,907.25,907.25,907.25,1500,684750
INTELLECT_F1,03/29/2022,14:29:00,907.50,907.50,906.60,906.60,2250,684750
INTELLECT_F1,03/29/2022,14:30:00,907.90,907.90,907.90,907.90,750,685500
INTELLECT_F1,03/29/2022,14:32:00,909.00,909.00,909.00,909.00,11250,685500
INTELLECT_F1,03/29/2022,14:33:00,909.00,909.00,909.00,909.00,4500,685500
INTELLECT_F1,03/29/2022,14:34:00,909.80,909.90,909.80,909.90,21000,685500
INTELLECT_F1,03/29/2022,14:35:00,909.50,911.00,909.50,911.00,6000,685500
INTELLECT_F1,03/29/2022,14:36:00,911.10,912.00,911.10,912.00,6750,685500
INTELLECT_F1,03/29/2022,14:38:00,914.00,916.10,913.00,913.50,20250,690000
INTELLECT_F1,03/29/2022,14:39:00,911.85,912.45,911.85,912.45,3000,690000
INTELLECT_F1,03/29/2022,14:40:00,914.00,914.00,914.00,914.00,3000,690000
INTELLECT_F1,03/29/2022,14:41:00,914.50,914.50,912.95,912.95,4500,690000
INTELLECT_F1,03/29/2022,14:42:00,913.00,913.00,913.00,913.00,1500,687000
INTELLECT_F1,03/29/2022,14:43:00,911.05,911.95,911.05,911.95,8250,687000
INTELLECT_F1,03/29/2022,14:44:00,912.00,912.00,911.00,911.00,3000,687000
INTELLECT_F1,03/29/2022,14:45:00,910.00,910.00,907.05,907.05,3000,685500
INTELLECT_F1,03/29/2022,14:46:00,907.00,907.00,907.00,907.00,2250,685500
INTELLECT_F1,03/29/2022,14:48:00,909.55,909.55,909.55,909.55,750,684000
INTELLECT_F1,03/29/2022,14:49:00,909.55,909.55,908.40,908.40,17250,684000
INTELLECT_F1,03/29/2022,14:50:00,908.40,908.40,908.40,908.40,750,684000
INTELLECT_F1,03/29/2022,14:51:00,907.75,907.75,907.75,907.75,4500,684000
INTELLECT_F1,03/29/2022,14:52:00,909.10,909.10,909.10,909.10,3750,678750
INTELLECT_F1,03/29/2022,14:53:00,907.10,907.10,907.10,907.10,3750,678750
INTELLECT_F1,03/29/2022,14:54:00,907.50,907.50,906.20,906.20,1500,675750
INTELLECT_F1,03/29/2022,14:56:00,906.50,906.50,906.50,906.50,2250,675750
INTELLECT_F1,03/29/2022,14:57:00,906.50,909.95,906.50,909.95,2250,677250
INTELLECT_F1,03/29/2022,14:58:00,909.10,909.10,909.10,909.10,750,677250
INTELLECT_F1,03/29/2022,14:59:00,904.40,904.40,904.10,904.10,12000,677250
INTELLECT_F1,03/29/2022,15:00:00,905.30,905.30,905.00,905.00,4500,651750
INTELLECT_F1,03/29/2022,15:01:00,903.00,903.00,901.30,903.00,16500,651750
INTELLECT_F1,03/29/2022,15:02:00,903.80,903.80,903.80,903.80,2250,651750
INTELLECT_F1,03/29/2022,15:03:00,905.15,905.45,905.15,905.45,2250,651750
INTELLECT_F1,03/29/2022,15:04:00,905.45,905.45,905.45,905.45,750,644250
INTELLECT_F1,03/29/2022,15:05:00,905.50,905.50,905.45,905.45,4500,644250
INTELLECT_F1,03/29/2022,15:06:00,905.45,905.45,905.00,905.00,1500,641250
INTELLECT_F1,03/29/2022,15:07:00,905.00,905.00,905.00,905.00,750,641250
INTELLECT_F1,03/29/2022,15:08:00,905.80,905.80,903.30,905.45,5250,641250
INTELLECT_F1,03/29/2022,15:09:00,905.25,905.50,904.70,904.70,3000,639000
INTELLECT_F1,03/29/2022,15:10:00,905.85,905.85,905.85,905.85,3000,639000
INTELLECT_F1,03/29/2022,15:11:00,905.80,906.35,905.15,905.55,4500,639000
INTELLECT_F1,03/29/2022,15:12:00,904.50,905.50,904.50,905.50,1500,634500
INTELLECT_F1,03/29/2022,15:13:00,905.75,905.75,905.75,905.75,750,634500
INTELLECT_F1,03/29/2022,15:14:00,903.35,904.70,903.35,904.70,1500,634500
INTELLECT_F1,03/29/2022,15:15:00,904.00,906.15,904.00,906.15,2250,634500
INTELLECT_F1,03/29/2022,15:16:00,905.65,905.65,904.50,904.55,4500,632250
INTELLECT_F1,03/29/2022,15:17:00,904.70,904.70,904.70,904.70,750,632250
INTELLECT_F1,03/29/2022,15:18:00,904.55,904.70,904.00,904.00,6000,632250
INTELLECT_F1,03/29/2022,15:20:00,903.25,903.85,903.25,903.85,1500,630000
INTELLECT_F1,03/29/2022,15:21:00,904.00,904.00,904.00,904.00,750,630000
INTELLECT_F1,03/29/2022,15:22:00,904.00,904.75,904.00,904.75,2250,630000
INTELLECT_F1,03/29/2022,15:23:00,904.30,904.30,904.10,904.10,1500,630000
INTELLECT_F1,03/29/2022,15:24:00,904.10,904.10,904.10,904.10,1500,629250
INTELLECT_F1,03/29/2022,15:25:00,903.50,904.00,903.50,904.00,3000,629250
INTELLECT_F1,03/29/2022,15:26:00,904.65,904.65,904.00,904.50,3750,629250
INTELLECT_F1,03/29/2022,15:27:00,903.50,903.60,903.50,903.60,2250,629250
INTELLECT_F1,03/29/2022,15:28:00,906.05,906.05,903.35,904.10,18750,627750
INTELLECT_F1,03/29/2022,15:29:00,904.10,904.10,903.05,903.10,4500,627750
INTELLECT_F1,03/29/2022,15:30:00,903.10,903.10,903.10,903.10,750,627750
INTELLECT_F1,03/30/2022,09:16:00,907.85,910.00,907.70,910.00,15752,496500
INTELLECT_F1,03/30/2022,09:17:00,912.00,912.00,906.25,910.70,35250,496500
INTELLECT_F1,03/30/2022,09:18:00,907.00,907.00,907.00,907.00,1500,496500
INTELLECT_F1,03/30/2022,09:19:00,906.10,906.10,906.10,906.10,3750,496500
INTELLECT_F1,03/30/2022,09:20:00,904.50,904.50,904.50,904.50,4500,495750
INTELLECT_F1,03/30/2022,09:21:00,904.80,904.80,904.80,904.80,3750,495750
INTELLECT_F1,03/30/2022,09:22:00,902.75,902.75,902.00,902.00,3750,495750
INTELLECT_F1,03/30/2022,09:23:00,901.00,901.00,896.45,896.45,8250,487500
INTELLECT_F1,03/30/2022,09:24:00,896.45,899.35,896.45,899.35,3000,487500
INTELLECT_F1,03/30/2022,09:25:00,899.70,907.30,899.70,907.30,12000,487500
INTELLECT_F1,03/30/2022,09:26:00,908.60,911.25,908.60,911.25,17250,481500
INTELLECT_F1,03/30/2022,09:27:00,912.40,912.40,912.15,912.15,8250,481500
INTELLECT_F1,03/30/2022,09:28:00,913.50,915.40,913.50,915.40,9750,481500
INTELLECT_F1,03/30/2022,09:29:00,916.00,919.30,916.00,917.90,22500,474750
INTELLECT_F1,03/30/2022,09:30:00,917.50,917.50,915.00,915.00,4500,474750
INTELLECT_F1,03/30/2022,09:31:00,912.65,912.65,911.95,911.95,9000,474750
INTELLECT_F1,03/30/2022,09:32:00,912.50,912.50,912.50,912.50,3750,474750
INTELLECT_F1,03/30/2022,09:33:00,911.50,911.50,909.75,909.75,6000,483000
INTELLECT_F1,03/30/2022,09:34:00,911.00,911.00,911.00,911.00,5250,483000
INTELLECT_F1,03/30/2022,09:35:00,911.50,912.50,911.50,912.50,6000,479250
INTELLECT_F1,03/30/2022,09:37:00,913.75,913.75,913.05,913.05,4500,479250
INTELLECT_F1,03/30/2022,09:38:00,910.75,911.00,910.75,911.00,1500,479250
INTELLECT_F1,03/30/2022,09:39:00,909.80,909.80,907.55,908.00,3750,479250
INTELLECT_F1,03/30/2022,09:40:00,907.50,908.25,907.50,908.25,2250,479250
INTELLECT_F1,03/30/2022,09:41:00,909.20,910.25,909.20,910.25,5250,480000
INTELLECT_F1,03/30/2022,09:42:00,909.20,909.20,909.20,909.20,750,480000
INTELLECT_F1,03/30/2022,09:43:00,907.00,907.00,906.10,906.10,2250,480000
INTELLECT_F1,03/30/2022,09:44:00,906.00,906.00,906.00,906.00,1500,480000
INTELLECT_F1,03/30/2022,09:45:00,907.00,908.65,907.00,908.65,15750,476250
INTELLECT_F1,03/30/2022,09:46:00,909.70,909.70,909.30,909.30,4500,476250
INTELLECT_F1,03/30/2022,09:47:00,910.00,910.00,909.75,910.00,7500,476250
INTELLECT_F1,03/30/2022,09:48:00,908.70,908.70,906.30,906.30,5250,474750
INTELLECT_F1,03/30/2022,09:49:00,908.20,908.20,908.20,908.20,8250,474750
INTELLECT_F1,03/30/2022,09:50:00,907.00,907.00,905.00,905.00,3750,467250
INTELLECT_F1,03/30/2022,09:52:00,906.15,906.15,906.15,906.15,1500,467250
INTELLECT_F1,03/30/2022,09:53:00,905.35,905.35,905.35,905.35,1500,467250
INTELLECT_F1,03/30/2022,09:56:00,904.85,904.85,904.85,904.85,2250,468750
INTELLECT_F1,03/30/2022,09:57:00,907.95,907.95,907.95,907.95,3000,468750
INTELLECT_F1,03/30/2022,09:58:00,908.00,908.00,907.80,907.80,1500,468750
INTELLECT_F1,03/30/2022,09:59:00,908.20,908.20,908.20,908.20,1500,468750
INTELLECT_F1,03/30/2022,10:00:00,908.20,908.20,908.20,908.20,3000,464250
INTELLECT_F1,03/30/2022,10:01:00,908.20,908.40,908.20,908.40,3000,464250
INTELLECT_F1,03/30/2022,10:02:00,908.15,908.15,907.70,907.95,3000,464250
INTELLECT_F1,03/30/2022,10:03:00,909.50,909.50,909.50,909.50,5250,460500
INTELLECT_F1,03/30/2022,10:04:00,910.00,910.00,909.60,909.60,6000,460500
INTELLECT_F1,03/30/2022,10:05:00,909.60,910.20,909.60,910.20,1500,459000
INTELLECT_F1,03/30/2022,10:06:00,910.05,910.05,910.05,910.05,1500,459000
INTELLECT_F1,03/30/2022,10:07:00,910.00,910.00,909.55,909.55,3750,459000
INTELLECT_F1,03/30/2022,10:10:00,908.50,908.50,908.50,908.50,750,458250
INTELLECT_F1,03/30/2022,10:15:00,912.15,912.25,912.15,912.25,12000,457500
INTELLECT_F1,03/30/2022,10:16:00,913.60,913.60,912.95,912.95,5250,457500
INTELLECT_F1,03/30/2022,10:19:00,914.80,915.00,914.80,915.00,3750,459000
INTELLECT_F1,03/30/2022,10:20:00,914.50,914.50,914.50,914.50,750,459000
INTELLECT_F1,03/30/2022,10:21:00,914.75,914.75,914.75,914.75,1500,459000
INTELLECT_F1,03/30/2022,10:23:00,914.20,914.20,914.20,914.20,3750,459000
INTELLECT_F1,03/30/2022,10:24:00,914.10,914.10,914.10,914.10,750,458250
INTELLECT_F1,03/30/2022,10:26:00,915.00,915.00,915.00,915.00,2250,458250
INTELLECT_F1,03/30/2022,10:27:00,914.10,914.10,914.10,914.10,2250,456750
INTELLECT_F1,03/30/2022,10:28:00,915.00,915.00,915.00,915.00,1500,456750
INTELLECT_F1,03/30/2022,10:29:00,916.20,916.20,915.45,916.00,2250,456750
INTELLECT_F1,03/30/2022,10:31:00,916.20,916.20,916.20,916.20,3750,459000
INTELLECT_F1,03/30/2022,10:32:00,917.40,917.40,917.40,917.40,750,460500
INTELLECT_F1,03/30/2022,10:34:00,917.40,917.40,917.40,917.40,5250,460500
INTELLECT_F1,03/30/2022,10:35:00,916.05,916.05,916.05,916.05,1500,460500
INTELLECT_F1,03/30/2022,10:37:00,915.25,915.25,915.25,915.25,3750,461250
INTELLECT_F1,03/30/2022,10:38:00,916.50,916.50,916.50,916.50,750,461250
INTELLECT_F1,03/30/2022,10:40:00,916.50,916.50,916.50,916.50,3000,461250
INTELLECT_F1,03/30/2022,10:42:00,915.75,915.80,915.75,915.80,3000,460500
INTELLECT_F1,03/30/2022,10:43:00,914.75,914.75,914.75,914.75,3750,460500
INTELLECT_F1,03/30/2022,10:44:00,914.75,914.75,914.75,914.75,750,459000
INTELLECT_F1,03/30/2022,10:46:00,914.00,914.00,914.00,914.00,750,459000
INTELLECT_F1,03/30/2022,10:47:00,913.00,913.00,913.00,913.00,1500,459000
INTELLECT_F1,03/30/2022,11:04:00,913.00,913.00,913.00,913.00,1500,457500
INTELLECT_F1,03/30/2022,11:05:00,912.80,912.80,912.15,912.15,2250,457500
INTELLECT_F1,03/30/2022,11:06:00,912.65,912.65,912.65,912.65,750,457500
INTELLECT_F1,03/30/2022,11:07:00,911.00,911.00,911.00,911.00,3000,457500
INTELLECT_F1,03/30/2022,11:08:00,911.00,911.00,911.00,911.00,750,457500
INTELLECT_F1,03/30/2022,11:09:00,911.00,911.00,911.00,911.00,750,455250
INTELLECT_F1,03/30/2022,11:10:00,911.00,911.00,911.00,911.00,1500,455250
INTELLECT_F1,03/30/2022,11:17:00,910.45,910.45,910.45,910.45,750,453750
INTELLECT_F1,03/30/2022,11:18:00,910.85,910.85,910.85,910.85,2250,454500
INTELLECT_F1,03/30/2022,11:19:00,909.50,909.50,909.50,909.50,1500,454500
INTELLECT_F1,03/30/2022,11:20:00,909.70,910.00,909.70,910.00,8250,454500
INTELLECT_F1,03/30/2022,11:21:00,911.25,911.25,910.65,910.65,5250,462000
INTELLECT_F1,03/30/2022,11:22:00,910.50,910.50,910.25,910.25,4500,462000
INTELLECT_F1,03/30/2022,11:23:00,910.25,910.25,910.25,910.25,36000,474750
INTELLECT_F1,03/30/2022,11:24:00,910.25,910.25,910.10,910.10,31500,474750
INTELLECT_F1,03/30/2022,11:25:00,910.00,910.00,910.00,910.00,750,474750
INTELLECT_F1,03/30/2022,11:33:00,910.50,910.50,910.50,910.50,750,520500
INTELLECT_F1,03/30/2022,11:34:00,910.25,910.25,910.25,910.25,750,453000
INTELLECT_F1,03/30/2022,11:41:00,910.25,910.25,910.25,910.25,750,452250
INTELLECT_F1,03/30/2022,11:48:00,910.80,910.80,910.80,910.80,750,452250
INTELLECT_F1,03/30/2022,12:01:00,911.30,911.30,911.30,911.30,750,452250
INTELLECT_F1,03/30/2022,12:03:00,911.30,911.95,911.30,911.95,2250,452250
INTELLECT_F1,03/30/2022,12:10:00,911.00,911.00,911.00,911.00,750,453000
INTELLECT_F1,03/30/2022,12:16:00,911.00,911.00,911.00,911.00,750,451500
INTELLECT_F1,03/30/2022,12:17:00,911.00,911.00,911.00,911.00,750,451500
INTELLECT_F1,03/30/2022,12:18:00,910.90,910.90,910.00,910.00,2250,452250
INTELLECT_F1,03/30/2022,12:21:00,909.80,909.80,909.80,909.80,750,451500
INTELLECT_F1,03/30/2022,12:27:00,909.80,909.80,909.80,909.80,750,451500
INTELLECT_F1,03/30/2022,12:28:00,909.45,910.35,909.45,910.35,3750,451500
INTELLECT_F1,03/30/2022,12:32:00,910.60,910.60,910.60,910.60,1500,448500
INTELLECT_F1,03/30/2022,12:33:00,910.40,910.40,910.40,910.40,750,447000
INTELLECT_F1,03/30/2022,12:34:00,909.85,909.85,909.85,909.85,2250,447000
INTELLECT_F1,03/30/2022,12:37:00,909.85,909.85,909.85,909.85,750,447000
INTELLECT_F1,03/30/2022,12:38:00,911.35,911.35,911.35,911.35,750,447000
INTELLECT_F1,03/30/2022,12:42:00,910.95,910.95,910.95,910.95,750,446250
INTELLECT_F1,03/30/2022,12:44:00,910.95,910.95,910.95,910.95,6000,445500
INTELLECT_F1,03/30/2022,12:47:00,911.90,911.90,911.90,911.90,750,444750
INTELLECT_F1,03/30/2022,12:49:00,912.30,912.30,912.30,912.30,4500,444750
INTELLECT_F1,03/30/2022,12:50:00,912.30,912.30,912.30,912.30,1500,444750
INTELLECT_F1,03/30/2022,12:54:00,912.30,912.30,912.30,912.30,750,445500
INTELLECT_F1,03/30/2022,12:55:00,912.30,912.30,912.30,912.30,750,446250
INTELLECT_F1,03/30/2022,12:58:00,914.50,914.50,914.50,914.50,1500,446250
INTELLECT_F1,03/30/2022,13:00:00,916.35,916.35,916.35,916.35,32250,446250
INTELLECT_F1,03/30/2022,13:02:00,915.90,915.90,913.75,913.75,2250,446250
INTELLECT_F1,03/30/2022,13:04:00,914.85,914.85,914.85,914.85,2250,444750
INTELLECT_F1,03/30/2022,13:06:00,913.55,913.55,913.55,913.55,750,444750
INTELLECT_F1,03/30/2022,13:10:00,912.05,912.05,912.05,912.05,750,444750
INTELLECT_F1,03/30/2022,13:14:00,913.55,913.55,913.55,913.55,750,444000
INTELLECT_F1,03/30/2022,13:15:00,914.00,914.00,914.00,914.00,750,444000
INTELLECT_F1,03/30/2022,13:16:00,913.50,915.25,913.50,915.25,2250,443250
INTELLECT_F1,03/30/2022,13:28:00,914.75,914.75,914.75,914.75,750,442500
INTELLECT_F1,03/30/2022,13:30:00,915.00,915.00,915.00,915.00,2250,442500
INTELLECT_F1,03/30/2022,13:31:00,915.30,915.30,914.30,914.30,2250,441000
INTELLECT_F1,03/30/2022,13:32:00,913.00,913.50,913.00,913.50,5250,441000
INTELLECT_F1,03/30/2022,13:37:00,914.40,914.40,914.40,914.40,750,437250
INTELLECT_F1,03/30/2022,13:38:00,918.00,920.50,918.00,920.50,21750,437250
INTELLECT_F1,03/30/2022,13:39:00,920.70,920.70,919.70,919.70,4500,438750
INTELLECT_F1,03/30/2022,13:42:00,917.45,917.45,917.45,917.45,3750,438750
INTELLECT_F1,03/30/2022,13:43:00,919.05,920.20,919.05,920.20,3000,438750
INTELLECT_F1,03/30/2022,13:45:00,918.20,918.20,918.20,918.20,1500,434250
INTELLECT_F1,03/30/2022,13:46:00,917.00,917.00,917.00,917.00,750,434250
INTELLECT_F1,03/30/2022,13:47:00,917.50,917.50,917.50,917.50,750,434250
INTELLECT_F1,03/30/2022,13:48:00,917.75,917.75,917.75,917.75,750,434250
INTELLECT_F1,03/30/2022,13:49:00,917.90,917.90,917.90,917.90,750,433500
INTELLECT_F1,03/30/2022,13:50:00,916.90,919.35,916.90,919.35,3000,433500
INTELLECT_F1,03/30/2022,13:53:00,918.00,918.00,918.00,918.00,750,433500
INTELLECT_F1,03/30/2022,13:55:00,918.00,918.00,918.00,918.00,750,433500
INTELLECT_F1,03/30/2022,13:57:00,917.95,917.95,917.95,917.95,750,433500
INTELLECT_F1,03/30/2022,13:59:00,917.95,917.95,917.95,917.95,750,432000
INTELLECT_F1,03/30/2022,14:00:00,918.15,918.15,918.15,918.15,750,432000
INTELLECT_F1,03/30/2022,14:01:00,917.50,917.50,917.50,917.50,750,432000
INTELLECT_F1,03/30/2022,14:03:00,917.40,917.40,917.40,917.40,750,425250
INTELLECT_F1,03/30/2022,14:04:00,916.75,916.75,916.75,916.75,6000,425250
INTELLECT_F1,03/30/2022,14:06:00,917.00,917.00,917.00,917.00,750,425250
INTELLECT_F1,03/30/2022,14:07:00,916.60,916.60,916.60,916.60,1500,423000
INTELLECT_F1,03/30/2022,14:09:00,916.85,916.85,916.85,916.85,750,423000
INTELLECT_F1,03/30/2022,14:12:00,916.50,916.50,916.50,916.50,1500,423000
INTELLECT_F1,03/30/2022,14:14:00,915.50,915.50,915.50,915.50,750,423000
INTELLECT_F1,03/30/2022,14:15:00,915.80,915.80,915.80,915.80,750,423000
INTELLECT_F1,03/30/2022,14:19:00,916.80,916.80,916.80,916.80,16500,423750
INTELLECT_F1,03/30/2022,14:25:00,915.65,915.65,915.65,915.65,750,422250
INTELLECT_F1,03/30/2022,14:27:00,915.00,915.00,914.15,914.15,2250,422250
INTELLECT_F1,03/30/2022,14:30:00,916.15,916.15,916.15,916.15,750,420000
INTELLECT_F1,03/30/2022,14:31:00,917.00,917.00,917.00,917.00,750,420000
INTELLECT_F1,03/30/2022,14:33:00,918.65,918.65,918.65,918.65,750,420000
INTELLECT_F1,03/30/2022,14:36:00,918.65,918.65,918.65,918.65,18000,420000
INTELLECT_F1,03/30/2022,14:38:00,916.60,916.60,916.60,916.60,750,438000
INTELLECT_F1,03/30/2022,14:39:00,916.05,916.05,916.05,916.05,1500,438000
INTELLECT_F1,03/30/2022,14:41:00,916.05,916.05,916.05,916.05,1500,430500
INTELLECT_F1,03/30/2022,14:42:00,916.65,916.65,916.00,916.00,3750,430500
INTELLECT_F1,03/30/2022,14:43:00,915.95,915.95,915.95,915.95,1500,428250
INTELLECT_F1,03/30/2022,14:44:00,915.65,919.70,915.65,919.70,6000,428250
INTELLECT_F1,03/30/2022,14:45:00,920.05,921.00,920.05,921.00,12750,428250
INTELLECT_F1,03/30/2022,14:46:00,919.80,922.35,919.80,922.35,9000,420000
INTELLECT_F1,03/30/2022,14:47:00,922.00,922.00,920.20,920.20,3000,420000
INTELLECT_F1,03/30/2022,14:48:00,920.00,920.00,918.25,918.25,1500,420000
INTELLECT_F1,03/30/2022,14:49:00,918.00,918.00,918.00,918.00,4500,417000
INTELLECT_F1,03/30/2022,14:50:00,918.00,918.00,918.00,918.00,750,417000
INTELLECT_F1,03/30/2022,14:52:00,918.00,920.90,917.10,920.50,15000,414000
INTELLECT_F1,03/30/2022,14:53:00,920.70,920.70,920.70,920.70,1500,414000
INTELLECT_F1,03/30/2022,14:54:00,920.85,921.90,920.85,921.20,3000,414750
INTELLECT_F1,03/30/2022,14:55:00,920.45,920.45,920.45,920.45,4500,414750
INTELLECT_F1,03/30/2022,14:56:00,920.45,920.45,920.45,920.45,750,414750
INTELLECT_F1,03/30/2022,14:57:00,919.70,919.70,919.70,919.70,2250,414750
INTELLECT_F1,03/30/2022,14:58:00,919.90,919.90,919.90,919.90,1500,410250
INTELLECT_F1,03/30/2022,14:59:00,920.00,920.00,920.00,920.00,2250,410250
INTELLECT_F1,03/30/2022,15:01:00,919.00,919.90,919.00,919.90,2250,410250
INTELLECT_F1,03/30/2022,15:02:00,919.90,919.90,919.70,919.70,2250,410250
INTELLECT_F1,03/30/2022,15:05:00,919.55,919.55,919.55,919.55,3000,409500
INTELLECT_F1,03/30/2022,15:07:00,919.65,919.65,919.65,919.65,750,406500
INTELLECT_F1,03/30/2022,15:09:00,918.65,918.65,918.65,918.65,750,406500
INTELLECT_F1,03/30/2022,15:10:00,918.65,918.65,918.65,918.65,750,403500
INTELLECT_F1,03/30/2022,15:11:00,918.40,918.40,918.40,918.40,1500,403500
INTELLECT_F1,03/30/2022,15:12:00,918.40,918.40,918.40,918.40,5250,403500
INTELLECT_F1,03/30/2022,15:13:00,916.75,916.75,916.75,916.75,3750,400500
INTELLECT_F1,03/30/2022,15:14:00,917.90,917.90,917.90,917.90,4500,400500
INTELLECT_F1,03/30/2022,15:15:00,917.90,917.90,917.90,917.90,3000,400500
INTELLECT_F1,03/30/2022,15:16:00,917.95,917.95,917.95,917.95,1500,392250
INTELLECT_F1,03/30/2022,15:17:00,917.00,917.00,916.00,916.00,6750,392250
INTELLECT_F1,03/30/2022,15:18:00,915.65,915.65,915.00,915.00,6000,390000
INTELLECT_F1,03/30/2022,15:19:00,915.00,916.20,915.00,915.50,4500,390000
INTELLECT_F1,03/30/2022,15:20:00,915.50,916.45,915.35,915.35,14250,390000
INTELLECT_F1,03/30/2022,15:21:00,916.15,916.15,914.85,914.85,11250,390000
INTELLECT_F1,03/30/2022,15:22:00,913.75,915.40,913.75,913.95,6750,376500
INTELLECT_F1,03/30/2022,15:23:00,913.95,913.95,912.00,913.65,6000,376500
INTELLECT_F1,03/30/2022,15:24:00,913.70,913.95,913.60,913.80,10500,376500
INTELLECT_F1,03/30/2022,15:25:00,911.65,912.50,911.60,912.50,3750,370500
INTELLECT_F1,03/30/2022,15:26:00,911.20,911.20,911.20,911.20,3750,370500
INTELLECT_F1,03/30/2022,15:27:00,912.55,912.55,911.35,911.35,3000,365250
INTELLECT_F1,03/30/2022,15:28:00,913.25,913.25,911.05,911.05,3750,365250
INTELLECT_F1,03/30/2022,15:29:00,913.10,913.10,911.05,911.05,3000,365250
INTELLECT_F1,03/30/2022,15:30:00,911.60,911.60,911.60,911.60,1500,365250
INTELLECT_F1,03/31/2022,09:15:00,919.95,920.00,919.95,920.00,1502,203250
INTELLECT_F1,03/31/2022,09:16:00,918.75,920.05,918.75,920.05,9000,203250
INTELLECT_F1,03/31/2022,09:17:00,918.80,918.80,918.80,918.80,3750,203250
INTELLECT_F1,03/31/2022,09:18:00,917.85,917.85,915.80,915.80,7500,197250
INTELLECT_F1,03/31/2022,09:19:00,917.35,918.40,917.35,918.40,2250,197250
INTELLECT_F1,03/31/2022,09:20:00,918.90,921.95,918.10,921.95,15750,198000
INTELLECT_F1,03/31/2022,09:21:00,922.00,925.45,922.00,922.90,5250,198000
INTELLECT_F1,03/31/2022,09:23:00,924.50,924.50,924.50,924.50,2250,198750
INTELLECT_F1,03/31/2022,09:24:00,922.40,923.00,922.40,923.00,1500,198750
INTELLECT_F1,03/31/2022,09:25:00,922.00,922.80,922.00,922.80,19500,198750
INTELLECT_F1,03/31/2022,09:26:00,921.00,921.00,921.00,921.00,750,198750
INTELLECT_F1,03/31/2022,09:27:00,922.00,922.00,921.65,922.00,5250,203250
INTELLECT_F1,03/31/2022,09:28:00,922.00,922.00,922.00,922.00,750,203250
INTELLECT_F1,03/31/2022,09:29:00,923.35,923.35,923.35,923.35,750,203250
INTELLECT_F1,03/31/2022,09:30:00,925.75,925.75,925.75,925.75,1500,201000
INTELLECT_F1,03/31/2022,09:31:00,926.90,927.00,926.90,927.00,12000,201000
INTELLECT_F1,03/31/2022,09:32:00,929.85,931.80,929.85,931.80,4500,199500
INTELLECT_F1,03/31/2022,09:33:00,932.25,932.25,932.25,932.25,1500,199500
INTELLECT_F1,03/31/2022,09:34:00,932.25,932.25,932.25,932.25,3000,199500
INTELLECT_F1,03/31/2022,09:36:00,932.25,932.25,932.25,932.25,750,201000
INTELLECT_F1,03/31/2022,09:37:00,929.35,929.55,929.35,929.55,1500,201000
INTELLECT_F1,03/31/2022,09:38:00,929.50,929.50,929.50,929.50,1500,201000
INTELLECT_F1,03/31/2022,09:39:00,928.00,928.00,927.70,927.70,3000,200250
INTELLECT_F1,03/31/2022,09:41:00,929.40,929.40,929.40,929.40,2250,200250
INTELLECT_F1,03/31/2022,09:43:00,930.45,930.45,929.60,929.60,1500,195750
INTELLECT_F1,03/31/2022,09:45:00,929.00,929.00,929.00,929.00,750,194250
INTELLECT_F1,03/31/2022,09:46:00,928.00,928.00,928.00,928.00,1500,194250
INTELLECT_F1,03/31/2022,09:48:00,928.00,928.00,928.00,928.00,5250,192750
INTELLECT_F1,03/31/2022,09:50:00,928.00,928.00,928.00,928.00,750,188250
INTELLECT_F1,03/31/2022,09:51:00,928.50,928.50,928.50,928.50,3000,188250
INTELLECT_F1,03/31/2022,09:52:00,928.10,928.10,928.10,928.10,750,188250
INTELLECT_F1,03/31/2022,09:54:00,927.50,927.50,927.50,927.50,6000,189750
INTELLECT_F1,03/31/2022,09:55:00,926.00,926.00,926.00,926.00,750,189750
INTELLECT_F1,03/31/2022,09:56:00,926.95,926.95,926.95,926.95,5250,189750
INTELLECT_F1,03/31/2022,09:57:00,928.00,928.00,927.85,927.85,3000,186750
INTELLECT_F1,03/31/2022,09:58:00,928.00,928.00,928.00,928.00,750,186750
INTELLECT_F1,03/31/2022,09:59:00,927.00,927.45,926.50,926.50,4500,186750
INTELLECT_F1,03/31/2022,10:02:00,928.45,928.45,928.45,928.45,5250,186000
INTELLECT_F1,03/31/2022,10:03:00,927.85,927.85,927.85,927.85,1500,182250
INTELLECT_F1,03/31/2022,10:04:00,926.95,926.95,926.75,926.95,5250,182250
INTELLECT_F1,03/31/2022,10:05:00,927.15,927.15,927.15,927.15,750,182250
INTELLECT_F1,03/31/2022,10:07:00,927.15,927.15,927.15,927.15,750,185250
INTELLECT_F1,03/31/2022,10:08:00,926.45,927.15,926.45,927.00,3750,185250
INTELLECT_F1,03/31/2022,10:09:00,926.70,926.70,926.70,926.70,750,186000
INTELLECT_F1,03/31/2022,10:11:00,927.00,927.00,927.00,927.00,750,186000
INTELLECT_F1,03/31/2022,10:12:00,926.55,926.55,925.00,925.00,6000,186000
INTELLECT_F1,03/31/2022,10:13:00,924.40,924.40,924.30,924.30,1500,186000
INTELLECT_F1,03/31/2022,10:15:00,924.60,925.10,924.60,925.10,6750,186000
INTELLECT_F1,03/31/2022,10:16:00,924.95,924.95,924.95,924.95,750,186000
INTELLECT_F1,03/31/2022,10:19:00,925.25,925.25,925.25,925.25,750,183000
INTELLECT_F1,03/31/2022,10:20:00,925.20,925.45,925.20,925.45,2250,183000
INTELLECT_F1,03/31/2022,10:22:00,924.00,924.00,924.00,924.00,7500,182250
INTELLECT_F1,03/31/2022,10:24:00,924.00,924.00,924.00,924.00,1500,178500
INTELLECT_F1,03/31/2022,10:25:00,924.80,924.85,924.80,924.85,3750,178500
INTELLECT_F1,03/31/2022,10:26:00,926.10,926.10,926.00,926.00,2250,180750
INTELLECT_F1,03/31/2022,10:29:00,924.90,924.90,924.90,924.90,750,180750
INTELLECT_F1,03/31/2022,10:33:00,926.95,926.95,926.95,926.95,1500,178500
INTELLECT_F1,03/31/2022,10:40:00,925.15,925.15,925.15,925.15,750,178500
INTELLECT_F1,03/31/2022,10:43:00,925.05,925.05,925.05,925.05,750,178500
INTELLECT_F1,03/31/2022,10:46:00,925.35,925.35,925.00,925.00,2250,179250
INTELLECT_F1,03/31/2022,10:47:00,923.70,923.70,923.70,923.70,750,179250
INTELLECT_F1,03/31/2022,10:49:00,924.50,924.50,922.70,922.70,1500,179250
INTELLECT_F1,03/31/2022,10:51:00,923.50,923.50,923.50,923.50,750,179250
INTELLECT_F1,03/31/2022,10:52:00,924.05,924.05,924.00,924.00,3750,179250
INTELLECT_F1,03/31/2022,10:53:00,924.00,924.00,924.00,924.00,3750,179250
INTELLECT_F1,03/31/2022,10:56:00,921.95,921.95,921.95,921.95,750,177750
INTELLECT_F1,03/31/2022,11:14:00,926.70,926.70,926.70,926.70,750,177750
INTELLECT_F1,03/31/2022,11:17:00,925.35,925.35,925.35,925.35,750,177750
INTELLECT_F1,03/31/2022,11:21:00,924.35,924.35,924.35,924.35,1500,176250
INTELLECT_F1,03/31/2022,11:24:00,924.40,924.40,924.40,924.40,1500,175500
INTELLECT_F1,03/31/2022,11:26:00,926.50,927.50,926.50,927.50,3000,175500
INTELLECT_F1,03/31/2022,11:27:00,928.00,928.70,928.00,928.70,1500,175500
INTELLECT_F1,03/31/2022,11:33:00,925.60,925.60,925.60,925.60,4500,176250
INTELLECT_F1,03/31/2022,11:37:00,926.00,926.00,926.00,926.00,750,176250
INTELLECT_F1,03/31/2022,11:38:00,926.00,926.00,926.00,926.00,1500,176250
INTELLECT_F1,03/31/2022,11:39:00,926.00,926.00,926.00,926.00,750,175500
INTELLECT_F1,03/31/2022,11:44:00,926.15,926.15,926.15,926.15,750,174750
INTELLECT_F1,03/31/2022,11:45:00,925.00,925.00,925.00,925.00,750,174750
INTELLECT_F1,03/31/2022,11:46:00,925.00,925.00,925.00,925.00,750,174750
INTELLECT_F1,03/31/2022,11:48:00,925.00,925.00,925.00,925.00,750,174750
INTELLECT_F1,03/31/2022,11:50:00,925.75,925.75,925.75,925.75,750,173250
INTELLECT_F1,03/31/2022,11:51:00,925.85,925.85,925.85,925.85,750,173250
INTELLECT_F1,03/31/2022,11:57:00,925.85,925.85,925.85,925.85,3000,174000
INTELLECT_F1,03/31/2022,12:01:00,928.00,928.00,928.00,928.00,750,174000
INTELLECT_F1,03/31/2022,12:04:00,928.00,928.00,928.00,928.00,750,174000
INTELLECT_F1,03/31/2022,12:07:00,930.65,930.65,930.65,930.65,750,174000
INTELLECT_F1,03/31/2022,12:10:00,929.00,929.00,929.00,929.00,1500,173250
INTELLECT_F1,03/31/2022,12:18:00,927.55,927.55,927.55,927.55,750,174000
INTELLECT_F1,03/31/2022,12:22:00,927.55,927.55,927.55,927.55,5250,174750
INTELLECT_F1,03/31/2022,12:29:00,927.55,927.55,927.55,927.55,750,168000
INTELLECT_F1,03/31/2022,12:30:00,930.35,930.35,930.35,930.35,1500,168750
INTELLECT_F1,03/31/2022,12:36:00,930.35,930.35,930.35,930.35,750,168750
INTELLECT_F1,03/31/2022,12:37:00,929.60,929.90,929.60,929.90,3000,168000
INTELLECT_F1,03/31/2022,12:38:00,931.00,931.00,931.00,931.00,1500,168000
INTELLECT_F1,03/31/2022,12:44:00,931.00,931.00,931.00,931.00,750,167250
INTELLECT_F1,03/31/2022,12:45:00,934.45,934.45,934.45,934.45,1500,167250
INTELLECT_F1,03/31/2022,12:46:00,937.00,937.00,937.00,937.00,1500,167250
INTELLECT_F1,03/31/2022,12:47:00,937.70,937.80,937.70,937.80,6750,167250
INTELLECT_F1,03/31/2022,12:48:00,937.80,937.80,936.65,936.65,11250,159750
INTELLECT_F1,03/31/2022,12:51:00,939.70,939.70,938.50,938.50,10500,156750
INTELLECT_F1,03/31/2022,12:52:00,937.40,937.40,937.35,937.35,1500,156750
INTELLECT_F1,03/31/2022,12:53:00,937.40,937.40,937.40,937.40,750,156750
INTELLECT_F1,03/31/2022,12:54:00,937.40,937.40,937.40,937.40,750,156750
INTELLECT_F1,03/31/2022,12:55:00,937.35,937.35,937.35,937.35,1500,156750
INTELLECT_F1,03/31/2022,12:57:00,937.80,937.80,937.80,937.80,750,156750
INTELLECT_F1,03/31/2022,12:59:00,936.65,936.65,936.65,936.65,2250,157500
INTELLECT_F1,03/31/2022,13:01:00,934.05,934.05,934.05,934.05,1500,157500
INTELLECT_F1,03/31/2022,13:05:00,935.60,935.60,935.60,935.60,750,155250
INTELLECT_F1,03/31/2022,13:14:00,935.90,935.90,935.90,935.90,750,155250
INTELLECT_F1,03/31/2022,13:16:00,938.00,938.45,938.00,938.45,5250,154500
INTELLECT_F1,03/31/2022,13:19:00,937.30,937.30,937.30,937.30,750,153750
INTELLECT_F1,03/31/2022,13:33:00,937.30,940.05,937.30,940.05,3000,154500
INTELLECT_F1,03/31/2022,13:43:00,940.25,940.25,937.60,937.60,3000,154500
INTELLECT_F1,03/31/2022,13:44:00,936.65,936.65,936.65,936.65,3000,154500
INTELLECT_F1,03/31/2022,13:45:00,934.50,934.50,934.20,934.20,4500,152250
INTELLECT_F1,03/31/2022,13:46:00,933.00,933.00,933.00,933.00,750,152250
INTELLECT_F1,03/31/2022,13:47:00,933.45,933.45,933.45,933.45,750,152250
INTELLECT_F1,03/31/2022,13:48:00,935.30,935.30,935.30,935.30,750,150000
INTELLECT_F1,03/31/2022,13:50:00,934.70,934.70,933.70,933.70,1500,150000
INTELLECT_F1,03/31/2022,13:53:00,931.60,931.60,931.60,931.60,750,148500
INTELLECT_F1,03/31/2022,13:55:00,933.25,933.25,933.25,933.25,750,149250
INTELLECT_F1,03/31/2022,14:02:00,934.15,934.15,932.00,932.00,1500,149250
INTELLECT_F1,03/31/2022,14:03:00,933.35,935.20,933.25,935.20,8250,153000
INTELLECT_F1,03/31/2022,14:04:00,935.15,935.15,934.00,934.00,9750,153000
INTELLECT_F1,03/31/2022,14:05:00,935.35,935.35,935.35,935.35,750,153000
INTELLECT_F1,03/31/2022,14:07:00,930.80,932.15,930.80,932.15,9750,150750
INTELLECT_F1,03/31/2022,14:09:00,931.05,931.05,930.35,930.35,10500,150750
INTELLECT_F1,03/31/2022,14:11:00,928.20,928.75,927.00,928.75,10500,146250
INTELLECT_F1,03/31/2022,14:12:00,929.80,931.00,929.80,930.80,7500,150000
INTELLECT_F1,03/31/2022,14:13:00,930.00,930.00,930.00,930.00,750,150000
INTELLECT_F1,03/31/2022,14:15:00,929.10,930.80,929.10,930.50,12750,149250
INTELLECT_F1,03/31/2022,14:16:00,930.00,930.00,930.00,930.00,1500,149250
INTELLECT_F1,03/31/2022,14:17:00,928.75,928.75,928.75,928.75,750,149250
INTELLECT_F1,03/31/2022,14:18:00,928.80,928.80,928.80,928.80,750,143250
INTELLECT_F1,03/31/2022,14:20:00,927.65,928.50,927.65,928.50,6000,143250
INTELLECT_F1,03/31/2022,14:21:00,928.75,930.85,928.75,929.65,9000,141750
INTELLECT_F1,03/31/2022,14:23:00,929.65,929.65,929.65,929.65,750,141750
INTELLECT_F1,03/31/2022,14:29:00,929.65,929.65,929.65,929.65,7500,141000
INTELLECT_F1,03/31/2022,14:31:00,928.80,928.95,928.80,928.95,9750,141000
INTELLECT_F1,03/31/2022,14:32:00,930.15,930.15,930.15,930.15,1500,141000
INTELLECT_F1,03/31/2022,14:33:00,929.40,930.00,929.40,930.00,1500,141000
INTELLECT_F1,03/31/2022,14:35:00,930.95,931.10,930.95,931.10,3000,138750
INTELLECT_F1,03/31/2022,14:36:00,932.50,932.50,932.50,932.50,750,136500
INTELLECT_F1,03/31/2022,14:37:00,936.05,936.05,936.05,936.05,1500,136500
INTELLECT_F1,03/31/2022,14:38:00,935.15,935.15,933.25,934.10,3000,136500
INTELLECT_F1,03/31/2022,14:39:00,932.60,932.60,926.80,926.80,5250,134250
INTELLECT_F1,03/31/2022,14:40:00,926.80,929.05,926.65,928.45,12000,134250
INTELLECT_F1,03/31/2022,14:41:00,929.10,930.35,929.10,930.35,1500,134250
INTELLECT_F1,03/31/2022,14:42:00,932.00,932.00,932.00,932.00,1500,134250
INTELLECT_F1,03/31/2022,14:43:00,930.55,930.55,930.55,930.55,750,126750
INTELLECT_F1,03/31/2022,14:44:00,932.35,932.35,932.35,932.35,750,126750
INTELLECT_F1,03/31/2022,14:45:00,932.40,932.40,932.40,932.40,750,126750
INTELLECT_F1,03/31/2022,14:47:00,933.00,934.55,933.00,934.55,3000,125250
INTELLECT_F1,03/31/2022,14:48:00,934.30,934.30,934.30,934.30,750,128250
INTELLECT_F1,03/31/2022,14:49:00,931.75,931.75,931.75,931.75,750,128250
INTELLECT_F1,03/31/2022,14:50:00,935.00,935.00,934.00,934.00,1500,128250
INTELLECT_F1,03/31/2022,14:51:00,936.30,936.30,936.10,936.10,3750,128250
INTELLECT_F1,03/31/2022,14:52:00,934.50,937.20,934.50,937.20,4500,128250
INTELLECT_F1,03/31/2022,14:53:00,936.30,936.30,936.30,936.30,1500,128250
INTELLECT_F1,03/31/2022,14:54:00,938.85,939.00,938.85,939.00,1500,128250
INTELLECT_F1,03/31/2022,14:56:00,940.80,940.80,940.80,940.80,750,126000
INTELLECT_F1,03/31/2022,15:00:00,940.80,940.80,940.80,940.80,750,125250
INTELLECT_F1,03/31/2022,15:01:00,941.15,941.15,941.15,941.15,1500,125250
INTELLECT_F1,03/31/2022,15:05:00,941.30,941.30,941.30,941.30,750,123750
INTELLECT_F1,03/31/2022,15:07:00,941.30,941.30,941.30,941.30,750,123000
INTELLECT_F1,03/31/2022,15:09:00,942.70,942.70,942.70,942.70,1500,122250
INTELLECT_F1,03/31/2022,15:10:00,943.35,943.35,943.35,943.35,750,122250
INTELLECT_F1,03/31/2022,15:12:00,949.05,949.05,949.05,949.05,1500,122250
INTELLECT_F1,03/31/2022,15:13:00,948.80,948.80,948.35,948.65,3000,122250
INTELLECT_F1,03/31/2022,15:14:00,948.35,948.35,948.35,948.35,750,122250
INTELLECT_F1,03/31/2022,15:15:00,945.70,945.70,945.70,945.70,750,122250
INTELLECT_F1,03/31/2022,15:16:00,945.10,945.10,945.10,945.10,750,120750
INTELLECT_F1,03/31/2022,15:17:00,944.55,944.55,944.55,944.55,750,120750
INTELLECT_F1,03/31/2022,15:20:00,937.95,940.20,937.95,940.20,1500,120000
INTELLECT_F1,03/31/2022,15:22:00,942.30,942.30,939.65,939.65,2250,119250
INTELLECT_F1,03/31/2022,15:29:00,945.05,945.05,945.05,945.05,750,120000
