<ticker>,<date>,<time>,<open>,<high>,<low>,<close>,<volume>,<OI> ,
IGL_F2,04/03/2023,09:17:00,422.0000,422.0000,422.0000,422.0000,1376,68750,
IGL_F2,04/03/2023,09:18:00,423.0000,423.0000,423.0000,423.0000,2750,68750,
IGL_F2,04/03/2023,09:19:00,422.6500,422.6500,422.6500,422.6500,2750,68750,
IGL_F2,04/03/2023,09:21:00,422.0000,422.0000,421.8500,421.8500,2750,71500,
IGL_F2,04/03/2023,09:23:00,421.5500,421.5500,421.5500,421.5500,2750,74250,
IGL_F2,04/03/2023,09:24:00,421.5500,421.5500,421.5500,421.5500,1375,74250,
IGL_F2,04/03/2023,09:25:00,421.0000,421.0000,420.0000,420.0000,2750,74250,
IGL_F2,04/03/2023,09:26:00,419.4500,419.4500,417.5500,417.5500,5500,82500,
IGL_F2,04/03/2023,09:27:00,417.3000,417.3000,416.0000,416.2500,9625,82500,
IGL_F2,04/03/2023,09:28:00,416.6500,418.2000,416.6500,418.2000,2750,82500,
IGL_F2,04/03/2023,09:29:00,417.0000,417.0000,416.9500,416.9500,2750,82500,
IGL_F2,04/03/2023,09:30:00,416.0000,416.0000,413.4000,413.4000,4125,88000,
IGL_F2,04/03/2023,09:31:00,413.4000,413.4000,413.4000,413.4000,1375,88000,
IGL_F2,04/03/2023,09:32:00,415.4000,416.3500,415.4000,416.3500,2750,88000,
IGL_F2,04/03/2023,09:33:00,415.5000,415.5000,415.0500,415.0500,2750,92125,
IGL_F2,04/03/2023,09:34:00,414.6500,414.6500,413.0000,413.0000,4125,92125,
IGL_F2,04/03/2023,09:35:00,413.0000,415.2500,413.0000,415.2000,11000,94875,
IGL_F2,04/03/2023,09:36:00,414.4500,414.4500,413.0000,413.5500,4125,94875,
IGL_F2,04/03/2023,09:37:00,414.0000,415.1000,414.0000,415.1000,8250,94875,
IGL_F2,04/03/2023,09:39:00,414.9000,414.9000,414.9000,414.9000,1375,93500,
IGL_F2,04/03/2023,09:42:00,415.4500,415.4500,415.4500,415.4500,1375,93500,
IGL_F2,04/03/2023,09:43:00,415.2000,415.2000,415.2000,415.2000,1375,93500,
IGL_F2,04/03/2023,09:44:00,416.9000,416.9000,416.9000,416.9000,1375,96250,
IGL_F2,04/03/2023,09:45:00,416.5000,416.5000,416.5000,416.5000,2750,96250,
IGL_F2,04/03/2023,09:46:00,416.8500,416.8500,416.8500,416.8500,1375,96250,
IGL_F2,04/03/2023,09:51:00,417.4000,417.4000,417.4000,417.4000,2750,96250,
IGL_F2,04/03/2023,09:52:00,418.0000,418.0000,418.0000,418.0000,2750,96250,
IGL_F2,04/03/2023,09:55:00,417.0000,417.0000,417.0000,417.0000,1375,94875,
IGL_F2,04/03/2023,09:57:00,416.0000,416.0000,416.0000,416.0000,1375,94875,
IGL_F2,04/03/2023,09:58:00,415.5000,415.5000,415.5000,415.5000,1375,94875,
IGL_F2,04/03/2023,09:59:00,416.1500,416.1500,416.1500,416.1500,1375,96250,
IGL_F2,04/03/2023,10:00:00,415.7000,415.7000,415.5000,415.5000,2750,96250,
IGL_F2,04/03/2023,10:01:00,415.0000,415.0000,415.0000,415.0000,2750,96250,
IGL_F2,04/03/2023,10:05:00,414.0000,414.3000,414.0000,414.3000,2750,100375,
IGL_F2,04/03/2023,10:13:00,417.5000,417.5000,417.5000,417.5000,1375,100375,
IGL_F2,04/03/2023,10:29:00,417.7000,417.7000,417.7000,417.7000,1375,99000,
IGL_F2,04/03/2023,10:31:00,419.2000,419.2000,419.2000,419.2000,1375,99000,
IGL_F2,04/03/2023,10:33:00,418.7000,418.7000,418.7000,418.7000,1375,100375,
IGL_F2,04/03/2023,10:42:00,419.5500,419.5500,419.5500,419.5500,1375,101750,
IGL_F2,04/03/2023,10:46:00,419.0000,419.0000,419.0000,419.0000,1375,103125,
IGL_F2,04/03/2023,10:50:00,418.0000,418.0000,417.1000,417.1000,2750,104500,
IGL_F2,04/03/2023,10:52:00,416.8500,416.8500,416.8500,416.8500,1375,105875,
IGL_F2,04/03/2023,10:55:00,415.8000,415.8000,415.8000,415.8000,2750,108625,
IGL_F2,04/03/2023,10:56:00,415.0000,415.2000,415.0000,415.2000,4125,108625,
IGL_F2,04/03/2023,11:01:00,415.2000,415.2000,415.2000,415.2000,1375,111375,
IGL_F2,04/03/2023,11:02:00,415.0000,415.0000,415.0000,415.0000,1375,111375,
IGL_F2,04/03/2023,11:04:00,415.4500,415.4500,415.4500,415.4500,1375,114125,
IGL_F2,04/03/2023,11:08:00,415.3500,415.3500,415.3500,415.3500,1375,112750,
IGL_F2,04/03/2023,11:10:00,415.9500,415.9500,415.9500,415.9500,1375,112750,
IGL_F2,04/03/2023,11:11:00,416.2500,416.2500,416.2500,416.2500,1375,112750,
IGL_F2,04/03/2023,11:14:00,416.0000,416.0000,416.0000,416.0000,1375,112750,
IGL_F2,04/03/2023,11:29:00,417.6500,417.6500,417.6500,417.6500,1375,112750,
IGL_F2,04/03/2023,11:31:00,418.0000,418.0000,418.0000,418.0000,1375,112750,
IGL_F2,04/03/2023,11:37:00,418.0000,418.0000,418.0000,418.0000,1375,115500,
IGL_F2,04/03/2023,11:43:00,417.2500,417.2500,417.2500,417.2500,1375,114125,
IGL_F2,04/03/2023,11:50:00,417.5000,417.5000,417.5000,417.5000,1375,114125,
IGL_F2,04/03/2023,11:52:00,418.4000,418.4000,418.4000,418.4000,1375,115500,
IGL_F2,04/03/2023,11:53:00,418.5000,418.5000,418.5000,418.5000,1375,115500,
IGL_F2,04/03/2023,12:34:00,418.5000,418.5000,418.5000,418.5000,1375,116875,
IGL_F2,04/03/2023,13:27:00,418.5000,418.5000,418.5000,418.5000,1375,116875,
IGL_F2,04/03/2023,13:43:00,419.0000,419.0000,419.0000,419.0000,1375,116875,
IGL_F2,04/03/2023,13:52:00,419.0000,419.0000,419.0000,419.0000,1375,115500,
IGL_F2,04/03/2023,14:02:00,420.1500,420.1500,420.1500,420.1500,1375,115500,
IGL_F2,04/03/2023,14:08:00,421.0000,421.0000,421.0000,421.0000,1375,114125,
IGL_F2,04/03/2023,14:14:00,421.7000,422.6000,421.6500,422.6000,8250,114125,
IGL_F2,04/03/2023,14:19:00,422.6000,422.7000,422.6000,422.7000,2750,115500,
IGL_F2,04/03/2023,14:20:00,423.0000,423.0000,423.0000,423.0000,1375,115500,
IGL_F2,04/03/2023,14:21:00,424.0000,424.0000,424.0000,424.0000,1375,114125,
IGL_F2,04/03/2023,14:22:00,424.0000,424.0000,424.0000,424.0000,1375,114125,
IGL_F2,04/03/2023,14:23:00,424.3000,424.3000,424.3000,424.3000,1375,114125,
IGL_F2,04/03/2023,14:46:00,424.6000,424.6000,424.6000,424.6000,2750,112750,
IGL_F2,04/03/2023,14:48:00,424.5000,424.5000,424.5000,424.5000,1375,111375,
IGL_F2,04/03/2023,14:54:00,424.9500,425.0000,424.9500,425.0000,4125,111375,
IGL_F2,04/03/2023,15:02:00,425.0000,425.0000,425.0000,425.0000,1375,111375,
IGL_F2,04/03/2023,15:04:00,424.4500,424.4500,424.4500,424.4500,1375,110000,
IGL_F2,04/03/2023,15:08:00,423.9500,423.9500,423.9500,423.9500,1375,110000,
IGL_F2,04/03/2023,15:10:00,424.0000,424.0000,424.0000,424.0000,1375,111375,
IGL_F2,04/03/2023,15:12:00,424.0000,424.0000,424.0000,424.0000,1375,111375,
IGL_F2,04/03/2023,15:13:00,423.0000,423.0000,423.0000,423.0000,2750,112750,
IGL_F2,04/03/2023,15:27:00,425.0500,425.0500,425.0500,425.0500,2750,112750,
IGL_F2,04/03/2023,15:28:00,425.5000,426.0000,425.5000,426.0000,8250,112750,
IGL_F2,04/03/2023,15:30:00,426.0000,426.0000,426.0000,426.0000,1375,112750,
IGL_F2,04/05/2023,09:15:00,425.3000,430.0000,425.3000,430.0000,6878,112750,
IGL_F2,04/05/2023,09:16:00,430.5500,430.5500,430.5500,430.5500,1375,112750,
IGL_F2,04/05/2023,09:17:00,430.5500,430.5500,430.5500,430.5500,1375,115500,
IGL_F2,04/05/2023,09:22:00,429.5000,429.5000,429.5000,429.5000,1375,116875,
IGL_F2,04/05/2023,09:24:00,431.0000,431.0000,431.0000,431.0000,2750,115500,
IGL_F2,04/05/2023,09:25:00,431.0000,431.0000,431.0000,431.0000,1375,115500,
IGL_F2,04/05/2023,09:28:00,431.7500,431.7500,431.7500,431.7500,1375,116875,
IGL_F2,04/05/2023,09:30:00,432.0000,432.0000,432.0000,432.0000,1375,116875,
IGL_F2,04/05/2023,09:31:00,432.0000,432.0000,432.0000,432.0000,1375,116875,
IGL_F2,04/05/2023,09:34:00,431.8500,431.8500,431.8500,431.8500,1375,118250,
IGL_F2,04/05/2023,09:37:00,433.0000,433.0000,433.0000,433.0000,1375,119625,
IGL_F2,04/05/2023,09:38:00,433.0000,433.0000,433.0000,433.0000,1375,119625,
IGL_F2,04/05/2023,09:39:00,431.9000,431.9000,431.0000,431.0000,2750,119625,
IGL_F2,04/05/2023,09:40:00,430.9000,430.9500,430.9000,430.9500,2750,119625,
IGL_F2,04/05/2023,09:43:00,432.9000,432.9000,432.9000,432.9000,1375,115500,
IGL_F2,04/05/2023,09:47:00,432.9500,432.9500,432.4000,432.4000,2750,118250,
IGL_F2,04/05/2023,09:48:00,432.5000,432.5000,432.5000,432.5000,1375,118250,
IGL_F2,04/05/2023,09:50:00,433.8500,433.8500,433.8500,433.8500,1375,118250,
IGL_F2,04/05/2023,09:51:00,434.1000,436.0000,434.1000,436.0000,11000,116875,
IGL_F2,04/05/2023,09:52:00,436.0000,436.0000,436.0000,436.0000,1375,116875,
IGL_F2,04/05/2023,09:55:00,436.6500,437.5000,436.6500,437.5000,2750,119625,
IGL_F2,04/05/2023,09:58:00,437.5000,437.5000,437.5000,437.5000,2750,121000,
IGL_F2,04/05/2023,10:03:00,439.2000,439.2000,439.2000,439.2000,1375,123750,
IGL_F2,04/05/2023,10:04:00,439.2000,440.0000,439.2000,440.0000,9625,123750,
IGL_F2,04/05/2023,10:06:00,440.1500,440.1500,440.1500,440.1500,1375,123750,
IGL_F2,04/05/2023,10:07:00,440.3000,440.3000,440.3000,440.3000,1375,118250,
IGL_F2,04/05/2023,10:08:00,440.3000,440.3000,440.3000,440.3000,1375,118250,
IGL_F2,04/05/2023,10:09:00,440.5000,440.5000,440.5000,440.5000,1375,118250,
IGL_F2,04/05/2023,10:10:00,441.3000,441.3000,441.3000,441.3000,1375,118250,
IGL_F2,04/05/2023,10:11:00,442.0000,442.0000,442.0000,442.0000,2750,116875,
IGL_F2,04/05/2023,10:14:00,442.0000,442.0000,442.0000,442.0000,1375,116875,
IGL_F2,04/05/2023,10:16:00,442.0000,442.0000,442.0000,442.0000,1375,116875,
IGL_F2,04/05/2023,10:17:00,442.5500,442.5500,442.5500,442.5500,1375,116875,
IGL_F2,04/05/2023,10:19:00,442.5500,442.5500,441.1500,441.1500,8250,115500,
IGL_F2,04/05/2023,10:25:00,441.8000,441.8000,441.8000,441.8000,1375,115500,
IGL_F2,04/05/2023,10:29:00,442.0000,442.0000,441.0000,441.0000,4125,114125,
IGL_F2,04/05/2023,10:30:00,440.9000,440.9000,440.9000,440.9000,1375,114125,
IGL_F2,04/05/2023,10:32:00,440.0000,440.0000,440.0000,440.0000,2750,115500,
IGL_F2,04/05/2023,10:36:00,440.7500,440.7500,440.7500,440.7500,1375,115500,
IGL_F2,04/05/2023,10:43:00,442.0000,442.0000,442.0000,442.0000,1375,116875,
IGL_F2,04/05/2023,10:46:00,442.8500,442.8500,442.8500,442.8500,5500,118250,
IGL_F2,04/05/2023,10:49:00,442.9500,442.9500,442.9500,442.9500,2750,118250,
IGL_F2,04/05/2023,10:50:00,442.3500,442.3500,442.3500,442.3500,1375,118250,
IGL_F2,04/05/2023,10:53:00,441.8000,441.8000,441.8000,441.8000,1375,118250,
IGL_F2,04/05/2023,10:54:00,441.6500,441.8000,441.6500,441.8000,2750,119625,
IGL_F2,04/05/2023,10:55:00,441.0000,441.6000,441.0000,441.6000,4125,119625,
IGL_F2,04/05/2023,10:59:00,441.0500,441.0500,440.7500,440.7500,5500,122375,
IGL_F2,04/05/2023,11:11:00,442.5000,442.5000,442.5000,442.5000,2750,125125,
IGL_F2,04/05/2023,11:14:00,442.0000,442.0000,442.0000,442.0000,1375,127875,
IGL_F2,04/05/2023,11:20:00,442.3500,442.3500,442.3500,442.3500,1375,129250,
IGL_F2,04/05/2023,11:23:00,441.0000,441.0000,441.0000,441.0000,1375,129250,
IGL_F2,04/05/2023,11:24:00,441.0000,441.0000,441.0000,441.0000,1375,130625,
IGL_F2,04/05/2023,11:29:00,441.4000,441.4000,441.4000,441.4000,1375,130625,
IGL_F2,04/05/2023,11:30:00,441.0500,441.0500,441.0500,441.0500,4125,132000,
IGL_F2,04/05/2023,11:51:00,440.1500,440.1500,440.1500,440.1500,1375,130625,
IGL_F2,04/05/2023,11:54:00,439.9500,440.3500,439.9500,440.3500,4125,130625,
IGL_F2,04/05/2023,12:01:00,441.3500,441.3500,441.3500,441.3500,1375,132000,
IGL_F2,04/05/2023,12:08:00,442.6500,442.6500,442.6500,442.6500,1375,132000,
IGL_F2,04/05/2023,12:10:00,442.9500,442.9500,442.9500,442.9500,1375,133375,
IGL_F2,04/05/2023,12:16:00,443.8000,443.8000,443.8000,443.8000,2750,134750,
IGL_F2,04/05/2023,12:19:00,443.8000,443.8000,443.8000,443.8000,1375,134750,
IGL_F2,04/05/2023,12:20:00,444.0000,444.0000,444.0000,444.0000,2750,134750,
IGL_F2,04/05/2023,12:22:00,444.0000,444.0000,444.0000,444.0000,1375,136125,
IGL_F2,04/05/2023,12:24:00,442.3500,442.3500,442.3500,442.3500,1375,137500,
IGL_F2,04/05/2023,12:56:00,444.1000,444.1000,444.1000,444.1000,1375,138875,
IGL_F2,04/05/2023,13:00:00,444.5000,444.5000,444.5000,444.5000,1375,138875,
IGL_F2,04/05/2023,13:01:00,444.5000,444.5000,444.5000,444.5000,1375,138875,
IGL_F2,04/05/2023,13:02:00,444.7000,444.7000,444.7000,444.7000,1375,138875,
IGL_F2,04/05/2023,13:07:00,444.7000,444.7000,444.7000,444.7000,1375,137500,
IGL_F2,04/05/2023,13:55:00,445.0000,445.0000,445.0000,445.0000,2750,137500,
IGL_F2,04/05/2023,14:01:00,445.0000,445.0000,445.0000,445.0000,4125,140250,
IGL_F2,04/05/2023,14:04:00,445.2500,445.2500,445.2500,445.2500,2750,140250,
IGL_F2,04/05/2023,14:05:00,445.2500,445.2500,445.2500,445.2500,1375,143000,
IGL_F2,04/05/2023,14:13:00,443.9500,443.9500,443.9500,443.9500,1375,143000,
IGL_F2,04/05/2023,14:24:00,444.0000,444.0000,444.0000,444.0000,1375,143000,
IGL_F2,04/05/2023,14:30:00,445.0500,445.0500,445.0500,445.0500,1375,143000,
IGL_F2,04/05/2023,14:33:00,444.9500,444.9500,444.9500,444.9500,1375,144375,
IGL_F2,04/05/2023,14:34:00,445.0000,445.0000,445.0000,445.0000,2750,144375,
IGL_F2,04/05/2023,14:35:00,445.0000,445.0000,445.0000,445.0000,4125,144375,
IGL_F2,04/05/2023,14:37:00,445.6000,445.6000,445.6000,445.6000,1375,144375,
IGL_F2,04/05/2023,14:45:00,445.7500,445.7500,445.7500,445.7500,1375,144375,
IGL_F2,04/05/2023,14:46:00,445.8000,445.8000,445.8000,445.8000,2750,144375,
IGL_F2,04/05/2023,14:48:00,445.8000,445.8000,445.8000,445.8000,1375,144375,
IGL_F2,04/05/2023,14:49:00,445.9000,445.9000,445.9000,445.9000,2750,144375,
IGL_F2,04/05/2023,14:52:00,446.0000,446.0000,446.0000,446.0000,1375,143000,
IGL_F2,04/05/2023,14:56:00,446.0000,446.0000,446.0000,446.0000,1375,144375,
IGL_F2,04/05/2023,14:57:00,446.7000,446.7000,446.7000,446.7000,2750,144375,
IGL_F2,04/05/2023,15:01:00,446.7000,446.7000,446.7000,446.7000,1375,145750,
IGL_F2,04/05/2023,15:02:00,446.5000,446.5000,446.5000,446.5000,1375,145750,
IGL_F2,04/05/2023,15:11:00,447.5000,447.5000,447.5000,447.5000,1375,145750,
IGL_F2,04/05/2023,15:13:00,447.5000,447.5000,447.5000,447.5000,1375,144375,
IGL_F2,04/05/2023,15:19:00,447.5000,447.5000,447.5000,447.5000,2750,144375,
IGL_F2,04/05/2023,15:28:00,447.0000,447.0000,447.0000,447.0000,1375,145750,
IGL_F2,04/05/2023,15:29:00,447.0500,447.4500,447.0500,447.4500,2750,145750,
IGL_F2,04/06/2023,09:15:00,445.0000,453.7000,445.0000,453.2000,11001,132000,
IGL_F2,04/06/2023,09:16:00,451.4500,451.6500,451.4500,451.6000,6875,132000,
IGL_F2,04/06/2023,09:17:00,451.6000,451.7500,451.6000,451.7500,4125,137500,
IGL_F2,04/06/2023,09:19:00,450.6500,450.6500,450.6500,450.6500,1375,137500,
IGL_F2,04/06/2023,09:20:00,450.7000,450.7000,450.7000,450.7000,2750,137500,
IGL_F2,04/06/2023,09:21:00,450.0000,450.0000,450.0000,450.0000,1375,133375,
IGL_F2,04/06/2023,09:22:00,450.0000,450.0000,450.0000,450.0000,5500,133375,
IGL_F2,04/06/2023,09:23:00,449.8000,449.8000,449.8000,449.8000,1375,133375,
IGL_F2,04/06/2023,09:28:00,449.8500,449.8500,449.8000,449.8000,2750,132000,
IGL_F2,04/06/2023,09:29:00,449.3000,449.4000,449.3000,449.4000,5500,136125,
IGL_F2,04/06/2023,09:30:00,449.0000,449.0000,449.0000,449.0000,1375,136125,
IGL_F2,04/06/2023,09:32:00,448.7000,448.7000,448.7000,448.7000,1375,136125,
IGL_F2,04/06/2023,09:38:00,450.7000,450.7000,450.7000,450.7000,4125,136125,
IGL_F2,04/06/2023,09:40:00,451.4500,451.4500,451.4500,451.4500,1375,134750,
IGL_F2,04/06/2023,09:45:00,450.5000,450.5000,450.5000,450.5000,1375,134750,
IGL_F2,04/06/2023,09:46:00,451.8000,451.8000,451.8000,451.8000,1375,134750,
IGL_F2,04/06/2023,09:50:00,452.9500,452.9500,452.9500,452.9500,2750,133375,
IGL_F2,04/06/2023,09:53:00,452.7500,452.7500,452.7500,452.7500,1375,133375,
IGL_F2,04/06/2023,09:57:00,452.7000,452.7000,452.7000,452.7000,1375,133375,
IGL_F2,04/06/2023,09:58:00,453.2000,453.2000,453.2000,453.2000,2750,133375,
IGL_F2,04/06/2023,09:59:00,453.2000,453.2000,453.2000,453.2000,1375,133375,
IGL_F2,04/06/2023,10:06:00,454.5000,454.5000,454.5000,454.5000,1375,134750,
IGL_F2,04/06/2023,10:11:00,454.5000,454.5000,454.5000,454.5000,1375,136125,
IGL_F2,04/06/2023,10:17:00,455.0000,455.0000,455.0000,455.0000,1375,136125,
IGL_F2,04/06/2023,10:26:00,455.1500,455.1500,455.1500,455.1500,1375,136125,
IGL_F2,04/06/2023,10:27:00,455.1500,455.1500,455.1500,455.1500,1375,136125,
IGL_F2,04/06/2023,10:48:00,454.0000,454.0000,454.0000,454.0000,1375,136125,
IGL_F2,04/06/2023,10:51:00,455.1500,455.1500,455.1500,455.1500,4125,134750,
IGL_F2,04/06/2023,11:21:00,455.7500,457.1000,455.7500,457.1000,2750,136125,
IGL_F2,04/06/2023,11:25:00,457.1000,457.1000,457.1000,457.1000,1375,136125,
IGL_F2,04/06/2023,11:35:00,453.4000,453.4000,453.4000,453.4000,1375,136125,
IGL_F2,04/06/2023,11:42:00,452.4000,452.4000,452.4000,452.4000,1375,137500,
IGL_F2,04/06/2023,12:02:00,456.8000,458.0000,456.8000,458.0000,4125,136125,
IGL_F2,04/06/2023,12:07:00,458.0000,458.0000,458.0000,458.0000,1375,138875,
IGL_F2,04/06/2023,12:15:00,458.1000,458.1000,458.1000,458.1000,1375,138875,
IGL_F2,04/06/2023,12:18:00,458.2500,458.2500,458.2500,458.2500,4125,140250,
IGL_F2,04/06/2023,12:20:00,459.7000,460.0000,459.7000,460.0000,9625,140250,
IGL_F2,04/06/2023,12:22:00,460.8500,460.8500,460.8500,460.8500,1375,145750,
IGL_F2,04/06/2023,12:23:00,461.2000,461.2000,461.2000,461.2000,4125,145750,
IGL_F2,04/06/2023,12:24:00,461.3000,461.8500,461.3000,461.8500,5500,145750,
IGL_F2,04/06/2023,12:25:00,462.5000,462.5000,462.5000,462.5000,1375,145750,
IGL_F2,04/06/2023,12:28:00,463.5500,463.5500,463.5500,463.5500,1375,147125,
IGL_F2,04/06/2023,12:29:00,463.5500,463.7000,463.5500,463.7000,4125,147125,
IGL_F2,04/06/2023,12:30:00,464.1500,464.1500,464.1500,464.1500,1375,144375,
IGL_F2,04/06/2023,12:33:00,464.3000,464.3000,464.3000,464.3000,1375,144375,
IGL_F2,04/06/2023,12:36:00,464.3000,464.3000,464.3000,464.3000,2750,143000,
IGL_F2,04/06/2023,12:39:00,464.6500,464.6500,464.6500,464.6500,2750,143000,
IGL_F2,04/06/2023,12:47:00,464.2000,464.2000,464.2000,464.2000,1375,144375,
IGL_F2,04/06/2023,12:56:00,466.0000,466.0000,466.0000,466.0000,1375,144375,
IGL_F2,04/06/2023,13:02:00,466.0000,466.0000,466.0000,466.0000,1375,145750,
IGL_F2,04/06/2023,13:07:00,464.9500,464.9500,464.9500,464.9500,1375,145750,
IGL_F2,04/06/2023,13:08:00,464.8500,464.8500,464.8500,464.8500,1375,145750,
IGL_F2,04/06/2023,13:16:00,465.0000,465.0000,465.0000,465.0000,1375,145750,
IGL_F2,04/06/2023,13:20:00,464.2500,464.2500,464.2500,464.2500,1375,147125,
IGL_F2,04/06/2023,13:24:00,464.6000,464.6000,464.6000,464.6000,1375,147125,
IGL_F2,04/06/2023,13:42:00,463.5000,463.5000,463.5000,463.5000,1375,147125,
IGL_F2,04/06/2023,13:56:00,463.6000,463.6000,463.6000,463.6000,1375,148500,
IGL_F2,04/06/2023,13:57:00,463.5000,463.5000,463.5000,463.5000,1375,149875,
IGL_F2,04/06/2023,13:59:00,463.3500,463.3500,463.3500,463.3500,1375,149875,
IGL_F2,04/06/2023,14:03:00,465.4000,465.4000,465.4000,465.4000,1375,148500,
IGL_F2,04/06/2023,14:06:00,465.2500,465.2500,465.2500,465.2500,1375,149875,
IGL_F2,04/06/2023,14:11:00,464.0500,464.0500,464.0500,464.0500,1375,148500,
IGL_F2,04/06/2023,14:20:00,464.0000,464.0000,464.0000,464.0000,1375,148500,
IGL_F2,04/06/2023,14:30:00,464.9000,464.9000,464.9000,464.9000,1375,148500,
IGL_F2,04/06/2023,14:42:00,466.4000,466.4000,466.4000,466.4000,1375,148500,
IGL_F2,04/06/2023,14:47:00,466.4000,466.4000,466.4000,466.4000,1375,147125,
IGL_F2,04/06/2023,15:04:00,464.2000,464.2000,464.2000,464.2000,1375,147125,
IGL_F2,04/06/2023,15:06:00,464.4000,464.6500,464.4000,464.6500,5500,147125,
IGL_F2,04/06/2023,15:17:00,466.0000,466.0000,466.0000,466.0000,1375,147125,
IGL_F2,04/06/2023,15:18:00,466.0000,466.0000,466.0000,466.0000,1375,147125,
IGL_F2,04/06/2023,15:20:00,465.7500,465.7500,465.5000,465.5000,4125,148500,
IGL_F2,04/06/2023,15:22:00,465.5000,465.5000,465.5000,465.5000,1375,149875,
IGL_F2,04/06/2023,15:24:00,465.8500,465.8500,465.8500,465.8500,1375,149875,
IGL_F2,04/06/2023,15:25:00,465.8500,465.8500,465.8500,465.8500,1375,151250,
IGL_F2,04/06/2023,15:26:00,465.9500,465.9500,465.2000,465.2000,4125,151250,
IGL_F2,04/06/2023,15:27:00,465.4500,465.4500,465.4500,465.4500,1375,151250,
IGL_F2,04/06/2023,15:28:00,465.4500,465.4500,465.4500,465.4500,8250,151250,
IGL_F2,04/06/2023,15:29:00,466.0000,466.5000,466.0000,466.5000,2750,151250,
IGL_F2,04/10/2023,09:15:00,469.8000,469.8000,466.9000,466.9000,19252,148500,
IGL_F2,04/10/2023,09:16:00,469.0000,469.0000,469.0000,469.0000,1375,148500,
IGL_F2,04/10/2023,09:17:00,468.4500,468.4500,467.8000,467.8000,9625,149875,
IGL_F2,04/10/2023,09:18:00,466.9000,466.9000,466.1500,466.1500,5500,149875,
IGL_F2,04/10/2023,09:19:00,466.1500,466.1500,466.1500,466.1500,2750,149875,
IGL_F2,04/10/2023,09:20:00,466.6500,466.6500,466.6500,466.6500,4125,149875,
IGL_F2,04/10/2023,09:21:00,467.9000,467.9000,467.7000,467.7000,9625,154000,
IGL_F2,04/10/2023,09:22:00,467.3000,467.3000,467.3000,467.3000,1375,154000,
IGL_F2,04/10/2023,09:23:00,468.5500,468.6000,468.5500,468.6000,4125,152625,
IGL_F2,04/10/2023,09:24:00,469.9000,469.9000,469.9000,469.9000,1375,152625,
IGL_F2,04/10/2023,09:25:00,470.1000,470.1000,468.5500,468.5500,5500,152625,
IGL_F2,04/10/2023,09:30:00,468.5500,468.5500,468.5500,468.5500,1375,149875,
IGL_F2,04/10/2023,09:31:00,468.5500,469.9000,468.5500,469.9000,4125,149875,
IGL_F2,04/10/2023,09:32:00,470.9500,471.0000,470.9500,471.0000,5500,149875,
IGL_F2,04/10/2023,09:33:00,473.7500,473.7500,473.7500,473.7500,1375,149875,
IGL_F2,04/10/2023,09:36:00,473.7500,474.0000,473.7500,474.0000,2750,151250,
IGL_F2,04/10/2023,09:37:00,475.2500,476.0000,475.2500,475.9500,6875,151250,
IGL_F2,04/10/2023,09:38:00,475.4500,475.8000,473.8000,473.8000,5500,148500,
IGL_F2,04/10/2023,09:39:00,473.2500,473.2500,473.2500,473.2500,1375,148500,
IGL_F2,04/10/2023,09:41:00,474.1000,474.1000,474.1000,474.1000,1375,149875,
IGL_F2,04/10/2023,09:43:00,473.9500,473.9500,473.9500,473.9500,1375,149875,
IGL_F2,04/10/2023,10:09:00,468.2500,468.2500,468.2500,468.2500,1375,149875,
IGL_F2,04/10/2023,10:12:00,468.1500,468.1500,468.1500,468.1500,1375,149875,
IGL_F2,04/10/2023,10:13:00,468.1000,468.1000,468.1000,468.1000,1375,149875,
IGL_F2,04/10/2023,10:17:00,468.3000,468.3000,468.1000,468.1000,6875,149875,
IGL_F2,04/10/2023,10:18:00,468.8000,468.8000,468.8000,468.8000,5500,154000,
IGL_F2,04/10/2023,10:19:00,468.1000,468.1000,468.1000,468.1000,1375,154000,
IGL_F2,04/10/2023,10:20:00,468.0500,468.0500,468.0500,468.0500,4125,154000,
IGL_F2,04/10/2023,10:22:00,468.8500,468.8500,468.8500,468.8500,1375,151250,
IGL_F2,04/10/2023,10:25:00,468.0000,468.0000,468.0000,468.0000,16500,151250,
IGL_F2,04/10/2023,10:39:00,467.1000,467.1000,466.1500,466.1500,6875,160875,
IGL_F2,04/10/2023,10:42:00,466.1500,466.1500,466.1500,466.1500,1375,160875,
IGL_F2,04/10/2023,10:44:00,466.4000,466.4000,466.4000,466.4000,1375,162250,
IGL_F2,04/10/2023,10:48:00,466.0000,466.0000,466.0000,466.0000,2750,163625,
IGL_F2,04/10/2023,10:51:00,466.0000,466.0000,466.0000,466.0000,1375,165000,
IGL_F2,04/10/2023,10:52:00,466.0000,466.0000,466.0000,466.0000,1375,165000,
IGL_F2,04/10/2023,10:53:00,465.7500,465.7500,465.0500,465.0500,6875,165000,
IGL_F2,04/10/2023,10:56:00,466.5500,466.5500,466.5500,466.5500,1375,167750,
IGL_F2,04/10/2023,10:58:00,467.3500,467.3500,467.3500,467.3500,4125,167750,
IGL_F2,04/10/2023,11:02:00,466.1000,466.1000,466.1000,466.1000,2750,166375,
IGL_F2,04/10/2023,11:03:00,466.0000,466.0000,466.0000,466.0000,1375,166375,
IGL_F2,04/10/2023,11:13:00,466.0000,466.0000,466.0000,466.0000,1375,167750,
IGL_F2,04/10/2023,11:15:00,464.4500,464.4500,464.3500,464.3500,5500,166375,
IGL_F2,04/10/2023,11:16:00,464.0500,464.0500,464.0500,464.0500,4125,166375,
IGL_F2,04/10/2023,11:17:00,463.7500,463.7500,463.7500,463.7500,1375,166375,
IGL_F2,04/10/2023,11:18:00,463.0500,463.0500,463.0500,463.0500,2750,169125,
IGL_F2,04/10/2023,11:19:00,463.0500,463.0500,463.0500,463.0500,1375,169125,
IGL_F2,04/10/2023,11:22:00,464.2000,464.2000,464.2000,464.2000,2750,169125,
IGL_F2,04/10/2023,11:24:00,463.5500,463.5500,463.5500,463.5500,1375,169125,
IGL_F2,04/10/2023,11:39:00,463.2000,463.2000,463.1500,463.1500,2750,170500,
IGL_F2,04/10/2023,11:45:00,463.0500,463.0500,463.0500,463.0500,1375,170500,
IGL_F2,04/10/2023,11:49:00,463.4500,463.4500,463.4500,463.4500,1375,170500,
IGL_F2,04/10/2023,11:50:00,463.2000,463.2000,463.2000,463.2000,1375,170500,
IGL_F2,04/10/2023,11:51:00,463.4500,463.4500,463.4500,463.4500,1375,171875,
IGL_F2,04/10/2023,11:54:00,463.0000,463.0000,463.0000,463.0000,2750,171875,
IGL_F2,04/10/2023,12:01:00,462.9500,462.9500,461.0000,461.0000,12375,170500,
IGL_F2,04/10/2023,12:02:00,462.0000,462.0000,462.0000,462.0000,1375,170500,
IGL_F2,04/10/2023,12:03:00,462.8500,462.8500,462.8500,462.8500,1375,176000,
IGL_F2,04/10/2023,12:08:00,462.6000,462.6000,462.6000,462.6000,1375,176000,
IGL_F2,04/10/2023,12:18:00,463.5000,463.5000,463.5000,463.5000,2750,176000,
IGL_F2,04/10/2023,12:19:00,463.5000,463.5000,463.5000,463.5000,1375,176000,
IGL_F2,04/10/2023,12:29:00,464.5500,464.5500,464.5500,464.5500,1375,174625,
IGL_F2,04/10/2023,12:33:00,465.3500,465.3500,465.3500,465.3500,4125,173250,
IGL_F2,04/10/2023,12:37:00,466.2000,466.2000,466.2000,466.2000,1375,177375,
IGL_F2,04/10/2023,12:38:00,467.0000,467.0000,467.0000,467.0000,1375,177375,
IGL_F2,04/10/2023,12:47:00,466.0000,466.0000,466.0000,466.0000,1375,178750,
IGL_F2,04/10/2023,12:52:00,465.9500,465.9500,465.9500,465.9500,1375,180125,
IGL_F2,04/10/2023,13:01:00,467.0000,467.0000,467.0000,467.0000,1375,180125,
IGL_F2,04/10/2023,13:02:00,467.4000,467.4000,467.4000,467.4000,13750,180125,
IGL_F2,04/10/2023,13:05:00,467.1500,467.1500,467.1500,467.1500,1375,167750,
IGL_F2,04/10/2023,13:06:00,466.9500,466.9500,466.9500,466.9500,1375,169125,
IGL_F2,04/10/2023,13:22:00,467.5000,467.5000,467.5000,467.5000,1375,169125,
IGL_F2,04/10/2023,13:28:00,467.7500,468.0000,467.7500,468.0000,2750,169125,
IGL_F2,04/10/2023,13:29:00,468.0000,468.0000,468.0000,468.0000,1375,169125,
IGL_F2,04/10/2023,13:31:00,468.2500,468.2500,468.2500,468.2500,1375,170500,
IGL_F2,04/10/2023,13:32:00,468.5500,468.5500,468.5500,468.5500,1375,170500,
IGL_F2,04/10/2023,13:40:00,468.7500,468.7500,468.7500,468.7500,1375,171875,
IGL_F2,04/10/2023,13:47:00,469.0000,469.0000,469.0000,469.0000,1375,171875,
IGL_F2,04/10/2023,13:48:00,469.5000,469.9000,469.5000,469.9000,9625,170500,
IGL_F2,04/10/2023,13:49:00,469.9000,469.9000,469.9000,469.9000,8250,170500,
IGL_F2,04/10/2023,13:50:00,469.9000,469.9000,469.9000,469.9000,1375,170500,
IGL_F2,04/10/2023,13:51:00,470.0000,470.0000,470.0000,470.0000,1375,167750,
IGL_F2,04/10/2023,13:52:00,470.4000,471.0000,470.4000,471.0000,5500,167750,
IGL_F2,04/10/2023,13:53:00,470.8000,471.0000,470.8000,471.0000,5500,167750,
IGL_F2,04/10/2023,13:55:00,471.0500,471.0500,471.0500,471.0500,2750,166375,
IGL_F2,04/10/2023,13:58:00,471.6000,471.6000,471.6000,471.6000,2750,167750,
IGL_F2,04/10/2023,14:00:00,472.0000,472.0000,472.0000,472.0000,1375,166375,
IGL_F2,04/10/2023,14:01:00,472.0000,472.0000,472.0000,472.0000,2750,166375,
IGL_F2,04/10/2023,14:09:00,472.0500,472.0500,472.0500,472.0500,1375,169125,
IGL_F2,04/10/2023,14:13:00,471.1500,471.1500,471.1500,471.1500,1375,169125,
IGL_F2,04/10/2023,14:14:00,471.3000,471.3000,471.3000,471.3000,1375,169125,
IGL_F2,04/10/2023,14:15:00,471.2000,471.2000,471.2000,471.2000,1375,169125,
IGL_F2,04/10/2023,14:21:00,471.0000,471.5000,471.0000,471.5000,2750,169125,
IGL_F2,04/10/2023,14:34:00,472.0000,472.0000,472.0000,472.0000,1375,169125,
IGL_F2,04/10/2023,14:35:00,472.3500,472.3500,472.3500,472.3500,4125,169125,
IGL_F2,04/10/2023,14:46:00,471.8000,471.8000,471.8000,471.8000,1375,169125,
IGL_F2,04/10/2023,14:48:00,471.7500,471.7500,471.7500,471.7500,1375,169125,
IGL_F2,04/10/2023,14:54:00,471.8000,471.8000,471.8000,471.8000,1375,169125,
IGL_F2,04/10/2023,15:01:00,471.8000,471.8000,471.8000,471.8000,1375,169125,
IGL_F2,04/10/2023,15:03:00,471.9000,471.9000,471.9000,471.9000,2750,169125,
IGL_F2,04/10/2023,15:07:00,472.4000,472.4000,472.4000,472.4000,1375,166375,
IGL_F2,04/10/2023,15:17:00,472.0500,472.0500,472.0500,472.0500,1375,165000,
IGL_F2,04/10/2023,15:22:00,472.2000,472.2000,472.2000,472.2000,1375,163625,
IGL_F2,04/10/2023,15:25:00,472.3000,472.3000,472.3000,472.3000,2750,163625,
IGL_F2,04/10/2023,15:26:00,472.5500,472.5500,472.5500,472.5500,2750,163625,
IGL_F2,04/10/2023,15:27:00,471.8000,471.8000,471.8000,471.8000,1375,167750,
IGL_F2,04/10/2023,15:29:00,471.8000,471.8000,471.8000,471.8000,2750,167750,
IGL_F2,04/11/2023,09:15:00,473.0000,473.0000,473.0000,473.0000,1376,165000,
IGL_F2,04/11/2023,09:17:00,474.1500,474.1500,474.1500,474.1500,1375,165000,
IGL_F2,04/11/2023,09:18:00,474.1500,474.1500,472.7500,472.7500,4125,165000,
IGL_F2,04/11/2023,09:23:00,472.7500,472.7500,472.7500,472.7500,1375,166375,
IGL_F2,04/11/2023,09:24:00,474.1500,474.1500,474.1500,474.1500,1375,166375,
IGL_F2,04/11/2023,09:29:00,472.6000,472.6000,472.6000,472.6000,1375,166375,
IGL_F2,04/11/2023,09:32:00,472.6000,472.6000,472.6000,472.6000,1375,166375,
IGL_F2,04/11/2023,09:35:00,475.6500,475.6500,475.6500,475.6500,1375,169125,
IGL_F2,04/11/2023,09:38:00,475.6500,475.6500,475.6500,475.6500,1375,169125,
IGL_F2,04/11/2023,09:45:00,475.8000,475.8000,475.8000,475.8000,1375,169125,
IGL_F2,04/11/2023,09:47:00,475.8000,475.8000,475.8000,475.8000,1375,169125,
IGL_F2,04/11/2023,09:49:00,474.9500,474.9500,474.9500,474.9500,1375,169125,
IGL_F2,04/11/2023,09:50:00,475.5000,475.5500,475.5000,475.5500,2750,169125,
IGL_F2,04/11/2023,09:52:00,475.0500,475.0500,475.0500,475.0500,2750,169125,
IGL_F2,04/11/2023,09:56:00,473.8000,473.8000,473.8000,473.8000,2750,169125,
IGL_F2,04/11/2023,10:06:00,472.7000,472.7000,472.7000,472.7000,1375,167750,
IGL_F2,04/11/2023,10:13:00,471.4500,471.4500,471.4500,471.4500,1375,166375,
IGL_F2,04/11/2023,10:16:00,471.4500,471.4500,471.4500,471.4500,1375,166375,
IGL_F2,04/11/2023,10:17:00,471.2500,471.2500,471.2500,471.2500,4125,166375,
IGL_F2,04/11/2023,10:22:00,473.0000,473.0000,473.0000,473.0000,1375,163625,
IGL_F2,04/11/2023,10:26:00,473.2000,473.2000,473.2000,473.2000,9625,163625,
IGL_F2,04/11/2023,10:38:00,472.5000,472.5000,472.5000,472.5000,1375,163625,
IGL_F2,04/11/2023,10:39:00,471.9500,471.9500,471.9500,471.9500,4125,163625,
IGL_F2,04/11/2023,10:50:00,471.5000,471.5000,471.5000,471.5000,1375,165000,
IGL_F2,04/11/2023,10:52:00,472.8000,472.8000,472.8000,472.8000,2750,165000,
IGL_F2,04/11/2023,10:53:00,472.8000,472.8000,472.8000,472.8000,1375,165000,
IGL_F2,04/11/2023,10:56:00,471.5000,471.5000,471.5000,471.5000,1375,165000,
IGL_F2,04/11/2023,11:03:00,471.9000,471.9000,471.9000,471.9000,1375,165000,
IGL_F2,04/11/2023,11:09:00,471.9000,471.9000,471.9000,471.9000,1375,163625,
IGL_F2,04/11/2023,11:11:00,471.8500,471.8500,471.8500,471.8500,1375,163625,
IGL_F2,04/11/2023,11:14:00,472.0000,472.0000,472.0000,472.0000,2750,163625,
IGL_F2,04/11/2023,11:24:00,471.3500,471.3500,471.3500,471.3500,1375,163625,
IGL_F2,04/11/2023,11:30:00,471.3000,471.3000,471.3000,471.3000,1375,163625,
IGL_F2,04/11/2023,11:38:00,471.3000,471.3000,471.3000,471.3000,1375,163625,
IGL_F2,04/11/2023,11:46:00,470.3000,470.3000,470.3000,470.3000,4125,163625,
IGL_F2,04/11/2023,11:50:00,470.0500,470.0500,470.0500,470.0500,2750,163625,
IGL_F2,04/11/2023,11:59:00,468.9000,468.9000,468.9000,468.9000,2750,163625,
IGL_F2,04/11/2023,12:00:00,468.3500,468.3500,468.3500,468.3500,1375,163625,
IGL_F2,04/11/2023,12:11:00,468.3500,468.3500,468.3500,468.3500,1375,163625,
IGL_F2,04/11/2023,12:13:00,469.0000,469.0000,468.9500,468.9500,2750,163625,
IGL_F2,04/11/2023,12:19:00,468.3500,468.3500,468.3500,468.3500,1375,160875,
IGL_F2,04/11/2023,12:20:00,468.0000,468.0000,468.0000,468.0000,5500,160875,
IGL_F2,04/11/2023,12:26:00,467.4000,467.4000,467.4000,467.4000,1375,162250,
IGL_F2,04/11/2023,12:28:00,467.4000,467.4000,467.4000,467.4000,1375,162250,
IGL_F2,04/11/2023,12:33:00,469.5000,469.5000,469.5000,469.5000,1375,160875,
IGL_F2,04/11/2023,12:36:00,469.5000,469.5000,469.5000,469.5000,1375,162250,
IGL_F2,04/11/2023,12:37:00,469.8000,469.8000,469.8000,469.8000,1375,162250,
IGL_F2,04/11/2023,12:44:00,471.2500,471.7000,471.2500,471.7000,4125,163625,
IGL_F2,04/11/2023,12:52:00,471.6500,471.6500,471.6500,471.6500,1375,163625,
IGL_F2,04/11/2023,13:10:00,471.7500,471.7500,471.7500,471.7500,1375,165000,
IGL_F2,04/11/2023,13:14:00,471.8000,471.8000,471.8000,471.8000,1375,163625,
IGL_F2,04/11/2023,13:17:00,472.2000,472.2000,472.2000,472.2000,1375,165000,
IGL_F2,04/11/2023,13:27:00,472.4500,472.4500,472.4500,472.4500,5500,166375,
IGL_F2,04/11/2023,13:28:00,472.9500,472.9500,472.9500,472.9500,2750,166375,
IGL_F2,04/11/2023,13:34:00,473.5000,473.5000,473.5000,473.5000,1375,169125,
IGL_F2,04/11/2023,13:36:00,474.0000,474.0000,474.0000,474.0000,1375,167750,
IGL_F2,04/11/2023,13:39:00,473.5500,473.5500,473.5500,473.5500,1375,169125,
IGL_F2,04/11/2023,13:40:00,473.4000,473.4000,473.0000,473.0000,4125,169125,
IGL_F2,04/11/2023,14:11:00,470.9500,470.9500,470.9500,470.9500,1375,170500,
IGL_F2,04/11/2023,14:28:00,470.2500,470.2500,470.2500,470.2500,1375,170500,
IGL_F2,04/11/2023,14:29:00,469.9500,469.9500,469.9500,469.9500,1375,170500,
IGL_F2,04/11/2023,14:41:00,469.4000,469.4000,469.4000,469.4000,2750,169125,
IGL_F2,04/11/2023,15:02:00,470.3500,470.3500,470.3500,470.3500,1375,167750,
IGL_F2,04/11/2023,15:04:00,470.4000,470.4000,470.4000,470.4000,1375,167750,
IGL_F2,04/11/2023,15:05:00,470.7000,470.7000,470.7000,470.7000,1375,167750,
IGL_F2,04/11/2023,15:06:00,471.0000,471.0000,471.0000,471.0000,1375,167750,
IGL_F2,04/11/2023,15:24:00,471.7500,471.7500,471.7500,471.7500,1375,166375,
IGL_F2,04/11/2023,15:28:00,471.4500,471.4500,471.4500,471.4500,1375,166375,
IGL_F2,04/11/2023,15:29:00,472.0000,472.0000,472.0000,472.0000,1375,166375,
IGL_F2,04/12/2023,09:16:00,473.0000,473.7500,473.0000,473.7500,2751,166375,
IGL_F2,04/12/2023,09:17:00,474.0000,474.0000,474.0000,474.0000,1375,166375,
IGL_F2,04/12/2023,09:18:00,475.2000,475.2000,475.2000,475.2000,2750,167750,
IGL_F2,04/12/2023,09:19:00,475.9000,476.0000,475.9000,476.0000,13750,167750,
IGL_F2,04/12/2023,09:20:00,476.8000,476.8000,476.8000,476.8000,2750,167750,
IGL_F2,04/12/2023,09:21:00,476.8000,476.8000,476.8000,476.8000,1375,167750,
IGL_F2,04/12/2023,09:22:00,476.8000,476.8000,476.7500,476.7500,2750,167750,
IGL_F2,04/12/2023,09:23:00,475.0000,475.0000,475.0000,475.0000,5500,167750,
IGL_F2,04/12/2023,09:25:00,474.3000,474.3000,474.3000,474.3000,2750,167750,
IGL_F2,04/12/2023,09:26:00,474.0000,474.0000,474.0000,474.0000,1375,167750,
IGL_F2,04/12/2023,09:27:00,476.3000,476.3000,476.3000,476.3000,1375,169125,
IGL_F2,04/12/2023,09:28:00,476.0500,476.0500,476.0500,476.0500,2750,169125,
IGL_F2,04/12/2023,09:31:00,475.1000,475.1000,475.1000,475.1000,2750,169125,
IGL_F2,04/12/2023,09:33:00,475.9000,475.9000,475.9000,475.9000,4125,170500,
IGL_F2,04/12/2023,09:37:00,477.0000,477.0000,477.0000,477.0000,1375,169125,
IGL_F2,04/12/2023,09:42:00,477.2500,477.5500,477.2500,477.5500,4125,169125,
IGL_F2,04/12/2023,09:43:00,477.5500,477.5500,477.0000,477.0000,2750,169125,
IGL_F2,04/12/2023,09:49:00,478.1000,478.1000,478.1000,478.1000,5500,169125,
IGL_F2,04/12/2023,09:50:00,478.1000,478.1000,478.1000,478.1000,1375,174625,
IGL_F2,04/12/2023,09:51:00,476.5500,476.5500,476.5500,476.5500,1375,174625,
IGL_F2,04/12/2023,09:57:00,476.7000,476.7000,476.7000,476.7000,1375,176000,
IGL_F2,04/12/2023,10:00:00,477.5000,478.5000,477.5000,478.5000,5500,176000,
IGL_F2,04/12/2023,10:01:00,478.6000,478.6000,478.6000,478.6000,1375,176000,
IGL_F2,04/12/2023,10:03:00,479.0000,479.0000,477.8500,477.8500,13750,180125,
IGL_F2,04/12/2023,10:07:00,478.4000,478.4000,478.4000,478.4000,1375,181500,
IGL_F2,04/12/2023,10:16:00,478.9000,478.9000,478.9000,478.9000,1375,181500,
IGL_F2,04/12/2023,10:17:00,479.3000,479.3000,479.3000,479.3000,2750,181500,
IGL_F2,04/12/2023,10:18:00,479.3000,479.3000,479.3000,479.3000,2750,184250,
IGL_F2,04/12/2023,10:24:00,479.1000,479.1000,479.1000,479.1000,4125,185625,
IGL_F2,04/12/2023,10:25:00,479.6000,479.6000,479.6000,479.6000,4125,185625,
IGL_F2,04/12/2023,10:29:00,480.0000,480.0000,480.0000,480.0000,4125,187000,
IGL_F2,04/12/2023,10:31:00,480.0000,480.0000,480.0000,480.0000,1375,187000,
IGL_F2,04/12/2023,10:33:00,480.0000,480.0000,480.0000,480.0000,1375,185625,
IGL_F2,04/12/2023,10:34:00,480.0000,480.0000,480.0000,480.0000,2750,185625,
IGL_F2,04/12/2023,10:37:00,479.0000,479.0000,479.0000,479.0000,1375,188375,
IGL_F2,04/12/2023,10:38:00,479.0000,479.0000,479.0000,479.0000,2750,188375,
IGL_F2,04/12/2023,10:41:00,478.2500,478.2500,478.2500,478.2500,1375,188375,
IGL_F2,04/12/2023,10:42:00,478.2000,478.2000,478.2000,478.2000,1375,188375,
IGL_F2,04/12/2023,10:43:00,478.2000,478.2000,478.2000,478.2000,1375,188375,
IGL_F2,04/12/2023,10:45:00,479.0000,479.0000,479.0000,479.0000,1375,189750,
IGL_F2,04/12/2023,10:51:00,478.1000,478.1000,478.1000,478.1000,2750,191125,
IGL_F2,04/12/2023,10:52:00,479.5500,479.5500,479.5500,479.5500,1375,191125,
IGL_F2,04/12/2023,10:57:00,479.7000,479.7000,479.7000,479.7000,1375,193875,
IGL_F2,04/12/2023,10:58:00,479.7500,479.7500,479.7500,479.7500,1375,193875,
IGL_F2,04/12/2023,11:05:00,479.6000,479.6000,479.6000,479.6000,1375,192500,
IGL_F2,04/12/2023,11:14:00,480.0000,480.0000,480.0000,480.0000,4125,192500,
IGL_F2,04/12/2023,11:16:00,480.5000,480.5000,480.5000,480.5000,5500,192500,
IGL_F2,04/12/2023,11:23:00,479.3500,479.3500,479.3500,479.3500,6875,192500,
IGL_F2,04/12/2023,11:27:00,480.6000,480.6000,480.1000,480.1000,5500,188375,
IGL_F2,04/12/2023,11:28:00,480.1000,480.1000,480.1000,480.1000,1375,188375,
IGL_F2,04/12/2023,11:30:00,481.3500,483.2000,481.3500,483.2000,15125,191125,
IGL_F2,04/12/2023,11:32:00,483.3500,483.3500,483.3500,483.3500,2750,191125,
IGL_F2,04/12/2023,11:33:00,483.3500,483.3500,483.3500,483.3500,1375,193875,
IGL_F2,04/12/2023,11:34:00,483.5000,483.5000,483.5000,483.5000,1375,193875,
IGL_F2,04/12/2023,11:36:00,483.5000,483.5000,483.5000,483.5000,6875,193875,
IGL_F2,04/12/2023,11:37:00,483.9500,484.6000,483.9500,484.6000,11000,193875,
IGL_F2,04/12/2023,11:38:00,484.0000,484.4000,484.0000,484.4000,12375,193875,
IGL_F2,04/12/2023,11:39:00,484.5000,485.2000,484.5000,485.2000,9625,195250,
IGL_F2,04/12/2023,11:40:00,485.2000,485.7500,485.2000,485.7500,5500,195250,
IGL_F2,04/12/2023,11:41:00,485.3500,485.3500,485.3500,485.3500,1375,195250,
IGL_F2,04/12/2023,11:43:00,485.9500,485.9500,485.9500,485.9500,1375,195250,
IGL_F2,04/12/2023,11:44:00,485.9500,485.9500,485.6000,485.6000,2750,195250,
IGL_F2,04/12/2023,11:46:00,485.2000,485.2000,485.2000,485.2000,1375,198000,
IGL_F2,04/12/2023,11:49:00,485.0000,485.0000,485.0000,485.0000,4125,196625,
IGL_F2,04/12/2023,11:51:00,485.0000,485.0000,485.0000,485.0000,1375,193875,
IGL_F2,04/12/2023,11:54:00,485.7500,486.0000,485.7500,486.0000,5500,195250,
IGL_F2,04/12/2023,11:56:00,486.4000,486.4000,486.4000,486.4000,2750,195250,
IGL_F2,04/12/2023,12:02:00,486.4000,486.4000,485.7500,485.7500,4125,202125,
IGL_F2,04/12/2023,12:04:00,486.8000,486.8000,486.8000,486.8000,2750,202125,
IGL_F2,04/12/2023,12:09:00,487.1500,487.1500,487.1500,487.1500,2750,204875,
IGL_F2,04/12/2023,12:14:00,487.5000,487.5000,487.5000,487.5000,1375,206250,
IGL_F2,04/12/2023,12:17:00,487.5000,487.5000,487.5000,487.5000,1375,206250,
IGL_F2,04/12/2023,12:18:00,487.0000,487.0000,487.0000,487.0000,1375,206250,
IGL_F2,04/12/2023,12:20:00,487.0500,487.0500,487.0500,487.0500,1375,206250,
IGL_F2,04/12/2023,12:21:00,487.0500,487.0500,487.0500,487.0500,2750,207625,
IGL_F2,04/12/2023,12:24:00,487.0500,487.0500,487.0500,487.0500,1375,207625,
IGL_F2,04/12/2023,12:26:00,487.3000,487.3000,487.3000,487.3000,1375,207625,
IGL_F2,04/12/2023,12:27:00,486.7500,486.7500,486.7500,486.7500,1375,209000,
IGL_F2,04/12/2023,12:29:00,486.7000,486.7000,486.7000,486.7000,1375,209000,
IGL_F2,04/12/2023,12:30:00,487.0000,487.0000,487.0000,487.0000,1375,210375,
IGL_F2,04/12/2023,12:33:00,487.1000,487.1000,487.1000,487.1000,1375,211750,
IGL_F2,04/12/2023,12:37:00,487.3000,487.3000,487.3000,487.3000,1375,211750,
IGL_F2,04/12/2023,12:42:00,486.9500,486.9500,486.9500,486.9500,2750,213125,
IGL_F2,04/12/2023,12:43:00,486.9000,486.9000,486.9000,486.9000,2750,213125,
IGL_F2,04/12/2023,12:45:00,486.9000,486.9000,486.9000,486.9000,2750,217250,
IGL_F2,04/12/2023,12:46:00,487.2500,487.2500,487.2500,487.2500,2750,217250,
IGL_F2,04/12/2023,12:47:00,487.7000,487.7000,487.7000,487.7000,1375,217250,
IGL_F2,04/12/2023,12:48:00,488.3000,488.3000,488.3000,488.3000,9625,222750,
IGL_F2,04/12/2023,12:49:00,488.0000,488.0000,487.8000,487.8000,2750,222750,
IGL_F2,04/12/2023,12:50:00,488.0000,488.0000,488.0000,488.0000,2750,222750,
IGL_F2,04/12/2023,12:51:00,488.2000,488.2000,488.2000,488.2000,2750,222750,
IGL_F2,04/12/2023,12:52:00,487.0000,487.0000,487.0000,487.0000,4125,229625,
IGL_F2,04/12/2023,12:55:00,486.6000,486.6000,486.3000,486.3000,4125,229625,
IGL_F2,04/12/2023,12:56:00,486.0000,486.0000,485.8000,485.8000,5500,229625,
IGL_F2,04/12/2023,12:57:00,485.8000,485.8000,485.8000,485.8000,1375,229625,
IGL_F2,04/12/2023,12:59:00,485.2500,485.2500,485.2500,485.2500,2750,229625,
IGL_F2,04/12/2023,13:00:00,485.5000,485.5000,485.5000,485.5000,1375,231000,
IGL_F2,04/12/2023,13:09:00,486.5500,486.5500,486.5500,486.5500,2750,232375,
IGL_F2,04/12/2023,13:11:00,486.8000,486.8000,486.8000,486.8000,1375,232375,
IGL_F2,04/12/2023,13:17:00,487.0000,487.0000,487.0000,487.0000,2750,232375,
IGL_F2,04/12/2023,13:19:00,487.0000,487.0000,487.0000,487.0000,1375,232375,
IGL_F2,04/12/2023,13:24:00,487.6000,487.6000,487.6000,487.6000,1375,233750,
IGL_F2,04/12/2023,13:28:00,487.0000,487.0000,487.0000,487.0000,5500,233750,
IGL_F2,04/12/2023,13:29:00,487.0000,487.0000,487.0000,487.0000,2750,233750,
IGL_F2,04/12/2023,13:31:00,486.8500,486.8500,486.8500,486.8500,1375,233750,
IGL_F2,04/12/2023,13:34:00,486.8500,486.8500,486.8500,486.8500,1375,235125,
IGL_F2,04/12/2023,13:35:00,486.8500,486.8500,486.8500,486.8500,1375,235125,
IGL_F2,04/12/2023,13:41:00,486.8500,486.8500,486.8500,486.8500,1375,237875,
IGL_F2,04/12/2023,13:44:00,486.4500,486.4500,486.4500,486.4500,4125,237875,
IGL_F2,04/12/2023,13:47:00,486.9500,486.9500,486.9500,486.9500,1375,236500,
IGL_F2,04/12/2023,13:49:00,486.9500,486.9500,486.9500,486.9500,1375,236500,
IGL_F2,04/12/2023,13:52:00,487.1000,487.1000,487.1000,487.1000,2750,237875,
IGL_F2,04/12/2023,13:59:00,487.5000,487.5000,487.5000,487.5000,1375,239250,
IGL_F2,04/12/2023,14:01:00,487.5000,487.5000,487.5000,487.5000,1375,240625,
IGL_F2,04/12/2023,14:02:00,487.5000,487.5000,487.5000,487.5000,1375,240625,
IGL_F2,04/12/2023,14:08:00,487.5000,487.5000,487.5000,487.5000,1375,243375,
IGL_F2,04/12/2023,14:12:00,487.0000,487.0000,487.0000,487.0000,1375,243375,
IGL_F2,04/12/2023,14:18:00,485.5000,485.5000,485.5000,485.5000,4125,242000,
IGL_F2,04/12/2023,14:24:00,486.1000,486.1000,486.1000,486.1000,1375,242000,
IGL_F2,04/12/2023,14:26:00,485.9000,485.9000,485.9000,485.9000,2750,242000,
IGL_F2,04/12/2023,14:35:00,485.6000,485.6000,485.6000,485.6000,1375,243375,
IGL_F2,04/12/2023,14:36:00,486.2000,486.2000,486.2000,486.2000,8250,242000,
IGL_F2,04/12/2023,14:41:00,487.1500,487.1500,487.1000,487.1000,8250,240625,
IGL_F2,04/12/2023,14:42:00,487.1000,487.1000,487.1000,487.1000,1375,240625,
IGL_F2,04/12/2023,14:43:00,487.8500,487.8500,487.8500,487.8500,1375,244750,
IGL_F2,04/12/2023,14:53:00,487.0000,487.0000,487.0000,487.0000,6875,246125,
IGL_F2,04/12/2023,14:57:00,486.4500,486.4500,486.4500,486.4500,1375,246125,
IGL_F2,04/12/2023,14:59:00,487.1500,487.1500,487.1500,487.1500,4125,246125,
IGL_F2,04/12/2023,15:02:00,487.1500,487.1500,487.1500,487.1500,4125,247500,
IGL_F2,04/12/2023,15:03:00,487.1500,487.1500,487.1500,487.1500,1375,248875,
IGL_F2,04/12/2023,15:10:00,487.7500,487.7500,487.7500,487.7500,1375,248875,
IGL_F2,04/12/2023,15:11:00,487.7500,487.7500,487.6500,487.6500,4125,248875,
IGL_F2,04/12/2023,15:12:00,487.6500,487.6500,487.6500,487.6500,8250,248875,
IGL_F2,04/12/2023,15:14:00,487.3500,487.3500,487.3500,487.3500,8250,255750,
IGL_F2,04/12/2023,15:17:00,486.9500,486.9500,486.9500,486.9500,1375,259875,
IGL_F2,04/12/2023,15:20:00,487.2000,487.2000,487.2000,487.2000,2750,259875,
IGL_F2,04/12/2023,15:21:00,487.2000,487.2000,487.2000,487.2000,2750,259875,
IGL_F2,04/12/2023,15:24:00,487.6000,487.6000,487.6000,487.6000,1375,261250,
IGL_F2,04/12/2023,15:25:00,486.7000,487.1500,486.7000,487.1500,5500,261250,
IGL_F2,04/12/2023,15:27:00,487.1500,487.1500,487.1500,487.1500,1375,262625,
IGL_F2,04/12/2023,15:29:00,487.2500,487.2500,486.0500,486.2500,17875,262625,
IGL_F2,04/13/2023,09:15:00,485.5000,485.5000,485.3500,485.3500,2751,257125,
IGL_F2,04/13/2023,09:18:00,485.3500,485.3500,485.3500,485.3500,2750,255750,
IGL_F2,04/13/2023,09:22:00,485.1000,485.1000,485.1000,485.1000,1375,257125,
IGL_F2,04/13/2023,09:27:00,485.1000,485.1000,485.1000,485.1000,1375,258500,
IGL_F2,04/13/2023,09:37:00,486.8500,486.8500,486.8500,486.8500,2750,257125,
IGL_F2,04/13/2023,09:41:00,485.0000,485.0000,485.0000,485.0000,1375,257125,
IGL_F2,04/13/2023,09:42:00,485.0000,485.0000,485.0000,485.0000,1375,258500,
IGL_F2,04/13/2023,10:01:00,486.6500,486.6500,486.6500,486.6500,1375,257125,
IGL_F2,04/13/2023,10:02:00,486.5500,486.5500,486.5500,486.5500,1375,257125,
IGL_F2,04/13/2023,10:04:00,486.6500,486.6500,486.6500,486.6500,1375,255750,
IGL_F2,04/13/2023,10:09:00,486.7500,486.7500,486.7500,486.7500,1375,257125,
IGL_F2,04/13/2023,10:17:00,487.0000,487.0000,487.0000,487.0000,1375,257125,
IGL_F2,04/13/2023,10:21:00,487.0000,487.0000,487.0000,487.0000,1375,257125,
IGL_F2,04/13/2023,10:22:00,485.5500,485.5500,485.5500,485.5500,1375,257125,
IGL_F2,04/13/2023,10:31:00,485.9000,485.9000,485.9000,485.9000,1375,254375,
IGL_F2,04/13/2023,10:33:00,486.0000,486.0000,486.0000,486.0000,1375,253000,
IGL_F2,04/13/2023,10:40:00,486.0000,486.0000,486.0000,486.0000,1375,253000,
IGL_F2,04/13/2023,10:47:00,488.0000,488.0000,488.0000,488.0000,1375,251625,
IGL_F2,04/13/2023,11:01:00,488.0000,488.0000,488.0000,488.0000,1375,251625,
IGL_F2,04/13/2023,11:06:00,488.5000,488.5000,488.5000,488.5000,1375,251625,
IGL_F2,04/13/2023,11:13:00,488.5000,488.5000,488.5000,488.5000,1375,253000,
IGL_F2,04/13/2023,11:28:00,487.5000,487.5000,487.5000,487.5000,1375,253000,
IGL_F2,04/13/2023,11:56:00,487.6500,487.6500,487.6500,487.6500,1375,253000,
IGL_F2,04/13/2023,11:58:00,487.9500,487.9500,487.9500,487.9500,1375,251625,
IGL_F2,04/13/2023,12:01:00,488.3000,488.3000,488.3000,488.3000,1375,253000,
IGL_F2,04/13/2023,12:03:00,487.7000,487.7000,487.7000,487.7000,1375,253000,
IGL_F2,04/13/2023,12:11:00,486.5000,486.5000,486.5000,486.5000,1375,254375,
IGL_F2,04/13/2023,12:14:00,486.5000,486.5000,486.5000,486.5000,1375,254375,
IGL_F2,04/13/2023,12:16:00,485.9000,485.9000,485.9000,485.9000,1375,255750,
IGL_F2,04/13/2023,12:19:00,486.1500,486.1500,486.1500,486.1500,1375,255750,
IGL_F2,04/13/2023,12:24:00,486.1500,486.1500,486.1500,486.1500,1375,255750,
IGL_F2,04/13/2023,12:26:00,486.0000,486.0000,486.0000,486.0000,1375,255750,
IGL_F2,04/13/2023,12:31:00,486.4000,486.4000,486.4000,486.4000,1375,255750,
IGL_F2,04/13/2023,12:38:00,486.8000,486.8000,486.8000,486.8000,1375,254375,
IGL_F2,04/13/2023,13:00:00,485.9500,485.9500,485.9500,485.9500,1375,255750,
IGL_F2,04/13/2023,13:02:00,485.7000,485.7000,485.7000,485.7000,1375,255750,
IGL_F2,04/13/2023,13:08:00,485.1000,485.1000,485.1000,485.1000,1375,257125,
IGL_F2,04/13/2023,13:18:00,485.1500,485.1500,485.1500,485.1500,1375,257125,
IGL_F2,04/13/2023,13:27:00,486.9500,486.9500,486.9500,486.9500,1375,254375,
IGL_F2,04/13/2023,13:30:00,487.7500,487.7500,487.7500,487.7500,1375,255750,
IGL_F2,04/13/2023,13:41:00,487.1500,487.1500,487.1500,487.1500,2750,255750,
IGL_F2,04/13/2023,14:19:00,488.0000,488.0000,488.0000,488.0000,1375,255750,
IGL_F2,04/13/2023,14:21:00,487.6500,487.6500,487.6500,487.6500,1375,255750,
IGL_F2,04/13/2023,14:24:00,487.7000,487.9000,487.7000,487.9000,8250,257125,
IGL_F2,04/13/2023,14:30:00,487.7000,487.7000,487.7000,487.7000,1375,257125,
IGL_F2,04/13/2023,14:56:00,487.5000,487.5000,487.5000,487.5000,1375,257125,
IGL_F2,04/13/2023,15:03:00,488.1000,488.1000,488.1000,488.1000,1375,257125,
IGL_F2,04/13/2023,15:04:00,488.1000,488.1000,488.1000,488.1000,1375,258500,
IGL_F2,04/13/2023,15:15:00,488.4000,488.4000,488.4000,488.4000,1375,258500,
IGL_F2,04/13/2023,15:18:00,488.2000,488.2000,488.2000,488.2000,1375,259875,
IGL_F2,04/13/2023,15:20:00,488.0500,488.0500,488.0500,488.0500,4125,259875,
IGL_F2,04/13/2023,15:25:00,487.7000,487.7000,487.7000,487.7000,4125,257125,
IGL_F2,04/13/2023,15:26:00,487.5500,487.5500,487.5500,487.5500,1375,257125,
IGL_F2,04/13/2023,15:27:00,487.5000,487.5000,487.5000,487.5000,1375,257125,
IGL_F2,04/13/2023,15:28:00,487.4000,487.4000,487.4000,487.4000,2750,257125,
IGL_F2,04/13/2023,15:29:00,487.4000,487.4000,487.4000,487.4000,1375,257125,
IGL_F2,04/17/2023,09:16:00,485.0000,485.0000,484.8000,484.8000,2752,257125,
IGL_F2,04/17/2023,09:17:00,484.0000,484.0000,484.0000,484.0000,5500,255750,
IGL_F2,04/17/2023,09:18:00,486.6500,486.6500,486.6500,486.6500,1375,255750,
IGL_F2,04/17/2023,09:19:00,486.6500,486.6500,486.6500,486.6500,1375,255750,
IGL_F2,04/17/2023,09:21:00,487.6000,487.6000,487.6000,487.6000,1375,255750,
IGL_F2,04/17/2023,09:23:00,487.6000,487.6000,487.6000,487.6000,1375,255750,
IGL_F2,04/17/2023,09:24:00,485.0000,485.0500,485.0000,485.0500,4125,255750,
IGL_F2,04/17/2023,09:27:00,483.5000,483.5000,483.5000,483.5000,1375,254375,
IGL_F2,04/17/2023,09:29:00,483.5000,483.5000,483.5000,483.5000,1375,254375,
IGL_F2,04/17/2023,09:30:00,483.5000,483.5000,483.5000,483.5000,1375,253000,
IGL_F2,04/17/2023,09:41:00,488.4500,488.5000,488.4500,488.5000,5500,253000,
IGL_F2,04/17/2023,09:45:00,488.9000,488.9000,488.9000,488.9000,4125,250250,
IGL_F2,04/17/2023,09:46:00,488.4000,488.4000,488.4000,488.4000,1375,250250,
IGL_F2,04/17/2023,09:47:00,488.0000,488.0000,488.0000,488.0000,1375,251625,
IGL_F2,04/17/2023,09:53:00,488.7000,488.7000,488.7000,488.7000,1375,251625,
IGL_F2,04/17/2023,09:57:00,488.6000,488.6000,488.6000,488.6000,1375,251625,
IGL_F2,04/17/2023,10:00:00,487.9500,487.9500,487.9500,487.9500,1375,251625,
IGL_F2,04/17/2023,10:01:00,487.9500,487.9500,487.9500,487.9500,1375,251625,
IGL_F2,04/17/2023,10:05:00,487.9500,487.9500,487.9500,487.9500,1375,251625,
IGL_F2,04/17/2023,10:08:00,488.6000,488.6000,488.6000,488.6000,1375,253000,
IGL_F2,04/17/2023,10:15:00,489.5000,489.5000,489.5000,489.5000,2750,254375,
IGL_F2,04/17/2023,10:16:00,490.0500,490.0500,490.0500,490.0500,4125,254375,
IGL_F2,04/17/2023,10:25:00,490.1000,490.1000,490.1000,490.1000,9625,258500,
IGL_F2,04/17/2023,10:26:00,488.4500,488.4500,488.0000,488.0000,2750,264000,
IGL_F2,04/17/2023,10:50:00,487.2500,487.2500,487.2500,487.2500,1375,262625,
IGL_F2,04/17/2023,11:10:00,489.2500,489.2500,489.2500,489.2500,5500,261250,
IGL_F2,04/17/2023,11:13:00,489.6500,489.6500,489.6500,489.6500,1375,262625,
IGL_F2,04/17/2023,11:27:00,490.7000,490.7000,490.7000,490.7000,1375,261250,
IGL_F2,04/17/2023,11:33:00,490.7000,490.7000,490.7000,490.7000,2750,261250,
IGL_F2,04/17/2023,11:36:00,491.0000,491.0000,491.0000,491.0000,2750,262625,
IGL_F2,04/17/2023,11:37:00,491.1000,491.1000,491.1000,491.1000,4125,262625,
IGL_F2,04/17/2023,11:40:00,490.7000,490.7000,490.7000,490.7000,1375,264000,
IGL_F2,04/17/2023,11:42:00,490.4000,490.4000,490.4000,490.4000,1375,264000,
IGL_F2,04/17/2023,11:57:00,489.8500,489.8500,489.8500,489.8500,1375,262625,
IGL_F2,04/17/2023,12:18:00,491.0000,491.0000,491.0000,491.0000,1375,262625,
IGL_F2,04/17/2023,12:22:00,491.5000,491.5000,491.5000,491.5000,1375,264000,
IGL_F2,04/17/2023,12:59:00,492.8000,492.8000,492.8000,492.8000,2750,262625,
IGL_F2,04/17/2023,13:01:00,492.1500,492.1500,492.1000,492.1000,2750,265375,
IGL_F2,04/17/2023,13:13:00,493.0000,493.0000,493.0000,493.0000,1375,266750,
IGL_F2,04/17/2023,13:14:00,493.0000,493.0000,493.0000,493.0000,1375,266750,
IGL_F2,04/17/2023,13:30:00,492.9000,492.9000,492.9000,492.9000,1375,268125,
IGL_F2,04/17/2023,13:42:00,492.9000,492.9000,492.9000,492.9000,1375,269500,
IGL_F2,04/17/2023,13:48:00,493.0000,493.0000,493.0000,493.0000,1375,270875,
IGL_F2,04/17/2023,14:02:00,493.5000,493.5000,493.5000,493.5000,1375,270875,
IGL_F2,04/17/2023,14:12:00,493.5000,493.5000,493.5000,493.5000,1375,272250,
IGL_F2,04/17/2023,14:20:00,493.1000,493.1000,493.1000,493.1000,1375,270875,
IGL_F2,04/17/2023,14:21:00,493.6000,493.6000,493.6000,493.6000,1375,270875,
IGL_F2,04/17/2023,14:28:00,493.6000,493.6000,493.6000,493.6000,1375,272250,
IGL_F2,04/17/2023,14:29:00,493.9000,493.9000,493.9000,493.9000,1375,272250,
IGL_F2,04/17/2023,14:33:00,493.9500,493.9500,493.9500,493.9500,1375,272250,
IGL_F2,04/17/2023,14:35:00,493.9500,493.9500,493.9500,493.9500,1375,272250,
IGL_F2,04/17/2023,14:44:00,494.0000,494.0000,494.0000,494.0000,1375,273625,
IGL_F2,04/17/2023,14:45:00,494.0000,494.0000,494.0000,494.0000,1375,273625,
IGL_F2,04/17/2023,14:48:00,493.6000,493.6000,493.6000,493.6000,1375,275000,
IGL_F2,04/17/2023,15:05:00,494.7000,494.7000,494.7000,494.7000,2750,275000,
IGL_F2,04/17/2023,15:10:00,494.7000,494.7000,494.7000,494.7000,1375,277750,
IGL_F2,04/17/2023,15:14:00,494.6500,494.6500,494.6500,494.6500,1375,279125,
IGL_F2,04/17/2023,15:23:00,494.5000,494.5000,494.5000,494.5000,1375,279125,
IGL_F2,04/17/2023,15:24:00,494.5000,494.5000,494.5000,494.5000,1375,279125,
IGL_F2,04/17/2023,15:26:00,494.1500,494.1500,494.1500,494.1500,1375,279125,
IGL_F2,04/17/2023,15:28:00,494.3000,494.3000,494.3000,494.3000,1375,279125,
IGL_F2,04/17/2023,15:29:00,493.6000,493.6000,493.6000,493.6000,1375,279125,
IGL_F2,04/18/2023,09:22:00,497.0000,497.0000,497.0000,497.0000,1376,273625,
IGL_F2,04/18/2023,09:23:00,497.4500,497.5000,497.4500,497.5000,2750,275000,
IGL_F2,04/18/2023,09:24:00,497.5500,497.5500,497.5500,497.5500,1375,275000,
IGL_F2,04/18/2023,09:25:00,499.0000,499.0000,499.0000,499.0000,4125,275000,
IGL_F2,04/18/2023,09:27:00,498.4000,498.5000,498.4000,498.5000,4125,276375,
IGL_F2,04/18/2023,09:30:00,498.8000,498.8000,498.8000,498.8000,4125,276375,
IGL_F2,04/18/2023,09:31:00,499.0000,499.0000,498.4000,498.4000,5500,276375,
IGL_F2,04/18/2023,09:32:00,498.5000,498.5000,498.5000,498.5000,1375,277750,
IGL_F2,04/18/2023,09:38:00,498.8500,498.8500,498.8500,498.8500,1375,279125,
IGL_F2,04/18/2023,09:40:00,498.8500,498.8500,498.8500,498.8500,1375,279125,
IGL_F2,04/18/2023,09:42:00,498.9000,498.9000,498.9000,498.9000,1375,280500,
IGL_F2,04/18/2023,09:43:00,499.5000,500.9500,499.5000,500.9500,23375,280500,
IGL_F2,04/18/2023,09:44:00,501.0000,501.0000,501.0000,501.0000,2750,280500,
IGL_F2,04/18/2023,09:45:00,501.0000,501.0000,501.0000,501.0000,1375,297000,
IGL_F2,04/18/2023,09:46:00,500.3000,500.3000,500.3000,500.3000,5500,297000,
IGL_F2,04/18/2023,09:48:00,500.3000,500.3000,500.3000,500.3000,1375,298375,
IGL_F2,04/18/2023,09:50:00,499.5500,500.3000,499.5500,500.3000,2750,298375,
IGL_F2,04/18/2023,09:51:00,500.3500,500.3500,500.3500,500.3500,1375,298375,
IGL_F2,04/18/2023,09:52:00,500.3500,500.3500,500.3500,500.3500,1375,298375,
IGL_F2,04/18/2023,09:53:00,500.5500,500.5500,500.5500,500.5500,1375,299750,
IGL_F2,04/18/2023,09:58:00,498.8500,499.2000,498.8500,499.2000,4125,299750,
IGL_F2,04/18/2023,10:03:00,499.2000,499.2000,499.2000,499.2000,13750,295625,
IGL_F2,04/18/2023,10:06:00,500.5500,500.5500,500.5500,500.5500,1375,305250,
IGL_F2,04/18/2023,10:07:00,500.5000,500.9000,500.5000,500.9000,5500,305250,
IGL_F2,04/18/2023,10:08:00,501.0000,501.8000,501.0000,501.8000,9625,305250,
IGL_F2,04/18/2023,10:09:00,501.9500,501.9500,501.9500,501.9500,2750,309375,
IGL_F2,04/18/2023,10:12:00,501.9500,502.7500,501.9500,502.7500,4125,309375,
IGL_F2,04/18/2023,10:14:00,502.7500,502.7500,502.7500,502.7500,1375,309375,
IGL_F2,04/18/2023,10:17:00,502.7500,502.7500,502.7500,502.7500,2750,309375,
IGL_F2,04/18/2023,10:20:00,501.7500,501.7500,501.6500,501.6500,2750,310750,
IGL_F2,04/18/2023,10:22:00,502.4500,502.4500,502.4500,502.4500,2750,312125,
IGL_F2,04/18/2023,10:23:00,502.9500,502.9500,502.9500,502.9500,1375,312125,
IGL_F2,04/18/2023,10:24:00,502.9500,502.9500,502.9500,502.9500,1375,314875,
IGL_F2,04/18/2023,10:35:00,503.0000,503.0000,503.0000,503.0000,1375,316250,
IGL_F2,04/18/2023,10:37:00,503.0000,503.0000,503.0000,503.0000,2750,316250,
IGL_F2,04/18/2023,10:40:00,502.7000,502.7000,502.7000,502.7000,2750,317625,
IGL_F2,04/18/2023,10:42:00,502.1500,502.1500,502.1500,502.1500,1375,317625,
IGL_F2,04/18/2023,10:43:00,502.5000,502.5000,502.5000,502.5000,1375,317625,
IGL_F2,04/18/2023,10:45:00,502.0000,502.0000,502.0000,502.0000,5500,316250,
IGL_F2,04/18/2023,10:46:00,502.2500,502.2500,502.0000,502.0000,2750,316250,
IGL_F2,04/18/2023,10:48:00,502.7500,502.7500,502.7500,502.7500,2750,319000,
IGL_F2,04/18/2023,10:49:00,502.1500,502.1500,502.1500,502.1500,8250,319000,
IGL_F2,04/18/2023,10:52:00,501.9500,501.9500,501.9500,501.9500,1375,319000,
IGL_F2,04/18/2023,10:53:00,501.8000,501.8000,501.8000,501.8000,2750,316250,
IGL_F2,04/18/2023,10:56:00,500.0000,500.4500,500.0000,500.2500,6875,314875,
IGL_F2,04/18/2023,10:57:00,500.7000,500.7000,500.7000,500.7000,1375,314875,
IGL_F2,04/18/2023,10:58:00,500.0000,500.0000,500.0000,500.0000,1375,314875,
IGL_F2,04/18/2023,10:59:00,500.0000,500.0000,500.0000,500.0000,1375,314875,
IGL_F2,04/18/2023,11:00:00,499.2000,499.2000,499.2000,499.2000,4125,314875,
IGL_F2,04/18/2023,11:01:00,499.5000,499.5000,499.5000,499.5000,1375,314875,
IGL_F2,04/18/2023,11:03:00,498.9500,498.9500,498.3000,498.3000,4125,314875,
IGL_F2,04/18/2023,11:04:00,498.0000,498.0000,498.0000,498.0000,4125,314875,
IGL_F2,04/18/2023,11:09:00,497.0000,497.0000,497.0000,497.0000,4125,306625,
IGL_F2,04/18/2023,11:11:00,496.6500,496.6500,496.6000,496.6000,5500,306625,
IGL_F2,04/18/2023,11:12:00,496.6000,496.6000,496.6000,496.6000,1375,306625,
IGL_F2,04/18/2023,11:14:00,498.0500,498.0500,498.0500,498.0500,2750,306625,
IGL_F2,04/18/2023,11:31:00,496.0000,496.0000,496.0000,496.0000,4125,308000,
IGL_F2,04/18/2023,11:32:00,496.0000,496.0000,495.4000,495.4000,2750,308000,
IGL_F2,04/18/2023,11:36:00,495.3500,495.3500,495.3500,495.3500,1375,302500,
IGL_F2,04/18/2023,11:37:00,495.3500,495.3500,495.3500,495.3500,2750,302500,
IGL_F2,04/18/2023,11:38:00,495.3500,495.3500,495.3500,495.3500,2750,302500,
IGL_F2,04/18/2023,11:39:00,496.0500,496.8000,496.0500,496.8000,2750,301125,
IGL_F2,04/18/2023,11:42:00,496.7500,496.7500,496.7500,496.7500,1375,302500,
IGL_F2,04/18/2023,12:00:00,496.2000,496.2000,496.2000,496.2000,1375,302500,
IGL_F2,04/18/2023,12:01:00,496.2000,496.2000,496.2000,496.2000,1375,302500,
IGL_F2,04/18/2023,12:08:00,495.5000,495.5000,495.5000,495.5000,1375,302500,
IGL_F2,04/18/2023,12:09:00,495.5500,495.5500,495.5500,495.5500,5500,302500,
IGL_F2,04/18/2023,12:11:00,496.0000,496.0000,496.0000,496.0000,2750,302500,
IGL_F2,04/18/2023,12:13:00,495.6000,495.9000,495.6000,495.9000,2750,302500,
IGL_F2,04/18/2023,12:16:00,496.0000,496.0000,496.0000,496.0000,1375,302500,
IGL_F2,04/18/2023,12:20:00,496.1500,496.1500,496.1500,496.1500,1375,302500,
IGL_F2,04/18/2023,12:26:00,496.5500,496.5500,496.5500,496.5500,4125,303875,
IGL_F2,04/18/2023,12:31:00,496.8500,497.5500,496.8500,497.5500,6875,308000,
IGL_F2,04/18/2023,12:33:00,498.5000,498.5000,498.1500,498.1500,6875,305250,
IGL_F2,04/18/2023,12:36:00,498.6000,498.6000,498.6000,498.6000,1375,308000,
IGL_F2,04/18/2023,12:39:00,498.2000,498.2000,498.2000,498.2000,1375,308000,
IGL_F2,04/18/2023,12:40:00,498.1000,498.1000,498.1000,498.1000,1375,308000,
IGL_F2,04/18/2023,12:53:00,498.4000,498.4000,498.4000,498.4000,1375,306625,
IGL_F2,04/18/2023,13:04:00,497.5500,497.5500,497.5500,497.5500,1375,305250,
IGL_F2,04/18/2023,13:05:00,499.0000,499.0000,499.0000,499.0000,5500,305250,
IGL_F2,04/18/2023,13:19:00,498.2500,498.2500,498.2500,498.2500,1375,306625,
IGL_F2,04/18/2023,13:37:00,496.5000,496.5000,496.5000,496.5000,2750,308000,
IGL_F2,04/18/2023,13:40:00,496.0500,496.0500,495.5500,495.5500,2750,308000,
IGL_F2,04/18/2023,13:41:00,494.7000,494.7000,494.7000,494.7000,2750,308000,
IGL_F2,04/18/2023,13:49:00,494.7000,495.6500,494.7000,495.6500,2750,305250,
IGL_F2,04/18/2023,13:51:00,496.0000,496.0000,495.8000,495.8000,6875,306625,
IGL_F2,04/18/2023,13:52:00,496.1000,496.1000,496.1000,496.1000,1375,306625,
IGL_F2,04/18/2023,13:53:00,496.6000,496.6500,496.6000,496.6500,2750,306625,
IGL_F2,04/18/2023,13:58:00,496.8000,497.0000,496.8000,497.0000,4125,310750,
IGL_F2,04/18/2023,13:59:00,497.0000,497.0000,497.0000,497.0000,1375,310750,
IGL_F2,04/18/2023,14:03:00,497.1000,497.1000,497.1000,497.1000,1375,310750,
IGL_F2,04/18/2023,14:12:00,497.5500,497.5500,497.5500,497.5500,1375,310750,
IGL_F2,04/18/2023,14:14:00,497.6000,497.6000,497.6000,497.6000,1375,310750,
IGL_F2,04/18/2023,14:15:00,498.1500,498.1500,498.1500,498.1500,1375,310750,
IGL_F2,04/18/2023,14:28:00,497.4000,497.4000,497.4000,497.4000,1375,310750,
IGL_F2,04/18/2023,14:37:00,498.0000,498.0000,498.0000,498.0000,1375,310750,
IGL_F2,04/18/2023,14:49:00,497.6500,497.6500,497.6500,497.6500,1375,312125,
IGL_F2,04/18/2023,14:50:00,497.6500,497.6500,497.6500,497.6500,1375,312125,
IGL_F2,04/18/2023,14:59:00,497.7000,497.7000,497.7000,497.7000,1375,312125,
IGL_F2,04/18/2023,15:01:00,497.7000,497.7000,497.7000,497.7000,4125,312125,
IGL_F2,04/18/2023,15:02:00,497.0000,497.0000,497.0000,497.0000,9625,312125,
IGL_F2,04/18/2023,15:11:00,497.4500,497.4500,497.4500,497.4500,2750,301125,
IGL_F2,04/18/2023,15:17:00,497.4500,497.4500,497.4500,497.4500,27500,301125,
IGL_F2,04/18/2023,15:18:00,497.4500,497.4500,497.4500,497.4500,6875,312125,
IGL_F2,04/18/2023,15:20:00,497.5000,497.5000,497.5000,497.5000,1375,312125,
IGL_F2,04/18/2023,15:21:00,497.3500,497.3500,497.3500,497.3500,1375,312125,
IGL_F2,04/18/2023,15:25:00,498.0500,498.0500,498.0500,498.0500,1375,319000,
IGL_F2,04/18/2023,15:26:00,497.3500,497.3500,497.3500,497.3500,1375,319000,
IGL_F2,04/18/2023,15:28:00,497.3500,497.3500,497.3500,497.3500,6875,317625,
IGL_F2,04/18/2023,15:29:00,496.6500,496.6500,496.5000,496.5000,6875,317625,
IGL_F2,04/19/2023,09:15:00,498.0500,498.0500,496.3000,496.3000,5503,323125,
IGL_F2,04/19/2023,09:16:00,495.6500,495.6500,495.6500,495.6500,5500,323125,
IGL_F2,04/19/2023,09:17:00,495.4000,495.4000,495.4000,495.4000,1375,323125,
IGL_F2,04/19/2023,09:18:00,495.4000,495.4000,495.4000,495.4000,1375,320375,
IGL_F2,04/19/2023,09:19:00,495.1500,495.1500,495.1500,495.1500,2750,320375,
IGL_F2,04/19/2023,09:20:00,495.6000,495.6000,495.6000,495.6000,1375,320375,
IGL_F2,04/19/2023,09:21:00,494.7500,494.7500,494.7500,494.7500,1375,321750,
IGL_F2,04/19/2023,09:22:00,494.1000,494.1000,494.1000,494.1000,8250,321750,
IGL_F2,04/19/2023,09:23:00,494.1000,495.0000,494.1000,495.0000,2750,321750,
IGL_F2,04/19/2023,09:25:00,494.0000,494.0000,493.5500,493.5500,16500,328625,
IGL_F2,04/19/2023,09:26:00,493.9000,493.9000,493.9000,493.9000,2750,328625,
IGL_F2,04/19/2023,09:27:00,493.8000,493.8000,493.4500,493.4500,2750,324500,
IGL_F2,04/19/2023,09:28:00,493.0000,493.0000,491.4500,491.4500,13750,324500,
IGL_F2,04/19/2023,09:29:00,490.8000,491.4500,490.8000,491.4500,8250,324500,
IGL_F2,04/19/2023,09:30:00,492.0000,492.0000,491.3000,491.3000,4125,335500,
IGL_F2,04/19/2023,09:31:00,490.9000,490.9000,490.9000,490.9000,1375,335500,
IGL_F2,04/19/2023,09:32:00,490.9500,491.1000,490.9500,491.1000,4125,339625,
IGL_F2,04/19/2023,09:34:00,491.1000,491.1500,491.1000,491.1500,4125,339625,
IGL_F2,04/19/2023,09:35:00,491.5000,491.5000,491.5000,491.5000,1375,339625,
IGL_F2,04/19/2023,09:36:00,491.0000,491.0000,491.0000,491.0000,1375,339625,
IGL_F2,04/19/2023,09:37:00,490.9500,490.9500,490.9500,490.9500,1375,339625,
IGL_F2,04/19/2023,09:41:00,490.9500,490.9500,490.9500,490.9500,1375,338250,
IGL_F2,04/19/2023,09:42:00,491.6500,491.6500,491.6500,491.6500,5500,338250,
IGL_F2,04/19/2023,09:43:00,491.7500,491.7500,491.7500,491.7500,1375,338250,
IGL_F2,04/19/2023,09:44:00,491.6500,491.6500,491.6500,491.6500,2750,338250,
IGL_F2,04/19/2023,09:45:00,491.8500,491.8500,491.8500,491.8500,2750,338250,
IGL_F2,04/19/2023,09:47:00,492.6000,492.6000,492.6000,492.6000,1375,338250,
IGL_F2,04/19/2023,09:49:00,493.3500,493.3500,493.3500,493.3500,2750,342375,
IGL_F2,04/19/2023,09:52:00,492.1000,492.1000,492.1000,492.1000,1375,341000,
IGL_F2,04/19/2023,09:59:00,491.7000,491.7000,491.7000,491.7000,1375,339625,
IGL_F2,04/19/2023,10:00:00,492.5000,492.5000,492.5000,492.5000,2750,339625,
IGL_F2,04/19/2023,10:07:00,494.0000,494.0000,494.0000,494.0000,1375,339625,
IGL_F2,04/19/2023,10:13:00,494.5000,494.5000,494.5000,494.5000,1375,343750,
IGL_F2,04/19/2023,10:15:00,495.0000,495.0000,495.0000,495.0000,4125,345125,
IGL_F2,04/19/2023,10:16:00,495.0500,495.0500,495.0500,495.0500,1375,345125,
IGL_F2,04/19/2023,10:17:00,495.0500,495.0500,495.0500,495.0500,1375,345125,
IGL_F2,04/19/2023,10:18:00,495.0000,495.0000,495.0000,495.0000,2750,346500,
IGL_F2,04/19/2023,10:19:00,494.9000,494.9000,494.9000,494.9000,1375,346500,
IGL_F2,04/19/2023,10:20:00,494.7500,494.7500,494.7500,494.7500,1375,346500,
IGL_F2,04/19/2023,10:23:00,495.8000,495.8000,495.5000,495.5000,4125,346500,
IGL_F2,04/19/2023,10:26:00,495.3500,495.3500,495.3500,495.3500,1375,346500,
IGL_F2,04/19/2023,10:27:00,496.4500,496.4500,496.4500,496.4500,4125,343750,
IGL_F2,04/19/2023,10:28:00,495.8000,495.8000,495.8000,495.8000,1375,343750,
IGL_F2,04/19/2023,10:40:00,494.1000,494.1000,493.3500,493.3500,4125,343750,
IGL_F2,04/19/2023,10:42:00,493.3500,493.3500,493.3500,493.3500,4125,342375,
IGL_F2,04/19/2023,10:44:00,492.6000,492.6000,492.6000,492.6000,1375,345125,
IGL_F2,04/19/2023,10:45:00,492.7000,492.7000,492.7000,492.7000,1375,345125,
IGL_F2,04/19/2023,10:48:00,492.2000,492.2000,492.2000,492.2000,1375,342375,
IGL_F2,04/19/2023,10:49:00,491.5500,492.1500,491.5500,492.1500,2750,342375,
IGL_F2,04/19/2023,10:52:00,492.1500,492.1500,492.1500,492.1500,2750,343750,
IGL_F2,04/19/2023,11:08:00,492.6000,492.6000,492.6000,492.6000,1375,346500,
IGL_F2,04/19/2023,11:20:00,492.0000,492.2000,492.0000,492.2000,4125,346500,
IGL_F2,04/19/2023,11:23:00,492.1000,492.1000,492.1000,492.1000,1375,343750,
IGL_F2,04/19/2023,11:25:00,492.0000,492.0000,492.0000,492.0000,1375,345125,
IGL_F2,04/19/2023,11:30:00,492.1000,492.1000,492.1000,492.1000,1375,346500,
IGL_F2,04/19/2023,11:34:00,492.2000,492.3000,492.2000,492.3000,2750,345125,
IGL_F2,04/19/2023,11:38:00,492.2000,492.2000,492.2000,492.2000,1375,343750,
IGL_F2,04/19/2023,11:51:00,491.0500,491.0500,491.0500,491.0500,2750,343750,
IGL_F2,04/19/2023,12:15:00,491.6500,491.6500,491.6500,491.6500,1375,343750,
IGL_F2,04/19/2023,12:16:00,491.9500,491.9500,491.9500,491.9500,1375,343750,
IGL_F2,04/19/2023,12:19:00,491.0000,491.0000,491.0000,491.0000,8250,345125,
IGL_F2,04/19/2023,12:22:00,491.0000,491.0000,491.0000,491.0000,1375,345125,
IGL_F2,04/19/2023,12:24:00,491.3000,491.3000,491.3000,491.3000,1375,343750,
IGL_F2,04/19/2023,12:26:00,490.0500,490.0500,490.0500,490.0500,1375,343750,
IGL_F2,04/19/2023,12:32:00,490.0500,491.3000,490.0500,491.3000,2750,346500,
IGL_F2,04/19/2023,12:42:00,491.9000,491.9000,491.9000,491.9000,1375,347875,
IGL_F2,04/19/2023,12:56:00,491.4500,491.4500,491.4500,491.4500,1375,347875,
IGL_F2,04/19/2023,13:01:00,491.4000,491.4000,491.4000,491.4000,1375,347875,
IGL_F2,04/19/2023,13:14:00,490.0000,490.0000,490.0000,490.0000,4125,349250,
IGL_F2,04/19/2023,13:16:00,489.3500,489.3500,489.3500,489.3500,1375,349250,
IGL_F2,04/19/2023,13:18:00,489.3500,489.3500,489.3500,489.3500,1375,349250,
IGL_F2,04/19/2023,13:20:00,489.3000,489.3000,489.3000,489.3000,1375,349250,
IGL_F2,04/19/2023,13:21:00,489.3000,489.9000,489.3000,489.9000,2750,347875,
IGL_F2,04/19/2023,13:23:00,490.0500,490.0500,490.0500,490.0500,1375,347875,
IGL_F2,04/19/2023,13:24:00,489.1000,489.1000,489.1000,489.1000,1375,346500,
IGL_F2,04/19/2023,13:28:00,489.1000,489.1000,489.1000,489.1000,1375,346500,
IGL_F2,04/19/2023,13:29:00,489.5000,489.5000,489.5000,489.5000,1375,346500,
IGL_F2,04/19/2023,13:30:00,489.0500,489.0500,489.0500,489.0500,2750,345125,
IGL_F2,04/19/2023,13:31:00,488.3000,488.3000,488.3000,488.3000,4125,345125,
IGL_F2,04/19/2023,13:32:00,488.3000,488.3000,488.3000,488.3000,1375,345125,
IGL_F2,04/19/2023,13:36:00,489.0000,489.0000,489.0000,489.0000,2750,343750,
IGL_F2,04/19/2023,13:40:00,489.1000,489.1000,489.1000,489.1000,1375,346500,
IGL_F2,04/19/2023,13:46:00,489.0000,489.0000,489.0000,489.0000,1375,345125,
IGL_F2,04/19/2023,13:49:00,489.4000,489.6000,489.4000,489.6000,2750,345125,
IGL_F2,04/19/2023,13:50:00,489.6000,489.6000,489.6000,489.6000,1375,345125,
IGL_F2,04/19/2023,13:51:00,488.6500,488.6500,488.6500,488.6500,1375,345125,
IGL_F2,04/19/2023,13:52:00,488.6500,488.6500,488.6500,488.6500,1375,345125,
IGL_F2,04/19/2023,13:53:00,488.3000,488.3000,488.3000,488.3000,1375,345125,
IGL_F2,04/19/2023,14:20:00,489.5500,489.5500,489.5500,489.5500,1375,345125,
IGL_F2,04/19/2023,14:22:00,490.3500,490.3500,490.3500,490.3500,2750,343750,
IGL_F2,04/19/2023,14:23:00,489.8500,489.8500,489.8500,489.8500,2750,343750,
IGL_F2,04/19/2023,14:25:00,490.4500,490.4500,490.4500,490.4500,1375,342375,
IGL_F2,04/19/2023,14:31:00,490.1500,490.6500,490.1500,490.6500,4125,343750,
IGL_F2,04/19/2023,14:33:00,490.1000,490.1000,489.3000,489.3000,4125,342375,
IGL_F2,04/19/2023,14:34:00,489.8000,489.8000,489.8000,489.8000,1375,342375,
IGL_F2,04/19/2023,14:42:00,489.8000,489.8000,489.8000,489.8000,1375,343750,
IGL_F2,04/19/2023,14:45:00,489.8500,489.8500,489.8500,489.8500,1375,343750,
IGL_F2,04/19/2023,14:47:00,489.9500,489.9500,489.9500,489.9500,1375,343750,
IGL_F2,04/19/2023,14:48:00,490.0000,490.0000,490.0000,490.0000,1375,343750,
IGL_F2,04/19/2023,14:52:00,489.4000,489.4000,489.4000,489.4000,2750,343750,
IGL_F2,04/19/2023,14:56:00,489.9000,489.9000,489.9000,489.9000,2750,345125,
IGL_F2,04/19/2023,15:00:00,490.0000,490.3000,490.0000,490.3000,4125,343750,
IGL_F2,04/19/2023,15:02:00,490.3000,490.3000,490.3000,490.3000,1375,343750,
IGL_F2,04/19/2023,15:03:00,490.2500,490.2500,490.2500,490.2500,1375,343750,
IGL_F2,04/19/2023,15:15:00,490.0000,490.0000,490.0000,490.0000,1375,345125,
IGL_F2,04/19/2023,15:17:00,489.3000,489.3000,489.3000,489.3000,2750,343750,
IGL_F2,04/19/2023,15:18:00,488.7500,488.7500,488.7500,488.7500,56375,361625,
IGL_F2,04/19/2023,15:19:00,488.7000,488.7000,488.4500,488.4500,2750,361625,
IGL_F2,04/19/2023,15:20:00,488.7000,488.7000,488.7000,488.7000,1375,361625,
IGL_F2,04/19/2023,15:22:00,488.6000,488.6000,488.6000,488.6000,1375,364375,
IGL_F2,04/19/2023,15:24:00,488.5000,488.5000,488.5000,488.5000,1375,364375,
IGL_F2,04/19/2023,15:25:00,488.5500,488.5500,488.5500,488.5500,4125,364375,
IGL_F2,04/19/2023,15:27:00,489.1500,489.1500,489.1500,489.1500,1375,364375,
IGL_F2,04/19/2023,15:28:00,489.0500,489.0500,488.7500,488.7500,4125,368500,
IGL_F2,04/19/2023,15:29:00,489.0000,489.0000,489.0000,489.0000,5500,368500,
IGL_F2,04/19/2023,15:30:00,489.3000,489.3000,489.3000,489.3000,1375,368500,
IGL_F2,04/20/2023,09:15:00,488.9500,489.4500,488.9500,489.4500,2751,369875,
IGL_F2,04/20/2023,09:17:00,490.4500,491.0000,490.4500,491.0000,12375,369875,
IGL_F2,04/20/2023,09:20:00,491.0000,491.0000,488.4000,488.4000,2750,375375,
IGL_F2,04/20/2023,09:21:00,489.1500,489.5000,488.6500,489.5000,12375,375375,
IGL_F2,04/20/2023,09:23:00,490.0000,490.0000,490.0000,490.0000,2750,375375,
IGL_F2,04/20/2023,09:24:00,489.3000,489.3000,489.3000,489.3000,2750,375375,
IGL_F2,04/20/2023,09:25:00,489.3500,489.3500,489.2000,489.2000,2750,375375,
IGL_F2,04/20/2023,09:26:00,489.6500,489.6500,488.9000,488.9000,2750,378125,
IGL_F2,04/20/2023,09:30:00,489.1500,489.1500,488.9000,488.9000,4125,376750,
IGL_F2,04/20/2023,09:33:00,489.5000,489.5000,489.5000,489.5000,1375,379500,
IGL_F2,04/20/2023,09:37:00,489.9000,489.9000,489.9000,489.9000,1375,380875,
IGL_F2,04/20/2023,09:38:00,489.9000,489.9000,489.9000,489.9000,1375,380875,
IGL_F2,04/20/2023,09:39:00,490.1000,490.1000,490.1000,490.1000,4125,380875,
IGL_F2,04/20/2023,09:40:00,490.4500,490.4500,490.4500,490.4500,1375,380875,
IGL_F2,04/20/2023,09:43:00,489.8000,490.4000,489.8000,490.4000,5500,382250,
IGL_F2,04/20/2023,09:44:00,491.0000,491.0000,491.0000,491.0000,9625,386375,
IGL_F2,04/20/2023,09:45:00,491.0000,491.2000,491.0000,491.2000,2750,386375,
IGL_F2,04/20/2023,09:48:00,491.2000,491.2000,491.2000,491.2000,1375,394625,
IGL_F2,04/20/2023,09:51:00,491.1500,491.1500,491.1500,491.1500,1375,396000,
IGL_F2,04/20/2023,09:53:00,492.0000,492.0000,492.0000,492.0000,1375,396000,
IGL_F2,04/20/2023,09:54:00,492.0000,492.0000,492.0000,492.0000,1375,398750,
IGL_F2,04/20/2023,09:56:00,492.0000,492.0000,492.0000,492.0000,1375,398750,
IGL_F2,04/20/2023,09:58:00,490.9500,490.9500,490.9500,490.9500,1375,398750,
IGL_F2,04/20/2023,09:59:00,491.2000,491.2000,491.2000,491.2000,1375,398750,
IGL_F2,04/20/2023,10:01:00,491.2000,491.2000,491.2000,491.2000,1375,398750,
IGL_F2,04/20/2023,10:05:00,490.6000,490.6000,490.6000,490.6000,1375,400125,
IGL_F2,04/20/2023,10:07:00,490.2500,490.2500,490.2500,490.2500,4125,401500,
IGL_F2,04/20/2023,10:11:00,490.1000,490.3000,490.1000,490.3000,24750,411125,
IGL_F2,04/20/2023,10:12:00,490.4500,490.4500,490.4500,490.4500,1375,411125,
IGL_F2,04/20/2023,10:13:00,490.4500,490.4500,490.4500,490.4500,5500,411125,
IGL_F2,04/20/2023,10:17:00,490.9500,490.9500,490.9500,490.9500,1375,413875,
IGL_F2,04/20/2023,10:18:00,490.9500,491.2000,490.9500,491.2000,9625,415250,
IGL_F2,04/20/2023,10:19:00,491.3500,492.0000,491.3500,492.0000,5500,415250,
IGL_F2,04/20/2023,10:21:00,492.0000,492.0000,492.0000,492.0000,2750,423500,
IGL_F2,04/20/2023,10:22:00,491.4000,491.4000,491.4000,491.4000,2750,423500,
IGL_F2,04/20/2023,10:23:00,491.7500,491.7500,491.7500,491.7500,1375,423500,
IGL_F2,04/20/2023,10:27:00,491.0000,491.0000,491.0000,491.0000,1375,419375,
IGL_F2,04/20/2023,10:29:00,491.2000,491.2000,491.2000,491.2000,2750,419375,
IGL_F2,04/20/2023,10:31:00,491.2000,491.2000,491.2000,491.2000,1375,422125,
IGL_F2,04/20/2023,10:34:00,491.2000,491.2000,491.2000,491.2000,1375,423500,
IGL_F2,04/20/2023,10:37:00,491.5500,491.5500,491.5500,491.5500,1375,423500,
IGL_F2,04/20/2023,10:42:00,491.0500,491.0500,491.0500,491.0500,1375,424875,
IGL_F2,04/20/2023,10:44:00,491.1500,491.1500,491.1500,491.1500,1375,424875,
IGL_F2,04/20/2023,10:52:00,491.1500,491.1500,491.1500,491.1500,1375,426250,
IGL_F2,04/20/2023,10:56:00,492.0000,492.0000,492.0000,492.0000,2750,426250,
IGL_F2,04/20/2023,11:08:00,491.6500,491.6500,491.6500,491.6500,1375,429000,
IGL_F2,04/20/2023,11:11:00,491.5500,491.5500,491.3500,491.3500,4125,430375,
IGL_F2,04/20/2023,11:12:00,491.3500,491.3500,491.3500,491.3500,1375,427625,
IGL_F2,04/20/2023,11:14:00,491.2500,491.2500,491.2500,491.2500,1375,427625,
IGL_F2,04/20/2023,11:15:00,491.4500,491.4500,491.4500,491.4500,1375,429000,
IGL_F2,04/20/2023,11:20:00,491.4500,491.4500,491.4500,491.4500,2750,429000,
IGL_F2,04/20/2023,11:24:00,490.0000,490.0000,489.9000,489.9000,24750,429000,
IGL_F2,04/20/2023,11:29:00,489.9000,489.9000,489.9000,489.9000,1375,444125,
IGL_F2,04/20/2023,11:32:00,489.9000,489.9000,489.9000,489.9000,1375,444125,
IGL_F2,04/20/2023,11:44:00,489.9000,489.9000,489.9000,489.9000,1375,444125,
IGL_F2,04/20/2023,11:47:00,489.2500,489.2500,489.2500,489.2500,5500,445500,
IGL_F2,04/20/2023,11:48:00,489.7500,489.7500,489.7500,489.7500,1375,444125,
IGL_F2,04/20/2023,11:54:00,489.4000,489.4000,489.4000,489.4000,1375,444125,
IGL_F2,04/20/2023,11:55:00,488.5000,488.5000,488.5000,488.5000,1375,444125,
IGL_F2,04/20/2023,12:01:00,489.5500,489.5500,489.5500,489.5500,1375,444125,
IGL_F2,04/20/2023,12:03:00,489.5500,489.5500,489.5500,489.5500,1375,445500,
IGL_F2,04/20/2023,12:04:00,489.6500,489.6500,489.6500,489.6500,1375,445500,
IGL_F2,04/20/2023,12:06:00,489.6500,489.6500,489.6500,489.6500,1375,445500,
IGL_F2,04/20/2023,12:07:00,490.0000,490.0000,490.0000,490.0000,1375,445500,
IGL_F2,04/20/2023,12:16:00,490.5500,490.5500,490.5500,490.5500,1375,446875,
IGL_F2,04/20/2023,12:24:00,490.5500,490.5500,490.5500,490.5500,1375,448250,
IGL_F2,04/20/2023,12:27:00,490.3500,490.3500,490.3500,490.3500,1375,448250,
IGL_F2,04/20/2023,12:42:00,491.0500,491.0500,491.0500,491.0500,1375,449625,
IGL_F2,04/20/2023,12:44:00,491.0500,491.0500,491.0500,491.0500,1375,451000,
IGL_F2,04/20/2023,12:50:00,490.8500,490.9500,490.8500,490.9500,4125,451000,
IGL_F2,04/20/2023,12:54:00,490.9500,490.9500,490.9500,490.9500,5500,453750,
IGL_F2,04/20/2023,12:56:00,490.5500,490.5500,490.2000,490.2000,2750,453750,
IGL_F2,04/20/2023,12:57:00,490.2000,490.2000,490.2000,490.2000,1375,457875,
IGL_F2,04/20/2023,13:01:00,490.4500,490.4500,490.4500,490.4500,1375,457875,
IGL_F2,04/20/2023,13:02:00,490.4000,490.4000,490.4000,490.4000,1375,457875,
IGL_F2,04/20/2023,13:05:00,490.4000,490.4000,490.4000,490.4000,1375,460625,
IGL_F2,04/20/2023,13:07:00,490.5000,490.5000,490.3500,490.3500,2750,462000,
IGL_F2,04/20/2023,13:12:00,489.9000,489.9000,489.9000,489.9000,1375,462000,
IGL_F2,04/20/2023,13:13:00,489.7500,489.7500,489.7500,489.7500,1375,462000,
IGL_F2,04/20/2023,13:14:00,488.9000,488.9000,488.9000,488.9000,1375,462000,
IGL_F2,04/20/2023,13:15:00,489.6500,489.6500,489.6500,489.6500,1375,466125,
IGL_F2,04/20/2023,13:17:00,488.9000,488.9000,488.7000,488.7000,2750,466125,
IGL_F2,04/20/2023,13:18:00,488.6000,488.6000,488.6000,488.6000,1375,466125,
IGL_F2,04/20/2023,13:22:00,489.0000,489.0000,489.0000,489.0000,1375,467500,
IGL_F2,04/20/2023,13:23:00,489.0000,489.0000,489.0000,489.0000,2750,467500,
IGL_F2,04/20/2023,13:24:00,489.0500,489.0500,489.0500,489.0500,1375,467500,
IGL_F2,04/20/2023,13:25:00,489.0500,489.0500,489.0500,489.0500,1375,470250,
IGL_F2,04/20/2023,13:26:00,489.0500,489.0500,489.0500,489.0500,1375,470250,
IGL_F2,04/20/2023,13:27:00,488.9000,489.4500,488.9000,489.4500,2750,470250,
IGL_F2,04/20/2023,13:28:00,488.8000,488.8000,488.6500,488.6500,2750,471625,
IGL_F2,04/20/2023,13:29:00,488.8500,488.8500,488.8500,488.8500,1375,471625,
IGL_F2,04/20/2023,13:30:00,489.1500,489.1500,489.1500,489.1500,1375,471625,
IGL_F2,04/20/2023,13:33:00,489.1500,489.1500,489.1500,489.1500,1375,477125,
IGL_F2,04/20/2023,13:34:00,489.3000,489.3000,489.3000,489.3000,2750,477125,
IGL_F2,04/20/2023,13:38:00,489.7000,489.7000,489.7000,489.7000,1375,477125,
IGL_F2,04/20/2023,13:39:00,489.3500,489.6500,489.3500,489.6500,2750,481250,
IGL_F2,04/20/2023,13:44:00,489.7500,489.7500,489.6500,489.6500,2750,482625,
IGL_F2,04/20/2023,13:47:00,490.1500,490.1500,490.1500,490.1500,1375,485375,
IGL_F2,04/20/2023,13:49:00,490.4000,490.4000,490.4000,490.4000,1375,485375,
IGL_F2,04/20/2023,13:50:00,490.4500,490.7000,490.4500,490.7000,2750,485375,
IGL_F2,04/20/2023,13:53:00,490.6500,490.6500,490.6500,490.6500,1375,486750,
IGL_F2,04/20/2023,13:54:00,490.5500,490.5500,490.5500,490.5500,4125,485375,
IGL_F2,04/20/2023,13:55:00,490.5500,490.8000,490.4000,490.8000,4125,485375,
IGL_F2,04/20/2023,13:59:00,490.6000,490.6000,490.6000,490.6000,1375,490875,
IGL_F2,04/20/2023,14:00:00,490.6000,490.6000,490.6000,490.6000,1375,492250,
IGL_F2,04/20/2023,14:01:00,490.3000,490.3000,490.3000,490.3000,1375,492250,
IGL_F2,04/20/2023,14:03:00,490.7000,490.7000,490.7000,490.7000,1375,492250,
IGL_F2,04/20/2023,14:04:00,490.5000,490.5000,490.5000,490.5000,1375,495000,
IGL_F2,04/20/2023,14:06:00,490.3500,490.3500,490.1500,490.1500,2750,495000,
IGL_F2,04/20/2023,14:11:00,490.2500,490.2500,490.1500,490.1500,2750,496375,
IGL_F2,04/20/2023,14:15:00,490.1500,490.1500,490.1500,490.1500,1375,496375,
IGL_F2,04/20/2023,14:17:00,490.1500,490.1500,489.9500,489.9500,2750,497750,
IGL_F2,04/20/2023,14:20:00,491.2000,491.2000,491.2000,491.2000,2750,499125,
IGL_F2,04/20/2023,14:21:00,490.8000,491.3000,490.8000,491.3000,4125,499125,
IGL_F2,04/20/2023,14:22:00,490.8500,490.8500,490.7000,490.7000,5500,499125,
IGL_F2,04/20/2023,14:25:00,490.8000,490.8000,490.8000,490.8000,1375,500500,
IGL_F2,04/20/2023,14:27:00,490.8000,490.8000,490.7000,490.7000,2750,501875,
IGL_F2,04/20/2023,14:29:00,490.7000,490.7000,490.7000,490.7000,1375,501875,
IGL_F2,04/20/2023,14:31:00,491.1000,491.1000,491.1000,491.1000,1375,504625,
IGL_F2,04/20/2023,14:32:00,490.7000,490.7000,490.7000,490.7000,2750,504625,
IGL_F2,04/20/2023,14:33:00,490.8500,490.8500,490.8500,490.8500,1375,504625,
IGL_F2,04/20/2023,14:36:00,491.5000,491.5000,491.5000,491.5000,1375,506000,
IGL_F2,04/20/2023,14:37:00,490.8500,490.8500,490.8500,490.8500,2750,506000,
IGL_F2,04/20/2023,14:38:00,490.9500,490.9500,490.7500,490.7500,2750,506000,
IGL_F2,04/20/2023,14:40:00,491.2000,491.2000,491.2000,491.2000,2750,510125,
IGL_F2,04/20/2023,14:42:00,491.3000,491.3000,491.3000,491.3000,1375,510125,
IGL_F2,04/20/2023,14:43:00,491.3000,491.3000,490.7500,490.7500,6875,511500,
IGL_F2,04/20/2023,14:44:00,490.6000,490.6000,490.6000,490.6000,1375,511500,
IGL_F2,04/20/2023,14:48:00,490.5000,490.5000,490.5000,490.5000,1375,512875,
IGL_F2,04/20/2023,14:49:00,490.2500,490.2500,490.2500,490.2500,1375,512875,
IGL_F2,04/20/2023,14:53:00,490.3500,490.3500,490.3500,490.3500,1375,512875,
IGL_F2,04/20/2023,15:01:00,490.2500,490.2500,490.2500,490.2500,1375,515625,
IGL_F2,04/20/2023,15:05:00,490.0000,490.0000,490.0000,490.0000,1375,514250,
IGL_F2,04/20/2023,15:08:00,490.2500,490.2500,490.2500,490.2500,2750,512875,
IGL_F2,04/20/2023,15:12:00,490.0000,490.0000,490.0000,490.0000,1375,512875,
IGL_F2,04/20/2023,15:14:00,489.9000,489.9000,489.9000,489.9000,1375,512875,
IGL_F2,04/20/2023,15:15:00,490.0000,490.0000,490.0000,490.0000,2750,512875,
IGL_F2,04/20/2023,15:17:00,490.7000,490.7000,490.7000,490.7000,1375,515625,
IGL_F2,04/20/2023,15:18:00,490.4500,490.4500,490.4500,490.4500,1375,515625,
IGL_F2,04/20/2023,15:20:00,490.0000,490.0000,490.0000,490.0000,1375,515625,
IGL_F2,04/20/2023,15:23:00,490.0000,490.0000,490.0000,490.0000,1375,515625,
IGL_F2,04/20/2023,15:25:00,490.3500,490.3500,490.3500,490.3500,1375,517000,
IGL_F2,04/20/2023,15:27:00,490.5500,490.5500,490.5500,490.5500,1375,517000,
IGL_F2,04/20/2023,15:28:00,490.5500,490.5500,490.5500,490.5500,1375,517000,
IGL_F2,04/20/2023,15:29:00,490.5000,490.5000,490.0000,490.0000,2750,517000,
IGL_F2,04/21/2023,09:16:00,488.7500,491.1000,488.7500,491.1000,9627,515625,
IGL_F2,04/21/2023,09:17:00,488.9000,488.9000,488.9000,488.9000,4125,515625,
IGL_F2,04/21/2023,09:18:00,488.9000,488.9000,488.9000,488.9000,1375,514250,
IGL_F2,04/21/2023,09:19:00,488.9000,488.9000,488.9000,488.9000,1375,514250,
IGL_F2,04/21/2023,09:21:00,488.0000,488.0000,488.0000,488.0000,16500,515625,
IGL_F2,04/21/2023,09:22:00,489.7500,489.7500,489.7500,489.7500,1375,515625,
IGL_F2,04/21/2023,09:23:00,489.7500,489.7500,489.4500,489.4500,4125,528000,
IGL_F2,04/21/2023,09:24:00,489.5000,489.5000,489.2500,489.2500,5500,528000,
IGL_F2,04/21/2023,09:28:00,489.2500,489.2500,488.9500,488.9500,5500,534875,
IGL_F2,04/21/2023,09:30:00,488.7000,488.7000,488.7000,488.7000,1375,533500,
IGL_F2,04/21/2023,09:32:00,488.7000,488.7000,488.7000,488.7000,2750,532125,
IGL_F2,04/21/2023,09:33:00,488.3000,488.3000,488.3000,488.3000,1375,532125,
IGL_F2,04/21/2023,09:35:00,487.8500,487.8500,487.8500,487.8500,4125,530750,
IGL_F2,04/21/2023,09:36:00,487.8500,487.8500,487.8500,487.8500,1375,530750,
IGL_F2,04/21/2023,09:38:00,487.8500,487.8500,487.8500,487.8500,1375,528000,
IGL_F2,04/21/2023,09:40:00,487.8500,487.8500,487.8500,487.8500,1375,528000,
IGL_F2,04/21/2023,09:41:00,487.8500,487.8500,487.8500,487.8500,4125,532125,
IGL_F2,04/21/2023,09:42:00,490.0000,490.0000,490.0000,490.0000,2750,532125,
IGL_F2,04/21/2023,09:43:00,489.5000,489.5000,489.5000,489.5000,1375,532125,
IGL_F2,04/21/2023,09:44:00,489.6500,489.6500,489.6500,489.6500,4125,534875,
IGL_F2,04/21/2023,09:45:00,489.6500,489.6500,489.6500,489.6500,1375,534875,
IGL_F2,04/21/2023,09:46:00,489.8500,489.8500,489.7500,489.7500,2750,534875,
IGL_F2,04/21/2023,09:47:00,490.3000,490.3500,490.3000,490.3500,9625,540375,
IGL_F2,04/21/2023,09:48:00,489.6500,489.6500,489.6500,489.6500,4125,540375,
IGL_F2,04/21/2023,09:50:00,489.6500,489.6500,489.6500,489.6500,1375,540375,
IGL_F2,04/21/2023,09:51:00,489.1000,489.1000,489.1000,489.1000,5500,547250,
IGL_F2,04/21/2023,09:54:00,489.1000,489.1000,489.1000,489.1000,2750,548625,
IGL_F2,04/21/2023,09:55:00,489.2000,489.2000,489.2000,489.2000,1375,548625,
IGL_F2,04/21/2023,09:56:00,489.3500,489.3500,489.3500,489.3500,1375,548625,
IGL_F2,04/21/2023,09:57:00,489.6000,489.6000,489.6000,489.6000,1375,548625,
IGL_F2,04/21/2023,09:58:00,489.6000,489.6000,489.6000,489.6000,4125,548625,
IGL_F2,04/21/2023,10:00:00,489.1500,489.1500,489.1500,489.1500,4125,552750,
IGL_F2,04/21/2023,10:01:00,489.1500,489.1500,489.1500,489.1500,1375,552750,
IGL_F2,04/21/2023,10:03:00,489.1500,490.5000,489.1500,490.5000,4125,554125,
IGL_F2,04/21/2023,10:05:00,490.3500,490.3500,490.3500,490.3500,2750,554125,
IGL_F2,04/21/2023,10:08:00,490.0000,490.5000,490.0000,490.5000,5500,556875,
IGL_F2,04/21/2023,10:09:00,490.5000,490.5000,490.5000,490.5000,1375,561000,
IGL_F2,04/21/2023,10:10:00,490.1000,490.1000,490.1000,490.1000,1375,561000,
IGL_F2,04/21/2023,10:11:00,490.1000,490.1000,490.1000,490.1000,1375,561000,
IGL_F2,04/21/2023,10:12:00,490.2000,490.2000,490.2000,490.2000,2750,562375,
IGL_F2,04/21/2023,10:13:00,490.1000,490.1000,490.1000,490.1000,2750,562375,
IGL_F2,04/21/2023,10:15:00,489.7000,489.7000,489.7000,489.7000,4125,562375,
IGL_F2,04/21/2023,10:16:00,489.5500,489.5500,489.5500,489.5500,2750,562375,
IGL_F2,04/21/2023,10:19:00,489.5500,489.5500,489.5500,489.5500,1375,565125,
IGL_F2,04/21/2023,10:20:00,488.7500,488.7500,488.7500,488.7500,4125,563750,
IGL_F2,04/21/2023,10:21:00,488.7500,488.7500,488.7500,488.7500,6875,563750,
IGL_F2,04/21/2023,10:23:00,487.2000,487.2000,487.2000,487.2000,1375,563750,
IGL_F2,04/21/2023,10:24:00,487.0500,487.0500,487.0500,487.0500,2750,567875,
IGL_F2,04/21/2023,10:25:00,487.0500,487.0500,487.0500,487.0500,2750,567875,
IGL_F2,04/21/2023,10:26:00,487.0000,487.0000,487.0000,487.0000,6875,567875,
IGL_F2,04/21/2023,10:27:00,486.9000,486.9000,486.9000,486.9000,4125,569250,
IGL_F2,04/21/2023,10:28:00,486.9000,486.9000,486.9000,486.9000,1375,569250,
IGL_F2,04/21/2023,10:29:00,486.9000,486.9000,486.9000,486.9000,2750,572000,
IGL_F2,04/21/2023,10:30:00,486.9000,487.0000,486.9000,487.0000,2750,572000,
IGL_F2,04/21/2023,10:31:00,487.0000,487.0000,487.0000,487.0000,1375,572000,
IGL_F2,04/21/2023,10:34:00,487.0000,487.9500,487.0000,487.9500,6875,576125,
IGL_F2,04/21/2023,10:36:00,487.9500,487.9500,487.9500,487.9500,1375,578875,
IGL_F2,04/21/2023,10:37:00,487.9500,488.4000,487.9500,488.4000,19250,578875,
IGL_F2,04/21/2023,10:38:00,487.8000,487.8000,487.5500,487.5500,13750,598125,
IGL_F2,04/21/2023,10:39:00,488.5000,488.5000,488.5000,488.5000,4125,598125,
IGL_F2,04/21/2023,10:40:00,488.5000,488.5000,488.5000,488.5000,1375,598125,
IGL_F2,04/21/2023,10:42:00,488.5000,488.5000,488.5000,488.5000,2750,607750,
IGL_F2,04/21/2023,10:43:00,487.6500,487.6500,487.6500,487.6500,1375,607750,
IGL_F2,04/21/2023,10:44:00,487.6500,487.6500,487.0000,487.0000,4125,609125,
IGL_F2,04/21/2023,10:45:00,487.0000,487.0000,486.6500,486.6500,5500,609125,
IGL_F2,04/21/2023,10:47:00,487.3000,487.3000,487.3000,487.3000,6875,616000,
IGL_F2,04/21/2023,10:48:00,487.3000,487.3000,487.3000,487.3000,1375,616000,
IGL_F2,04/21/2023,10:50:00,487.5000,487.5000,487.5000,487.5000,2750,621500,
IGL_F2,04/21/2023,10:51:00,487.5000,487.5000,487.5000,487.5000,1375,621500,
IGL_F2,04/21/2023,10:53:00,488.0500,488.0500,488.0500,488.0500,2750,621500,
IGL_F2,04/21/2023,10:54:00,488.0500,488.0500,488.0500,488.0500,1375,625625,
IGL_F2,04/21/2023,10:56:00,488.0500,488.0500,488.0500,488.0500,1375,625625,
IGL_F2,04/21/2023,10:57:00,488.0000,488.0000,488.0000,488.0000,1375,627000,
IGL_F2,04/21/2023,10:58:00,488.0000,488.0000,488.0000,488.0000,2750,627000,
IGL_F2,04/21/2023,11:00:00,488.0000,488.0000,488.0000,488.0000,1375,631125,
IGL_F2,04/21/2023,11:02:00,488.0000,488.0000,488.0000,488.0000,1375,631125,
IGL_F2,04/21/2023,11:04:00,488.0000,488.0000,488.0000,488.0000,4125,632500,
IGL_F2,04/21/2023,11:08:00,488.0000,488.0000,488.0000,488.0000,1375,635250,
IGL_F2,04/21/2023,11:09:00,488.0000,488.0000,488.0000,488.0000,2750,636625,
IGL_F2,04/21/2023,11:12:00,488.0000,488.0000,488.0000,488.0000,1375,638000,
IGL_F2,04/21/2023,11:13:00,488.0000,488.0000,488.0000,488.0000,1375,638000,
IGL_F2,04/21/2023,11:14:00,488.0000,488.1000,488.0000,488.1000,2750,638000,
IGL_F2,04/21/2023,11:15:00,488.1000,488.1000,488.1000,488.1000,1375,636625,
IGL_F2,04/21/2023,11:18:00,488.1000,488.1000,488.1000,488.1000,2750,638000,
IGL_F2,04/21/2023,11:20:00,488.1000,488.1000,488.1000,488.1000,1375,638000,
IGL_F2,04/21/2023,11:22:00,488.1000,488.1000,488.1000,488.1000,2750,638000,
IGL_F2,04/21/2023,11:24:00,488.1000,488.1000,488.1000,488.1000,2750,638000,
IGL_F2,04/21/2023,11:26:00,488.1000,488.4500,488.1000,488.4500,5500,640750,
IGL_F2,04/21/2023,11:28:00,488.4500,488.4500,488.4500,488.4500,2750,640750,
IGL_F2,04/21/2023,11:30:00,489.0500,489.0500,489.0500,489.0500,4125,642125,
IGL_F2,04/21/2023,11:31:00,489.0500,489.0500,489.0500,489.0500,2750,642125,
IGL_F2,04/21/2023,11:32:00,489.0500,489.5500,489.0500,489.5500,2750,642125,
IGL_F2,04/21/2023,11:34:00,489.5500,489.5500,489.5500,489.5500,1375,642125,
IGL_F2,04/21/2023,11:35:00,489.5500,489.5500,489.5500,489.5500,1375,642125,
IGL_F2,04/21/2023,11:37:00,489.5500,489.5500,488.3500,488.5000,8250,644875,
IGL_F2,04/21/2023,11:38:00,488.5000,488.5000,488.5000,488.5000,1375,644875,
IGL_F2,04/21/2023,11:40:00,488.5500,488.5500,488.5500,488.5500,2750,650375,
IGL_F2,04/21/2023,11:42:00,488.5500,488.5500,488.5500,488.5500,2750,651750,
IGL_F2,04/21/2023,11:44:00,488.5500,488.5500,488.5500,488.5500,2750,651750,
IGL_F2,04/21/2023,11:48:00,488.5500,488.5500,488.5500,488.5500,4125,655875,
IGL_F2,04/21/2023,11:52:00,488.5500,488.5500,488.5500,488.5500,1375,660000,
IGL_F2,04/21/2023,11:53:00,488.1000,488.1000,488.1000,488.1000,5500,664125,
IGL_F2,04/21/2023,11:57:00,488.1000,488.1000,488.1000,488.1000,1375,665500,
IGL_F2,04/21/2023,11:58:00,488.1000,488.1000,488.1000,488.1000,1375,665500,
IGL_F2,04/21/2023,11:59:00,488.1000,488.1000,488.1000,488.1000,1375,665500,
IGL_F2,04/21/2023,12:02:00,488.1000,488.4000,488.1000,488.4000,5500,669625,
IGL_F2,04/21/2023,12:03:00,488.4000,488.4000,488.4000,488.4000,1375,672375,
IGL_F2,04/21/2023,12:04:00,488.4000,488.4000,488.4000,488.4000,1375,672375,
IGL_F2,04/21/2023,12:06:00,488.1000,488.1000,488.1000,488.1000,2750,675125,
IGL_F2,04/21/2023,12:07:00,488.1000,488.1000,488.1000,488.1000,4125,675125,
IGL_F2,04/21/2023,12:10:00,488.1000,488.1000,488.1000,488.1000,1375,680625,
IGL_F2,04/21/2023,12:11:00,488.1000,488.1000,488.1000,488.1000,2750,680625,
IGL_F2,04/21/2023,12:12:00,488.1000,488.1000,488.0000,488.0000,2750,684750,
IGL_F2,04/21/2023,12:14:00,489.0500,489.0500,489.0500,489.0500,2750,684750,
IGL_F2,04/21/2023,12:15:00,489.0500,489.0500,489.0500,489.0500,4125,688875,
IGL_F2,04/21/2023,12:17:00,489.0000,489.0000,489.0000,489.0000,6875,688875,
IGL_F2,04/21/2023,12:19:00,489.0000,489.0000,489.0000,489.0000,1375,694375,
IGL_F2,04/21/2023,12:21:00,489.0000,489.0000,489.0000,489.0000,2750,695750,
IGL_F2,04/21/2023,12:23:00,488.0500,488.0500,487.9500,487.9500,5500,697125,
IGL_F2,04/21/2023,12:24:00,487.6000,487.6000,487.2500,487.2500,8250,697125,
IGL_F2,04/21/2023,12:26:00,487.2500,487.2500,487.2500,487.2500,1375,697125,
IGL_F2,04/21/2023,12:27:00,487.2500,487.2500,487.2500,487.2500,1375,698500,
IGL_F2,04/21/2023,12:28:00,487.2500,487.2500,487.2500,487.2500,1375,698500,
IGL_F2,04/21/2023,12:31:00,487.2500,487.2500,487.2500,487.2500,2750,701250,
IGL_F2,04/21/2023,12:32:00,487.2500,487.2500,487.2500,487.2500,1375,701250,
IGL_F2,04/21/2023,12:33:00,487.2500,487.2500,487.2500,487.2500,1375,704000,
IGL_F2,04/21/2023,12:37:00,487.2500,487.2500,487.2500,487.2500,4125,704000,
IGL_F2,04/21/2023,12:41:00,487.2500,487.2500,487.2500,487.2500,9625,706750,
IGL_F2,04/21/2023,12:42:00,487.0500,487.0500,487.0000,487.0000,12375,705375,
IGL_F2,04/21/2023,12:43:00,487.0000,487.0000,487.0000,487.0000,1375,705375,
IGL_F2,04/21/2023,12:45:00,486.7500,486.7500,486.7500,486.7500,1375,706750,
IGL_F2,04/21/2023,12:46:00,486.7500,486.7500,486.7500,486.7500,1375,706750,
IGL_F2,04/21/2023,12:47:00,486.7500,486.7500,486.7500,486.7500,4125,706750,
IGL_F2,04/21/2023,12:48:00,486.7500,486.7500,486.7500,486.7500,1375,709500,
IGL_F2,04/21/2023,12:49:00,486.7500,486.7500,486.0000,486.4000,17875,709500,
IGL_F2,04/21/2023,12:50:00,486.4000,486.4000,486.4000,486.4000,1375,709500,
IGL_F2,04/21/2023,12:51:00,486.0000,486.0000,486.0000,486.0000,2750,710875,
IGL_F2,04/21/2023,12:52:00,486.5000,486.5000,486.5000,486.5000,1375,710875,
IGL_F2,04/21/2023,12:53:00,486.5000,486.5000,486.5000,486.5000,2750,710875,
IGL_F2,04/21/2023,12:54:00,486.5000,486.5000,486.5000,486.5000,1375,713625,
IGL_F2,04/21/2023,12:55:00,486.5500,486.5500,486.5500,486.5500,1375,713625,
IGL_F2,04/21/2023,12:57:00,486.6000,486.6000,486.6000,486.6000,2750,713625,
IGL_F2,04/21/2023,12:58:00,486.6000,486.6000,486.6000,486.6000,28875,713625,
IGL_F2,04/21/2023,12:59:00,486.6000,486.6000,486.6000,486.6000,2750,713625,
IGL_F2,04/21/2023,13:00:00,486.3500,486.3500,486.3500,486.3500,2750,739750,
IGL_F2,04/21/2023,13:01:00,486.3500,486.3500,486.3500,486.3500,2750,739750,
IGL_F2,04/21/2023,13:02:00,485.9500,485.9500,485.9500,485.9500,2750,739750,
IGL_F2,04/21/2023,13:03:00,485.9500,485.9500,485.9500,485.9500,2750,741125,
IGL_F2,04/21/2023,13:04:00,485.9500,485.9500,485.9500,485.9500,1375,741125,
IGL_F2,04/21/2023,13:06:00,485.5000,485.5000,485.5000,485.5000,2750,743875,
IGL_F2,04/21/2023,13:07:00,486.4000,486.4000,486.4000,486.4000,2750,743875,
IGL_F2,04/21/2023,13:08:00,487.0500,487.0500,487.0500,487.0500,4125,743875,
IGL_F2,04/21/2023,13:10:00,487.0500,487.0500,487.0500,487.0500,1375,748000,
IGL_F2,04/21/2023,13:11:00,487.0500,487.0500,487.0500,487.0500,1375,748000,
IGL_F2,04/21/2023,13:12:00,487.0500,487.0500,487.0500,487.0500,1375,750750,
IGL_F2,04/21/2023,13:13:00,487.0500,487.0500,487.0500,487.0500,1375,750750,
IGL_F2,04/21/2023,13:14:00,487.0500,487.0500,487.0500,487.0500,1375,750750,
IGL_F2,04/21/2023,13:15:00,487.0500,487.0500,487.0500,487.0500,1375,752125,
IGL_F2,04/21/2023,13:16:00,487.0500,487.0500,487.0500,487.0500,1375,752125,
IGL_F2,04/21/2023,13:18:00,487.0500,487.0500,487.0500,487.0500,1375,752125,
IGL_F2,04/21/2023,13:21:00,487.0500,487.0500,486.9500,486.9500,5500,754875,
IGL_F2,04/21/2023,13:23:00,487.3000,487.3000,487.3000,487.3000,1375,754875,
IGL_F2,04/21/2023,13:24:00,487.3000,487.3000,487.3000,487.3000,1375,754875,
IGL_F2,04/21/2023,13:25:00,487.5000,487.5000,487.5000,487.5000,2750,760375,
IGL_F2,04/21/2023,13:26:00,487.5000,487.5000,487.5000,487.5000,1375,760375,
IGL_F2,04/21/2023,13:28:00,487.5000,487.5000,487.5000,487.5000,1375,761750,
IGL_F2,04/21/2023,13:30:00,487.5000,487.5000,487.5000,487.5000,1375,763125,
IGL_F2,04/21/2023,13:32:00,487.5000,487.5000,487.2500,487.2500,4125,763125,
IGL_F2,04/21/2023,13:34:00,487.2500,487.2500,487.0000,487.0000,6875,767250,
IGL_F2,04/21/2023,13:37:00,487.0000,487.0000,487.0000,487.0000,11000,770000,
IGL_F2,04/21/2023,13:38:00,487.0000,487.0000,487.0000,487.0000,2750,770000,
IGL_F2,04/21/2023,13:41:00,487.0000,487.0000,487.0000,487.0000,1375,778250,
IGL_F2,04/21/2023,13:42:00,487.0000,487.0000,487.0000,487.0000,1375,779625,
IGL_F2,04/21/2023,13:43:00,487.0000,487.0000,487.0000,487.0000,1375,779625,
IGL_F2,04/21/2023,13:44:00,488.0000,488.0000,488.0000,488.0000,57750,779625,
IGL_F2,04/21/2023,13:45:00,487.1000,487.1000,487.1000,487.1000,1375,779625,
IGL_F2,04/21/2023,13:46:00,487.1000,487.1000,487.0000,487.0000,2750,746625,
IGL_F2,04/21/2023,13:47:00,487.0000,487.0000,487.0000,487.0000,2750,746625,
IGL_F2,04/21/2023,13:48:00,487.0000,487.0000,487.0000,487.0000,1375,746625,
IGL_F2,04/21/2023,13:50:00,487.6000,487.6000,487.6000,487.6000,1375,750750,
IGL_F2,04/21/2023,13:51:00,488.2000,488.2000,488.2000,488.2000,2750,750750,
IGL_F2,04/21/2023,13:52:00,488.2000,488.2000,488.2000,488.2000,1375,750750,
IGL_F2,04/21/2023,13:53:00,487.8000,487.8000,487.8000,487.8000,4125,750750,
IGL_F2,04/21/2023,13:54:00,487.6500,487.6500,487.6500,487.6500,1375,754875,
IGL_F2,04/21/2023,13:56:00,487.6500,487.6500,487.6500,487.6500,1375,754875,
IGL_F2,04/21/2023,13:57:00,487.6500,487.6500,487.6500,487.6500,1375,757625,
IGL_F2,04/21/2023,13:58:00,487.8500,487.8500,487.8500,487.8500,2750,757625,
IGL_F2,04/21/2023,13:59:00,487.8500,487.8500,487.5000,487.5000,4125,757625,
IGL_F2,04/21/2023,14:01:00,487.5000,487.5000,487.5000,487.5000,2750,763125,
IGL_F2,04/21/2023,14:03:00,487.5000,487.5000,487.5000,487.5000,1375,765875,
IGL_F2,04/21/2023,14:04:00,487.5000,487.5000,487.5000,487.5000,1375,765875,
IGL_F2,04/21/2023,14:05:00,487.5000,487.5000,487.5000,487.5000,1375,765875,
IGL_F2,04/21/2023,14:07:00,488.1500,488.1500,488.1500,488.1500,2750,768625,
IGL_F2,04/21/2023,14:09:00,488.1500,488.1500,488.1500,488.1500,1375,768625,
IGL_F2,04/21/2023,14:10:00,488.1500,488.1500,488.1500,488.1500,1375,768625,
IGL_F2,04/21/2023,14:12:00,488.1500,488.1500,488.1500,488.1500,1375,768625,
IGL_F2,04/21/2023,14:13:00,488.1500,488.1500,488.1500,488.1500,2750,771375,
IGL_F2,04/21/2023,14:15:00,488.1500,488.1500,488.1500,488.1500,1375,774125,
IGL_F2,04/21/2023,14:18:00,488.1500,488.1500,487.6500,487.6500,4125,775500,
IGL_F2,04/21/2023,14:19:00,487.3500,487.3500,487.3500,487.3500,1375,775500,
IGL_F2,04/21/2023,14:21:00,487.3500,487.3500,487.3500,487.3500,1375,776875,
IGL_F2,04/21/2023,14:22:00,487.3500,487.3500,487.3500,487.3500,1375,776875,
IGL_F2,04/21/2023,14:23:00,487.3500,487.3500,487.3500,487.3500,1375,776875,
IGL_F2,04/21/2023,14:24:00,487.3500,487.3500,487.3500,487.3500,1375,776875,
IGL_F2,04/21/2023,14:26:00,487.3500,487.3500,487.3500,487.3500,1375,781000,
IGL_F2,04/21/2023,14:27:00,487.3500,487.3500,487.3500,487.3500,1375,781000,
IGL_F2,04/21/2023,14:28:00,487.3500,487.3500,487.3500,487.3500,1375,782375,
IGL_F2,04/21/2023,14:29:00,487.3500,487.3500,487.3500,487.3500,4125,782375,
IGL_F2,04/21/2023,14:31:00,488.2500,488.2500,488.2500,488.2500,4125,785125,
IGL_F2,04/21/2023,14:32:00,488.2500,488.2500,488.1000,488.1000,2750,785125,
IGL_F2,04/21/2023,14:35:00,488.1000,488.1000,488.1000,488.1000,1375,789250,
IGL_F2,04/21/2023,14:37:00,488.1000,488.1000,488.1000,488.1000,1375,790625,
IGL_F2,04/21/2023,14:42:00,488.1000,488.1000,488.1000,488.1000,1375,790625,
IGL_F2,04/21/2023,14:43:00,488.1000,488.1000,488.1000,488.1000,1375,790625,
IGL_F2,04/21/2023,14:45:00,488.3500,488.8000,488.3500,488.8000,12375,792000,
IGL_F2,04/21/2023,14:48:00,488.1500,488.1500,488.1500,488.1500,2750,790625,
IGL_F2,04/21/2023,14:49:00,488.1500,488.1500,488.1500,488.1500,15125,790625,
IGL_F2,04/21/2023,14:50:00,488.1500,488.1500,488.1500,488.1500,11000,790625,
IGL_F2,04/21/2023,14:51:00,488.0000,488.0000,488.0000,488.0000,5500,774125,
IGL_F2,04/21/2023,14:52:00,488.0000,488.0000,488.0000,488.0000,1375,774125,
IGL_F2,04/21/2023,14:53:00,488.6500,488.6500,488.6500,488.6500,4125,774125,
IGL_F2,04/21/2023,14:56:00,488.4000,488.4000,488.4000,488.4000,1375,772750,
IGL_F2,04/21/2023,14:57:00,488.4000,488.4000,488.4000,488.4000,1375,774125,
IGL_F2,04/21/2023,14:59:00,488.4000,488.4000,488.4000,488.4000,1375,774125,
IGL_F2,04/21/2023,15:00:00,488.6500,488.9000,488.6500,488.9000,2750,775500,
IGL_F2,04/21/2023,15:02:00,488.9000,489.1000,488.9000,489.1000,2750,775500,
IGL_F2,04/21/2023,15:04:00,489.1000,489.1000,489.1000,489.1000,1375,779625,
IGL_F2,04/21/2023,15:05:00,489.1000,489.1000,489.1000,489.1000,1375,779625,
IGL_F2,04/21/2023,15:06:00,489.1000,489.1000,489.1000,489.1000,1375,781000,
IGL_F2,04/21/2023,15:07:00,489.5000,489.5000,489.5000,489.5000,1375,781000,
IGL_F2,04/21/2023,15:08:00,489.6500,489.6500,489.6500,489.6500,1375,781000,
IGL_F2,04/21/2023,15:09:00,489.5000,489.5000,489.4000,489.4000,2750,782375,
IGL_F2,04/21/2023,15:10:00,489.6500,489.6500,489.2000,489.2000,5500,782375,
IGL_F2,04/21/2023,15:11:00,489.2000,489.4000,489.2000,489.4000,5500,782375,
IGL_F2,04/21/2023,15:12:00,489.4000,489.7000,489.3000,489.7000,4125,790625,
IGL_F2,04/21/2023,15:14:00,489.8000,489.8000,489.3500,489.3500,4125,790625,
IGL_F2,04/21/2023,15:15:00,489.7500,489.7500,489.7500,489.7500,4125,794750,
IGL_F2,04/21/2023,15:17:00,489.7000,489.7000,489.7000,489.7000,1375,794750,
IGL_F2,04/21/2023,15:20:00,489.9000,489.9000,489.9000,489.9000,4125,798875,
IGL_F2,04/21/2023,15:21:00,489.9500,489.9500,489.9500,489.9500,1375,798875,
IGL_F2,04/21/2023,15:22:00,489.7000,489.8000,489.7000,489.8000,12375,803000,
IGL_F2,04/21/2023,15:24:00,489.4000,489.5000,489.4000,489.5000,5500,815375,
IGL_F2,04/21/2023,15:25:00,489.5000,489.5000,489.5000,489.5000,1375,815375,
IGL_F2,04/21/2023,15:26:00,489.3000,489.3000,489.3000,489.3000,1375,815375,
IGL_F2,04/21/2023,15:27:00,489.3000,489.5000,489.3000,489.5000,2750,820875,
IGL_F2,04/21/2023,15:28:00,489.6000,489.6500,489.6000,489.6500,8250,820875,
IGL_F2,04/21/2023,15:29:00,489.4000,489.4000,489.4000,489.4000,1375,820875,
IGL_F2,04/24/2023,09:15:00,489.4000,489.4000,489.4000,489.4000,1375,816750,
IGL_F2,04/24/2023,09:16:00,489.4000,489.4000,489.4000,489.4000,1375,816750,
IGL_F2,04/24/2023,09:18:00,491.6000,491.6000,491.6000,491.6000,5500,819500,
IGL_F2,04/24/2023,09:19:00,491.6000,491.7500,491.6000,491.7500,17875,819500,
IGL_F2,04/24/2023,09:20:00,491.7500,491.7500,491.7500,491.7500,4125,819500,
IGL_F2,04/24/2023,09:21:00,491.9500,491.9500,491.9500,491.9500,1375,819500,
IGL_F2,04/24/2023,09:22:00,492.9500,493.7000,492.9500,493.7000,6875,819500,
IGL_F2,04/24/2023,09:23:00,493.7000,493.7000,493.7000,493.7000,4125,819500,
IGL_F2,04/24/2023,09:24:00,493.2500,493.2500,493.0000,493.0000,5500,827750,
IGL_F2,04/24/2023,09:25:00,493.0000,493.0000,493.0000,493.0000,1375,827750,
IGL_F2,04/24/2023,09:26:00,492.9500,492.9500,492.9500,492.9500,2750,827750,
IGL_F2,04/24/2023,09:27:00,493.0000,493.0000,493.0000,493.0000,4125,831875,
IGL_F2,04/24/2023,09:28:00,493.0000,493.0500,493.0000,493.0500,9625,831875,
IGL_F2,04/24/2023,09:29:00,492.9500,492.9500,492.9500,492.9500,4125,831875,
IGL_F2,04/24/2023,09:30:00,493.2500,493.3500,493.2500,493.3500,19250,838750,
IGL_F2,04/24/2023,09:31:00,493.3500,493.5000,493.3500,493.5000,5500,838750,
IGL_F2,04/24/2023,09:32:00,493.9500,493.9500,492.5000,492.5000,22000,859375,
IGL_F2,04/24/2023,09:33:00,493.1500,493.1500,493.1500,493.1500,5500,859375,
IGL_F2,04/24/2023,09:34:00,493.1500,493.1500,493.1500,493.1500,1375,859375,
IGL_F2,04/24/2023,09:35:00,492.9000,492.9000,492.7000,492.7000,15125,888250,
IGL_F2,04/24/2023,09:36:00,492.7000,492.9000,492.7000,492.9000,4125,888250,
IGL_F2,04/24/2023,09:37:00,492.5000,493.1500,492.2000,493.1500,17875,888250,
IGL_F2,04/24/2023,09:38:00,493.1500,493.1500,493.1500,493.1500,1375,888250,
IGL_F2,04/24/2023,09:40:00,492.5000,492.5000,492.2500,492.2500,20625,902000,
IGL_F2,04/24/2023,09:41:00,492.2500,492.2500,492.2500,492.2500,1375,921250,
IGL_F2,04/24/2023,09:42:00,492.2500,492.2500,492.0000,492.0000,8250,921250,
IGL_F2,04/24/2023,09:43:00,491.4000,491.4000,491.4000,491.4000,11000,921250,
IGL_F2,04/24/2023,09:44:00,491.4000,491.4000,491.4000,491.4000,2750,921250,
IGL_F2,04/24/2023,09:45:00,492.0500,492.7000,492.0500,492.7000,9625,940500,
IGL_F2,04/24/2023,09:46:00,492.8000,492.9000,492.8000,492.9000,13750,940500,
IGL_F2,04/24/2023,09:47:00,493.0500,493.0500,493.0500,493.0500,1375,940500,
IGL_F2,04/24/2023,09:48:00,492.5000,492.5000,491.8500,491.8500,5500,962500,
IGL_F2,04/24/2023,09:49:00,491.8500,491.8500,491.8500,491.8500,2750,962500,
IGL_F2,04/24/2023,09:50:00,492.3000,492.3000,491.9500,491.9500,5500,969375,
IGL_F2,04/24/2023,09:51:00,491.4000,491.8000,491.4000,491.8000,13750,969375,
IGL_F2,04/24/2023,09:53:00,492.0000,492.5000,492.0000,492.5000,11000,980375,
IGL_F2,04/24/2023,09:54:00,492.5000,492.5000,491.8000,491.8000,6875,980375,
IGL_F2,04/24/2023,09:55:00,491.8000,491.8000,491.2000,491.2000,6875,980375,
IGL_F2,04/24/2023,09:56:00,491.3500,491.3500,491.3500,491.3500,2750,980375,
IGL_F2,04/24/2023,09:57:00,491.3500,491.3500,491.3500,491.3500,2750,996875,
IGL_F2,04/24/2023,09:58:00,490.7500,490.7500,490.7500,490.7500,6875,996875,
IGL_F2,04/24/2023,09:59:00,490.5500,490.5500,490.5500,490.5500,16500,1007875,
IGL_F2,04/24/2023,10:01:00,490.7500,490.7500,490.7500,490.7500,4125,1007875,
IGL_F2,04/24/2023,10:02:00,490.7500,490.7500,490.7500,490.7500,2750,1013375,
IGL_F2,04/24/2023,10:03:00,491.0000,491.0000,490.6500,490.6500,8250,1013375,
IGL_F2,04/24/2023,10:04:00,490.6500,490.6500,490.6500,490.6500,2750,1013375,
IGL_F2,04/24/2023,10:05:00,491.2500,491.2500,491.2500,491.2500,5500,1013375,
IGL_F2,04/24/2023,10:06:00,490.8500,490.8500,490.4500,490.4500,8250,1025750,
IGL_F2,04/24/2023,10:08:00,490.4000,490.4000,490.1500,490.1500,8250,1032625,
IGL_F2,04/24/2023,10:09:00,490.1500,490.1500,490.1500,490.1500,15125,1032625,
IGL_F2,04/24/2023,10:10:00,490.1500,490.1500,490.1500,490.1500,8250,1032625,
IGL_F2,04/24/2023,10:11:00,490.1500,490.1500,490.0000,490.0000,9625,1057375,
IGL_F2,04/24/2023,10:12:00,490.0000,491.0000,490.0000,491.0000,9625,1057375,
IGL_F2,04/24/2023,10:13:00,491.0000,491.3500,491.0000,491.3500,8250,1057375,
IGL_F2,04/24/2023,10:14:00,491.2000,491.2000,491.2000,491.2000,8250,1080750,
IGL_F2,04/24/2023,10:15:00,491.2000,491.2000,491.2000,491.2000,9625,1080750,
IGL_F2,04/24/2023,10:16:00,491.4000,491.9000,491.4000,491.9000,9625,1080750,
IGL_F2,04/24/2023,10:17:00,491.9000,491.9000,491.9000,491.9000,9625,1104125,
IGL_F2,04/24/2023,10:18:00,491.9000,491.9000,491.9000,491.9000,6875,1104125,
IGL_F2,04/24/2023,10:19:00,490.6500,490.6500,490.2000,490.2000,9625,1104125,
IGL_F2,04/24/2023,10:20:00,490.2000,490.2000,490.2000,490.2000,4125,1130250,
IGL_F2,04/24/2023,10:21:00,490.2000,490.2000,490.0000,490.0000,4125,1130250,
IGL_F2,04/24/2023,10:22:00,490.0000,490.0000,490.0000,490.0000,8250,1130250,
IGL_F2,04/24/2023,10:23:00,490.0000,490.0000,490.0000,490.0000,4125,1130250,
IGL_F2,04/24/2023,10:24:00,490.0000,490.0000,489.4000,489.4000,9625,1141250,
IGL_F2,04/24/2023,10:25:00,489.4000,489.9500,489.4000,489.9500,6875,1141250,
IGL_F2,04/24/2023,10:26:00,489.9500,490.5000,489.9500,490.5000,5500,1149500,
IGL_F2,04/24/2023,10:27:00,490.4000,490.4000,490.4000,490.4000,8250,1149500,
IGL_F2,04/24/2023,10:28:00,490.4000,490.4000,490.4000,490.4000,2750,1149500,
IGL_F2,04/24/2023,10:29:00,490.9000,490.9000,490.9000,490.9000,12375,1161875,
IGL_F2,04/24/2023,10:30:00,490.9000,490.9000,490.9000,490.9000,6875,1161875,
IGL_F2,04/24/2023,10:31:00,490.9000,490.9000,490.9000,490.9000,5500,1161875,
IGL_F2,04/24/2023,10:32:00,490.9000,490.9000,490.9000,490.9000,8250,1161875,
IGL_F2,04/24/2023,10:33:00,490.9000,490.9000,490.9000,490.9000,4125,1172875,
IGL_F2,04/24/2023,10:34:00,490.9000,491.6000,490.9000,491.6000,5500,1172875,
IGL_F2,04/24/2023,10:35:00,491.6000,491.6000,491.6000,491.6000,8250,1181125,
IGL_F2,04/24/2023,10:36:00,491.6000,491.6000,491.6000,491.6000,6875,1181125,
IGL_F2,04/24/2023,10:37:00,491.6000,491.6000,491.6000,491.6000,9625,1181125,
IGL_F2,04/24/2023,10:38:00,491.6000,491.6000,491.6000,491.6000,2750,1181125,
IGL_F2,04/24/2023,10:39:00,491.6000,491.6000,491.6000,491.6000,13750,1203125,
IGL_F2,04/24/2023,10:40:00,491.4000,491.4000,491.4000,491.4000,6875,1203125,
IGL_F2,04/24/2023,10:41:00,491.4000,491.4000,491.4000,491.4000,8250,1227875,
IGL_F2,04/24/2023,10:42:00,491.4000,491.4000,491.4000,491.4000,4125,1227875,
IGL_F2,04/24/2023,10:43:00,491.4000,491.4000,491.4000,491.4000,4125,1227875,
IGL_F2,04/24/2023,10:44:00,491.4000,491.4000,491.4000,491.4000,19250,1227875,
IGL_F2,04/24/2023,10:45:00,491.4000,491.4000,491.3000,491.3000,6875,1254000,
IGL_F2,04/24/2023,10:46:00,491.3000,491.3000,491.3000,491.3000,6875,1254000,
IGL_F2,04/24/2023,10:47:00,491.3000,491.3000,491.3000,491.3000,8250,1273250,
IGL_F2,04/24/2023,10:48:00,491.3000,491.3000,491.3000,491.3000,9625,1273250,
IGL_F2,04/24/2023,10:49:00,491.4000,491.4000,491.4000,491.4000,5500,1273250,
IGL_F2,04/24/2023,10:50:00,490.9000,490.9000,490.0500,490.0500,30250,1273250,
IGL_F2,04/24/2023,10:51:00,490.0500,490.0500,490.0500,490.0500,6875,1303500,
IGL_F2,04/24/2023,10:52:00,490.0500,490.0500,490.0500,490.0500,6875,1303500,
IGL_F2,04/24/2023,10:53:00,490.0500,490.0500,490.0500,490.0500,11000,1321375,
IGL_F2,04/24/2023,10:54:00,490.0500,490.0500,490.0500,490.0500,2750,1321375,
IGL_F2,04/24/2023,10:55:00,490.0500,490.0500,490.0500,490.0500,8250,1321375,
IGL_F2,04/24/2023,10:57:00,490.0500,490.0500,490.0500,490.0500,13750,1336500,
IGL_F2,04/24/2023,10:58:00,490.0500,490.0500,490.0500,490.0500,4125,1336500,
IGL_F2,04/24/2023,10:59:00,490.0500,490.1000,490.0500,490.1000,8250,1358500,
IGL_F2,04/24/2023,11:00:00,490.0500,490.0500,489.9500,489.9500,8250,1358500,
IGL_F2,04/24/2023,11:01:00,489.9500,489.9500,489.9500,489.9500,9625,1358500,
IGL_F2,04/24/2023,11:02:00,489.9500,490.3000,489.9500,490.3000,6875,1358500,
IGL_F2,04/24/2023,11:03:00,490.3000,490.3000,490.3000,490.3000,8250,1381875,
IGL_F2,04/24/2023,11:04:00,490.3000,490.3000,490.3000,490.3000,8250,1381875,
IGL_F2,04/24/2023,11:05:00,490.3000,490.3000,490.3000,490.3000,5500,1381875,
IGL_F2,04/24/2023,11:06:00,490.3000,490.3000,490.3000,490.3000,6875,1403875,
IGL_F2,04/24/2023,11:07:00,490.3000,490.7500,490.3000,490.7500,6875,1403875,
IGL_F2,04/24/2023,11:08:00,490.7500,490.7500,490.7500,490.7500,4125,1403875,
IGL_F2,04/24/2023,11:09:00,490.7500,490.7500,490.7500,490.7500,6875,1419000,
IGL_F2,04/24/2023,11:10:00,490.7500,490.7500,490.7500,490.7500,4125,1419000,
IGL_F2,04/24/2023,11:11:00,490.7500,490.7500,490.7500,490.7500,6875,1419000,
IGL_F2,04/24/2023,11:12:00,490.7500,490.7500,490.7500,490.7500,8250,1435500,
IGL_F2,04/24/2023,11:13:00,490.7500,490.7500,490.4000,490.4000,4125,1435500,
IGL_F2,04/24/2023,11:14:00,490.4000,490.4000,490.4000,490.4000,6875,1452000,
IGL_F2,04/24/2023,11:15:00,490.7000,490.7000,490.7000,490.7000,5500,1452000,
IGL_F2,04/24/2023,11:16:00,490.7000,490.7000,490.7000,490.7000,5500,1452000,
IGL_F2,04/24/2023,11:17:00,490.9500,490.9500,490.9500,490.9500,9625,1452000,
IGL_F2,04/24/2023,11:18:00,490.9500,490.9500,490.9500,490.9500,6875,1471250,
IGL_F2,04/24/2023,11:19:00,490.9500,490.9500,490.9500,490.9500,9625,1471250,
IGL_F2,04/24/2023,11:20:00,490.9500,490.9500,490.9500,490.9500,4125,1489125,
IGL_F2,04/24/2023,11:21:00,490.9500,490.9500,490.9500,490.9500,4125,1489125,
IGL_F2,04/24/2023,11:22:00,490.9500,490.9500,490.9000,490.9000,6875,1489125,
IGL_F2,04/24/2023,11:23:00,490.9000,490.9000,490.9000,490.9000,8250,1489125,
IGL_F2,04/24/2023,11:24:00,490.9000,490.9500,490.9000,490.9500,6875,1509750,
IGL_F2,04/24/2023,11:25:00,490.9500,491.4500,490.9500,491.4500,8250,1509750,
IGL_F2,04/24/2023,11:26:00,491.4500,491.7000,491.4500,491.7000,6875,1509750,
IGL_F2,04/24/2023,11:27:00,491.7000,491.7000,491.7000,491.7000,5500,1527625,
IGL_F2,04/24/2023,11:28:00,491.7000,491.7000,491.7000,491.7000,4125,1527625,
IGL_F2,04/24/2023,11:29:00,491.7000,491.7000,491.7000,491.7000,8250,1527625,
IGL_F2,04/24/2023,11:30:00,491.7000,491.7000,491.7000,491.7000,4125,1540000,
IGL_F2,04/24/2023,11:31:00,491.7000,491.7000,491.7000,491.7000,4125,1540000,
IGL_F2,04/24/2023,11:32:00,491.7000,491.7000,491.7000,491.7000,4125,1540000,
IGL_F2,04/24/2023,11:33:00,491.4500,491.4500,491.4500,491.4500,4125,1552375,
IGL_F2,04/24/2023,11:34:00,491.4000,491.4000,491.4000,491.4000,9625,1552375,
IGL_F2,04/24/2023,11:35:00,491.7000,491.7000,491.7000,491.7000,5500,1552375,
IGL_F2,04/24/2023,11:36:00,491.7000,491.8500,491.7000,491.8500,8250,1566125,
IGL_F2,04/24/2023,11:37:00,491.8500,491.9000,491.8500,491.9000,9625,1566125,
IGL_F2,04/24/2023,11:38:00,491.9000,491.9000,491.9000,491.9000,6875,1566125,
IGL_F2,04/24/2023,11:39:00,491.9000,491.9000,491.4000,491.4000,4125,1588125,
IGL_F2,04/24/2023,11:40:00,491.4000,491.4000,491.4000,491.4000,4125,1588125,
IGL_F2,04/24/2023,11:41:00,491.4000,491.4000,491.4000,491.4000,6875,1588125,
IGL_F2,04/24/2023,11:42:00,491.4000,491.4000,491.4000,491.4000,11000,1601875,
IGL_F2,04/24/2023,11:43:00,491.2000,491.2000,491.2000,491.2000,9625,1601875,
IGL_F2,04/24/2023,11:44:00,491.2000,491.2000,491.2000,491.2000,4125,1601875,
IGL_F2,04/24/2023,11:45:00,491.2000,491.2000,491.2000,491.2000,8250,1618375,
IGL_F2,04/24/2023,11:46:00,491.2000,491.2000,491.2000,491.2000,13750,1618375,
IGL_F2,04/24/2023,11:47:00,491.2000,491.2000,491.2000,491.2000,1375,1618375,
IGL_F2,04/24/2023,11:48:00,491.2000,491.2000,491.2000,491.2000,6875,1643125,
IGL_F2,04/24/2023,11:49:00,491.2000,491.2000,490.0500,490.0500,30250,1643125,
IGL_F2,04/24/2023,11:50:00,490.0500,490.0500,490.0500,490.0500,12375,1643125,
IGL_F2,04/24/2023,11:51:00,490.4500,490.7000,490.4500,490.7000,8250,1676125,
IGL_F2,04/24/2023,11:52:00,490.7000,490.7500,490.1500,490.1500,23375,1676125,
IGL_F2,04/24/2023,11:53:00,490.1500,490.1500,490.1500,490.1500,8250,1692625,
IGL_F2,04/24/2023,11:54:00,490.0000,490.0000,490.0000,490.0000,9625,1692625,
IGL_F2,04/24/2023,11:55:00,490.0000,490.0000,490.0000,490.0000,1375,1692625,
IGL_F2,04/24/2023,11:56:00,490.0000,490.0000,490.0000,490.0000,6875,1710500,
IGL_F2,04/24/2023,11:57:00,490.0000,490.0000,490.0000,490.0000,13750,1710500,
IGL_F2,04/24/2023,11:58:00,490.0000,490.0000,490.0000,490.0000,11000,1710500,
IGL_F2,04/24/2023,11:59:00,490.0000,490.0000,490.0000,490.0000,41250,1757250,
IGL_F2,04/24/2023,12:00:00,490.0000,490.2000,490.0000,490.2000,8250,1757250,
IGL_F2,04/24/2023,12:01:00,490.2000,490.2500,490.2000,490.2500,44000,1757250,
IGL_F2,04/24/2023,12:02:00,490.2500,490.2500,490.2500,490.2500,34375,1832875,
IGL_F2,04/24/2023,12:03:00,490.2500,490.2500,490.2500,490.2500,2750,1832875,
IGL_F2,04/24/2023,12:04:00,490.2500,490.2500,489.5000,489.5000,8250,1832875,
IGL_F2,04/24/2023,12:05:00,489.6000,489.6000,489.6000,489.6000,6875,1832875,
IGL_F2,04/24/2023,12:06:00,489.6000,489.6000,489.6000,489.6000,6875,1870000,
IGL_F2,04/24/2023,12:07:00,489.6000,489.6000,489.6000,489.6000,61875,1870000,
IGL_F2,04/24/2023,12:08:00,489.6000,489.6000,489.6000,489.6000,6875,1870000,
IGL_F2,04/24/2023,12:09:00,489.6000,489.9500,489.6000,489.9500,17875,1933250,
IGL_F2,04/24/2023,12:10:00,489.9500,490.1000,489.9500,490.1000,6875,1933250,
IGL_F2,04/24/2023,12:11:00,490.1000,490.1000,490.1000,490.1000,8250,1933250,
IGL_F2,04/24/2023,12:12:00,490.1000,490.2500,490.1000,490.2500,5500,1962125,
IGL_F2,04/24/2023,12:13:00,490.2500,490.3000,490.0000,490.0000,12375,1962125,
IGL_F2,04/24/2023,12:14:00,490.0000,490.4000,490.0000,490.4000,2750,1962125,
IGL_F2,04/24/2023,12:15:00,490.4000,490.4000,489.5500,489.5500,12375,1973125,
IGL_F2,04/24/2023,12:16:00,489.5500,489.5500,489.5500,489.5500,13750,1973125,
IGL_F2,04/24/2023,12:17:00,489.5500,489.5500,489.5500,489.5500,5500,1988250,
IGL_F2,04/24/2023,12:18:00,489.5500,489.5500,489.5500,489.5500,8250,1988250,
IGL_F2,04/24/2023,12:20:00,489.5500,489.5500,489.5500,489.5500,1375,1988250,
IGL_F2,04/24/2023,12:21:00,489.5500,489.5500,489.5500,489.5500,5500,2000625,
IGL_F2,04/24/2023,12:22:00,489.5500,489.5500,489.5500,489.5500,13750,2000625,
IGL_F2,04/24/2023,12:23:00,489.5500,489.5500,489.5500,489.5500,12375,2000625,
IGL_F2,04/24/2023,12:24:00,489.5500,489.9000,489.5500,489.9000,4125,2013000,
IGL_F2,04/24/2023,12:25:00,489.9000,489.9000,489.9000,489.9000,2750,2013000,
IGL_F2,04/24/2023,12:27:00,489.9000,489.9000,489.9000,489.9000,5500,2017125,
IGL_F2,04/24/2023,12:28:00,489.9000,489.9000,489.9000,489.9000,2750,2017125,
IGL_F2,04/24/2023,12:29:00,489.9000,489.9000,489.9000,489.9000,1375,2017125,
IGL_F2,04/24/2023,12:30:00,489.9000,489.9000,489.9000,489.9000,2750,2021250,
IGL_F2,04/24/2023,12:31:00,489.6000,489.6000,489.6000,489.6000,8250,2021250,
IGL_F2,04/24/2023,12:32:00,489.9000,489.9000,489.9000,489.9000,2750,2021250,
IGL_F2,04/24/2023,12:33:00,489.9000,489.9000,489.9000,489.9000,1375,2032250,
IGL_F2,04/24/2023,12:34:00,489.9000,489.9000,489.9000,489.9000,2750,2032250,
IGL_F2,04/24/2023,12:36:00,489.9000,489.9000,489.9000,489.9000,6875,2037750,
IGL_F2,04/24/2023,12:37:00,489.9000,489.9000,489.9000,489.9000,1375,2037750,
IGL_F2,04/24/2023,12:38:00,489.9500,489.9500,489.9500,489.9500,2750,2037750,
IGL_F2,04/24/2023,12:39:00,489.8000,489.8000,489.8000,489.8000,33000,2044625,
IGL_F2,04/24/2023,12:40:00,489.8000,490.5000,489.8000,490.5000,16500,2044625,
IGL_F2,04/24/2023,12:41:00,490.5000,490.5000,490.5000,490.5000,8250,2044625,
IGL_F2,04/24/2023,12:42:00,490.5000,490.5000,490.5000,490.5000,2750,2094125,
IGL_F2,04/24/2023,12:44:00,490.5000,490.5000,490.4000,490.4000,4125,2094125,
IGL_F2,04/24/2023,12:45:00,490.4000,490.4000,490.4000,490.4000,4125,2102375,
IGL_F2,04/24/2023,12:46:00,490.5000,490.5000,490.5000,490.5000,6875,2102375,
IGL_F2,04/24/2023,12:48:00,490.5000,490.5000,490.5000,490.5000,1375,2102375,
IGL_F2,04/24/2023,12:49:00,490.5000,490.5000,490.5000,490.5000,5500,2113375,
IGL_F2,04/24/2023,12:50:00,490.5000,490.5000,490.5000,490.5000,2750,2113375,
IGL_F2,04/24/2023,12:52:00,490.5000,490.5000,490.5000,490.5000,2750,2121625,
IGL_F2,04/24/2023,12:53:00,490.5000,490.5000,490.5000,490.5000,2750,2121625,
IGL_F2,04/24/2023,12:54:00,490.9000,490.9000,490.9000,490.9000,4125,2127125,
IGL_F2,04/24/2023,12:55:00,491.0000,491.0000,491.0000,491.0000,2750,2127125,
IGL_F2,04/24/2023,12:57:00,491.0000,491.0000,491.0000,491.0000,4125,2134000,
IGL_F2,04/24/2023,12:59:00,491.0000,491.0000,491.0000,491.0000,1375,2134000,
IGL_F2,04/24/2023,13:00:00,491.0000,491.0000,491.0000,491.0000,2750,2140875,
IGL_F2,04/24/2023,13:01:00,491.0000,491.0000,491.0000,491.0000,2750,2140875,
IGL_F2,04/24/2023,13:02:00,491.0000,491.0000,491.0000,491.0000,6875,2140875,
IGL_F2,04/24/2023,13:04:00,491.0000,491.0000,491.0000,491.0000,1375,2151875,
IGL_F2,04/24/2023,13:05:00,491.0000,491.0000,491.0000,491.0000,5500,2151875,
IGL_F2,04/24/2023,13:06:00,491.0000,491.0000,490.1500,490.1500,5500,2158750,
IGL_F2,04/24/2023,13:07:00,490.4000,490.4000,490.4000,490.4000,1375,2158750,
IGL_F2,04/24/2023,13:08:00,490.4000,490.4000,490.4000,490.4000,2750,2158750,
IGL_F2,04/24/2023,13:10:00,490.4000,490.4000,490.4000,490.4000,1375,2165625,
IGL_F2,04/24/2023,13:12:00,490.6000,490.6000,490.6000,490.6000,5500,2165625,
IGL_F2,04/24/2023,13:13:00,490.5000,490.5000,490.5000,490.5000,9625,2165625,
IGL_F2,04/24/2023,13:14:00,490.5000,490.5000,490.5000,490.5000,15125,2165625,
IGL_F2,04/24/2023,13:15:00,490.5000,490.5000,490.4000,490.4000,4125,2194500,
IGL_F2,04/24/2023,13:16:00,490.4000,490.4000,490.4000,490.4000,1375,2194500,
IGL_F2,04/24/2023,13:17:00,490.5000,490.5000,490.5000,490.5000,4125,2194500,
IGL_F2,04/24/2023,13:18:00,490.5000,490.5000,490.5000,490.5000,1375,2200000,
IGL_F2,04/24/2023,13:19:00,490.5000,490.5000,490.5000,490.5000,8250,2200000,
IGL_F2,04/24/2023,13:20:00,490.5000,490.6000,490.5000,490.6000,2750,2200000,
IGL_F2,04/24/2023,13:21:00,490.8500,490.8500,490.8500,490.8500,2750,2209625,
IGL_F2,04/24/2023,13:22:00,490.8500,490.9500,490.8500,490.9500,4125,2209625,
IGL_F2,04/24/2023,13:23:00,490.9500,490.9500,490.9500,490.9500,4125,2209625,
IGL_F2,04/24/2023,13:24:00,490.9500,490.9500,490.9500,490.9500,24750,2217875,
IGL_F2,04/24/2023,13:26:00,490.9500,490.9500,490.9500,490.9500,15125,2217875,
IGL_F2,04/24/2023,13:28:00,490.9500,490.9500,490.9500,490.9500,12375,2252250,
IGL_F2,04/24/2023,13:29:00,490.9500,490.9500,490.9500,490.9500,11000,2252250,
IGL_F2,04/24/2023,13:30:00,490.9500,491.0500,490.9500,491.0500,6875,2275625,
IGL_F2,04/24/2023,13:31:00,491.0500,491.0500,491.0500,491.0500,8250,2275625,
IGL_F2,04/24/2023,13:32:00,491.0500,491.0500,491.0500,491.0500,8250,2275625,
IGL_F2,04/24/2023,13:33:00,491.0500,491.2000,491.0500,491.2000,4125,2296250,
IGL_F2,04/24/2023,13:34:00,491.2000,491.2000,491.2000,491.2000,8250,2296250,
IGL_F2,04/24/2023,13:35:00,491.2000,491.2000,491.1000,491.1000,9625,2296250,
IGL_F2,04/24/2023,13:38:00,491.1000,491.1000,491.1000,491.1000,23375,2316875,
IGL_F2,04/24/2023,13:39:00,491.1000,491.1000,491.1000,491.1000,6875,2338875,
IGL_F2,04/24/2023,13:40:00,491.1000,491.1000,491.1000,491.1000,8250,2338875,
IGL_F2,04/24/2023,13:41:00,490.3000,490.3000,490.3000,490.3000,8250,2338875,
IGL_F2,04/24/2023,13:42:00,490.3000,490.3000,490.3000,490.3000,6875,2359500,
IGL_F2,04/24/2023,13:43:00,490.3000,490.3000,490.3000,490.3000,6875,2359500,
IGL_F2,04/24/2023,13:44:00,490.3000,490.5500,490.3000,490.5500,13750,2359500,
IGL_F2,04/24/2023,13:45:00,490.5500,490.5500,490.5500,490.5500,4125,2382875,
IGL_F2,04/24/2023,13:46:00,490.5500,491.8500,490.2500,490.2500,31625,2382875,
IGL_F2,04/24/2023,13:47:00,490.2500,490.2500,490.2500,490.2500,6875,2382875,
IGL_F2,04/24/2023,13:48:00,490.2500,490.2500,490.0500,490.0500,5500,2404875,
IGL_F2,04/24/2023,13:49:00,489.6500,489.6500,489.5500,489.5500,9625,2404875,
IGL_F2,04/24/2023,13:50:00,489.5500,489.5500,489.5500,489.5500,9625,2404875,
IGL_F2,04/24/2023,13:51:00,489.5500,489.5500,489.5500,489.5500,5500,2404875,
IGL_F2,04/24/2023,13:52:00,489.5500,489.5500,489.5500,489.5500,13750,2429625,
IGL_F2,04/24/2023,13:53:00,489.5500,489.5500,489.5500,489.5500,4125,2429625,
IGL_F2,04/24/2023,13:54:00,489.5500,489.8000,489.5500,489.8000,5500,2450250,
IGL_F2,04/24/2023,13:55:00,489.8000,489.8000,489.8000,489.8000,9625,2450250,
IGL_F2,04/24/2023,13:56:00,489.8000,489.8000,489.8000,489.8000,4125,2450250,
IGL_F2,04/24/2023,13:57:00,489.8000,489.8000,489.8000,489.8000,6875,2470875,
IGL_F2,04/24/2023,13:58:00,489.8000,489.8000,489.8000,489.8000,1375,2470875,
IGL_F2,04/24/2023,13:59:00,489.8000,489.8000,489.6000,489.6000,19250,2470875,
IGL_F2,04/24/2023,14:00:00,489.6000,489.6000,489.6000,489.6000,6875,2491500,
IGL_F2,04/24/2023,14:01:00,489.6000,489.9000,489.6000,489.9000,2750,2491500,
IGL_F2,04/24/2023,14:02:00,490.1500,490.1500,490.1500,490.1500,2750,2491500,
IGL_F2,04/24/2023,14:03:00,490.1500,490.1500,490.1500,490.1500,17875,2498375,
IGL_F2,04/24/2023,14:04:00,490.1500,490.1500,490.1500,490.1500,9625,2498375,
IGL_F2,04/24/2023,14:05:00,490.1500,490.1500,490.1500,490.1500,2750,2498375,
IGL_F2,04/24/2023,14:08:00,490.1500,490.1500,490.1500,490.1500,35750,2528625,
IGL_F2,04/24/2023,14:09:00,490.1500,490.1500,490.1500,490.1500,39875,2601500,
IGL_F2,04/24/2023,14:10:00,490.1500,490.1500,489.9000,489.9000,13750,2601500,
IGL_F2,04/24/2023,14:11:00,489.9000,489.9000,489.9000,489.9000,4125,2601500,
IGL_F2,04/24/2023,14:12:00,489.9000,489.9000,489.9000,489.9000,5500,2623500,
IGL_F2,04/24/2023,14:13:00,489.9000,489.9000,489.9000,489.9000,1375,2623500,
IGL_F2,04/24/2023,14:14:00,490.1500,490.1500,489.8500,489.8500,4125,2623500,
IGL_F2,04/24/2023,14:15:00,489.6500,489.6500,489.6500,489.6500,1375,2633125,
IGL_F2,04/24/2023,14:16:00,489.6500,489.6500,489.6500,489.6500,9625,2633125,
IGL_F2,04/24/2023,14:17:00,489.6500,489.6500,489.6500,489.6500,1375,2633125,
IGL_F2,04/24/2023,14:18:00,490.0000,490.0000,490.0000,490.0000,5500,2648250,
IGL_F2,04/24/2023,14:19:00,490.0000,490.0000,490.0000,490.0000,22000,2648250,
IGL_F2,04/24/2023,14:20:00,490.0000,490.0000,489.6000,489.6000,19250,2648250,
IGL_F2,04/24/2023,14:21:00,489.6000,489.6000,489.6000,489.6000,15125,2704625,
IGL_F2,04/24/2023,14:22:00,489.6000,489.6000,489.6000,489.6000,4125,2704625,
IGL_F2,04/24/2023,14:23:00,489.6000,489.6000,489.6000,489.6000,2750,2704625,
IGL_F2,04/24/2023,14:24:00,489.6000,489.6000,489.6000,489.6000,2750,2715625,
IGL_F2,04/24/2023,14:25:00,489.6000,489.6000,489.6000,489.6000,4125,2715625,
IGL_F2,04/24/2023,14:26:00,489.6000,489.6000,489.5000,489.5000,4125,2715625,
IGL_F2,04/24/2023,14:27:00,489.5000,489.5000,489.5000,489.5000,8250,2723875,
IGL_F2,04/24/2023,14:28:00,489.5000,489.5000,489.5000,489.5000,5500,2723875,
IGL_F2,04/24/2023,14:29:00,489.5000,489.5000,489.5000,489.5000,6875,2723875,
IGL_F2,04/24/2023,14:30:00,489.4000,489.4000,489.4000,489.4000,2750,2723875,
IGL_F2,04/24/2023,14:31:00,489.5000,489.5000,489.5000,489.5000,1375,2737625,
IGL_F2,04/24/2023,14:32:00,489.5000,489.5000,489.5000,489.5000,1375,2737625,
IGL_F2,04/24/2023,14:34:00,489.5000,489.5000,489.5000,489.5000,1375,2736250,
IGL_F2,04/24/2023,14:35:00,489.2500,489.2500,489.2500,489.2500,4125,2736250,
IGL_F2,04/24/2023,14:36:00,489.2000,489.2000,489.2000,489.2000,5500,2736250,
IGL_F2,04/24/2023,14:37:00,489.1000,489.1000,489.1000,489.1000,5500,2732125,
IGL_F2,04/24/2023,14:38:00,489.1000,489.1000,489.1000,489.1000,2750,2732125,
IGL_F2,04/24/2023,14:42:00,489.1000,489.1000,489.1000,489.1000,1375,2737625,
IGL_F2,04/24/2023,14:44:00,489.1000,489.1000,489.1000,489.1000,5500,2737625,
IGL_F2,04/24/2023,14:46:00,489.1000,489.1000,489.1000,489.1000,1375,2737625,
IGL_F2,04/24/2023,14:47:00,489.1000,489.4000,489.1000,489.4000,4125,2741750,
IGL_F2,04/24/2023,14:48:00,489.4500,489.4500,489.4500,489.4500,2750,2744500,
IGL_F2,04/24/2023,14:51:00,489.4500,489.4500,489.4500,489.4500,1375,2744500,
IGL_F2,04/24/2023,14:54:00,489.0500,489.0500,488.5500,488.5500,17875,2750000,
IGL_F2,04/24/2023,14:55:00,488.5500,488.5500,488.3500,488.3500,27500,2750000,
IGL_F2,04/24/2023,14:56:00,488.0500,488.0500,488.0500,488.0500,2750,2750000,
IGL_F2,04/24/2023,14:57:00,488.0500,488.6500,488.0500,488.5500,9625,2777500,
IGL_F2,04/24/2023,14:58:00,488.9000,488.9000,488.9000,488.9000,8250,2777500,
IGL_F2,04/24/2023,14:59:00,488.9000,488.9000,488.9000,488.9000,1375,2777500,
IGL_F2,04/24/2023,15:00:00,488.9500,488.9500,488.9500,488.9500,2750,2777500,
IGL_F2,04/24/2023,15:01:00,488.9500,488.9500,488.9500,488.9500,1375,2781625,
IGL_F2,04/24/2023,15:02:00,488.9500,488.9500,488.9500,488.9500,5500,2781625,
IGL_F2,04/24/2023,15:03:00,488.9500,488.9500,488.9500,488.9500,2750,2787125,
IGL_F2,04/24/2023,15:05:00,488.9500,488.9500,488.9500,488.9500,1375,2787125,
IGL_F2,04/24/2023,15:07:00,488.9500,488.9500,488.9500,488.9500,5500,2787125,
IGL_F2,04/24/2023,15:11:00,488.9500,488.9500,488.9500,488.9500,2750,2791250,
IGL_F2,04/24/2023,15:12:00,489.4500,489.4500,489.4500,489.4500,4125,2794000,
IGL_F2,04/24/2023,15:13:00,489.4500,489.4500,489.4500,489.4500,2750,2794000,
IGL_F2,04/24/2023,15:14:00,488.9500,488.9500,488.9500,488.9500,2750,2794000,
IGL_F2,04/24/2023,15:15:00,488.9500,488.9500,488.9500,488.9500,1375,2794000,
IGL_F2,04/24/2023,15:16:00,488.9500,488.9500,488.9500,488.9500,1375,2798125,
IGL_F2,04/24/2023,15:17:00,488.8500,488.8500,488.8500,488.8500,2750,2798125,
IGL_F2,04/24/2023,15:20:00,488.8500,488.8500,488.8000,488.8000,30250,2800875,
IGL_F2,04/24/2023,15:21:00,488.5000,488.5000,487.9000,487.9000,11000,2831125,
IGL_F2,04/24/2023,15:22:00,487.9000,487.9000,487.9000,487.9000,1375,2831125,
IGL_F2,04/24/2023,15:24:00,487.9500,488.1500,487.9500,488.1500,9625,2832500,
IGL_F2,04/24/2023,15:25:00,488.2000,488.4000,488.2000,488.4000,5500,2832500,
IGL_F2,04/24/2023,15:26:00,488.3000,488.3000,488.3000,488.3000,5500,2832500,
IGL_F2,04/24/2023,15:28:00,488.3000,488.3000,488.3000,488.3000,1375,2842125,
IGL_F2,04/24/2023,15:29:00,488.5000,489.0500,488.2500,488.2500,11000,2842125,
IGL_F2,04/25/2023,09:15:00,488.6000,488.8000,488.6000,488.8000,11002,2847625,
IGL_F2,04/25/2023,09:16:00,489.0500,489.0500,489.0500,489.0500,1375,2847625,
IGL_F2,04/25/2023,09:17:00,489.2500,489.2500,489.2500,489.2500,9625,2857250,
IGL_F2,04/25/2023,09:18:00,489.2500,489.2500,489.2500,489.2500,6875,2857250,
IGL_F2,04/25/2023,09:19:00,489.2500,489.2500,489.2500,489.2500,2750,2857250,
IGL_F2,04/25/2023,09:20:00,489.2500,489.5000,489.2500,489.5000,8250,2873750,
IGL_F2,04/25/2023,09:21:00,489.6000,490.0000,489.6000,490.0000,5500,2873750,
IGL_F2,04/25/2023,09:22:00,491.0000,491.0000,491.0000,491.0000,4125,2873750,
IGL_F2,04/25/2023,09:23:00,490.4500,491.0000,490.4500,491.0000,2750,2873750,
IGL_F2,04/25/2023,09:25:00,490.1500,490.1500,490.1500,490.1500,4125,2879250,
IGL_F2,04/25/2023,09:26:00,489.8500,489.8500,489.2000,489.2000,8250,2879250,
IGL_F2,04/25/2023,09:27:00,489.2000,489.4500,489.0500,489.4500,9625,2884750,
IGL_F2,04/25/2023,09:30:00,489.3500,489.3500,489.3500,489.3500,13750,2890250,
IGL_F2,04/25/2023,09:31:00,490.0000,490.0000,490.0000,490.0000,13750,2890250,
IGL_F2,04/25/2023,09:32:00,490.2500,490.2500,490.2500,490.2500,1375,2890250,
IGL_F2,04/25/2023,09:33:00,490.5000,490.5000,490.5000,490.5000,5500,2919125,
IGL_F2,04/25/2023,09:34:00,491.0000,491.0000,491.0000,491.0000,2750,2919125,
IGL_F2,04/25/2023,09:35:00,491.3500,491.3500,490.8500,490.8500,12375,2927375,
IGL_F2,04/25/2023,09:36:00,490.5000,490.5500,490.0000,490.0000,26125,2927375,
IGL_F2,04/25/2023,09:37:00,490.1500,490.3500,490.1500,490.3500,27500,2927375,
IGL_F2,04/25/2023,09:38:00,490.3500,490.3500,490.3000,490.3000,4125,2927375,
IGL_F2,04/25/2023,09:39:00,490.5000,490.5000,490.5000,490.5000,13750,2976875,
IGL_F2,04/25/2023,09:40:00,491.2000,491.2500,490.5000,490.7500,13750,2976875,
IGL_F2,04/25/2023,09:42:00,491.1500,491.1500,491.1500,491.1500,2750,2997500,
IGL_F2,04/25/2023,09:43:00,491.1500,491.1500,491.1500,491.1500,1375,2997500,
IGL_F2,04/25/2023,09:44:00,491.1500,491.1500,491.1500,491.1500,5500,2997500,
IGL_F2,04/25/2023,09:46:00,491.2000,491.2000,491.2000,491.2000,2750,3004375,
IGL_F2,04/25/2023,09:47:00,490.7500,490.7500,490.5500,490.5500,8250,3004375,
IGL_F2,04/25/2023,09:48:00,490.5500,490.5500,490.5500,490.5500,2750,3009875,
IGL_F2,04/25/2023,09:50:00,491.1500,491.1500,491.1500,491.1500,5500,3009875,
IGL_F2,04/25/2023,09:51:00,490.9000,490.9000,490.9000,490.9000,2750,3016750,
IGL_F2,04/25/2023,09:52:00,490.9000,490.9000,490.6500,490.6500,13750,3016750,
IGL_F2,04/25/2023,09:53:00,490.9500,491.2000,490.9500,491.2000,8250,3027750,
IGL_F2,04/25/2023,09:54:00,491.5000,491.7000,491.5000,491.7000,17875,3027750,
IGL_F2,04/25/2023,09:55:00,491.9000,491.9500,491.9000,491.9500,11000,3027750,
IGL_F2,04/25/2023,09:56:00,491.8000,492.0000,491.8000,492.0000,6875,3049750,
IGL_F2,04/25/2023,09:57:00,492.0000,492.5500,492.0000,492.5500,15125,3049750,
IGL_F2,04/25/2023,09:58:00,492.6500,492.6500,492.6000,492.6000,13750,3049750,
IGL_F2,04/25/2023,09:59:00,492.3000,492.3000,491.8500,491.8500,6875,3049750,
IGL_F2,04/25/2023,10:00:00,491.8500,491.8500,491.0500,491.4500,11000,3074500,
IGL_F2,04/25/2023,10:01:00,491.4500,491.7500,491.4500,491.7500,6875,3074500,
IGL_F2,04/25/2023,10:02:00,492.0000,492.5000,492.0000,492.5000,15125,3096500,
IGL_F2,04/25/2023,10:03:00,492.5000,492.9000,492.5000,492.9000,6875,3096500,
IGL_F2,04/25/2023,10:05:00,492.9000,492.9000,492.1500,492.1500,5500,3096500,
IGL_F2,04/25/2023,10:06:00,492.1500,492.1500,492.1500,492.1500,6875,3103375,
IGL_F2,04/25/2023,10:07:00,492.9000,493.2000,492.9000,493.0000,13750,3103375,
IGL_F2,04/25/2023,10:08:00,493.0000,493.0000,493.0000,493.0000,2750,3103375,
IGL_F2,04/25/2023,10:09:00,493.1000,493.1000,493.0000,493.0000,6875,3118500,
IGL_F2,04/25/2023,10:10:00,493.5000,493.5500,493.5000,493.5500,16500,3118500,
IGL_F2,04/25/2023,10:11:00,493.6000,494.1000,493.6000,494.1000,9625,3118500,
IGL_F2,04/25/2023,10:12:00,494.1000,494.1000,493.8000,493.8000,15125,3130875,
IGL_F2,04/25/2023,10:13:00,493.8000,494.0500,493.4000,494.0500,9625,3130875,
IGL_F2,04/25/2023,10:14:00,494.0500,494.0500,494.0500,494.0500,6875,3130875,
IGL_F2,04/25/2023,10:15:00,493.9500,493.9500,493.7500,493.7500,9625,3150125,
IGL_F2,04/25/2023,10:16:00,493.7500,493.9500,493.6000,493.9500,37125,3150125,
IGL_F2,04/25/2023,10:17:00,493.9500,494.9500,493.9500,494.9500,23375,3194125,
IGL_F2,04/25/2023,10:18:00,494.9500,494.9500,494.6500,494.9000,4125,3194125,
IGL_F2,04/25/2023,10:19:00,494.5000,494.7500,494.5000,494.7500,9625,3194125,
IGL_F2,04/25/2023,10:20:00,494.5500,494.5500,494.5500,494.5500,8250,3194125,
IGL_F2,04/25/2023,10:21:00,495.0500,495.0500,495.0500,495.0500,13750,3203750,
IGL_F2,04/25/2023,10:22:00,495.0000,495.2000,495.0000,495.2000,24750,3203750,
IGL_F2,04/25/2023,10:23:00,494.7500,495.0000,494.7500,495.0000,6875,3203750,
IGL_F2,04/25/2023,10:24:00,495.0000,495.3000,495.0000,495.3000,86625,3224375,
IGL_F2,04/25/2023,10:25:00,495.3000,495.3000,494.5000,494.5000,82500,3224375,
IGL_F2,04/25/2023,10:26:00,494.2000,494.2000,494.2000,494.2000,90750,3224375,
IGL_F2,04/25/2023,10:27:00,494.4000,494.5500,494.3500,494.4000,9625,3438875,
IGL_F2,04/25/2023,10:28:00,494.4000,494.6000,494.4000,494.4500,17875,3438875,
IGL_F2,04/25/2023,10:29:00,494.5500,494.6500,494.5500,494.6500,17875,3438875,
IGL_F2,04/25/2023,10:30:00,494.4000,494.7000,494.4000,494.7000,9625,3465000,
IGL_F2,04/25/2023,10:31:00,494.9000,494.9500,494.9000,494.9500,9625,3465000,
IGL_F2,04/25/2023,10:32:00,494.5500,494.6500,494.5500,494.6500,9625,3465000,
IGL_F2,04/25/2023,10:33:00,494.6500,494.9000,494.6500,494.9000,2750,3477375,
IGL_F2,04/25/2023,10:34:00,494.9000,494.9000,494.7500,494.7500,28875,3477375,
IGL_F2,04/25/2023,10:35:00,494.7000,494.7000,494.3000,494.3000,59125,3555750,
IGL_F2,04/25/2023,10:36:00,494.5000,494.5000,494.2000,494.2000,9625,3555750,
IGL_F2,04/25/2023,10:37:00,494.3000,494.3000,494.3000,494.3000,8250,3555750,
IGL_F2,04/25/2023,10:38:00,494.3000,495.0000,494.3000,495.0000,8250,3555750,
IGL_F2,04/25/2023,10:39:00,495.0000,495.0000,495.0000,495.0000,1375,3581875,
IGL_F2,04/25/2023,10:40:00,495.3000,495.3000,495.3000,495.3000,6875,3581875,
IGL_F2,04/25/2023,10:41:00,495.3000,495.6500,495.3000,495.6500,2750,3581875,
IGL_F2,04/25/2023,10:42:00,495.6500,495.6500,495.4500,495.6500,8250,3591500,
IGL_F2,04/25/2023,10:43:00,495.6500,495.6500,495.6500,495.6500,1375,3591500,
IGL_F2,04/25/2023,10:44:00,496.0000,496.3000,496.0000,496.3000,9625,3602500,
IGL_F2,04/25/2023,10:45:00,496.4000,496.4000,496.4000,496.4000,4125,3602500,
IGL_F2,04/25/2023,10:46:00,496.1500,496.1500,496.1500,496.1500,4125,3602500,
IGL_F2,04/25/2023,10:47:00,496.3500,496.3500,496.3500,496.3500,13750,3608000,
IGL_F2,04/25/2023,10:48:00,496.5000,497.0000,496.5000,497.0000,6875,3608000,
IGL_F2,04/25/2023,10:49:00,497.0000,497.0000,497.0000,497.0000,6875,3608000,
IGL_F2,04/25/2023,10:50:00,497.0000,497.5500,497.0000,497.2000,9625,3608000,
IGL_F2,04/25/2023,10:51:00,497.2000,498.4000,497.2000,498.0500,39875,3619000,
IGL_F2,04/25/2023,10:52:00,498.0500,498.2000,497.5500,498.2000,16500,3619000,
IGL_F2,04/25/2023,10:53:00,497.9000,498.2500,497.9000,498.2500,16500,3619000,
IGL_F2,04/25/2023,10:54:00,498.2500,498.3500,498.0000,498.3000,6875,3642375,
IGL_F2,04/25/2023,10:55:00,498.3500,498.3500,497.7500,497.7500,8250,3642375,
IGL_F2,04/25/2023,10:56:00,498.2000,498.2500,498.2000,498.2500,6875,3642375,
IGL_F2,04/25/2023,10:57:00,498.0000,498.5000,497.8000,498.5000,17875,3653375,
IGL_F2,04/25/2023,10:58:00,498.6000,498.9000,498.6000,498.9000,11000,3653375,
IGL_F2,04/25/2023,10:59:00,498.9000,498.9000,498.6500,498.8000,16500,3676750,
IGL_F2,04/25/2023,11:00:00,498.5000,498.5000,498.5000,498.5000,9625,3676750,
IGL_F2,04/25/2023,11:01:00,498.4000,498.4000,498.2500,498.2500,60500,3676750,
IGL_F2,04/25/2023,11:02:00,498.2500,498.2500,498.2500,498.2500,1375,3676750,
IGL_F2,04/25/2023,11:03:00,498.2000,498.2000,498.0000,498.0000,13750,3724875,
IGL_F2,04/25/2023,11:04:00,497.8500,498.0000,497.8500,498.0000,13750,3724875,
IGL_F2,04/25/2023,11:05:00,498.1000,498.1000,498.1000,498.1000,1375,3724875,
IGL_F2,04/25/2023,11:06:00,498.2000,498.2000,498.2000,498.2000,2750,3735875,
IGL_F2,04/25/2023,11:07:00,498.1000,498.1000,497.9000,498.1000,9625,3735875,
IGL_F2,04/25/2023,11:08:00,497.7500,497.7500,497.7500,497.7500,1375,3735875,
IGL_F2,04/25/2023,11:09:00,497.9500,497.9500,497.9500,497.9500,2750,3746875,
IGL_F2,04/25/2023,11:10:00,497.7500,497.8000,497.7500,497.8000,8250,3746875,
IGL_F2,04/25/2023,11:11:00,497.8000,497.9500,497.8000,497.9500,28875,3746875,
IGL_F2,04/25/2023,11:12:00,497.7500,498.0000,497.7500,498.0000,12375,3771625,
IGL_F2,04/25/2023,11:13:00,498.2000,498.5500,498.2000,498.3000,11000,3771625,
IGL_F2,04/25/2023,11:14:00,498.5500,499.1500,498.5500,499.1500,30250,3771625,
IGL_F2,04/25/2023,11:15:00,498.4500,499.1500,498.4500,498.7500,26125,3796375,
IGL_F2,04/25/2023,11:16:00,498.7500,498.7500,498.4000,498.6000,12375,3796375,
IGL_F2,04/25/2023,11:17:00,498.5000,498.7000,498.5000,498.5500,4125,3810125,
IGL_F2,04/25/2023,11:18:00,498.6500,498.6500,498.2500,498.2500,11000,3810125,
IGL_F2,04/25/2023,11:19:00,498.2500,498.2500,498.2500,498.2500,5500,3810125,
IGL_F2,04/25/2023,11:20:00,498.2500,498.2500,498.2500,498.2500,4125,3810125,
IGL_F2,04/25/2023,11:21:00,498.2500,498.2500,497.7000,497.7000,2750,3822500,
IGL_F2,04/25/2023,11:22:00,497.7500,497.7500,497.7500,497.7500,2750,3822500,
IGL_F2,04/25/2023,11:23:00,497.7500,497.8000,497.5500,497.8000,9625,3822500,
IGL_F2,04/25/2023,11:24:00,497.8000,498.0000,497.8000,498.0000,2750,3832125,
IGL_F2,04/25/2023,11:25:00,498.0000,498.0000,497.8000,497.8000,5500,3832125,
IGL_F2,04/25/2023,11:26:00,497.5500,497.8000,497.5500,497.8000,5500,3832125,
IGL_F2,04/25/2023,11:27:00,497.8000,498.1500,497.8000,498.1000,6875,3836250,
IGL_F2,04/25/2023,11:28:00,497.8000,498.2000,497.8000,498.2000,13750,3836250,
IGL_F2,04/25/2023,11:29:00,498.4000,498.4000,498.0500,498.2500,13750,3836250,
IGL_F2,04/25/2023,11:30:00,498.1500,498.1500,498.1500,498.1500,1375,3854125,
IGL_F2,04/25/2023,11:31:00,498.2000,498.5000,498.2000,498.5000,5500,3854125,
IGL_F2,04/25/2023,11:32:00,498.5000,498.5000,498.5000,498.5000,2750,3858250,
IGL_F2,04/25/2023,11:33:00,498.5000,498.5000,498.3000,498.3000,4125,3858250,
IGL_F2,04/25/2023,11:34:00,498.5000,498.9500,498.5000,498.9500,9625,3858250,
IGL_F2,04/25/2023,11:35:00,498.9500,498.9500,498.5500,498.5500,8250,3858250,
IGL_F2,04/25/2023,11:36:00,498.5500,498.6500,498.5500,498.6500,13750,3874750,
IGL_F2,04/25/2023,11:38:00,498.3000,498.4500,498.3000,498.4500,9625,3874750,
IGL_F2,04/25/2023,11:39:00,498.4500,498.4500,498.4500,498.4500,2750,3885750,
IGL_F2,04/25/2023,11:40:00,498.4000,498.4000,498.0000,498.0000,12375,3885750,
IGL_F2,04/25/2023,11:41:00,497.8500,497.8500,497.8500,497.8500,1375,3885750,
IGL_F2,04/25/2023,11:42:00,498.0500,498.0500,498.0500,498.0500,2750,3900875,
IGL_F2,04/25/2023,11:43:00,498.0500,498.0500,498.0500,498.0500,4125,3900875,
IGL_F2,04/25/2023,11:44:00,497.8500,497.9500,497.8500,497.9500,5500,3900875,
IGL_F2,04/25/2023,11:45:00,497.9500,497.9500,497.9500,497.9500,2750,3907750,
IGL_F2,04/25/2023,11:46:00,497.9500,497.9500,497.9500,497.9500,1375,3907750,
IGL_F2,04/25/2023,11:47:00,497.9500,498.0000,497.9500,498.0000,6875,3907750,
IGL_F2,04/25/2023,11:48:00,498.5500,498.5500,498.5500,498.5500,6875,3911875,
IGL_F2,04/25/2023,11:50:00,498.2500,498.2500,498.2500,498.2500,6875,3911875,
IGL_F2,04/25/2023,11:51:00,498.2500,498.2500,498.2500,498.2500,16500,3924250,
IGL_F2,04/25/2023,11:52:00,498.7500,498.8000,498.7500,498.8000,5500,3924250,
IGL_F2,04/25/2023,11:53:00,498.8000,498.8000,498.8000,498.8000,6875,3924250,
IGL_F2,04/25/2023,11:54:00,499.4000,499.4500,499.4000,499.4500,9625,3949000,
IGL_F2,04/25/2023,11:55:00,499.4000,499.4000,499.4000,499.4000,4125,3949000,
IGL_F2,04/25/2023,11:56:00,499.5500,499.5500,499.5500,499.5500,8250,3949000,
IGL_F2,04/25/2023,11:57:00,499.3500,499.3500,499.3500,499.3500,4125,3955875,
IGL_F2,04/25/2023,11:58:00,499.2000,499.2000,498.9500,498.9500,8250,3955875,
IGL_F2,04/25/2023,11:59:00,498.9500,499.3000,498.9500,499.0000,17875,3955875,
IGL_F2,04/25/2023,12:00:00,499.0000,499.0000,498.6000,498.6000,8250,3968250,
IGL_F2,04/25/2023,12:01:00,498.6500,498.8500,498.6500,498.8500,4125,3968250,
IGL_F2,04/25/2023,12:02:00,499.0500,499.0500,499.0000,499.0000,4125,3968250,
IGL_F2,04/25/2023,12:03:00,498.7000,498.8000,498.7000,498.8000,5500,3976500,
IGL_F2,04/25/2023,12:04:00,498.8000,499.0000,498.8000,499.0000,4125,3976500,
IGL_F2,04/25/2023,12:05:00,498.8500,498.8500,498.8000,498.8000,5500,3976500,
IGL_F2,04/25/2023,12:06:00,498.7000,498.7000,498.7000,498.7000,5500,3984750,
IGL_F2,04/25/2023,12:07:00,498.5500,498.5500,498.5500,498.5500,4125,3984750,
IGL_F2,04/25/2023,12:09:00,498.8000,498.8000,498.8000,498.8000,1375,3988875,
IGL_F2,04/25/2023,12:10:00,498.8000,498.8000,498.8000,498.8000,2750,3988875,
IGL_F2,04/25/2023,12:11:00,498.8000,498.8000,498.7000,498.7000,5500,3988875,
IGL_F2,04/25/2023,12:12:00,498.5000,498.5000,498.5000,498.5000,1375,3997125,
IGL_F2,04/25/2023,12:13:00,498.5000,498.5000,498.5000,498.5000,5500,3997125,
IGL_F2,04/25/2023,12:14:00,498.5000,498.9500,498.5000,498.9500,4125,3997125,
IGL_F2,04/25/2023,12:15:00,498.9500,498.9500,498.9000,498.9500,5500,4005375,
IGL_F2,04/25/2023,12:16:00,499.0000,499.2000,499.0000,499.2000,4125,4005375,
IGL_F2,04/25/2023,12:17:00,499.0500,499.0500,499.0000,499.0000,5500,4005375,
IGL_F2,04/25/2023,12:18:00,498.9000,498.9000,498.7500,498.7500,9625,4012250,
IGL_F2,04/25/2023,12:19:00,498.8500,498.8500,498.8000,498.8000,9625,4012250,
IGL_F2,04/25/2023,12:20:00,499.0000,499.0000,499.0000,499.0000,4125,4012250,
IGL_F2,04/25/2023,12:21:00,499.0000,499.0000,499.0000,499.0000,1375,4021875,
IGL_F2,04/25/2023,12:22:00,499.0000,499.0500,498.9000,498.9000,8250,4021875,
IGL_F2,04/25/2023,12:23:00,498.9000,498.9000,498.9000,498.9000,2750,4021875,
IGL_F2,04/25/2023,12:24:00,498.9500,498.9500,498.9500,498.9500,1375,4023250,
IGL_F2,04/25/2023,12:25:00,498.9500,498.9500,498.6500,498.6500,5500,4023250,
IGL_F2,04/25/2023,12:26:00,498.8000,498.8000,498.8000,498.8000,2750,4023250,
IGL_F2,04/25/2023,12:27:00,498.8000,498.8000,498.4500,498.4500,4125,4030125,
IGL_F2,04/25/2023,12:28:00,498.7500,499.0000,498.7500,499.0000,13750,4030125,
IGL_F2,04/25/2023,12:29:00,499.1500,499.1500,499.1500,499.1500,5500,4030125,
IGL_F2,04/25/2023,12:30:00,499.1500,499.1500,499.1500,499.1500,5500,4043875,
IGL_F2,04/25/2023,12:31:00,499.0000,499.0000,498.8500,498.8500,4125,4043875,
IGL_F2,04/25/2023,12:32:00,499.4000,499.4000,499.4000,499.4000,5500,4043875,
IGL_F2,04/25/2023,12:33:00,499.1500,499.1500,499.1500,499.1500,2750,4054875,
IGL_F2,04/25/2023,12:34:00,499.1500,499.1500,499.1500,499.1500,11000,4054875,
IGL_F2,04/25/2023,12:35:00,498.9000,498.9000,498.9000,498.9000,2750,4054875,
IGL_F2,04/25/2023,12:36:00,499.1500,499.1500,498.8000,498.8000,8250,4065875,
IGL_F2,04/25/2023,12:37:00,498.8000,498.8000,498.8000,498.8000,1375,4065875,
IGL_F2,04/25/2023,12:38:00,498.7000,498.7000,498.3500,498.3500,33000,4065875,
IGL_F2,04/25/2023,12:39:00,498.0000,498.0000,497.7500,497.8000,13750,4094750,
IGL_F2,04/25/2023,12:40:00,497.8000,497.8000,497.8000,497.8000,4125,4094750,
IGL_F2,04/25/2023,12:41:00,497.8000,497.8000,497.8000,497.8000,2750,4094750,
IGL_F2,04/25/2023,12:42:00,497.8000,497.9000,497.7000,497.7000,6875,4108500,
IGL_F2,04/25/2023,12:43:00,497.6500,497.9000,497.6500,497.9000,6875,4108500,
IGL_F2,04/25/2023,12:44:00,497.9000,497.9000,497.9000,497.9000,8250,4108500,
IGL_F2,04/25/2023,12:45:00,497.9000,497.9000,497.9000,497.9000,1375,4114000,
IGL_F2,04/25/2023,12:46:00,497.9000,497.9000,497.9000,497.9000,2750,4114000,
IGL_F2,04/25/2023,12:48:00,497.9000,498.3000,497.9000,498.3000,2750,4119500,
IGL_F2,04/25/2023,12:49:00,498.3000,498.3000,498.0000,498.0000,6875,4119500,
IGL_F2,04/25/2023,12:50:00,498.0000,498.0000,497.7500,497.7500,11000,4119500,
IGL_F2,04/25/2023,12:51:00,497.9000,497.9000,497.7000,497.7000,5500,4136000,
IGL_F2,04/25/2023,12:52:00,497.7000,497.7000,497.7000,497.7000,2750,4136000,
IGL_F2,04/25/2023,12:54:00,497.7000,497.7000,497.7000,497.7000,1375,4141500,
IGL_F2,04/25/2023,12:55:00,497.7000,497.9000,497.7000,497.9000,5500,4141500,
IGL_F2,04/25/2023,12:57:00,497.9000,497.9000,497.8500,497.8500,2750,4147000,
IGL_F2,04/25/2023,12:58:00,497.8000,497.8000,497.8000,497.8000,2750,4147000,
IGL_F2,04/25/2023,12:59:00,497.9000,497.9000,497.9000,497.9000,2750,4147000,
IGL_F2,04/25/2023,13:00:00,497.9000,498.0000,497.9000,498.0000,4125,4148375,
IGL_F2,04/25/2023,13:03:00,497.8500,497.8500,497.8500,497.8500,4125,4152500,
IGL_F2,04/25/2023,13:04:00,497.7500,497.9000,497.7500,497.9000,9625,4152500,
IGL_F2,04/25/2023,13:05:00,497.9000,497.9000,497.9000,497.9000,1375,4152500,
IGL_F2,04/25/2023,13:06:00,497.9000,497.9000,497.8000,497.8000,2750,4158000,
IGL_F2,04/25/2023,13:07:00,497.8000,497.8000,497.5500,497.6000,24750,4158000,
IGL_F2,04/25/2023,13:08:00,497.6500,497.8500,497.6500,497.8500,34375,4158000,
IGL_F2,04/25/2023,13:09:00,497.7500,497.7500,497.7500,497.7500,1375,4214375,
IGL_F2,04/25/2023,13:10:00,497.7500,497.7500,497.7500,497.7500,4125,4214375,
IGL_F2,04/25/2023,13:11:00,497.7500,497.7500,497.7500,497.7500,1375,4214375,
IGL_F2,04/25/2023,13:12:00,497.7500,497.8500,497.7500,497.8500,5500,4219875,
IGL_F2,04/25/2023,13:13:00,497.8500,497.8500,497.8500,497.8500,2750,4219875,
IGL_F2,04/25/2023,13:14:00,497.8500,497.8500,497.8500,497.8500,4125,4219875,
IGL_F2,04/25/2023,13:16:00,497.7000,497.7000,497.7000,497.7000,4125,4229500,
IGL_F2,04/25/2023,13:17:00,497.7000,497.7000,497.6500,497.6500,2750,4229500,
IGL_F2,04/25/2023,13:18:00,497.7000,497.7000,497.7000,497.7000,5500,4233625,
IGL_F2,04/25/2023,13:19:00,497.6000,497.6000,497.6000,497.6000,2750,4233625,
IGL_F2,04/25/2023,13:20:00,497.6000,497.6000,497.6000,497.6000,2750,4233625,
IGL_F2,04/25/2023,13:21:00,497.6000,497.6000,497.6000,497.6000,1375,4239125,
IGL_F2,04/25/2023,13:22:00,497.6000,497.6000,497.6000,497.6000,4125,4239125,
IGL_F2,04/25/2023,13:23:00,497.6000,497.6000,497.6000,497.6000,2750,4239125,
IGL_F2,04/25/2023,13:24:00,497.8000,497.8000,497.8000,497.8000,4125,4246000,
IGL_F2,04/25/2023,13:25:00,497.8000,498.0000,497.8000,498.0000,2750,4246000,
IGL_F2,04/25/2023,13:26:00,498.0000,498.0000,498.0000,498.0000,2750,4246000,
IGL_F2,04/25/2023,13:27:00,498.0000,498.0000,497.6500,497.6500,2750,4255625,
IGL_F2,04/25/2023,13:28:00,497.6500,497.6500,497.6500,497.6500,2750,4255625,
IGL_F2,04/25/2023,13:29:00,497.5500,497.5500,497.5000,497.5000,2750,4255625,
IGL_F2,04/25/2023,13:30:00,497.5000,497.5500,497.5000,497.5500,5500,4261125,
IGL_F2,04/25/2023,13:31:00,497.8500,497.9500,497.8500,497.9500,8250,4261125,
IGL_F2,04/25/2023,13:32:00,497.9500,497.9500,497.9500,497.9500,2750,4261125,
IGL_F2,04/25/2023,13:33:00,497.3500,497.3500,497.3500,497.3500,4125,4266625,
IGL_F2,04/25/2023,13:35:00,497.4500,497.4500,497.4500,497.4500,6875,4266625,
IGL_F2,04/25/2023,13:36:00,497.5000,497.5000,497.5000,497.5000,1375,4273500,
IGL_F2,04/25/2023,13:37:00,497.5000,497.6000,497.5000,497.6000,4125,4273500,
IGL_F2,04/25/2023,13:38:00,497.6000,497.6000,497.6000,497.6000,2750,4273500,
IGL_F2,04/25/2023,13:39:00,497.6000,497.6000,497.4000,497.4000,6875,4280375,
IGL_F2,04/25/2023,13:40:00,497.7000,497.7000,497.4500,497.4500,8250,4280375,
IGL_F2,04/25/2023,13:41:00,497.4500,497.4500,497.4500,497.4500,2750,4280375,
IGL_F2,04/25/2023,13:42:00,497.3000,497.3000,497.3000,497.3000,1375,4280375,
IGL_F2,04/25/2023,13:43:00,497.3000,497.3000,497.3000,497.3000,5500,4288625,
IGL_F2,04/25/2023,13:44:00,497.3000,497.3000,497.3000,497.3000,16500,4288625,
IGL_F2,04/25/2023,13:45:00,497.3000,497.3000,496.6000,496.6000,67375,4346375,
IGL_F2,04/25/2023,13:46:00,496.6000,497.1000,496.6000,497.1000,4125,4346375,
IGL_F2,04/25/2023,13:47:00,497.1000,497.1000,497.1000,497.1000,1375,4346375,
IGL_F2,04/25/2023,13:48:00,497.1000,497.1000,497.1000,497.1000,1375,4349125,
IGL_F2,04/25/2023,13:50:00,497.7000,497.7000,497.7000,497.7000,2750,4349125,
IGL_F2,04/25/2023,13:51:00,497.7000,497.7000,496.9000,496.9000,119625,4397250,
IGL_F2,04/25/2023,13:52:00,496.9000,496.9000,496.9000,496.9000,5500,4397250,
IGL_F2,04/25/2023,13:53:00,496.9000,497.0500,496.6000,497.0500,4125,4397250,
IGL_F2,04/25/2023,13:54:00,497.0500,497.0500,497.0500,497.0500,6875,4475625,
IGL_F2,04/25/2023,13:55:00,497.1500,497.1500,497.1500,497.1500,5500,4475625,
IGL_F2,04/25/2023,13:56:00,497.1500,497.1500,497.0000,497.0000,2750,4475625,
IGL_F2,04/25/2023,13:57:00,496.9500,496.9500,496.9500,496.9500,6875,4479750,
IGL_F2,04/25/2023,13:58:00,496.9500,496.9500,496.9500,496.9500,4125,4479750,
IGL_F2,04/25/2023,14:00:00,497.3500,497.3500,497.3500,497.3500,1375,4479750,
IGL_F2,04/25/2023,14:01:00,497.3500,497.5000,497.3500,497.5000,11000,4486625,
IGL_F2,04/25/2023,14:02:00,497.5000,497.5000,497.5000,497.5000,1375,4486625,
IGL_F2,04/25/2023,14:04:00,497.5000,497.5000,497.5000,497.5000,2750,4494875,
IGL_F2,04/25/2023,14:05:00,497.5000,497.5000,497.5000,497.5000,1375,4494875,
IGL_F2,04/25/2023,14:06:00,497.5000,497.5000,497.5000,497.5000,4125,4499000,
IGL_F2,04/25/2023,14:07:00,496.9000,497.2500,496.9000,497.2500,4125,4499000,
IGL_F2,04/25/2023,14:08:00,497.2500,497.3500,497.0000,497.3500,8250,4499000,
IGL_F2,04/25/2023,14:09:00,496.9000,496.9000,496.9000,496.9000,1375,4510000,
IGL_F2,04/25/2023,14:10:00,496.7500,496.7500,496.6500,496.6500,4125,4510000,
IGL_F2,04/25/2023,14:11:00,496.9000,496.9000,496.9000,496.9000,1375,4510000,
IGL_F2,04/25/2023,14:12:00,497.0000,497.0000,497.0000,497.0000,5500,4510000,
IGL_F2,04/25/2023,14:13:00,497.0000,497.0000,496.7000,496.7000,5500,4518250,
IGL_F2,04/25/2023,14:14:00,496.7000,496.7500,496.6500,496.6500,8250,4518250,
IGL_F2,04/25/2023,14:16:00,496.6000,496.6000,496.6000,496.6000,5500,4530625,
IGL_F2,04/25/2023,14:18:00,496.5500,496.5500,496.5500,496.5500,5500,4530625,
IGL_F2,04/25/2023,14:20:00,496.5500,496.5500,496.5500,496.5500,4125,4540250,
IGL_F2,04/25/2023,14:22:00,496.5500,496.5500,496.5500,496.5500,1375,4540250,
IGL_F2,04/25/2023,14:23:00,496.7500,496.7500,496.7500,496.7500,1375,4543000,
IGL_F2,04/25/2023,14:24:00,496.7500,496.7500,496.7500,496.7500,4125,4543000,
IGL_F2,04/25/2023,14:25:00,496.7500,496.7500,496.7500,496.7500,1375,4548500,
IGL_F2,04/25/2023,14:26:00,496.9000,497.0000,496.9000,497.0000,9625,4548500,
IGL_F2,04/25/2023,14:27:00,497.5500,497.5500,497.5500,497.5500,11000,4548500,
IGL_F2,04/25/2023,14:28:00,497.5500,497.9500,497.5500,497.6000,9625,4555375,
IGL_F2,04/25/2023,14:29:00,497.6000,498.0000,497.6000,498.0000,5500,4555375,
IGL_F2,04/25/2023,14:31:00,497.9500,497.9500,497.9500,497.9500,2750,4562250,
IGL_F2,04/25/2023,14:32:00,497.9500,497.9500,497.6500,497.6500,2750,4562250,
IGL_F2,04/25/2023,14:33:00,497.7000,497.7000,497.7000,497.7000,1375,4562250,
IGL_F2,04/25/2023,14:34:00,497.7000,497.7000,497.7000,497.7000,9625,4565000,
IGL_F2,04/25/2023,14:36:00,497.5000,497.8500,497.5000,497.8500,6875,4571875,
IGL_F2,04/25/2023,14:39:00,497.4500,497.7000,497.4500,497.7000,2750,4570500,
IGL_F2,04/25/2023,14:40:00,497.7000,497.7000,497.3500,497.3500,6875,4570500,
IGL_F2,04/25/2023,14:41:00,497.4500,497.4500,497.4500,497.4500,6875,4570500,
IGL_F2,04/25/2023,14:43:00,497.4000,497.5000,497.4000,497.5000,6875,4577375,
IGL_F2,04/25/2023,14:44:00,497.1500,497.4500,497.1500,497.4500,4125,4577375,
IGL_F2,04/25/2023,14:45:00,497.3000,497.3000,497.3000,497.3000,1375,4584250,
IGL_F2,04/25/2023,14:46:00,497.4000,497.4000,497.4000,497.4000,6875,4584250,
IGL_F2,04/25/2023,14:47:00,497.4500,497.9000,497.4500,497.9000,9625,4584250,
IGL_F2,04/25/2023,14:48:00,497.8000,497.8000,497.8000,497.8000,1375,4584250,
IGL_F2,04/25/2023,14:50:00,497.3000,497.3000,497.3000,497.3000,6875,4589750,
IGL_F2,04/25/2023,14:51:00,497.1500,497.2500,497.1500,497.2500,4125,4588375,
IGL_F2,04/25/2023,14:52:00,497.2500,497.2500,497.2500,497.2500,1375,4588375,
IGL_F2,04/25/2023,14:53:00,497.2500,497.3500,497.2500,497.3500,6875,4588375,
IGL_F2,04/25/2023,14:54:00,497.4000,497.4000,497.4000,497.4000,5500,4588375,
IGL_F2,04/25/2023,14:55:00,497.2000,497.2000,497.2000,497.2000,4125,4592500,
IGL_F2,04/25/2023,14:56:00,497.0000,497.0000,496.8500,496.8500,5500,4592500,
IGL_F2,04/25/2023,14:57:00,496.8500,496.8500,496.8000,496.8000,8250,4598000,
IGL_F2,04/25/2023,14:58:00,496.7000,496.7000,496.6500,496.7000,4125,4598000,
IGL_F2,04/25/2023,15:00:00,496.7500,496.8500,496.7500,496.8500,9625,4599375,
IGL_F2,04/25/2023,15:02:00,496.9000,496.9000,496.6000,496.6000,4125,4599375,
IGL_F2,04/25/2023,15:03:00,496.6000,496.6000,496.6000,496.6000,4125,4599375,
IGL_F2,04/25/2023,15:04:00,496.9500,496.9500,496.5500,496.5500,5500,4603500,
IGL_F2,04/25/2023,15:05:00,496.4500,496.4500,496.3000,496.3000,9625,4603500,
IGL_F2,04/25/2023,15:06:00,496.3500,496.3500,496.3500,496.3500,1375,4609000,
IGL_F2,04/25/2023,15:07:00,496.6500,496.6500,496.6500,496.6500,4125,4609000,
IGL_F2,04/25/2023,15:08:00,496.9500,496.9500,496.9500,496.9500,1375,4609000,
IGL_F2,04/25/2023,15:09:00,496.7500,496.7500,496.6000,496.6000,13750,4609000,
IGL_F2,04/25/2023,15:11:00,496.5500,496.7000,496.5500,496.7000,6875,4614500,
IGL_F2,04/25/2023,15:12:00,496.3500,496.3500,496.3500,496.3500,1375,4618625,
IGL_F2,04/25/2023,15:13:00,496.7000,496.7000,496.7000,496.7000,1375,4618625,
IGL_F2,04/25/2023,15:14:00,496.7000,496.7500,496.7000,496.7500,6875,4618625,
IGL_F2,04/25/2023,15:15:00,496.6500,496.6500,496.6500,496.6500,6875,4618625,
IGL_F2,04/25/2023,15:16:00,496.4500,496.7500,496.4500,496.7500,9625,4624125,
IGL_F2,04/25/2023,15:17:00,496.7000,496.8500,496.7000,496.8500,8250,4624125,
IGL_F2,04/25/2023,15:18:00,496.8500,496.8500,496.8500,496.8500,2750,4624125,
IGL_F2,04/25/2023,15:19:00,497.1500,497.4000,497.1500,497.4000,6875,4628250,
IGL_F2,04/25/2023,15:20:00,497.4000,497.4000,497.0000,497.0000,2750,4628250,
IGL_F2,04/25/2023,15:21:00,497.0000,497.0000,497.0000,497.0000,4125,4628250,
IGL_F2,04/25/2023,15:23:00,497.0000,497.0000,497.0000,497.0000,1375,4631000,
IGL_F2,04/25/2023,15:24:00,496.8000,496.9000,496.8000,496.9000,5500,4631000,
IGL_F2,04/25/2023,15:25:00,496.7000,496.9500,496.7000,496.9500,8250,4631000,
IGL_F2,04/25/2023,15:27:00,496.5500,496.9000,496.5500,496.9000,33000,4631000,
IGL_F2,04/25/2023,15:28:00,496.5000,496.6000,496.5000,496.6000,9625,4635125,
IGL_F2,04/25/2023,15:29:00,496.6000,497.0000,496.6000,496.6000,17875,4635125,
IGL_F2,04/26/2023,09:15:00,490.0000,490.0000,489.9500,489.9500,105876,4525125,
IGL_F2,04/26/2023,09:16:00,492.0000,492.0000,492.0000,492.0000,78375,4525125,
IGL_F2,04/26/2023,09:17:00,492.0000,492.0000,488.5000,489.8000,178750,4525125,
IGL_F2,04/26/2023,09:18:00,488.8500,489.0000,488.7000,489.0000,49500,4588375,
IGL_F2,04/26/2023,09:19:00,489.0000,489.0000,487.1500,487.1500,88000,4588375,
IGL_F2,04/26/2023,09:20:00,487.1500,488.0000,487.1500,488.0000,17875,4573250,
IGL_F2,04/26/2023,09:21:00,488.0000,488.3000,487.7500,488.0000,68750,4573250,
IGL_F2,04/26/2023,09:22:00,488.4000,488.4000,487.9000,488.0000,39875,4573250,
IGL_F2,04/26/2023,09:23:00,488.2000,488.5000,488.0000,488.4500,38500,4551250,
IGL_F2,04/26/2023,09:24:00,488.5500,488.5500,488.5500,488.5500,9625,4551250,
IGL_F2,04/26/2023,09:25:00,488.9500,488.9500,488.4000,488.4000,13750,4551250,
IGL_F2,04/26/2023,09:26:00,487.7000,487.8500,487.7000,487.8500,45375,4554000,
IGL_F2,04/26/2023,09:27:00,488.0000,488.0000,487.2500,487.2500,23375,4554000,
IGL_F2,04/26/2023,09:28:00,487.1000,487.1000,487.1000,487.1000,8250,4554000,
IGL_F2,04/26/2023,09:29:00,487.7000,487.7000,487.2500,487.2500,8250,4554000,
IGL_F2,04/26/2023,09:30:00,487.0500,487.0500,487.0000,487.0000,37125,4558125,
IGL_F2,04/26/2023,09:31:00,487.5500,487.5500,487.5500,487.5500,8250,4558125,
IGL_F2,04/26/2023,09:32:00,487.8500,488.5500,487.8500,488.5500,17875,4558125,
IGL_F2,04/26/2023,09:33:00,488.2000,488.9500,488.2000,488.9500,16500,4570500,
IGL_F2,04/26/2023,09:34:00,488.9000,489.0000,488.9000,489.0000,13750,4570500,
IGL_F2,04/26/2023,09:35:00,489.0000,489.1500,489.0000,489.1500,16500,4587000,
IGL_F2,04/26/2023,09:36:00,489.5000,489.5000,489.5000,489.5000,6875,4587000,
IGL_F2,04/26/2023,09:37:00,489.7000,489.9500,489.7000,489.9500,11000,4587000,
IGL_F2,04/26/2023,09:38:00,489.7000,489.7000,489.3000,489.3000,8250,4602125,
IGL_F2,04/26/2023,09:39:00,489.3000,489.3000,489.2500,489.2500,4125,4602125,
IGL_F2,04/26/2023,09:40:00,489.1000,489.1000,489.0000,489.0000,15125,4602125,
IGL_F2,04/26/2023,09:41:00,489.0000,489.0000,489.0000,489.0000,11000,4602125,
IGL_F2,04/26/2023,09:42:00,489.0000,489.0000,489.0000,489.0000,6875,4620000,
IGL_F2,04/26/2023,09:43:00,488.7000,488.7000,488.7000,488.7000,2750,4620000,
IGL_F2,04/26/2023,09:44:00,488.6500,488.6500,488.6500,488.6500,19250,4620000,
IGL_F2,04/26/2023,09:45:00,488.0500,488.2500,488.0500,488.2500,15125,4636500,
IGL_F2,04/26/2023,09:46:00,487.7000,487.7000,487.7000,487.7000,16500,4636500,
IGL_F2,04/26/2023,09:47:00,487.7000,488.2000,487.7000,488.2000,13750,4636500,
IGL_F2,04/26/2023,09:48:00,488.0000,488.0000,488.0000,488.0000,11000,4661250,
IGL_F2,04/26/2023,09:49:00,487.8500,487.8500,487.5000,487.5000,19250,4661250,
IGL_F2,04/26/2023,09:50:00,487.0500,487.0500,487.0500,487.0500,22000,4677750,
IGL_F2,04/26/2023,09:51:00,486.1000,486.2500,485.9000,485.9000,37125,4677750,
IGL_F2,04/26/2023,09:52:00,485.6500,485.8000,485.4000,485.5000,28875,4677750,
IGL_F2,04/26/2023,09:53:00,485.4000,485.4000,485.3000,485.3000,48125,4677750,
IGL_F2,04/26/2023,09:54:00,484.8500,484.8500,484.6500,484.6500,33000,4688750,
IGL_F2,04/26/2023,09:55:00,484.6500,485.0500,484.6500,484.9000,6875,4688750,
IGL_F2,04/26/2023,09:56:00,484.8500,484.8500,484.8500,484.8500,13750,4701125,
IGL_F2,04/26/2023,09:57:00,484.9000,484.9000,484.9000,484.9000,1375,4701125,
IGL_F2,04/26/2023,09:58:00,484.5000,484.5000,484.3000,484.3000,30250,4701125,
IGL_F2,04/26/2023,09:59:00,484.1000,484.1000,483.6000,483.6000,42625,4727250,
IGL_F2,04/26/2023,10:00:00,483.3500,483.7500,483.3500,483.4000,17875,4727250,
IGL_F2,04/26/2023,10:01:00,483.7000,484.1500,483.7000,484.1500,11000,4727250,
IGL_F2,04/26/2023,10:02:00,484.0500,484.3500,484.0500,484.3500,12375,4734125,
IGL_F2,04/26/2023,10:03:00,484.3000,484.3000,484.3000,484.3000,2750,4734125,
IGL_F2,04/26/2023,10:04:00,484.3000,484.4000,484.0500,484.0500,72875,4734125,
IGL_F2,04/26/2023,10:05:00,484.2500,484.3500,484.2500,484.3500,9625,4734125,
IGL_F2,04/26/2023,10:06:00,484.3500,484.3500,484.3500,484.3500,2750,4758875,
IGL_F2,04/26/2023,10:07:00,484.9500,484.9500,484.8000,484.8000,4125,4758875,
IGL_F2,04/26/2023,10:08:00,484.8000,484.8000,484.2000,484.2000,12375,4761625,
IGL_F2,04/26/2023,10:09:00,484.0000,484.0000,484.0000,484.0000,2750,4761625,
IGL_F2,04/26/2023,10:10:00,484.2500,484.2500,484.2500,484.2500,6875,4761625,
IGL_F2,04/26/2023,10:11:00,485.3000,485.3000,485.3000,485.3000,17875,4761625,
IGL_F2,04/26/2023,10:12:00,484.7500,485.0000,484.7500,484.9500,9625,4765750,
IGL_F2,04/26/2023,10:13:00,484.4500,484.4500,483.8500,483.8500,37125,4765750,
IGL_F2,04/26/2023,10:15:00,483.7000,483.7000,483.6500,483.6500,19250,4768500,
IGL_F2,04/26/2023,10:16:00,483.4500,483.5000,483.4500,483.4500,13750,4768500,
IGL_F2,04/26/2023,10:17:00,483.4500,483.5500,483.2000,483.2000,9625,4787750,
IGL_F2,04/26/2023,10:18:00,483.2000,483.2000,483.2000,483.2000,31625,4787750,
IGL_F2,04/26/2023,10:19:00,483.0500,483.0500,483.0500,483.0500,8250,4787750,
IGL_F2,04/26/2023,10:20:00,483.0500,483.3000,483.0500,483.0500,16500,4778125,
IGL_F2,04/26/2023,10:21:00,483.3000,483.3000,483.3000,483.3000,5500,4778125,
IGL_F2,04/26/2023,10:22:00,482.5000,482.5000,482.1500,482.1500,26125,4778125,
IGL_F2,04/26/2023,10:23:00,482.1500,482.1500,482.1500,482.1500,8250,4778125,
IGL_F2,04/26/2023,10:24:00,482.5000,482.5000,482.5000,482.5000,2750,4804250,
IGL_F2,04/26/2023,10:25:00,482.6000,483.3000,482.6000,483.3000,16500,4804250,
IGL_F2,04/26/2023,10:26:00,483.3000,483.5000,483.3000,483.5000,9625,4804250,
IGL_F2,04/26/2023,10:27:00,483.6000,483.6000,483.6000,483.6000,1375,4807000,
IGL_F2,04/26/2023,10:28:00,483.6000,483.6000,483.1500,483.1500,11000,4807000,
IGL_F2,04/26/2023,10:29:00,483.2500,483.8500,483.2500,483.8500,42625,4851000,
IGL_F2,04/26/2023,10:30:00,483.8000,483.8000,483.8000,483.8000,1375,4851000,
IGL_F2,04/26/2023,10:31:00,483.6500,484.3500,483.6500,484.3500,24750,4851000,
IGL_F2,04/26/2023,10:32:00,484.1500,484.1500,484.0000,484.0000,15125,4851000,
IGL_F2,04/26/2023,10:33:00,484.0000,484.0000,484.0000,484.0000,2750,4846875,
IGL_F2,04/26/2023,10:34:00,483.7500,483.7500,483.7500,483.7500,4125,4846875,
IGL_F2,04/26/2023,10:35:00,483.6000,483.6000,483.4000,483.4000,15125,4852375,
IGL_F2,04/26/2023,10:36:00,483.3500,483.3500,483.2500,483.2500,11000,4852375,
IGL_F2,04/26/2023,10:37:00,483.1500,483.1500,483.0000,483.0000,5500,4852375,
IGL_F2,04/26/2023,10:38:00,483.1500,483.1500,483.1500,483.1500,1375,4852375,
IGL_F2,04/26/2023,10:39:00,483.1500,483.1500,483.1500,483.1500,6875,4863375,
IGL_F2,04/26/2023,10:40:00,483.3000,483.3000,482.5000,482.8000,30250,4863375,
IGL_F2,04/26/2023,10:41:00,482.3500,482.3500,481.4000,481.4000,42625,4863375,
IGL_F2,04/26/2023,10:42:00,481.4000,482.4000,481.4000,482.4000,33000,4908750,
IGL_F2,04/26/2023,10:43:00,482.1500,482.3000,482.1500,482.3000,6875,4908750,
IGL_F2,04/26/2023,10:44:00,482.5500,482.9000,482.5500,482.9000,12375,4908750,
IGL_F2,04/26/2023,10:45:00,482.4500,482.5000,482.4500,482.5000,4125,4919750,
IGL_F2,04/26/2023,10:46:00,482.1000,482.1000,482.1000,482.1000,9625,4919750,
IGL_F2,04/26/2023,10:48:00,482.2000,482.2000,482.1000,482.1000,20625,4926625,
IGL_F2,04/26/2023,10:49:00,482.1000,482.1000,482.1000,482.1000,1375,4926625,
IGL_F2,04/26/2023,10:50:00,482.0000,482.0000,481.5000,481.5000,82500,4926625,
IGL_F2,04/26/2023,10:51:00,481.5000,481.5000,481.3000,481.5000,19250,4972000,
IGL_F2,04/26/2023,10:52:00,481.5500,481.5500,481.5500,481.5500,30250,4972000,
IGL_F2,04/26/2023,10:53:00,481.4500,481.5000,481.4000,481.5000,81125,4972000,
IGL_F2,04/26/2023,10:54:00,481.5000,481.5000,481.5000,481.5000,1375,5000875,
IGL_F2,04/26/2023,10:55:00,481.2500,481.4500,481.2500,481.4500,15125,5000875,
IGL_F2,04/26/2023,10:56:00,481.4500,481.5000,481.4500,481.5000,8250,5000875,
IGL_F2,04/26/2023,10:57:00,481.5000,481.5000,481.5000,481.5000,9625,5016000,
IGL_F2,04/26/2023,10:58:00,482.0000,482.1500,482.0000,482.1500,2750,5016000,
IGL_F2,04/26/2023,10:59:00,481.9000,481.9000,480.5500,480.5500,44000,5031125,
IGL_F2,04/26/2023,11:00:00,480.5500,481.7500,480.5500,481.3000,19250,5031125,
IGL_F2,04/26/2023,11:01:00,481.3000,481.3000,480.8000,480.8000,16500,5031125,
IGL_F2,04/26/2023,11:02:00,481.0500,481.0500,481.0500,481.0500,5500,5031125,
IGL_F2,04/26/2023,11:03:00,481.0500,481.4000,481.0500,481.4000,15125,5060000,
IGL_F2,04/26/2023,11:04:00,481.4000,481.7000,481.4000,481.7000,17875,5060000,
IGL_F2,04/26/2023,11:05:00,482.1000,482.2500,482.1000,482.2500,2750,5060000,
IGL_F2,04/26/2023,11:06:00,482.2500,482.2500,482.2500,482.2500,8250,5077875,
IGL_F2,04/26/2023,11:07:00,482.3500,482.3500,482.3500,482.3500,1375,5077875,
IGL_F2,04/26/2023,11:08:00,482.3500,482.3500,482.3500,482.3500,4125,5077875,
IGL_F2,04/26/2023,11:09:00,482.4000,482.4000,482.0500,482.4000,9625,5087500,
IGL_F2,04/26/2023,11:10:00,482.4000,482.4000,482.0500,482.0500,5500,5087500,
IGL_F2,04/26/2023,11:12:00,482.0500,482.0500,482.0500,482.0500,4125,5099875,
IGL_F2,04/26/2023,11:13:00,482.0500,482.0500,482.0500,482.0500,1375,5099875,
IGL_F2,04/26/2023,11:14:00,482.0500,482.0500,482.0500,482.0500,1375,5099875,
IGL_F2,04/26/2023,11:15:00,482.0000,482.3500,482.0000,482.3500,13750,5109500,
IGL_F2,04/26/2023,11:16:00,482.0000,482.0000,482.0000,482.0000,81125,5109500,
IGL_F2,04/26/2023,11:17:00,482.0000,482.0000,481.7500,481.7500,31625,5109500,
IGL_F2,04/26/2023,11:18:00,481.7000,481.7000,481.5000,481.5000,5500,5214000,
IGL_F2,04/26/2023,11:19:00,481.3500,481.3500,481.3500,481.3500,2750,5214000,
IGL_F2,04/26/2023,11:20:00,481.4000,481.4000,481.4000,481.4000,6875,5214000,
IGL_F2,04/26/2023,11:21:00,481.4000,481.4000,481.4000,481.4000,4125,5216750,
IGL_F2,04/26/2023,11:22:00,481.5000,481.5000,481.4500,481.4500,2750,5216750,
IGL_F2,04/26/2023,11:23:00,481.4500,481.4500,481.4500,481.4500,1375,5216750,
IGL_F2,04/26/2023,11:24:00,481.4500,481.4500,481.4500,481.4500,2750,5220875,
IGL_F2,04/26/2023,11:25:00,481.7500,481.8500,481.7500,481.8500,2750,5220875,
IGL_F2,04/26/2023,11:27:00,481.8500,481.8500,481.8000,481.8000,34375,5225000,
IGL_F2,04/26/2023,11:28:00,482.3500,483.8000,482.3500,483.8000,59125,5225000,
IGL_F2,04/26/2023,11:29:00,484.4500,485.2000,484.4500,485.2000,86625,5225000,
IGL_F2,04/26/2023,11:30:00,485.6000,485.6000,485.3500,485.5000,12375,5209875,
IGL_F2,04/26/2023,11:31:00,485.9000,486.6000,485.9000,486.6000,28875,5209875,
IGL_F2,04/26/2023,11:32:00,486.5500,486.5500,486.5500,486.5500,5500,5209875,
IGL_F2,04/26/2023,11:33:00,486.9000,487.3000,486.9000,487.1500,38500,5208500,
IGL_F2,04/26/2023,11:34:00,487.0000,487.0000,486.8000,486.8000,39875,5208500,
IGL_F2,04/26/2023,11:35:00,487.1000,487.1000,487.1000,487.1000,12375,5208500,
IGL_F2,04/26/2023,11:36:00,487.4500,487.4500,486.8000,486.8000,13750,5262125,
IGL_F2,04/26/2023,11:37:00,486.8000,486.8000,486.5000,486.5000,8250,5262125,
IGL_F2,04/26/2023,11:38:00,486.5000,487.1000,486.5000,487.1000,9625,5262125,
IGL_F2,04/26/2023,11:39:00,487.4500,487.4500,487.4500,487.4500,61875,5263500,
IGL_F2,04/26/2023,11:40:00,487.5000,487.9500,487.5000,487.8500,26125,5263500,
IGL_F2,04/26/2023,11:41:00,487.8500,487.9000,487.8500,487.9000,9625,5263500,
IGL_F2,04/26/2023,11:43:00,487.5000,487.5500,487.5000,487.5500,8250,5293750,
IGL_F2,04/26/2023,11:44:00,487.7000,487.7000,487.7000,487.7000,1375,5293750,
IGL_F2,04/26/2023,11:45:00,487.7000,487.7000,487.7000,487.7000,4125,5300625,
IGL_F2,04/26/2023,11:46:00,487.7000,487.7000,487.7000,487.7000,2750,5300625,
IGL_F2,04/26/2023,11:47:00,487.7000,487.7000,487.7000,487.7000,2750,5300625,
IGL_F2,04/26/2023,11:48:00,487.9500,488.0000,487.9500,488.0000,11000,5302000,
IGL_F2,04/26/2023,11:49:00,488.5000,488.5000,488.5000,488.5000,4125,5302000,
IGL_F2,04/26/2023,11:50:00,488.4500,489.0000,488.4500,488.9500,17875,5302000,
IGL_F2,04/26/2023,11:51:00,488.7000,488.8000,488.7000,488.8000,12375,5314375,
IGL_F2,04/26/2023,11:52:00,489.1500,489.2000,489.1500,489.2000,9625,5314375,
IGL_F2,04/26/2023,11:53:00,489.2000,489.2000,489.0000,489.0000,13750,5314375,
IGL_F2,04/26/2023,11:54:00,488.8000,488.8000,488.5000,488.5000,4125,5318500,
IGL_F2,04/26/2023,11:55:00,488.3500,488.3500,488.2000,488.2000,6875,5318500,
IGL_F2,04/26/2023,11:56:00,488.2000,488.2000,488.2000,488.2000,4125,5318500,
IGL_F2,04/26/2023,11:57:00,488.2000,488.2000,488.2000,488.2000,1375,5321250,
IGL_F2,04/26/2023,11:58:00,488.2000,489.2000,488.2000,489.2000,17875,5321250,
IGL_F2,04/26/2023,11:59:00,489.4500,489.5000,489.4500,489.5000,15125,5321250,
IGL_F2,04/26/2023,12:00:00,489.8000,489.8000,489.8000,489.8000,2750,5332250,
IGL_F2,04/26/2023,12:01:00,489.8500,489.8500,489.7500,489.7500,8250,5332250,
IGL_F2,04/26/2023,12:02:00,489.5000,489.5000,489.4000,489.4000,11000,5332250,
IGL_F2,04/26/2023,12:03:00,489.4000,489.5500,489.4000,489.5500,8250,5326750,
IGL_F2,04/26/2023,12:04:00,489.5000,489.7500,489.5000,489.7500,4125,5326750,
IGL_F2,04/26/2023,12:05:00,489.7500,489.7500,489.1000,489.1000,17875,5326750,
IGL_F2,04/26/2023,12:06:00,489.5500,489.5500,488.9500,488.9500,15125,5319875,
IGL_F2,04/26/2023,12:07:00,489.2000,489.2000,489.2000,489.2000,2750,5319875,
IGL_F2,04/26/2023,12:08:00,489.0000,489.0000,488.9500,488.9500,4125,5319875,
IGL_F2,04/26/2023,12:09:00,488.3000,488.3000,488.3000,488.3000,1375,5319875,
IGL_F2,04/26/2023,12:10:00,488.2500,488.2500,488.2500,488.2500,1375,5319875,
IGL_F2,04/26/2023,12:11:00,488.2500,488.4000,488.0000,488.2000,11000,5319875,
IGL_F2,04/26/2023,12:12:00,488.2000,488.4500,488.1500,488.1500,27500,5295125,
IGL_F2,04/26/2023,12:13:00,488.3500,488.3500,488.3500,488.3500,1375,5295125,
IGL_F2,04/26/2023,12:14:00,488.2500,488.6000,488.2500,488.6000,6875,5295125,
IGL_F2,04/26/2023,12:15:00,488.5500,488.5500,488.5500,488.5500,4125,5302000,
IGL_F2,04/26/2023,12:17:00,488.5500,488.5500,488.5500,488.5500,5500,5302000,
IGL_F2,04/26/2023,12:18:00,488.4500,488.5500,488.4500,488.5500,13750,5307500,
IGL_F2,04/26/2023,12:19:00,488.5500,488.5500,488.5500,488.5500,1375,5307500,
IGL_F2,04/26/2023,12:20:00,488.5500,488.5500,488.5500,488.5500,12375,5307500,
IGL_F2,04/26/2023,12:21:00,488.5500,488.7000,488.5500,488.7000,5500,5325375,
IGL_F2,04/26/2023,12:23:00,488.7500,488.7500,488.7000,488.7000,5500,5325375,
IGL_F2,04/26/2023,12:24:00,488.7000,488.7000,488.7000,488.7000,1375,5330875,
IGL_F2,04/26/2023,12:25:00,488.7000,488.7000,488.7000,488.7000,1375,5330875,
IGL_F2,04/26/2023,12:26:00,488.7500,488.7500,488.7500,488.7500,6875,5330875,
IGL_F2,04/26/2023,12:27:00,488.6500,488.6500,488.6500,488.6500,8250,5337750,
IGL_F2,04/26/2023,12:28:00,488.9000,488.9000,488.9000,488.9000,8250,5337750,
IGL_F2,04/26/2023,12:29:00,488.9500,488.9500,488.9500,488.9500,1375,5337750,
IGL_F2,04/26/2023,12:30:00,488.9500,488.9500,488.9500,488.9500,2750,5341875,
IGL_F2,04/26/2023,12:31:00,488.9500,488.9500,488.9500,488.9500,6875,5341875,
IGL_F2,04/26/2023,12:32:00,488.7000,488.7000,488.7000,488.7000,22000,5341875,
IGL_F2,04/26/2023,12:33:00,488.8500,488.8500,488.8500,488.8500,5500,5341875,
IGL_F2,04/26/2023,12:34:00,488.8500,488.9500,488.8500,488.9500,8250,5368000,
IGL_F2,04/26/2023,12:35:00,488.9500,488.9500,488.9500,488.9500,1375,5368000,
IGL_F2,04/26/2023,12:36:00,488.9500,488.9500,488.7500,488.7500,6875,5372125,
IGL_F2,04/26/2023,12:37:00,488.9000,488.9000,488.9000,488.9000,5500,5372125,
IGL_F2,04/26/2023,12:38:00,488.9000,488.9000,488.9000,488.9000,6875,5372125,
IGL_F2,04/26/2023,12:39:00,488.9000,488.9000,488.9000,488.9000,1375,5372125,
IGL_F2,04/26/2023,12:40:00,488.9000,488.9000,488.8500,488.8500,6875,5383125,
IGL_F2,04/26/2023,12:41:00,488.8500,488.8500,488.8500,488.8500,1375,5383125,
IGL_F2,04/26/2023,12:42:00,489.0000,489.1000,489.0000,489.0000,19250,5391375,
IGL_F2,04/26/2023,12:43:00,489.0000,489.0000,489.0000,489.0000,5500,5391375,
IGL_F2,04/26/2023,12:44:00,488.9000,488.9000,488.9000,488.9000,1375,5391375,
IGL_F2,04/26/2023,12:45:00,488.9500,488.9500,488.9000,488.9000,8250,5405125,
IGL_F2,04/26/2023,12:46:00,488.9000,488.9000,488.9000,488.9000,4125,5405125,
IGL_F2,04/26/2023,12:48:00,488.9000,488.9000,488.9000,488.9000,4125,5413375,
IGL_F2,04/26/2023,12:49:00,488.9000,489.0000,488.9000,489.0000,8250,5413375,
IGL_F2,04/26/2023,12:50:00,489.1500,489.1500,489.1500,489.1500,1375,5413375,
IGL_F2,04/26/2023,12:51:00,489.1500,489.1500,489.1500,489.1500,4125,5427125,
IGL_F2,04/26/2023,12:52:00,489.1500,489.1500,489.1500,489.1500,2750,5427125,
IGL_F2,04/26/2023,12:54:00,489.0000,489.0000,489.0000,489.0000,4125,5431250,
IGL_F2,04/26/2023,12:55:00,489.0000,489.0000,488.9500,488.9500,9625,5431250,
IGL_F2,04/26/2023,12:57:00,488.9500,488.9500,488.2000,488.2000,11000,5442250,
IGL_F2,04/26/2023,12:58:00,488.1500,488.1500,487.9500,487.9500,9625,5442250,
IGL_F2,04/26/2023,12:59:00,487.9500,487.9500,487.9500,487.9500,2750,5442250,
IGL_F2,04/26/2023,13:00:00,487.9500,487.9500,487.9500,487.9500,1375,5457375,
IGL_F2,04/26/2023,13:01:00,487.9500,487.9500,487.9500,487.9500,4125,5457375,
IGL_F2,04/26/2023,13:02:00,487.9500,488.2000,487.9500,488.2000,4125,5457375,
IGL_F2,04/26/2023,13:03:00,488.6000,488.6000,488.3000,488.3000,13750,5473875,
IGL_F2,04/26/2023,13:06:00,488.4500,488.5000,488.4500,488.4500,6875,5475250,
IGL_F2,04/26/2023,13:07:00,488.2500,488.2500,488.2500,488.2500,9625,5475250,
IGL_F2,04/26/2023,13:08:00,488.2500,488.2500,488.2500,488.2500,4125,5475250,
IGL_F2,04/26/2023,13:09:00,488.3000,488.3000,488.3000,488.3000,2750,5493125,
IGL_F2,04/26/2023,13:10:00,487.9000,487.9000,487.9000,487.9000,15125,5493125,
IGL_F2,04/26/2023,13:11:00,488.2000,488.2000,488.2000,488.2000,5500,5493125,
IGL_F2,04/26/2023,13:12:00,488.2000,488.2500,488.2000,488.2500,6875,5504125,
IGL_F2,04/26/2023,13:13:00,488.2500,488.2500,488.2500,488.2500,4125,5504125,
IGL_F2,04/26/2023,13:14:00,488.2500,488.2500,488.2500,488.2500,2750,5504125,
IGL_F2,04/26/2023,13:15:00,488.0000,488.0000,488.0000,488.0000,9625,5508250,
IGL_F2,04/26/2023,13:16:00,488.1500,488.1500,488.1500,488.1500,2750,5508250,
IGL_F2,04/26/2023,13:17:00,488.1500,488.1500,488.1500,488.1500,1375,5508250,
IGL_F2,04/26/2023,13:18:00,488.1500,488.1500,488.1500,488.1500,5500,5508250,
IGL_F2,04/26/2023,13:19:00,488.0000,488.0000,488.0000,488.0000,11000,5508250,
IGL_F2,04/26/2023,13:20:00,488.0000,488.0000,488.0000,488.0000,1375,5508250,
IGL_F2,04/26/2023,13:21:00,488.0000,488.0000,488.0000,488.0000,1375,5519250,
IGL_F2,04/26/2023,13:22:00,488.0000,488.0000,488.0000,488.0000,1375,5519250,
IGL_F2,04/26/2023,13:23:00,488.0000,488.4000,488.0000,488.4000,5500,5519250,
IGL_F2,04/26/2023,13:24:00,488.4000,488.4000,488.4000,488.4000,1375,5527500,
IGL_F2,04/26/2023,13:25:00,488.6500,488.6500,488.6500,488.6500,2750,5527500,
IGL_F2,04/26/2023,13:26:00,488.6500,488.6500,488.6500,488.6500,1375,5527500,
IGL_F2,04/26/2023,13:27:00,488.6500,488.6500,488.6500,488.6500,5500,5530250,
IGL_F2,04/26/2023,13:29:00,488.6500,488.6500,488.5000,488.5000,4125,5530250,
IGL_F2,04/26/2023,13:30:00,488.6500,488.6500,488.6500,488.6500,5500,5535750,
IGL_F2,04/26/2023,13:31:00,488.7500,488.7500,488.7500,488.7500,4125,5535750,
IGL_F2,04/26/2023,13:32:00,488.4000,488.4000,488.4000,488.4000,2750,5535750,
IGL_F2,04/26/2023,13:33:00,488.4000,488.5500,488.4000,488.5500,5500,5537125,
IGL_F2,04/26/2023,13:34:00,488.5500,488.5500,488.5000,488.5000,4125,5537125,
IGL_F2,04/26/2023,13:35:00,488.0500,488.0500,488.0500,488.0500,17875,5537125,
IGL_F2,04/26/2023,13:36:00,488.0500,488.0500,488.0500,488.0500,1375,5537125,
IGL_F2,04/26/2023,13:37:00,487.9000,487.9000,487.8500,487.8500,5500,5533000,
IGL_F2,04/26/2023,13:38:00,487.8500,487.8500,487.8500,487.8500,2750,5533000,
IGL_F2,04/26/2023,13:40:00,487.9500,487.9500,487.5000,487.5000,9625,5538500,
IGL_F2,04/26/2023,13:41:00,487.5000,487.5000,487.5000,487.5000,1375,5538500,
IGL_F2,04/26/2023,13:42:00,487.5000,487.5000,487.2000,487.2500,28875,5535750,
IGL_F2,04/26/2023,13:43:00,487.2000,487.2000,487.0000,487.1000,8250,5535750,
IGL_F2,04/26/2023,13:44:00,487.0000,487.0000,487.0000,487.0000,2750,5535750,
IGL_F2,04/26/2023,13:45:00,486.6500,486.6500,486.6500,486.6500,4125,5544000,
IGL_F2,04/26/2023,13:46:00,486.6500,486.8000,486.6500,486.8000,6875,5544000,
IGL_F2,04/26/2023,13:47:00,486.8000,486.8500,486.8000,486.8500,4125,5544000,
IGL_F2,04/26/2023,13:48:00,487.0000,488.0000,487.0000,488.0000,11000,5555000,
IGL_F2,04/26/2023,13:49:00,488.0000,488.0000,487.5000,487.5000,15125,5555000,
IGL_F2,04/26/2023,13:50:00,486.9500,486.9500,486.9500,486.9500,5500,5555000,
IGL_F2,04/26/2023,13:52:00,486.8500,486.8500,486.8500,486.8500,1375,5564625,
IGL_F2,04/26/2023,13:53:00,486.9000,486.9000,486.9000,486.9000,4125,5564625,
IGL_F2,04/26/2023,13:57:00,486.8500,486.8500,486.6500,486.6500,5500,5572875,
IGL_F2,04/26/2023,13:58:00,486.8000,486.8000,486.8000,486.8000,1375,5572875,
IGL_F2,04/26/2023,13:59:00,486.8000,486.8000,486.8000,486.8000,2750,5572875,
IGL_F2,04/26/2023,14:00:00,486.8500,486.8500,486.8500,486.8500,2750,5575625,
IGL_F2,04/26/2023,14:01:00,487.5000,487.5000,487.5000,487.5000,1375,5575625,
IGL_F2,04/26/2023,14:03:00,487.5000,488.3500,487.5000,488.3500,9625,5577000,
IGL_F2,04/26/2023,14:04:00,489.1500,489.1500,488.5500,488.5500,17875,5577000,
IGL_F2,04/26/2023,14:05:00,488.5500,488.5500,488.3000,488.3000,5500,5577000,
IGL_F2,04/26/2023,14:06:00,488.2000,488.2000,487.5500,487.5500,4125,5579750,
IGL_F2,04/26/2023,14:07:00,487.8500,487.8500,487.8500,487.8500,1375,5579750,
IGL_F2,04/26/2023,14:08:00,487.8500,487.8500,487.8500,487.8500,2750,5579750,
IGL_F2,04/26/2023,14:09:00,487.6500,488.1000,487.6500,487.7500,6875,5585250,
IGL_F2,04/26/2023,14:10:00,487.7000,487.7000,487.7000,487.7000,39875,5585250,
IGL_F2,04/26/2023,14:11:00,487.7000,487.7000,487.7000,487.7000,31625,5585250,
IGL_F2,04/26/2023,14:12:00,488.7000,488.7000,488.7000,488.7000,12375,5600375,
IGL_F2,04/26/2023,14:14:00,488.7000,488.7000,488.4500,488.4500,2750,5600375,
IGL_F2,04/26/2023,14:16:00,488.5000,488.5000,488.5000,488.5000,6875,5600375,
IGL_F2,04/26/2023,14:17:00,488.6000,488.6000,488.6000,488.6000,4125,5600375,
IGL_F2,04/26/2023,14:18:00,489.0000,489.2000,489.0000,489.2000,8250,5603125,
IGL_F2,04/26/2023,14:19:00,489.3500,489.3500,489.3500,489.3500,1375,5603125,
IGL_F2,04/26/2023,14:20:00,489.3500,489.4000,489.3000,489.3000,6875,5603125,
IGL_F2,04/26/2023,14:21:00,489.3000,489.3000,489.3000,489.3000,4125,5612750,
IGL_F2,04/26/2023,14:22:00,488.5000,488.5000,488.0500,488.0500,5500,5612750,
IGL_F2,04/26/2023,14:23:00,488.5000,488.5000,488.5000,488.5000,9625,5612750,
IGL_F2,04/26/2023,14:24:00,488.5000,488.5500,488.5000,488.5500,5500,5612750,
IGL_F2,04/26/2023,14:25:00,488.5500,488.5500,488.5500,488.5500,1375,5612750,
IGL_F2,04/26/2023,14:26:00,488.5500,488.5500,488.5500,488.5500,2750,5612750,
IGL_F2,04/26/2023,14:27:00,488.5500,488.5500,488.5500,488.5500,1375,5615500,
IGL_F2,04/26/2023,14:28:00,489.0500,489.0500,489.0500,489.0500,1375,5615500,
IGL_F2,04/26/2023,14:29:00,489.0500,489.0500,489.0500,489.0500,4125,5615500,
IGL_F2,04/26/2023,14:30:00,489.0000,489.0000,489.0000,489.0000,2750,5621000,
IGL_F2,04/26/2023,14:32:00,489.0500,489.1000,489.0500,489.1000,4125,5621000,
IGL_F2,04/26/2023,14:33:00,488.7500,488.7500,488.7500,488.7500,13750,5621000,
IGL_F2,04/26/2023,14:34:00,489.2500,489.3000,489.2500,489.3000,9625,5623750,
IGL_F2,04/26/2023,14:35:00,489.1000,489.1000,489.1000,489.1000,1375,5623750,
IGL_F2,04/26/2023,14:36:00,489.0500,489.3000,489.0500,489.2500,4125,5622375,
IGL_F2,04/26/2023,14:37:00,489.1000,489.1000,489.1000,489.1000,4125,5622375,
IGL_F2,04/26/2023,14:38:00,489.3000,489.3000,489.1500,489.1500,2750,5622375,
IGL_F2,04/26/2023,14:40:00,489.1500,489.1500,489.1000,489.1000,2750,5623750,
IGL_F2,04/26/2023,14:41:00,489.1000,489.1000,489.1000,489.1000,1375,5623750,
IGL_F2,04/26/2023,14:43:00,488.9000,488.9000,488.8500,488.8500,6875,5626500,
IGL_F2,04/26/2023,14:44:00,488.8500,488.8500,488.8500,488.8500,5500,5626500,
IGL_F2,04/26/2023,14:45:00,489.3000,489.3500,489.3000,489.3500,13750,5626500,
IGL_F2,04/26/2023,14:46:00,489.4500,489.4500,489.4500,489.4500,4125,5626500,
IGL_F2,04/26/2023,14:47:00,489.5000,489.5000,489.5000,489.5000,5500,5626500,
IGL_F2,04/26/2023,14:48:00,489.3000,489.3000,489.3000,489.3000,1375,5626500,
IGL_F2,04/26/2023,14:49:00,489.3000,489.3000,489.3000,489.3000,1375,5623750,
IGL_F2,04/26/2023,14:51:00,489.3000,489.3000,489.3000,489.3000,1375,5623750,
IGL_F2,04/26/2023,14:54:00,489.2000,489.2000,489.2000,489.2000,6875,5626500,
IGL_F2,04/26/2023,14:55:00,489.3000,489.3000,489.3000,489.3000,1375,5626500,
IGL_F2,04/26/2023,14:56:00,488.9500,488.9500,488.9500,488.9500,2750,5626500,
IGL_F2,04/26/2023,14:57:00,489.0000,489.0000,489.0000,489.0000,1375,5626500,
IGL_F2,04/26/2023,14:58:00,489.0000,489.0000,488.9000,488.9000,11000,5629250,
IGL_F2,04/26/2023,15:00:00,489.4000,489.9000,489.4000,489.9000,41250,5649875,
IGL_F2,04/26/2023,15:01:00,490.0500,490.3000,490.0500,490.3000,37125,5649875,
IGL_F2,04/26/2023,15:02:00,490.2500,490.3500,490.2500,490.3500,26125,5649875,
IGL_F2,04/26/2023,15:03:00,490.3500,491.0000,490.1500,490.5500,83875,5692500,
IGL_F2,04/26/2023,15:04:00,491.0000,491.2000,490.7000,491.0000,15125,5692500,
IGL_F2,04/26/2023,15:05:00,491.0000,491.0000,490.8500,490.8500,2750,5692500,
IGL_F2,04/26/2023,15:06:00,491.0500,491.0500,490.6000,491.0500,15125,5715875,
IGL_F2,04/26/2023,15:07:00,490.7500,491.1500,490.7500,491.1500,12375,5715875,
IGL_F2,04/26/2023,15:08:00,491.0500,491.4000,490.9500,491.4000,19250,5715875,
IGL_F2,04/26/2023,15:09:00,490.9500,491.2500,490.9500,491.2500,8250,5721375,
IGL_F2,04/26/2023,15:10:00,490.8000,491.2500,490.8000,491.2000,9625,5721375,
IGL_F2,04/26/2023,15:11:00,490.8000,490.8500,490.8000,490.8500,2750,5721375,
IGL_F2,04/26/2023,15:12:00,490.6000,490.6000,490.6000,490.6000,9625,5731000,
IGL_F2,04/26/2023,15:13:00,490.5500,490.7500,490.5500,490.6500,12375,5731000,
IGL_F2,04/26/2023,15:14:00,490.2000,490.4500,490.0000,490.4500,12375,5731000,
IGL_F2,04/26/2023,15:15:00,490.5500,490.5500,490.4500,490.4500,9625,5742000,
IGL_F2,04/26/2023,15:16:00,490.7000,490.8500,490.4500,490.8500,13750,5742000,
IGL_F2,04/26/2023,15:17:00,490.5000,490.5000,490.3500,490.3500,5500,5742000,
IGL_F2,04/26/2023,15:18:00,490.2000,490.5000,490.2000,490.5000,6875,5748875,
IGL_F2,04/26/2023,15:19:00,490.1000,490.3000,490.1000,490.3000,9625,5748875,
IGL_F2,04/26/2023,15:20:00,490.1000,490.3000,490.0000,490.0000,19250,5748875,
IGL_F2,04/26/2023,15:21:00,490.0000,490.0000,490.0000,490.0000,11000,5755750,
IGL_F2,04/26/2023,15:22:00,490.0000,490.0000,490.0000,490.0000,4125,5755750,
IGL_F2,04/26/2023,15:23:00,489.8500,489.8500,489.3000,489.3000,6875,5755750,
IGL_F2,04/26/2023,15:24:00,489.3000,489.3500,489.1000,489.3000,19250,5764000,
IGL_F2,04/26/2023,15:25:00,489.3500,489.8000,489.3500,489.8000,6875,5764000,
IGL_F2,04/26/2023,15:26:00,489.9000,489.9500,489.7500,489.7500,13750,5764000,
IGL_F2,04/26/2023,15:27:00,489.8000,489.8000,489.2000,489.4000,9625,5772250,
IGL_F2,04/26/2023,15:28:00,489.3500,489.3500,489.2000,489.3000,8250,5772250,
IGL_F2,04/26/2023,15:29:00,489.4000,489.7000,489.0500,489.0500,44000,5772250,
IGL_F2,04/27/2023,09:15:00,489.4500,489.8500,489.4500,489.8500,86627,5402375,
IGL_F2,04/27/2023,09:16:00,489.9000,490.0500,489.9000,490.0500,12375,5402375,
IGL_F2,04/27/2023,09:17:00,490.3500,490.3500,490.3500,490.3500,4125,5402375,
IGL_F2,04/27/2023,09:20:00,489.9000,489.9000,489.2500,489.2500,9625,5429875,
IGL_F2,04/27/2023,09:21:00,489.8500,489.8500,489.8000,489.8500,11000,5423000,
IGL_F2,04/27/2023,09:23:00,489.3000,489.3000,489.0500,489.0500,6875,5423000,
IGL_F2,04/27/2023,09:25:00,489.2000,489.2000,489.2000,489.2000,1375,5424375,
IGL_F2,04/27/2023,09:26:00,489.2000,489.2000,489.2000,489.2000,4125,5423000,
IGL_F2,04/27/2023,09:27:00,489.2000,489.2000,489.2000,489.2000,2750,5423000,
IGL_F2,04/27/2023,09:28:00,489.0000,489.0000,489.0000,489.0000,1375,5423000,
IGL_F2,04/27/2023,09:30:00,489.0000,489.0000,489.0000,489.0000,13750,5427125,
IGL_F2,04/27/2023,09:31:00,489.5500,489.5500,489.5500,489.5500,1375,5427125,
IGL_F2,04/27/2023,09:32:00,490.2000,490.2000,490.2000,490.2000,2750,5427125,
IGL_F2,04/27/2023,09:33:00,490.5000,491.0000,490.5000,491.0000,16500,5431250,
IGL_F2,04/27/2023,09:34:00,491.3000,491.3000,491.3000,491.3000,4125,5431250,
IGL_F2,04/27/2023,09:35:00,491.4500,491.4500,491.4500,491.4500,1375,5431250,
IGL_F2,04/27/2023,09:36:00,491.5500,491.5500,491.5500,491.5500,8250,5443625,
IGL_F2,04/27/2023,09:37:00,491.5500,491.5500,491.1000,491.1000,4125,5443625,
IGL_F2,04/27/2023,09:38:00,491.1000,491.1000,491.1000,491.1000,1375,5443625,
IGL_F2,04/27/2023,09:39:00,491.0000,491.0000,491.0000,491.0000,1375,5451875,
IGL_F2,04/27/2023,09:40:00,490.7500,490.7500,490.7500,490.7500,1375,5451875,
IGL_F2,04/27/2023,09:41:00,491.2500,491.5000,491.2500,491.5000,5500,5451875,
IGL_F2,04/27/2023,09:42:00,491.8500,491.8500,491.8500,491.8500,35750,5451875,
IGL_F2,04/27/2023,09:43:00,491.9500,492.0000,491.9500,492.0000,12375,5451875,
IGL_F2,04/27/2023,09:44:00,492.4000,492.4000,492.4000,492.4000,5500,5451875,
IGL_F2,04/27/2023,09:45:00,492.4500,492.4500,492.4500,492.4500,49500,5472500,
IGL_F2,04/27/2023,09:46:00,492.0000,492.0000,492.0000,492.0000,1375,5472500,
IGL_F2,04/27/2023,09:47:00,492.1000,492.1000,492.1000,492.1000,5500,5472500,
IGL_F2,04/27/2023,09:48:00,492.2000,492.2000,492.2000,492.2000,1375,5483500,
IGL_F2,04/27/2023,09:49:00,492.2000,492.2000,492.2000,492.2000,2750,5483500,
IGL_F2,04/27/2023,09:50:00,492.5000,492.5000,492.5000,492.5000,5500,5483500,
IGL_F2,04/27/2023,09:51:00,492.5000,492.5000,492.5000,492.5000,15125,5482125,
IGL_F2,04/27/2023,09:52:00,492.6000,492.6000,492.6000,492.6000,5500,5482125,
IGL_F2,04/27/2023,09:53:00,492.4500,492.7500,492.4500,492.7500,9625,5482125,
IGL_F2,04/27/2023,09:54:00,492.7500,492.7500,492.5500,492.5500,13750,5494500,
IGL_F2,04/27/2023,09:55:00,492.9000,492.9000,492.9000,492.9000,5500,5494500,
IGL_F2,04/27/2023,09:56:00,493.0000,493.0000,493.0000,493.0000,5500,5494500,
IGL_F2,04/27/2023,09:57:00,493.1500,493.1500,493.1500,493.1500,6875,5500000,
IGL_F2,04/27/2023,09:58:00,493.0000,493.0000,492.6000,492.6000,8250,5500000,
IGL_F2,04/27/2023,09:59:00,492.6000,492.8000,492.6000,492.8000,37125,5500000,
IGL_F2,04/27/2023,10:00:00,492.8500,492.8500,492.6000,492.6000,26125,5537125,
IGL_F2,04/27/2023,10:01:00,492.5000,492.5000,492.5000,492.5000,4125,5537125,
IGL_F2,04/27/2023,10:02:00,493.5000,493.5000,493.5000,493.5000,31625,5537125,
IGL_F2,04/27/2023,10:03:00,493.5000,493.5000,493.0500,493.2000,6875,5550875,
IGL_F2,04/27/2023,10:05:00,493.9000,493.9000,493.9000,493.9000,1375,5550875,
IGL_F2,04/27/2023,10:06:00,493.9000,493.9000,493.7000,493.7000,11000,5555000,
IGL_F2,04/27/2023,10:07:00,493.7000,493.7000,493.7000,493.7000,13750,5555000,
IGL_F2,04/27/2023,10:08:00,493.0000,493.0000,493.0000,493.0000,1375,5555000,
IGL_F2,04/27/2023,10:11:00,493.0000,493.0000,493.0000,493.0000,1375,5559125,
IGL_F2,04/27/2023,10:12:00,493.2000,493.2000,493.2000,493.2000,1375,5544000,
IGL_F2,04/27/2023,10:13:00,493.2000,493.2000,493.2000,493.2000,1375,5544000,
IGL_F2,04/27/2023,10:14:00,493.0000,493.0000,492.8000,492.8000,6875,5544000,
IGL_F2,04/27/2023,10:16:00,493.0000,493.0000,493.0000,493.0000,2750,5550875,
IGL_F2,04/27/2023,10:18:00,493.0000,493.0000,493.0000,493.0000,1375,5552250,
IGL_F2,04/27/2023,10:19:00,493.0000,493.0000,493.0000,493.0000,1375,5552250,
IGL_F2,04/27/2023,10:20:00,493.3500,493.3500,493.3500,493.3500,5500,5552250,
IGL_F2,04/27/2023,10:21:00,493.5000,493.5000,493.5000,493.5000,4125,5552250,
IGL_F2,04/27/2023,10:22:00,493.7500,493.7500,493.7500,493.7500,1375,5552250,
IGL_F2,04/27/2023,10:23:00,493.8000,493.8000,493.8000,493.8000,1375,5557750,
IGL_F2,04/27/2023,10:24:00,493.9000,493.9000,493.7500,493.7500,4125,5557750,
IGL_F2,04/27/2023,10:25:00,493.8000,493.9500,493.8000,493.9500,2750,5557750,
IGL_F2,04/27/2023,10:26:00,493.9500,493.9500,493.9500,493.9500,2750,5557750,
IGL_F2,04/27/2023,10:28:00,493.9500,493.9500,493.9500,493.9500,1375,5559125,
IGL_F2,04/27/2023,10:29:00,494.0000,494.0500,494.0000,494.0500,12375,5559125,
IGL_F2,04/27/2023,10:30:00,493.8500,493.8500,493.8500,493.8500,1375,5568750,
IGL_F2,04/27/2023,10:31:00,493.8500,493.8500,493.8500,493.8500,1375,5568750,
IGL_F2,04/27/2023,10:32:00,493.4500,493.4500,493.4500,493.4500,1375,5568750,
IGL_F2,04/27/2023,10:33:00,493.4000,493.4000,493.2000,493.2000,2750,5571500,
IGL_F2,04/27/2023,10:34:00,493.2000,493.2000,492.7500,492.7500,11000,5571500,
IGL_F2,04/27/2023,10:35:00,492.7000,492.7000,492.7000,492.7000,1375,5571500,
IGL_F2,04/27/2023,10:37:00,492.7000,492.7000,492.7000,492.7000,2750,5575625,
IGL_F2,04/27/2023,10:38:00,493.0000,493.0000,493.0000,493.0000,5500,5575625,
IGL_F2,04/27/2023,10:39:00,493.0000,493.0000,493.0000,493.0000,2750,5570125,
IGL_F2,04/27/2023,10:40:00,492.7000,492.7000,492.7000,492.7000,1375,5570125,
IGL_F2,04/27/2023,10:41:00,492.4000,492.4000,492.4000,492.4000,2750,5572875,
IGL_F2,04/27/2023,10:42:00,492.6500,492.6500,492.6500,492.6500,1375,5572875,
IGL_F2,04/27/2023,10:43:00,492.6500,492.6500,492.6500,492.6500,1375,5572875,
IGL_F2,04/27/2023,10:48:00,492.5500,492.5500,492.5500,492.5500,1375,5574250,
IGL_F2,04/27/2023,10:51:00,492.5000,492.5000,492.5000,492.5000,2750,5572875,
IGL_F2,04/27/2023,10:52:00,492.5500,492.5500,492.5500,492.5500,2750,5572875,
IGL_F2,04/27/2023,10:53:00,492.5500,492.5500,492.5500,492.5500,1375,5572875,
IGL_F2,04/27/2023,10:56:00,492.4500,492.4500,492.4500,492.4500,6875,5575625,
IGL_F2,04/27/2023,10:57:00,492.4000,492.4000,492.4000,492.4000,2750,5579750,
IGL_F2,04/27/2023,10:58:00,492.6500,492.6500,492.6500,492.6500,4125,5579750,
IGL_F2,04/27/2023,10:59:00,492.7500,492.7500,492.7500,492.7500,1375,5579750,
IGL_F2,04/27/2023,11:00:00,492.6000,492.6000,492.6000,492.6000,1375,5583875,
IGL_F2,04/27/2023,11:01:00,492.7000,492.7500,492.7000,492.7500,2750,5583875,
IGL_F2,04/27/2023,11:03:00,492.6500,492.6500,492.2500,492.2500,9625,5585250,
IGL_F2,04/27/2023,11:04:00,492.5500,492.5500,492.5500,492.5500,1375,5585250,
IGL_F2,04/27/2023,11:05:00,492.6500,492.6500,492.6500,492.6500,1375,5585250,
IGL_F2,04/27/2023,11:08:00,492.6000,492.6000,492.6000,492.6000,1375,5585250,
IGL_F2,04/27/2023,11:09:00,492.6000,492.6000,492.5500,492.5500,23375,5585250,
IGL_F2,04/27/2023,11:10:00,492.5000,492.5000,492.5000,492.5000,2750,5585250,
IGL_F2,04/27/2023,11:11:00,492.3500,492.3500,492.3500,492.3500,1375,5585250,
IGL_F2,04/27/2023,11:12:00,492.4000,492.4000,492.4000,492.4000,2750,5585250,
IGL_F2,04/27/2023,11:13:00,492.4000,492.4000,492.4000,492.4000,2750,5586625,
IGL_F2,04/27/2023,11:14:00,492.5000,492.5000,492.5000,492.5000,1375,5586625,
IGL_F2,04/27/2023,11:15:00,492.5000,492.5000,492.5000,492.5000,4125,5590750,
IGL_F2,04/27/2023,11:17:00,492.2000,492.2000,492.2000,492.2000,8250,5590750,
IGL_F2,04/27/2023,11:18:00,492.0000,492.0000,492.0000,492.0000,6875,5590750,
IGL_F2,04/27/2023,11:19:00,492.3000,492.3500,492.3000,492.3500,2750,5600375,
IGL_F2,04/27/2023,11:20:00,492.1000,492.1000,492.1000,492.1000,2750,5600375,
IGL_F2,04/27/2023,11:22:00,492.3000,492.3000,492.3000,492.3000,1375,5601750,
IGL_F2,04/27/2023,11:23:00,492.0500,492.0500,492.0500,492.0500,2750,5601750,
IGL_F2,04/27/2023,11:24:00,492.1500,492.1500,492.1500,492.1500,5500,5601750,
IGL_F2,04/27/2023,11:27:00,492.1500,492.1500,492.1500,492.1500,1375,5604500,
IGL_F2,04/27/2023,11:29:00,491.8500,492.0000,491.8500,492.0000,2750,5601750,
IGL_F2,04/27/2023,11:30:00,492.5500,492.5500,492.5500,492.5500,1375,5603125,
IGL_F2,04/27/2023,11:31:00,492.3500,492.3500,492.3500,492.3500,1375,5603125,
IGL_F2,04/27/2023,11:32:00,492.3500,492.3500,492.3500,492.3500,1375,5603125,
IGL_F2,04/27/2023,11:33:00,492.3500,492.3500,492.3500,492.3500,1375,5603125,
IGL_F2,04/27/2023,11:35:00,492.0000,492.0000,492.0000,492.0000,1375,5603125,
IGL_F2,04/27/2023,11:36:00,491.7500,491.7500,491.4500,491.4500,5500,5603125,
IGL_F2,04/27/2023,11:37:00,491.4500,491.4500,491.4500,491.4500,1375,5603125,
IGL_F2,04/27/2023,11:38:00,491.5500,491.5500,491.4500,491.4500,5500,5603125,
IGL_F2,04/27/2023,11:40:00,491.4500,491.4500,491.4500,491.4500,1375,5607250,
IGL_F2,04/27/2023,11:41:00,491.4000,491.4000,491.1500,491.1500,5500,5607250,
IGL_F2,04/27/2023,11:42:00,491.4000,491.4000,491.0000,491.0000,9625,5604500,
IGL_F2,04/27/2023,11:43:00,491.0000,491.0000,491.0000,491.0000,2750,5604500,
IGL_F2,04/27/2023,11:44:00,491.3500,491.3500,491.0000,491.3500,8250,5604500,
IGL_F2,04/27/2023,11:45:00,491.3000,491.3000,491.3000,491.3000,5500,5610000,
IGL_F2,04/27/2023,11:46:00,491.3000,491.3000,491.3000,491.3000,1375,5610000,
IGL_F2,04/27/2023,11:47:00,491.3000,491.4000,491.0000,491.0000,17875,5610000,
IGL_F2,04/27/2023,11:49:00,491.7500,491.7500,491.7500,491.7500,1375,5604500,
IGL_F2,04/27/2023,11:50:00,491.8000,491.8000,491.7500,491.7500,6875,5604500,
IGL_F2,04/27/2023,11:51:00,491.9500,491.9500,491.9500,491.9500,1375,5600375,
IGL_F2,04/27/2023,11:55:00,491.8500,491.8500,491.8500,491.8500,1375,5601750,
IGL_F2,04/27/2023,11:56:00,492.1000,492.2500,492.0500,492.2500,4125,5601750,
IGL_F2,04/27/2023,11:58:00,492.0500,492.0500,492.0000,492.0000,5500,5599000,
IGL_F2,04/27/2023,12:00:00,491.9500,491.9500,491.9500,491.9500,4125,5600375,
IGL_F2,04/27/2023,12:01:00,491.5000,491.5000,491.5000,491.5000,1375,5600375,
IGL_F2,04/27/2023,12:02:00,491.6500,491.6500,491.6500,491.6500,1375,5600375,
IGL_F2,04/27/2023,12:04:00,491.4000,491.4000,491.4000,491.4000,1375,5600375,
IGL_F2,04/27/2023,12:05:00,491.1500,491.1500,491.1500,491.1500,1375,5600375,
IGL_F2,04/27/2023,12:06:00,491.1500,491.2000,491.1500,491.2000,2750,5600375,
IGL_F2,04/27/2023,12:10:00,490.8500,490.8500,490.6000,490.6000,5500,5600375,
IGL_F2,04/27/2023,12:11:00,490.8000,490.8000,490.8000,490.8000,1375,5600375,
IGL_F2,04/27/2023,12:12:00,490.5500,490.5500,490.5500,490.5500,1375,5600375,
IGL_F2,04/27/2023,12:13:00,490.4500,490.4500,490.4500,490.4500,4125,5600375,
IGL_F2,04/27/2023,12:14:00,490.5500,490.5500,490.5500,490.5500,2750,5600375,
IGL_F2,04/27/2023,12:16:00,490.6000,490.6000,490.6000,490.6000,1375,5600375,
IGL_F2,04/27/2023,12:18:00,490.7000,490.7000,490.7000,490.7000,1375,5599000,
IGL_F2,04/27/2023,12:19:00,490.8500,490.8500,490.8500,490.8500,2750,5599000,
IGL_F2,04/27/2023,12:20:00,490.8000,490.8500,490.8000,490.8500,2750,5599000,
IGL_F2,04/27/2023,12:21:00,490.8500,490.8500,490.8500,490.8500,1375,5599000,
IGL_F2,04/27/2023,12:22:00,490.4000,490.4000,490.4000,490.4000,1375,5604500,
IGL_F2,04/27/2023,12:23:00,490.5000,490.8000,490.5000,490.8000,2750,5604500,
IGL_F2,04/27/2023,12:24:00,490.3000,490.3000,490.3000,490.3000,1375,5605875,
IGL_F2,04/27/2023,12:25:00,490.1500,490.3500,490.1500,490.3500,6875,5605875,
IGL_F2,04/27/2023,12:27:00,490.0000,490.0000,490.0000,490.0000,9625,5607250,
IGL_F2,04/27/2023,12:28:00,489.9000,489.9000,489.9000,489.9000,23375,5607250,
IGL_F2,04/27/2023,12:29:00,490.2000,490.2000,490.2000,490.2000,5500,5607250,
IGL_F2,04/27/2023,12:30:00,489.8500,489.8500,489.8500,489.8500,4125,5629250,
IGL_F2,04/27/2023,12:31:00,490.0500,490.0500,490.0500,490.0500,1375,5629250,
IGL_F2,04/27/2023,12:32:00,490.2000,490.2000,490.2000,490.2000,2750,5629250,
IGL_F2,04/27/2023,12:33:00,490.2000,490.2000,490.2000,490.2000,8250,5626500,
IGL_F2,04/27/2023,12:34:00,490.0000,490.0000,490.0000,490.0000,4125,5626500,
IGL_F2,04/27/2023,12:38:00,490.0000,490.0000,490.0000,490.0000,4125,5630625,
IGL_F2,04/27/2023,12:39:00,490.1000,490.1000,490.1000,490.1000,1375,5629250,
IGL_F2,04/27/2023,12:40:00,490.1500,490.1500,490.1500,490.1500,5500,5629250,
IGL_F2,04/27/2023,12:41:00,490.6500,490.6500,490.4500,490.4500,5500,5629250,
IGL_F2,04/27/2023,12:43:00,490.6500,490.6500,490.6500,490.6500,1375,5637500,
IGL_F2,04/27/2023,12:45:00,491.1500,491.1500,491.1500,491.1500,1375,5629250,
IGL_F2,04/27/2023,12:46:00,490.8500,491.0000,490.8500,491.0000,4125,5629250,
IGL_F2,04/27/2023,12:48:00,491.0000,491.0000,491.0000,491.0000,1375,5625125,
IGL_F2,04/27/2023,12:49:00,490.4500,490.4500,490.4500,490.4500,13750,5625125,
IGL_F2,04/27/2023,12:51:00,490.3500,490.3500,490.3500,490.3500,5500,5637500,
IGL_F2,04/27/2023,12:52:00,490.5500,490.5500,490.5500,490.5500,1375,5637500,
IGL_F2,04/27/2023,12:53:00,490.4000,490.4000,490.4000,490.4000,16500,5637500,
IGL_F2,04/27/2023,12:55:00,490.1500,490.1500,490.1500,490.1500,1375,5647125,
IGL_F2,04/27/2023,13:00:00,490.3500,490.3500,490.3500,490.3500,1375,5643000,
IGL_F2,04/27/2023,13:01:00,490.0000,490.0000,489.8500,489.8500,5500,5643000,
IGL_F2,04/27/2023,13:03:00,489.6500,489.6500,489.6500,489.6500,1375,5643000,
IGL_F2,04/27/2023,13:05:00,489.7000,489.7000,489.6000,489.6000,5500,5645750,
IGL_F2,04/27/2023,13:06:00,489.9000,489.9000,489.9000,489.9000,1375,5649875,
IGL_F2,04/27/2023,13:07:00,490.2000,490.2000,490.2000,490.2000,11000,5649875,
IGL_F2,04/27/2023,13:08:00,490.2500,490.2500,490.2500,490.2500,8250,5649875,
IGL_F2,04/27/2023,13:09:00,490.2500,490.3500,490.2500,490.3500,4125,5648500,
IGL_F2,04/27/2023,13:11:00,491.2500,491.5000,491.2500,491.5000,6875,5648500,
IGL_F2,04/27/2023,13:12:00,491.4500,491.4500,491.4000,491.4000,16500,5648500,
IGL_F2,04/27/2023,13:13:00,491.6500,491.9000,491.6500,491.9000,5500,5648500,
IGL_F2,04/27/2023,13:14:00,491.8000,491.8000,491.7500,491.7500,19250,5648500,
IGL_F2,04/27/2023,13:15:00,491.4500,491.4500,491.4000,491.4000,8250,5648500,
IGL_F2,04/27/2023,13:16:00,491.0500,491.0500,491.0500,491.0500,4125,5655375,
IGL_F2,04/27/2023,13:19:00,491.4000,491.4500,491.4000,491.4500,23375,5656750,
IGL_F2,04/27/2023,13:20:00,491.2000,491.2000,490.2000,490.2000,13750,5656750,
IGL_F2,04/27/2023,13:21:00,490.1500,490.9000,489.8000,490.9000,41250,5667750,
IGL_F2,04/27/2023,13:22:00,490.5000,490.5000,490.5000,490.5000,1375,5667750,
IGL_F2,04/27/2023,13:23:00,490.9000,490.9000,490.9000,490.9000,1375,5667750,
IGL_F2,04/27/2023,13:24:00,490.8500,490.8500,490.8500,490.8500,1375,5692500,
IGL_F2,04/27/2023,13:26:00,490.6000,490.6000,490.6000,490.6000,4125,5692500,
IGL_F2,04/27/2023,13:28:00,490.4000,490.4500,490.4000,490.4500,2750,5693875,
IGL_F2,04/27/2023,13:29:00,490.7500,490.7500,490.3000,490.3000,12375,5693875,
IGL_F2,04/27/2023,13:30:00,490.6500,490.6500,490.4500,490.4500,2750,5693875,
IGL_F2,04/27/2023,13:31:00,490.3500,490.3500,490.3500,490.3500,1375,5698000,
IGL_F2,04/27/2023,13:33:00,490.5500,490.5500,490.5500,490.5500,4125,5698000,
IGL_F2,04/27/2023,13:34:00,490.2000,490.2000,490.2000,490.2000,8250,5702125,
IGL_F2,04/27/2023,13:35:00,490.4000,490.7000,490.4000,490.7000,2750,5702125,
IGL_F2,04/27/2023,13:37:00,490.3500,490.3500,490.3500,490.3500,1375,5709000,
IGL_F2,04/27/2023,13:38:00,490.3500,490.3500,490.3500,490.3500,1375,5709000,
IGL_F2,04/27/2023,13:41:00,490.4000,490.4000,490.4000,490.4000,2750,5710375,
IGL_F2,04/27/2023,13:42:00,490.7000,490.7000,490.7000,490.7000,1375,5707625,
IGL_F2,04/27/2023,13:44:00,490.7000,490.7000,490.7000,490.7000,1375,5707625,
IGL_F2,04/27/2023,13:46:00,490.7000,490.7000,490.7000,490.7000,15125,5709000,
IGL_F2,04/27/2023,13:47:00,491.0000,491.2500,491.0000,491.2500,11000,5709000,
IGL_F2,04/27/2023,13:48:00,490.7500,490.7500,490.7500,490.7500,1375,5707625,
IGL_F2,04/27/2023,13:49:00,490.5000,490.5500,490.5000,490.5500,11000,5707625,
IGL_F2,04/27/2023,13:50:00,490.5000,490.5000,490.1000,490.2000,38500,5707625,
IGL_F2,04/27/2023,13:51:00,490.2000,490.7000,490.2000,490.7000,6875,5707625,
IGL_F2,04/27/2023,13:52:00,490.2000,490.3500,490.2000,490.3500,2750,5710375,
IGL_F2,04/27/2023,13:53:00,490.2000,490.2000,490.2000,490.2000,1375,5710375,
IGL_F2,04/27/2023,13:56:00,491.2500,491.2500,490.9500,491.1000,4125,5710375,
IGL_F2,04/27/2023,13:59:00,491.2000,491.2500,491.2000,491.2500,5500,5706250,
IGL_F2,04/27/2023,14:00:00,491.8000,491.8500,491.2000,491.2000,23375,5696625,
IGL_F2,04/27/2023,14:02:00,491.3500,491.3500,491.0500,491.0500,9625,5696625,
IGL_F2,04/27/2023,14:03:00,490.8000,490.8000,490.8000,490.8000,1375,5698000,
IGL_F2,04/27/2023,14:04:00,490.8000,491.1500,490.8000,491.1500,6875,5698000,
IGL_F2,04/27/2023,14:06:00,490.0000,490.0000,489.4000,489.4000,6875,5698000,
IGL_F2,04/27/2023,14:07:00,489.4000,489.9500,489.4000,489.6000,16500,5698000,
IGL_F2,04/27/2023,14:08:00,490.3500,490.3500,490.0000,490.1000,60500,5698000,
IGL_F2,04/27/2023,14:09:00,489.4500,489.4500,489.0000,489.2500,28875,5693875,
IGL_F2,04/27/2023,14:10:00,489.3500,489.3500,489.3500,489.3500,1375,5693875,
IGL_F2,04/27/2023,14:11:00,489.3500,489.3500,489.3500,489.3500,1375,5693875,
IGL_F2,04/27/2023,14:13:00,489.4000,489.4000,489.4000,489.4000,1375,5693875,
IGL_F2,04/27/2023,14:14:00,489.0500,489.0500,488.9500,488.9500,22000,5693875,
IGL_F2,04/27/2023,14:15:00,489.5000,489.5000,489.5000,489.5000,8250,5693875,
IGL_F2,04/27/2023,14:16:00,488.9500,488.9500,488.8500,488.8500,5500,5684250,
IGL_F2,04/27/2023,14:18:00,488.8500,488.8500,488.8500,488.8500,2750,5684250,
IGL_F2,04/27/2023,14:22:00,488.5500,488.5500,488.5500,488.5500,1375,5673250,
IGL_F2,04/27/2023,14:23:00,488.5000,488.5000,488.5000,488.5000,1375,5673250,
IGL_F2,04/27/2023,14:25:00,488.5000,488.9000,488.5000,488.9000,5500,5676000,
IGL_F2,04/27/2023,14:26:00,488.9000,488.9000,488.9000,488.9000,1375,5676000,
IGL_F2,04/27/2023,14:27:00,488.5500,488.5500,488.5500,488.5500,1375,5676000,
IGL_F2,04/27/2023,14:30:00,488.7000,488.8000,488.7000,488.8000,9625,5677375,
IGL_F2,04/27/2023,14:31:00,488.8500,488.8500,488.8500,488.8500,4125,5678750,
IGL_F2,04/27/2023,14:32:00,489.0000,489.0000,489.0000,489.0000,4125,5678750,
IGL_F2,04/27/2023,14:34:00,489.1000,489.1500,489.1000,489.1500,5500,5681500,
IGL_F2,04/27/2023,14:35:00,488.9500,488.9500,488.9500,488.9500,6875,5681500,
IGL_F2,04/27/2023,14:37:00,489.1000,489.1000,489.1000,489.1000,5500,5681500,
IGL_F2,04/27/2023,14:38:00,489.0500,489.2000,489.0500,489.2000,4125,5681500,
IGL_F2,04/27/2023,14:39:00,489.1000,489.1000,489.1000,489.1000,1375,5685625,
IGL_F2,04/27/2023,14:40:00,489.1000,489.1000,489.1000,489.1000,4125,5685625,
IGL_F2,04/27/2023,14:42:00,489.3500,489.3500,489.3500,489.3500,20625,5685625,
IGL_F2,04/27/2023,14:43:00,489.3000,489.6500,489.3000,489.5000,6875,5680125,
IGL_F2,04/27/2023,14:44:00,489.8000,489.9500,489.6500,489.6500,16500,5680125,
IGL_F2,04/27/2023,14:45:00,490.0000,490.0000,490.0000,490.0000,1375,5680125,
IGL_F2,04/27/2023,14:46:00,489.8000,489.8000,489.6500,489.6500,2750,5691125,
IGL_F2,04/27/2023,14:47:00,489.5000,489.5000,489.5000,489.5000,2750,5691125,
IGL_F2,04/27/2023,14:48:00,489.5500,489.5500,489.5500,489.5500,6875,5688375,
IGL_F2,04/27/2023,14:49:00,489.5500,489.5500,489.4500,489.4500,5500,5688375,
IGL_F2,04/27/2023,14:51:00,489.4500,489.7500,489.4500,489.7500,8250,5692500,
IGL_F2,04/27/2023,14:52:00,489.8500,489.8500,489.8500,489.8500,1375,5692500,
IGL_F2,04/27/2023,14:53:00,489.8500,489.8500,489.8500,489.8500,1375,5692500,
IGL_F2,04/27/2023,14:54:00,489.2500,489.8000,489.2500,489.8000,4125,5691125,
IGL_F2,04/27/2023,14:55:00,489.8500,489.9500,489.5000,489.9500,13750,5691125,
IGL_F2,04/27/2023,14:57:00,489.8000,489.8000,489.8000,489.8000,1375,5691125,
IGL_F2,04/27/2023,14:58:00,489.9500,489.9500,489.9500,489.9500,5500,5699375,
IGL_F2,04/27/2023,15:00:00,490.2000,490.2000,490.0000,490.0000,8250,5699375,
IGL_F2,04/27/2023,15:01:00,490.2000,490.2000,490.2000,490.2000,1375,5699375,
IGL_F2,04/27/2023,15:02:00,490.5000,490.5000,490.5000,490.5000,1375,5699375,
IGL_F2,04/27/2023,15:03:00,490.3000,490.6000,490.3000,490.6000,15125,5709000,
IGL_F2,04/27/2023,15:04:00,490.5000,490.5500,490.5000,490.5500,5500,5709000,
IGL_F2,04/27/2023,15:05:00,490.7000,490.7000,490.7000,490.7000,12375,5709000,
IGL_F2,04/27/2023,15:06:00,490.7500,490.9500,490.7500,490.9500,16500,5724125,
IGL_F2,04/27/2023,15:07:00,491.0500,491.0500,491.0500,491.0500,1375,5724125,
IGL_F2,04/27/2023,15:08:00,491.2500,491.3000,491.2500,491.3000,4125,5724125,
IGL_F2,04/27/2023,15:09:00,491.3000,491.3000,490.9000,490.9000,8250,5724125,
IGL_F2,04/27/2023,15:10:00,491.4000,491.4000,491.4000,491.4000,6875,5724125,
IGL_F2,04/27/2023,15:11:00,491.4000,491.5500,491.4000,491.5500,4125,5724125,
IGL_F2,04/27/2023,15:12:00,491.6000,491.6000,491.5500,491.5500,11000,5731000,
IGL_F2,04/27/2023,15:13:00,491.5500,491.6000,491.5500,491.6000,12375,5731000,
IGL_F2,04/27/2023,15:14:00,491.5000,491.5000,491.5000,491.5000,1375,5731000,
IGL_F2,04/27/2023,15:15:00,491.4000,491.5000,491.4000,491.5000,20625,5739250,
IGL_F2,04/27/2023,15:16:00,491.0500,491.0500,491.0500,491.0500,4125,5739250,
IGL_F2,04/27/2023,15:17:00,491.5000,491.7500,491.5000,491.7500,20625,5739250,
IGL_F2,04/27/2023,15:18:00,491.3000,491.8000,491.3000,491.8000,30250,5739250,
IGL_F2,04/27/2023,15:19:00,492.3000,492.3000,491.6500,491.6500,17875,5766750,
IGL_F2,04/27/2023,15:20:00,492.0500,492.2000,492.0500,492.2000,26125,5766750,
IGL_F2,04/27/2023,15:22:00,491.8000,491.8000,491.8000,491.8000,1375,5784625,
IGL_F2,04/27/2023,15:23:00,491.5000,491.5000,491.5000,491.5000,4125,5784625,
IGL_F2,04/27/2023,15:24:00,491.2000,491.4000,491.2000,491.4000,8250,5784625,
IGL_F2,04/27/2023,15:26:00,491.2000,491.4500,491.2000,491.4500,4125,5786000,
IGL_F2,04/27/2023,15:27:00,491.3500,491.3500,491.0000,491.0000,13750,5791500,
IGL_F2,04/27/2023,15:28:00,491.0500,491.0500,491.0000,491.0000,9625,5791500,
IGL_F2,04/27/2023,15:29:00,490.7500,490.7500,490.4500,490.4500,23375,5791500,
IGL_F2,04/27/2023,15:30:00,490.6500,490.6500,490.6500,490.6500,15125,5791500,
IGL_F2,04/28/2023,09:15:00,491.1000,491.1000,491.1000,491.1000,4125,81125,
IGL_F2,04/28/2023,09:18:00,493.4000,493.4000,493.4000,493.4000,1375,81125,
IGL_F2,04/28/2023,09:40:00,493.9000,493.9000,493.9000,493.9000,1375,82500,
IGL_F2,04/28/2023,09:49:00,494.0000,494.0000,494.0000,494.0000,5500,83875,
IGL_F2,04/28/2023,11:00:00,494.0000,494.0000,494.0000,494.0000,1375,86625,
IGL_F2,04/28/2023,11:36:00,494.0000,494.0000,494.0000,494.0000,1375,86625,
IGL_F2,04/28/2023,11:53:00,495.0000,495.0000,495.0000,495.0000,2750,88000,
IGL_F2,04/28/2023,12:28:00,495.0000,495.0000,495.0000,495.0000,1375,90750,
IGL_F2,04/28/2023,13:37:00,497.7000,497.7000,497.7000,497.7000,1375,92125,
IGL_F2,04/28/2023,13:46:00,498.6500,498.6500,498.6500,498.6500,1375,93500,
IGL_F2,04/28/2023,13:52:00,498.6500,498.6500,498.6500,498.6500,1375,93500,
IGL_F2,04/28/2023,13:57:00,498.0000,498.0000,498.0000,498.0000,1375,93500,
IGL_F2,04/28/2023,15:10:00,499.6000,499.6000,499.6000,499.6000,1375,93500,
IGL_F2,04/28/2023,15:16:00,499.6000,499.6000,499.6000,499.6000,1375,94875,
IGL_F2,04/28/2023,15:25:00,498.6000,498.6000,498.6000,498.6000,4125,93500,
