<ticker>,<date>,<time>,<open>,<high>,<low>,<close>,<volume>,<o/i> 
HAL_F2,02/01/2023,09:15:00,2594.85,2602.95,2590.75,2602.95,2101,59100
HAL_F2,02/01/2023,09:16:00,2602.95,2602.95,2602.95,2602.95,300,59100
HAL_F2,02/01/2023,09:17:00,2602.95,2602.95,2602.95,2602.95,600,60300
HAL_F2,02/01/2023,09:18:00,2602.00,2602.00,2602.00,2602.00,600,60300
HAL_F2,02/01/2023,09:19:00,2602.00,2603.70,2602.00,2603.70,900,60300
HAL_F2,02/01/2023,09:21:00,2603.70,2603.70,2597.70,2597.70,1500,60000
HAL_F2,02/01/2023,09:22:00,2600.50,2600.55,2600.50,2600.55,600,60000
HAL_F2,02/01/2023,09:23:00,2610.00,2613.00,2610.00,2613.00,1500,60300
HAL_F2,02/01/2023,09:25:00,2613.00,2613.00,2594.00,2594.00,900,60300
HAL_F2,02/01/2023,09:27:00,2580.45,2580.45,2580.45,2580.45,300,61500
HAL_F2,02/01/2023,09:28:00,2580.45,2580.45,2580.45,2580.45,1500,61500
HAL_F2,02/01/2023,09:29:00,2594.85,2594.85,2594.85,2594.85,300,62400
HAL_F2,02/01/2023,09:30:00,2586.15,2586.15,2586.15,2586.15,900,62400
HAL_F2,02/01/2023,09:32:00,2585.70,2585.70,2585.40,2585.40,900,61800
HAL_F2,02/01/2023,09:34:00,2587.00,2587.00,2586.30,2586.30,600,61800
HAL_F2,02/01/2023,09:36:00,2586.20,2586.20,2586.20,2586.20,300,61800
HAL_F2,02/01/2023,09:37:00,2583.60,2583.60,2583.60,2583.60,300,61800
HAL_F2,02/01/2023,09:41:00,2593.90,2593.90,2593.90,2593.90,300,62100
HAL_F2,02/01/2023,09:45:00,2583.60,2583.60,2583.60,2583.60,600,62100
HAL_F2,02/01/2023,09:54:00,2580.00,2580.00,2580.00,2580.00,300,62700
HAL_F2,02/01/2023,09:57:00,2580.00,2580.00,2580.00,2580.00,600,62700
HAL_F2,02/01/2023,10:04:00,2591.30,2591.30,2591.00,2591.30,900,63000
HAL_F2,02/01/2023,10:05:00,2593.40,2597.50,2593.40,2597.50,2700,63300
HAL_F2,02/01/2023,10:09:00,2596.00,2596.00,2596.00,2596.00,300,64800
HAL_F2,02/01/2023,10:10:00,2597.90,2597.90,2597.00,2597.00,600,64800
HAL_F2,02/01/2023,10:13:00,2597.00,2597.00,2597.00,2597.00,300,65100
HAL_F2,02/01/2023,10:14:00,2602.00,2602.00,2602.00,2602.00,900,64800
HAL_F2,02/01/2023,10:24:00,2603.00,2603.00,2603.00,2603.00,300,63900
HAL_F2,02/01/2023,10:26:00,2606.00,2606.00,2606.00,2606.00,300,63600
HAL_F2,02/01/2023,10:27:00,2606.00,2606.00,2606.00,2606.00,300,63600
HAL_F2,02/01/2023,10:36:00,2606.00,2606.00,2606.00,2606.00,600,64200
HAL_F2,02/01/2023,10:52:00,2596.45,2596.45,2595.25,2595.55,900,63600
HAL_F2,02/01/2023,10:53:00,2595.55,2595.55,2595.55,2595.55,300,63300
HAL_F2,02/01/2023,10:55:00,2598.90,2598.90,2598.90,2598.90,300,63300
HAL_F2,02/01/2023,11:00:00,2601.65,2601.65,2601.65,2601.65,300,63300
HAL_F2,02/01/2023,11:03:00,2603.75,2603.75,2603.75,2603.75,300,63600
HAL_F2,02/01/2023,11:17:00,2592.95,2592.95,2592.95,2592.95,300,63600
HAL_F2,02/01/2023,11:19:00,2590.00,2590.00,2590.00,2590.00,300,63300
HAL_F2,02/01/2023,11:21:00,2574.00,2574.00,2574.00,2574.00,9000,63300
HAL_F2,02/01/2023,11:22:00,2574.00,2574.00,2574.00,2574.00,300,63300
HAL_F2,02/01/2023,11:25:00,2584.00,2584.45,2584.00,2584.45,600,63300
HAL_F2,02/01/2023,11:28:00,2588.00,2588.00,2588.00,2588.00,300,63300
HAL_F2,02/01/2023,11:32:00,2603.30,2603.30,2603.30,2603.30,600,63000
HAL_F2,02/01/2023,11:41:00,2601.00,2604.00,2601.00,2604.00,600,62400
HAL_F2,02/01/2023,11:42:00,2604.00,2604.00,2604.00,2604.00,300,62400
HAL_F2,02/01/2023,11:44:00,2600.00,2600.00,2600.00,2600.00,300,62400
HAL_F2,02/01/2023,11:48:00,2603.35,2603.35,2603.35,2603.35,300,62100
HAL_F2,02/01/2023,12:01:00,2592.00,2592.00,2592.00,2592.00,300,62400
HAL_F2,02/01/2023,12:02:00,2588.00,2588.00,2588.00,2588.00,300,62400
HAL_F2,02/01/2023,12:12:00,2578.40,2578.40,2578.40,2578.40,300,62700
HAL_F2,02/01/2023,12:13:00,2576.70,2576.70,2576.70,2576.70,300,62700
HAL_F2,02/01/2023,12:14:00,2565.05,2565.05,2562.85,2562.85,900,63000
HAL_F2,02/01/2023,12:17:00,2562.45,2562.45,2562.45,2562.45,300,62700
HAL_F2,02/01/2023,12:18:00,2554.20,2554.20,2549.00,2551.00,1500,62700
HAL_F2,02/01/2023,12:20:00,2562.45,2562.45,2556.95,2556.95,2100,63000
HAL_F2,02/01/2023,12:22:00,2556.95,2557.10,2556.95,2557.10,900,63000
HAL_F2,02/01/2023,12:23:00,2560.25,2560.25,2560.25,2560.25,600,63000
HAL_F2,02/01/2023,12:24:00,2568.05,2568.05,2568.05,2568.05,600,62400
HAL_F2,02/01/2023,12:29:00,2558.00,2558.00,2556.55,2556.55,600,62700
HAL_F2,02/01/2023,12:30:00,2558.30,2558.30,2558.30,2558.30,600,63000
HAL_F2,02/01/2023,12:32:00,2563.20,2563.20,2563.20,2563.20,300,63000
HAL_F2,02/01/2023,12:34:00,2564.60,2564.60,2564.60,2564.60,300,63000
HAL_F2,02/01/2023,12:35:00,2564.75,2564.75,2564.60,2564.60,1500,63000
HAL_F2,02/01/2023,12:36:00,2562.75,2562.75,2562.75,2562.75,300,63900
HAL_F2,02/01/2023,12:39:00,2556.95,2556.95,2543.40,2543.40,600,64200
HAL_F2,02/01/2023,12:40:00,2543.40,2544.70,2531.15,2531.15,6300,64200
HAL_F2,02/01/2023,12:41:00,2528.20,2528.20,2505.05,2505.05,5400,64200
HAL_F2,02/01/2023,12:42:00,2511.20,2513.85,2498.80,2498.80,3000,67500
HAL_F2,02/01/2023,12:43:00,2498.90,2500.00,2495.80,2500.00,3300,67500
HAL_F2,02/01/2023,12:44:00,2500.40,2500.40,2500.00,2500.00,600,67500
HAL_F2,02/01/2023,12:46:00,2505.55,2505.55,2493.90,2493.90,2100,68100
HAL_F2,02/01/2023,12:47:00,2492.55,2492.55,2475.00,2475.00,3300,68100
HAL_F2,02/01/2023,12:48:00,2470.60,2483.00,2470.60,2483.00,1800,69600
HAL_F2,02/01/2023,12:49:00,2491.75,2491.75,2482.35,2482.35,1800,69600
HAL_F2,02/01/2023,12:50:00,2475.45,2478.70,2475.45,2478.70,1500,69600
HAL_F2,02/01/2023,12:51:00,2475.85,2475.85,2460.00,2470.00,3300,70200
HAL_F2,02/01/2023,12:52:00,2466.55,2466.55,2466.55,2466.55,300,70200
HAL_F2,02/01/2023,12:53:00,2475.00,2483.00,2474.95,2482.00,6600,70200
HAL_F2,02/01/2023,12:55:00,2482.10,2482.10,2480.35,2480.35,2100,72600
HAL_F2,02/01/2023,12:56:00,2478.50,2478.50,2471.30,2474.65,1800,72600
HAL_F2,02/01/2023,12:57:00,2473.00,2473.00,2473.00,2473.00,1200,75600
HAL_F2,02/01/2023,12:58:00,2473.55,2473.55,2473.55,2473.55,300,75600
HAL_F2,02/01/2023,13:00:00,2473.55,2473.55,2473.55,2473.55,300,76200
HAL_F2,02/01/2023,13:02:00,2455.00,2455.00,2451.35,2454.15,2700,76200
HAL_F2,02/01/2023,13:03:00,2453.45,2457.00,2450.00,2457.00,1500,76800
HAL_F2,02/01/2023,13:04:00,2458.90,2458.90,2457.00,2457.05,1800,76800
HAL_F2,02/01/2023,13:05:00,2454.30,2454.30,2451.30,2454.15,900,76800
HAL_F2,02/01/2023,13:08:00,2457.90,2457.90,2457.90,2457.90,300,76800
HAL_F2,02/01/2023,13:09:00,2468.85,2470.50,2468.85,2470.50,600,76800
HAL_F2,02/01/2023,13:10:00,2469.60,2474.85,2469.60,2474.85,600,76800
HAL_F2,02/01/2023,13:11:00,2471.00,2471.00,2471.00,2471.00,600,76800
HAL_F2,02/01/2023,13:12:00,2471.65,2475.00,2471.65,2475.00,600,77400
HAL_F2,02/01/2023,13:13:00,2478.45,2478.45,2478.45,2478.45,900,77400
HAL_F2,02/01/2023,13:15:00,2477.70,2477.70,2477.70,2477.70,300,77700
HAL_F2,02/01/2023,13:17:00,2471.40,2471.40,2471.40,2471.40,300,77700
HAL_F2,02/01/2023,13:18:00,2473.25,2473.25,2473.25,2473.25,300,77700
HAL_F2,02/01/2023,13:20:00,2473.30,2473.30,2473.30,2473.30,300,77700
HAL_F2,02/01/2023,13:21:00,2476.00,2476.00,2473.70,2473.70,600,77700
HAL_F2,02/01/2023,13:23:00,2473.70,2473.70,2473.70,2473.70,600,77700
HAL_F2,02/01/2023,13:25:00,2470.35,2470.35,2470.35,2470.35,300,78000
HAL_F2,02/01/2023,13:29:00,2469.70,2469.70,2469.70,2469.70,300,78300
HAL_F2,02/01/2023,13:30:00,2473.00,2473.00,2473.00,2473.00,300,78300
HAL_F2,02/01/2023,13:34:00,2465.00,2465.00,2464.00,2464.00,900,78300
HAL_F2,02/01/2023,13:35:00,2455.00,2455.00,2451.05,2451.35,1800,78300
HAL_F2,02/01/2023,13:36:00,2456.25,2456.25,2456.25,2456.25,300,79500
HAL_F2,02/01/2023,13:37:00,2451.30,2451.30,2451.30,2451.30,300,79500
HAL_F2,02/01/2023,13:38:00,2456.25,2456.25,2456.25,2456.25,300,79500
HAL_F2,02/01/2023,13:39:00,2445.05,2454.30,2445.05,2454.30,3600,80100
HAL_F2,02/01/2023,13:40:00,2454.65,2454.65,2454.65,2454.65,600,80100
HAL_F2,02/01/2023,13:43:00,2452.50,2452.50,2452.50,2452.50,900,80400
HAL_F2,02/01/2023,13:44:00,2452.00,2452.00,2440.45,2440.45,1500,80400
HAL_F2,02/01/2023,13:45:00,2437.40,2437.40,2434.00,2436.80,1800,81000
HAL_F2,02/01/2023,13:48:00,2441.40,2441.40,2441.40,2441.40,300,81600
HAL_F2,02/01/2023,13:49:00,2441.40,2441.40,2441.40,2441.40,300,81600
HAL_F2,02/01/2023,13:50:00,2441.25,2441.25,2432.00,2432.00,3000,81600
HAL_F2,02/01/2023,13:51:00,2431.05,2431.05,2429.50,2429.50,4200,83400
HAL_F2,02/01/2023,13:52:00,2427.00,2427.00,2427.00,2427.00,600,83400
HAL_F2,02/01/2023,13:53:00,2427.00,2428.10,2427.00,2428.10,900,83400
HAL_F2,02/01/2023,13:54:00,2426.70,2426.70,2426.10,2426.10,900,84000
HAL_F2,02/01/2023,13:57:00,2425.20,2425.20,2425.20,2425.20,900,84000
HAL_F2,02/01/2023,13:58:00,2421.20,2421.20,2417.15,2417.15,1200,84000
HAL_F2,02/01/2023,13:59:00,2415.75,2415.75,2400.50,2400.50,1200,84000
HAL_F2,02/01/2023,14:00:00,2400.50,2406.40,2400.00,2400.00,3600,86400
HAL_F2,02/01/2023,14:01:00,2381.20,2381.20,2365.10,2369.30,5100,86400
HAL_F2,02/01/2023,14:02:00,2369.20,2383.70,2369.20,2383.70,3900,86400
HAL_F2,02/01/2023,14:03:00,2385.85,2399.05,2385.85,2398.70,6300,91200
HAL_F2,02/01/2023,14:04:00,2390.30,2390.30,2388.00,2388.45,1200,91200
HAL_F2,02/01/2023,14:05:00,2398.80,2404.45,2398.80,2400.00,2700,91200
HAL_F2,02/01/2023,14:07:00,2400.00,2400.15,2400.00,2400.15,1200,94500
HAL_F2,02/01/2023,14:08:00,2399.35,2399.35,2399.35,2399.35,600,94500
HAL_F2,02/01/2023,14:09:00,2401.70,2401.85,2401.55,2401.85,2700,96000
HAL_F2,02/01/2023,14:10:00,2409.05,2409.05,2409.05,2409.05,1500,96000
HAL_F2,02/01/2023,14:11:00,2410.25,2410.25,2400.05,2401.10,1800,96000
HAL_F2,02/01/2023,14:12:00,2402.80,2402.80,2402.05,2402.05,600,97200
HAL_F2,02/01/2023,14:13:00,2401.10,2405.00,2400.10,2405.00,1500,97200
HAL_F2,02/01/2023,14:14:00,2396.15,2396.15,2390.00,2390.00,900,97200
HAL_F2,02/01/2023,14:15:00,2386.60,2386.60,2386.60,2386.60,300,97200
HAL_F2,02/01/2023,14:17:00,2383.00,2383.00,2382.75,2382.75,900,97500
HAL_F2,02/01/2023,14:18:00,2381.00,2381.00,2379.60,2379.60,900,98100
HAL_F2,02/01/2023,14:19:00,2378.10,2380.75,2378.10,2380.75,1200,98100
HAL_F2,02/01/2023,14:20:00,2394.40,2394.40,2393.95,2393.95,600,98100
HAL_F2,02/01/2023,14:26:00,2383.85,2383.85,2383.85,2383.85,300,98700
HAL_F2,02/01/2023,14:27:00,2377.15,2377.50,2371.40,2371.40,1800,98700
HAL_F2,02/01/2023,14:28:00,2370.00,2375.00,2370.00,2375.00,1200,98700
HAL_F2,02/01/2023,14:29:00,2373.90,2373.90,2373.65,2373.65,600,98700
HAL_F2,02/01/2023,14:30:00,2370.00,2370.00,2370.00,2370.00,300,99300
HAL_F2,02/01/2023,14:34:00,2380.95,2381.15,2379.35,2381.15,900,99600
HAL_F2,02/01/2023,14:35:00,2381.50,2381.50,2381.50,2381.50,300,99600
HAL_F2,02/01/2023,14:37:00,2373.60,2373.60,2373.60,2373.60,300,99300
HAL_F2,02/01/2023,14:39:00,2373.15,2374.15,2373.15,2374.15,600,99900
HAL_F2,02/01/2023,14:40:00,2365.00,2365.00,2365.00,2365.00,900,99900
HAL_F2,02/01/2023,14:41:00,2360.85,2360.85,2360.00,2360.00,600,99900
HAL_F2,02/01/2023,14:42:00,2355.00,2355.00,2355.00,2355.00,2100,100800
HAL_F2,02/01/2023,14:43:00,2353.20,2353.20,2353.20,2353.20,300,100800
HAL_F2,02/01/2023,14:44:00,2347.35,2347.35,2335.00,2335.00,900,100800
HAL_F2,02/01/2023,14:45:00,2326.85,2326.85,2325.35,2325.35,1800,101700
HAL_F2,02/01/2023,14:51:00,2325.30,2325.30,2325.00,2325.00,1800,101100
HAL_F2,02/01/2023,14:53:00,2324.55,2330.90,2324.55,2330.90,1200,101100
HAL_F2,02/01/2023,14:55:00,2325.00,2325.00,2325.00,2325.00,600,100800
HAL_F2,02/01/2023,14:58:00,2324.55,2324.55,2324.55,2324.55,600,100200
HAL_F2,02/01/2023,14:59:00,2333.00,2340.80,2333.00,2340.80,3300,100200
HAL_F2,02/01/2023,15:00:00,2347.00,2352.45,2345.75,2348.15,3000,100200
HAL_F2,02/01/2023,15:01:00,2354.25,2354.30,2354.25,2354.30,600,100200
HAL_F2,02/01/2023,15:02:00,2363.25,2376.00,2362.45,2371.40,3900,100200
HAL_F2,02/01/2023,15:03:00,2370.15,2370.15,2358.60,2358.60,3000,102000
HAL_F2,02/01/2023,15:04:00,2361.60,2361.60,2360.40,2360.40,600,102000
HAL_F2,02/01/2023,15:06:00,2386.00,2386.00,2377.35,2384.20,2100,102000
HAL_F2,02/01/2023,15:07:00,2384.55,2392.85,2384.55,2388.15,900,101700
HAL_F2,02/01/2023,15:08:00,2387.65,2393.50,2387.65,2393.50,900,101700
HAL_F2,02/01/2023,15:09:00,2390.45,2390.45,2387.45,2387.45,600,101700
HAL_F2,02/01/2023,15:10:00,2385.35,2385.35,2385.35,2385.35,300,101700
HAL_F2,02/01/2023,15:12:00,2391.60,2391.60,2391.60,2391.60,300,102300
HAL_F2,02/01/2023,15:13:00,2393.55,2393.55,2392.70,2392.70,600,102300
HAL_F2,02/01/2023,15:14:00,2385.75,2385.75,2375.05,2375.05,1200,102300
HAL_F2,02/01/2023,15:15:00,2377.30,2377.30,2377.30,2377.30,300,102300
HAL_F2,02/01/2023,15:16:00,2385.35,2385.35,2383.50,2383.50,600,102000
HAL_F2,02/01/2023,15:19:00,2377.80,2379.90,2377.80,2379.90,900,102000
HAL_F2,02/01/2023,15:20:00,2360.00,2360.00,2360.00,2360.00,300,102000
HAL_F2,02/01/2023,15:21:00,2360.70,2360.70,2360.00,2360.00,900,102000
HAL_F2,02/01/2023,15:23:00,2363.00,2363.00,2354.30,2354.30,1800,102600
HAL_F2,02/01/2023,15:24:00,2353.25,2360.90,2353.25,2360.60,900,101100
HAL_F2,02/01/2023,15:25:00,2360.50,2366.45,2360.50,2366.45,900,101100
HAL_F2,02/01/2023,15:26:00,2365.00,2365.00,2365.00,2365.00,300,101100
HAL_F2,02/01/2023,15:27:00,2365.00,2365.00,2365.00,2365.00,2700,101100
HAL_F2,02/01/2023,15:28:00,2364.00,2364.00,2364.00,2364.00,300,100500
HAL_F2,02/01/2023,15:29:00,2364.00,2372.35,2364.00,2372.35,3300,100500
HAL_F2,02/02/2023,09:15:00,2351.85,2351.85,2351.85,2351.85,301,102000
HAL_F2,02/02/2023,09:16:00,2333.85,2333.85,2330.00,2330.00,1500,102000
HAL_F2,02/02/2023,09:17:00,2332.35,2332.35,2332.35,2332.35,600,102000
HAL_F2,02/02/2023,09:18:00,2345.40,2345.40,2345.40,2345.40,2400,102000
HAL_F2,02/02/2023,09:19:00,2345.40,2345.40,2345.40,2345.40,300,102000
HAL_F2,02/02/2023,09:20:00,2360.20,2361.05,2360.20,2361.05,900,102600
HAL_F2,02/02/2023,09:27:00,2390.35,2391.20,2390.35,2391.20,1500,102600
HAL_F2,02/02/2023,09:29:00,2392.55,2392.55,2392.55,2392.55,300,102600
HAL_F2,02/02/2023,09:31:00,2392.55,2392.55,2388.85,2388.85,900,102600
HAL_F2,02/02/2023,09:32:00,2378.55,2378.55,2365.75,2365.75,1200,104100
HAL_F2,02/02/2023,09:35:00,2375.70,2381.00,2371.00,2381.00,1800,103800
HAL_F2,02/02/2023,09:37:00,2385.00,2385.50,2385.00,2385.50,2100,103800
HAL_F2,02/02/2023,09:38:00,2390.00,2390.00,2387.95,2387.95,900,103800
HAL_F2,02/02/2023,09:39:00,2387.00,2387.00,2387.00,2387.00,600,104400
HAL_F2,02/02/2023,09:41:00,2384.95,2384.95,2376.70,2376.70,600,104400
HAL_F2,02/02/2023,09:49:00,2375.00,2375.00,2375.00,2375.00,300,104700
HAL_F2,02/02/2023,09:51:00,2365.30,2365.60,2365.25,2365.60,900,105000
HAL_F2,02/02/2023,09:52:00,2366.10,2368.30,2365.55,2365.55,900,105000
HAL_F2,02/02/2023,09:53:00,2364.35,2364.35,2364.35,2364.35,600,105000
HAL_F2,02/02/2023,09:55:00,2360.00,2360.00,2360.00,2360.00,300,105300
HAL_F2,02/02/2023,09:56:00,2356.75,2359.05,2356.75,2359.05,600,105300
HAL_F2,02/02/2023,09:57:00,2362.25,2362.25,2362.25,2362.25,300,105300
HAL_F2,02/02/2023,09:59:00,2359.45,2359.45,2359.45,2359.45,300,105300
HAL_F2,02/02/2023,10:02:00,2361.55,2361.55,2361.55,2361.55,300,105300
HAL_F2,02/02/2023,10:03:00,2350.00,2350.00,2350.00,2350.00,300,105300
HAL_F2,02/02/2023,10:04:00,2356.70,2356.70,2356.70,2356.70,300,105300
HAL_F2,02/02/2023,10:07:00,2360.05,2360.05,2359.40,2359.40,900,105600
HAL_F2,02/02/2023,10:08:00,2361.10,2361.10,2361.10,2361.10,900,105600
HAL_F2,02/02/2023,10:09:00,2360.00,2360.00,2360.00,2360.00,300,105900
HAL_F2,02/02/2023,10:12:00,2355.60,2355.60,2355.60,2355.60,300,106200
HAL_F2,02/02/2023,10:15:00,2356.60,2359.90,2356.60,2359.90,600,105900
HAL_F2,02/02/2023,10:16:00,2360.40,2360.40,2360.40,2360.40,300,105900
HAL_F2,02/02/2023,10:20:00,2369.85,2369.85,2369.85,2369.85,900,106200
HAL_F2,02/02/2023,10:38:00,2381.70,2381.70,2381.70,2381.70,300,106500
HAL_F2,02/02/2023,10:46:00,2395.00,2400.00,2395.00,2400.00,900,106500
HAL_F2,02/02/2023,10:47:00,2401.25,2401.25,2401.25,2401.25,900,106200
HAL_F2,02/02/2023,10:51:00,2398.70,2398.75,2398.70,2398.75,600,105900
HAL_F2,02/02/2023,10:53:00,2404.75,2404.75,2404.75,2404.75,300,105900
HAL_F2,02/02/2023,10:54:00,2404.75,2404.75,2404.75,2404.75,300,105900
HAL_F2,02/02/2023,10:55:00,2407.20,2407.20,2407.20,2407.20,1200,105900
HAL_F2,02/02/2023,11:03:00,2390.00,2390.00,2390.00,2390.00,900,105600
HAL_F2,02/02/2023,11:04:00,2388.00,2388.00,2388.00,2388.00,300,105600
HAL_F2,02/02/2023,11:06:00,2382.90,2382.90,2382.90,2382.90,300,106200
HAL_F2,02/02/2023,11:15:00,2387.75,2388.45,2387.75,2388.45,600,106200
HAL_F2,02/02/2023,11:23:00,2399.25,2399.25,2399.25,2399.25,300,106200
HAL_F2,02/02/2023,11:36:00,2400.80,2400.80,2400.80,2400.80,300,106500
HAL_F2,02/02/2023,11:40:00,2393.10,2393.10,2393.10,2393.10,300,106200
HAL_F2,02/02/2023,11:45:00,2405.00,2405.00,2405.00,2405.00,600,106200
HAL_F2,02/02/2023,11:50:00,2405.00,2405.00,2405.00,2405.00,600,106800
HAL_F2,02/02/2023,11:52:00,2410.00,2410.85,2410.00,2410.85,900,106800
HAL_F2,02/02/2023,11:53:00,2410.85,2410.85,2410.85,2410.85,300,106800
HAL_F2,02/02/2023,12:04:00,2409.35,2409.35,2409.35,2409.35,300,105900
HAL_F2,02/02/2023,12:08:00,2409.35,2409.35,2409.35,2409.35,300,105900
HAL_F2,02/02/2023,12:11:00,2403.85,2403.85,2403.85,2403.85,300,105900
HAL_F2,02/02/2023,12:12:00,2403.80,2403.80,2403.80,2403.80,300,105900
HAL_F2,02/02/2023,12:18:00,2411.10,2411.10,2411.10,2411.10,300,106200
HAL_F2,02/02/2023,12:24:00,2411.10,2411.10,2411.10,2411.10,300,106200
HAL_F2,02/02/2023,12:26:00,2401.45,2401.45,2401.45,2401.45,300,106200
HAL_F2,02/02/2023,12:29:00,2395.00,2395.00,2395.00,2395.00,300,106500
HAL_F2,02/02/2023,12:32:00,2387.65,2387.65,2387.65,2387.65,300,106800
HAL_F2,02/02/2023,12:36:00,2386.70,2389.50,2386.70,2389.50,600,106500
HAL_F2,02/02/2023,12:41:00,2394.60,2394.60,2394.60,2394.60,300,106200
HAL_F2,02/02/2023,12:52:00,2407.00,2407.00,2407.00,2407.00,300,106200
HAL_F2,02/02/2023,12:56:00,2410.00,2410.00,2410.00,2410.00,300,106200
HAL_F2,02/02/2023,12:57:00,2410.00,2416.60,2410.00,2416.60,1200,105900
HAL_F2,02/02/2023,12:58:00,2416.60,2416.60,2416.60,2416.60,300,105900
HAL_F2,02/02/2023,13:06:00,2406.90,2406.90,2406.90,2406.90,300,106200
HAL_F2,02/02/2023,13:28:00,2412.85,2412.85,2412.85,2412.85,600,106200
HAL_F2,02/02/2023,13:30:00,2406.75,2410.05,2406.75,2410.05,1500,105000
HAL_F2,02/02/2023,13:32:00,2410.20,2410.20,2410.20,2410.20,300,105000
HAL_F2,02/02/2023,13:39:00,2393.75,2393.75,2393.75,2393.75,300,104400
HAL_F2,02/02/2023,13:42:00,2389.70,2389.70,2389.70,2389.70,300,104100
HAL_F2,02/02/2023,13:46:00,2388.40,2388.40,2388.40,2388.40,300,104400
HAL_F2,02/02/2023,13:51:00,2385.00,2385.00,2385.00,2385.00,300,104700
HAL_F2,02/02/2023,13:54:00,2385.00,2385.00,2385.00,2385.00,300,105000
HAL_F2,02/02/2023,13:59:00,2372.25,2372.25,2372.10,2372.10,600,105300
HAL_F2,02/02/2023,14:04:00,2371.10,2371.10,2371.10,2371.10,300,105000
HAL_F2,02/02/2023,14:06:00,2372.10,2372.10,2372.10,2372.10,600,104700
HAL_F2,02/02/2023,14:07:00,2372.10,2372.10,2372.10,2372.10,300,104700
HAL_F2,02/02/2023,14:08:00,2372.10,2372.10,2372.10,2372.10,300,104700
HAL_F2,02/02/2023,14:11:00,2376.00,2376.00,2370.00,2370.00,2100,105000
HAL_F2,02/02/2023,14:12:00,2372.80,2372.80,2372.80,2372.80,300,105000
HAL_F2,02/02/2023,14:13:00,2383.45,2383.45,2383.45,2383.45,300,105300
HAL_F2,02/02/2023,14:25:00,2390.20,2390.20,2390.20,2390.20,300,105300
HAL_F2,02/02/2023,14:28:00,2385.35,2385.35,2385.35,2385.35,300,105600
HAL_F2,02/02/2023,14:29:00,2385.35,2385.35,2385.35,2385.35,300,105600
HAL_F2,02/02/2023,14:37:00,2389.95,2389.95,2389.95,2389.95,300,105000
HAL_F2,02/02/2023,14:42:00,2390.00,2390.00,2390.00,2390.00,300,105000
HAL_F2,02/02/2023,14:43:00,2390.00,2390.00,2390.00,2390.00,300,105000
HAL_F2,02/02/2023,14:48:00,2381.60,2381.60,2381.60,2381.60,300,105000
HAL_F2,02/02/2023,14:49:00,2380.60,2380.60,2380.60,2380.60,300,105000
HAL_F2,02/02/2023,14:56:00,2385.00,2385.00,2385.00,2385.00,300,105000
HAL_F2,02/02/2023,15:01:00,2384.75,2384.75,2384.75,2384.75,300,105300
HAL_F2,02/02/2023,15:02:00,2383.55,2383.55,2383.55,2383.55,300,105300
HAL_F2,02/02/2023,15:04:00,2385.40,2385.40,2385.40,2385.40,300,105300
HAL_F2,02/02/2023,15:11:00,2380.25,2380.25,2380.25,2380.25,300,105300
HAL_F2,02/02/2023,15:14:00,2377.55,2377.55,2377.55,2377.55,300,105600
HAL_F2,02/02/2023,15:20:00,2375.00,2375.00,2375.00,2375.00,600,105600
HAL_F2,02/02/2023,15:23:00,2382.05,2382.05,2382.05,2382.05,300,105600
HAL_F2,02/02/2023,15:26:00,2379.00,2379.00,2379.00,2379.00,300,105900
HAL_F2,02/02/2023,15:27:00,2378.10,2378.10,2378.10,2378.10,900,105900
HAL_F2,02/02/2023,15:29:00,2380.70,2380.70,2380.70,2380.70,300,105900
HAL_F2,02/03/2023,09:15:00,2380.80,2386.00,2380.80,2384.70,902,105900
HAL_F2,02/03/2023,09:20:00,2384.70,2384.70,2384.70,2384.70,900,105900
HAL_F2,02/03/2023,09:22:00,2400.20,2400.20,2400.20,2400.20,300,106200
HAL_F2,02/03/2023,09:30:00,2400.20,2400.20,2383.60,2383.60,900,105900
HAL_F2,02/03/2023,09:34:00,2376.20,2376.20,2376.20,2376.20,300,106500
HAL_F2,02/03/2023,09:40:00,2364.25,2364.25,2364.25,2364.25,300,106500
HAL_F2,02/03/2023,09:43:00,2356.40,2356.40,2356.40,2356.40,300,106800
HAL_F2,02/03/2023,09:44:00,2355.35,2355.35,2355.35,2355.35,300,106800
HAL_F2,02/03/2023,09:45:00,2355.00,2355.00,2350.00,2350.00,600,106500
HAL_F2,02/03/2023,09:55:00,2331.05,2334.95,2318.50,2329.25,7200,107100
HAL_F2,02/03/2023,09:56:00,2335.80,2335.80,2335.80,2335.80,300,107100
HAL_F2,02/03/2023,09:57:00,2346.05,2346.05,2346.05,2346.05,600,105600
HAL_F2,02/03/2023,09:58:00,2346.05,2346.05,2346.05,2346.05,600,105600
HAL_F2,02/03/2023,10:01:00,2338.25,2338.25,2338.25,2338.25,300,105000
HAL_F2,02/03/2023,10:03:00,2330.80,2330.80,2330.80,2330.80,300,105000
HAL_F2,02/03/2023,10:05:00,2335.85,2335.85,2335.85,2335.85,300,105000
HAL_F2,02/03/2023,10:13:00,2346.30,2346.30,2346.30,2346.30,600,105000
HAL_F2,02/03/2023,10:14:00,2345.80,2345.80,2345.80,2345.80,300,105600
HAL_F2,02/03/2023,10:15:00,2344.65,2345.00,2344.65,2345.00,600,105600
HAL_F2,02/03/2023,10:16:00,2344.55,2344.55,2344.55,2344.55,300,105600
HAL_F2,02/03/2023,10:24:00,2340.60,2340.60,2340.60,2340.60,300,106200
HAL_F2,02/03/2023,10:26:00,2339.00,2339.00,2339.00,2339.00,1200,106200
HAL_F2,02/03/2023,10:28:00,2345.60,2345.60,2345.60,2345.60,300,107100
HAL_F2,02/03/2023,10:29:00,2345.60,2345.60,2345.60,2345.60,300,106800
HAL_F2,02/03/2023,10:30:00,2345.60,2345.60,2345.60,2345.60,600,106800
HAL_F2,02/03/2023,10:36:00,2335.45,2335.45,2335.45,2335.45,300,106800
HAL_F2,02/03/2023,10:40:00,2333.50,2333.50,2333.50,2333.50,300,106800
HAL_F2,02/03/2023,10:43:00,2330.20,2330.20,2330.20,2330.20,300,106800
HAL_F2,02/03/2023,10:45:00,2324.55,2324.55,2324.55,2324.55,300,106800
HAL_F2,02/03/2023,10:46:00,2323.05,2323.05,2323.05,2323.05,1500,106800
HAL_F2,02/03/2023,10:48:00,2325.20,2325.20,2325.20,2325.20,300,106800
HAL_F2,02/03/2023,10:49:00,2334.25,2334.55,2334.25,2334.55,600,107400
HAL_F2,02/03/2023,10:50:00,2345.00,2345.00,2342.90,2342.90,1200,107400
HAL_F2,02/03/2023,10:51:00,2342.90,2342.90,2342.90,2342.90,1800,106800
HAL_F2,02/03/2023,10:55:00,2341.40,2341.40,2340.00,2340.00,600,105900
HAL_F2,02/03/2023,11:01:00,2340.00,2340.00,2340.00,2340.00,1500,106500
HAL_F2,02/03/2023,11:02:00,2340.00,2340.00,2340.00,2340.00,300,106500
HAL_F2,02/03/2023,11:03:00,2342.10,2342.10,2342.10,2342.10,300,106200
HAL_F2,02/03/2023,11:05:00,2334.50,2334.50,2334.50,2334.50,300,106500
HAL_F2,02/03/2023,11:06:00,2335.00,2335.00,2335.00,2335.00,300,106500
HAL_F2,02/03/2023,11:07:00,2334.35,2334.35,2334.35,2334.35,300,106500
HAL_F2,02/03/2023,11:15:00,2335.80,2335.80,2335.80,2335.80,300,107400
HAL_F2,02/03/2023,11:27:00,2337.00,2337.00,2337.00,2337.00,300,107700
HAL_F2,02/03/2023,11:36:00,2344.00,2350.00,2344.00,2350.00,900,107400
HAL_F2,02/03/2023,11:46:00,2353.00,2353.00,2353.00,2353.00,300,107100
HAL_F2,02/03/2023,11:50:00,2361.30,2361.30,2361.30,2361.30,300,107100
HAL_F2,02/03/2023,12:05:00,2348.60,2348.60,2348.60,2348.60,600,107100
HAL_F2,02/03/2023,12:09:00,2346.05,2346.05,2346.05,2346.05,300,107700
HAL_F2,02/03/2023,12:11:00,2340.00,2340.00,2340.00,2340.00,300,107700
HAL_F2,02/03/2023,12:22:00,2350.00,2350.00,2350.00,2350.00,300,107400
HAL_F2,02/03/2023,12:39:00,2350.00,2350.00,2350.00,2350.00,300,107400
HAL_F2,02/03/2023,12:51:00,2357.00,2357.00,2357.00,2357.00,300,107400
HAL_F2,02/03/2023,12:52:00,2358.00,2358.00,2358.00,2358.00,300,107700
HAL_F2,02/03/2023,12:55:00,2355.40,2355.40,2355.40,2355.40,300,107700
HAL_F2,02/03/2023,12:59:00,2350.00,2350.00,2350.00,2350.00,300,107700
HAL_F2,02/03/2023,13:11:00,2345.00,2345.00,2345.00,2345.00,300,107700
HAL_F2,02/03/2023,13:26:00,2343.00,2343.00,2343.00,2343.00,300,108000
HAL_F2,02/03/2023,13:43:00,2351.85,2351.85,2351.85,2351.85,600,108000
HAL_F2,02/03/2023,13:45:00,2346.25,2346.25,2346.25,2346.25,300,108000
HAL_F2,02/03/2023,13:46:00,2346.25,2346.25,2346.25,2346.25,900,108000
HAL_F2,02/03/2023,14:03:00,2359.90,2359.90,2359.90,2359.90,300,108900
HAL_F2,02/03/2023,14:05:00,2361.00,2361.00,2361.00,2361.00,300,108900
HAL_F2,02/03/2023,14:06:00,2361.00,2361.00,2361.00,2361.00,300,108300
HAL_F2,02/03/2023,14:15:00,2361.00,2361.00,2361.00,2361.00,900,108300
HAL_F2,02/03/2023,14:19:00,2359.65,2359.65,2354.90,2354.90,600,108300
HAL_F2,02/03/2023,14:23:00,2365.95,2365.95,2365.95,2365.95,300,108000
HAL_F2,02/03/2023,14:28:00,2361.35,2361.35,2361.35,2361.35,300,108000
HAL_F2,02/03/2023,14:31:00,2361.35,2361.35,2361.35,2361.35,300,108000
HAL_F2,02/03/2023,14:32:00,2360.00,2360.00,2360.00,2360.00,300,108000
HAL_F2,02/03/2023,14:35:00,2352.75,2352.75,2352.75,2352.75,300,108000
HAL_F2,02/03/2023,14:36:00,2352.90,2352.90,2352.90,2352.90,300,108300
HAL_F2,02/03/2023,15:00:00,2360.00,2360.00,2360.00,2360.00,600,108000
HAL_F2,02/03/2023,15:09:00,2355.40,2355.40,2355.40,2355.40,300,107700
HAL_F2,02/03/2023,15:24:00,2356.00,2356.00,2356.00,2356.00,300,107700
HAL_F2,02/03/2023,15:27:00,2358.30,2358.30,2358.30,2358.30,300,107700
HAL_F2,02/03/2023,15:28:00,2353.50,2353.50,2353.50,2353.50,300,107700
HAL_F2,02/06/2023,09:15:00,2368.75,2369.25,2368.60,2369.25,2102,103800
HAL_F2,02/06/2023,09:17:00,2384.95,2384.95,2384.30,2384.30,900,104700
HAL_F2,02/06/2023,09:19:00,2376.30,2376.30,2376.30,2376.30,300,104700
HAL_F2,02/06/2023,09:21:00,2383.15,2383.95,2383.15,2383.95,600,104700
HAL_F2,02/06/2023,09:23:00,2395.00,2395.00,2395.00,2395.00,300,104700
HAL_F2,02/06/2023,09:24:00,2395.00,2399.95,2391.85,2399.95,2100,104100
HAL_F2,02/06/2023,09:26:00,2399.95,2399.95,2392.00,2392.00,600,103800
HAL_F2,02/06/2023,09:27:00,2394.95,2401.00,2394.95,2401.00,2400,103800
HAL_F2,02/06/2023,09:28:00,2401.00,2405.00,2401.00,2405.00,1500,103800
HAL_F2,02/06/2023,09:29:00,2405.00,2405.00,2403.00,2404.20,900,104400
HAL_F2,02/06/2023,09:31:00,2403.00,2408.30,2403.00,2408.30,1800,104400
HAL_F2,02/06/2023,09:32:00,2408.30,2408.30,2404.00,2405.00,2400,105600
HAL_F2,02/06/2023,09:33:00,2401.90,2407.85,2401.90,2407.85,1200,105600
HAL_F2,02/06/2023,09:34:00,2409.95,2410.00,2409.95,2410.00,1500,105600
HAL_F2,02/06/2023,09:35:00,2410.00,2410.00,2410.00,2410.00,300,105600
HAL_F2,02/06/2023,09:37:00,2410.10,2410.10,2410.10,2410.10,600,103200
HAL_F2,02/06/2023,09:38:00,2408.35,2408.80,2408.35,2408.80,600,102900
HAL_F2,02/06/2023,09:39:00,2408.80,2408.80,2408.80,2408.80,300,102900
HAL_F2,02/06/2023,09:42:00,2405.00,2405.00,2405.00,2405.00,600,102600
HAL_F2,02/06/2023,09:43:00,2395.00,2395.00,2395.00,2395.00,300,102600
HAL_F2,02/06/2023,09:44:00,2388.00,2388.00,2385.00,2385.00,1500,103500
HAL_F2,02/06/2023,09:46:00,2391.15,2394.25,2391.15,2391.90,900,103500
HAL_F2,02/06/2023,09:48:00,2390.00,2390.00,2390.00,2390.00,300,102900
HAL_F2,02/06/2023,09:49:00,2390.00,2390.00,2390.00,2390.00,300,102900
HAL_F2,02/06/2023,09:51:00,2386.60,2386.60,2386.60,2386.60,300,102900
HAL_F2,02/06/2023,09:57:00,2387.45,2387.45,2387.45,2387.45,300,102900
HAL_F2,02/06/2023,09:58:00,2391.80,2391.80,2391.80,2391.80,300,102900
HAL_F2,02/06/2023,10:02:00,2390.50,2391.50,2390.50,2391.50,900,102600
HAL_F2,02/06/2023,10:05:00,2392.70,2392.70,2392.70,2392.70,300,102600
HAL_F2,02/06/2023,10:06:00,2391.70,2391.70,2391.70,2391.70,300,102600
HAL_F2,02/06/2023,10:11:00,2386.00,2386.00,2386.00,2386.00,300,102900
HAL_F2,02/06/2023,10:16:00,2386.15,2386.15,2386.15,2386.15,300,102900
HAL_F2,02/06/2023,10:28:00,2376.00,2376.00,2376.00,2376.00,300,102900
HAL_F2,02/06/2023,10:30:00,2380.00,2380.00,2380.00,2380.00,300,103200
HAL_F2,02/06/2023,10:32:00,2380.00,2380.00,2380.00,2380.00,600,103200
HAL_F2,02/06/2023,10:33:00,2388.50,2388.50,2388.50,2388.50,300,103800
HAL_F2,02/06/2023,10:44:00,2396.70,2396.70,2396.70,2396.70,600,104100
HAL_F2,02/06/2023,10:45:00,2395.00,2395.00,2395.00,2395.00,300,104400
HAL_F2,02/06/2023,10:56:00,2395.15,2395.15,2395.00,2395.00,600,104700
HAL_F2,02/06/2023,11:04:00,2403.75,2403.75,2403.75,2403.75,300,104700
HAL_F2,02/06/2023,11:06:00,2403.55,2403.55,2403.55,2403.55,600,105000
HAL_F2,02/06/2023,11:11:00,2400.00,2400.00,2400.00,2400.00,300,105000
HAL_F2,02/06/2023,11:18:00,2404.65,2404.65,2404.65,2404.65,300,105000
HAL_F2,02/06/2023,11:20:00,2409.45,2409.45,2409.45,2409.45,600,105000
HAL_F2,02/06/2023,11:21:00,2406.20,2406.20,2406.20,2406.20,300,105300
HAL_F2,02/06/2023,11:22:00,2406.20,2406.20,2406.20,2406.20,300,105300
HAL_F2,02/06/2023,11:24:00,2410.00,2410.00,2410.00,2410.00,300,105000
HAL_F2,02/06/2023,11:40:00,2404.90,2404.90,2403.00,2403.00,600,105000
HAL_F2,02/06/2023,11:41:00,2405.00,2405.00,2405.00,2405.00,300,104700
HAL_F2,02/06/2023,11:42:00,2407.85,2407.85,2407.85,2407.85,300,104700
HAL_F2,02/06/2023,11:44:00,2404.35,2404.35,2404.35,2404.35,300,104700
HAL_F2,02/06/2023,11:46:00,2403.15,2403.15,2403.15,2403.15,600,104700
HAL_F2,02/06/2023,11:59:00,2408.35,2408.35,2408.35,2408.35,600,104700
HAL_F2,02/06/2023,12:04:00,2415.90,2415.90,2415.90,2415.90,600,104700
HAL_F2,02/06/2023,12:05:00,2415.90,2415.90,2415.90,2415.90,300,105000
HAL_F2,02/06/2023,12:06:00,2415.00,2418.00,2415.00,2418.00,900,105000
HAL_F2,02/06/2023,12:07:00,2419.95,2422.00,2419.95,2422.00,900,105000
HAL_F2,02/06/2023,12:10:00,2422.75,2422.75,2422.75,2422.75,300,103800
HAL_F2,02/06/2023,12:11:00,2422.75,2422.75,2422.75,2422.75,300,103800
HAL_F2,02/06/2023,12:12:00,2420.30,2421.85,2420.30,2421.85,900,103500
HAL_F2,02/06/2023,12:13:00,2421.35,2421.35,2420.45,2420.45,900,103500
HAL_F2,02/06/2023,12:14:00,2419.20,2419.20,2419.20,2419.20,300,103500
HAL_F2,02/06/2023,12:16:00,2418.60,2418.60,2418.60,2418.60,300,104400
HAL_F2,02/06/2023,12:24:00,2418.60,2418.60,2418.60,2418.60,300,104100
HAL_F2,02/06/2023,12:25:00,2418.60,2418.60,2418.60,2418.60,600,104100
HAL_F2,02/06/2023,12:28:00,2408.95,2408.95,2408.95,2408.95,300,104100
HAL_F2,02/06/2023,12:29:00,2406.10,2406.10,2406.10,2406.10,1200,104100
HAL_F2,02/06/2023,12:31:00,2406.10,2406.10,2406.10,2406.10,600,102600
HAL_F2,02/06/2023,12:37:00,2412.80,2412.80,2412.80,2412.80,600,102600
HAL_F2,02/06/2023,12:39:00,2408.70,2408.70,2408.70,2408.70,600,102900
HAL_F2,02/06/2023,12:51:00,2408.70,2408.70,2408.70,2408.70,600,102900
HAL_F2,02/06/2023,12:54:00,2410.30,2410.30,2410.30,2410.30,600,103500
HAL_F2,02/06/2023,12:57:00,2410.30,2410.30,2410.30,2410.30,900,103500
HAL_F2,02/06/2023,13:00:00,2409.75,2409.75,2409.75,2409.75,300,103500
HAL_F2,02/06/2023,13:02:00,2408.20,2408.20,2405.80,2405.80,900,103500
HAL_F2,02/06/2023,13:04:00,2405.85,2405.85,2405.85,2405.85,300,103500
HAL_F2,02/06/2023,13:05:00,2399.00,2403.15,2399.00,2403.15,3600,103500
HAL_F2,02/06/2023,13:09:00,2402.50,2402.50,2402.50,2402.50,300,103500
HAL_F2,02/06/2023,13:10:00,2400.30,2400.30,2400.30,2400.30,300,103500
HAL_F2,02/06/2023,13:12:00,2395.35,2399.95,2395.35,2399.95,600,103800
HAL_F2,02/06/2023,13:14:00,2400.00,2401.90,2400.00,2401.90,3000,103800
HAL_F2,02/06/2023,13:17:00,2402.70,2402.70,2402.70,2402.70,1500,105600
HAL_F2,02/06/2023,13:19:00,2405.35,2405.35,2405.35,2405.35,300,106200
HAL_F2,02/06/2023,13:26:00,2405.35,2405.35,2405.35,2405.35,300,106200
HAL_F2,02/06/2023,14:02:00,2415.65,2415.65,2415.65,2415.65,300,106800
HAL_F2,02/06/2023,14:10:00,2405.25,2405.25,2405.25,2405.25,300,106500
HAL_F2,02/06/2023,14:13:00,2409.00,2409.00,2409.00,2409.00,300,106500
HAL_F2,02/06/2023,14:25:00,2409.00,2409.00,2408.15,2408.15,900,106500
HAL_F2,02/06/2023,14:42:00,2412.00,2412.00,2412.00,2412.00,600,107100
HAL_F2,02/06/2023,14:43:00,2412.00,2412.00,2412.00,2412.00,300,107100
HAL_F2,02/06/2023,14:44:00,2414.00,2414.00,2414.00,2414.00,300,107100
HAL_F2,02/06/2023,14:45:00,2416.00,2416.55,2411.80,2411.80,900,108600
HAL_F2,02/06/2023,14:48:00,2416.00,2416.00,2416.00,2416.00,300,108300
HAL_F2,02/06/2023,14:49:00,2418.00,2418.00,2418.00,2418.00,300,108300
HAL_F2,02/06/2023,14:51:00,2421.55,2421.55,2421.55,2421.55,300,108300
HAL_F2,02/06/2023,14:53:00,2417.00,2417.00,2416.85,2416.85,600,108600
HAL_F2,02/06/2023,14:55:00,2412.00,2412.00,2412.00,2412.00,300,109200
HAL_F2,02/06/2023,14:56:00,2412.00,2412.00,2412.00,2412.00,300,109200
HAL_F2,02/06/2023,15:01:00,2418.00,2418.00,2418.00,2418.00,300,109500
HAL_F2,02/06/2023,15:02:00,2418.00,2418.00,2418.00,2418.00,300,109500
HAL_F2,02/06/2023,15:04:00,2416.25,2416.25,2415.95,2415.95,600,110100
HAL_F2,02/06/2023,15:05:00,2415.95,2415.95,2415.95,2415.95,300,110100
HAL_F2,02/06/2023,15:06:00,2418.00,2418.00,2418.00,2418.00,600,111000
HAL_F2,02/06/2023,15:11:00,2419.00,2419.00,2419.00,2419.00,600,111300
HAL_F2,02/06/2023,15:13:00,2416.15,2416.15,2416.15,2416.15,300,111600
HAL_F2,02/06/2023,15:20:00,2412.95,2412.95,2412.95,2412.95,300,111600
HAL_F2,02/06/2023,15:22:00,2413.20,2413.20,2413.20,2413.20,300,111900
HAL_F2,02/06/2023,15:26:00,2413.20,2414.00,2413.20,2413.35,900,112200
HAL_F2,02/06/2023,15:27:00,2410.35,2410.35,2410.15,2410.15,600,112200
HAL_F2,02/06/2023,15:28:00,2412.00,2412.00,2412.00,2412.00,300,112200
HAL_F2,02/06/2023,15:29:00,2412.50,2412.50,2412.50,2412.50,600,112200
HAL_F2,02/07/2023,09:15:00,2419.45,2423.85,2414.65,2414.65,3303,111900
HAL_F2,02/07/2023,09:16:00,2414.65,2414.65,2414.65,2414.65,900,111900
HAL_F2,02/07/2023,09:17:00,2435.00,2435.00,2435.00,2435.00,300,112200
HAL_F2,02/07/2023,09:18:00,2425.00,2425.00,2425.00,2425.00,300,112200
HAL_F2,02/07/2023,09:19:00,2436.00,2436.00,2436.00,2436.00,300,112200
HAL_F2,02/07/2023,09:20:00,2439.00,2439.00,2435.85,2435.85,900,111900
HAL_F2,02/07/2023,09:21:00,2429.35,2429.35,2429.35,2429.35,900,111900
HAL_F2,02/07/2023,09:22:00,2436.10,2438.00,2436.10,2438.00,900,111900
HAL_F2,02/07/2023,09:23:00,2440.00,2453.80,2440.00,2453.80,2400,111900
HAL_F2,02/07/2023,09:24:00,2453.80,2453.80,2453.80,2453.80,600,111900
HAL_F2,02/07/2023,09:25:00,2449.70,2449.70,2449.70,2449.70,300,111900
HAL_F2,02/07/2023,09:30:00,2448.35,2448.35,2448.35,2448.35,300,112500
HAL_F2,02/07/2023,09:31:00,2454.25,2454.45,2454.25,2454.45,600,112500
HAL_F2,02/07/2023,09:33:00,2454.45,2454.45,2454.45,2454.45,600,112800
HAL_F2,02/07/2023,09:34:00,2449.80,2450.00,2447.60,2447.60,900,112800
HAL_F2,02/07/2023,09:35:00,2440.00,2440.00,2440.00,2440.00,300,112800
HAL_F2,02/07/2023,09:36:00,2434.65,2439.10,2434.65,2436.35,1800,113100
HAL_F2,02/07/2023,09:39:00,2445.70,2445.70,2445.70,2445.70,300,113100
HAL_F2,02/07/2023,09:40:00,2450.00,2450.00,2449.70,2449.70,600,113100
HAL_F2,02/07/2023,09:42:00,2450.00,2450.00,2450.00,2450.00,300,113100
HAL_F2,02/07/2023,09:44:00,2448.25,2455.90,2448.25,2455.90,1800,112200
HAL_F2,02/07/2023,09:45:00,2455.90,2455.90,2455.90,2455.90,300,112200
HAL_F2,02/07/2023,09:49:00,2455.00,2458.80,2455.00,2458.80,1200,113100
HAL_F2,02/07/2023,09:51:00,2458.80,2458.80,2458.80,2458.80,300,113400
HAL_F2,02/07/2023,09:54:00,2457.00,2457.00,2457.00,2457.00,300,113400
HAL_F2,02/07/2023,10:01:00,2450.00,2450.00,2450.00,2450.00,300,113400
HAL_F2,02/07/2023,10:02:00,2449.75,2449.75,2449.75,2449.75,300,113400
HAL_F2,02/07/2023,10:03:00,2449.55,2449.55,2449.55,2449.55,300,113400
HAL_F2,02/07/2023,10:07:00,2450.00,2450.00,2450.00,2450.00,300,113400
HAL_F2,02/07/2023,10:16:00,2454.30,2454.30,2454.30,2454.30,300,112800
HAL_F2,02/07/2023,10:20:00,2445.00,2445.00,2445.00,2445.00,600,112500
HAL_F2,02/07/2023,10:26:00,2450.05,2450.05,2450.00,2450.00,600,112500
HAL_F2,02/07/2023,10:34:00,2449.00,2449.00,2449.00,2449.00,300,112200
HAL_F2,02/07/2023,10:40:00,2458.00,2458.00,2458.00,2458.00,1500,112200
HAL_F2,02/07/2023,10:41:00,2460.00,2462.70,2460.00,2462.70,2700,113100
HAL_F2,02/07/2023,10:45:00,2463.00,2463.00,2463.00,2463.00,300,113100
HAL_F2,02/07/2023,10:54:00,2463.00,2463.00,2463.00,2463.00,300,113400
HAL_F2,02/07/2023,10:55:00,2455.90,2455.90,2450.00,2450.00,900,113400
HAL_F2,02/07/2023,10:56:00,2448.25,2448.25,2448.25,2448.25,300,114300
HAL_F2,02/07/2023,10:58:00,2445.10,2445.10,2445.10,2445.10,1500,114300
HAL_F2,02/07/2023,11:00:00,2445.10,2445.10,2440.00,2440.00,3300,114300
HAL_F2,02/07/2023,11:01:00,2440.00,2440.00,2440.00,2440.00,300,114300
HAL_F2,02/07/2023,11:02:00,2439.10,2439.10,2439.10,2439.10,1500,114300
HAL_F2,02/07/2023,11:03:00,2439.95,2439.95,2439.95,2439.95,300,113700
HAL_F2,02/07/2023,11:04:00,2445.00,2445.95,2445.00,2445.95,600,113700
HAL_F2,02/07/2023,11:18:00,2448.00,2448.00,2448.00,2448.00,300,113700
HAL_F2,02/07/2023,11:19:00,2448.05,2448.05,2448.05,2448.05,300,113700
HAL_F2,02/07/2023,11:37:00,2448.10,2448.10,2448.10,2448.10,600,113100
HAL_F2,02/07/2023,11:38:00,2454.45,2454.45,2454.45,2454.45,300,113700
HAL_F2,02/07/2023,12:02:00,2456.65,2458.00,2456.65,2458.00,600,113700
HAL_F2,02/07/2023,12:05:00,2458.00,2458.00,2458.00,2458.00,300,113700
HAL_F2,02/07/2023,12:06:00,2457.30,2457.30,2457.30,2457.30,300,113700
HAL_F2,02/07/2023,12:20:00,2451.60,2451.60,2451.60,2451.60,300,114000
HAL_F2,02/07/2023,12:31:00,2454.60,2454.60,2454.60,2454.60,300,114000
HAL_F2,02/07/2023,12:48:00,2455.70,2455.70,2455.70,2455.70,300,114000
HAL_F2,02/07/2023,12:50:00,2453.20,2453.20,2453.20,2453.20,300,113700
HAL_F2,02/07/2023,13:00:00,2446.00,2446.00,2446.00,2446.00,300,114000
HAL_F2,02/07/2023,13:02:00,2445.00,2445.00,2445.00,2445.00,300,114000
HAL_F2,02/07/2023,13:04:00,2440.00,2440.00,2440.00,2440.00,300,114300
HAL_F2,02/07/2023,13:05:00,2437.10,2437.10,2437.10,2437.10,900,114300
HAL_F2,02/07/2023,13:07:00,2440.00,2440.00,2440.00,2440.00,300,114300
HAL_F2,02/07/2023,13:14:00,2440.00,2440.00,2440.00,2440.00,300,114300
HAL_F2,02/07/2023,13:17:00,2437.75,2437.75,2437.75,2437.75,300,114600
HAL_F2,02/07/2023,13:18:00,2440.00,2440.00,2440.00,2440.00,300,114600
HAL_F2,02/07/2023,13:19:00,2437.65,2437.65,2437.65,2437.65,600,114600
HAL_F2,02/07/2023,13:20:00,2438.25,2438.25,2438.25,2438.25,300,114600
HAL_F2,02/07/2023,13:27:00,2441.90,2441.90,2441.90,2441.90,300,114600
HAL_F2,02/07/2023,13:31:00,2447.90,2447.90,2447.90,2447.90,300,114600
HAL_F2,02/07/2023,13:35:00,2441.70,2441.70,2441.70,2441.70,300,114300
HAL_F2,02/07/2023,13:38:00,2438.80,2438.80,2438.80,2438.80,600,114300
HAL_F2,02/07/2023,13:50:00,2436.00,2436.00,2436.00,2436.00,300,113700
HAL_F2,02/07/2023,13:58:00,2435.00,2435.00,2432.25,2434.50,1500,114000
HAL_F2,02/07/2023,13:59:00,2435.00,2435.00,2432.10,2432.10,900,114000
HAL_F2,02/07/2023,14:00:00,2432.10,2434.30,2432.10,2434.30,600,114900
HAL_F2,02/07/2023,14:04:00,2438.00,2438.00,2438.00,2438.00,300,114900
HAL_F2,02/07/2023,14:06:00,2434.30,2434.30,2434.30,2434.30,300,114900
HAL_F2,02/07/2023,14:07:00,2431.80,2431.80,2431.80,2431.80,600,114900
HAL_F2,02/07/2023,14:15:00,2435.00,2435.00,2435.00,2435.00,300,115500
HAL_F2,02/07/2023,14:22:00,2435.00,2435.00,2435.00,2435.00,300,115500
HAL_F2,02/07/2023,14:29:00,2435.00,2435.00,2435.00,2435.00,1200,115800
HAL_F2,02/07/2023,14:30:00,2438.15,2438.15,2438.15,2438.15,300,115800
HAL_F2,02/07/2023,14:31:00,2438.95,2438.95,2438.95,2438.95,300,115800
HAL_F2,02/07/2023,14:32:00,2441.70,2441.70,2441.70,2441.70,300,115800
HAL_F2,02/07/2023,14:33:00,2439.30,2439.30,2439.30,2439.30,600,116400
HAL_F2,02/07/2023,14:35:00,2442.25,2442.30,2442.25,2442.30,900,116400
HAL_F2,02/07/2023,14:36:00,2441.70,2441.70,2441.70,2441.70,300,116400
HAL_F2,02/07/2023,14:41:00,2440.40,2440.40,2440.40,2440.40,300,117600
HAL_F2,02/07/2023,14:51:00,2440.00,2440.00,2440.00,2440.00,300,117600
HAL_F2,02/07/2023,14:56:00,2441.50,2441.50,2441.50,2441.50,600,117300
HAL_F2,02/07/2023,15:06:00,2441.50,2441.50,2441.50,2441.50,900,117900
HAL_F2,02/07/2023,15:09:00,2438.50,2438.50,2438.50,2438.50,300,117900
HAL_F2,02/07/2023,15:11:00,2440.00,2440.00,2440.00,2440.00,300,117900
HAL_F2,02/07/2023,15:12:00,2438.05,2438.05,2438.05,2438.05,300,118200
HAL_F2,02/07/2023,15:13:00,2438.00,2438.00,2438.00,2438.00,600,118200
HAL_F2,02/07/2023,15:16:00,2437.65,2437.65,2435.10,2436.15,2400,118200
HAL_F2,02/07/2023,15:17:00,2436.90,2436.90,2435.90,2435.90,1800,118200
HAL_F2,02/07/2023,15:18:00,2435.90,2435.90,2435.90,2435.90,300,118200
HAL_F2,02/07/2023,15:19:00,2435.65,2435.65,2435.65,2435.65,300,120900
HAL_F2,02/07/2023,15:20:00,2436.00,2436.00,2435.95,2435.95,1200,120900
HAL_F2,02/07/2023,15:21:00,2434.90,2435.95,2434.90,2435.95,600,121500
HAL_F2,02/07/2023,15:22:00,2435.80,2436.00,2435.80,2436.00,900,121500
HAL_F2,02/07/2023,15:23:00,2439.50,2439.50,2439.05,2439.05,1500,121500
HAL_F2,02/07/2023,15:24:00,2441.00,2441.00,2440.00,2440.00,2100,122100
HAL_F2,02/07/2023,15:25:00,2440.00,2440.00,2440.00,2440.00,300,122100
HAL_F2,02/07/2023,15:26:00,2439.00,2439.00,2439.00,2439.00,300,122100
HAL_F2,02/07/2023,15:27:00,2440.00,2440.00,2440.00,2440.00,300,122100
HAL_F2,02/07/2023,15:28:00,2442.00,2442.00,2438.55,2438.55,2700,122100
HAL_F2,02/07/2023,15:29:00,2441.85,2441.85,2441.85,2441.85,300,122100
HAL_F2,02/08/2023,09:15:00,2447.45,2454.20,2447.45,2454.20,902,122400
HAL_F2,02/08/2023,09:16:00,2448.95,2448.95,2448.95,2448.95,600,122400
HAL_F2,02/08/2023,09:18:00,2457.00,2460.35,2457.00,2460.35,600,122700
HAL_F2,02/08/2023,09:19:00,2464.35,2464.35,2462.95,2462.95,1800,122700
HAL_F2,02/08/2023,09:20:00,2467.35,2467.35,2467.35,2467.35,600,122700
HAL_F2,02/08/2023,09:21:00,2461.70,2461.70,2461.70,2461.70,300,122700
HAL_F2,02/08/2023,09:24:00,2452.25,2452.25,2452.25,2452.25,900,123000
HAL_F2,02/08/2023,09:26:00,2449.40,2449.40,2449.40,2449.40,300,123900
HAL_F2,02/08/2023,09:27:00,2452.25,2452.25,2452.25,2452.25,300,123900
HAL_F2,02/08/2023,09:31:00,2452.25,2452.25,2452.25,2452.25,300,123900
HAL_F2,02/08/2023,09:33:00,2452.25,2452.25,2452.25,2452.25,300,123600
HAL_F2,02/08/2023,09:34:00,2452.00,2452.00,2452.00,2452.00,300,123600
HAL_F2,02/08/2023,09:35:00,2454.50,2454.50,2453.50,2453.50,1200,124500
HAL_F2,02/08/2023,09:40:00,2446.50,2446.50,2446.50,2446.50,300,124500
HAL_F2,02/08/2023,09:43:00,2443.00,2443.00,2443.00,2443.00,300,124800
HAL_F2,02/08/2023,09:48:00,2443.00,2449.40,2443.00,2449.40,1500,125100
HAL_F2,02/08/2023,09:51:00,2441.00,2441.00,2441.00,2441.00,600,125700
HAL_F2,02/08/2023,09:52:00,2437.00,2437.00,2434.60,2434.60,900,125700
HAL_F2,02/08/2023,09:54:00,2434.60,2440.00,2434.60,2439.85,900,126300
HAL_F2,02/08/2023,09:58:00,2436.00,2436.00,2436.00,2436.00,1200,126000
HAL_F2,02/08/2023,09:59:00,2439.55,2439.55,2439.55,2439.55,300,126000
HAL_F2,02/08/2023,10:07:00,2444.75,2444.75,2444.75,2444.75,300,125700
HAL_F2,02/08/2023,10:09:00,2435.00,2435.00,2435.00,2435.00,600,125700
HAL_F2,02/08/2023,10:10:00,2433.00,2433.00,2430.00,2430.00,600,125700
HAL_F2,02/08/2023,10:13:00,2430.00,2430.00,2430.00,2430.00,300,126300
HAL_F2,02/08/2023,10:14:00,2442.00,2443.30,2442.00,2443.30,600,126000
HAL_F2,02/08/2023,10:15:00,2448.75,2448.75,2444.70,2444.70,600,126000
HAL_F2,02/08/2023,10:16:00,2448.00,2448.00,2448.00,2448.00,300,126000
HAL_F2,02/08/2023,10:22:00,2441.00,2441.00,2441.00,2441.00,300,126600
HAL_F2,02/08/2023,10:25:00,2441.00,2441.05,2441.00,2441.05,600,126300
HAL_F2,02/08/2023,10:30:00,2435.00,2435.00,2435.00,2435.00,300,126600
HAL_F2,02/08/2023,10:34:00,2435.00,2435.00,2435.00,2435.00,300,126600
HAL_F2,02/08/2023,10:35:00,2430.50,2430.50,2430.50,2430.50,300,126600
HAL_F2,02/08/2023,10:38:00,2441.00,2441.00,2441.00,2441.00,300,126600
HAL_F2,02/08/2023,10:42:00,2443.00,2443.00,2443.00,2443.00,300,126900
HAL_F2,02/08/2023,10:45:00,2443.00,2443.00,2443.00,2443.00,300,126900
HAL_F2,02/08/2023,10:47:00,2446.25,2446.25,2446.25,2446.25,300,126900
HAL_F2,02/08/2023,10:48:00,2440.55,2440.55,2440.55,2440.55,300,126900
HAL_F2,02/08/2023,11:01:00,2437.00,2437.00,2437.00,2437.00,600,127200
HAL_F2,02/08/2023,11:02:00,2437.00,2437.00,2437.00,2437.00,300,127200
HAL_F2,02/08/2023,11:10:00,2441.40,2441.40,2441.40,2441.40,600,127200
HAL_F2,02/08/2023,11:18:00,2441.40,2441.40,2441.40,2441.40,600,127500
HAL_F2,02/08/2023,11:19:00,2441.40,2441.40,2441.40,2441.40,600,127500
HAL_F2,02/08/2023,11:29:00,2438.00,2438.00,2438.00,2438.00,300,126600
HAL_F2,02/08/2023,11:32:00,2438.00,2438.00,2438.00,2438.00,300,126600
HAL_F2,02/08/2023,11:46:00,2439.60,2439.60,2439.60,2439.60,600,127200
HAL_F2,02/08/2023,11:57:00,2442.80,2442.80,2442.80,2442.80,300,126600
HAL_F2,02/08/2023,11:59:00,2444.00,2444.00,2444.00,2444.00,300,126600
HAL_F2,02/08/2023,12:08:00,2444.00,2444.00,2444.00,2444.00,300,126600
HAL_F2,02/08/2023,12:09:00,2442.00,2442.00,2438.55,2438.55,600,126900
HAL_F2,02/08/2023,12:14:00,2442.75,2442.75,2442.75,2442.75,300,127200
HAL_F2,02/08/2023,12:31:00,2442.75,2442.75,2442.75,2442.75,300,126900
HAL_F2,02/08/2023,12:42:00,2445.00,2446.00,2445.00,2446.00,600,126900
HAL_F2,02/08/2023,12:43:00,2445.15,2445.15,2445.15,2445.15,300,126900
HAL_F2,02/08/2023,12:52:00,2448.30,2448.30,2448.30,2448.30,300,126900
HAL_F2,02/08/2023,13:00:00,2453.10,2453.10,2453.10,2453.10,600,126900
HAL_F2,02/08/2023,13:02:00,2452.00,2452.00,2452.00,2452.00,300,126900
HAL_F2,02/08/2023,13:04:00,2455.00,2456.25,2455.00,2456.25,600,127200
HAL_F2,02/08/2023,13:06:00,2454.25,2454.25,2454.25,2454.25,300,126900
HAL_F2,02/08/2023,13:15:00,2453.90,2453.90,2453.90,2453.90,300,127200
HAL_F2,02/08/2023,13:30:00,2455.00,2455.50,2455.00,2455.50,600,127500
HAL_F2,02/08/2023,13:31:00,2455.95,2455.95,2455.95,2455.95,600,127500
HAL_F2,02/08/2023,13:36:00,2456.00,2456.00,2456.00,2456.00,300,126600
HAL_F2,02/08/2023,13:40:00,2456.00,2456.00,2456.00,2456.00,900,126300
HAL_F2,02/08/2023,13:46:00,2453.15,2455.00,2453.15,2455.00,600,127200
HAL_F2,02/08/2023,13:50:00,2455.85,2456.00,2455.85,2456.00,900,127500
HAL_F2,02/08/2023,13:51:00,2457.90,2457.90,2455.90,2455.90,600,127800
HAL_F2,02/08/2023,13:52:00,2452.45,2452.45,2452.45,2452.45,600,127800
HAL_F2,02/08/2023,13:54:00,2455.00,2455.00,2455.00,2455.00,300,127800
HAL_F2,02/08/2023,13:55:00,2452.05,2452.05,2452.05,2452.05,300,128100
HAL_F2,02/08/2023,13:56:00,2453.00,2453.00,2453.00,2453.00,300,128100
HAL_F2,02/08/2023,13:57:00,2452.00,2452.00,2452.00,2452.00,300,127800
HAL_F2,02/08/2023,14:00:00,2453.50,2453.50,2453.50,2453.50,300,128100
HAL_F2,02/08/2023,14:02:00,2455.95,2455.95,2455.95,2455.95,600,128100
HAL_F2,02/08/2023,14:05:00,2456.00,2456.00,2456.00,2456.00,300,128700
HAL_F2,02/08/2023,14:07:00,2452.35,2452.35,2452.35,2452.35,300,128700
HAL_F2,02/08/2023,14:09:00,2453.00,2453.00,2453.00,2453.00,300,128700
HAL_F2,02/08/2023,14:11:00,2454.80,2454.80,2454.80,2454.80,600,129000
HAL_F2,02/08/2023,14:12:00,2456.75,2456.75,2456.75,2456.75,300,129300
HAL_F2,02/08/2023,14:17:00,2454.80,2454.80,2454.80,2454.80,300,129300
HAL_F2,02/08/2023,14:18:00,2452.55,2452.55,2452.55,2452.55,300,129600
HAL_F2,02/08/2023,14:19:00,2451.75,2451.75,2451.50,2451.50,600,129600
HAL_F2,02/08/2023,14:25:00,2451.50,2451.50,2451.50,2451.50,300,129900
HAL_F2,02/08/2023,14:30:00,2453.00,2453.00,2451.55,2451.55,900,129900
HAL_F2,02/08/2023,14:34:00,2455.00,2455.00,2455.00,2455.00,900,129900
HAL_F2,02/08/2023,14:50:00,2446.85,2446.85,2446.85,2446.85,300,130800
HAL_F2,02/08/2023,14:51:00,2444.60,2446.00,2444.60,2446.00,1200,130800
HAL_F2,02/08/2023,14:55:00,2446.00,2446.00,2446.00,2446.00,300,131100
HAL_F2,02/08/2023,15:00:00,2449.00,2449.00,2446.00,2446.00,600,130800
HAL_F2,02/08/2023,15:05:00,2443.15,2443.30,2443.15,2443.30,600,131100
HAL_F2,02/08/2023,15:07:00,2443.30,2443.30,2443.30,2443.30,300,131400
HAL_F2,02/08/2023,15:08:00,2443.05,2443.05,2443.05,2443.05,300,131400
HAL_F2,02/08/2023,15:09:00,2446.00,2446.00,2443.85,2443.85,1500,131400
HAL_F2,02/08/2023,15:10:00,2445.45,2445.75,2443.05,2444.05,2100,131400
HAL_F2,02/08/2023,15:11:00,2445.00,2446.35,2444.25,2444.25,900,131400
HAL_F2,02/08/2023,15:12:00,2443.70,2443.70,2443.70,2443.70,300,131400
HAL_F2,02/08/2023,15:13:00,2443.80,2443.80,2443.80,2443.80,300,133800
HAL_F2,02/08/2023,15:14:00,2445.50,2445.50,2444.55,2444.55,600,133800
HAL_F2,02/08/2023,15:15:00,2444.95,2444.95,2444.95,2444.95,300,134100
HAL_F2,02/08/2023,15:16:00,2443.55,2445.00,2443.55,2443.65,2700,134100
HAL_F2,02/08/2023,15:17:00,2445.00,2445.75,2443.30,2445.75,1500,134100
HAL_F2,02/08/2023,15:19:00,2445.75,2445.75,2444.90,2444.90,600,136200
HAL_F2,02/08/2023,15:20:00,2448.65,2448.65,2446.00,2446.00,900,136200
HAL_F2,02/08/2023,15:23:00,2444.45,2445.35,2444.45,2444.95,1500,136800
HAL_F2,02/08/2023,15:24:00,2445.00,2445.00,2445.00,2445.00,600,137400
HAL_F2,02/08/2023,15:25:00,2447.10,2447.10,2445.20,2445.20,900,137400
HAL_F2,02/08/2023,15:26:00,2445.80,2445.80,2445.80,2445.80,300,137400
HAL_F2,02/08/2023,15:27:00,2445.80,2445.80,2445.80,2445.80,300,137400
HAL_F2,02/08/2023,15:28:00,2448.00,2448.00,2448.00,2448.00,600,137400
HAL_F2,02/09/2023,09:16:00,2439.50,2445.00,2439.45,2445.00,1202,135300
HAL_F2,02/09/2023,09:17:00,2456.00,2456.00,2456.00,2456.00,600,135300
HAL_F2,02/09/2023,09:20:00,2456.00,2456.00,2456.00,2456.00,300,135300
HAL_F2,02/09/2023,09:21:00,2455.50,2455.50,2455.50,2455.50,900,134700
HAL_F2,02/09/2023,09:25:00,2446.80,2446.80,2446.80,2446.80,300,133800
HAL_F2,02/09/2023,09:28:00,2444.00,2444.00,2444.00,2444.00,600,134100
HAL_F2,02/09/2023,09:30:00,2440.00,2440.00,2440.00,2440.00,300,134700
HAL_F2,02/09/2023,09:31:00,2440.00,2440.00,2440.00,2440.00,300,134700
HAL_F2,02/09/2023,09:34:00,2440.00,2440.00,2440.00,2440.00,300,135000
HAL_F2,02/09/2023,09:37:00,2438.00,2438.00,2438.00,2438.00,600,135000
HAL_F2,02/09/2023,09:41:00,2435.90,2435.90,2435.90,2435.90,300,135300
HAL_F2,02/09/2023,09:46:00,2435.90,2435.90,2435.90,2435.90,600,135300
HAL_F2,02/09/2023,09:47:00,2450.00,2450.00,2450.00,2450.00,300,135300
HAL_F2,02/09/2023,09:51:00,2457.00,2457.00,2457.00,2457.00,300,134700
HAL_F2,02/09/2023,09:53:00,2457.00,2457.00,2457.00,2457.00,300,134700
HAL_F2,02/09/2023,09:54:00,2457.00,2460.00,2454.90,2460.00,1500,134400
HAL_F2,02/09/2023,09:55:00,2462.00,2462.00,2462.00,2462.00,300,134400
HAL_F2,02/09/2023,09:57:00,2462.00,2462.00,2462.00,2462.00,300,133800
HAL_F2,02/09/2023,09:58:00,2460.00,2460.00,2460.00,2460.00,300,133800
HAL_F2,02/09/2023,09:59:00,2462.00,2462.00,2462.00,2462.00,300,133800
HAL_F2,02/09/2023,10:01:00,2462.00,2462.00,2457.25,2457.25,600,134100
HAL_F2,02/09/2023,10:16:00,2457.25,2457.25,2457.25,2457.25,300,134100
HAL_F2,02/09/2023,10:21:00,2457.25,2457.30,2457.25,2457.30,600,133800
HAL_F2,02/09/2023,10:23:00,2456.15,2456.15,2456.15,2456.15,300,133800
HAL_F2,02/09/2023,10:24:00,2452.15,2452.15,2452.15,2452.15,600,133800
HAL_F2,02/09/2023,10:26:00,2452.40,2452.40,2452.40,2452.40,300,133800
HAL_F2,02/09/2023,10:28:00,2454.05,2454.05,2454.05,2454.05,300,133800
HAL_F2,02/09/2023,10:30:00,2452.85,2453.00,2452.85,2453.00,600,133800
HAL_F2,02/09/2023,10:48:00,2452.00,2452.00,2452.00,2452.00,300,133800
HAL_F2,02/09/2023,10:55:00,2458.00,2458.00,2458.00,2458.00,300,133800
HAL_F2,02/09/2023,10:57:00,2458.00,2458.00,2458.00,2458.00,600,133800
HAL_F2,02/09/2023,11:07:00,2456.40,2456.40,2456.40,2456.40,300,134400
HAL_F2,02/09/2023,11:17:00,2454.40,2454.40,2454.40,2454.40,300,134700
HAL_F2,02/09/2023,11:20:00,2452.70,2452.70,2452.70,2452.70,300,135000
HAL_F2,02/09/2023,11:35:00,2458.90,2458.90,2458.90,2458.90,300,135300
HAL_F2,02/09/2023,11:38:00,2458.90,2458.90,2458.90,2458.90,600,135000
HAL_F2,02/09/2023,11:42:00,2457.00,2459.80,2457.00,2459.80,900,135300
HAL_F2,02/09/2023,11:43:00,2459.80,2459.80,2459.80,2459.80,300,135300
HAL_F2,02/09/2023,11:46:00,2456.55,2456.55,2456.55,2456.55,300,135000
HAL_F2,02/09/2023,11:59:00,2459.80,2459.80,2459.80,2459.80,300,135000
HAL_F2,02/09/2023,12:10:00,2460.00,2460.00,2460.00,2460.00,900,135000
HAL_F2,02/09/2023,12:13:00,2456.00,2456.00,2456.00,2456.00,300,135600
HAL_F2,02/09/2023,12:54:00,2453.35,2453.35,2453.35,2453.35,900,135300
HAL_F2,02/09/2023,12:58:00,2459.35,2459.35,2459.35,2459.35,300,135000
HAL_F2,02/09/2023,13:11:00,2455.50,2455.50,2455.50,2455.50,600,135300
HAL_F2,02/09/2023,13:16:00,2459.70,2459.70,2459.70,2459.70,300,135900
HAL_F2,02/09/2023,13:34:00,2462.00,2462.00,2462.00,2462.00,900,135900
HAL_F2,02/09/2023,13:39:00,2464.00,2464.00,2464.00,2464.00,600,135300
HAL_F2,02/09/2023,13:44:00,2465.20,2467.90,2465.20,2467.90,600,134700
HAL_F2,02/09/2023,13:45:00,2467.95,2467.95,2467.95,2467.95,900,134400
HAL_F2,02/09/2023,13:48:00,2471.55,2471.55,2471.55,2471.55,300,133500
HAL_F2,02/09/2023,13:49:00,2471.55,2471.55,2471.55,2471.55,300,133500
HAL_F2,02/09/2023,13:51:00,2477.20,2478.40,2477.20,2478.40,2400,134100
HAL_F2,02/09/2023,13:53:00,2478.40,2478.40,2478.40,2478.40,300,134100
HAL_F2,02/09/2023,13:54:00,2482.00,2482.50,2482.00,2482.50,900,133500
HAL_F2,02/09/2023,13:55:00,2482.50,2482.50,2482.50,2482.50,300,133500
HAL_F2,02/09/2023,13:56:00,2475.00,2475.00,2475.00,2475.00,300,133500
HAL_F2,02/09/2023,13:58:00,2474.05,2474.05,2474.05,2474.05,300,134400
HAL_F2,02/09/2023,14:00:00,2470.90,2470.90,2470.90,2470.90,300,134400
HAL_F2,02/09/2023,14:07:00,2471.25,2471.25,2471.25,2471.25,300,134700
HAL_F2,02/09/2023,14:08:00,2471.55,2471.55,2471.55,2471.55,300,134700
HAL_F2,02/09/2023,14:10:00,2471.55,2471.55,2471.55,2471.55,300,134700
HAL_F2,02/09/2023,14:14:00,2469.00,2469.00,2469.00,2469.00,300,135000
HAL_F2,02/09/2023,14:15:00,2471.55,2471.55,2471.55,2471.55,300,135000
HAL_F2,02/09/2023,14:18:00,2471.55,2471.55,2471.55,2471.55,300,135300
HAL_F2,02/09/2023,14:23:00,2466.10,2466.10,2465.75,2465.75,900,135300
HAL_F2,02/09/2023,14:27:00,2470.70,2470.70,2470.70,2470.70,1800,135900
HAL_F2,02/09/2023,14:31:00,2470.00,2470.00,2470.00,2470.00,300,136500
HAL_F2,02/09/2023,14:34:00,2475.00,2475.00,2472.55,2472.55,900,136200
HAL_F2,02/09/2023,14:40:00,2472.55,2472.55,2472.55,2472.55,300,135900
HAL_F2,02/09/2023,15:00:00,2472.55,2472.55,2472.55,2472.55,300,136200
HAL_F2,02/09/2023,15:01:00,2478.35,2478.35,2460.00,2460.00,5400,136200
HAL_F2,02/09/2023,15:02:00,2456.45,2463.95,2452.15,2463.95,3600,136200
HAL_F2,02/09/2023,15:03:00,2445.20,2445.90,2435.00,2441.05,8400,137400
HAL_F2,02/09/2023,15:04:00,2447.30,2460.70,2445.00,2455.00,6600,137400
HAL_F2,02/09/2023,15:05:00,2455.00,2455.00,2437.20,2437.20,3600,137400
HAL_F2,02/09/2023,15:06:00,2440.05,2440.05,2419.55,2419.55,4200,140100
HAL_F2,02/09/2023,15:07:00,2414.95,2414.95,2379.95,2393.00,10500,140100
HAL_F2,02/09/2023,15:08:00,2380.00,2396.00,2380.00,2396.00,2700,140100
HAL_F2,02/09/2023,15:09:00,2404.80,2407.05,2393.05,2407.00,3600,145200
HAL_F2,02/09/2023,15:10:00,2404.00,2404.00,2396.55,2399.65,9600,145200
HAL_F2,02/09/2023,15:11:00,2394.00,2399.00,2394.00,2399.00,2700,145200
HAL_F2,02/09/2023,15:12:00,2401.85,2401.85,2399.95,2399.95,600,145200
HAL_F2,02/09/2023,15:13:00,2394.65,2394.65,2393.00,2393.00,600,153900
HAL_F2,02/09/2023,15:14:00,2392.50,2392.50,2383.35,2383.65,3000,153900
HAL_F2,02/09/2023,15:15:00,2392.35,2392.35,2383.65,2388.00,2700,156000
HAL_F2,02/09/2023,15:16:00,2395.00,2395.00,2395.00,2395.00,300,156000
HAL_F2,02/09/2023,15:17:00,2400.00,2400.00,2391.75,2395.00,2400,156000
HAL_F2,02/09/2023,15:18:00,2391.60,2393.70,2390.00,2392.50,1500,156000
HAL_F2,02/09/2023,15:19:00,2391.00,2400.00,2389.10,2399.85,3600,160200
HAL_F2,02/09/2023,15:20:00,2397.85,2414.00,2397.85,2414.00,3300,160200
HAL_F2,02/09/2023,15:21:00,2413.75,2414.00,2412.65,2413.50,2100,164100
HAL_F2,02/09/2023,15:22:00,2414.80,2416.40,2413.00,2416.40,900,164100
HAL_F2,02/09/2023,15:23:00,2415.60,2415.60,2415.00,2415.00,600,164100
HAL_F2,02/09/2023,15:24:00,2410.45,2410.45,2405.90,2409.10,1800,165000
HAL_F2,02/09/2023,15:25:00,2403.85,2408.00,2403.85,2408.00,600,165000
HAL_F2,02/09/2023,15:26:00,2407.65,2409.00,2407.00,2407.00,3300,165000
HAL_F2,02/09/2023,15:27:00,2407.00,2407.00,2407.00,2407.00,300,165000
HAL_F2,02/09/2023,15:28:00,2408.00,2408.00,2407.00,2407.00,3000,164400
HAL_F2,02/09/2023,15:29:00,2404.00,2404.00,2404.00,2404.00,1500,164400
HAL_F2,02/09/2023,15:30:00,2405.95,2405.95,2405.95,2405.95,900,164400
HAL_F2,02/10/2023,09:16:00,2429.95,2429.95,2429.95,2429.95,301,163500
HAL_F2,02/10/2023,09:17:00,2423.65,2423.65,2417.80,2417.80,900,163500
HAL_F2,02/10/2023,09:18:00,2417.00,2417.00,2417.00,2417.00,600,163500
HAL_F2,02/10/2023,09:19:00,2430.00,2434.70,2417.00,2431.60,5700,163500
HAL_F2,02/10/2023,09:20:00,2419.90,2419.90,2419.90,2419.90,300,161400
HAL_F2,02/10/2023,09:21:00,2425.00,2425.00,2425.00,2425.00,300,161400
HAL_F2,02/10/2023,09:30:00,2435.95,2435.95,2435.95,2435.95,300,161700
HAL_F2,02/10/2023,09:32:00,2436.65,2436.65,2436.65,2436.65,300,161400
HAL_F2,02/10/2023,09:33:00,2439.00,2439.00,2439.00,2439.00,1500,161400
HAL_F2,02/10/2023,09:34:00,2451.00,2451.00,2451.00,2451.00,1800,161400
HAL_F2,02/10/2023,09:35:00,2445.00,2445.00,2445.00,2445.00,300,160200
HAL_F2,02/10/2023,09:36:00,2440.90,2440.90,2440.90,2440.90,300,160200
HAL_F2,02/10/2023,09:37:00,2442.55,2442.55,2442.55,2442.55,1200,160200
HAL_F2,02/10/2023,09:38:00,2449.15,2452.00,2449.15,2452.00,1200,159600
HAL_F2,02/10/2023,09:41:00,2452.00,2452.00,2440.00,2440.00,600,160200
HAL_F2,02/10/2023,09:42:00,2438.25,2438.25,2438.25,2438.25,300,160200
HAL_F2,02/10/2023,09:43:00,2438.00,2438.00,2438.00,2438.00,300,160200
HAL_F2,02/10/2023,09:46:00,2440.00,2440.00,2440.00,2440.00,900,160500
HAL_F2,02/10/2023,09:51:00,2428.55,2428.55,2428.55,2428.55,300,161400
HAL_F2,02/10/2023,09:54:00,2433.90,2433.90,2433.90,2433.90,900,161400
HAL_F2,02/10/2023,09:57:00,2433.85,2433.85,2433.85,2433.85,300,162000
HAL_F2,02/10/2023,09:58:00,2431.15,2431.15,2431.00,2431.00,600,162000
HAL_F2,02/10/2023,10:15:00,2433.50,2433.50,2433.50,2433.50,300,161700
HAL_F2,02/10/2023,10:16:00,2435.00,2435.00,2435.00,2435.00,600,161700
HAL_F2,02/10/2023,10:20:00,2431.00,2431.00,2431.00,2431.00,900,162000
HAL_F2,02/10/2023,10:24:00,2431.00,2435.45,2431.00,2435.45,600,162600
HAL_F2,02/10/2023,10:28:00,2433.35,2433.35,2433.35,2433.35,300,162900
HAL_F2,02/10/2023,10:30:00,2434.30,2434.85,2434.30,2434.85,600,163200
HAL_F2,02/10/2023,10:31:00,2434.90,2439.80,2434.85,2439.80,900,163200
HAL_F2,02/10/2023,10:32:00,2439.95,2439.95,2439.95,2439.95,300,162900
HAL_F2,02/10/2023,10:41:00,2432.00,2434.60,2429.00,2434.60,900,163200
HAL_F2,02/10/2023,10:42:00,2434.65,2434.85,2434.65,2434.85,900,163200
HAL_F2,02/10/2023,10:43:00,2436.40,2436.40,2436.40,2436.40,300,163200
HAL_F2,02/10/2023,10:57:00,2431.50,2431.50,2431.50,2431.50,300,163500
HAL_F2,02/10/2023,11:13:00,2436.10,2436.10,2436.10,2436.10,300,163800
HAL_F2,02/10/2023,11:19:00,2436.10,2436.10,2436.10,2436.10,300,163800
HAL_F2,02/10/2023,11:20:00,2435.80,2435.80,2435.80,2435.80,300,163800
HAL_F2,02/10/2023,11:43:00,2435.70,2435.70,2435.70,2435.70,300,163800
HAL_F2,02/10/2023,11:58:00,2431.05,2431.05,2431.05,2431.05,300,163800
HAL_F2,02/10/2023,12:00:00,2431.00,2431.00,2427.65,2427.65,900,163500
HAL_F2,02/10/2023,12:03:00,2427.00,2427.00,2427.00,2427.00,300,163800
HAL_F2,02/10/2023,12:14:00,2420.05,2420.05,2420.05,2420.05,300,164100
HAL_F2,02/10/2023,12:26:00,2422.00,2422.00,2420.35,2420.35,900,165000
HAL_F2,02/10/2023,12:29:00,2420.35,2420.35,2420.35,2420.35,300,165000
HAL_F2,02/10/2023,12:30:00,2421.50,2421.50,2421.50,2421.50,300,165000
HAL_F2,02/10/2023,12:32:00,2421.45,2421.45,2421.45,2421.45,300,165300
HAL_F2,02/10/2023,12:35:00,2421.50,2421.50,2421.50,2421.50,300,165300
HAL_F2,02/10/2023,12:37:00,2420.00,2420.00,2420.00,2420.00,300,165600
HAL_F2,02/10/2023,12:42:00,2420.40,2420.40,2420.40,2420.40,300,165900
HAL_F2,02/10/2023,12:45:00,2422.00,2422.00,2422.00,2422.00,300,166200
HAL_F2,02/10/2023,12:51:00,2416.00,2418.00,2416.00,2418.00,900,165900
HAL_F2,02/10/2023,13:01:00,2409.65,2409.65,2400.05,2400.05,1800,166500
HAL_F2,02/10/2023,13:02:00,2400.00,2400.00,2400.00,2400.00,600,166500
HAL_F2,02/10/2023,13:03:00,2400.00,2400.00,2400.00,2400.00,300,168300
HAL_F2,02/10/2023,13:07:00,2400.00,2400.00,2400.00,2400.00,300,168000
HAL_F2,02/10/2023,13:12:00,2395.00,2395.00,2395.00,2395.00,300,168300
HAL_F2,02/10/2023,13:16:00,2395.00,2395.00,2395.00,2395.00,300,168600
HAL_F2,02/10/2023,13:17:00,2400.00,2400.00,2400.00,2400.00,300,168600
HAL_F2,02/10/2023,13:18:00,2397.00,2397.00,2397.00,2397.00,300,169200
HAL_F2,02/10/2023,13:23:00,2397.00,2397.00,2397.00,2397.00,300,169500
HAL_F2,02/10/2023,13:24:00,2398.85,2399.80,2398.85,2399.80,1800,169500
HAL_F2,02/10/2023,13:29:00,2401.00,2405.00,2401.00,2405.00,600,170100
HAL_F2,02/10/2023,13:30:00,2405.00,2405.00,2405.00,2405.00,300,170100
HAL_F2,02/10/2023,13:34:00,2400.00,2400.00,2400.00,2400.00,300,170400
HAL_F2,02/10/2023,13:40:00,2402.00,2402.00,2402.00,2402.00,300,170700
HAL_F2,02/10/2023,13:42:00,2407.70,2407.70,2407.70,2407.70,300,170400
HAL_F2,02/10/2023,13:50:00,2408.00,2408.00,2408.00,2408.00,300,170400
HAL_F2,02/10/2023,13:54:00,2408.00,2408.00,2408.00,2408.00,300,170700
HAL_F2,02/10/2023,14:07:00,2408.00,2408.00,2408.00,2408.00,300,171000
HAL_F2,02/10/2023,14:17:00,2405.50,2405.50,2405.50,2405.50,300,170700
HAL_F2,02/10/2023,14:19:00,2408.00,2408.00,2408.00,2408.00,300,170700
HAL_F2,02/10/2023,14:24:00,2403.00,2403.00,2403.00,2403.00,300,170400
HAL_F2,02/10/2023,14:25:00,2407.30,2407.30,2407.30,2407.30,300,170400
HAL_F2,02/10/2023,14:26:00,2403.00,2403.00,2403.00,2403.00,300,170400
HAL_F2,02/10/2023,14:35:00,2404.65,2404.65,2404.65,2404.65,300,170700
HAL_F2,02/10/2023,14:43:00,2400.05,2400.05,2400.05,2400.05,300,170700
HAL_F2,02/10/2023,14:47:00,2397.00,2397.00,2397.00,2397.00,300,170700
HAL_F2,02/10/2023,14:49:00,2400.85,2400.85,2400.85,2400.85,300,171000
HAL_F2,02/10/2023,14:51:00,2400.00,2400.00,2400.00,2400.00,300,171000
HAL_F2,02/10/2023,14:58:00,2400.00,2400.00,2400.00,2400.00,300,171300
HAL_F2,02/10/2023,15:01:00,2408.40,2408.40,2408.40,2408.40,300,171300
HAL_F2,02/10/2023,15:19:00,2407.45,2407.45,2407.45,2407.45,300,171300
HAL_F2,02/10/2023,15:24:00,2409.85,2409.85,2409.85,2409.85,300,171300
HAL_F2,02/10/2023,15:27:00,2410.25,2410.60,2410.25,2410.60,600,171000
HAL_F2,02/10/2023,15:28:00,2413.95,2413.95,2413.95,2413.95,300,171000
HAL_F2,02/10/2023,15:29:00,2413.95,2413.95,2413.95,2413.95,600,171000
HAL_F2,02/10/2023,15:30:00,2415.00,2415.00,2415.00,2415.00,300,171000
HAL_F2,02/13/2023,09:15:00,2421.00,2421.15,2421.00,2421.15,902,170400
HAL_F2,02/13/2023,09:16:00,2425.00,2425.00,2425.00,2425.00,600,170400
HAL_F2,02/13/2023,09:18:00,2426.05,2426.05,2426.05,2426.05,300,170400
HAL_F2,02/13/2023,09:20:00,2430.00,2430.00,2430.00,2430.00,600,170700
HAL_F2,02/13/2023,09:21:00,2431.95,2431.95,2431.95,2431.95,300,170700
HAL_F2,02/13/2023,09:24:00,2431.95,2431.95,2431.95,2431.95,300,171600
HAL_F2,02/13/2023,09:26:00,2426.00,2426.00,2426.00,2426.00,300,171600
HAL_F2,02/13/2023,09:29:00,2425.65,2425.65,2425.65,2425.65,300,171600
HAL_F2,02/13/2023,09:31:00,2430.60,2433.15,2430.60,2433.15,2100,171600
HAL_F2,02/13/2023,09:33:00,2429.25,2429.25,2429.25,2429.25,600,171300
HAL_F2,02/13/2023,09:35:00,2420.00,2420.00,2420.00,2420.00,300,171300
HAL_F2,02/13/2023,09:38:00,2420.00,2420.00,2420.00,2420.00,300,171300
HAL_F2,02/13/2023,09:45:00,2419.20,2419.20,2419.20,2419.20,300,171300
HAL_F2,02/13/2023,09:51:00,2419.20,2419.20,2419.20,2419.20,300,171300
HAL_F2,02/13/2023,09:53:00,2419.15,2419.15,2419.15,2419.15,300,171600
HAL_F2,02/13/2023,09:58:00,2419.15,2419.15,2419.15,2419.15,300,171600
HAL_F2,02/13/2023,10:03:00,2420.25,2420.25,2420.25,2420.25,300,171900
HAL_F2,02/13/2023,10:06:00,2416.65,2416.65,2416.65,2416.65,300,172500
HAL_F2,02/13/2023,10:17:00,2416.65,2416.65,2416.65,2416.65,600,172800
HAL_F2,02/13/2023,10:19:00,2416.65,2416.65,2416.65,2416.65,300,172800
HAL_F2,02/13/2023,10:23:00,2421.20,2421.20,2421.20,2421.20,300,172800
HAL_F2,02/13/2023,10:24:00,2422.00,2422.00,2422.00,2422.00,300,172800
HAL_F2,02/13/2023,10:26:00,2421.85,2421.85,2421.85,2421.85,300,172800
HAL_F2,02/13/2023,10:31:00,2420.70,2420.70,2420.70,2420.70,300,173100
HAL_F2,02/13/2023,10:33:00,2425.00,2425.00,2425.00,2425.00,300,173400
HAL_F2,02/13/2023,10:37:00,2435.00,2435.00,2435.00,2435.00,300,173100
HAL_F2,02/13/2023,10:38:00,2440.00,2444.20,2440.00,2444.20,2400,171300
HAL_F2,02/13/2023,10:39:00,2441.50,2441.50,2441.50,2441.50,300,171300
HAL_F2,02/13/2023,10:40:00,2442.00,2442.00,2440.20,2440.20,900,171300
HAL_F2,02/13/2023,10:42:00,2439.55,2439.55,2439.55,2439.55,300,172500
HAL_F2,02/13/2023,10:44:00,2440.00,2440.00,2440.00,2440.00,300,172500
HAL_F2,02/13/2023,10:45:00,2441.00,2441.00,2437.60,2437.60,600,172500
HAL_F2,02/13/2023,10:47:00,2444.75,2448.00,2444.75,2448.00,900,172800
HAL_F2,02/13/2023,10:48:00,2448.00,2448.00,2448.00,2448.00,600,172800
HAL_F2,02/13/2023,10:49:00,2435.00,2435.00,2435.00,2435.00,2400,172800
HAL_F2,02/13/2023,10:53:00,2440.00,2440.00,2440.00,2440.00,300,172200
HAL_F2,02/13/2023,10:54:00,2442.00,2442.00,2442.00,2442.00,600,172200
HAL_F2,02/13/2023,10:55:00,2447.00,2447.00,2447.00,2447.00,1500,172200
HAL_F2,02/13/2023,10:56:00,2447.45,2447.45,2447.45,2447.45,300,172200
HAL_F2,02/13/2023,10:57:00,2448.00,2448.00,2448.00,2448.00,600,172500
HAL_F2,02/13/2023,10:58:00,2450.00,2452.65,2450.00,2452.65,1200,172500
HAL_F2,02/13/2023,11:00:00,2452.65,2452.65,2451.00,2451.00,600,171300
HAL_F2,02/13/2023,11:02:00,2451.00,2452.95,2451.00,2452.95,600,171600
HAL_F2,02/13/2023,11:03:00,2454.00,2454.00,2454.00,2454.00,600,171600
HAL_F2,02/13/2023,11:04:00,2455.00,2455.00,2455.00,2455.00,300,171600
HAL_F2,02/13/2023,11:06:00,2455.75,2459.65,2455.75,2459.65,900,171600
HAL_F2,02/13/2023,11:07:00,2460.00,2463.00,2460.00,2463.00,1500,171600
HAL_F2,02/13/2023,11:08:00,2463.00,2464.90,2463.00,2464.90,900,171300
HAL_F2,02/13/2023,11:09:00,2464.15,2464.15,2464.15,2464.15,300,171300
HAL_F2,02/13/2023,11:12:00,2463.00,2463.00,2463.00,2463.00,300,171300
HAL_F2,02/13/2023,11:14:00,2460.05,2469.00,2460.05,2469.00,3000,170100
HAL_F2,02/13/2023,11:15:00,2470.00,2470.00,2470.00,2470.00,600,170100
HAL_F2,02/13/2023,11:17:00,2471.40,2472.10,2471.40,2472.10,900,170100
HAL_F2,02/13/2023,11:18:00,2472.10,2472.10,2472.10,2472.10,300,168900
HAL_F2,02/13/2023,11:19:00,2472.10,2475.50,2472.10,2475.50,1200,168900
HAL_F2,02/13/2023,11:21:00,2475.50,2475.50,2475.50,2475.50,600,167400
HAL_F2,02/13/2023,11:22:00,2478.00,2478.00,2471.05,2471.05,2100,167400
HAL_F2,02/13/2023,11:23:00,2475.00,2477.00,2475.00,2477.00,1200,167700
HAL_F2,02/13/2023,11:24:00,2467.95,2467.95,2467.95,2467.95,300,167700
HAL_F2,02/13/2023,11:25:00,2472.00,2472.00,2472.00,2472.00,300,167700
HAL_F2,02/13/2023,11:26:00,2468.95,2468.95,2467.00,2467.00,900,168900
HAL_F2,02/13/2023,11:27:00,2465.00,2465.00,2465.00,2465.00,600,168900
HAL_F2,02/13/2023,11:28:00,2468.00,2468.00,2461.40,2464.00,1200,168900
HAL_F2,02/13/2023,11:30:00,2459.85,2461.00,2459.85,2461.00,900,169800
HAL_F2,02/13/2023,11:31:00,2461.00,2461.00,2461.00,2461.00,300,169800
HAL_F2,02/13/2023,11:33:00,2457.70,2457.70,2457.00,2457.00,1500,169200
HAL_F2,02/13/2023,11:35:00,2457.00,2457.00,2457.00,2457.00,600,169200
HAL_F2,02/13/2023,11:38:00,2466.50,2469.40,2466.50,2466.50,900,170100
HAL_F2,02/13/2023,11:39:00,2471.25,2471.25,2471.25,2471.25,300,170100
HAL_F2,02/13/2023,11:40:00,2470.00,2470.00,2470.00,2470.00,900,170100
HAL_F2,02/13/2023,11:44:00,2461.65,2461.65,2461.65,2461.65,300,170400
HAL_F2,02/13/2023,11:45:00,2461.00,2461.00,2461.00,2461.00,300,170100
HAL_F2,02/13/2023,11:46:00,2460.65,2460.65,2460.65,2460.65,300,170100
HAL_F2,02/13/2023,11:51:00,2463.00,2463.00,2463.00,2463.00,1200,170100
HAL_F2,02/13/2023,11:53:00,2463.00,2463.00,2463.00,2463.00,300,170100
HAL_F2,02/13/2023,11:58:00,2466.65,2466.65,2466.65,2466.65,600,170400
HAL_F2,02/13/2023,11:59:00,2466.65,2466.65,2466.65,2466.65,300,170400
HAL_F2,02/13/2023,12:03:00,2459.00,2459.00,2459.00,2459.00,600,169800
HAL_F2,02/13/2023,12:04:00,2458.00,2458.00,2458.00,2458.00,300,169800
HAL_F2,02/13/2023,12:05:00,2456.00,2456.00,2455.00,2455.00,1800,170700
HAL_F2,02/13/2023,12:12:00,2455.00,2461.80,2455.00,2456.60,1200,170400
HAL_F2,02/13/2023,12:14:00,2455.70,2455.70,2455.70,2455.70,600,170400
HAL_F2,02/13/2023,12:15:00,2454.20,2454.20,2454.20,2454.20,300,170400
HAL_F2,02/13/2023,12:17:00,2454.20,2454.20,2454.20,2454.20,300,171000
HAL_F2,02/13/2023,12:19:00,2457.40,2457.40,2456.00,2456.00,600,171000
HAL_F2,02/13/2023,12:22:00,2460.00,2460.00,2460.00,2460.00,300,171300
HAL_F2,02/13/2023,12:29:00,2464.95,2464.95,2464.95,2464.95,300,171300
HAL_F2,02/13/2023,12:31:00,2462.45,2462.45,2462.45,2462.45,300,171300
HAL_F2,02/13/2023,12:32:00,2457.50,2457.50,2457.50,2457.50,300,171300
HAL_F2,02/13/2023,12:37:00,2456.05,2456.05,2456.05,2456.05,300,171900
HAL_F2,02/13/2023,12:42:00,2456.05,2456.05,2456.05,2456.05,300,172200
HAL_F2,02/13/2023,12:43:00,2458.70,2458.70,2458.70,2458.70,300,172200
HAL_F2,02/13/2023,12:46:00,2453.80,2453.80,2453.70,2453.70,600,172200
HAL_F2,02/13/2023,12:49:00,2453.00,2453.00,2453.00,2453.00,300,172800
HAL_F2,02/13/2023,12:50:00,2451.00,2451.00,2450.00,2450.00,1500,172800
HAL_F2,02/13/2023,12:52:00,2448.40,2448.40,2448.40,2448.40,300,174000
HAL_F2,02/13/2023,12:55:00,2448.00,2448.00,2448.00,2448.00,300,174000
HAL_F2,02/13/2023,12:56:00,2455.20,2455.20,2453.00,2453.00,600,174000
HAL_F2,02/13/2023,13:21:00,2448.75,2448.75,2448.75,2448.75,300,173400
HAL_F2,02/13/2023,13:24:00,2448.70,2448.70,2448.70,2448.70,300,173700
HAL_F2,02/13/2023,13:41:00,2452.35,2452.35,2452.35,2452.35,300,173700
HAL_F2,02/13/2023,13:45:00,2454.00,2454.00,2454.00,2454.00,300,174000
HAL_F2,02/13/2023,13:53:00,2454.00,2454.00,2454.00,2454.00,300,174000
HAL_F2,02/13/2023,13:56:00,2463.15,2463.15,2463.15,2463.15,900,173700
HAL_F2,02/13/2023,13:57:00,2463.15,2463.15,2460.85,2460.85,900,174000
HAL_F2,02/13/2023,14:08:00,2463.00,2463.00,2463.00,2463.00,300,174000
HAL_F2,02/13/2023,14:10:00,2460.65,2460.65,2460.65,2460.65,300,174300
HAL_F2,02/13/2023,14:15:00,2463.00,2463.00,2463.00,2463.00,300,174600
HAL_F2,02/13/2023,14:18:00,2463.00,2463.00,2463.00,2463.00,300,174600
HAL_F2,02/13/2023,14:22:00,2463.00,2463.00,2463.00,2463.00,3000,174900
HAL_F2,02/13/2023,14:23:00,2463.00,2463.00,2463.00,2463.00,7200,174900
HAL_F2,02/13/2023,14:25:00,2457.35,2457.35,2457.35,2457.35,300,184800
HAL_F2,02/13/2023,14:31:00,2460.00,2460.00,2460.00,2460.00,300,185100
HAL_F2,02/13/2023,14:33:00,2461.35,2461.35,2461.35,2461.35,600,185400
HAL_F2,02/13/2023,14:34:00,2463.10,2463.10,2463.10,2463.10,300,185400
HAL_F2,02/13/2023,14:36:00,2464.00,2467.00,2464.00,2467.00,1500,185400
HAL_F2,02/13/2023,14:39:00,2468.95,2469.00,2468.95,2469.00,900,185400
HAL_F2,02/13/2023,14:41:00,2469.00,2469.00,2469.00,2469.00,1500,185400
HAL_F2,02/13/2023,14:43:00,2468.95,2473.90,2468.95,2473.90,2400,187200
HAL_F2,02/13/2023,14:50:00,2464.95,2464.95,2464.95,2464.95,300,186300
HAL_F2,02/13/2023,14:52:00,2464.95,2464.95,2464.95,2464.95,300,186600
HAL_F2,02/13/2023,14:56:00,2470.00,2470.00,2470.00,2470.00,300,186900
HAL_F2,02/13/2023,14:57:00,2464.55,2464.55,2464.55,2464.55,300,186900
HAL_F2,02/13/2023,15:03:00,2461.00,2461.00,2461.00,2461.00,300,186900
HAL_F2,02/13/2023,15:05:00,2465.00,2465.00,2465.00,2465.00,300,186900
HAL_F2,02/13/2023,15:06:00,2460.00,2462.00,2460.00,2462.00,600,186900
HAL_F2,02/13/2023,15:07:00,2459.05,2459.05,2459.05,2459.05,300,186900
HAL_F2,02/13/2023,15:08:00,2457.00,2457.55,2457.00,2457.10,900,186900
HAL_F2,02/13/2023,15:09:00,2457.35,2457.35,2457.35,2457.35,300,188100
HAL_F2,02/13/2023,15:11:00,2456.55,2456.55,2455.20,2455.20,1800,188100
HAL_F2,02/13/2023,15:12:00,2457.20,2457.20,2456.10,2456.10,600,189900
HAL_F2,02/13/2023,15:13:00,2456.60,2456.60,2456.60,2456.60,300,189900
HAL_F2,02/13/2023,15:14:00,2455.55,2456.15,2454.95,2456.15,2400,189900
HAL_F2,02/13/2023,15:15:00,2455.75,2455.75,2455.75,2455.75,300,189900
HAL_F2,02/13/2023,15:16:00,2458.10,2458.10,2458.05,2458.05,900,192000
HAL_F2,02/13/2023,15:17:00,2453.40,2453.40,2453.40,2453.40,300,192000
HAL_F2,02/13/2023,15:18:00,2456.35,2456.35,2456.35,2456.35,1200,192300
HAL_F2,02/13/2023,15:19:00,2455.30,2455.30,2455.30,2455.30,300,192300
HAL_F2,02/13/2023,15:20:00,2454.00,2454.00,2454.00,2454.00,300,192300
HAL_F2,02/13/2023,15:21:00,2455.35,2455.35,2454.00,2454.00,600,192300
HAL_F2,02/13/2023,15:22:00,2453.80,2453.80,2453.80,2453.80,600,193500
HAL_F2,02/13/2023,15:23:00,2454.35,2454.35,2454.35,2454.35,300,193500
HAL_F2,02/13/2023,15:25:00,2454.40,2454.45,2454.40,2454.45,1800,194400
HAL_F2,02/13/2023,15:26:00,2455.95,2455.95,2455.75,2455.75,1800,194400
HAL_F2,02/13/2023,15:27:00,2456.00,2456.00,2454.50,2454.50,1500,197100
HAL_F2,02/13/2023,15:28:00,2454.00,2455.55,2454.00,2455.55,1800,197100
HAL_F2,02/13/2023,15:29:00,2455.75,2455.75,2450.85,2450.85,900,197100
HAL_F2,02/14/2023,09:15:00,2457.15,2457.15,2457.15,2457.15,301,199200
HAL_F2,02/14/2023,09:18:00,2470.50,2470.50,2470.50,2470.50,600,199500
HAL_F2,02/14/2023,09:21:00,2472.30,2472.30,2472.30,2472.30,300,199200
HAL_F2,02/14/2023,09:22:00,2472.30,2474.95,2472.30,2474.95,2100,199200
HAL_F2,02/14/2023,09:23:00,2477.50,2477.50,2471.85,2473.75,1800,198600
HAL_F2,02/14/2023,09:24:00,2470.10,2473.00,2470.10,2473.00,2700,198600
HAL_F2,02/14/2023,09:25:00,2473.00,2474.55,2473.00,2474.55,1200,198600
HAL_F2,02/14/2023,09:26:00,2474.55,2474.55,2474.50,2474.50,1200,198900
HAL_F2,02/14/2023,09:27:00,2472.45,2472.45,2465.25,2465.25,900,198900
HAL_F2,02/14/2023,09:30:00,2464.25,2464.25,2464.25,2464.25,300,198600
HAL_F2,02/14/2023,09:31:00,2466.05,2466.05,2466.05,2466.05,600,198600
HAL_F2,02/14/2023,09:33:00,2466.00,2467.75,2466.00,2467.75,1200,198600
HAL_F2,02/14/2023,09:34:00,2469.70,2469.70,2469.70,2469.70,300,198600
HAL_F2,02/14/2023,09:35:00,2468.10,2468.10,2464.25,2464.25,600,198900
HAL_F2,02/14/2023,09:37:00,2465.00,2465.85,2465.00,2465.85,600,198900
HAL_F2,02/14/2023,09:41:00,2465.65,2465.65,2465.65,2465.65,600,199800
HAL_F2,02/14/2023,09:42:00,2461.00,2461.00,2461.00,2461.00,600,200100
HAL_F2,02/14/2023,09:43:00,2457.00,2457.00,2457.00,2457.00,300,200100
HAL_F2,02/14/2023,09:46:00,2455.00,2455.00,2453.90,2453.90,600,200700
HAL_F2,02/14/2023,09:47:00,2453.90,2453.90,2451.90,2451.90,1200,201000
HAL_F2,02/14/2023,09:48:00,2450.00,2450.00,2449.40,2449.40,1500,201000
HAL_F2,02/14/2023,09:49:00,2449.00,2449.00,2449.00,2449.00,600,201000
HAL_F2,02/14/2023,09:52:00,2455.00,2460.10,2455.00,2460.10,600,201000
HAL_F2,02/14/2023,09:53:00,2463.30,2463.30,2463.30,2463.30,600,201000
HAL_F2,02/14/2023,09:54:00,2463.30,2463.30,2463.30,2463.30,300,201300
HAL_F2,02/14/2023,09:55:00,2465.45,2465.45,2465.45,2465.45,300,201300
HAL_F2,02/14/2023,09:59:00,2460.00,2460.00,2460.00,2460.00,600,201300
HAL_F2,02/14/2023,10:00:00,2463.00,2463.00,2463.00,2463.00,300,201300
HAL_F2,02/14/2023,10:01:00,2465.45,2468.10,2465.45,2468.10,1800,201300
HAL_F2,02/14/2023,10:02:00,2469.00,2469.00,2469.00,2469.00,1500,201300
HAL_F2,02/14/2023,10:04:00,2475.00,2475.00,2475.00,2475.00,1500,201900
HAL_F2,02/14/2023,10:06:00,2475.00,2475.00,2474.40,2474.40,600,201900
HAL_F2,02/14/2023,10:07:00,2472.00,2472.00,2472.00,2472.00,300,201900
HAL_F2,02/14/2023,10:08:00,2472.00,2472.00,2472.00,2472.00,900,201600
HAL_F2,02/14/2023,10:09:00,2468.30,2468.30,2468.30,2468.30,600,201600
HAL_F2,02/14/2023,10:12:00,2474.40,2474.40,2474.40,2474.40,300,201900
HAL_F2,02/14/2023,10:19:00,2472.15,2472.15,2472.15,2472.15,300,202200
HAL_F2,02/14/2023,10:20:00,2472.15,2472.15,2472.15,2472.15,900,202800
HAL_F2,02/14/2023,10:21:00,2472.00,2472.00,2472.00,2472.00,600,202800
HAL_F2,02/14/2023,10:22:00,2472.15,2472.15,2472.15,2472.15,300,202800
HAL_F2,02/14/2023,10:23:00,2476.90,2476.90,2476.90,2476.90,600,202200
HAL_F2,02/14/2023,10:24:00,2477.00,2484.15,2477.00,2484.15,2400,202200
HAL_F2,02/14/2023,10:26:00,2481.00,2483.10,2481.00,2482.75,2400,200700
HAL_F2,02/14/2023,10:27:00,2482.75,2483.35,2482.75,2483.35,1200,200700
HAL_F2,02/14/2023,10:28:00,2481.60,2481.60,2481.60,2481.60,300,200700
HAL_F2,02/14/2023,10:30:00,2478.70,2478.70,2478.70,2478.70,600,201600
HAL_F2,02/14/2023,10:32:00,2484.50,2484.50,2484.50,2484.50,300,201000
HAL_F2,02/14/2023,10:34:00,2484.50,2484.50,2479.05,2479.05,600,201000
HAL_F2,02/14/2023,10:36:00,2478.05,2478.05,2478.05,2478.05,1500,200400
HAL_F2,02/14/2023,10:37:00,2475.80,2475.80,2475.80,2475.80,2700,200400
HAL_F2,02/14/2023,10:38:00,2476.25,2476.30,2476.25,2476.30,600,200400
HAL_F2,02/14/2023,10:41:00,2481.05,2481.05,2481.05,2481.05,300,204300
HAL_F2,02/14/2023,10:42:00,2480.05,2480.05,2480.05,2480.05,300,204300
HAL_F2,02/14/2023,10:43:00,2484.95,2485.00,2484.95,2485.00,1800,204300
HAL_F2,02/14/2023,10:45:00,2487.00,2487.00,2482.80,2482.80,1800,203100
HAL_F2,02/14/2023,10:49:00,2482.80,2482.80,2475.00,2475.00,2700,204600
HAL_F2,02/14/2023,10:50:00,2474.85,2474.85,2474.70,2474.70,900,206700
HAL_F2,02/14/2023,10:58:00,2473.40,2473.40,2473.40,2473.40,300,207300
HAL_F2,02/14/2023,11:04:00,2469.55,2469.55,2469.55,2469.55,600,207300
HAL_F2,02/14/2023,11:06:00,2471.00,2471.00,2469.00,2469.00,1500,207600
HAL_F2,02/14/2023,11:07:00,2468.85,2468.85,2465.05,2465.05,2100,207600
HAL_F2,02/14/2023,11:08:00,2466.20,2466.20,2465.30,2465.30,900,207600
HAL_F2,02/14/2023,11:09:00,2465.00,2466.05,2465.00,2466.05,600,207000
HAL_F2,02/14/2023,11:10:00,2462.00,2462.00,2462.00,2462.00,300,207000
HAL_F2,02/14/2023,11:11:00,2463.00,2463.00,2463.00,2463.00,600,207300
HAL_F2,02/14/2023,11:12:00,2462.00,2462.00,2462.00,2462.00,300,207300
HAL_F2,02/14/2023,11:14:00,2462.45,2462.85,2462.45,2462.85,600,207300
HAL_F2,02/14/2023,11:16:00,2462.05,2462.05,2462.05,2462.05,300,207300
HAL_F2,02/14/2023,11:17:00,2464.80,2464.80,2464.80,2464.80,300,207300
HAL_F2,02/14/2023,11:22:00,2464.00,2464.00,2464.00,2464.00,300,207300
HAL_F2,02/14/2023,11:24:00,2464.00,2464.25,2462.00,2464.25,2100,207600
HAL_F2,02/14/2023,11:29:00,2464.25,2464.25,2464.25,2464.25,300,209100
HAL_F2,02/14/2023,11:30:00,2463.00,2463.00,2463.00,2463.00,300,209400
HAL_F2,02/14/2023,11:36:00,2466.00,2466.00,2465.95,2465.95,600,209400
HAL_F2,02/14/2023,11:37:00,2468.00,2468.00,2468.00,2468.00,300,209400
HAL_F2,02/14/2023,11:39:00,2468.00,2468.00,2468.00,2468.00,300,209100
HAL_F2,02/14/2023,11:42:00,2467.55,2467.55,2467.55,2467.55,300,209400
HAL_F2,02/14/2023,11:46:00,2467.30,2469.45,2467.30,2469.45,600,209400
HAL_F2,02/14/2023,11:50:00,2470.35,2470.35,2470.35,2470.35,300,209400
HAL_F2,02/14/2023,12:14:00,2470.35,2470.35,2470.35,2470.35,600,209700
HAL_F2,02/14/2023,12:17:00,2471.45,2471.45,2471.45,2471.45,600,210300
HAL_F2,02/14/2023,12:18:00,2471.05,2471.05,2471.05,2471.05,300,210900
HAL_F2,02/14/2023,12:21:00,2465.00,2465.00,2465.00,2465.00,300,211200
HAL_F2,02/14/2023,12:24:00,2465.00,2465.00,2465.00,2465.00,300,211500
HAL_F2,02/14/2023,12:26:00,2469.40,2469.40,2464.65,2464.65,600,211500
HAL_F2,02/14/2023,12:33:00,2469.85,2469.85,2469.85,2469.85,300,211800
HAL_F2,02/14/2023,12:37:00,2469.50,2469.50,2469.50,2469.50,600,212100
HAL_F2,02/14/2023,12:45:00,2468.00,2468.00,2468.00,2468.00,300,212400
HAL_F2,02/14/2023,12:47:00,2465.95,2465.95,2465.95,2465.95,300,212400
HAL_F2,02/14/2023,12:51:00,2465.95,2465.95,2465.95,2465.95,300,212700
HAL_F2,02/14/2023,12:52:00,2465.45,2465.65,2465.45,2465.65,600,212700
HAL_F2,02/14/2023,12:53:00,2464.75,2464.75,2464.75,2464.75,300,212700
HAL_F2,02/14/2023,12:55:00,2462.80,2462.80,2462.00,2462.00,2100,213300
HAL_F2,02/14/2023,12:56:00,2463.15,2463.15,2463.15,2463.15,300,213300
HAL_F2,02/14/2023,12:58:00,2465.00,2465.00,2465.00,2465.00,300,214200
HAL_F2,02/14/2023,13:01:00,2464.45,2464.45,2464.45,2464.45,300,214500
HAL_F2,02/14/2023,13:07:00,2464.45,2464.45,2464.45,2464.45,600,214500
HAL_F2,02/14/2023,13:12:00,2468.95,2468.95,2468.00,2468.00,600,214800
HAL_F2,02/14/2023,13:13:00,2468.95,2470.00,2468.95,2470.00,1800,214800
HAL_F2,02/14/2023,13:14:00,2469.90,2470.90,2469.40,2469.45,7500,214800
HAL_F2,02/14/2023,13:15:00,2469.55,2469.55,2469.55,2469.55,600,220500
HAL_F2,02/14/2023,13:16:00,2468.40,2468.40,2467.10,2467.10,1800,220500
HAL_F2,02/14/2023,13:17:00,2465.00,2465.00,2462.65,2462.65,600,220500
HAL_F2,02/14/2023,13:18:00,2465.60,2465.60,2465.60,2465.60,600,222900
HAL_F2,02/14/2023,13:23:00,2465.70,2465.70,2465.70,2465.70,300,222900
HAL_F2,02/14/2023,13:33:00,2459.65,2459.65,2459.65,2459.65,900,223200
HAL_F2,02/14/2023,13:39:00,2462.00,2462.00,2462.00,2462.00,300,223500
HAL_F2,02/14/2023,13:50:00,2462.00,2462.00,2462.00,2462.00,600,223200
HAL_F2,02/14/2023,13:56:00,2463.00,2463.00,2463.00,2463.00,300,223200
HAL_F2,02/14/2023,13:58:00,2468.75,2468.75,2468.75,2468.75,300,223200
HAL_F2,02/14/2023,14:00:00,2468.75,2468.75,2468.75,2468.75,300,223800
HAL_F2,02/14/2023,14:01:00,2467.40,2467.40,2467.40,2467.40,600,223800
HAL_F2,02/14/2023,14:06:00,2467.40,2467.40,2467.40,2467.40,600,224400
HAL_F2,02/14/2023,14:12:00,2470.00,2470.00,2468.65,2468.65,1200,224400
HAL_F2,02/14/2023,14:15:00,2468.00,2469.15,2468.00,2469.15,600,224400
HAL_F2,02/14/2023,14:16:00,2465.40,2465.40,2465.40,2465.40,300,224700
HAL_F2,02/14/2023,14:23:00,2469.00,2469.00,2469.00,2469.00,300,225000
HAL_F2,02/14/2023,14:26:00,2469.00,2469.00,2469.00,2469.00,2100,224700
HAL_F2,02/14/2023,14:28:00,2466.65,2466.65,2466.65,2466.65,300,226500
HAL_F2,02/14/2023,14:32:00,2471.00,2471.00,2471.00,2471.00,300,226800
HAL_F2,02/14/2023,14:36:00,2469.00,2469.00,2469.00,2469.00,900,226800
HAL_F2,02/14/2023,14:37:00,2469.00,2469.00,2469.00,2469.00,600,226800
HAL_F2,02/14/2023,14:40:00,2468.90,2468.90,2468.90,2468.90,300,227700
HAL_F2,02/14/2023,14:49:00,2470.65,2470.65,2470.65,2470.65,300,227700
HAL_F2,02/14/2023,14:55:00,2468.90,2468.90,2468.45,2468.45,600,227700
HAL_F2,02/14/2023,14:56:00,2471.70,2471.70,2471.70,2471.70,300,227700
HAL_F2,02/14/2023,15:00:00,2468.00,2468.00,2468.00,2468.00,300,228000
HAL_F2,02/14/2023,15:01:00,2468.55,2468.55,2468.55,2468.55,300,228000
HAL_F2,02/14/2023,15:03:00,2469.15,2469.15,2469.15,2469.15,300,228000
HAL_F2,02/14/2023,15:04:00,2469.45,2471.30,2469.00,2471.30,900,228300
HAL_F2,02/14/2023,15:05:00,2471.30,2471.30,2468.20,2468.20,900,228300
HAL_F2,02/14/2023,15:10:00,2469.85,2469.85,2469.85,2469.85,300,228900
HAL_F2,02/14/2023,15:15:00,2469.60,2471.70,2469.60,2471.70,600,228900
HAL_F2,02/14/2023,15:16:00,2471.70,2471.70,2471.70,2471.70,900,228900
HAL_F2,02/14/2023,15:17:00,2471.65,2471.65,2471.65,2471.65,900,228900
HAL_F2,02/14/2023,15:19:00,2472.50,2473.50,2472.50,2473.50,900,228300
HAL_F2,02/14/2023,15:20:00,2472.40,2473.50,2472.40,2473.50,1500,228300
HAL_F2,02/14/2023,15:21:00,2472.20,2472.20,2472.20,2472.20,300,228300
HAL_F2,02/14/2023,15:25:00,2470.40,2470.40,2470.40,2470.40,600,227700
HAL_F2,02/14/2023,15:26:00,2470.40,2471.95,2469.10,2471.95,900,227700
HAL_F2,02/14/2023,15:27:00,2470.95,2470.95,2470.00,2470.95,900,228600
HAL_F2,02/14/2023,15:28:00,2470.00,2471.10,2470.00,2471.10,900,228600
HAL_F2,02/14/2023,15:29:00,2471.05,2473.75,2471.05,2473.55,2100,228600
HAL_F2,02/15/2023,09:15:00,2489.95,2500.95,2489.95,2500.95,1502,228600
HAL_F2,02/15/2023,09:16:00,2482.70,2482.70,2480.05,2480.05,3900,228600
HAL_F2,02/15/2023,09:17:00,2475.15,2475.15,2475.15,2475.15,1500,228000
HAL_F2,02/15/2023,09:18:00,2474.95,2474.95,2474.95,2474.95,2400,228000
HAL_F2,02/15/2023,09:19:00,2475.00,2475.00,2472.05,2472.05,2700,228000
HAL_F2,02/15/2023,09:20:00,2472.05,2472.05,2468.00,2468.00,2700,228600
HAL_F2,02/15/2023,09:21:00,2468.00,2469.70,2468.00,2468.00,1500,228600
HAL_F2,02/15/2023,09:22:00,2466.95,2466.95,2466.00,2466.00,1500,228600
HAL_F2,02/15/2023,09:23:00,2467.15,2469.85,2467.15,2469.85,900,231000
HAL_F2,02/15/2023,09:24:00,2469.85,2469.85,2469.85,2469.85,300,231000
HAL_F2,02/15/2023,09:25:00,2467.00,2467.00,2466.25,2466.25,900,231000
HAL_F2,02/15/2023,09:26:00,2466.00,2466.00,2465.25,2465.25,600,232500
HAL_F2,02/15/2023,09:27:00,2465.00,2465.00,2462.25,2462.25,3600,232500
HAL_F2,02/15/2023,09:28:00,2466.50,2468.00,2466.20,2466.20,1500,232500
HAL_F2,02/15/2023,09:30:00,2463.00,2463.00,2463.00,2463.00,600,235500
HAL_F2,02/15/2023,09:31:00,2460.30,2464.00,2460.25,2460.25,3000,235500
HAL_F2,02/15/2023,09:32:00,2460.25,2460.25,2460.25,2460.25,300,236700
HAL_F2,02/15/2023,09:33:00,2464.85,2466.45,2464.85,2466.45,600,236700
HAL_F2,02/15/2023,09:34:00,2462.00,2462.00,2462.00,2462.00,300,236700
HAL_F2,02/15/2023,09:36:00,2461.00,2461.00,2461.00,2461.00,300,236700
HAL_F2,02/15/2023,09:43:00,2468.80,2468.80,2468.80,2468.80,300,237300
HAL_F2,02/15/2023,09:48:00,2471.25,2471.25,2471.25,2471.25,300,237600
HAL_F2,02/15/2023,09:49:00,2475.00,2476.70,2475.00,2476.70,2100,237600
HAL_F2,02/15/2023,09:50:00,2477.00,2480.70,2476.85,2480.70,1800,237600
HAL_F2,02/15/2023,09:51:00,2481.00,2481.00,2481.00,2481.00,600,238200
HAL_F2,02/15/2023,09:52:00,2481.00,2481.00,2481.00,2481.00,900,238200
HAL_F2,02/15/2023,09:53:00,2478.80,2478.80,2475.90,2475.90,900,239700
HAL_F2,02/15/2023,09:54:00,2476.30,2476.30,2476.30,2476.30,3300,239700
HAL_F2,02/15/2023,09:55:00,2476.00,2476.00,2475.00,2475.00,900,239700
HAL_F2,02/15/2023,09:57:00,2476.40,2476.40,2476.40,2476.40,1200,242700
HAL_F2,02/15/2023,10:00:00,2476.40,2476.95,2476.40,2476.95,1200,243600
HAL_F2,02/15/2023,10:02:00,2478.45,2478.45,2478.45,2478.45,300,243300
HAL_F2,02/15/2023,10:06:00,2478.00,2478.00,2478.00,2478.00,300,243600
HAL_F2,02/15/2023,10:07:00,2476.90,2476.90,2476.90,2476.90,300,243600
HAL_F2,02/15/2023,10:08:00,2476.90,2476.90,2476.90,2476.90,300,243600
HAL_F2,02/15/2023,10:10:00,2475.80,2475.80,2475.40,2475.40,1200,243600
HAL_F2,02/15/2023,10:11:00,2475.40,2475.65,2475.40,2475.65,3900,243900
HAL_F2,02/15/2023,10:12:00,2470.00,2470.00,2470.00,2470.00,2100,243900
HAL_F2,02/15/2023,10:14:00,2468.15,2470.00,2468.15,2470.00,2400,246900
HAL_F2,02/15/2023,10:16:00,2472.50,2472.50,2472.50,2472.50,300,246900
HAL_F2,02/15/2023,10:17:00,2475.90,2475.90,2475.90,2475.90,900,246300
HAL_F2,02/15/2023,10:18:00,2477.15,2481.00,2477.15,2481.00,900,246300
HAL_F2,02/15/2023,10:22:00,2478.45,2478.45,2478.45,2478.45,600,245700
HAL_F2,02/15/2023,10:26:00,2480.00,2480.00,2480.00,2480.00,300,245700
HAL_F2,02/15/2023,10:29:00,2476.55,2478.60,2476.35,2476.35,1200,245700
HAL_F2,02/15/2023,10:33:00,2477.50,2479.20,2477.50,2479.20,600,245700
HAL_F2,02/15/2023,10:38:00,2479.75,2479.75,2479.75,2479.75,300,245400
HAL_F2,02/15/2023,10:39:00,2479.60,2479.60,2479.60,2479.60,300,245700
HAL_F2,02/15/2023,10:40:00,2478.45,2478.45,2478.45,2478.45,300,245700
HAL_F2,02/15/2023,10:42:00,2476.80,2478.90,2476.80,2478.60,900,246000
HAL_F2,02/15/2023,10:48:00,2480.00,2480.00,2480.00,2480.00,600,246300
HAL_F2,02/15/2023,10:49:00,2482.00,2482.00,2482.00,2482.00,300,246300
HAL_F2,02/15/2023,10:53:00,2482.00,2482.00,2482.00,2482.00,300,246300
HAL_F2,02/15/2023,10:54:00,2482.00,2482.00,2482.00,2482.00,600,246300
HAL_F2,02/15/2023,10:55:00,2477.80,2477.80,2477.80,2477.80,9300,246300
HAL_F2,02/15/2023,10:56:00,2476.50,2476.50,2476.50,2476.50,6600,255300
HAL_F2,02/15/2023,10:57:00,2475.00,2475.00,2475.00,2475.00,300,255300
HAL_F2,02/15/2023,11:03:00,2475.00,2477.60,2475.00,2477.60,3300,259800
HAL_F2,02/15/2023,11:05:00,2475.40,2475.40,2475.40,2475.40,300,259800
HAL_F2,02/15/2023,11:07:00,2475.40,2475.40,2475.40,2475.40,900,262500
HAL_F2,02/15/2023,11:09:00,2476.15,2476.15,2476.15,2476.15,600,263400
HAL_F2,02/15/2023,11:10:00,2476.65,2476.65,2475.05,2475.05,1500,263400
HAL_F2,02/15/2023,11:13:00,2475.10,2475.10,2475.10,2475.10,600,264600
HAL_F2,02/15/2023,11:14:00,2475.10,2475.10,2474.00,2474.00,900,265200
HAL_F2,02/15/2023,11:16:00,2473.05,2473.05,2473.05,2473.05,600,265200
HAL_F2,02/15/2023,11:17:00,2470.45,2470.45,2470.45,2470.45,300,265200
HAL_F2,02/15/2023,11:18:00,2473.25,2473.25,2473.25,2473.25,600,265200
HAL_F2,02/15/2023,11:19:00,2473.30,2474.35,2473.00,2473.00,1500,265200
HAL_F2,02/15/2023,11:20:00,2475.30,2475.30,2475.30,2475.30,1500,265200
HAL_F2,02/15/2023,11:21:00,2477.00,2477.00,2477.00,2477.00,300,266400
HAL_F2,02/15/2023,11:22:00,2475.00,2475.00,2475.00,2475.00,300,266400
HAL_F2,02/15/2023,11:23:00,2474.90,2474.90,2474.90,2474.90,300,266400
HAL_F2,02/15/2023,11:26:00,2474.90,2474.90,2474.90,2474.90,900,267300
HAL_F2,02/15/2023,11:30:00,2472.55,2472.55,2472.55,2472.55,300,267900
HAL_F2,02/15/2023,11:35:00,2475.85,2475.85,2475.85,2475.85,300,267900
HAL_F2,02/15/2023,11:36:00,2476.00,2476.00,2476.00,2476.00,300,267900
HAL_F2,02/15/2023,11:39:00,2476.00,2476.00,2476.00,2476.00,300,268200
HAL_F2,02/15/2023,11:43:00,2474.15,2474.15,2474.15,2474.15,600,268200
HAL_F2,02/15/2023,11:44:00,2474.00,2474.00,2474.00,2474.00,1500,268200
HAL_F2,02/15/2023,11:46:00,2474.00,2474.00,2474.00,2474.00,600,268800
HAL_F2,02/15/2023,11:47:00,2471.10,2471.10,2471.10,2471.10,300,268800
HAL_F2,02/15/2023,11:49:00,2470.75,2470.75,2470.75,2470.75,300,269100
HAL_F2,02/15/2023,11:50:00,2470.75,2470.75,2470.75,2470.75,1500,269100
HAL_F2,02/15/2023,11:51:00,2471.10,2471.10,2471.10,2471.10,600,270600
HAL_F2,02/15/2023,11:52:00,2471.70,2471.70,2471.70,2471.70,900,270600
HAL_F2,02/15/2023,11:54:00,2471.70,2471.70,2471.70,2471.70,300,271200
HAL_F2,02/15/2023,11:57:00,2471.70,2471.70,2471.70,2471.70,300,271200
HAL_F2,02/15/2023,11:58:00,2472.70,2472.70,2472.70,2472.70,300,271200
HAL_F2,02/15/2023,12:00:00,2472.55,2472.55,2472.55,2472.55,300,270900
HAL_F2,02/15/2023,12:04:00,2470.10,2471.20,2470.10,2471.20,600,271200
HAL_F2,02/15/2023,12:06:00,2471.25,2471.25,2469.00,2469.00,2100,271200
HAL_F2,02/15/2023,12:10:00,2470.60,2470.60,2470.60,2470.60,600,272100
HAL_F2,02/15/2023,12:14:00,2471.40,2471.40,2471.40,2471.40,300,271800
HAL_F2,02/15/2023,12:17:00,2472.65,2472.70,2472.65,2472.70,900,271800
HAL_F2,02/15/2023,12:18:00,2474.95,2474.95,2474.95,2474.95,300,272100
HAL_F2,02/15/2023,12:19:00,2474.75,2474.75,2474.75,2474.75,300,272100
HAL_F2,02/15/2023,12:20:00,2474.30,2474.30,2474.30,2474.30,300,272100
HAL_F2,02/15/2023,12:26:00,2474.45,2475.80,2474.45,2475.80,1200,273300
HAL_F2,02/15/2023,12:28:00,2476.15,2476.15,2476.15,2476.15,300,273300
HAL_F2,02/15/2023,12:30:00,2479.95,2479.95,2479.95,2479.95,600,273300
HAL_F2,02/15/2023,12:31:00,2480.95,2480.95,2480.95,2480.95,300,273300
HAL_F2,02/15/2023,12:32:00,2480.00,2482.00,2480.00,2480.95,1800,273300
HAL_F2,02/15/2023,12:33:00,2482.55,2482.55,2482.55,2482.55,300,271800
HAL_F2,02/15/2023,12:34:00,2483.00,2483.00,2482.60,2482.60,900,271800
HAL_F2,02/15/2023,12:35:00,2484.00,2485.00,2484.00,2485.00,600,271800
HAL_F2,02/15/2023,12:36:00,2482.45,2482.45,2482.45,2482.45,300,271500
HAL_F2,02/15/2023,12:37:00,2484.00,2485.00,2484.00,2484.90,2700,271500
HAL_F2,02/15/2023,12:38:00,2484.20,2485.55,2484.20,2485.55,900,271500
HAL_F2,02/15/2023,12:39:00,2486.00,2486.00,2486.00,2486.00,300,269400
HAL_F2,02/15/2023,12:40:00,2485.00,2485.00,2485.00,2485.00,600,269400
HAL_F2,02/15/2023,12:41:00,2485.40,2485.40,2485.40,2485.40,300,270000
HAL_F2,02/15/2023,12:42:00,2485.40,2485.40,2485.40,2485.40,900,270000
HAL_F2,02/15/2023,12:43:00,2489.00,2491.45,2489.00,2491.45,3000,270000
HAL_F2,02/15/2023,12:44:00,2491.30,2491.30,2489.05,2489.05,900,270000
HAL_F2,02/15/2023,12:46:00,2489.00,2489.00,2489.00,2489.00,600,268200
HAL_F2,02/15/2023,12:47:00,2488.05,2488.05,2487.10,2487.10,600,268200
HAL_F2,02/15/2023,12:48:00,2484.30,2484.30,2484.30,2484.30,300,268200
HAL_F2,02/15/2023,12:50:00,2487.80,2487.80,2487.80,2487.80,300,268200
HAL_F2,02/15/2023,12:51:00,2486.90,2486.90,2486.90,2486.90,300,268500
HAL_F2,02/15/2023,12:53:00,2485.50,2485.50,2483.95,2483.95,600,268500
HAL_F2,02/15/2023,12:54:00,2485.50,2485.50,2485.50,2485.50,300,268500
HAL_F2,02/15/2023,12:56:00,2485.70,2487.45,2485.70,2487.45,600,268800
HAL_F2,02/15/2023,12:57:00,2488.00,2489.00,2488.00,2489.00,600,269400
HAL_F2,02/15/2023,12:58:00,2488.60,2488.60,2488.60,2488.60,600,269400
HAL_F2,02/15/2023,13:00:00,2488.00,2488.00,2488.00,2488.00,300,269700
HAL_F2,02/15/2023,13:02:00,2485.10,2485.10,2485.10,2485.10,600,269700
HAL_F2,02/15/2023,13:03:00,2484.80,2485.00,2484.80,2485.00,900,270000
HAL_F2,02/15/2023,13:06:00,2485.00,2485.00,2484.90,2484.90,900,270000
HAL_F2,02/15/2023,13:07:00,2484.90,2484.90,2484.90,2484.90,1800,270000
HAL_F2,02/15/2023,13:08:00,2484.90,2488.95,2484.90,2488.95,1200,270000
HAL_F2,02/15/2023,13:09:00,2488.95,2489.60,2488.95,2489.60,600,270000
HAL_F2,02/15/2023,13:10:00,2489.45,2490.95,2489.45,2490.95,900,270000
HAL_F2,02/15/2023,13:11:00,2489.00,2489.00,2489.00,2489.00,900,270000
HAL_F2,02/15/2023,13:12:00,2484.20,2484.20,2484.20,2484.20,900,270900
HAL_F2,02/15/2023,13:14:00,2488.65,2488.65,2488.65,2488.65,300,270900
HAL_F2,02/15/2023,13:15:00,2488.20,2488.20,2487.75,2487.75,900,271800
HAL_F2,02/15/2023,13:16:00,2492.35,2492.50,2489.90,2492.50,1200,271800
HAL_F2,02/15/2023,13:17:00,2493.00,2494.40,2493.00,2494.40,2700,271800
HAL_F2,02/15/2023,13:18:00,2493.45,2495.00,2493.45,2493.95,2400,271200
HAL_F2,02/15/2023,13:19:00,2492.95,2492.95,2488.65,2488.65,3000,271200
HAL_F2,02/15/2023,13:20:00,2488.45,2490.25,2488.35,2490.25,900,271200
HAL_F2,02/15/2023,13:22:00,2488.70,2488.70,2488.70,2488.70,300,272700
HAL_F2,02/15/2023,13:23:00,2488.00,2488.00,2488.00,2488.00,300,272700
HAL_F2,02/15/2023,13:24:00,2488.45,2488.45,2488.45,2488.45,300,273000
HAL_F2,02/15/2023,13:30:00,2485.85,2485.85,2485.85,2485.85,300,272700
HAL_F2,02/15/2023,13:31:00,2485.20,2485.20,2485.20,2485.20,300,272700
HAL_F2,02/15/2023,13:33:00,2482.25,2482.25,2482.25,2482.25,300,272100
HAL_F2,02/15/2023,13:35:00,2483.00,2483.00,2483.00,2483.00,600,272100
HAL_F2,02/15/2023,13:36:00,2483.25,2483.95,2483.25,2483.95,600,272100
HAL_F2,02/15/2023,13:37:00,2482.95,2482.95,2481.55,2481.55,1200,272100
HAL_F2,02/15/2023,13:38:00,2482.95,2482.95,2482.95,2482.95,300,272100
HAL_F2,02/15/2023,13:41:00,2482.95,2482.95,2482.95,2482.95,300,272700
HAL_F2,02/15/2023,13:46:00,2481.90,2481.90,2481.00,2481.00,900,273000
HAL_F2,02/15/2023,13:50:00,2484.00,2488.35,2483.40,2488.35,1500,273000
HAL_F2,02/15/2023,13:51:00,2487.70,2487.70,2485.70,2485.70,600,273000
HAL_F2,02/15/2023,13:57:00,2483.95,2483.95,2483.95,2483.95,900,272700
HAL_F2,02/15/2023,14:01:00,2485.20,2485.20,2485.20,2485.20,300,272700
HAL_F2,02/15/2023,14:07:00,2488.05,2488.05,2484.55,2484.55,600,272700
HAL_F2,02/15/2023,14:10:00,2484.00,2484.00,2484.00,2484.00,300,272400
HAL_F2,02/15/2023,14:12:00,2483.80,2483.80,2483.35,2483.35,600,272400
HAL_F2,02/15/2023,14:13:00,2484.05,2484.05,2484.05,2484.05,600,272700
HAL_F2,02/15/2023,14:18:00,2484.50,2484.50,2484.50,2484.50,600,272700
HAL_F2,02/15/2023,14:19:00,2484.05,2484.05,2484.05,2484.05,300,273000
HAL_F2,02/15/2023,14:21:00,2485.20,2485.20,2485.20,2485.20,1500,272700
HAL_F2,02/15/2023,14:22:00,2483.70,2483.70,2483.70,2483.70,600,272700
HAL_F2,02/15/2023,14:24:00,2484.95,2484.95,2484.95,2484.95,300,273600
HAL_F2,02/15/2023,14:29:00,2488.00,2488.00,2488.00,2488.00,600,273300
HAL_F2,02/15/2023,14:32:00,2489.00,2490.00,2489.00,2490.00,1200,272700
HAL_F2,02/15/2023,14:34:00,2489.50,2489.50,2489.50,2489.50,600,272700
HAL_F2,02/15/2023,14:36:00,2489.50,2489.50,2489.50,2489.50,300,273000
HAL_F2,02/15/2023,14:37:00,2489.90,2491.65,2489.90,2491.65,600,273000
HAL_F2,02/15/2023,14:38:00,2492.10,2492.65,2492.10,2492.65,1200,273000
HAL_F2,02/15/2023,14:42:00,2489.15,2489.15,2488.00,2488.00,600,273900
HAL_F2,02/15/2023,14:43:00,2488.00,2488.00,2488.00,2488.00,900,273900
HAL_F2,02/15/2023,14:44:00,2485.70,2485.70,2485.70,2485.70,300,273900
HAL_F2,02/15/2023,14:45:00,2485.35,2488.00,2485.35,2488.00,600,274500
HAL_F2,02/15/2023,14:52:00,2489.75,2489.75,2487.95,2487.95,600,275100
HAL_F2,02/15/2023,14:57:00,2487.95,2488.30,2487.95,2488.30,900,275400
HAL_F2,02/15/2023,14:58:00,2487.60,2488.00,2487.60,2488.00,2400,275400
HAL_F2,02/15/2023,14:59:00,2487.35,2489.95,2487.35,2489.95,900,275400
HAL_F2,02/15/2023,15:00:00,2490.45,2492.00,2490.45,2492.00,900,277200
HAL_F2,02/15/2023,15:01:00,2492.75,2492.75,2492.75,2492.75,300,277200
HAL_F2,02/15/2023,15:04:00,2492.50,2494.00,2492.50,2493.35,900,276900
HAL_F2,02/15/2023,15:05:00,2491.15,2491.15,2491.15,2491.15,300,276900
HAL_F2,02/15/2023,15:06:00,2489.80,2489.80,2489.80,2489.80,300,276300
HAL_F2,02/15/2023,15:07:00,2489.80,2492.35,2489.80,2492.35,2100,276300
HAL_F2,02/15/2023,15:09:00,2491.85,2492.00,2491.85,2492.00,4200,277800
HAL_F2,02/15/2023,15:12:00,2490.10,2490.10,2490.10,2490.10,300,280500
HAL_F2,02/15/2023,15:13:00,2490.50,2490.70,2490.50,2490.70,600,280500
HAL_F2,02/15/2023,15:14:00,2491.25,2491.25,2490.95,2491.00,1200,280500
HAL_F2,02/15/2023,15:15:00,2492.70,2492.70,2492.00,2492.00,600,280200
HAL_F2,02/15/2023,15:16:00,2491.85,2491.85,2491.85,2491.85,300,280200
HAL_F2,02/15/2023,15:17:00,2492.65,2492.65,2492.65,2492.65,300,280200
HAL_F2,02/15/2023,15:18:00,2492.45,2492.95,2492.45,2492.95,600,279600
HAL_F2,02/15/2023,15:19:00,2493.00,2493.00,2491.90,2491.90,2100,279600
HAL_F2,02/15/2023,15:20:00,2493.00,2493.00,2492.35,2492.35,2400,279600
HAL_F2,02/15/2023,15:21:00,2493.00,2493.00,2492.50,2492.55,900,279600
HAL_F2,02/15/2023,15:22:00,2493.50,2493.90,2493.50,2493.90,2400,279600
HAL_F2,02/15/2023,15:23:00,2493.95,2493.95,2493.80,2493.80,1200,279600
HAL_F2,02/15/2023,15:24:00,2493.90,2493.95,2492.45,2492.45,3900,279300
HAL_F2,02/15/2023,15:25:00,2493.95,2494.00,2493.95,2494.00,1500,279300
HAL_F2,02/15/2023,15:26:00,2494.00,2494.00,2494.00,2494.00,300,279300
HAL_F2,02/15/2023,15:27:00,2492.60,2494.00,2492.05,2494.00,1500,279300
HAL_F2,02/15/2023,15:28:00,2494.00,2494.00,2494.00,2494.00,900,279300
HAL_F2,02/15/2023,15:29:00,2493.30,2494.00,2490.65,2490.65,3300,279300
HAL_F2,02/16/2023,09:15:00,2501.15,2503.80,2501.15,2503.80,1502,276900
HAL_F2,02/16/2023,09:16:00,2498.80,2498.80,2496.60,2496.60,1500,276900
HAL_F2,02/16/2023,09:17:00,2498.80,2498.80,2498.80,2498.80,1800,276900
HAL_F2,02/16/2023,09:18:00,2498.80,2498.80,2494.00,2494.00,1200,277200
HAL_F2,02/16/2023,09:19:00,2494.00,2494.00,2494.00,2494.00,900,277200
HAL_F2,02/16/2023,09:22:00,2496.15,2496.15,2496.00,2496.00,600,278400
HAL_F2,02/16/2023,09:23:00,2497.00,2497.00,2497.00,2497.00,300,278400
HAL_F2,02/16/2023,09:24:00,2497.65,2498.95,2497.65,2498.95,1200,279300
HAL_F2,02/16/2023,09:26:00,2495.30,2495.30,2495.30,2495.30,600,279300
HAL_F2,02/16/2023,09:27:00,2495.00,2495.00,2495.00,2495.00,300,279900
HAL_F2,02/16/2023,09:28:00,2494.25,2495.00,2494.00,2495.00,1200,279900
HAL_F2,02/16/2023,09:29:00,2492.05,2493.90,2492.05,2493.90,900,279900
HAL_F2,02/16/2023,09:31:00,2498.45,2499.00,2498.45,2499.00,1200,279900
HAL_F2,02/16/2023,09:32:00,2496.70,2500.35,2496.70,2499.85,2100,281400
HAL_F2,02/16/2023,09:33:00,2500.00,2503.00,2500.00,2503.00,2700,281400
HAL_F2,02/16/2023,09:34:00,2501.00,2508.00,2501.00,2508.00,7200,281400
HAL_F2,02/16/2023,09:35:00,2507.60,2510.00,2506.00,2510.00,2700,286500
HAL_F2,02/16/2023,09:36:00,2510.00,2519.10,2510.00,2519.10,7800,286500
HAL_F2,02/16/2023,09:37:00,2517.90,2518.80,2512.50,2517.00,11400,286500
HAL_F2,02/16/2023,09:38:00,2518.00,2519.20,2518.00,2519.20,2400,287100
HAL_F2,02/16/2023,09:39:00,2520.00,2521.00,2518.25,2520.00,2400,287100
HAL_F2,02/16/2023,09:40:00,2518.55,2528.75,2518.55,2528.75,10500,287100
HAL_F2,02/16/2023,09:41:00,2529.10,2535.00,2524.75,2535.00,6600,289800
HAL_F2,02/16/2023,09:42:00,2538.50,2540.15,2535.00,2540.15,7500,289800
HAL_F2,02/16/2023,09:43:00,2540.15,2544.95,2539.00,2540.00,7800,289800
HAL_F2,02/16/2023,09:44:00,2537.00,2543.00,2536.00,2540.95,5700,288600
HAL_F2,02/16/2023,09:45:00,2538.05,2542.95,2538.00,2538.00,2700,288600
HAL_F2,02/16/2023,09:46:00,2537.20,2538.40,2537.00,2537.00,1500,288600
HAL_F2,02/16/2023,09:47:00,2536.15,2536.85,2535.25,2535.25,4200,289800
HAL_F2,02/16/2023,09:48:00,2535.75,2535.75,2527.00,2527.00,5700,289800
HAL_F2,02/16/2023,09:49:00,2529.80,2532.30,2529.80,2532.30,600,289800
HAL_F2,02/16/2023,09:50:00,2533.40,2533.40,2531.85,2531.85,2700,291600
HAL_F2,02/16/2023,09:51:00,2531.85,2531.85,2527.75,2527.75,1800,291600
HAL_F2,02/16/2023,09:52:00,2530.65,2530.90,2530.65,2530.90,2700,291600
HAL_F2,02/16/2023,09:53:00,2531.85,2532.00,2530.90,2532.00,1500,291600
HAL_F2,02/16/2023,09:54:00,2531.95,2531.95,2527.00,2527.00,1200,292200
HAL_F2,02/16/2023,09:55:00,2528.95,2529.00,2528.95,2529.00,600,292200
HAL_F2,02/16/2023,09:56:00,2529.05,2529.10,2529.05,2529.10,600,292200
HAL_F2,02/16/2023,09:57:00,2527.65,2527.65,2525.00,2525.00,2100,292800
HAL_F2,02/16/2023,09:58:00,2529.55,2529.55,2529.55,2529.55,600,292800
HAL_F2,02/16/2023,09:59:00,2527.45,2527.45,2527.45,2527.45,300,292800
HAL_F2,02/16/2023,10:00:00,2527.60,2531.10,2526.00,2531.10,4200,294000
HAL_F2,02/16/2023,10:01:00,2533.55,2533.55,2533.55,2533.55,300,294000
HAL_F2,02/16/2023,10:02:00,2534.30,2535.00,2534.30,2535.00,600,296700
HAL_F2,02/16/2023,10:03:00,2534.30,2536.00,2534.30,2536.00,900,296700
HAL_F2,02/16/2023,10:04:00,2533.00,2533.00,2532.00,2532.00,900,296700
HAL_F2,02/16/2023,10:05:00,2532.00,2532.00,2530.60,2530.60,600,297000
HAL_F2,02/16/2023,10:06:00,2532.80,2532.80,2532.80,2532.80,300,297000
HAL_F2,02/16/2023,10:07:00,2532.85,2532.85,2532.85,2532.85,300,297000
HAL_F2,02/16/2023,10:08:00,2533.00,2533.00,2533.00,2533.00,1500,296700
HAL_F2,02/16/2023,10:10:00,2533.00,2533.00,2533.00,2533.00,300,296700
HAL_F2,02/16/2023,10:11:00,2530.00,2530.00,2530.00,2530.00,300,297600
HAL_F2,02/16/2023,10:12:00,2528.25,2528.25,2528.25,2528.25,300,297600
HAL_F2,02/16/2023,10:15:00,2531.00,2531.00,2531.00,2531.00,300,297300
HAL_F2,02/16/2023,10:16:00,2531.05,2531.05,2531.05,2531.05,900,297300
HAL_F2,02/16/2023,10:17:00,2532.00,2532.00,2532.00,2532.00,300,297300
HAL_F2,02/16/2023,10:18:00,2532.00,2532.10,2532.00,2532.10,600,297300
HAL_F2,02/16/2023,10:19:00,2535.00,2535.00,2535.00,2535.00,300,297300
HAL_F2,02/16/2023,10:20:00,2535.00,2535.10,2535.00,2535.10,1800,298200
HAL_F2,02/16/2023,10:21:00,2533.10,2533.10,2533.10,2533.10,300,298200
HAL_F2,02/16/2023,10:23:00,2535.15,2539.00,2535.10,2539.00,2100,298200
HAL_F2,02/16/2023,10:24:00,2539.85,2540.00,2537.75,2537.75,2100,298200
HAL_F2,02/16/2023,10:25:00,2532.85,2532.85,2532.85,2532.85,300,298200
HAL_F2,02/16/2023,10:26:00,2533.05,2533.05,2533.05,2533.05,600,298500
HAL_F2,02/16/2023,10:27:00,2533.05,2533.05,2533.05,2533.05,300,298500
HAL_F2,02/16/2023,10:28:00,2536.00,2536.00,2536.00,2536.00,300,298500
HAL_F2,02/16/2023,10:29:00,2535.85,2535.85,2535.85,2535.85,300,298500
HAL_F2,02/16/2023,10:30:00,2535.00,2535.00,2535.00,2535.00,600,298800
HAL_F2,02/16/2023,10:31:00,2536.15,2536.15,2534.20,2534.20,1200,298800
HAL_F2,02/16/2023,10:32:00,2533.95,2533.95,2532.20,2532.20,600,299400
HAL_F2,02/16/2023,10:33:00,2531.05,2532.15,2531.05,2532.15,900,299400
HAL_F2,02/16/2023,10:34:00,2533.60,2534.00,2532.25,2532.25,4200,299400
HAL_F2,02/16/2023,10:35:00,2537.20,2541.80,2537.20,2539.40,4200,303600
HAL_F2,02/16/2023,10:36:00,2537.00,2537.00,2537.00,2537.00,300,303600
HAL_F2,02/16/2023,10:38:00,2537.00,2537.00,2537.00,2537.00,300,303300
HAL_F2,02/16/2023,10:40:00,2539.00,2540.30,2539.00,2539.70,3300,303300
HAL_F2,02/16/2023,10:41:00,2539.55,2539.55,2539.55,2539.55,300,303300
HAL_F2,02/16/2023,10:42:00,2538.95,2539.00,2538.95,2539.00,900,303000
HAL_F2,02/16/2023,10:43:00,2538.00,2539.90,2536.60,2539.90,900,303000
HAL_F2,02/16/2023,10:44:00,2539.90,2539.90,2539.90,2539.90,300,303900
HAL_F2,02/16/2023,10:45:00,2537.40,2538.55,2537.40,2538.55,600,303900
HAL_F2,02/16/2023,10:46:00,2539.05,2539.05,2539.05,2539.05,1200,303900
HAL_F2,02/16/2023,10:47:00,2537.90,2537.90,2534.90,2534.90,2100,306300
HAL_F2,02/16/2023,10:48:00,2536.20,2536.20,2533.55,2533.55,600,306300
HAL_F2,02/16/2023,10:49:00,2533.80,2533.80,2533.80,2533.80,600,306300
HAL_F2,02/16/2023,10:55:00,2537.65,2537.65,2537.65,2537.65,600,306900
HAL_F2,02/16/2023,10:56:00,2534.80,2534.80,2534.80,2534.80,300,306900
HAL_F2,02/16/2023,10:57:00,2534.80,2537.50,2534.80,2537.50,900,307200
HAL_F2,02/16/2023,11:00:00,2537.50,2540.50,2536.60,2540.50,4800,307200
HAL_F2,02/16/2023,11:01:00,2540.00,2540.95,2540.00,2540.95,1500,307200
HAL_F2,02/16/2023,11:02:00,2540.00,2540.00,2540.00,2540.00,300,309900
HAL_F2,02/16/2023,11:05:00,2539.00,2540.90,2538.85,2540.90,1200,309900
HAL_F2,02/16/2023,11:06:00,2539.10,2539.10,2535.40,2535.40,2400,309900
HAL_F2,02/16/2023,11:07:00,2537.70,2537.70,2537.70,2537.70,300,309900
HAL_F2,02/16/2023,11:08:00,2539.00,2539.00,2539.00,2539.00,300,309900
HAL_F2,02/16/2023,11:09:00,2535.35,2535.35,2534.00,2534.00,1200,311700
HAL_F2,02/16/2023,11:10:00,2536.05,2537.00,2536.05,2537.00,900,311700
HAL_F2,02/16/2023,11:11:00,2534.55,2534.55,2532.80,2532.80,900,312600
HAL_F2,02/16/2023,11:13:00,2537.35,2537.35,2537.35,2537.35,300,312600
HAL_F2,02/16/2023,11:14:00,2540.00,2540.00,2540.00,2540.00,300,312600
HAL_F2,02/16/2023,11:15:00,2538.15,2538.15,2538.15,2538.15,600,312900
HAL_F2,02/16/2023,11:16:00,2540.45,2540.50,2540.45,2540.50,900,312900
HAL_F2,02/16/2023,11:17:00,2539.50,2539.50,2539.50,2539.50,300,312900
HAL_F2,02/16/2023,11:18:00,2540.90,2541.00,2539.00,2541.00,3300,313500
HAL_F2,02/16/2023,11:19:00,2542.50,2542.50,2540.50,2540.50,600,313500
HAL_F2,02/16/2023,11:20:00,2543.10,2545.90,2543.10,2545.90,2700,313500
HAL_F2,02/16/2023,11:21:00,2545.90,2548.00,2544.35,2548.00,3000,313500
HAL_F2,02/16/2023,11:22:00,2546.80,2550.00,2546.80,2547.70,4200,313500
HAL_F2,02/16/2023,11:23:00,2550.00,2550.00,2548.05,2550.00,1500,313500
HAL_F2,02/16/2023,11:24:00,2550.00,2552.05,2550.00,2552.00,2100,314100
HAL_F2,02/16/2023,11:25:00,2550.50,2553.00,2550.50,2550.70,2100,314100
HAL_F2,02/16/2023,11:26:00,2548.00,2548.00,2547.00,2547.00,600,314100
HAL_F2,02/16/2023,11:27:00,2549.00,2549.00,2548.00,2548.00,600,314400
HAL_F2,02/16/2023,11:28:00,2548.00,2550.85,2548.00,2549.70,1800,314400
HAL_F2,02/16/2023,11:29:00,2548.00,2548.00,2548.00,2548.00,300,314400
HAL_F2,02/16/2023,11:30:00,2552.00,2553.00,2550.00,2550.00,1500,315000
HAL_F2,02/16/2023,11:31:00,2550.00,2550.00,2549.60,2549.60,600,315000
HAL_F2,02/16/2023,11:32:00,2553.00,2553.00,2551.00,2551.00,1200,315000
HAL_F2,02/16/2023,11:33:00,2554.75,2555.90,2554.75,2555.90,2100,315600
HAL_F2,02/16/2023,11:34:00,2555.95,2558.00,2555.95,2558.00,3300,315600
HAL_F2,02/16/2023,11:35:00,2557.05,2557.05,2557.05,2557.05,300,315600
HAL_F2,02/16/2023,11:36:00,2557.05,2559.85,2557.05,2559.85,1200,315300
HAL_F2,02/16/2023,11:37:00,2559.85,2559.85,2555.60,2557.05,2100,315300
HAL_F2,02/16/2023,11:38:00,2557.00,2557.05,2557.00,2557.05,900,317700
HAL_F2,02/16/2023,11:39:00,2557.00,2557.00,2555.50,2555.50,600,317700
HAL_F2,02/16/2023,11:40:00,2553.70,2553.70,2551.35,2551.35,1200,317700
HAL_F2,02/16/2023,11:41:00,2554.85,2557.00,2554.85,2557.00,1200,318000
HAL_F2,02/16/2023,11:43:00,2560.00,2561.95,2558.40,2558.40,4800,318000
HAL_F2,02/16/2023,11:44:00,2557.95,2557.95,2557.95,2557.95,300,318000
HAL_F2,02/16/2023,11:45:00,2558.05,2562.00,2558.05,2560.00,3900,318900
HAL_F2,02/16/2023,11:46:00,2562.65,2562.65,2560.05,2560.05,3000,318900
HAL_F2,02/16/2023,11:47:00,2561.00,2561.00,2561.00,2561.00,3300,322200
HAL_F2,02/16/2023,11:48:00,2561.00,2561.45,2560.05,2561.45,1500,322200
HAL_F2,02/16/2023,11:50:00,2560.00,2560.00,2559.25,2559.25,600,322200
HAL_F2,02/16/2023,11:52:00,2557.00,2558.20,2557.00,2558.20,1200,322500
HAL_F2,02/16/2023,11:53:00,2558.20,2558.20,2558.20,2558.20,1800,322500
HAL_F2,02/16/2023,11:54:00,2555.10,2557.70,2555.10,2557.70,1800,324600
HAL_F2,02/16/2023,11:55:00,2555.30,2557.05,2555.10,2557.05,1500,324600
HAL_F2,02/16/2023,11:56:00,2556.90,2558.20,2556.90,2558.20,900,324600
HAL_F2,02/16/2023,11:57:00,2556.90,2556.90,2555.20,2556.00,1200,326100
HAL_F2,02/16/2023,11:58:00,2555.00,2558.05,2555.00,2557.00,2100,326100
HAL_F2,02/16/2023,11:59:00,2560.50,2561.40,2558.70,2561.40,2400,326100
HAL_F2,02/16/2023,12:00:00,2562.95,2563.00,2559.25,2560.90,5400,327600
HAL_F2,02/16/2023,12:01:00,2561.75,2561.75,2559.80,2559.80,900,327600
HAL_F2,02/16/2023,12:02:00,2558.50,2560.65,2558.50,2560.65,1200,327600
HAL_F2,02/16/2023,12:03:00,2560.65,2560.75,2557.70,2560.75,2400,328500
HAL_F2,02/16/2023,12:04:00,2559.50,2561.05,2559.50,2561.05,1200,328500
HAL_F2,02/16/2023,12:05:00,2561.05,2561.05,2561.05,2561.05,600,328500
HAL_F2,02/16/2023,12:06:00,2560.85,2562.00,2560.00,2562.00,1800,330000
HAL_F2,02/16/2023,12:07:00,2558.00,2561.35,2558.00,2561.10,1500,330000
HAL_F2,02/16/2023,12:09:00,2561.10,2561.10,2561.10,2561.10,600,331800
HAL_F2,02/16/2023,12:10:00,2559.00,2560.50,2559.00,2560.30,1200,331800
HAL_F2,02/16/2023,12:11:00,2560.65,2560.65,2560.65,2560.65,300,331800
HAL_F2,02/16/2023,12:12:00,2559.50,2559.50,2559.50,2559.50,300,332400
HAL_F2,02/16/2023,12:13:00,2559.70,2559.70,2559.70,2559.70,300,332400
HAL_F2,02/16/2023,12:14:00,2560.75,2560.75,2560.00,2560.00,600,332400
HAL_F2,02/16/2023,12:15:00,2559.50,2559.75,2559.50,2559.75,1200,333600
HAL_F2,02/16/2023,12:16:00,2557.40,2557.95,2556.00,2557.95,900,333600
HAL_F2,02/16/2023,12:17:00,2559.90,2559.90,2559.90,2559.90,300,333600
HAL_F2,02/16/2023,12:18:00,2559.00,2559.00,2559.00,2559.00,300,334500
HAL_F2,02/16/2023,12:19:00,2557.65,2560.55,2557.65,2558.50,2100,334500
HAL_F2,02/16/2023,12:20:00,2558.90,2560.45,2558.90,2560.45,600,334800
HAL_F2,02/16/2023,12:22:00,2558.45,2558.45,2557.45,2557.45,1500,334800
HAL_F2,02/16/2023,12:23:00,2557.00,2558.95,2557.00,2558.95,900,334800
HAL_F2,02/16/2023,12:24:00,2558.95,2558.95,2558.95,2558.95,1500,335700
HAL_F2,02/16/2023,12:25:00,2558.95,2558.95,2558.95,2558.95,300,335700
HAL_F2,02/16/2023,12:27:00,2558.95,2558.95,2558.95,2558.95,300,336600
HAL_F2,02/16/2023,12:28:00,2555.25,2556.85,2554.95,2556.00,2100,336600
HAL_F2,02/16/2023,12:29:00,2557.60,2557.60,2556.00,2556.00,900,336600
HAL_F2,02/16/2023,12:30:00,2555.80,2556.85,2555.25,2556.85,900,336300
HAL_F2,02/16/2023,12:31:00,2555.70,2555.70,2553.10,2554.80,900,336300
HAL_F2,02/16/2023,12:33:00,2552.20,2553.95,2552.20,2553.95,1800,337200
HAL_F2,02/16/2023,12:34:00,2554.00,2554.00,2552.50,2552.50,1800,337200
HAL_F2,02/16/2023,12:35:00,2553.80,2553.80,2550.90,2550.90,3300,337200
HAL_F2,02/16/2023,12:36:00,2551.00,2551.00,2551.00,2551.00,300,337200
HAL_F2,02/16/2023,12:37:00,2550.00,2551.60,2549.15,2551.60,3600,340800
HAL_F2,02/16/2023,12:39:00,2551.15,2551.15,2551.15,2551.15,600,342600
HAL_F2,02/16/2023,12:40:00,2550.75,2551.85,2550.75,2551.85,600,342600
HAL_F2,02/16/2023,12:41:00,2553.00,2553.00,2553.00,2553.00,300,342600
HAL_F2,02/16/2023,12:42:00,2553.90,2558.75,2553.90,2558.75,6000,342900
HAL_F2,02/16/2023,12:43:00,2558.25,2560.60,2558.25,2560.00,1500,342900
HAL_F2,02/16/2023,12:44:00,2558.25,2561.85,2558.25,2561.40,6300,342900
HAL_F2,02/16/2023,12:45:00,2559.20,2560.95,2559.20,2560.95,1200,346800
HAL_F2,02/16/2023,12:46:00,2560.00,2560.90,2559.30,2559.40,2700,346800
HAL_F2,02/16/2023,12:47:00,2559.30,2559.55,2558.20,2559.55,1500,346800
HAL_F2,02/16/2023,12:48:00,2559.60,2559.60,2559.60,2559.60,600,349800
HAL_F2,02/16/2023,12:49:00,2561.60,2561.75,2559.85,2561.75,2100,349800
HAL_F2,02/16/2023,12:51:00,2562.50,2563.00,2558.60,2558.60,2100,349800
HAL_F2,02/16/2023,12:53:00,2562.85,2563.00,2562.85,2563.00,1200,349800
HAL_F2,02/16/2023,12:54:00,2565.65,2565.65,2564.70,2564.70,5100,351600
HAL_F2,02/16/2023,12:55:00,2564.70,2565.10,2564.70,2565.00,900,351600
HAL_F2,02/16/2023,12:56:00,2564.20,2571.00,2564.20,2571.00,5400,351600
HAL_F2,02/16/2023,12:57:00,2572.50,2573.45,2570.50,2571.20,3900,354300
HAL_F2,02/16/2023,12:58:00,2569.45,2570.00,2565.75,2570.00,2100,354300
HAL_F2,02/16/2023,12:59:00,2570.80,2572.60,2569.45,2571.00,4200,354300
HAL_F2,02/16/2023,13:00:00,2572.00,2572.90,2572.00,2572.90,600,358500
HAL_F2,02/16/2023,13:01:00,2572.75,2577.50,2572.75,2577.10,9300,358500
HAL_F2,02/16/2023,13:02:00,2577.10,2580.00,2577.10,2579.95,4800,358500
HAL_F2,02/16/2023,13:03:00,2578.35,2578.35,2578.00,2578.00,600,358500
HAL_F2,02/16/2023,13:04:00,2576.10,2577.95,2576.05,2577.10,3300,358500
HAL_F2,02/16/2023,13:05:00,2576.95,2579.00,2576.95,2579.00,2400,358500
HAL_F2,02/16/2023,13:06:00,2581.70,2582.70,2578.90,2578.90,2400,362700
HAL_F2,02/16/2023,13:07:00,2579.00,2580.00,2579.00,2580.00,1200,362700
HAL_F2,02/16/2023,13:08:00,2584.90,2588.00,2584.90,2585.85,5100,362700
HAL_F2,02/16/2023,13:09:00,2588.00,2591.70,2588.00,2591.70,15000,363300
HAL_F2,02/16/2023,13:10:00,2591.50,2594.00,2591.50,2594.00,2100,363300
HAL_F2,02/16/2023,13:11:00,2595.00,2599.45,2593.90,2593.90,6900,363300
HAL_F2,02/16/2023,13:12:00,2594.75,2604.30,2594.75,2604.30,7800,372900
HAL_F2,02/16/2023,13:13:00,2604.30,2604.30,2596.25,2597.55,3600,372900
HAL_F2,02/16/2023,13:14:00,2597.65,2597.65,2594.00,2596.00,3600,372900
HAL_F2,02/16/2023,13:15:00,2594.55,2601.15,2594.55,2601.15,2700,375900
HAL_F2,02/16/2023,13:16:00,2600.00,2600.00,2593.05,2595.00,2100,375900
HAL_F2,02/16/2023,13:17:00,2595.00,2596.00,2595.00,2596.00,600,375900
HAL_F2,02/16/2023,13:18:00,2596.00,2599.30,2595.05,2599.30,3000,378600
HAL_F2,02/16/2023,13:19:00,2599.05,2599.95,2596.85,2599.95,2100,378600
HAL_F2,02/16/2023,13:20:00,2599.95,2599.95,2598.85,2599.40,4200,378600
HAL_F2,02/16/2023,13:21:00,2599.70,2601.95,2599.70,2601.95,6600,381300
HAL_F2,02/16/2023,13:22:00,2599.70,2607.75,2599.70,2607.75,7800,381300
HAL_F2,02/16/2023,13:23:00,2606.45,2611.40,2606.45,2611.40,4800,381300
HAL_F2,02/16/2023,13:24:00,2611.40,2614.00,2608.20,2614.00,6900,386400
HAL_F2,02/16/2023,13:25:00,2614.10,2620.00,2611.05,2619.90,30600,386400
HAL_F2,02/16/2023,13:26:00,2617.70,2621.00,2616.70,2621.00,11400,386400
HAL_F2,02/16/2023,13:27:00,2621.00,2628.00,2620.00,2625.80,18900,414900
HAL_F2,02/16/2023,13:28:00,2628.00,2631.40,2625.00,2625.00,15300,414900
HAL_F2,02/16/2023,13:29:00,2624.45,2624.45,2618.15,2622.30,6000,414900
HAL_F2,02/16/2023,13:30:00,2622.25,2625.00,2622.25,2625.00,2700,431100
HAL_F2,02/16/2023,13:31:00,2623.00,2628.20,2623.00,2628.20,3000,431100
HAL_F2,02/16/2023,13:32:00,2630.00,2632.30,2630.00,2630.00,9300,431100
HAL_F2,02/16/2023,13:33:00,2625.00,2625.00,2623.20,2624.35,3000,439500
HAL_F2,02/16/2023,13:34:00,2624.20,2625.60,2623.00,2625.60,2100,439500
HAL_F2,02/16/2023,13:35:00,2625.60,2626.00,2622.75,2624.35,1800,439500
HAL_F2,02/16/2023,13:36:00,2626.65,2632.40,2625.15,2632.40,4200,440700
HAL_F2,02/16/2023,13:37:00,2632.40,2632.40,2626.80,2627.00,3900,440700
HAL_F2,02/16/2023,13:39:00,2626.50,2630.50,2626.25,2630.50,3300,441900
HAL_F2,02/16/2023,13:40:00,2629.75,2635.90,2629.75,2635.10,7800,441900
HAL_F2,02/16/2023,13:41:00,2634.85,2642.00,2634.00,2641.75,6900,441900
HAL_F2,02/16/2023,13:42:00,2640.00,2644.00,2637.10,2641.00,7500,444300
HAL_F2,02/16/2023,13:43:00,2642.50,2647.70,2640.85,2647.00,6300,444300
HAL_F2,02/16/2023,13:44:00,2648.00,2650.00,2648.00,2650.00,6600,444300
HAL_F2,02/16/2023,13:45:00,2650.00,2656.00,2650.00,2652.00,7800,445800
HAL_F2,02/16/2023,13:46:00,2653.20,2654.00,2650.15,2654.00,3600,445800
HAL_F2,02/16/2023,13:47:00,2653.95,2657.30,2652.00,2657.30,6600,445800
HAL_F2,02/16/2023,13:48:00,2657.30,2658.15,2654.70,2658.15,6600,450300
HAL_F2,02/16/2023,13:49:00,2654.55,2654.55,2641.25,2643.80,14100,450300
HAL_F2,02/16/2023,13:50:00,2640.95,2645.15,2640.95,2642.05,8700,450300
HAL_F2,02/16/2023,13:51:00,2642.00,2644.45,2641.00,2641.00,4200,459000
HAL_F2,02/16/2023,13:52:00,2642.20,2642.95,2640.00,2642.95,6300,459000
HAL_F2,02/16/2023,13:53:00,2642.60,2643.85,2642.25,2643.85,5400,459000
HAL_F2,02/16/2023,13:54:00,2642.85,2642.85,2642.45,2642.85,900,461700
HAL_F2,02/16/2023,13:55:00,2643.40,2648.00,2643.40,2648.00,2700,461700
HAL_F2,02/16/2023,13:56:00,2649.00,2649.30,2645.65,2648.15,4500,461700
HAL_F2,02/16/2023,13:57:00,2646.95,2648.30,2646.40,2647.40,7200,463500
HAL_F2,02/16/2023,13:58:00,2647.85,2647.85,2645.00,2645.00,8700,463500
HAL_F2,02/16/2023,13:59:00,2644.45,2649.30,2644.00,2647.25,16200,463500
HAL_F2,02/16/2023,14:00:00,2647.80,2647.95,2645.70,2647.95,1800,484500
HAL_F2,02/16/2023,14:01:00,2643.90,2651.00,2643.90,2651.00,3900,484500
HAL_F2,02/16/2023,14:02:00,2651.55,2656.65,2651.55,2652.00,6600,484500
HAL_F2,02/16/2023,14:03:00,2653.45,2654.50,2652.00,2654.50,3600,487500
HAL_F2,02/16/2023,14:04:00,2648.00,2648.00,2648.00,2648.00,600,487500
HAL_F2,02/16/2023,14:05:00,2645.60,2651.60,2645.60,2651.60,3900,487500
HAL_F2,02/16/2023,14:06:00,2651.75,2651.75,2650.00,2650.00,1500,487200
HAL_F2,02/16/2023,14:07:00,2650.00,2652.00,2646.60,2646.60,6900,487200
HAL_F2,02/16/2023,14:08:00,2646.60,2651.60,2646.60,2651.60,2400,487200
HAL_F2,02/16/2023,14:09:00,2652.95,2652.95,2651.65,2652.50,2100,490500
HAL_F2,02/16/2023,14:10:00,2652.75,2652.95,2649.25,2649.25,1800,490500
HAL_F2,02/16/2023,14:11:00,2651.85,2651.95,2650.20,2650.20,1200,490500
HAL_F2,02/16/2023,14:12:00,2652.10,2655.95,2652.10,2654.45,2700,492900
HAL_F2,02/16/2023,14:13:00,2655.75,2660.00,2655.05,2660.00,6600,492900
HAL_F2,02/16/2023,14:14:00,2661.20,2661.20,2658.05,2658.05,2700,492900
HAL_F2,02/16/2023,14:15:00,2658.00,2661.95,2658.00,2661.95,2700,497100
HAL_F2,02/16/2023,14:16:00,2662.95,2662.95,2662.00,2662.25,3000,497100
HAL_F2,02/16/2023,14:17:00,2662.25,2662.25,2656.00,2657.00,3300,497100
HAL_F2,02/16/2023,14:18:00,2660.00,2663.95,2660.00,2663.95,1200,501000
HAL_F2,02/16/2023,14:19:00,2663.95,2663.95,2662.20,2662.20,1800,501000
HAL_F2,02/16/2023,14:20:00,2662.00,2668.50,2662.00,2667.00,4800,501000
HAL_F2,02/16/2023,14:21:00,2665.60,2665.60,2663.05,2663.05,2700,501000
HAL_F2,02/16/2023,14:22:00,2667.95,2669.80,2666.20,2666.45,4200,502200
HAL_F2,02/16/2023,14:23:00,2665.85,2666.00,2663.05,2664.30,3000,502200
HAL_F2,02/16/2023,14:24:00,2666.00,2670.00,2665.55,2665.55,5400,500700
HAL_F2,02/16/2023,14:25:00,2666.15,2667.85,2665.55,2665.55,1800,500700
HAL_F2,02/16/2023,14:26:00,2666.85,2668.60,2666.55,2668.60,3900,500700
HAL_F2,02/16/2023,14:27:00,2665.85,2666.00,2664.00,2664.00,2400,503700
HAL_F2,02/16/2023,14:28:00,2667.95,2667.95,2664.20,2664.20,3600,503700
HAL_F2,02/16/2023,14:29:00,2666.10,2666.10,2665.90,2665.90,600,503700
HAL_F2,02/16/2023,14:30:00,2666.20,2672.00,2666.15,2672.00,5400,504900
HAL_F2,02/16/2023,14:31:00,2672.00,2675.00,2670.45,2675.00,9300,504900
HAL_F2,02/16/2023,14:32:00,2674.70,2680.95,2673.00,2680.95,8100,504900
HAL_F2,02/16/2023,14:33:00,2680.95,2683.65,2680.00,2680.00,4200,502800
HAL_F2,02/16/2023,14:34:00,2683.65,2688.60,2683.65,2688.60,10200,502800
HAL_F2,02/16/2023,14:35:00,2688.60,2693.90,2684.25,2693.90,7200,502800
HAL_F2,02/16/2023,14:36:00,2696.05,2705.00,2696.05,2705.00,10500,501900
HAL_F2,02/16/2023,14:37:00,2708.95,2714.25,2700.05,2714.25,16800,501900
HAL_F2,02/16/2023,14:38:00,2716.80,2722.00,2711.45,2714.75,14400,501900
HAL_F2,02/16/2023,14:39:00,2716.35,2716.35,2699.60,2704.85,11400,512400
HAL_F2,02/16/2023,14:40:00,2700.00,2710.30,2700.00,2710.30,6900,512400
HAL_F2,02/16/2023,14:41:00,2707.90,2707.90,2704.10,2707.50,3300,512400
HAL_F2,02/16/2023,14:42:00,2710.00,2711.95,2707.00,2709.80,3900,516300
HAL_F2,02/16/2023,14:43:00,2709.80,2709.80,2704.55,2709.00,4200,516300
HAL_F2,02/16/2023,14:44:00,2710.00,2715.60,2709.25,2714.20,4800,516300
HAL_F2,02/16/2023,14:45:00,2712.15,2712.15,2707.80,2707.80,1200,515700
HAL_F2,02/16/2023,14:46:00,2707.90,2709.95,2707.00,2707.00,3600,515700
HAL_F2,02/16/2023,14:47:00,2708.35,2708.35,2706.10,2706.15,1800,515700
HAL_F2,02/16/2023,14:48:00,2705.05,2710.60,2705.05,2710.60,3300,513300
HAL_F2,02/16/2023,14:49:00,2711.10,2715.00,2711.10,2713.00,3300,513300
HAL_F2,02/16/2023,14:50:00,2711.00,2711.00,2708.05,2708.05,1200,513300
HAL_F2,02/16/2023,14:51:00,2707.15,2707.95,2707.15,2707.95,600,511200
HAL_F2,02/16/2023,14:52:00,2709.00,2715.00,2709.00,2714.15,2700,511200
HAL_F2,02/16/2023,14:53:00,2712.00,2714.00,2710.00,2710.00,6300,511200
HAL_F2,02/16/2023,14:54:00,2709.55,2709.55,2708.05,2709.00,900,515700
HAL_F2,02/16/2023,14:55:00,2708.10,2710.00,2708.10,2710.00,1200,515700
HAL_F2,02/16/2023,14:56:00,2709.95,2709.95,2709.95,2709.95,1200,515700
HAL_F2,02/16/2023,14:57:00,2709.25,2709.25,2703.05,2703.05,2700,517500
HAL_F2,02/16/2023,14:58:00,2697.70,2699.00,2685.10,2685.10,11700,517500
HAL_F2,02/16/2023,14:59:00,2685.05,2690.00,2684.00,2689.00,4800,517500
HAL_F2,02/16/2023,15:00:00,2691.55,2691.55,2689.50,2689.50,2100,519000
HAL_F2,02/16/2023,15:01:00,2691.60,2691.60,2689.00,2689.00,900,519000
HAL_F2,02/16/2023,15:02:00,2687.15,2690.00,2675.60,2679.70,9600,519000
HAL_F2,02/16/2023,15:03:00,2678.40,2679.80,2671.20,2677.30,4200,521700
HAL_F2,02/16/2023,15:04:00,2678.95,2689.20,2677.35,2688.15,5100,521700
HAL_F2,02/16/2023,15:05:00,2687.60,2691.00,2687.05,2691.00,5700,521700
HAL_F2,02/16/2023,15:06:00,2688.35,2688.35,2678.05,2678.05,2100,525300
HAL_F2,02/16/2023,15:07:00,2675.10,2680.00,2675.10,2680.00,2700,525300
HAL_F2,02/16/2023,15:08:00,2684.35,2684.35,2678.50,2678.50,33900,525300
HAL_F2,02/16/2023,15:09:00,2675.65,2675.85,2674.00,2675.85,6300,558300
HAL_F2,02/16/2023,15:10:00,2675.85,2678.00,2675.00,2675.20,2700,558300
HAL_F2,02/16/2023,15:11:00,2676.00,2678.65,2675.05,2678.65,2100,558300
HAL_F2,02/16/2023,15:12:00,2677.55,2684.40,2677.55,2684.40,4500,560400
HAL_F2,02/16/2023,15:13:00,2685.45,2686.80,2683.60,2685.00,1800,560400
HAL_F2,02/16/2023,15:14:00,2685.00,2685.00,2683.65,2683.65,2700,560400
HAL_F2,02/16/2023,15:15:00,2683.65,2684.70,2676.50,2677.35,7800,558600
HAL_F2,02/16/2023,15:16:00,2677.35,2680.10,2677.35,2679.25,3000,558600
HAL_F2,02/16/2023,15:17:00,2678.00,2681.70,2677.40,2680.00,5700,558600
HAL_F2,02/16/2023,15:18:00,2681.00,2683.95,2680.60,2680.95,3000,564300
HAL_F2,02/16/2023,15:19:00,2681.70,2682.70,2681.65,2682.15,4500,564300
HAL_F2,02/16/2023,15:20:00,2682.05,2685.00,2680.70,2685.00,3600,564300
HAL_F2,02/16/2023,15:21:00,2682.00,2684.90,2681.20,2681.20,900,567300
HAL_F2,02/16/2023,15:22:00,2681.40,2681.40,2677.30,2677.30,4800,567300
HAL_F2,02/16/2023,15:23:00,2677.75,2678.80,2677.05,2677.05,2400,567300
HAL_F2,02/16/2023,15:24:00,2677.45,2683.45,2677.45,2683.45,3300,568500
HAL_F2,02/16/2023,15:25:00,2683.45,2683.45,2680.80,2683.25,2400,568500
HAL_F2,02/16/2023,15:26:00,2677.50,2678.55,2677.50,2678.55,6900,568500
HAL_F2,02/16/2023,15:27:00,2678.55,2679.40,2677.80,2677.80,1500,567300
HAL_F2,02/16/2023,15:28:00,2678.00,2679.00,2678.00,2679.00,900,567300
HAL_F2,02/16/2023,15:29:00,2679.00,2681.50,2678.30,2681.50,3300,567300
HAL_F2,02/17/2023,09:15:00,2684.65,2699.70,2681.75,2684.05,7501,563400
HAL_F2,02/17/2023,09:16:00,2688.45,2704.95,2688.10,2704.95,6600,563400
HAL_F2,02/17/2023,09:17:00,2704.95,2705.00,2694.00,2698.70,11400,563100
HAL_F2,02/17/2023,09:18:00,2698.00,2698.00,2689.00,2692.10,8100,563100
HAL_F2,02/17/2023,09:19:00,2692.10,2695.80,2678.55,2678.55,6600,563100
HAL_F2,02/17/2023,09:20:00,2674.00,2674.00,2662.15,2663.50,9900,567300
HAL_F2,02/17/2023,09:21:00,2667.00,2667.15,2645.00,2651.50,14400,567300
HAL_F2,02/17/2023,09:22:00,2653.70,2671.45,2653.70,2671.45,13800,567300
HAL_F2,02/17/2023,09:23:00,2665.05,2665.55,2650.45,2653.85,14700,569100
HAL_F2,02/17/2023,09:24:00,2656.20,2658.40,2654.35,2654.35,2100,569100
HAL_F2,02/17/2023,09:25:00,2650.00,2654.95,2645.25,2654.50,5400,569100
HAL_F2,02/17/2023,09:26:00,2653.90,2666.30,2653.90,2663.65,3900,576000
HAL_F2,02/17/2023,09:27:00,2666.25,2669.60,2666.25,2667.00,2700,576000
HAL_F2,02/17/2023,09:28:00,2662.85,2669.80,2661.85,2669.80,2100,576000
HAL_F2,02/17/2023,09:29:00,2670.20,2677.45,2665.65,2677.45,4500,576600
HAL_F2,02/17/2023,09:30:00,2679.00,2696.00,2675.05,2694.25,8700,576600
HAL_F2,02/17/2023,09:31:00,2694.30,2694.30,2686.00,2686.00,5700,576600
HAL_F2,02/17/2023,09:32:00,2688.00,2688.00,2674.05,2674.05,3300,581400
HAL_F2,02/17/2023,09:33:00,2670.00,2670.00,2664.00,2667.05,4500,581400
HAL_F2,02/17/2023,09:34:00,2670.45,2670.45,2669.40,2670.15,3000,581400
HAL_F2,02/17/2023,09:35:00,2674.95,2675.00,2670.00,2670.00,4800,584700
HAL_F2,02/17/2023,09:36:00,2668.55,2672.45,2668.55,2672.45,1800,584700
HAL_F2,02/17/2023,09:38:00,2672.45,2682.25,2672.45,2682.25,600,588000
HAL_F2,02/17/2023,09:39:00,2680.00,2680.45,2677.00,2679.00,1800,588000
HAL_F2,02/17/2023,09:40:00,2680.90,2683.00,2680.15,2682.65,1800,588000
HAL_F2,02/17/2023,09:41:00,2682.00,2685.00,2682.00,2682.00,1800,589800
HAL_F2,02/17/2023,09:42:00,2682.00,2682.00,2678.00,2679.00,2700,589800
HAL_F2,02/17/2023,09:43:00,2683.80,2683.85,2680.55,2680.55,2700,589800
HAL_F2,02/17/2023,09:44:00,2682.00,2682.00,2682.00,2682.00,300,589800
HAL_F2,02/17/2023,09:45:00,2689.00,2694.95,2689.00,2694.95,4500,589800
HAL_F2,02/17/2023,09:46:00,2692.00,2692.05,2690.95,2690.95,3600,589800
HAL_F2,02/17/2023,09:47:00,2692.80,2705.00,2692.80,2705.00,7200,589500
HAL_F2,02/17/2023,09:48:00,2710.00,2710.00,2700.00,2700.00,6900,589500
HAL_F2,02/17/2023,09:49:00,2698.00,2701.00,2695.00,2695.00,3600,589500
HAL_F2,02/17/2023,09:50:00,2695.55,2695.55,2691.00,2691.00,2100,592800
HAL_F2,02/17/2023,09:51:00,2690.00,2691.05,2685.05,2691.05,4200,592800
HAL_F2,02/17/2023,09:52:00,2690.45,2691.00,2687.00,2690.00,1200,592800
HAL_F2,02/17/2023,09:53:00,2688.65,2688.65,2685.35,2686.60,2100,595800
HAL_F2,02/17/2023,09:54:00,2684.70,2684.70,2675.45,2675.45,5100,595800
HAL_F2,02/17/2023,09:55:00,2677.00,2678.45,2675.95,2677.35,2400,595800
HAL_F2,02/17/2023,09:56:00,2678.00,2684.90,2678.00,2684.90,1200,598800
HAL_F2,02/17/2023,09:57:00,2683.40,2688.00,2680.00,2688.00,9600,598800
HAL_F2,02/17/2023,09:58:00,2688.25,2689.00,2688.25,2689.00,10500,598800
HAL_F2,02/17/2023,09:59:00,2685.85,2685.85,2681.00,2683.60,9600,608400
HAL_F2,02/17/2023,10:00:00,2685.55,2685.55,2685.50,2685.50,600,608400
HAL_F2,02/17/2023,10:01:00,2686.90,2687.45,2684.45,2684.45,3300,608400
HAL_F2,02/17/2023,10:02:00,2680.05,2680.15,2680.05,2680.15,1200,610200
HAL_F2,02/17/2023,10:03:00,2681.65,2681.65,2680.00,2680.45,1200,610200
HAL_F2,02/17/2023,10:04:00,2683.05,2685.55,2683.05,2684.05,900,610200
HAL_F2,02/17/2023,10:05:00,2680.05,2680.05,2679.00,2679.00,900,611400
HAL_F2,02/17/2023,10:06:00,2679.45,2682.75,2679.45,2682.75,600,611400
HAL_F2,02/17/2023,10:07:00,2679.00,2679.00,2679.00,2679.00,1200,611400
HAL_F2,02/17/2023,10:08:00,2679.00,2681.40,2679.00,2681.40,1200,611400
HAL_F2,02/17/2023,10:09:00,2682.00,2682.00,2682.00,2682.00,600,612300
HAL_F2,02/17/2023,10:10:00,2683.05,2683.05,2683.05,2683.05,300,612300
HAL_F2,02/17/2023,10:11:00,2682.35,2682.35,2682.35,2682.35,600,612300
HAL_F2,02/17/2023,10:12:00,2680.00,2680.00,2680.00,2680.00,1200,612300
HAL_F2,02/17/2023,10:13:00,2678.00,2680.30,2678.00,2680.30,900,612300
HAL_F2,02/17/2023,10:14:00,2677.00,2677.00,2670.05,2670.05,2400,611400
HAL_F2,02/17/2023,10:15:00,2670.00,2677.15,2669.00,2677.15,4500,611400
HAL_F2,02/17/2023,10:16:00,2674.05,2677.00,2674.05,2676.15,2700,611400
HAL_F2,02/17/2023,10:17:00,2671.00,2671.00,2671.00,2671.00,900,615300
HAL_F2,02/17/2023,10:18:00,2674.00,2674.00,2674.00,2674.00,300,615300
HAL_F2,02/17/2023,10:19:00,2675.30,2675.30,2675.30,2675.30,1200,615300
HAL_F2,02/17/2023,10:20:00,2675.00,2679.00,2675.00,2679.00,1500,615000
HAL_F2,02/17/2023,10:21:00,2679.00,2679.00,2679.00,2679.00,900,615000
HAL_F2,02/17/2023,10:22:00,2681.00,2681.00,2681.00,2681.00,600,615000
HAL_F2,02/17/2023,10:23:00,2685.75,2685.75,2685.75,2685.75,900,613800
HAL_F2,02/17/2023,10:24:00,2685.75,2685.75,2682.50,2683.45,1200,613800
HAL_F2,02/17/2023,10:25:00,2686.00,2686.00,2682.50,2682.50,2700,613800
HAL_F2,02/17/2023,10:26:00,2680.65,2680.65,2675.25,2675.25,1800,616800
HAL_F2,02/17/2023,10:28:00,2683.40,2684.00,2683.40,2684.00,900,616800
HAL_F2,02/17/2023,10:29:00,2682.65,2684.10,2682.65,2684.10,1500,617100
HAL_F2,02/17/2023,10:30:00,2685.00,2690.00,2684.55,2690.00,3000,617100
HAL_F2,02/17/2023,10:31:00,2690.00,2690.00,2687.35,2687.35,4800,617100
HAL_F2,02/17/2023,10:32:00,2687.35,2687.85,2686.05,2686.05,2700,617100
HAL_F2,02/17/2023,10:33:00,2686.05,2686.05,2684.75,2684.75,900,622800
HAL_F2,02/17/2023,10:35:00,2689.00,2689.00,2687.05,2687.05,900,622800
HAL_F2,02/17/2023,10:37:00,2687.40,2687.40,2685.85,2685.85,900,622800
HAL_F2,02/17/2023,10:38:00,2685.85,2692.30,2685.85,2692.00,2100,622200
HAL_F2,02/17/2023,10:39:00,2692.05,2692.05,2692.05,2692.05,600,622200
HAL_F2,02/17/2023,10:40:00,2690.15,2691.90,2690.10,2690.80,3600,622200
HAL_F2,02/17/2023,10:41:00,2692.00,2697.00,2692.00,2697.00,2400,625200
HAL_F2,02/17/2023,10:42:00,2699.55,2699.55,2696.30,2696.30,1500,625200
HAL_F2,02/17/2023,10:43:00,2697.70,2699.70,2697.70,2698.05,5100,625200
HAL_F2,02/17/2023,10:44:00,2698.05,2703.00,2698.05,2700.80,1200,625800
HAL_F2,02/17/2023,10:45:00,2700.80,2701.45,2699.60,2701.45,1200,625800
HAL_F2,02/17/2023,10:46:00,2701.45,2702.45,2699.05,2699.05,900,625800
HAL_F2,02/17/2023,10:47:00,2700.60,2705.10,2700.60,2705.10,3600,626700
HAL_F2,02/17/2023,10:48:00,2705.00,2708.00,2705.00,2707.75,3000,626700
HAL_F2,02/17/2023,10:49:00,2707.70,2710.10,2704.80,2706.70,7500,626700
HAL_F2,02/17/2023,10:50:00,2703.10,2707.15,2703.10,2707.10,1500,627900
HAL_F2,02/17/2023,10:51:00,2706.30,2706.30,2700.70,2703.70,1800,627900
HAL_F2,02/17/2023,10:52:00,2702.25,2702.25,2702.25,2702.25,300,627900
HAL_F2,02/17/2023,10:53:00,2702.25,2703.00,2702.25,2702.60,4800,629100
HAL_F2,02/17/2023,10:54:00,2702.55,2705.20,2702.55,2704.45,1200,629100
HAL_F2,02/17/2023,10:55:00,2704.40,2717.55,2704.40,2710.40,11400,629100
HAL_F2,02/17/2023,10:56:00,2714.00,2718.00,2714.00,2718.00,4200,629700
HAL_F2,02/17/2023,10:57:00,2715.00,2715.00,2710.00,2710.00,3000,629700
HAL_F2,02/17/2023,10:58:00,2710.05,2715.00,2710.05,2711.00,2100,629700
HAL_F2,02/17/2023,10:59:00,2711.00,2713.10,2711.00,2713.10,1500,630600
HAL_F2,02/17/2023,11:00:00,2710.90,2710.90,2707.05,2707.05,1800,630600
HAL_F2,02/17/2023,11:01:00,2710.95,2714.20,2710.95,2714.20,1800,630600
HAL_F2,02/17/2023,11:02:00,2714.00,2714.05,2710.05,2710.05,3300,633000
HAL_F2,02/17/2023,11:03:00,2711.15,2711.15,2711.15,2711.15,600,633000
HAL_F2,02/17/2023,11:04:00,2710.80,2716.00,2710.80,2714.25,3900,633000
HAL_F2,02/17/2023,11:05:00,2716.80,2716.80,2715.00,2715.00,1200,633600
HAL_F2,02/17/2023,11:06:00,2715.00,2715.00,2715.00,2715.00,300,633600
HAL_F2,02/17/2023,11:07:00,2718.00,2722.70,2718.00,2722.70,7200,633600
HAL_F2,02/17/2023,11:08:00,2722.90,2723.80,2721.00,2723.80,4200,634200
HAL_F2,02/17/2023,11:09:00,2723.50,2726.00,2723.50,2724.95,5700,634200
HAL_F2,02/17/2023,11:10:00,2724.95,2727.65,2724.95,2727.00,3900,634200
HAL_F2,02/17/2023,11:11:00,2729.00,2732.35,2728.90,2730.00,6600,635100
HAL_F2,02/17/2023,11:12:00,2727.00,2728.00,2724.05,2728.00,3600,635100
HAL_F2,02/17/2023,11:13:00,2728.00,2728.90,2725.00,2725.00,3000,635100
HAL_F2,02/17/2023,11:14:00,2718.15,2718.15,2717.45,2717.45,3600,639300
HAL_F2,02/17/2023,11:15:00,2712.70,2714.15,2711.65,2711.65,4800,639300
HAL_F2,02/17/2023,11:16:00,2718.35,2719.65,2718.00,2719.65,2100,639300
HAL_F2,02/17/2023,11:17:00,2720.75,2723.20,2720.75,2723.20,1200,639300
HAL_F2,02/17/2023,11:18:00,2723.20,2723.80,2723.10,2723.10,1500,637500
HAL_F2,02/17/2023,11:19:00,2723.00,2723.00,2722.00,2722.00,900,637500
HAL_F2,02/17/2023,11:20:00,2720.00,2720.00,2720.00,2720.00,1500,637500
HAL_F2,02/17/2023,11:21:00,2722.00,2722.00,2722.00,2722.00,2100,637800
HAL_F2,02/17/2023,11:22:00,2720.00,2720.00,2718.00,2718.00,1800,637800
HAL_F2,02/17/2023,11:23:00,2720.00,2720.00,2720.00,2720.00,600,637800
HAL_F2,02/17/2023,11:24:00,2722.00,2723.00,2720.45,2723.00,1500,638400
HAL_F2,02/17/2023,11:25:00,2721.00,2721.00,2721.00,2721.00,900,638400
HAL_F2,02/17/2023,11:26:00,2720.05,2722.00,2720.05,2722.00,2100,638400
HAL_F2,02/17/2023,11:28:00,2722.00,2731.00,2722.00,2731.00,4800,638100
HAL_F2,02/17/2023,11:29:00,2729.90,2730.95,2728.00,2728.00,3600,637200
HAL_F2,02/17/2023,11:30:00,2729.50,2729.50,2726.40,2726.40,1800,637200
HAL_F2,02/17/2023,11:31:00,2726.40,2726.65,2726.40,2726.50,1200,637200
HAL_F2,02/17/2023,11:32:00,2727.75,2730.00,2725.05,2730.00,4800,638700
HAL_F2,02/17/2023,11:33:00,2729.20,2729.20,2726.00,2728.05,2700,638700
HAL_F2,02/17/2023,11:34:00,2726.00,2729.40,2726.00,2726.15,3000,638700
HAL_F2,02/17/2023,11:35:00,2726.15,2728.95,2726.15,2728.05,1800,641700
HAL_F2,02/17/2023,11:36:00,2728.00,2728.85,2727.35,2727.35,1800,641700
HAL_F2,02/17/2023,11:37:00,2730.00,2732.00,2730.00,2731.05,4200,641700
HAL_F2,02/17/2023,11:38:00,2731.95,2736.00,2731.95,2733.90,3600,640800
HAL_F2,02/17/2023,11:39:00,2735.00,2735.00,2734.55,2734.55,1800,640800
HAL_F2,02/17/2023,11:40:00,2734.55,2734.55,2734.00,2734.00,600,640800
HAL_F2,02/17/2023,11:41:00,2734.55,2738.35,2734.55,2738.35,3300,640800
HAL_F2,02/17/2023,11:42:00,2736.00,2736.00,2736.00,2736.00,600,642000
HAL_F2,02/17/2023,11:43:00,2736.00,2741.05,2733.10,2741.05,5100,642000
HAL_F2,02/17/2023,11:44:00,2740.20,2741.85,2740.00,2741.65,5100,644100
HAL_F2,02/17/2023,11:45:00,2744.00,2749.00,2744.00,2746.50,7500,644100
HAL_F2,02/17/2023,11:46:00,2746.10,2746.10,2742.00,2745.00,5100,644100
HAL_F2,02/17/2023,11:47:00,2747.95,2753.40,2747.40,2751.20,15300,648000
HAL_F2,02/17/2023,11:48:00,2752.85,2753.65,2750.45,2753.65,5100,648000
HAL_F2,02/17/2023,11:49:00,2753.65,2756.00,2752.95,2756.00,4200,648000
HAL_F2,02/17/2023,11:50:00,2756.00,2756.00,2752.80,2752.80,5100,650400
HAL_F2,02/17/2023,11:51:00,2751.00,2753.80,2745.85,2748.00,10200,650400
HAL_F2,02/17/2023,11:52:00,2748.00,2752.00,2745.00,2752.00,8400,650400
HAL_F2,02/17/2023,11:53:00,2751.00,2751.00,2748.00,2748.00,4800,647700
HAL_F2,02/17/2023,11:54:00,2746.20,2746.35,2742.25,2743.85,4200,647700
HAL_F2,02/17/2023,11:55:00,2745.00,2745.00,2740.45,2740.45,3600,647700
HAL_F2,02/17/2023,11:56:00,2740.60,2740.60,2729.50,2730.00,6600,645000
HAL_F2,02/17/2023,11:57:00,2729.45,2733.75,2728.95,2733.75,4500,645000
HAL_F2,02/17/2023,11:58:00,2730.00,2730.00,2724.10,2727.95,3600,645000
HAL_F2,02/17/2023,11:59:00,2731.00,2731.00,2729.70,2729.70,1800,646200
HAL_F2,02/17/2023,12:00:00,2729.70,2729.70,2721.20,2721.20,3900,646200
HAL_F2,02/17/2023,12:01:00,2720.90,2720.90,2708.10,2710.70,21300,646200
HAL_F2,02/17/2023,12:02:00,2708.60,2711.05,2701.00,2701.00,8700,650400
HAL_F2,02/17/2023,12:03:00,2700.00,2713.90,2697.00,2709.25,9600,650400
HAL_F2,02/17/2023,12:04:00,2707.05,2711.05,2707.00,2710.00,5400,650400
HAL_F2,02/17/2023,12:05:00,2707.05,2708.00,2700.00,2704.65,6000,651300
HAL_F2,02/17/2023,12:06:00,2711.95,2714.50,2711.95,2714.50,1500,651300
HAL_F2,02/17/2023,12:07:00,2714.50,2722.75,2714.50,2722.75,5100,651300
HAL_F2,02/17/2023,12:08:00,2720.00,2720.90,2715.35,2720.90,4500,651300
HAL_F2,02/17/2023,12:09:00,2714.60,2719.45,2714.60,2719.45,2700,657300
HAL_F2,02/17/2023,12:10:00,2713.80,2714.25,2702.35,2705.00,9300,657300
HAL_F2,02/17/2023,12:11:00,2710.40,2713.00,2710.40,2713.00,1800,657300
HAL_F2,02/17/2023,12:12:00,2706.10,2707.85,2704.10,2704.10,1200,661500
HAL_F2,02/17/2023,12:13:00,2705.60,2708.00,2705.60,2708.00,2700,661500
HAL_F2,02/17/2023,12:14:00,2707.65,2708.10,2707.55,2707.55,1500,661500
HAL_F2,02/17/2023,12:15:00,2707.10,2707.55,2707.10,2707.55,1500,656400
HAL_F2,02/17/2023,12:16:00,2707.55,2707.55,2707.55,2707.55,300,656400
HAL_F2,02/17/2023,12:17:00,2707.55,2707.55,2705.00,2705.00,600,656400
HAL_F2,02/17/2023,12:18:00,2703.10,2704.55,2702.00,2702.00,1200,656400
HAL_F2,02/17/2023,12:19:00,2695.50,2695.85,2686.75,2690.95,13800,656400
HAL_F2,02/17/2023,12:20:00,2690.00,2690.00,2687.00,2688.05,3000,656400
HAL_F2,02/17/2023,12:21:00,2697.90,2697.90,2692.50,2692.50,4800,659100
HAL_F2,02/17/2023,12:22:00,2694.50,2696.00,2694.50,2696.00,900,659100
HAL_F2,02/17/2023,12:23:00,2692.00,2692.00,2692.00,2692.00,600,659100
HAL_F2,02/17/2023,12:24:00,2690.85,2690.85,2684.75,2684.75,3300,661800
HAL_F2,02/17/2023,12:25:00,2684.75,2689.00,2684.75,2689.00,1200,661800
HAL_F2,02/17/2023,12:26:00,2689.00,2693.25,2686.95,2693.25,2700,663900
HAL_F2,02/17/2023,12:27:00,2695.95,2696.00,2693.25,2693.25,1200,663900
HAL_F2,02/17/2023,12:28:00,2692.65,2695.40,2692.65,2695.40,900,663900
HAL_F2,02/17/2023,12:29:00,2690.00,2690.40,2688.80,2688.80,2400,663900
HAL_F2,02/17/2023,12:30:00,2688.80,2688.80,2688.80,2688.80,300,665400
HAL_F2,02/17/2023,12:31:00,2690.70,2692.50,2690.70,2692.50,1500,665400
HAL_F2,02/17/2023,12:32:00,2692.85,2692.85,2690.10,2690.10,1200,665400
HAL_F2,02/17/2023,12:33:00,2690.10,2690.10,2688.55,2690.00,4200,665400
HAL_F2,02/17/2023,12:34:00,2690.00,2697.75,2690.00,2697.75,2100,665400
HAL_F2,02/17/2023,12:35:00,2697.85,2697.85,2694.10,2694.10,2400,665400
HAL_F2,02/17/2023,12:36:00,2697.25,2697.30,2695.00,2697.30,2700,666900
HAL_F2,02/17/2023,12:37:00,2695.30,2696.15,2692.35,2692.35,1800,666900
HAL_F2,02/17/2023,12:38:00,2691.05,2691.05,2691.05,2691.05,600,666900
HAL_F2,02/17/2023,12:39:00,2691.40,2691.40,2691.40,2691.40,300,669000
HAL_F2,02/17/2023,12:40:00,2691.40,2691.40,2691.40,2691.40,300,669000
HAL_F2,02/17/2023,12:41:00,2691.40,2691.40,2691.00,2691.00,600,669000
HAL_F2,02/17/2023,12:42:00,2690.05,2690.05,2681.00,2681.00,4800,666900
HAL_F2,02/17/2023,12:43:00,2682.00,2682.05,2676.15,2676.15,3300,666900
HAL_F2,02/17/2023,12:44:00,2678.15,2678.30,2675.00,2678.30,8100,669000
HAL_F2,02/17/2023,12:45:00,2677.00,2677.00,2669.00,2671.25,6900,669000
HAL_F2,02/17/2023,12:46:00,2668.00,2670.65,2665.75,2670.65,2100,669000
HAL_F2,02/17/2023,12:47:00,2675.35,2675.35,2675.35,2675.35,300,669000
HAL_F2,02/17/2023,12:48:00,2675.00,2675.95,2675.00,2675.95,1500,669300
HAL_F2,02/17/2023,12:49:00,2676.40,2679.10,2676.40,2679.10,600,669300
HAL_F2,02/17/2023,12:50:00,2679.10,2686.00,2676.25,2680.45,4500,669300
HAL_F2,02/17/2023,12:51:00,2685.00,2685.00,2680.45,2681.40,3900,669300
HAL_F2,02/17/2023,12:52:00,2682.00,2682.00,2682.00,2682.00,600,669300
HAL_F2,02/17/2023,12:53:00,2683.50,2683.50,2677.65,2677.65,2100,669300
HAL_F2,02/17/2023,12:54:00,2678.15,2678.15,2678.15,2678.15,300,672900
HAL_F2,02/17/2023,12:55:00,2675.00,2675.85,2675.00,2675.85,4200,672900
HAL_F2,02/17/2023,12:56:00,2672.00,2672.00,2665.00,2665.00,7200,677400
HAL_F2,02/17/2023,12:57:00,2665.00,2666.50,2661.00,2666.50,4800,677400
HAL_F2,02/17/2023,12:58:00,2666.50,2669.05,2665.40,2669.05,8700,677400
HAL_F2,02/17/2023,12:59:00,2667.00,2667.00,2666.00,2666.00,2400,677400
HAL_F2,02/17/2023,13:00:00,2666.00,2667.20,2664.05,2664.05,1500,683700
HAL_F2,02/17/2023,13:01:00,2662.35,2664.85,2653.00,2653.85,10500,683700
HAL_F2,02/17/2023,13:02:00,2651.05,2658.75,2651.05,2655.45,3000,683700
HAL_F2,02/17/2023,13:03:00,2655.10,2655.45,2649.00,2649.00,9000,687600
HAL_F2,02/17/2023,13:04:00,2646.80,2648.20,2645.25,2645.85,3600,687600
HAL_F2,02/17/2023,13:05:00,2649.00,2657.65,2649.00,2657.65,1800,687600
HAL_F2,02/17/2023,13:06:00,2660.00,2665.40,2659.00,2661.00,3900,694800
HAL_F2,02/17/2023,13:07:00,2656.65,2657.55,2656.65,2657.55,1200,694800
HAL_F2,02/17/2023,13:08:00,2657.00,2657.00,2655.00,2655.00,2100,694800
HAL_F2,02/17/2023,13:09:00,2652.00,2652.00,2652.00,2652.00,900,697800
HAL_F2,02/17/2023,13:10:00,2652.00,2655.45,2651.95,2655.45,1200,697800
HAL_F2,02/17/2023,13:11:00,2655.85,2658.35,2654.85,2656.50,2700,697800
HAL_F2,02/17/2023,13:12:00,2651.95,2652.05,2651.95,2651.95,1200,700500
HAL_F2,02/17/2023,13:13:00,2651.75,2652.10,2650.10,2652.10,3000,700500
HAL_F2,02/17/2023,13:14:00,2652.10,2652.10,2648.30,2648.30,2700,700500
HAL_F2,02/17/2023,13:15:00,2648.30,2652.15,2648.30,2652.15,1500,704400
HAL_F2,02/17/2023,13:16:00,2650.00,2650.00,2645.70,2647.55,4200,704400
HAL_F2,02/17/2023,13:17:00,2646.85,2650.60,2646.85,2650.60,1200,704400
HAL_F2,02/17/2023,13:18:00,2650.00,2652.50,2650.00,2652.50,1200,707400
HAL_F2,02/17/2023,13:19:00,2650.15,2654.15,2650.15,2654.15,2700,707400
HAL_F2,02/17/2023,13:20:00,2656.00,2657.10,2656.00,2657.10,900,707400
HAL_F2,02/17/2023,13:21:00,2657.00,2657.00,2652.70,2652.70,2700,708900
HAL_F2,02/17/2023,13:22:00,2652.70,2652.70,2651.00,2652.10,1500,708900
HAL_F2,02/17/2023,13:23:00,2652.10,2652.10,2647.40,2647.40,2400,708900
HAL_F2,02/17/2023,13:24:00,2645.00,2645.00,2640.00,2643.15,10800,710700
HAL_F2,02/17/2023,13:25:00,2646.20,2646.20,2638.70,2638.70,2400,710700
HAL_F2,02/17/2023,13:26:00,2638.70,2644.90,2638.70,2644.90,1500,710700
HAL_F2,02/17/2023,13:27:00,2645.00,2645.75,2645.00,2645.75,1200,719100
HAL_F2,02/17/2023,13:29:00,2650.00,2655.25,2650.00,2655.25,1200,719100
HAL_F2,02/17/2023,13:30:00,2651.40,2652.50,2651.40,2652.50,900,717900
HAL_F2,02/17/2023,13:31:00,2653.50,2654.60,2653.50,2654.60,1200,717900
HAL_F2,02/17/2023,13:32:00,2654.60,2663.00,2653.25,2661.90,3900,717900
HAL_F2,02/17/2023,13:33:00,2665.00,2665.00,2662.40,2663.60,3300,720300
HAL_F2,02/17/2023,13:34:00,2661.60,2664.45,2661.60,2664.15,2700,720300
HAL_F2,02/17/2023,13:35:00,2663.20,2663.20,2658.25,2658.25,1200,720300
HAL_F2,02/17/2023,13:36:00,2659.30,2660.00,2659.30,2659.30,900,717300
HAL_F2,02/17/2023,13:37:00,2662.00,2662.00,2662.00,2662.00,600,717300
HAL_F2,02/17/2023,13:39:00,2662.00,2662.00,2661.00,2661.00,3900,714300
HAL_F2,02/17/2023,13:40:00,2663.30,2663.30,2658.95,2658.95,900,714300
HAL_F2,02/17/2023,13:41:00,2658.95,2658.95,2653.65,2655.55,2400,714300
HAL_F2,02/17/2023,13:42:00,2653.20,2653.20,2651.15,2651.15,900,717300
HAL_F2,02/17/2023,13:43:00,2651.15,2651.15,2651.15,2651.15,300,717300
HAL_F2,02/17/2023,13:44:00,2659.85,2659.85,2656.55,2658.80,1200,717300
HAL_F2,02/17/2023,13:45:00,2658.80,2658.80,2658.80,2658.80,300,717300
HAL_F2,02/17/2023,13:46:00,2659.25,2659.25,2659.25,2659.25,300,715500
HAL_F2,02/17/2023,13:47:00,2659.25,2659.25,2659.25,2659.25,300,715500
HAL_F2,02/17/2023,13:48:00,2661.80,2663.35,2661.80,2663.35,600,715800
HAL_F2,02/17/2023,13:49:00,2663.35,2665.90,2663.35,2664.00,2700,715800
HAL_F2,02/17/2023,13:50:00,2664.70,2664.70,2664.10,2664.50,900,715800
HAL_F2,02/17/2023,13:51:00,2665.00,2670.00,2665.00,2667.45,4200,715200
HAL_F2,02/17/2023,13:52:00,2668.75,2668.75,2668.75,2668.75,300,715200
HAL_F2,02/17/2023,13:53:00,2667.35,2667.35,2664.00,2664.00,1200,715200
HAL_F2,02/17/2023,13:54:00,2661.90,2664.30,2661.90,2664.30,900,715800
HAL_F2,02/17/2023,13:55:00,2664.30,2664.30,2664.30,2664.30,2700,715800
HAL_F2,02/17/2023,13:56:00,2661.10,2661.10,2661.10,2661.10,300,715800
HAL_F2,02/17/2023,13:57:00,2661.10,2661.10,2661.10,2661.10,300,717900
HAL_F2,02/17/2023,13:58:00,2662.00,2663.45,2662.00,2663.45,600,717900
HAL_F2,02/17/2023,13:59:00,2663.45,2666.15,2663.45,2666.15,600,717900
HAL_F2,02/17/2023,14:00:00,2669.00,2669.20,2667.50,2669.20,1500,716400
HAL_F2,02/17/2023,14:01:00,2670.00,2671.90,2668.45,2668.45,2400,716400
HAL_F2,02/17/2023,14:02:00,2673.90,2675.00,2672.90,2672.90,1800,716400
HAL_F2,02/17/2023,14:03:00,2670.00,2670.00,2670.00,2670.00,1200,716400
HAL_F2,02/17/2023,14:04:00,2671.00,2675.00,2671.00,2672.90,3300,716700
HAL_F2,02/17/2023,14:05:00,2673.00,2673.00,2673.00,2673.00,300,716700
HAL_F2,02/17/2023,14:06:00,2675.95,2677.75,2675.95,2677.75,600,714900
HAL_F2,02/17/2023,14:07:00,2676.90,2677.00,2675.45,2675.45,3000,714900
HAL_F2,02/17/2023,14:08:00,2680.70,2680.70,2680.70,2680.70,900,714900
HAL_F2,02/17/2023,14:09:00,2676.95,2681.25,2676.95,2679.50,3300,713400
HAL_F2,02/17/2023,14:10:00,2683.00,2683.00,2682.00,2682.00,1200,713400
HAL_F2,02/17/2023,14:11:00,2682.95,2689.75,2681.10,2683.45,7800,713400
HAL_F2,02/17/2023,14:12:00,2683.90,2685.60,2683.90,2684.00,1500,713400
HAL_F2,02/17/2023,14:13:00,2683.00,2683.00,2683.00,2683.00,1500,713400
HAL_F2,02/17/2023,14:14:00,2675.00,2675.35,2675.00,2675.35,900,713400
HAL_F2,02/17/2023,14:15:00,2672.05,2672.05,2665.00,2665.00,4200,711300
HAL_F2,02/17/2023,14:16:00,2666.75,2670.90,2666.75,2670.90,1200,711300
HAL_F2,02/17/2023,14:17:00,2670.90,2670.90,2670.90,2670.90,300,711300
HAL_F2,02/17/2023,14:18:00,2675.00,2675.00,2675.00,2675.00,300,711300
HAL_F2,02/17/2023,14:19:00,2675.00,2680.85,2675.00,2680.85,2400,711300
HAL_F2,02/17/2023,14:20:00,2681.80,2681.80,2678.10,2678.10,900,711300
HAL_F2,02/17/2023,14:21:00,2678.10,2678.10,2675.05,2675.05,600,712500
HAL_F2,02/17/2023,14:22:00,2675.00,2675.00,2675.00,2675.00,300,712500
HAL_F2,02/17/2023,14:23:00,2675.00,2675.00,2669.20,2669.20,900,712500
HAL_F2,02/17/2023,14:24:00,2669.20,2669.20,2669.20,2669.20,600,711600
HAL_F2,02/17/2023,14:25:00,2669.20,2670.00,2669.20,2670.00,600,711600
HAL_F2,02/17/2023,14:26:00,2669.15,2669.15,2664.85,2664.85,1500,711600
HAL_F2,02/17/2023,14:27:00,2666.50,2671.00,2666.50,2671.00,1200,710700
HAL_F2,02/17/2023,14:29:00,2671.00,2672.00,2671.00,2672.00,900,710700
HAL_F2,02/17/2023,14:30:00,2669.00,2669.00,2669.00,2669.00,900,709800
HAL_F2,02/17/2023,14:32:00,2669.00,2669.00,2664.00,2664.00,1500,709800
HAL_F2,02/17/2023,14:33:00,2662.40,2662.40,2656.65,2658.95,2700,709800
HAL_F2,02/17/2023,14:34:00,2657.30,2664.95,2657.30,2664.95,1200,709800
HAL_F2,02/17/2023,14:35:00,2662.00,2662.00,2660.00,2660.00,900,709800
HAL_F2,02/17/2023,14:37:00,2661.95,2661.95,2661.55,2661.55,900,710400
HAL_F2,02/17/2023,14:38:00,2661.25,2661.25,2661.25,2661.25,300,710400
HAL_F2,02/17/2023,14:39:00,2662.85,2662.85,2659.90,2662.45,3600,711000
HAL_F2,02/17/2023,14:41:00,2663.00,2663.00,2662.00,2662.00,1800,711000
HAL_F2,02/17/2023,14:42:00,2660.00,2660.00,2658.05,2658.05,900,713100
HAL_F2,02/17/2023,14:43:00,2660.00,2660.00,2660.00,2660.00,300,713100
HAL_F2,02/17/2023,14:44:00,2661.30,2661.30,2660.10,2660.10,600,713100
HAL_F2,02/17/2023,14:46:00,2661.00,2661.00,2661.00,2661.00,300,714000
HAL_F2,02/17/2023,14:48:00,2659.30,2659.30,2658.00,2658.00,2400,713700
HAL_F2,02/17/2023,14:49:00,2657.00,2657.00,2650.60,2653.95,3000,713700
HAL_F2,02/17/2023,14:50:00,2650.00,2650.05,2650.00,2650.05,1500,713700
HAL_F2,02/17/2023,14:51:00,2652.70,2652.70,2650.00,2650.00,4800,717000
HAL_F2,02/17/2023,14:52:00,2647.80,2648.65,2645.35,2648.65,3900,717000
HAL_F2,02/17/2023,14:53:00,2649.55,2649.55,2649.55,2649.55,900,717000
HAL_F2,02/17/2023,14:54:00,2649.55,2649.55,2649.55,2649.55,300,717000
HAL_F2,02/17/2023,14:55:00,2650.60,2650.95,2649.50,2650.95,900,718200
HAL_F2,02/17/2023,14:56:00,2658.00,2658.00,2652.65,2652.65,5100,718200
HAL_F2,02/17/2023,14:57:00,2654.15,2654.15,2654.15,2654.15,300,718200
HAL_F2,02/17/2023,14:58:00,2655.95,2655.95,2652.45,2652.45,2700,720600
HAL_F2,02/17/2023,14:59:00,2660.00,2660.00,2660.00,2660.00,600,720600
HAL_F2,02/17/2023,15:00:00,2662.90,2663.00,2662.90,2663.00,900,719400
HAL_F2,02/17/2023,15:01:00,2662.10,2662.10,2661.35,2661.35,1200,719400
HAL_F2,02/17/2023,15:02:00,2659.65,2659.65,2659.65,2659.65,600,719400
HAL_F2,02/17/2023,15:03:00,2658.60,2658.60,2658.60,2658.60,300,719400
HAL_F2,02/17/2023,15:04:00,2660.10,2660.10,2660.10,2660.10,300,720600
HAL_F2,02/17/2023,15:05:00,2661.80,2663.00,2661.80,2662.30,1500,720600
HAL_F2,02/17/2023,15:06:00,2661.10,2661.10,2654.90,2654.90,2400,719400
HAL_F2,02/17/2023,15:07:00,2655.30,2655.30,2653.40,2653.50,2700,719400
HAL_F2,02/17/2023,15:09:00,2654.65,2654.65,2654.00,2654.00,1200,719400
HAL_F2,02/17/2023,15:10:00,2657.15,2657.15,2657.15,2657.15,600,720300
HAL_F2,02/17/2023,15:11:00,2657.20,2658.85,2656.95,2658.85,2100,720300
HAL_F2,02/17/2023,15:12:00,2658.90,2658.90,2656.55,2656.55,1800,721500
HAL_F2,02/17/2023,15:13:00,2656.50,2656.50,2655.80,2655.80,1200,721500
HAL_F2,02/17/2023,15:14:00,2655.80,2657.45,2655.80,2656.00,1800,721500
HAL_F2,02/17/2023,15:15:00,2655.85,2657.50,2655.00,2657.50,3000,725100
HAL_F2,02/17/2023,15:16:00,2654.55,2654.55,2652.85,2652.85,1800,725100
HAL_F2,02/17/2023,15:17:00,2655.40,2656.55,2654.40,2656.55,3000,725100
HAL_F2,02/17/2023,15:18:00,2653.25,2653.25,2652.00,2652.00,4800,725100
HAL_F2,02/17/2023,15:19:00,2653.35,2653.35,2652.00,2652.00,1200,727800
HAL_F2,02/17/2023,15:20:00,2652.45,2653.40,2647.20,2647.20,8700,727800
HAL_F2,02/17/2023,15:21:00,2650.00,2650.00,2650.00,2650.00,900,732000
HAL_F2,02/17/2023,15:22:00,2652.35,2654.10,2651.30,2652.50,4200,732000
HAL_F2,02/17/2023,15:23:00,2651.90,2652.70,2650.70,2650.90,1800,732000
HAL_F2,02/17/2023,15:24:00,2651.00,2651.00,2648.10,2649.20,9300,734700
HAL_F2,02/17/2023,15:25:00,2649.70,2650.50,2648.00,2649.65,6000,734700
HAL_F2,02/17/2023,15:26:00,2648.15,2648.15,2645.05,2645.05,2400,734700
HAL_F2,02/17/2023,15:27:00,2647.20,2648.00,2646.70,2648.00,3900,738300
HAL_F2,02/17/2023,15:28:00,2648.00,2648.65,2646.05,2647.20,3600,738300
HAL_F2,02/17/2023,15:29:00,2647.20,2649.10,2647.20,2648.00,5400,738300
HAL_F2,02/20/2023,09:15:00,2653.25,2653.25,2631.75,2642.60,9003,738600
HAL_F2,02/20/2023,09:16:00,2640.05,2643.60,2631.50,2643.55,5100,738600
HAL_F2,02/20/2023,09:17:00,2633.90,2636.15,2623.50,2632.40,11700,746100
HAL_F2,02/20/2023,09:18:00,2628.00,2628.00,2622.50,2627.70,2400,746100
HAL_F2,02/20/2023,09:19:00,2629.90,2634.00,2627.85,2630.35,9600,746100
HAL_F2,02/20/2023,09:20:00,2629.75,2646.45,2629.75,2645.00,5700,757500
HAL_F2,02/20/2023,09:21:00,2640.15,2644.30,2630.00,2630.00,5700,757500
HAL_F2,02/20/2023,09:22:00,2628.25,2628.25,2624.95,2624.95,5400,757500
HAL_F2,02/20/2023,09:23:00,2624.95,2627.55,2622.05,2622.05,3900,759900
HAL_F2,02/20/2023,09:24:00,2621.00,2621.00,2610.50,2614.85,11400,759900
HAL_F2,02/20/2023,09:25:00,2615.05,2625.15,2615.00,2625.15,5400,759900
HAL_F2,02/20/2023,09:26:00,2627.00,2628.00,2622.75,2622.75,3000,768600
HAL_F2,02/20/2023,09:27:00,2622.75,2622.75,2618.45,2618.45,2700,768600
HAL_F2,02/20/2023,09:28:00,2618.45,2618.45,2610.45,2614.25,5100,768600
HAL_F2,02/20/2023,09:29:00,2614.25,2619.95,2612.30,2616.00,14700,772200
HAL_F2,02/20/2023,09:30:00,2612.50,2613.00,2611.45,2611.45,6300,772200
HAL_F2,02/20/2023,09:31:00,2611.45,2611.45,2606.00,2606.00,7200,772200
HAL_F2,02/20/2023,09:32:00,2605.95,2610.00,2605.10,2608.75,5400,789000
HAL_F2,02/20/2023,09:33:00,2608.75,2608.75,2601.00,2601.00,10800,789000
HAL_F2,02/20/2023,09:34:00,2599.75,2599.75,2591.10,2593.85,11700,789000
HAL_F2,02/20/2023,09:35:00,2593.15,2593.15,2588.00,2593.05,4800,797400
HAL_F2,02/20/2023,09:36:00,2595.70,2610.55,2595.70,2610.55,4800,797400
HAL_F2,02/20/2023,09:37:00,2610.40,2610.40,2601.85,2605.50,9900,797400
HAL_F2,02/20/2023,09:38:00,2607.35,2607.60,2604.65,2604.65,3600,800700
HAL_F2,02/20/2023,09:39:00,2603.70,2607.65,2603.70,2607.45,1800,800700
HAL_F2,02/20/2023,09:40:00,2612.00,2613.50,2610.00,2610.00,5700,800700
HAL_F2,02/20/2023,09:41:00,2610.00,2611.00,2607.85,2610.20,8100,803400
HAL_F2,02/20/2023,09:42:00,2607.00,2609.95,2605.55,2608.20,2400,803400
HAL_F2,02/20/2023,09:43:00,2606.95,2607.40,2599.50,2599.50,6900,803400
HAL_F2,02/20/2023,09:44:00,2600.05,2602.70,2598.10,2599.25,5700,812700
HAL_F2,02/20/2023,09:45:00,2599.25,2599.25,2588.00,2590.15,4200,812700
HAL_F2,02/20/2023,09:46:00,2588.35,2592.35,2580.00,2585.15,12000,812700
HAL_F2,02/20/2023,09:47:00,2582.70,2588.50,2582.70,2588.00,28500,840600
HAL_F2,02/20/2023,09:48:00,2586.15,2586.15,2582.00,2583.70,2400,840600
HAL_F2,02/20/2023,09:49:00,2583.70,2591.00,2583.70,2590.65,8400,840600
HAL_F2,02/20/2023,09:50:00,2592.00,2592.00,2588.05,2588.05,2700,839400
HAL_F2,02/20/2023,09:51:00,2588.15,2591.10,2588.15,2590.90,2700,839400
HAL_F2,02/20/2023,09:52:00,2596.65,2602.00,2596.65,2601.15,3000,839400
HAL_F2,02/20/2023,09:53:00,2601.15,2604.70,2601.15,2603.95,7200,823200
HAL_F2,02/20/2023,09:54:00,2604.90,2608.80,2604.90,2608.80,3600,823200
HAL_F2,02/20/2023,09:55:00,2608.80,2608.80,2600.00,2600.00,6000,823200
HAL_F2,02/20/2023,09:56:00,2599.45,2600.40,2598.35,2598.35,3300,826200
HAL_F2,02/20/2023,09:57:00,2598.35,2602.05,2598.35,2601.00,1800,826200
HAL_F2,02/20/2023,09:58:00,2600.90,2600.90,2597.65,2597.65,2700,826200
HAL_F2,02/20/2023,09:59:00,2596.30,2599.90,2596.15,2599.90,3300,831000
HAL_F2,02/20/2023,10:00:00,2602.65,2602.65,2602.00,2602.00,3000,831000
HAL_F2,02/20/2023,10:01:00,2600.00,2600.00,2598.35,2599.00,1500,831000
HAL_F2,02/20/2023,10:02:00,2599.35,2599.80,2596.80,2596.80,1800,831600
HAL_F2,02/20/2023,10:03:00,2596.65,2596.65,2595.00,2595.00,1500,831600
HAL_F2,02/20/2023,10:04:00,2597.25,2598.15,2597.25,2598.15,900,831600
HAL_F2,02/20/2023,10:05:00,2594.65,2594.65,2592.00,2592.00,2100,833700
HAL_F2,02/20/2023,10:06:00,2592.00,2594.05,2592.00,2594.00,2400,833700
HAL_F2,02/20/2023,10:07:00,2595.50,2595.50,2594.75,2594.75,600,833700
HAL_F2,02/20/2023,10:08:00,2594.75,2594.75,2594.75,2594.75,600,833700
HAL_F2,02/20/2023,10:09:00,2594.75,2596.85,2594.75,2595.00,1500,833100
HAL_F2,02/20/2023,10:10:00,2596.20,2596.20,2595.00,2595.00,2400,833100
HAL_F2,02/20/2023,10:11:00,2593.50,2594.90,2592.00,2594.90,1500,833100
HAL_F2,02/20/2023,10:12:00,2594.90,2594.90,2594.90,2594.90,1500,837000
HAL_F2,02/20/2023,10:13:00,2600.00,2605.00,2600.00,2601.65,24300,837000
HAL_F2,02/20/2023,10:14:00,2601.65,2601.65,2601.65,2601.65,300,846900
HAL_F2,02/20/2023,10:15:00,2601.65,2601.65,2596.20,2596.20,8700,846900
HAL_F2,02/20/2023,10:16:00,2596.20,2600.00,2596.15,2600.00,7500,846900
HAL_F2,02/20/2023,10:17:00,2600.00,2600.00,2600.00,2600.00,300,846900
HAL_F2,02/20/2023,10:18:00,2601.25,2601.25,2600.05,2600.05,1500,853200
HAL_F2,02/20/2023,10:19:00,2599.15,2599.15,2597.50,2597.50,2100,853200
HAL_F2,02/20/2023,10:20:00,2597.50,2599.05,2597.50,2599.05,4500,857400
HAL_F2,02/20/2023,10:21:00,2599.80,2599.80,2599.00,2599.00,1800,857400
HAL_F2,02/20/2023,10:22:00,2600.65,2600.65,2599.10,2599.10,2100,857400
HAL_F2,02/20/2023,10:23:00,2599.10,2599.20,2599.10,2599.20,4200,857400
HAL_F2,02/20/2023,10:24:00,2599.20,2599.20,2599.20,2599.20,300,858900
HAL_F2,02/20/2023,10:25:00,2599.15,2600.95,2599.15,2600.00,2100,858900
HAL_F2,02/20/2023,10:26:00,2600.00,2600.00,2597.05,2597.05,2100,860400
HAL_F2,02/20/2023,10:27:00,2598.25,2598.25,2595.05,2595.05,2700,860400
HAL_F2,02/20/2023,10:28:00,2596.35,2596.35,2595.95,2595.95,900,860400
HAL_F2,02/20/2023,10:29:00,2595.95,2596.30,2595.00,2596.30,8700,868200
HAL_F2,02/20/2023,10:30:00,2598.75,2598.75,2596.00,2597.45,2400,868200
HAL_F2,02/20/2023,10:31:00,2599.20,2602.65,2599.20,2602.65,1200,868200
HAL_F2,02/20/2023,10:32:00,2605.00,2605.00,2605.00,2605.00,7500,868200
HAL_F2,02/20/2023,10:33:00,2608.35,2608.70,2605.15,2607.65,1800,875100
HAL_F2,02/20/2023,10:34:00,2607.65,2611.80,2607.65,2611.80,2700,875100
HAL_F2,02/20/2023,10:35:00,2613.00,2613.00,2610.05,2610.05,1800,876900
HAL_F2,02/20/2023,10:36:00,2610.05,2610.15,2610.00,2610.00,1800,876900
HAL_F2,02/20/2023,10:37:00,2610.00,2612.00,2610.00,2612.00,5400,876900
HAL_F2,02/20/2023,10:38:00,2612.00,2613.15,2612.00,2613.15,2100,876600
HAL_F2,02/20/2023,10:39:00,2615.00,2620.00,2615.00,2617.55,20100,876600
HAL_F2,02/20/2023,10:40:00,2615.10,2615.10,2614.65,2614.65,1500,876600
HAL_F2,02/20/2023,10:41:00,2611.60,2611.60,2610.00,2610.10,4500,888900
HAL_F2,02/20/2023,10:42:00,2610.20,2610.20,2610.05,2610.05,900,888900
HAL_F2,02/20/2023,10:43:00,2610.80,2610.80,2609.00,2609.00,5700,888900
HAL_F2,02/20/2023,10:44:00,2609.85,2609.85,2609.85,2609.85,1500,888900
HAL_F2,02/20/2023,10:45:00,2608.00,2608.00,2602.95,2602.95,2400,891000
HAL_F2,02/20/2023,10:46:00,2603.80,2603.80,2601.50,2601.50,1800,891000
HAL_F2,02/20/2023,10:47:00,2605.80,2605.80,2603.00,2603.00,1200,891000
HAL_F2,02/20/2023,10:48:00,2603.00,2605.70,2603.00,2605.70,900,890400
HAL_F2,02/20/2023,10:49:00,2603.40,2603.45,2603.40,2603.45,600,890400
HAL_F2,02/20/2023,10:50:00,2604.70,2606.05,2604.70,2605.85,1500,891900
HAL_F2,02/20/2023,10:51:00,2606.25,2608.20,2606.25,2608.20,600,891900
HAL_F2,02/20/2023,10:52:00,2608.05,2610.60,2608.05,2610.60,900,891900
HAL_F2,02/20/2023,10:53:00,2610.00,2610.00,2608.80,2609.80,1200,888000
HAL_F2,02/20/2023,10:54:00,2609.80,2612.00,2609.80,2612.00,900,888000
HAL_F2,02/20/2023,10:55:00,2612.00,2612.85,2609.60,2612.85,2700,888000
HAL_F2,02/20/2023,10:56:00,2617.00,2617.00,2616.00,2616.00,1200,889500
HAL_F2,02/20/2023,10:57:00,2616.75,2616.75,2613.70,2616.45,1500,889500
HAL_F2,02/20/2023,10:58:00,2616.60,2617.00,2616.00,2617.00,1200,889500
HAL_F2,02/20/2023,10:59:00,2616.90,2616.90,2616.90,2616.90,1200,891900
HAL_F2,02/20/2023,11:01:00,2616.90,2617.50,2616.65,2617.45,3900,891900
HAL_F2,02/20/2023,11:02:00,2617.45,2617.45,2615.65,2616.00,1500,891300
HAL_F2,02/20/2023,11:03:00,2615.65,2615.65,2615.65,2615.65,900,891300
HAL_F2,02/20/2023,11:04:00,2614.85,2614.85,2614.85,2614.85,600,891300
HAL_F2,02/20/2023,11:05:00,2615.55,2615.55,2613.05,2613.05,3000,892800
HAL_F2,02/20/2023,11:06:00,2613.00,2613.00,2613.00,2613.00,900,892800
HAL_F2,02/20/2023,11:07:00,2613.35,2613.35,2613.35,2613.35,600,892800
HAL_F2,02/20/2023,11:09:00,2612.00,2612.00,2610.00,2610.00,12600,893400
HAL_F2,02/20/2023,11:10:00,2613.30,2613.30,2611.95,2611.95,3900,893400
HAL_F2,02/20/2023,11:11:00,2611.95,2611.95,2611.95,2611.95,900,907800
HAL_F2,02/20/2023,11:12:00,2611.95,2611.95,2611.95,2611.95,300,907800
HAL_F2,02/20/2023,11:13:00,2611.95,2615.00,2611.95,2615.00,600,907800
HAL_F2,02/20/2023,11:14:00,2615.00,2615.00,2615.00,2615.00,3000,909900
HAL_F2,02/20/2023,11:15:00,2615.00,2615.00,2615.00,2615.00,600,909900
HAL_F2,02/20/2023,11:16:00,2612.75,2614.75,2612.75,2614.75,900,909900
HAL_F2,02/20/2023,11:17:00,2614.75,2617.65,2614.75,2617.65,900,911100
HAL_F2,02/20/2023,11:18:00,2617.95,2618.70,2617.95,2618.70,900,911100
HAL_F2,02/20/2023,11:19:00,2619.85,2625.00,2618.10,2625.00,5100,911100
HAL_F2,02/20/2023,11:20:00,2623.00,2623.00,2619.00,2620.50,4500,911400
HAL_F2,02/20/2023,11:21:00,2621.35,2622.90,2619.00,2621.00,4200,911400
HAL_F2,02/20/2023,11:22:00,2617.75,2617.75,2615.00,2616.75,1800,911400
HAL_F2,02/20/2023,11:23:00,2616.75,2616.75,2616.75,2616.75,300,911400
HAL_F2,02/20/2023,11:24:00,2616.55,2616.55,2616.55,2616.55,600,915900
HAL_F2,02/20/2023,11:25:00,2616.55,2616.55,2616.55,2616.55,300,915900
HAL_F2,02/20/2023,11:26:00,2616.55,2618.00,2616.55,2618.00,900,915900
HAL_F2,02/20/2023,11:27:00,2618.00,2623.00,2618.00,2623.00,30000,917400
HAL_F2,02/20/2023,11:28:00,2624.25,2624.25,2619.45,2619.45,1500,917400
HAL_F2,02/20/2023,11:29:00,2619.45,2619.45,2619.45,2619.45,600,917400
HAL_F2,02/20/2023,11:30:00,2618.15,2618.15,2617.00,2617.00,600,937500
HAL_F2,02/20/2023,11:31:00,2616.80,2617.00,2616.45,2616.45,1200,937500
HAL_F2,02/20/2023,11:32:00,2614.10,2614.10,2614.10,2614.10,300,937500
HAL_F2,02/20/2023,11:33:00,2614.10,2614.10,2614.10,2614.10,300,939000
HAL_F2,02/20/2023,11:34:00,2614.10,2615.00,2614.10,2614.45,900,939000
HAL_F2,02/20/2023,11:35:00,2614.45,2615.50,2614.45,2615.50,2400,935700
HAL_F2,02/20/2023,11:36:00,2615.55,2617.45,2615.55,2617.45,900,935700
HAL_F2,02/20/2023,11:37:00,2615.00,2615.00,2615.00,2615.00,600,935700
HAL_F2,02/20/2023,11:38:00,2615.00,2615.00,2615.00,2615.00,300,935700
HAL_F2,02/20/2023,11:39:00,2615.00,2615.00,2613.60,2615.00,2400,936300
HAL_F2,02/20/2023,11:40:00,2613.00,2613.00,2613.00,2613.00,300,936300
HAL_F2,02/20/2023,11:41:00,2613.00,2613.00,2611.75,2611.75,2100,936300
HAL_F2,02/20/2023,11:42:00,2611.75,2611.75,2611.75,2611.75,300,939300
HAL_F2,02/20/2023,11:43:00,2611.75,2611.75,2611.75,2611.75,600,939300
HAL_F2,02/20/2023,11:44:00,2611.75,2617.00,2611.75,2617.00,1800,940800
HAL_F2,02/20/2023,11:45:00,2617.00,2617.55,2616.85,2617.55,3900,940800
HAL_F2,02/20/2023,11:46:00,2620.40,2623.35,2620.40,2621.10,13500,940800
HAL_F2,02/20/2023,11:47:00,2621.10,2622.10,2620.00,2620.05,7500,954900
HAL_F2,02/20/2023,11:48:00,2620.70,2620.90,2620.70,2620.90,600,954900
HAL_F2,02/20/2023,11:49:00,2620.90,2622.00,2620.90,2622.00,1200,954900
HAL_F2,02/20/2023,11:51:00,2620.00,2620.00,2618.35,2618.35,4800,955800
HAL_F2,02/20/2023,11:52:00,2618.35,2618.35,2618.35,2618.35,300,955800
HAL_F2,02/20/2023,11:53:00,2618.35,2618.35,2618.35,2618.35,600,955800
HAL_F2,02/20/2023,11:55:00,2618.35,2618.35,2618.35,2618.35,600,958200
HAL_F2,02/20/2023,11:56:00,2615.25,2615.25,2614.10,2614.10,2100,958200
HAL_F2,02/20/2023,11:57:00,2612.75,2617.25,2612.75,2617.00,5100,959400
HAL_F2,02/20/2023,11:58:00,2616.00,2616.05,2616.00,2616.05,900,959400
HAL_F2,02/20/2023,11:59:00,2618.00,2618.05,2618.00,2618.05,3600,959400
HAL_F2,02/20/2023,12:00:00,2618.05,2620.50,2618.05,2620.00,1200,961200
HAL_F2,02/20/2023,12:01:00,2619.95,2620.95,2619.95,2620.95,1500,961200
HAL_F2,02/20/2023,12:02:00,2621.00,2621.00,2620.05,2620.05,1800,961200
HAL_F2,02/20/2023,12:03:00,2620.30,2620.30,2620.30,2620.30,600,960300
HAL_F2,02/20/2023,12:04:00,2620.00,2620.00,2620.00,2620.00,900,960300
HAL_F2,02/20/2023,12:05:00,2620.00,2620.00,2620.00,2620.00,1200,960300
HAL_F2,02/20/2023,12:07:00,2620.00,2620.00,2620.00,2620.00,300,961800
HAL_F2,02/20/2023,12:09:00,2620.00,2620.00,2620.00,2620.00,300,961800
HAL_F2,02/20/2023,12:11:00,2620.00,2620.00,2615.05,2615.05,600,961200
HAL_F2,02/20/2023,12:12:00,2616.30,2616.75,2616.30,2616.75,1800,962100
HAL_F2,02/20/2023,12:13:00,2615.30,2615.30,2614.00,2614.00,3000,962100
HAL_F2,02/20/2023,12:14:00,2613.25,2613.25,2610.90,2610.90,1800,962100
HAL_F2,02/20/2023,12:15:00,2610.00,2611.20,2607.00,2609.00,4800,965700
HAL_F2,02/20/2023,12:16:00,2609.00,2609.00,2609.00,2609.00,300,965700
HAL_F2,02/20/2023,12:17:00,2610.00,2610.00,2610.00,2610.00,600,965700
HAL_F2,02/20/2023,12:18:00,2612.10,2612.10,2610.10,2611.90,3300,966300
HAL_F2,02/20/2023,12:19:00,2611.90,2611.90,2611.90,2611.90,300,966300
HAL_F2,02/20/2023,12:20:00,2611.90,2611.90,2611.90,2611.90,300,966300
HAL_F2,02/20/2023,12:21:00,2614.00,2614.80,2614.00,2614.00,1500,968100
HAL_F2,02/20/2023,12:22:00,2614.00,2614.00,2614.00,2614.00,300,968100
HAL_F2,02/20/2023,12:23:00,2618.55,2618.55,2618.55,2618.55,2400,968100
HAL_F2,02/20/2023,12:24:00,2619.90,2619.90,2619.90,2619.90,1200,967800
HAL_F2,02/20/2023,12:25:00,2619.90,2619.90,2619.90,2619.90,600,967800
HAL_F2,02/20/2023,12:27:00,2617.10,2618.40,2617.10,2618.40,1800,970200
HAL_F2,02/20/2023,12:28:00,2618.40,2618.40,2618.40,2618.40,600,970200
HAL_F2,02/20/2023,12:29:00,2616.35,2616.35,2615.15,2615.15,1200,970200
HAL_F2,02/20/2023,12:30:00,2615.15,2618.65,2615.15,2618.65,1800,970500
HAL_F2,02/20/2023,12:31:00,2618.50,2618.50,2618.50,2618.50,1200,970500
HAL_F2,02/20/2023,12:32:00,2618.50,2618.50,2618.50,2618.50,2700,970500
HAL_F2,02/20/2023,12:33:00,2617.10,2617.10,2617.10,2617.10,900,973500
HAL_F2,02/20/2023,12:34:00,2615.45,2615.95,2615.45,2615.95,1500,973500
HAL_F2,02/20/2023,12:35:00,2615.95,2615.95,2615.95,2615.95,1200,975300
HAL_F2,02/20/2023,12:36:00,2615.95,2615.95,2615.95,2615.95,300,975300
HAL_F2,02/20/2023,12:37:00,2616.15,2616.15,2616.15,2616.15,600,975300
HAL_F2,02/20/2023,12:38:00,2616.15,2616.15,2616.15,2616.15,300,975300
HAL_F2,02/20/2023,12:39:00,2617.30,2617.30,2617.30,2617.30,300,976200
HAL_F2,02/20/2023,12:40:00,2617.30,2617.30,2617.30,2617.30,300,976200
HAL_F2,02/20/2023,12:42:00,2617.30,2617.30,2617.30,2617.30,900,976800
HAL_F2,02/20/2023,12:43:00,2616.65,2616.65,2616.65,2616.65,300,976800
HAL_F2,02/20/2023,12:44:00,2616.00,2616.00,2615.25,2615.25,1200,976800
HAL_F2,02/20/2023,12:45:00,2611.75,2611.75,2610.30,2610.30,2700,977400
HAL_F2,02/20/2023,12:46:00,2612.25,2612.25,2612.25,2612.25,1200,977400
HAL_F2,02/20/2023,12:47:00,2612.25,2612.65,2612.25,2612.65,2100,977400
HAL_F2,02/20/2023,12:48:00,2612.65,2612.65,2612.65,2612.65,600,980700
HAL_F2,02/20/2023,12:49:00,2612.65,2612.65,2612.65,2612.65,900,980700
HAL_F2,02/20/2023,12:50:00,2612.65,2612.65,2612.65,2612.65,600,980700
HAL_F2,02/20/2023,12:51:00,2612.65,2612.65,2612.65,2612.65,600,982800
HAL_F2,02/20/2023,12:52:00,2612.65,2614.45,2612.65,2614.45,1200,982800
HAL_F2,02/20/2023,12:53:00,2615.00,2616.00,2615.00,2616.00,1800,982800
HAL_F2,02/20/2023,12:54:00,2616.00,2616.00,2612.45,2614.75,1800,984600
HAL_F2,02/20/2023,12:55:00,2614.75,2614.75,2614.75,2614.75,600,984600
HAL_F2,02/20/2023,12:56:00,2617.65,2617.65,2616.65,2616.65,1200,984600
HAL_F2,02/20/2023,12:57:00,2616.65,2616.65,2616.65,2616.65,1200,987000
HAL_F2,02/20/2023,12:58:00,2614.15,2614.15,2614.05,2614.05,1200,987000
HAL_F2,02/20/2023,12:59:00,2613.90,2613.90,2613.90,2613.90,600,987000
HAL_F2,02/20/2023,13:00:00,2611.30,2611.30,2611.30,2611.30,600,990000
HAL_F2,02/20/2023,13:01:00,2612.30,2612.30,2611.15,2611.15,1500,990000
HAL_F2,02/20/2023,13:02:00,2611.15,2611.15,2611.15,2611.15,4800,990000
HAL_F2,02/20/2023,13:03:00,2612.75,2612.75,2612.75,2612.75,1800,996300
HAL_F2,02/20/2023,13:04:00,2612.75,2612.75,2612.75,2612.75,900,996300
HAL_F2,02/20/2023,13:05:00,2612.20,2612.20,2612.20,2612.20,900,996300
HAL_F2,02/20/2023,13:06:00,2614.00,2614.00,2614.00,2614.00,2100,999300
HAL_F2,02/20/2023,13:07:00,2614.00,2614.00,2614.00,2614.00,600,999300
HAL_F2,02/20/2023,13:08:00,2614.00,2614.00,2614.00,2614.00,1200,999300
HAL_F2,02/20/2023,13:09:00,2614.05,2614.05,2613.30,2613.30,1200,1002000
HAL_F2,02/20/2023,13:10:00,2614.20,2614.20,2613.90,2613.90,1200,1002000
HAL_F2,02/20/2023,13:11:00,2613.90,2613.90,2613.65,2613.65,600,1002000
HAL_F2,02/20/2023,13:12:00,2613.65,2613.65,2612.00,2612.00,1200,989400
HAL_F2,02/20/2023,13:13:00,2612.00,2612.00,2612.00,2612.00,900,989400
HAL_F2,02/20/2023,13:14:00,2612.50,2612.50,2611.00,2611.00,1200,989400
HAL_F2,02/20/2023,13:15:00,2611.00,2611.00,2611.00,2611.00,300,992100
HAL_F2,02/20/2023,13:16:00,2612.50,2612.55,2612.50,2612.55,1500,992100
HAL_F2,02/20/2023,13:17:00,2612.55,2612.55,2612.55,2612.55,300,992100
HAL_F2,02/20/2023,13:18:00,2612.55,2612.55,2612.55,2612.55,900,993600
HAL_F2,02/20/2023,13:19:00,2612.55,2612.55,2612.55,2612.55,600,993600
HAL_F2,02/20/2023,13:20:00,2611.00,2611.00,2606.00,2607.55,4200,993600
HAL_F2,02/20/2023,13:21:00,2607.55,2607.55,2603.50,2605.15,4200,998100
HAL_F2,02/20/2023,13:22:00,2603.85,2603.85,2603.00,2603.00,1500,998100
HAL_F2,02/20/2023,13:23:00,2600.25,2600.25,2600.00,2600.00,7500,998100
HAL_F2,02/20/2023,13:24:00,2599.00,2605.90,2599.00,2603.30,2400,1004100
HAL_F2,02/20/2023,13:25:00,2603.30,2603.30,2600.85,2600.85,900,1004100
HAL_F2,02/20/2023,13:26:00,2599.80,2599.80,2599.00,2599.00,1200,1004100
HAL_F2,02/20/2023,13:27:00,2599.00,2599.00,2598.35,2598.35,1200,1005900
HAL_F2,02/20/2023,13:28:00,2598.20,2598.75,2597.15,2597.15,2700,1005900
HAL_F2,02/20/2023,13:29:00,2597.15,2597.15,2597.15,2597.15,2400,1005900
HAL_F2,02/20/2023,13:30:00,2597.15,2598.15,2596.00,2596.00,4800,1012500
HAL_F2,02/20/2023,13:31:00,2596.00,2596.00,2595.65,2595.65,3300,1012500
HAL_F2,02/20/2023,13:32:00,2595.65,2595.65,2592.00,2592.00,6300,1012500
HAL_F2,02/20/2023,13:33:00,2593.30,2593.70,2593.00,2593.00,2700,1020600
HAL_F2,02/20/2023,13:34:00,2593.40,2596.00,2592.80,2592.80,3300,1020600
HAL_F2,02/20/2023,13:35:00,2592.85,2594.45,2592.85,2594.45,3000,1020600
HAL_F2,02/20/2023,13:36:00,2594.45,2597.55,2594.45,2596.55,45300,1026300
HAL_F2,02/20/2023,13:37:00,2598.65,2598.65,2593.25,2593.25,69600,1026300
HAL_F2,02/20/2023,13:38:00,2593.25,2593.25,2592.00,2592.00,7800,1026300
HAL_F2,02/20/2023,13:39:00,2592.00,2592.00,2590.00,2590.00,8100,1143000
HAL_F2,02/20/2023,13:40:00,2589.75,2592.35,2589.75,2592.35,1500,1143000
HAL_F2,02/20/2023,13:41:00,2592.00,2592.00,2591.85,2591.85,1500,1143000
HAL_F2,02/20/2023,13:42:00,2591.85,2591.85,2591.85,2591.85,900,1147500
HAL_F2,02/20/2023,13:43:00,2591.85,2591.85,2591.85,2591.85,600,1147500
HAL_F2,02/20/2023,13:44:00,2591.85,2593.35,2591.85,2593.35,1200,1147500
HAL_F2,02/20/2023,13:45:00,2591.80,2599.00,2591.80,2599.00,1200,1150200
HAL_F2,02/20/2023,13:46:00,2597.10,2597.25,2596.70,2597.25,1800,1150200
HAL_F2,02/20/2023,13:47:00,2596.20,2596.20,2596.20,2596.20,2400,1150200
HAL_F2,02/20/2023,13:48:00,2597.15,2597.15,2594.35,2594.35,1800,1153800
HAL_F2,02/20/2023,13:49:00,2594.35,2594.35,2594.35,2594.35,2100,1153800
HAL_F2,02/20/2023,13:50:00,2597.05,2597.05,2597.05,2597.05,1200,1153800
HAL_F2,02/20/2023,13:51:00,2597.05,2597.05,2597.05,2597.05,600,1157700
HAL_F2,02/20/2023,13:52:00,2597.05,2597.05,2595.75,2595.75,900,1157700
HAL_F2,02/20/2023,13:53:00,2595.75,2595.75,2595.75,2595.75,300,1157700
HAL_F2,02/20/2023,13:54:00,2595.90,2595.90,2595.90,2595.90,900,1160100
HAL_F2,02/20/2023,13:55:00,2595.90,2595.90,2593.95,2593.95,3300,1160100
HAL_F2,02/20/2023,13:56:00,2593.00,2593.05,2593.00,2593.05,2100,1160100
HAL_F2,02/20/2023,13:57:00,2593.10,2593.10,2593.10,2593.10,900,1164600
HAL_F2,02/20/2023,13:58:00,2594.00,2594.40,2593.15,2593.15,1500,1164600
HAL_F2,02/20/2023,13:59:00,2594.75,2594.75,2593.15,2593.15,1200,1164600
HAL_F2,02/20/2023,14:00:00,2593.30,2593.30,2593.30,2593.30,3000,1167300
HAL_F2,02/20/2023,14:01:00,2593.30,2598.40,2593.30,2598.40,2100,1167300
HAL_F2,02/20/2023,14:02:00,2597.80,2597.80,2596.30,2597.05,1500,1167300
HAL_F2,02/20/2023,14:03:00,2595.30,2595.30,2595.20,2595.20,1500,1172700
HAL_F2,02/20/2023,14:04:00,2595.20,2595.20,2595.20,2595.20,600,1172700
HAL_F2,02/20/2023,14:05:00,2595.20,2596.50,2595.20,2596.50,1800,1172700
HAL_F2,02/20/2023,14:06:00,2596.50,2599.85,2596.50,2599.85,2100,1175700
HAL_F2,02/20/2023,14:07:00,2600.45,2600.45,2596.80,2596.80,2400,1175700
HAL_F2,02/20/2023,14:08:00,2595.85,2595.85,2595.85,2595.85,900,1175700
HAL_F2,02/20/2023,14:09:00,2595.85,2595.85,2595.85,2595.85,1500,1179600
HAL_F2,02/20/2023,14:10:00,2595.00,2595.00,2595.00,2595.00,3000,1179600
HAL_F2,02/20/2023,14:11:00,2595.00,2595.00,2595.00,2595.00,300,1179600
HAL_F2,02/20/2023,14:12:00,2595.00,2597.15,2595.00,2597.00,5700,1185000
HAL_F2,02/20/2023,14:13:00,2597.00,2598.00,2597.00,2598.00,1200,1185000
HAL_F2,02/20/2023,14:14:00,2596.00,2596.00,2596.00,2596.00,2400,1185000
HAL_F2,02/20/2023,14:15:00,2596.00,2596.00,2593.30,2595.00,3300,1192200
HAL_F2,02/20/2023,14:16:00,2594.70,2595.00,2593.15,2595.00,4200,1192200
HAL_F2,02/20/2023,14:17:00,2595.00,2595.00,2590.00,2590.00,2700,1192200
HAL_F2,02/20/2023,14:18:00,2590.00,2590.30,2590.00,2590.10,1500,1198500
HAL_F2,02/20/2023,14:19:00,2590.05,2590.05,2590.05,2590.05,1200,1198500
HAL_F2,02/20/2023,14:20:00,2588.10,2588.10,2588.00,2588.00,2100,1198500
HAL_F2,02/20/2023,14:21:00,2588.00,2590.40,2588.00,2590.40,1500,1201500
HAL_F2,02/20/2023,14:22:00,2591.35,2591.35,2591.35,2591.35,1800,1201500
HAL_F2,02/20/2023,14:23:00,2590.15,2590.15,2590.00,2590.00,1200,1201500
HAL_F2,02/20/2023,14:24:00,2590.70,2591.00,2590.70,2591.00,1800,1206300
HAL_F2,02/20/2023,14:25:00,2591.00,2591.00,2591.00,2591.00,900,1206300
HAL_F2,02/20/2023,14:26:00,2591.00,2594.00,2591.00,2594.00,600,1206300
HAL_F2,02/20/2023,14:27:00,2594.00,2594.00,2590.70,2590.70,1800,1208400
HAL_F2,02/20/2023,14:28:00,2590.70,2590.70,2588.65,2589.65,2700,1208400
HAL_F2,02/20/2023,14:29:00,2591.45,2591.50,2591.45,2591.50,1500,1208400
HAL_F2,02/20/2023,14:30:00,2593.85,2593.85,2593.85,2593.85,1200,1211400
HAL_F2,02/20/2023,14:31:00,2593.85,2593.85,2593.85,2593.85,900,1211400
HAL_F2,02/20/2023,14:32:00,2593.85,2593.85,2593.85,2593.85,600,1211400
HAL_F2,02/20/2023,14:33:00,2593.85,2593.85,2593.85,2593.85,900,1213800
HAL_F2,02/20/2023,14:34:00,2592.35,2592.35,2590.80,2590.80,1800,1213800
HAL_F2,02/20/2023,14:35:00,2591.30,2592.00,2591.30,2592.00,2100,1213800
HAL_F2,02/20/2023,14:36:00,2592.00,2596.45,2592.00,2596.45,900,1217100
HAL_F2,02/20/2023,14:37:00,2596.45,2600.45,2596.45,2600.45,2100,1217100
HAL_F2,02/20/2023,14:38:00,2600.45,2601.25,2600.45,2601.25,15600,1217100
HAL_F2,02/20/2023,14:39:00,2601.00,2601.25,2597.75,2597.75,3900,1234200
HAL_F2,02/20/2023,14:40:00,2601.70,2601.70,2601.70,2601.70,1800,1234200
HAL_F2,02/20/2023,14:41:00,2600.65,2600.65,2600.65,2600.65,1800,1234200
HAL_F2,02/20/2023,14:42:00,2600.65,2601.00,2598.45,2598.45,1800,1237200
HAL_F2,02/20/2023,14:43:00,2599.35,2599.35,2598.25,2598.25,1500,1237200
HAL_F2,02/20/2023,14:44:00,2598.05,2600.00,2597.00,2600.00,1800,1237200
HAL_F2,02/20/2023,14:45:00,2600.00,2600.00,2598.40,2598.40,1800,1239300
HAL_F2,02/20/2023,14:46:00,2597.00,2597.00,2597.00,2597.00,600,1239300
HAL_F2,02/20/2023,14:47:00,2599.00,2599.00,2599.00,2599.00,600,1239300
HAL_F2,02/20/2023,14:48:00,2599.00,2600.00,2598.25,2600.00,900,1241700
HAL_F2,02/20/2023,14:49:00,2600.00,2600.00,2600.00,2600.00,600,1241700
HAL_F2,02/20/2023,14:50:00,2599.85,2602.00,2599.85,2602.00,1200,1241700
HAL_F2,02/20/2023,14:51:00,2601.00,2601.00,2601.00,2601.00,600,1243500
HAL_F2,02/20/2023,14:52:00,2602.60,2602.60,2602.60,2602.60,600,1243500
HAL_F2,02/20/2023,14:53:00,2602.60,2602.60,2601.60,2601.60,600,1243500
HAL_F2,02/20/2023,14:54:00,2601.60,2606.70,2601.60,2605.80,4200,1246200
HAL_F2,02/20/2023,14:55:00,2604.50,2604.50,2604.00,2604.50,900,1246200
HAL_F2,02/20/2023,14:56:00,2604.75,2604.75,2604.75,2604.75,300,1246200
HAL_F2,02/20/2023,14:58:00,2602.85,2603.55,2602.85,2603.55,900,1248000
HAL_F2,02/20/2023,14:59:00,2605.30,2605.65,2603.00,2603.00,3000,1248000
HAL_F2,02/20/2023,15:00:00,2604.65,2604.65,2604.65,2604.65,300,1248000
HAL_F2,02/20/2023,15:01:00,2606.00,2606.00,2606.00,2606.00,2100,1250700
HAL_F2,02/20/2023,15:02:00,2604.25,2606.05,2604.25,2604.95,900,1250700
HAL_F2,02/20/2023,15:03:00,2605.70,2606.70,2605.70,2606.70,600,1251000
HAL_F2,02/20/2023,15:04:00,2605.00,2605.00,2602.35,2602.35,15900,1251000
HAL_F2,02/20/2023,15:05:00,2602.95,2602.95,2601.85,2601.85,1500,1251000
HAL_F2,02/20/2023,15:06:00,2600.00,2600.00,2599.00,2599.00,1800,1267200
HAL_F2,02/20/2023,15:07:00,2599.00,2601.10,2599.00,2601.10,600,1267200
HAL_F2,02/20/2023,15:08:00,2602.15,2602.15,2600.50,2600.50,1500,1267200
HAL_F2,02/20/2023,15:09:00,2601.90,2601.90,2601.90,2601.90,600,1269900
HAL_F2,02/20/2023,15:10:00,2601.85,2602.00,2601.05,2601.05,1200,1269900
HAL_F2,02/20/2023,15:11:00,2601.05,2601.05,2601.00,2601.00,900,1269900
HAL_F2,02/20/2023,15:12:00,2600.65,2600.65,2600.65,2600.65,300,1271400
HAL_F2,02/20/2023,15:14:00,2600.90,2601.00,2600.00,2600.00,2100,1271400
HAL_F2,02/20/2023,15:15:00,2599.35,2601.00,2599.00,2600.95,1500,1271700
HAL_F2,02/20/2023,15:16:00,2600.00,2600.25,2600.00,2600.25,1500,1271700
HAL_F2,02/20/2023,15:17:00,2603.00,2603.00,2603.00,2603.00,1200,1271700
HAL_F2,02/20/2023,15:18:00,2601.75,2602.35,2598.85,2602.00,2400,1272900
HAL_F2,02/20/2023,15:19:00,2602.00,2603.95,2601.50,2601.50,1500,1272900
HAL_F2,02/20/2023,15:20:00,2601.00,2604.80,2601.00,2604.00,2700,1272900
HAL_F2,02/20/2023,15:21:00,2605.00,2605.00,2603.75,2604.00,1500,1274400
HAL_F2,02/20/2023,15:22:00,2606.15,2608.15,2605.95,2606.20,3300,1274400
HAL_F2,02/20/2023,15:23:00,2606.35,2608.35,2605.35,2608.10,4800,1274400
HAL_F2,02/20/2023,15:24:00,2606.05,2606.40,2606.05,2606.10,1500,1278300
HAL_F2,02/20/2023,15:25:00,2606.35,2606.90,2605.55,2605.55,1800,1278300
HAL_F2,02/20/2023,15:26:00,2605.35,2606.75,2605.00,2605.00,3000,1278300
HAL_F2,02/20/2023,15:27:00,2604.60,2604.60,2603.35,2603.75,3600,1282200
HAL_F2,02/20/2023,15:28:00,2603.75,2604.00,2602.95,2602.95,3600,1282200
HAL_F2,02/20/2023,15:29:00,2602.25,2604.20,2599.90,2602.30,5700,1282200
HAL_F2,02/21/2023,09:15:00,2615.00,2618.70,2613.85,2618.70,6302,1281300
HAL_F2,02/21/2023,09:16:00,2594.30,2600.00,2594.30,2600.00,6000,1281300
HAL_F2,02/21/2023,09:17:00,2600.00,2603.70,2600.00,2603.70,900,1287600
HAL_F2,02/21/2023,09:18:00,2606.70,2613.25,2606.70,2613.25,6300,1287600
HAL_F2,02/21/2023,09:19:00,2619.00,2624.50,2619.00,2623.10,9600,1287600
HAL_F2,02/21/2023,09:20:00,2618.00,2618.65,2615.00,2616.00,6900,1292400
HAL_F2,02/21/2023,09:21:00,2616.00,2619.95,2616.00,2619.00,6300,1292400
HAL_F2,02/21/2023,09:22:00,2616.15,2623.90,2616.15,2621.00,6300,1292400
HAL_F2,02/21/2023,09:23:00,2621.00,2630.00,2620.00,2630.00,16500,1301700
HAL_F2,02/21/2023,09:24:00,2632.35,2635.00,2626.25,2630.00,11700,1301700
HAL_F2,02/21/2023,09:25:00,2630.00,2635.95,2628.95,2628.95,9000,1301700
HAL_F2,02/21/2023,09:26:00,2626.00,2630.00,2622.80,2629.70,10500,1316400
HAL_F2,02/21/2023,09:27:00,2629.70,2632.00,2627.00,2630.00,14700,1316400
HAL_F2,02/21/2023,09:28:00,2628.10,2630.90,2625.00,2625.00,5100,1316400
HAL_F2,02/21/2023,09:29:00,2622.05,2628.60,2620.00,2628.60,6600,1328100
HAL_F2,02/21/2023,09:30:00,2630.75,2631.00,2627.60,2630.00,10500,1328100
HAL_F2,02/21/2023,09:31:00,2630.00,2630.60,2628.00,2628.50,3600,1328100
HAL_F2,02/21/2023,09:32:00,2628.50,2631.30,2628.05,2628.05,4800,1338900
HAL_F2,02/21/2023,09:33:00,2626.00,2626.00,2624.05,2626.00,6600,1338900
HAL_F2,02/21/2023,09:34:00,2626.00,2630.35,2626.00,2629.00,5100,1338900
HAL_F2,02/21/2023,09:35:00,2626.60,2626.60,2626.25,2626.25,3000,1346100
HAL_F2,02/21/2023,09:36:00,2629.45,2629.45,2624.60,2624.60,3600,1346100
HAL_F2,02/21/2023,09:37:00,2620.15,2623.60,2620.00,2621.60,4800,1346100
HAL_F2,02/21/2023,09:38:00,2621.60,2621.60,2621.60,2621.60,900,1350900
HAL_F2,02/21/2023,09:39:00,2621.60,2623.45,2621.00,2623.45,3900,1350900
HAL_F2,02/21/2023,09:40:00,2622.05,2623.30,2622.00,2623.30,2100,1350900
HAL_F2,02/21/2023,09:41:00,2624.10,2625.00,2624.10,2625.00,1500,1356300
HAL_F2,02/21/2023,09:42:00,2627.55,2630.00,2627.55,2630.00,2400,1356300
HAL_F2,02/21/2023,09:43:00,2630.50,2630.50,2629.65,2629.90,5400,1356300
HAL_F2,02/21/2023,09:44:00,2628.20,2628.20,2628.20,2628.20,900,1356300
HAL_F2,02/21/2023,09:45:00,2628.20,2628.20,2626.05,2626.05,1200,1361400
HAL_F2,02/21/2023,09:46:00,2626.05,2626.05,2626.00,2626.00,2400,1361400
HAL_F2,02/21/2023,09:47:00,2626.00,2628.95,2626.00,2627.50,6000,1364700
HAL_F2,02/21/2023,09:48:00,2627.50,2627.50,2627.50,2627.50,600,1364700
HAL_F2,02/21/2023,09:49:00,2627.50,2627.50,2627.50,2627.50,300,1364700
HAL_F2,02/21/2023,09:50:00,2625.55,2625.55,2625.45,2625.45,1500,1368300
HAL_F2,02/21/2023,09:51:00,2625.45,2629.70,2625.45,2629.70,3000,1368300
HAL_F2,02/21/2023,09:52:00,2629.75,2632.00,2629.75,2632.00,4500,1368300
HAL_F2,02/21/2023,09:53:00,2632.00,2635.95,2632.00,2635.95,8100,1368900
HAL_F2,02/21/2023,09:54:00,2636.90,2636.90,2633.05,2635.00,8400,1368900
HAL_F2,02/21/2023,09:55:00,2635.00,2635.00,2631.20,2631.40,4500,1368900
HAL_F2,02/21/2023,09:56:00,2632.80,2632.80,2631.65,2631.65,600,1368900
HAL_F2,02/21/2023,09:57:00,2631.65,2636.05,2631.65,2632.70,5400,1375200
HAL_F2,02/21/2023,09:58:00,2632.70,2633.50,2632.70,2633.50,1200,1375200
HAL_F2,02/21/2023,09:59:00,2632.50,2636.70,2632.50,2636.70,9000,1381200
HAL_F2,02/21/2023,10:00:00,2636.95,2645.00,2635.45,2645.00,15000,1381200
HAL_F2,02/21/2023,10:01:00,2643.65,2644.45,2641.00,2643.00,6900,1381200
HAL_F2,02/21/2023,10:02:00,2643.60,2647.95,2643.60,2647.95,6900,1391700
HAL_F2,02/21/2023,10:03:00,2647.95,2647.95,2644.30,2646.50,9900,1391700
HAL_F2,02/21/2023,10:04:00,2646.50,2648.00,2644.80,2648.00,9000,1391700
HAL_F2,02/21/2023,10:05:00,2648.95,2656.00,2648.95,2653.95,15900,1401600
HAL_F2,02/21/2023,10:06:00,2655.80,2655.80,2645.60,2650.00,13500,1401600
HAL_F2,02/21/2023,10:07:00,2650.00,2652.95,2650.00,2652.30,5700,1401600
HAL_F2,02/21/2023,10:08:00,2649.55,2651.35,2649.55,2650.00,9900,1416300
HAL_F2,02/21/2023,10:09:00,2651.30,2651.50,2643.55,2643.55,10500,1416300
HAL_F2,02/21/2023,10:10:00,2643.55,2651.30,2642.20,2651.30,6000,1416300
HAL_F2,02/21/2023,10:11:00,2650.95,2650.95,2646.30,2646.30,17700,1430100
HAL_F2,02/21/2023,10:12:00,2648.00,2649.75,2646.25,2646.25,6900,1430100
HAL_F2,02/21/2023,10:13:00,2646.25,2649.25,2646.25,2648.45,6000,1430100
HAL_F2,02/21/2023,10:14:00,2649.10,2649.20,2648.75,2648.75,2100,1451100
HAL_F2,02/21/2023,10:15:00,2648.75,2652.30,2648.75,2651.30,5700,1451100
HAL_F2,02/21/2023,10:16:00,2651.30,2653.25,2651.30,2653.15,5100,1451100
HAL_F2,02/21/2023,10:17:00,2653.10,2654.05,2653.00,2653.00,8400,1463700
HAL_F2,02/21/2023,10:18:00,2654.00,2654.00,2650.90,2650.90,11400,1463700
HAL_F2,02/21/2023,10:19:00,2650.00,2651.20,2650.00,2650.10,4800,1463700
HAL_F2,02/21/2023,10:20:00,2650.10,2651.20,2649.75,2651.20,4200,1477500
HAL_F2,02/21/2023,10:21:00,2647.00,2647.00,2643.35,2643.35,3000,1477500
HAL_F2,02/21/2023,10:22:00,2643.35,2644.00,2642.85,2643.10,2700,1477500
HAL_F2,02/21/2023,10:23:00,2643.00,2643.40,2640.00,2640.75,5100,1482000
HAL_F2,02/21/2023,10:24:00,2640.75,2643.15,2640.75,2643.00,2400,1482000
HAL_F2,02/21/2023,10:25:00,2646.45,2646.45,2642.05,2643.65,2700,1482000
HAL_F2,02/21/2023,10:26:00,2643.65,2643.65,2641.50,2641.50,1500,1488300
HAL_F2,02/21/2023,10:27:00,2641.50,2645.95,2641.50,2645.45,3600,1488300
HAL_F2,02/21/2023,10:28:00,2645.45,2645.70,2643.00,2643.50,3600,1488300
HAL_F2,02/21/2023,10:29:00,2643.50,2646.00,2643.50,2645.95,3600,1493100
HAL_F2,02/21/2023,10:30:00,2646.00,2648.70,2646.00,2648.70,4800,1493100
HAL_F2,02/21/2023,10:31:00,2649.00,2650.00,2648.00,2650.00,3900,1493100
HAL_F2,02/21/2023,10:32:00,2650.00,2650.35,2649.00,2649.00,4200,1501500
HAL_F2,02/21/2023,10:33:00,2650.55,2650.55,2649.40,2649.85,1500,1501500
HAL_F2,02/21/2023,10:34:00,2649.85,2649.85,2648.35,2648.70,2700,1501500
HAL_F2,02/21/2023,10:35:00,2648.70,2648.80,2648.70,2648.80,1800,1507500
HAL_F2,02/21/2023,10:36:00,2649.60,2652.30,2649.60,2652.30,3000,1507500
HAL_F2,02/21/2023,10:37:00,2651.70,2651.70,2649.50,2649.50,3600,1507500
HAL_F2,02/21/2023,10:38:00,2649.50,2652.30,2648.50,2652.30,6000,1514400
HAL_F2,02/21/2023,10:39:00,2652.30,2652.30,2649.65,2651.30,6600,1514400
HAL_F2,02/21/2023,10:40:00,2650.85,2651.70,2650.85,2651.70,2700,1514400
HAL_F2,02/21/2023,10:41:00,2651.70,2651.75,2650.10,2651.40,3600,1522200
HAL_F2,02/21/2023,10:42:00,2650.40,2651.10,2649.45,2650.35,4800,1522200
HAL_F2,02/21/2023,10:43:00,2651.50,2652.70,2651.15,2652.30,12300,1522200
HAL_F2,02/21/2023,10:44:00,2652.30,2652.30,2652.30,2652.30,2100,1531200
HAL_F2,02/21/2023,10:45:00,2652.30,2653.00,2650.85,2652.30,7200,1531200
HAL_F2,02/21/2023,10:46:00,2651.25,2652.25,2647.95,2648.85,11700,1531200
HAL_F2,02/21/2023,10:47:00,2648.75,2648.75,2647.85,2647.85,3900,1542000
HAL_F2,02/21/2023,10:48:00,2647.85,2647.85,2647.00,2647.80,3600,1542000
HAL_F2,02/21/2023,10:49:00,2647.55,2647.90,2646.25,2647.90,3300,1542000
HAL_F2,02/21/2023,10:50:00,2647.90,2650.80,2647.90,2650.80,1800,1549800
HAL_F2,02/21/2023,10:51:00,2650.80,2651.95,2650.80,2651.95,6600,1549800
HAL_F2,02/21/2023,10:52:00,2650.30,2651.95,2650.30,2651.35,4800,1549800
HAL_F2,02/21/2023,10:53:00,2651.25,2651.35,2649.75,2651.35,5400,1560600
HAL_F2,02/21/2023,10:54:00,2651.50,2651.65,2650.95,2651.65,6600,1560600
HAL_F2,02/21/2023,10:55:00,2651.95,2651.95,2649.70,2651.85,5700,1560600
HAL_F2,02/21/2023,10:56:00,2650.70,2652.00,2649.70,2651.70,16800,1569900
HAL_F2,02/21/2023,10:57:00,2651.80,2651.80,2651.30,2651.60,5400,1569900
HAL_F2,02/21/2023,10:58:00,2651.60,2652.80,2650.85,2652.80,6900,1569900
HAL_F2,02/21/2023,10:59:00,2652.80,2654.25,2652.60,2652.60,5700,1591800
HAL_F2,02/21/2023,11:00:00,2652.60,2652.60,2652.60,2652.60,1200,1591800
HAL_F2,02/21/2023,11:01:00,2652.60,2654.35,2652.50,2654.00,2400,1591800
HAL_F2,02/21/2023,11:02:00,2654.00,2656.55,2654.00,2656.55,6000,1595700
HAL_F2,02/21/2023,11:03:00,2656.00,2662.00,2655.00,2662.00,18600,1595700
HAL_F2,02/21/2023,11:04:00,2660.80,2663.05,2660.25,2660.25,5400,1595700
HAL_F2,02/21/2023,11:05:00,2661.45,2662.00,2659.30,2662.00,6900,1603200
HAL_F2,02/21/2023,11:06:00,2661.00,2662.50,2660.35,2661.05,4800,1603200
HAL_F2,02/21/2023,11:07:00,2661.45,2661.45,2659.05,2659.05,3000,1603200
HAL_F2,02/21/2023,11:08:00,2659.05,2659.05,2657.30,2657.30,4800,1611000
HAL_F2,02/21/2023,11:09:00,2658.20,2660.00,2656.80,2660.00,12300,1611000
HAL_F2,02/21/2023,11:10:00,2663.00,2665.00,2662.75,2665.00,6600,1611000
HAL_F2,02/21/2023,11:11:00,2665.00,2665.00,2661.75,2661.75,600,1618800
HAL_F2,02/21/2023,11:12:00,2661.75,2663.00,2661.75,2663.00,900,1618800
HAL_F2,02/21/2023,11:13:00,2663.00,2664.00,2662.65,2664.00,1800,1618800
HAL_F2,02/21/2023,11:14:00,2662.00,2663.00,2662.00,2663.00,2400,1618800
HAL_F2,02/21/2023,11:15:00,2663.00,2663.00,2662.00,2662.00,2100,1620600
HAL_F2,02/21/2023,11:16:00,2662.00,2663.00,2662.00,2663.00,1800,1620600
HAL_F2,02/21/2023,11:17:00,2663.00,2663.00,2660.00,2660.00,10500,1623300
HAL_F2,02/21/2023,11:18:00,2660.00,2660.00,2657.00,2657.00,9000,1623300
HAL_F2,02/21/2023,11:19:00,2656.95,2660.55,2656.95,2660.55,17400,1623300
HAL_F2,02/21/2023,11:20:00,2661.80,2662.25,2661.70,2661.70,4500,1641000
HAL_F2,02/21/2023,11:21:00,2661.70,2662.00,2660.00,2662.00,5100,1641000
HAL_F2,02/21/2023,11:22:00,2662.00,2662.00,2662.00,2662.00,900,1641000
HAL_F2,02/21/2023,11:23:00,2662.00,2662.00,2660.00,2660.00,4500,1646400
HAL_F2,02/21/2023,11:24:00,2660.00,2660.00,2659.00,2659.50,10200,1646400
HAL_F2,02/21/2023,11:25:00,2659.00,2662.00,2659.00,2660.15,10800,1646400
HAL_F2,02/21/2023,11:26:00,2660.15,2661.00,2660.00,2661.00,3900,1660200
HAL_F2,02/21/2023,11:27:00,2661.00,2661.00,2660.00,2660.55,2700,1660200
HAL_F2,02/21/2023,11:28:00,2660.55,2660.55,2660.55,2660.55,900,1660200
HAL_F2,02/21/2023,11:29:00,2660.55,2660.55,2660.35,2660.35,900,1660200
HAL_F2,02/21/2023,11:30:00,2660.05,2660.05,2660.05,2660.05,300,1661700
HAL_F2,02/21/2023,11:31:00,2660.05,2660.05,2658.50,2659.00,6900,1661700
HAL_F2,02/21/2023,11:32:00,2659.00,2661.15,2659.00,2661.15,5700,1661700
HAL_F2,02/21/2023,11:33:00,2660.20,2661.35,2660.20,2661.35,1800,1664400
HAL_F2,02/21/2023,11:34:00,2662.65,2662.65,2661.90,2662.00,1800,1664400
HAL_F2,02/21/2023,11:35:00,2662.00,2662.00,2661.45,2661.45,2700,1666500
HAL_F2,02/21/2023,11:36:00,2661.30,2661.30,2661.30,2661.30,600,1666500
HAL_F2,02/21/2023,11:37:00,2661.00,2661.10,2661.00,2661.10,1200,1666500
HAL_F2,02/21/2023,11:39:00,2661.10,2661.10,2660.00,2660.00,3300,1667100
HAL_F2,02/21/2023,11:40:00,2661.50,2661.50,2661.50,2661.50,1200,1667100
HAL_F2,02/21/2023,11:41:00,2661.50,2661.50,2659.00,2659.00,6000,1672200
HAL_F2,02/21/2023,11:42:00,2655.00,2655.00,2647.25,2647.25,14700,1672200
HAL_F2,02/21/2023,11:43:00,2648.55,2650.00,2640.10,2640.10,10200,1672200
HAL_F2,02/21/2023,11:44:00,2640.00,2644.95,2639.95,2642.50,5700,1675800
HAL_F2,02/21/2023,11:45:00,2642.00,2643.00,2640.00,2641.10,8100,1675800
HAL_F2,02/21/2023,11:46:00,2639.80,2639.80,2633.35,2636.55,8400,1675800
HAL_F2,02/21/2023,11:47:00,2639.25,2639.25,2637.00,2639.00,2700,1682400
HAL_F2,02/21/2023,11:48:00,2640.15,2643.80,2640.00,2643.80,4800,1682400
HAL_F2,02/21/2023,11:49:00,2643.80,2643.80,2642.20,2643.25,2400,1682400
HAL_F2,02/21/2023,11:50:00,2643.25,2644.85,2642.85,2642.85,5400,1686900
HAL_F2,02/21/2023,11:51:00,2642.85,2642.85,2641.00,2642.00,1200,1686900
HAL_F2,02/21/2023,11:52:00,2642.00,2644.90,2642.00,2644.90,1800,1686900
HAL_F2,02/21/2023,11:53:00,2643.15,2643.15,2643.15,2643.15,900,1686900
HAL_F2,02/21/2023,11:54:00,2643.20,2644.55,2643.20,2644.55,1200,1692000
HAL_F2,02/21/2023,11:55:00,2644.55,2645.60,2644.55,2645.00,3600,1692000
HAL_F2,02/21/2023,11:56:00,2645.00,2645.00,2645.00,2645.00,600,1692000
HAL_F2,02/21/2023,11:57:00,2645.00,2645.00,2645.00,2645.00,600,1692000
HAL_F2,02/21/2023,11:58:00,2645.00,2647.00,2645.00,2647.00,3000,1692000
HAL_F2,02/21/2023,11:59:00,2648.45,2651.40,2648.45,2651.40,1500,1692900
HAL_F2,02/21/2023,12:00:00,2651.40,2651.40,2649.55,2649.55,900,1692900
HAL_F2,02/21/2023,12:01:00,2647.00,2647.00,2647.00,2647.00,2100,1692900
HAL_F2,02/21/2023,12:02:00,2647.00,2647.00,2647.00,2647.00,1200,1692900
HAL_F2,02/21/2023,12:03:00,2647.00,2648.65,2646.70,2648.65,1800,1696200
HAL_F2,02/21/2023,12:04:00,2646.00,2646.05,2645.10,2646.05,1200,1696200
HAL_F2,02/21/2023,12:05:00,2646.05,2646.05,2640.00,2640.05,4800,1701000
HAL_F2,02/21/2023,12:06:00,2640.00,2640.00,2640.00,2640.00,3900,1701000
HAL_F2,02/21/2023,12:07:00,2643.50,2644.25,2643.50,2644.25,12300,1701000
HAL_F2,02/21/2023,12:08:00,2644.25,2644.25,2644.25,2644.25,600,1701000
HAL_F2,02/21/2023,12:09:00,2643.00,2643.00,2643.00,2643.00,600,1714500
HAL_F2,02/21/2023,12:10:00,2644.00,2644.00,2641.30,2641.30,1800,1714500
HAL_F2,02/21/2023,12:11:00,2641.00,2641.00,2641.00,2641.00,600,1716000
HAL_F2,02/21/2023,12:12:00,2641.00,2641.00,2641.00,2641.00,900,1716000
HAL_F2,02/21/2023,12:13:00,2641.00,2641.00,2639.00,2639.00,4200,1716000
HAL_F2,02/21/2023,12:14:00,2639.00,2639.00,2636.00,2637.45,4200,1716600
HAL_F2,02/21/2023,12:15:00,2638.00,2641.40,2638.00,2641.40,2700,1716600
HAL_F2,02/21/2023,12:16:00,2639.50,2639.50,2639.50,2639.50,600,1716600
HAL_F2,02/21/2023,12:17:00,2639.50,2639.50,2636.75,2636.75,3900,1720500
HAL_F2,02/21/2023,12:18:00,2636.75,2636.75,2636.00,2636.00,1800,1720500
HAL_F2,02/21/2023,12:19:00,2636.00,2636.00,2636.00,2636.00,300,1720500
HAL_F2,02/21/2023,12:20:00,2637.90,2639.45,2637.90,2637.90,5100,1720500
HAL_F2,02/21/2023,12:21:00,2636.00,2636.00,2634.00,2634.00,6300,1721100
HAL_F2,02/21/2023,12:22:00,2634.00,2634.00,2633.50,2633.50,2100,1721100
HAL_F2,02/21/2023,12:23:00,2633.50,2633.75,2633.35,2633.35,1800,1726200
HAL_F2,02/21/2023,12:24:00,2631.00,2631.00,2628.55,2629.35,7500,1726200
HAL_F2,02/21/2023,12:25:00,2631.00,2631.00,2630.00,2630.00,2700,1726200
HAL_F2,02/21/2023,12:26:00,2631.50,2631.50,2626.25,2626.25,3600,1726200
HAL_F2,02/21/2023,12:27:00,2626.25,2629.30,2626.25,2629.30,1800,1730400
HAL_F2,02/21/2023,12:28:00,2629.30,2629.30,2629.30,2629.30,600,1730400
HAL_F2,02/21/2023,12:29:00,2632.65,2632.65,2630.70,2630.70,900,1730400
HAL_F2,02/21/2023,12:30:00,2629.00,2629.00,2623.05,2623.05,3900,1732800
HAL_F2,02/21/2023,12:31:00,2625.05,2625.05,2625.00,2625.00,900,1732800
HAL_F2,02/21/2023,12:32:00,2625.00,2625.00,2625.00,2625.00,1500,1737300
HAL_F2,02/21/2023,12:33:00,2625.00,2627.00,2624.65,2627.00,1800,1737300
HAL_F2,02/21/2023,12:34:00,2626.90,2627.25,2626.90,2627.25,1500,1737300
HAL_F2,02/21/2023,12:35:00,2625.15,2627.00,2625.15,2626.75,4500,1741500
HAL_F2,02/21/2023,12:36:00,2626.50,2629.25,2626.50,2628.45,3000,1741500
HAL_F2,02/21/2023,12:37:00,2628.65,2630.00,2628.65,2630.00,2100,1741500
HAL_F2,02/21/2023,12:38:00,2630.00,2630.00,2628.60,2629.90,1200,1741500
HAL_F2,02/21/2023,12:39:00,2629.90,2631.75,2629.45,2631.75,2100,1744800
HAL_F2,02/21/2023,12:40:00,2631.65,2631.65,2629.45,2629.45,1500,1744800
HAL_F2,02/21/2023,12:41:00,2629.65,2629.65,2629.65,2629.65,600,1744800
HAL_F2,02/21/2023,12:42:00,2629.65,2629.65,2629.65,2629.65,1200,1746300
HAL_F2,02/21/2023,12:43:00,2632.00,2633.90,2632.00,2633.90,1800,1746300
HAL_F2,02/21/2023,12:44:00,2633.00,2634.40,2633.00,2634.40,1200,1748100
HAL_F2,02/21/2023,12:45:00,2634.35,2634.35,2633.10,2633.10,900,1748100
HAL_F2,02/21/2023,12:46:00,2633.10,2634.35,2633.10,2634.35,1200,1748100
HAL_F2,02/21/2023,12:47:00,2634.35,2634.35,2631.00,2631.05,2400,1750200
HAL_F2,02/21/2023,12:48:00,2631.05,2631.05,2631.05,2631.05,300,1750200
HAL_F2,02/21/2023,12:49:00,2631.05,2631.05,2631.05,2631.05,900,1750200
HAL_F2,02/21/2023,12:50:00,2631.05,2634.10,2631.05,2634.10,600,1750200
HAL_F2,02/21/2023,12:51:00,2634.10,2634.10,2633.40,2633.40,900,1751700
HAL_F2,02/21/2023,12:52:00,2633.40,2636.35,2633.40,2634.25,2100,1751700
HAL_F2,02/21/2023,12:53:00,2634.25,2636.25,2634.25,2636.00,1200,1751700
HAL_F2,02/21/2023,12:54:00,2636.00,2637.80,2635.20,2635.30,3600,1753800
HAL_F2,02/21/2023,12:55:00,2635.15,2635.15,2635.15,2635.15,600,1753800
HAL_F2,02/21/2023,12:56:00,2635.15,2635.15,2635.15,2635.15,300,1753800
HAL_F2,02/21/2023,12:57:00,2635.15,2635.15,2635.15,2635.15,900,1754700
HAL_F2,02/21/2023,12:58:00,2635.15,2637.70,2635.15,2636.10,1500,1754700
HAL_F2,02/21/2023,12:59:00,2635.00,2635.00,2634.75,2634.75,2400,1754700
HAL_F2,02/21/2023,13:00:00,2634.75,2634.75,2634.75,2634.75,1200,1756500
HAL_F2,02/21/2023,13:01:00,2634.75,2634.75,2634.75,2634.75,300,1756500
HAL_F2,02/21/2023,13:02:00,2634.75,2634.85,2634.75,2634.85,1500,1756500
HAL_F2,02/21/2023,13:03:00,2634.80,2634.80,2634.80,2634.80,300,1758600
HAL_F2,02/21/2023,13:04:00,2634.80,2637.20,2634.80,2637.20,5400,1758600
HAL_F2,02/21/2023,13:05:00,2638.00,2638.00,2633.00,2633.00,1500,1758600
HAL_F2,02/21/2023,13:06:00,2633.00,2633.00,2630.00,2630.00,2100,1762200
HAL_F2,02/21/2023,13:07:00,2630.00,2630.00,2629.00,2629.00,900,1762200
HAL_F2,02/21/2023,13:08:00,2629.00,2629.00,2629.00,2629.00,600,1762200
HAL_F2,02/21/2023,13:09:00,2629.00,2629.00,2628.05,2628.05,1500,1764600
HAL_F2,02/21/2023,13:10:00,2628.00,2631.55,2628.00,2631.55,2100,1764600
HAL_F2,02/21/2023,13:11:00,2632.00,2632.00,2632.00,2632.00,2400,1764600
HAL_F2,02/21/2023,13:12:00,2633.90,2633.90,2633.90,2633.90,600,1768500
HAL_F2,02/21/2023,13:13:00,2633.90,2633.90,2633.90,2633.90,300,1768500
HAL_F2,02/21/2023,13:14:00,2633.90,2633.90,2633.90,2633.90,900,1768500
HAL_F2,02/21/2023,13:15:00,2633.90,2633.90,2633.90,2633.90,600,1768500
HAL_F2,02/21/2023,13:16:00,2632.95,2633.85,2632.95,2633.85,2700,1768500
HAL_F2,02/21/2023,13:17:00,2633.85,2633.85,2633.85,2633.85,600,1768500
HAL_F2,02/21/2023,13:18:00,2633.85,2634.40,2633.85,2634.40,2100,1771500
HAL_F2,02/21/2023,13:19:00,2634.40,2634.40,2631.85,2632.00,2700,1771500
HAL_F2,02/21/2023,13:20:00,2632.00,2633.00,2630.15,2630.15,1800,1771500
HAL_F2,02/21/2023,13:21:00,2630.15,2630.15,2630.15,2630.15,1800,1774200
HAL_F2,02/21/2023,13:22:00,2630.15,2630.55,2630.15,2630.55,600,1774200
HAL_F2,02/21/2023,13:23:00,2630.55,2630.55,2629.75,2629.80,2700,1774200
HAL_F2,02/21/2023,13:24:00,2629.80,2629.80,2629.80,2629.80,1200,1777200
HAL_F2,02/21/2023,13:25:00,2629.95,2629.95,2627.90,2627.90,1500,1777200
HAL_F2,02/21/2023,13:26:00,2629.70,2629.70,2629.70,2629.70,900,1777200
HAL_F2,02/21/2023,13:27:00,2629.70,2629.75,2629.70,2629.75,900,1779000
HAL_F2,02/21/2023,13:28:00,2627.95,2627.95,2627.35,2627.35,1200,1779000
HAL_F2,02/21/2023,13:29:00,2627.30,2627.90,2626.80,2627.65,2100,1779000
HAL_F2,02/21/2023,13:30:00,2627.65,2628.20,2627.05,2627.95,2700,1780200
HAL_F2,02/21/2023,13:31:00,2628.60,2628.60,2628.30,2628.30,900,1780200
HAL_F2,02/21/2023,13:32:00,2628.30,2628.30,2628.30,2628.30,900,1780200
HAL_F2,02/21/2023,13:33:00,2628.30,2628.30,2628.30,2628.30,900,1782000
HAL_F2,02/21/2023,13:34:00,2627.95,2627.95,2623.65,2624.55,2400,1782000
HAL_F2,02/21/2023,13:35:00,2624.55,2625.20,2624.55,2625.20,1500,1782000
HAL_F2,02/21/2023,13:36:00,2624.10,2625.45,2624.10,2625.45,2100,1784400
HAL_F2,02/21/2023,13:37:00,2628.95,2628.95,2628.85,2628.85,1800,1784400
HAL_F2,02/21/2023,13:38:00,2628.85,2628.85,2628.85,2628.85,1800,1784400
HAL_F2,02/21/2023,13:39:00,2626.80,2628.00,2626.80,2628.00,2700,1787700
HAL_F2,02/21/2023,13:40:00,2628.00,2628.95,2628.00,2628.95,1500,1787700
HAL_F2,02/21/2023,13:41:00,2628.95,2629.00,2628.95,2629.00,1800,1787700
HAL_F2,02/21/2023,13:42:00,2629.00,2629.00,2629.00,2629.00,1200,1792500
HAL_F2,02/21/2023,13:43:00,2630.00,2630.50,2630.00,2630.00,3300,1792500
HAL_F2,02/21/2023,13:44:00,2630.70,2631.95,2630.70,2631.95,1500,1792500
HAL_F2,02/21/2023,13:45:00,2631.95,2631.95,2630.70,2630.70,3300,1793700
HAL_F2,02/21/2023,13:46:00,2630.70,2632.00,2630.70,2632.00,2100,1793700
HAL_F2,02/21/2023,13:47:00,2632.00,2632.40,2632.00,2632.40,4200,1793700
HAL_F2,02/21/2023,13:48:00,2631.85,2631.85,2631.85,2631.85,2100,1800300
HAL_F2,02/21/2023,13:49:00,2631.85,2632.15,2631.85,2632.15,1500,1800300
HAL_F2,02/21/2023,13:50:00,2632.15,2632.30,2632.00,2632.30,1800,1800300
HAL_F2,02/21/2023,13:51:00,2632.30,2632.30,2632.00,2632.00,2400,1805100
HAL_F2,02/21/2023,13:52:00,2632.15,2632.15,2632.15,2632.15,2400,1805100
HAL_F2,02/21/2023,13:53:00,2632.15,2632.15,2632.15,2632.15,2400,1805100
HAL_F2,02/21/2023,13:54:00,2632.15,2632.15,2632.15,2632.15,1200,1811400
HAL_F2,02/21/2023,13:55:00,2632.15,2634.05,2632.15,2634.05,3300,1811400
HAL_F2,02/21/2023,13:56:00,2634.05,2635.00,2633.00,2633.00,6300,1811400
HAL_F2,02/21/2023,13:57:00,2634.00,2634.70,2633.00,2634.70,2700,1817400
HAL_F2,02/21/2023,13:58:00,2634.70,2634.70,2634.70,2634.70,1800,1817400
HAL_F2,02/21/2023,13:59:00,2634.70,2634.70,2634.00,2634.00,2400,1817400
HAL_F2,02/21/2023,14:00:00,2634.00,2634.00,2634.00,2634.00,2100,1822500
HAL_F2,02/21/2023,14:01:00,2634.00,2635.00,2632.20,2635.00,6300,1822500
HAL_F2,02/21/2023,14:02:00,2636.15,2637.55,2636.15,2637.55,3000,1822500
HAL_F2,02/21/2023,14:03:00,2637.55,2637.60,2637.55,2637.60,1800,1830900
HAL_F2,02/21/2023,14:04:00,2637.60,2639.65,2637.60,2639.65,2400,1830900
HAL_F2,02/21/2023,14:05:00,2639.65,2640.85,2639.60,2640.80,4200,1830900
HAL_F2,02/21/2023,14:06:00,2640.80,2640.80,2640.80,2640.80,9600,1839000
HAL_F2,02/21/2023,14:07:00,2642.40,2642.40,2639.25,2639.25,5100,1839000
HAL_F2,02/21/2023,14:08:00,2641.00,2641.00,2638.75,2638.75,6900,1839000
HAL_F2,02/21/2023,14:09:00,2638.75,2638.75,2638.75,2638.75,2100,1856100
HAL_F2,02/21/2023,14:10:00,2638.75,2639.50,2637.20,2639.50,3900,1856100
HAL_F2,02/21/2023,14:11:00,2639.50,2639.50,2637.00,2637.00,2100,1856100
HAL_F2,02/21/2023,14:12:00,2637.60,2640.50,2637.60,2640.50,6300,1865100
HAL_F2,02/21/2023,14:13:00,2640.50,2642.80,2640.50,2642.80,1500,1865100
HAL_F2,02/21/2023,14:14:00,2642.80,2642.80,2642.00,2642.20,2700,1865100
HAL_F2,02/21/2023,14:15:00,2642.20,2642.30,2642.20,2642.30,1800,1870500
HAL_F2,02/21/2023,14:16:00,2642.30,2642.30,2642.30,2642.30,1500,1870500
HAL_F2,02/21/2023,14:17:00,2644.55,2644.55,2644.30,2644.30,1800,1870500
HAL_F2,02/21/2023,14:18:00,2644.30,2644.30,2642.00,2642.00,1500,1875300
HAL_F2,02/21/2023,14:19:00,2640.05,2642.45,2640.05,2641.00,2400,1875300
HAL_F2,02/21/2023,14:20:00,2641.00,2642.25,2640.05,2640.05,1500,1875300
HAL_F2,02/21/2023,14:21:00,2641.00,2641.00,2640.00,2641.00,2700,1877700
HAL_F2,02/21/2023,14:22:00,2641.00,2642.05,2640.50,2641.70,3000,1877700
HAL_F2,02/21/2023,14:23:00,2639.90,2639.95,2636.00,2636.00,2700,1877700
HAL_F2,02/21/2023,14:24:00,2636.00,2637.35,2632.50,2632.50,3000,1878900
HAL_F2,02/21/2023,14:25:00,2632.50,2633.95,2632.50,2633.95,900,1878900
HAL_F2,02/21/2023,14:26:00,2634.40,2634.50,2633.85,2633.85,2400,1878900
HAL_F2,02/21/2023,14:27:00,2630.00,2633.85,2630.00,2632.90,3300,1884300
HAL_F2,02/21/2023,14:28:00,2633.10,2633.10,2630.30,2633.10,2100,1884300
HAL_F2,02/21/2023,14:29:00,2633.00,2633.00,2629.00,2629.35,3600,1884300
HAL_F2,02/21/2023,14:30:00,2626.15,2629.35,2626.15,2629.35,2400,1887900
HAL_F2,02/21/2023,14:31:00,2631.00,2632.50,2630.05,2630.05,2400,1887900
HAL_F2,02/21/2023,14:32:00,2627.40,2632.90,2627.40,2630.55,4200,1887900
HAL_F2,02/21/2023,14:33:00,2632.40,2632.75,2632.00,2632.75,1500,1890300
HAL_F2,02/21/2023,14:34:00,2633.00,2634.00,2633.00,2634.00,1200,1890300
HAL_F2,02/21/2023,14:35:00,2634.50,2635.70,2634.35,2635.00,1800,1890300
HAL_F2,02/21/2023,14:36:00,2635.75,2636.00,2635.00,2636.00,2100,1891800
HAL_F2,02/21/2023,14:37:00,2636.30,2636.30,2636.30,2636.30,300,1891800
HAL_F2,02/21/2023,14:38:00,2634.85,2635.35,2633.00,2634.95,3300,1891800
HAL_F2,02/21/2023,14:39:00,2634.95,2635.00,2632.30,2632.30,2700,1895100
HAL_F2,02/21/2023,14:40:00,2634.75,2634.90,2632.50,2634.90,3000,1895100
HAL_F2,02/21/2023,14:41:00,2634.90,2634.90,2633.10,2633.10,2400,1895100
HAL_F2,02/21/2023,14:42:00,2633.05,2633.40,2632.85,2633.40,6000,1902000
HAL_F2,02/21/2023,14:43:00,2633.40,2636.00,2633.40,2636.00,2700,1902000
HAL_F2,02/21/2023,14:44:00,2636.00,2636.00,2635.70,2635.70,3000,1902000
HAL_F2,02/21/2023,14:45:00,2635.10,2638.00,2635.10,2637.20,3300,1911000
HAL_F2,02/21/2023,14:46:00,2638.00,2640.30,2638.00,2638.60,4200,1911000
HAL_F2,02/21/2023,14:47:00,2638.60,2639.00,2638.40,2638.40,3900,1911000
HAL_F2,02/21/2023,14:48:00,2638.40,2638.40,2636.15,2637.60,3000,1919700
HAL_F2,02/21/2023,14:49:00,2637.60,2637.60,2637.35,2637.55,3900,1919700
HAL_F2,02/21/2023,14:50:00,2637.55,2638.55,2635.90,2636.10,3600,1919700
HAL_F2,02/21/2023,14:51:00,2635.25,2635.55,2633.30,2633.30,3300,1928400
HAL_F2,02/21/2023,14:52:00,2633.35,2633.35,2632.00,2632.00,6300,1928400
HAL_F2,02/21/2023,14:53:00,2632.00,2632.85,2632.00,2632.75,1200,1928400
HAL_F2,02/21/2023,14:54:00,2632.75,2633.00,2632.20,2633.00,2700,1933200
HAL_F2,02/21/2023,14:55:00,2631.25,2632.15,2628.05,2630.85,2700,1933200
HAL_F2,02/21/2023,14:56:00,2628.30,2629.80,2627.05,2627.55,4200,1933200
HAL_F2,02/21/2023,14:57:00,2628.00,2629.70,2627.35,2628.70,3600,1936500
HAL_F2,02/21/2023,14:58:00,2629.55,2631.35,2629.55,2630.20,3600,1936500
HAL_F2,02/21/2023,14:59:00,2631.95,2632.45,2630.35,2632.00,2100,1936500
HAL_F2,02/21/2023,15:00:00,2633.00,2634.95,2632.10,2634.45,3600,1939200
HAL_F2,02/21/2023,15:01:00,2634.35,2636.30,2634.30,2636.25,4500,1939200
HAL_F2,02/21/2023,15:02:00,2636.25,2636.25,2634.90,2635.20,1800,1939200
HAL_F2,02/21/2023,15:03:00,2635.20,2637.00,2635.20,2637.00,3900,1943400
HAL_F2,02/21/2023,15:04:00,2636.85,2636.85,2635.25,2635.25,3300,1943400
HAL_F2,02/21/2023,15:05:00,2635.75,2636.35,2635.35,2636.35,2700,1943400
HAL_F2,02/21/2023,15:06:00,2636.35,2636.35,2635.85,2635.85,2100,1947900
HAL_F2,02/21/2023,15:07:00,2636.05,2639.60,2634.80,2637.10,3300,1947900
HAL_F2,02/21/2023,15:08:00,2636.75,2638.75,2636.75,2638.75,2700,1947900
HAL_F2,02/21/2023,15:09:00,2638.95,2638.95,2636.10,2636.85,3300,1953600
HAL_F2,02/21/2023,15:10:00,2638.55,2639.60,2637.30,2637.30,1800,1953600
HAL_F2,02/21/2023,15:11:00,2637.30,2639.90,2637.30,2638.05,4500,1953600
HAL_F2,02/21/2023,15:12:00,2638.95,2639.00,2636.60,2639.00,6900,1959900
HAL_F2,02/21/2023,15:13:00,2638.25,2639.80,2638.00,2639.00,3300,1959900
HAL_F2,02/21/2023,15:14:00,2639.00,2639.00,2636.15,2638.25,5700,1959900
HAL_F2,02/21/2023,15:15:00,2636.25,2636.70,2635.55,2636.10,11400,1963800
HAL_F2,02/21/2023,15:16:00,2636.10,2637.10,2635.60,2637.10,8100,1963800
HAL_F2,02/21/2023,15:17:00,2637.10,2637.60,2635.25,2635.25,6300,1963800
HAL_F2,02/21/2023,15:18:00,2637.00,2639.00,2636.05,2639.00,6600,1986900
HAL_F2,02/21/2023,15:19:00,2637.05,2639.10,2637.05,2639.05,6000,1986900
HAL_F2,02/21/2023,15:20:00,2639.05,2639.05,2637.00,2637.65,7200,1986900
HAL_F2,02/21/2023,15:21:00,2639.00,2639.45,2638.05,2639.45,3600,1992000
HAL_F2,02/21/2023,15:22:00,2638.55,2639.60,2637.10,2639.60,5100,1992000
HAL_F2,02/21/2023,15:23:00,2638.70,2640.00,2637.95,2640.00,11100,1992000
HAL_F2,02/21/2023,15:24:00,2639.50,2640.70,2639.50,2640.70,6600,2001000
HAL_F2,02/21/2023,15:25:00,2641.40,2641.40,2639.40,2639.55,6600,2001000
HAL_F2,02/21/2023,15:26:00,2640.75,2642.00,2640.75,2642.00,10500,2001000
HAL_F2,02/21/2023,15:27:00,2641.60,2642.00,2640.05,2641.75,3600,2019900
HAL_F2,02/21/2023,15:28:00,2641.75,2643.75,2641.05,2643.75,3000,2019900
HAL_F2,02/21/2023,15:29:00,2643.75,2644.00,2641.70,2641.90,3600,2019900
HAL_F2,02/22/2023,09:15:00,2641.90,2641.90,2624.60,2629.25,6001,2011800
HAL_F2,02/22/2023,09:16:00,2629.25,2629.25,2607.65,2613.10,18300,2011800
HAL_F2,02/22/2023,09:17:00,2611.45,2611.45,2596.90,2610.00,16200,2013600
HAL_F2,02/22/2023,09:18:00,2609.85,2609.85,2605.00,2607.00,5400,2013600
HAL_F2,02/22/2023,09:19:00,2607.60,2608.85,2607.60,2608.75,1800,2013600
HAL_F2,02/22/2023,09:20:00,2605.60,2606.05,2598.85,2600.55,13200,2022900
HAL_F2,02/22/2023,09:21:00,2600.35,2601.30,2597.60,2599.75,6300,2022900
HAL_F2,02/22/2023,09:22:00,2600.75,2601.60,2598.55,2600.00,3900,2022900
HAL_F2,02/22/2023,09:23:00,2601.60,2603.65,2601.00,2603.00,3900,2033700
HAL_F2,02/22/2023,09:24:00,2603.00,2603.05,2601.50,2602.60,4800,2033700
HAL_F2,02/22/2023,09:25:00,2602.60,2602.60,2600.25,2600.25,5100,2033700
HAL_F2,02/22/2023,09:26:00,2598.75,2598.75,2598.25,2598.25,3300,2041500
HAL_F2,02/22/2023,09:27:00,2599.65,2605.55,2598.65,2605.55,10200,2041500
HAL_F2,02/22/2023,09:28:00,2606.05,2610.00,2605.85,2610.00,13200,2041500
HAL_F2,02/22/2023,09:29:00,2610.80,2610.80,2608.00,2608.25,4800,2054400
HAL_F2,02/22/2023,09:30:00,2611.50,2611.50,2605.00,2605.80,6300,2054400
HAL_F2,02/22/2023,09:31:00,2606.90,2606.95,2606.90,2606.90,1500,2054400
HAL_F2,02/22/2023,09:32:00,2606.30,2607.35,2606.30,2607.35,2400,2060700
HAL_F2,02/22/2023,09:33:00,2605.05,2605.95,2602.00,2604.70,7500,2060700
HAL_F2,02/22/2023,09:34:00,2604.70,2604.70,2601.65,2603.90,3900,2060700
HAL_F2,02/22/2023,09:35:00,2603.50,2604.00,2600.30,2602.65,6000,2071200
HAL_F2,02/22/2023,09:36:00,2602.95,2606.95,2602.95,2606.95,2100,2071200
HAL_F2,02/22/2023,09:37:00,2607.00,2607.60,2605.50,2607.60,5700,2071200
HAL_F2,02/22/2023,09:38:00,2607.95,2609.80,2607.95,2609.80,2400,2077500
HAL_F2,02/22/2023,09:39:00,2609.80,2609.80,2605.90,2605.90,1500,2077500
HAL_F2,02/22/2023,09:40:00,2605.75,2605.75,2604.00,2604.00,6000,2077500
HAL_F2,02/22/2023,09:41:00,2604.00,2604.40,2596.50,2596.50,8700,2080200
HAL_F2,02/22/2023,09:42:00,2596.50,2598.90,2592.50,2594.00,9600,2080200
HAL_F2,02/22/2023,09:43:00,2594.00,2594.00,2585.00,2587.95,14700,2080200
HAL_F2,02/22/2023,09:44:00,2588.40,2589.00,2587.05,2587.05,5100,2098500
HAL_F2,02/22/2023,09:45:00,2587.25,2587.25,2580.50,2582.85,11400,2098500
HAL_F2,02/22/2023,09:46:00,2585.00,2585.95,2581.95,2583.20,18900,2098500
HAL_F2,02/22/2023,09:47:00,2583.25,2583.45,2581.70,2583.00,9900,2123400
HAL_F2,02/22/2023,09:48:00,2582.15,2584.00,2582.15,2584.00,6600,2123400
HAL_F2,02/22/2023,09:49:00,2581.85,2584.00,2580.25,2584.00,6000,2123400
HAL_F2,02/22/2023,09:50:00,2582.50,2583.85,2577.10,2577.10,11100,2136000
HAL_F2,02/22/2023,09:51:00,2577.10,2578.30,2570.25,2571.00,15900,2136000
HAL_F2,02/22/2023,09:52:00,2573.05,2582.65,2573.05,2582.65,9000,2136000
HAL_F2,02/22/2023,09:53:00,2585.10,2588.85,2585.00,2588.60,4800,2145300
HAL_F2,02/22/2023,09:54:00,2590.85,2593.65,2588.70,2593.65,5400,2145300
HAL_F2,02/22/2023,09:55:00,2591.05,2592.45,2591.05,2591.80,2400,2145300
HAL_F2,02/22/2023,09:56:00,2588.55,2592.30,2588.55,2591.75,7200,2150100
HAL_F2,02/22/2023,09:57:00,2589.20,2589.20,2586.70,2586.70,1500,2150100
HAL_F2,02/22/2023,09:58:00,2589.20,2589.20,2588.00,2588.00,900,2150100
HAL_F2,02/22/2023,09:59:00,2587.00,2587.00,2585.00,2586.00,1200,2152200
HAL_F2,02/22/2023,10:00:00,2585.95,2586.30,2582.40,2582.40,3300,2152200
HAL_F2,02/22/2023,10:01:00,2583.40,2584.50,2583.40,2583.95,2700,2152200
HAL_F2,02/22/2023,10:02:00,2583.95,2586.50,2582.75,2586.50,4800,2155200
HAL_F2,02/22/2023,10:03:00,2583.15,2583.15,2581.45,2581.90,2700,2155200
HAL_F2,02/22/2023,10:04:00,2582.00,2583.35,2582.00,2583.35,2400,2155200
HAL_F2,02/22/2023,10:05:00,2581.75,2582.35,2579.10,2579.10,3300,2155800
HAL_F2,02/22/2023,10:06:00,2579.25,2581.00,2577.35,2581.00,4800,2155800
HAL_F2,02/22/2023,10:07:00,2580.75,2581.00,2580.75,2581.00,900,2155800
HAL_F2,02/22/2023,10:08:00,2581.80,2585.65,2581.80,2584.90,2100,2156700
HAL_F2,02/22/2023,10:09:00,2585.00,2585.45,2582.60,2585.10,3000,2156700
HAL_F2,02/22/2023,10:10:00,2585.20,2585.20,2584.30,2584.35,1200,2156700
HAL_F2,02/22/2023,10:11:00,2584.35,2584.35,2581.30,2581.30,600,2159400
HAL_F2,02/22/2023,10:12:00,2581.00,2581.50,2578.25,2579.50,3300,2159400
HAL_F2,02/22/2023,10:13:00,2580.00,2580.30,2580.00,2580.30,1500,2159400
HAL_F2,02/22/2023,10:14:00,2581.05,2581.05,2579.05,2580.30,900,2161800
HAL_F2,02/22/2023,10:15:00,2580.30,2580.30,2576.60,2577.55,6000,2161800
HAL_F2,02/22/2023,10:16:00,2576.10,2576.95,2573.60,2576.95,5700,2161800
HAL_F2,02/22/2023,10:17:00,2576.95,2576.95,2576.95,2576.95,300,2161800
HAL_F2,02/22/2023,10:18:00,2576.25,2577.20,2576.25,2577.20,1200,2161500
HAL_F2,02/22/2023,10:19:00,2577.20,2581.90,2577.20,2581.00,1800,2161500
HAL_F2,02/22/2023,10:20:00,2578.70,2578.70,2577.00,2577.00,1200,2162700
HAL_F2,02/22/2023,10:21:00,2577.00,2578.20,2577.00,2577.45,1800,2162700
HAL_F2,02/22/2023,10:22:00,2578.80,2578.85,2578.50,2578.50,1200,2162700
HAL_F2,02/22/2023,10:23:00,2578.40,2578.40,2578.30,2578.30,900,2164200
HAL_F2,02/22/2023,10:24:00,2578.90,2578.90,2578.85,2578.85,1800,2164200
HAL_F2,02/22/2023,10:25:00,2580.90,2580.90,2578.00,2578.00,600,2164200
HAL_F2,02/22/2023,10:26:00,2578.00,2578.00,2574.30,2576.15,6900,2166300
HAL_F2,02/22/2023,10:27:00,2576.20,2576.20,2576.20,2576.20,300,2166300
HAL_F2,02/22/2023,10:28:00,2574.05,2574.05,2574.00,2574.00,1500,2166300
HAL_F2,02/22/2023,10:29:00,2574.05,2574.05,2571.90,2571.90,3300,2170800
HAL_F2,02/22/2023,10:30:00,2572.00,2575.15,2572.00,2575.15,4800,2170800
HAL_F2,02/22/2023,10:31:00,2574.35,2574.90,2573.80,2574.90,3000,2170800
HAL_F2,02/22/2023,10:32:00,2574.50,2574.50,2571.15,2571.15,1800,2175900
HAL_F2,02/22/2023,10:33:00,2571.00,2572.15,2570.00,2570.00,4200,2175900
HAL_F2,02/22/2023,10:34:00,2570.00,2570.00,2566.60,2566.60,2400,2175900
HAL_F2,02/22/2023,10:35:00,2568.30,2573.80,2568.15,2569.05,9600,2180100
HAL_F2,02/22/2023,10:36:00,2571.00,2574.85,2570.00,2574.85,6900,2180100
HAL_F2,02/22/2023,10:37:00,2577.35,2579.75,2577.35,2579.75,1200,2180100
HAL_F2,02/22/2023,10:38:00,2579.75,2579.75,2579.45,2579.45,1500,2180100
HAL_F2,02/22/2023,10:39:00,2578.00,2578.00,2577.60,2577.60,900,2180100
HAL_F2,02/22/2023,10:40:00,2577.60,2577.90,2577.05,2577.70,1500,2180100
HAL_F2,02/22/2023,10:41:00,2576.85,2576.85,2573.30,2575.90,3300,2179800
HAL_F2,02/22/2023,10:42:00,2575.20,2575.20,2575.00,2575.00,900,2179800
HAL_F2,02/22/2023,10:43:00,2575.50,2578.00,2575.50,2577.65,2400,2179800
HAL_F2,02/22/2023,10:44:00,2575.35,2578.95,2575.35,2578.95,1500,2179800
HAL_F2,02/22/2023,10:45:00,2578.25,2578.25,2578.25,2578.25,1200,2180100
HAL_F2,02/22/2023,10:46:00,2579.05,2579.05,2578.00,2578.00,1200,2180100
HAL_F2,02/22/2023,10:47:00,2579.65,2580.00,2579.65,2580.00,1500,2180100
HAL_F2,02/22/2023,10:48:00,2581.20,2581.40,2579.85,2581.00,1800,2182200
HAL_F2,02/22/2023,10:49:00,2581.05,2581.05,2578.65,2578.65,2700,2182200
HAL_F2,02/22/2023,10:50:00,2580.65,2580.65,2577.70,2578.75,1200,2185800
HAL_F2,02/22/2023,10:51:00,2577.00,2578.40,2576.15,2576.50,2100,2185800
HAL_F2,02/22/2023,10:53:00,2577.15,2577.15,2577.15,2577.15,600,2185800
HAL_F2,02/22/2023,10:54:00,2575.65,2575.65,2575.65,2575.65,600,2185800
HAL_F2,02/22/2023,10:55:00,2576.75,2576.75,2575.60,2575.65,1800,2185800
HAL_F2,02/22/2023,10:56:00,2575.60,2576.45,2575.60,2576.45,600,2187000
HAL_F2,02/22/2023,10:57:00,2576.45,2576.50,2576.45,2576.50,1200,2187000
HAL_F2,02/22/2023,10:58:00,2576.50,2576.50,2575.80,2575.80,7800,2187000
HAL_F2,02/22/2023,10:59:00,2575.80,2576.85,2575.80,2576.85,1500,2187000
HAL_F2,02/22/2023,11:00:00,2579.40,2579.95,2579.40,2579.60,1800,2195400
HAL_F2,02/22/2023,11:01:00,2579.90,2579.90,2577.00,2577.00,1200,2195400
HAL_F2,02/22/2023,11:02:00,2576.20,2576.20,2576.10,2576.10,1500,2196600
HAL_F2,02/22/2023,11:03:00,2576.30,2577.75,2576.30,2577.75,1800,2196600
HAL_F2,02/22/2023,11:04:00,2577.75,2577.75,2576.90,2576.90,900,2196600
HAL_F2,02/22/2023,11:05:00,2576.90,2576.95,2576.15,2576.15,1200,2199900
HAL_F2,02/22/2023,11:06:00,2576.15,2576.15,2576.15,2576.15,1200,2199900
HAL_F2,02/22/2023,11:08:00,2576.15,2576.15,2576.15,2576.15,300,2199900
HAL_F2,02/22/2023,11:09:00,2576.10,2577.45,2576.10,2577.45,9000,2201400
HAL_F2,02/22/2023,11:10:00,2578.95,2578.95,2578.65,2578.70,2100,2201400
HAL_F2,02/22/2023,11:11:00,2578.75,2579.00,2578.00,2579.00,1200,2209800
HAL_F2,02/22/2023,11:12:00,2580.05,2580.05,2580.05,2580.05,900,2209800
HAL_F2,02/22/2023,11:13:00,2581.00,2583.05,2581.00,2583.05,2100,2209800
HAL_F2,02/22/2023,11:14:00,2584.00,2584.80,2584.00,2584.15,2400,2210100
HAL_F2,02/22/2023,11:15:00,2585.00,2586.90,2585.00,2585.25,900,2210100
HAL_F2,02/22/2023,11:16:00,2585.05,2586.15,2584.00,2585.00,4500,2210100
HAL_F2,02/22/2023,11:17:00,2584.35,2586.35,2584.35,2584.80,3000,2212200
HAL_F2,02/22/2023,11:18:00,2584.80,2586.25,2584.80,2585.00,1500,2212200
HAL_F2,02/22/2023,11:19:00,2586.30,2586.40,2586.30,2586.40,10500,2212200
HAL_F2,02/22/2023,11:20:00,2584.55,2584.90,2584.00,2584.00,1800,2223000
HAL_F2,02/22/2023,11:21:00,2581.25,2581.25,2580.05,2580.05,1800,2223000
HAL_F2,02/22/2023,11:22:00,2578.30,2578.30,2577.40,2577.40,4800,2223000
HAL_F2,02/22/2023,11:23:00,2576.95,2581.20,2576.95,2581.20,4200,2229000
HAL_F2,02/22/2023,11:24:00,2581.20,2581.20,2581.20,2581.20,300,2229000
HAL_F2,02/22/2023,11:25:00,2578.75,2579.00,2578.20,2578.30,2100,2229000
HAL_F2,02/22/2023,11:26:00,2578.45,2579.00,2578.10,2579.00,1800,2231400
HAL_F2,02/22/2023,11:27:00,2579.80,2579.80,2577.75,2577.75,1800,2231400
HAL_F2,02/22/2023,11:28:00,2577.60,2578.55,2577.60,2578.50,900,2231400
HAL_F2,02/22/2023,11:29:00,2578.50,2578.50,2578.50,2578.50,300,2231400
HAL_F2,02/22/2023,11:30:00,2577.05,2577.05,2577.05,2577.05,900,2232900
HAL_F2,02/22/2023,11:31:00,2577.10,2578.65,2576.15,2578.65,4200,2232900
HAL_F2,02/22/2023,11:32:00,2579.20,2579.20,2577.30,2577.30,1200,2232900
HAL_F2,02/22/2023,11:33:00,2577.30,2577.30,2577.30,2577.30,300,2237700
HAL_F2,02/22/2023,11:34:00,2577.95,2579.10,2577.95,2579.10,2100,2237700
HAL_F2,02/22/2023,11:35:00,2577.60,2577.60,2577.60,2577.60,1200,2237700
HAL_F2,02/22/2023,11:36:00,2579.20,2579.20,2579.20,2579.20,300,2238600
HAL_F2,02/22/2023,11:37:00,2577.15,2577.75,2576.30,2576.30,3000,2238600
HAL_F2,02/22/2023,11:38:00,2577.60,2577.60,2577.05,2577.05,1500,2241000
HAL_F2,02/22/2023,11:39:00,2576.55,2576.55,2576.55,2576.55,300,2241000
HAL_F2,02/22/2023,11:41:00,2578.60,2578.60,2578.55,2578.55,1500,2241000
HAL_F2,02/22/2023,11:42:00,2578.55,2578.55,2578.55,2578.55,300,2241900
HAL_F2,02/22/2023,11:43:00,2578.55,2578.55,2578.55,2578.55,300,2241900
HAL_F2,02/22/2023,11:44:00,2575.70,2578.55,2575.70,2578.50,3000,2240100
HAL_F2,02/22/2023,11:45:00,2579.55,2579.80,2578.50,2579.80,900,2240100
HAL_F2,02/22/2023,11:46:00,2579.80,2579.80,2579.80,2579.80,300,2240100
HAL_F2,02/22/2023,11:47:00,2579.30,2581.30,2579.30,2580.90,3300,2241000
HAL_F2,02/22/2023,11:48:00,2583.00,2583.00,2581.45,2582.90,4200,2241000
HAL_F2,02/22/2023,11:49:00,2583.60,2583.95,2583.10,2583.10,900,2241000
HAL_F2,02/22/2023,11:50:00,2583.10,2583.10,2581.15,2581.15,1200,2241000
HAL_F2,02/22/2023,11:51:00,2582.05,2582.05,2582.05,2582.05,300,2243100
HAL_F2,02/22/2023,11:52:00,2581.90,2581.90,2580.90,2580.90,1500,2243100
HAL_F2,02/22/2023,11:53:00,2580.90,2580.90,2580.00,2580.00,600,2243100
HAL_F2,02/22/2023,11:54:00,2580.50,2581.90,2580.05,2581.90,2100,2244300
HAL_F2,02/22/2023,11:55:00,2581.05,2581.05,2581.00,2581.05,900,2244300
HAL_F2,02/22/2023,11:56:00,2581.05,2581.05,2578.50,2580.40,8400,2244300
HAL_F2,02/22/2023,11:57:00,2580.55,2585.90,2580.55,2585.90,2100,2240100
HAL_F2,02/22/2023,11:58:00,2584.45,2587.95,2584.15,2587.70,6000,2240100
HAL_F2,02/22/2023,11:59:00,2587.35,2587.70,2585.00,2585.50,4800,2242500
HAL_F2,02/22/2023,12:00:00,2585.10,2585.70,2585.00,2585.10,3300,2242500
HAL_F2,02/22/2023,12:01:00,2585.00,2585.20,2584.95,2584.95,1500,2242500
HAL_F2,02/22/2023,12:02:00,2584.65,2585.30,2584.65,2585.30,900,2242500
HAL_F2,02/22/2023,12:03:00,2584.50,2584.50,2584.50,2584.50,2100,2241300
HAL_F2,02/22/2023,12:04:00,2584.50,2584.50,2583.75,2583.75,1500,2241300
HAL_F2,02/22/2023,12:05:00,2583.50,2583.50,2583.50,2583.50,1200,2241300
HAL_F2,02/22/2023,12:06:00,2583.90,2585.00,2583.90,2585.00,900,2244000
HAL_F2,02/22/2023,12:07:00,2588.00,2589.45,2588.00,2589.45,1200,2244000
HAL_F2,02/22/2023,12:08:00,2588.85,2589.50,2588.85,2588.90,2700,2244000
HAL_F2,02/22/2023,12:09:00,2589.30,2589.30,2588.15,2588.35,2100,2245200
HAL_F2,02/22/2023,12:10:00,2587.95,2587.95,2587.00,2587.00,900,2245200
HAL_F2,02/22/2023,12:11:00,2586.20,2586.20,2585.85,2585.85,900,2245200
HAL_F2,02/22/2023,12:12:00,2585.60,2587.15,2585.00,2587.15,2400,2246400
HAL_F2,02/22/2023,12:13:00,2587.15,2587.15,2587.15,2587.15,300,2246400
HAL_F2,02/22/2023,12:15:00,2587.15,2587.15,2587.15,2587.15,300,2246700
HAL_F2,02/22/2023,12:16:00,2589.25,2589.25,2587.65,2587.65,3600,2246700
HAL_F2,02/22/2023,12:17:00,2589.30,2592.35,2589.30,2592.35,1500,2247300
HAL_F2,02/22/2023,12:18:00,2592.35,2594.30,2592.35,2593.20,7500,2247300
HAL_F2,02/22/2023,12:19:00,2592.00,2592.80,2591.10,2591.10,2700,2247300
HAL_F2,02/22/2023,12:20:00,2591.10,2591.85,2589.90,2589.90,2700,2247300
HAL_F2,02/22/2023,12:21:00,2589.05,2590.55,2589.05,2589.95,2100,2249400
HAL_F2,02/22/2023,12:22:00,2589.95,2590.95,2589.00,2590.95,2100,2249400
HAL_F2,02/22/2023,12:24:00,2590.50,2590.50,2589.00,2590.45,1500,2251500
HAL_F2,02/22/2023,12:25:00,2590.25,2591.85,2589.00,2591.85,3300,2251500
HAL_F2,02/22/2023,12:26:00,2589.80,2589.80,2589.00,2589.65,1200,2251500
HAL_F2,02/22/2023,12:27:00,2588.00,2588.20,2587.25,2587.85,1800,2253900
HAL_F2,02/22/2023,12:28:00,2587.85,2588.00,2586.90,2586.90,3000,2253900
HAL_F2,02/22/2023,12:29:00,2585.00,2585.00,2582.00,2582.00,1800,2255100
HAL_F2,02/22/2023,12:30:00,2582.05,2582.05,2579.00,2579.00,2700,2255100
HAL_F2,02/22/2023,12:31:00,2579.00,2579.65,2579.00,2579.65,1800,2255100
HAL_F2,02/22/2023,12:32:00,2579.65,2580.00,2579.65,2580.00,1200,2255100
HAL_F2,02/22/2023,12:33:00,2577.20,2577.60,2577.20,2577.60,3000,2258700
HAL_F2,02/22/2023,12:34:00,2577.30,2577.80,2576.25,2576.25,3600,2258700
HAL_F2,02/22/2023,12:35:00,2575.20,2575.20,2575.20,2575.20,2700,2263800
HAL_F2,02/22/2023,12:36:00,2575.00,2575.00,2574.00,2574.80,14700,2263800
HAL_F2,02/22/2023,12:37:00,2574.80,2574.80,2574.80,2574.80,300,2263800
HAL_F2,02/22/2023,12:38:00,2575.65,2575.65,2575.65,2575.65,17100,2263800
HAL_F2,02/22/2023,12:39:00,2577.70,2577.70,2574.80,2574.80,4500,2293800
HAL_F2,02/22/2023,12:40:00,2574.00,2574.00,2573.40,2573.40,900,2293800
HAL_F2,02/22/2023,12:41:00,2573.00,2573.00,2571.00,2571.00,2400,2293800
HAL_F2,02/22/2023,12:42:00,2572.50,2572.50,2572.50,2572.50,5100,2297700
HAL_F2,02/22/2023,12:43:00,2571.05,2571.95,2570.00,2570.60,6600,2297700
HAL_F2,02/22/2023,12:44:00,2569.95,2570.15,2568.05,2570.00,2700,2297700
HAL_F2,02/22/2023,12:45:00,2569.75,2569.75,2569.75,2569.75,600,2298900
HAL_F2,02/22/2023,12:46:00,2569.75,2570.95,2569.75,2570.95,1200,2298900
HAL_F2,02/22/2023,12:47:00,2571.65,2571.65,2571.00,2571.00,900,2298900
HAL_F2,02/22/2023,12:48:00,2571.45,2571.45,2570.00,2570.70,1500,2300400
HAL_F2,02/22/2023,12:49:00,2570.00,2571.35,2570.00,2571.35,1800,2300400
HAL_F2,02/22/2023,12:50:00,2570.20,2570.20,2566.00,2567.50,8400,2300400
HAL_F2,02/22/2023,12:51:00,2567.50,2568.75,2567.50,2568.75,1200,2303700
HAL_F2,02/22/2023,12:52:00,2570.20,2570.20,2569.00,2569.00,2100,2303700
HAL_F2,02/22/2023,12:53:00,2568.00,2568.00,2566.55,2566.55,1500,2303700
HAL_F2,02/22/2023,12:54:00,2566.55,2566.55,2566.55,2566.55,600,2305500
HAL_F2,02/22/2023,12:55:00,2567.75,2570.40,2567.75,2570.40,900,2305500
HAL_F2,02/22/2023,12:56:00,2571.55,2572.50,2568.85,2572.50,3900,2305500
HAL_F2,02/22/2023,12:57:00,2572.50,2573.55,2571.95,2573.55,3000,2307000
HAL_F2,02/22/2023,12:58:00,2574.00,2574.00,2572.25,2572.25,1800,2307000
HAL_F2,02/22/2023,12:59:00,2572.25,2572.70,2572.25,2572.70,32100,2339100
HAL_F2,02/22/2023,13:00:00,2570.30,2570.50,2568.60,2570.40,2400,2339100
HAL_F2,02/22/2023,13:01:00,2570.40,2571.15,2570.40,2571.15,5700,2339100
HAL_F2,02/22/2023,13:02:00,2572.85,2573.90,2572.85,2573.90,1200,2339100
HAL_F2,02/22/2023,13:03:00,2573.90,2574.00,2573.90,2574.00,600,2343300
HAL_F2,02/22/2023,13:04:00,2574.00,2574.00,2574.00,2574.00,300,2343300
HAL_F2,02/22/2023,13:05:00,2574.00,2575.75,2574.00,2575.75,900,2343300
HAL_F2,02/22/2023,13:06:00,2575.35,2575.65,2573.75,2573.75,1800,2343300
HAL_F2,02/22/2023,13:07:00,2575.00,2575.00,2575.00,2575.00,600,2343300
HAL_F2,02/22/2023,13:08:00,2575.00,2577.00,2575.00,2577.00,2700,2343300
HAL_F2,02/22/2023,13:09:00,2577.00,2577.00,2577.00,2577.00,600,2344200
HAL_F2,02/22/2023,13:10:00,2577.00,2577.00,2574.50,2574.50,31200,2344200
HAL_F2,02/22/2023,13:11:00,2573.20,2573.20,2571.90,2571.90,1200,2344200
HAL_F2,02/22/2023,13:12:00,2571.90,2571.90,2571.90,2571.90,600,2374500
HAL_F2,02/22/2023,13:13:00,2572.60,2572.60,2572.30,2572.30,1200,2374500
HAL_F2,02/22/2023,13:14:00,2571.85,2571.85,2570.55,2571.10,2400,2374500
HAL_F2,02/22/2023,13:15:00,2572.90,2572.90,2571.05,2572.00,2400,2375700
HAL_F2,02/22/2023,13:16:00,2570.10,2571.20,2570.10,2570.15,3000,2375700
HAL_F2,02/22/2023,13:17:00,2570.00,2570.00,2570.00,2570.00,1500,2375700
HAL_F2,02/22/2023,13:18:00,2570.00,2571.75,2570.00,2571.75,900,2377500
HAL_F2,02/22/2023,13:19:00,2571.75,2571.80,2571.75,2571.80,1200,2377500
HAL_F2,02/22/2023,13:20:00,2572.50,2572.50,2572.50,2572.50,900,2377500
HAL_F2,02/22/2023,13:21:00,2572.00,2572.00,2571.10,2571.10,1200,2379000
HAL_F2,02/22/2023,13:22:00,2570.65,2570.65,2568.00,2568.00,2100,2379000
HAL_F2,02/22/2023,13:23:00,2568.00,2568.00,2568.00,2568.00,6000,2379000
HAL_F2,02/22/2023,13:24:00,2569.95,2569.95,2569.80,2569.80,2400,2375100
HAL_F2,02/22/2023,13:25:00,2570.35,2570.35,2570.35,2570.35,600,2375100
HAL_F2,02/22/2023,13:26:00,2570.30,2570.30,2569.35,2569.35,600,2375100
HAL_F2,02/22/2023,13:27:00,2569.35,2569.35,2569.35,2569.35,600,2377800
HAL_F2,02/22/2023,13:28:00,2567.30,2567.30,2565.00,2565.15,4500,2377800
HAL_F2,02/22/2023,13:29:00,2565.15,2565.15,2562.30,2562.30,4200,2377800
HAL_F2,02/22/2023,13:30:00,2562.45,2562.45,2561.05,2561.05,3300,2383500
HAL_F2,02/22/2023,13:31:00,2563.50,2563.50,2562.80,2563.00,2400,2383500
HAL_F2,02/22/2023,13:32:00,2563.55,2563.55,2562.80,2563.00,2100,2383500
HAL_F2,02/22/2023,13:33:00,2563.30,2565.50,2562.35,2565.50,2100,2384400
HAL_F2,02/22/2023,13:34:00,2565.50,2566.75,2565.50,2566.00,6900,2384400
HAL_F2,02/22/2023,13:35:00,2566.70,2566.75,2566.00,2566.00,900,2384400
HAL_F2,02/22/2023,13:36:00,2566.50,2566.90,2566.50,2566.90,2100,2387700
HAL_F2,02/22/2023,13:37:00,2567.05,2567.05,2567.05,2567.05,300,2387700
HAL_F2,02/22/2023,13:38:00,2567.75,2568.10,2567.75,2568.10,2400,2387700
HAL_F2,02/22/2023,13:39:00,2566.95,2566.95,2565.20,2565.20,1500,2389800
HAL_F2,02/22/2023,13:40:00,2566.15,2566.15,2566.15,2566.15,900,2389800
HAL_F2,02/22/2023,13:41:00,2566.15,2566.15,2566.15,2566.15,600,2389800
HAL_F2,02/22/2023,13:42:00,2567.95,2567.95,2567.95,2567.95,1200,2391300
HAL_F2,02/22/2023,13:43:00,2567.40,2567.40,2567.40,2567.40,300,2391300
HAL_F2,02/22/2023,13:44:00,2567.40,2567.40,2567.40,2567.40,300,2391300
HAL_F2,02/22/2023,13:45:00,2567.40,2567.40,2566.80,2566.80,900,2392500
HAL_F2,02/22/2023,13:46:00,2566.80,2567.00,2566.50,2566.50,1200,2392500
HAL_F2,02/22/2023,13:47:00,2568.80,2568.80,2568.80,2568.80,1200,2392500
HAL_F2,02/22/2023,13:48:00,2568.80,2574.00,2568.80,2574.00,1500,2392800
HAL_F2,02/22/2023,13:49:00,2575.90,2575.90,2575.90,2575.90,900,2392800
HAL_F2,02/22/2023,13:50:00,2575.90,2575.90,2574.00,2574.30,2100,2392800
HAL_F2,02/22/2023,13:51:00,2575.35,2575.60,2575.35,2575.60,1800,2395500
HAL_F2,02/22/2023,13:52:00,2575.00,2575.00,2575.00,2575.00,600,2395500
HAL_F2,02/22/2023,13:53:00,2579.00,2579.00,2578.70,2578.70,3300,2395500
HAL_F2,02/22/2023,13:54:00,2578.00,2578.00,2577.90,2577.90,1800,2397900
HAL_F2,02/22/2023,13:55:00,2575.25,2575.25,2575.25,2575.25,900,2397900
HAL_F2,02/22/2023,13:56:00,2574.95,2574.95,2574.95,2574.95,300,2397900
HAL_F2,02/22/2023,13:57:00,2574.95,2574.95,2573.00,2573.00,2100,2397900
HAL_F2,02/22/2023,13:58:00,2573.00,2573.00,2573.00,2573.00,5700,2397900
HAL_F2,02/22/2023,13:59:00,2573.25,2573.25,2573.00,2573.00,1800,2397900
HAL_F2,02/22/2023,14:00:00,2572.70,2572.70,2572.70,2572.70,300,2397900
HAL_F2,02/22/2023,14:01:00,2572.70,2572.70,2572.70,2572.70,300,2397900
HAL_F2,02/22/2023,14:02:00,2572.70,2572.70,2572.70,2572.70,300,2403600
HAL_F2,02/22/2023,14:03:00,2575.00,2575.00,2575.00,2575.00,600,2404200
HAL_F2,02/22/2023,14:04:00,2573.45,2575.20,2573.45,2575.20,600,2404200
HAL_F2,02/22/2023,14:05:00,2575.15,2575.15,2575.15,2575.15,1200,2404200
HAL_F2,02/22/2023,14:06:00,2574.20,2574.50,2574.20,2574.50,2100,2406000
HAL_F2,02/22/2023,14:07:00,2574.00,2574.00,2572.00,2572.00,7200,2406000
HAL_F2,02/22/2023,14:08:00,2572.00,2574.50,2570.60,2574.50,1800,2406000
HAL_F2,02/22/2023,14:09:00,2574.50,2574.50,2570.00,2572.25,3300,2415300
HAL_F2,02/22/2023,14:10:00,2572.25,2572.25,2567.35,2570.65,6900,2415300
HAL_F2,02/22/2023,14:11:00,2568.05,2568.05,2568.00,2568.00,1200,2415300
HAL_F2,02/22/2023,14:12:00,2566.00,2566.00,2566.00,2566.00,1500,2417100
HAL_F2,02/22/2023,14:13:00,2566.00,2566.00,2562.00,2562.00,2700,2417100
HAL_F2,02/22/2023,14:14:00,2561.00,2561.00,2561.00,2561.00,900,2417100
HAL_F2,02/22/2023,14:15:00,2560.00,2560.00,2556.00,2556.00,7500,2421900
HAL_F2,02/22/2023,14:16:00,2559.50,2559.50,2557.80,2559.35,6300,2421900
HAL_F2,02/22/2023,14:17:00,2559.15,2559.15,2558.05,2558.40,2100,2421900
HAL_F2,02/22/2023,14:18:00,2558.40,2559.90,2558.00,2559.60,3300,2428200
HAL_F2,02/22/2023,14:19:00,2559.30,2559.30,2558.00,2558.00,6300,2428200
HAL_F2,02/22/2023,14:20:00,2559.00,2559.00,2558.00,2558.00,2100,2428200
HAL_F2,02/22/2023,14:21:00,2559.55,2561.25,2558.30,2559.85,3600,2433900
HAL_F2,02/22/2023,14:22:00,2561.05,2565.00,2561.05,2565.00,2100,2433900
HAL_F2,02/22/2023,14:23:00,2567.00,2568.30,2567.00,2568.30,1200,2433900
HAL_F2,02/22/2023,14:24:00,2567.00,2567.00,2567.00,2567.00,900,2436300
HAL_F2,02/22/2023,14:25:00,2567.00,2567.00,2567.00,2567.00,600,2436300
HAL_F2,02/22/2023,14:26:00,2567.00,2567.00,2564.55,2564.95,3300,2436300
HAL_F2,02/22/2023,14:27:00,2565.10,2565.50,2564.05,2564.05,3300,2439000
HAL_F2,02/22/2023,14:28:00,2564.05,2564.80,2564.05,2564.80,1500,2439000
HAL_F2,02/22/2023,14:29:00,2567.70,2567.80,2567.70,2567.80,1800,2439000
HAL_F2,02/22/2023,14:30:00,2568.50,2568.50,2567.90,2568.30,2100,2441700
HAL_F2,02/22/2023,14:31:00,2568.15,2568.95,2567.90,2567.90,1500,2441700
HAL_F2,02/22/2023,14:32:00,2568.05,2568.05,2567.95,2567.95,1500,2441700
HAL_F2,02/22/2023,14:33:00,2570.00,2570.00,2567.60,2567.60,2400,2441100
HAL_F2,02/22/2023,14:34:00,2569.00,2569.75,2568.55,2568.55,1800,2441100
HAL_F2,02/22/2023,14:35:00,2569.55,2569.55,2568.95,2569.10,2100,2441100
HAL_F2,02/22/2023,14:36:00,2569.40,2570.95,2568.00,2570.95,2400,2444400
HAL_F2,02/22/2023,14:37:00,2570.45,2570.45,2570.45,2570.45,600,2444400
HAL_F2,02/22/2023,14:38:00,2571.80,2572.00,2571.80,2572.00,1800,2444400
HAL_F2,02/22/2023,14:39:00,2572.00,2575.00,2572.00,2575.00,2400,2445600
HAL_F2,02/22/2023,14:40:00,2575.00,2575.30,2575.00,2575.30,2400,2445600
HAL_F2,02/22/2023,14:41:00,2574.50,2574.55,2573.60,2574.55,2100,2445600
HAL_F2,02/22/2023,14:42:00,2572.65,2574.00,2572.65,2574.00,900,2448300
HAL_F2,02/22/2023,14:43:00,2574.00,2574.00,2570.90,2571.15,2100,2448300
HAL_F2,02/22/2023,14:44:00,2571.15,2572.25,2570.45,2572.25,2400,2448300
HAL_F2,02/22/2023,14:45:00,2572.25,2572.25,2570.60,2572.00,2700,2450100
HAL_F2,02/22/2023,14:46:00,2570.10,2573.30,2569.80,2570.30,2700,2450100
HAL_F2,02/22/2023,14:47:00,2570.30,2570.60,2570.30,2570.60,600,2450100
HAL_F2,02/22/2023,14:48:00,2573.00,2573.00,2572.70,2573.00,1200,2454300
HAL_F2,02/22/2023,14:49:00,2573.80,2574.20,2573.80,2574.20,1200,2454300
HAL_F2,02/22/2023,14:50:00,2575.30,2575.30,2573.70,2574.65,2100,2454300
HAL_F2,02/22/2023,14:51:00,2575.50,2575.95,2575.50,2575.95,3900,2455800
HAL_F2,02/22/2023,14:52:00,2577.00,2578.00,2577.00,2578.00,2100,2455800
HAL_F2,02/22/2023,14:53:00,2576.55,2576.55,2576.55,2576.55,300,2455800
HAL_F2,02/22/2023,14:54:00,2576.55,2576.55,2575.25,2575.25,1200,2454600
HAL_F2,02/22/2023,14:55:00,2575.30,2575.30,2575.30,2575.30,300,2454600
HAL_F2,02/22/2023,14:56:00,2575.20,2576.35,2575.20,2575.30,1800,2454600
HAL_F2,02/22/2023,14:57:00,2575.30,2577.60,2575.30,2575.50,2400,2456100
HAL_F2,02/22/2023,14:58:00,2576.10,2576.10,2575.05,2575.05,1200,2456100
HAL_F2,02/22/2023,14:59:00,2575.00,2575.00,2574.40,2574.40,1800,2456100
HAL_F2,02/22/2023,15:00:00,2572.75,2572.75,2572.75,2572.75,2100,2458500
HAL_F2,02/22/2023,15:01:00,2573.05,2573.95,2573.00,2573.95,3600,2458500
HAL_F2,02/22/2023,15:02:00,2573.25,2574.00,2572.75,2572.80,1800,2458500
HAL_F2,02/22/2023,15:03:00,2572.10,2572.10,2572.10,2572.10,600,2460900
HAL_F2,02/22/2023,15:04:00,2572.10,2572.40,2572.00,2572.40,2100,2460900
HAL_F2,02/22/2023,15:05:00,2571.05,2572.30,2571.05,2571.05,15300,2460900
HAL_F2,02/22/2023,15:06:00,2572.30,2572.30,2571.80,2572.15,6900,2474100
HAL_F2,02/22/2023,15:07:00,2572.20,2572.20,2572.00,2572.00,7800,2474100
HAL_F2,02/22/2023,15:08:00,2572.00,2572.00,2570.90,2571.00,13200,2474100
HAL_F2,02/22/2023,15:09:00,2571.00,2572.75,2571.00,2572.70,5100,2476500
HAL_F2,02/22/2023,15:10:00,2572.90,2573.50,2572.85,2572.85,1200,2476500
HAL_F2,02/22/2023,15:11:00,2574.00,2575.40,2573.10,2573.10,3900,2476500
HAL_F2,02/22/2023,15:12:00,2573.05,2573.05,2571.20,2571.40,2700,2477700
HAL_F2,02/22/2023,15:13:00,2572.90,2572.90,2571.90,2571.90,1800,2477700
HAL_F2,02/22/2023,15:14:00,2572.45,2572.45,2572.45,2572.45,600,2477700
HAL_F2,02/22/2023,15:15:00,2572.00,2573.10,2571.05,2573.10,2400,2479200
HAL_F2,02/22/2023,15:16:00,2573.70,2574.75,2573.55,2574.45,3300,2479200
HAL_F2,02/22/2023,15:17:00,2573.70,2574.70,2573.65,2574.70,3900,2479200
HAL_F2,02/22/2023,15:18:00,2574.65,2575.25,2574.50,2574.95,4800,2481600
HAL_F2,02/22/2023,15:19:00,2575.00,2575.25,2573.20,2574.00,5400,2481600
HAL_F2,02/22/2023,15:20:00,2574.80,2575.95,2574.35,2575.10,4200,2481600
HAL_F2,02/22/2023,15:21:00,2574.25,2576.90,2574.25,2576.50,6300,2486100
HAL_F2,02/22/2023,15:22:00,2576.90,2577.60,2575.60,2575.60,6000,2486100
HAL_F2,02/22/2023,15:23:00,2575.20,2576.20,2575.00,2576.20,8400,2486100
HAL_F2,02/22/2023,15:24:00,2576.20,2576.20,2575.10,2575.65,10500,2487000
HAL_F2,02/22/2023,15:25:00,2575.65,2575.65,2574.10,2574.75,7500,2487000
HAL_F2,02/22/2023,15:26:00,2574.90,2574.90,2573.35,2574.00,6900,2487000
HAL_F2,02/22/2023,15:27:00,2574.00,2574.45,2573.85,2574.05,4800,2490600
HAL_F2,02/22/2023,15:28:00,2574.05,2574.05,2570.15,2570.25,6300,2490600
HAL_F2,02/22/2023,15:29:00,2573.20,2577.00,2570.85,2575.00,6600,2490600
HAL_F2,02/23/2023,09:15:00,2583.90,2583.90,2565.75,2565.75,3001,2356800
HAL_F2,02/23/2023,09:16:00,2565.75,2565.75,2552.35,2557.55,10800,2356800
HAL_F2,02/23/2023,09:17:00,2560.50,2566.25,2560.50,2566.05,6600,2355600
HAL_F2,02/23/2023,09:18:00,2568.75,2570.00,2568.75,2570.00,3000,2355600
HAL_F2,02/23/2023,09:19:00,2571.10,2574.95,2569.10,2573.00,7200,2355600
HAL_F2,02/23/2023,09:20:00,2573.65,2573.65,2567.60,2569.35,6900,2362500
HAL_F2,02/23/2023,09:21:00,2569.45,2575.10,2569.45,2575.10,5400,2362500
HAL_F2,02/23/2023,09:22:00,2574.35,2578.45,2574.30,2578.45,7500,2362500
HAL_F2,02/23/2023,09:23:00,2577.65,2579.60,2577.00,2577.00,4500,2370600
HAL_F2,02/23/2023,09:24:00,2579.10,2580.90,2579.10,2579.10,4800,2370600
HAL_F2,02/23/2023,09:25:00,2579.20,2579.85,2570.75,2570.75,21600,2370600
HAL_F2,02/23/2023,09:26:00,2570.75,2570.75,2566.55,2566.95,9900,2389800
HAL_F2,02/23/2023,09:27:00,2567.25,2567.45,2562.90,2562.90,7500,2389800
HAL_F2,02/23/2023,09:28:00,2565.20,2565.65,2563.80,2565.00,3300,2389800
HAL_F2,02/23/2023,09:29:00,2563.45,2564.10,2560.00,2560.05,4800,2403000
HAL_F2,02/23/2023,09:30:00,2560.85,2561.30,2557.75,2560.00,5400,2403000
HAL_F2,02/23/2023,09:31:00,2559.95,2560.40,2557.50,2558.30,5700,2403000
HAL_F2,02/23/2023,09:32:00,2559.40,2559.40,2557.00,2557.95,9600,2411100
HAL_F2,02/23/2023,09:33:00,2555.00,2556.00,2554.65,2554.65,3300,2411100
HAL_F2,02/23/2023,09:34:00,2554.70,2556.60,2554.70,2555.65,5400,2411100
HAL_F2,02/23/2023,09:35:00,2555.75,2555.95,2552.85,2553.90,6900,2417700
HAL_F2,02/23/2023,09:36:00,2554.00,2554.00,2552.00,2554.00,5700,2417700
HAL_F2,02/23/2023,09:37:00,2554.00,2555.75,2554.00,2555.05,6300,2417700
HAL_F2,02/23/2023,09:38:00,2555.00,2556.20,2553.90,2555.95,10500,2421600
HAL_F2,02/23/2023,09:39:00,2555.95,2557.05,2555.30,2557.05,6900,2421600
HAL_F2,02/23/2023,09:40:00,2557.05,2559.00,2556.40,2556.65,5400,2421600
HAL_F2,02/23/2023,09:41:00,2556.30,2556.30,2552.65,2552.65,5700,2421600
HAL_F2,02/23/2023,09:42:00,2553.70,2553.70,2551.00,2551.80,2100,2430300
HAL_F2,02/23/2023,09:43:00,2553.50,2553.50,2548.55,2548.55,4800,2430300
HAL_F2,02/23/2023,09:44:00,2548.55,2549.55,2546.75,2546.75,4500,2432700
HAL_F2,02/23/2023,09:45:00,2546.75,2549.00,2545.00,2545.00,7200,2432700
HAL_F2,02/23/2023,09:46:00,2544.55,2544.75,2541.85,2541.85,8100,2432700
HAL_F2,02/23/2023,09:47:00,2540.55,2546.55,2540.40,2544.90,6600,2433300
HAL_F2,02/23/2023,09:48:00,2543.50,2549.50,2543.50,2548.25,11400,2433300
HAL_F2,02/23/2023,09:49:00,2548.00,2551.35,2545.90,2551.35,4500,2433300
HAL_F2,02/23/2023,09:50:00,2551.35,2554.70,2551.35,2554.45,2700,2432400
HAL_F2,02/23/2023,09:51:00,2555.60,2556.25,2553.80,2554.70,6300,2432400
HAL_F2,02/23/2023,09:52:00,2553.50,2555.60,2552.10,2552.90,4500,2432400
HAL_F2,02/23/2023,09:53:00,2554.30,2557.55,2552.45,2557.55,7200,2432400
HAL_F2,02/23/2023,09:54:00,2557.50,2566.90,2557.50,2566.90,19200,2442000
HAL_F2,02/23/2023,09:55:00,2568.60,2575.05,2568.60,2575.05,18300,2442000
HAL_F2,02/23/2023,09:56:00,2576.90,2577.00,2573.85,2574.25,9300,2442000
HAL_F2,02/23/2023,09:57:00,2574.30,2576.00,2572.90,2573.00,7200,2442000
HAL_F2,02/23/2023,09:58:00,2573.40,2574.05,2573.00,2574.05,7200,2442000
HAL_F2,02/23/2023,09:59:00,2574.90,2574.95,2573.65,2573.65,3000,2442000
HAL_F2,02/23/2023,10:00:00,2575.00,2580.00,2574.85,2580.00,11400,2469600
HAL_F2,02/23/2023,10:01:00,2580.00,2585.75,2580.00,2585.75,8100,2469600
HAL_F2,02/23/2023,10:02:00,2585.75,2585.75,2583.95,2583.95,2400,2469600
HAL_F2,02/23/2023,10:03:00,2583.00,2583.00,2577.35,2579.30,5100,2474400
HAL_F2,02/23/2023,10:04:00,2577.85,2581.20,2577.85,2581.20,2700,2474400
HAL_F2,02/23/2023,10:05:00,2582.30,2584.55,2581.70,2584.55,13800,2478000
HAL_F2,02/23/2023,10:06:00,2581.05,2581.05,2577.85,2580.00,6900,2478000
HAL_F2,02/23/2023,10:07:00,2579.00,2579.00,2577.50,2578.80,1500,2478000
HAL_F2,02/23/2023,10:08:00,2578.15,2578.95,2577.00,2577.65,3300,2475900
HAL_F2,02/23/2023,10:09:00,2577.95,2579.70,2575.00,2575.00,6300,2475900
HAL_F2,02/23/2023,10:10:00,2575.65,2576.05,2574.60,2574.60,2400,2475900
HAL_F2,02/23/2023,10:11:00,2573.15,2573.70,2572.00,2572.00,4800,2476500
HAL_F2,02/23/2023,10:12:00,2571.35,2578.60,2571.35,2578.10,6600,2476500
HAL_F2,02/23/2023,10:13:00,2577.70,2578.70,2575.90,2576.40,5700,2476500
HAL_F2,02/23/2023,10:14:00,2574.65,2574.70,2574.65,2574.70,2700,2476500
HAL_F2,02/23/2023,10:15:00,2574.65,2574.65,2572.00,2572.00,6000,2483700
HAL_F2,02/23/2023,10:16:00,2573.05,2573.05,2570.80,2571.00,2400,2483700
HAL_F2,02/23/2023,10:17:00,2571.05,2571.05,2569.95,2570.60,6900,2487600
HAL_F2,02/23/2023,10:18:00,2568.90,2568.90,2566.80,2566.80,28500,2487600
HAL_F2,02/23/2023,10:19:00,2568.00,2568.25,2565.00,2565.00,3600,2487600
HAL_F2,02/23/2023,10:20:00,2565.50,2566.60,2562.10,2566.60,21600,2500200
HAL_F2,02/23/2023,10:21:00,2567.90,2571.00,2567.90,2571.00,3600,2500200
HAL_F2,02/23/2023,10:22:00,2571.45,2576.20,2571.45,2573.85,63300,2500200
HAL_F2,02/23/2023,10:23:00,2572.00,2577.25,2571.05,2575.00,47400,2550600
HAL_F2,02/23/2023,10:24:00,2575.55,2578.10,2575.55,2577.50,15600,2550600
HAL_F2,02/23/2023,10:25:00,2576.70,2578.60,2576.70,2578.60,3900,2550600
HAL_F2,02/23/2023,10:26:00,2579.60,2581.00,2579.60,2581.00,16200,2571000
HAL_F2,02/23/2023,10:27:00,2581.00,2581.55,2581.00,2581.55,1500,2571000
HAL_F2,02/23/2023,10:28:00,2581.30,2581.30,2581.30,2581.30,1500,2571000
HAL_F2,02/23/2023,10:29:00,2582.00,2583.10,2582.00,2583.00,4200,2581200
HAL_F2,02/23/2023,10:30:00,2583.90,2583.90,2582.00,2582.00,1800,2581200
HAL_F2,02/23/2023,10:31:00,2582.30,2584.00,2582.30,2584.00,900,2581200
HAL_F2,02/23/2023,10:32:00,2583.00,2583.90,2582.55,2583.00,1800,2581200
HAL_F2,02/23/2023,10:33:00,2583.85,2583.90,2580.35,2580.35,2700,2583000
HAL_F2,02/23/2023,10:34:00,2580.35,2580.85,2579.15,2579.15,3000,2583000
HAL_F2,02/23/2023,10:35:00,2580.85,2581.10,2580.85,2581.10,4500,2583000
HAL_F2,02/23/2023,10:36:00,2580.15,2582.15,2580.15,2582.10,2100,2586300
HAL_F2,02/23/2023,10:37:00,2579.65,2580.80,2579.40,2579.40,1800,2586300
HAL_F2,02/23/2023,10:38:00,2580.00,2580.00,2579.50,2579.50,900,2586300
HAL_F2,02/23/2023,10:39:00,2576.45,2576.45,2576.30,2576.30,600,2588700
HAL_F2,02/23/2023,10:40:00,2576.00,2576.00,2576.00,2576.00,600,2588700
HAL_F2,02/23/2023,10:41:00,2573.45,2573.45,2570.00,2570.00,2700,2589600
HAL_F2,02/23/2023,10:42:00,2568.00,2570.45,2568.00,2570.45,6000,2589600
HAL_F2,02/23/2023,10:43:00,2570.45,2570.45,2568.90,2569.80,12000,2589600
HAL_F2,02/23/2023,10:44:00,2569.00,2570.50,2567.45,2570.35,8700,2589600
HAL_F2,02/23/2023,10:45:00,2570.35,2570.35,2570.35,2570.35,16500,2606400
HAL_F2,02/23/2023,10:46:00,2567.40,2567.40,2566.95,2566.95,7200,2606400
HAL_F2,02/23/2023,10:47:00,2567.00,2567.00,2567.00,2567.00,300,2606400
HAL_F2,02/23/2023,10:48:00,2565.05,2565.05,2564.15,2564.15,19800,2625900
HAL_F2,02/23/2023,10:49:00,2564.10,2566.05,2564.10,2565.00,16200,2625900
HAL_F2,02/23/2023,10:50:00,2563.90,2563.90,2561.70,2561.70,20100,2671800
HAL_F2,02/23/2023,10:51:00,2562.00,2563.40,2561.95,2563.40,1800,2671800
HAL_F2,02/23/2023,10:52:00,2563.15,2563.15,2560.75,2562.40,7500,2671800
HAL_F2,02/23/2023,10:53:00,2562.80,2564.15,2561.85,2564.15,4200,2669100
HAL_F2,02/23/2023,10:54:00,2563.05,2563.05,2562.50,2562.50,600,2669100
HAL_F2,02/23/2023,10:55:00,2561.35,2561.35,2560.00,2560.00,7800,2669100
HAL_F2,02/23/2023,10:56:00,2560.00,2562.70,2560.00,2562.70,14100,2669100
HAL_F2,02/23/2023,10:57:00,2562.70,2562.80,2561.30,2562.80,3600,2675400
HAL_F2,02/23/2023,10:58:00,2563.60,2563.60,2563.15,2563.20,5700,2675400
HAL_F2,02/23/2023,10:59:00,2563.15,2563.15,2562.40,2563.00,1800,2677500
HAL_F2,02/23/2023,11:00:00,2564.50,2565.95,2564.50,2565.75,1500,2677500
HAL_F2,02/23/2023,11:01:00,2567.35,2569.00,2567.35,2569.00,1800,2677500
HAL_F2,02/23/2023,11:02:00,2568.65,2569.05,2565.60,2565.70,3600,2677500
HAL_F2,02/23/2023,11:03:00,2564.40,2564.40,2562.45,2563.60,2100,2680200
HAL_F2,02/23/2023,11:04:00,2565.55,2565.55,2565.55,2565.55,300,2680200
HAL_F2,02/23/2023,11:05:00,2568.40,2568.40,2568.05,2568.05,1800,2680200
HAL_F2,02/23/2023,11:06:00,2566.70,2568.25,2566.65,2567.85,3900,2680800
HAL_F2,02/23/2023,11:07:00,2569.50,2569.90,2569.50,2569.90,600,2680800
HAL_F2,02/23/2023,11:08:00,2570.00,2571.45,2569.00,2569.00,2700,2683200
HAL_F2,02/23/2023,11:09:00,2570.45,2570.45,2569.45,2569.60,1800,2683200
HAL_F2,02/23/2023,11:10:00,2569.60,2570.20,2569.00,2569.00,2700,2683200
HAL_F2,02/23/2023,11:11:00,2569.85,2571.95,2569.25,2569.95,6000,2683200
HAL_F2,02/23/2023,11:12:00,2572.10,2572.20,2571.35,2571.35,1200,2682000
HAL_F2,02/23/2023,11:13:00,2570.45,2572.00,2570.40,2570.90,2400,2682000
HAL_F2,02/23/2023,11:14:00,2571.10,2571.10,2570.10,2570.45,1500,2682000
HAL_F2,02/23/2023,11:15:00,2571.85,2571.85,2570.35,2570.35,1800,2682900
HAL_F2,02/23/2023,11:16:00,2568.85,2571.20,2568.85,2571.20,900,2682900
HAL_F2,02/23/2023,11:17:00,2570.85,2570.85,2570.85,2570.85,6600,2682900
HAL_F2,02/23/2023,11:18:00,2570.10,2570.10,2568.90,2568.90,1200,2689200
HAL_F2,02/23/2023,11:19:00,2569.55,2569.95,2569.55,2569.95,2400,2689200
HAL_F2,02/23/2023,11:20:00,2569.30,2570.35,2569.30,2570.00,4800,2689200
HAL_F2,02/23/2023,11:21:00,2570.25,2570.25,2570.00,2570.25,1200,2693400
HAL_F2,02/23/2023,11:22:00,2570.45,2570.45,2570.00,2570.00,1800,2693400
HAL_F2,02/23/2023,11:23:00,2570.50,2570.50,2570.05,2570.05,600,2693400
HAL_F2,02/23/2023,11:24:00,2570.05,2570.05,2569.25,2569.25,600,2692200
HAL_F2,02/23/2023,11:25:00,2570.15,2570.60,2569.00,2570.60,2400,2692200
HAL_F2,02/23/2023,11:26:00,2569.95,2569.95,2569.95,2569.95,300,2692200
HAL_F2,02/23/2023,11:27:00,2570.60,2570.70,2570.30,2570.55,5100,2692200
HAL_F2,02/23/2023,11:28:00,2570.80,2570.80,2570.80,2570.80,300,2692200
HAL_F2,02/23/2023,11:29:00,2571.35,2573.45,2571.35,2573.45,3000,2692200
HAL_F2,02/23/2023,11:30:00,2572.95,2572.95,2572.90,2572.90,9000,2694300
HAL_F2,02/23/2023,11:31:00,2570.15,2570.50,2570.15,2570.50,4500,2694300
HAL_F2,02/23/2023,11:32:00,2570.95,2571.20,2569.55,2570.10,4200,2694300
HAL_F2,02/23/2023,11:33:00,2570.70,2570.70,2569.90,2569.90,2100,2704500
HAL_F2,02/23/2023,11:34:00,2569.80,2569.80,2569.80,2569.80,300,2704500
HAL_F2,02/23/2023,11:35:00,2571.60,2571.65,2570.40,2571.60,2400,2704500
HAL_F2,02/23/2023,11:36:00,2570.40,2571.55,2570.40,2571.55,1500,2706300
HAL_F2,02/23/2023,11:37:00,2571.60,2571.60,2571.60,2571.60,300,2706300
HAL_F2,02/23/2023,11:38:00,2571.60,2571.60,2567.75,2567.90,5100,2706300
HAL_F2,02/23/2023,11:39:00,2567.00,2567.00,2567.00,2567.00,300,2712000
HAL_F2,02/23/2023,11:40:00,2567.00,2567.00,2565.60,2565.60,600,2712000
HAL_F2,02/23/2023,11:41:00,2566.00,2566.30,2566.00,2566.30,600,2712000
HAL_F2,02/23/2023,11:42:00,2565.05,2565.70,2565.05,2565.70,600,2713200
HAL_F2,02/23/2023,11:43:00,2565.00,2565.00,2564.55,2564.55,600,2713200
HAL_F2,02/23/2023,11:44:00,2565.75,2567.00,2565.75,2567.00,1500,2713200
HAL_F2,02/23/2023,11:45:00,2567.75,2569.00,2567.75,2569.00,900,2713200
HAL_F2,02/23/2023,11:46:00,2565.80,2565.80,2565.05,2565.45,1200,2713200
HAL_F2,02/23/2023,11:47:00,2567.10,2567.25,2565.85,2565.85,2400,2713200
HAL_F2,02/23/2023,11:48:00,2567.05,2567.05,2567.05,2567.05,300,2715000
HAL_F2,02/23/2023,11:49:00,2566.95,2566.95,2566.95,2566.95,600,2715000
HAL_F2,02/23/2023,11:50:00,2566.60,2566.60,2565.85,2565.85,900,2715000
HAL_F2,02/23/2023,11:51:00,2566.65,2566.65,2566.65,2566.65,300,2715000
HAL_F2,02/23/2023,11:52:00,2566.65,2566.65,2566.65,2566.65,1500,2715000
HAL_F2,02/23/2023,11:53:00,2566.40,2567.85,2566.40,2567.85,1200,2715000
HAL_F2,02/23/2023,11:54:00,2567.00,2567.00,2565.75,2565.75,1500,2715600
HAL_F2,02/23/2023,11:55:00,2566.35,2566.35,2566.30,2566.30,900,2715600
HAL_F2,02/23/2023,11:56:00,2564.90,2565.80,2564.90,2565.80,3000,2715600
HAL_F2,02/23/2023,11:57:00,2565.75,2566.40,2565.10,2565.10,3000,2718600
HAL_F2,02/23/2023,11:58:00,2565.10,2566.50,2565.10,2566.50,3000,2718600
HAL_F2,02/23/2023,11:59:00,2566.50,2566.50,2564.35,2564.40,4500,2718600
HAL_F2,02/23/2023,12:00:00,2564.40,2564.95,2564.40,2564.95,1500,2719800
HAL_F2,02/23/2023,12:01:00,2564.95,2565.25,2564.95,2565.15,3300,2719800
HAL_F2,02/23/2023,12:02:00,2565.75,2566.00,2564.30,2564.30,3000,2719800
HAL_F2,02/23/2023,12:03:00,2564.35,2564.95,2564.35,2564.95,1500,2723400
HAL_F2,02/23/2023,12:04:00,2564.00,2567.15,2564.00,2567.15,3600,2723400
HAL_F2,02/23/2023,12:05:00,2567.55,2567.55,2564.75,2564.75,1500,2723400
HAL_F2,02/23/2023,12:06:00,2564.75,2564.75,2564.75,2564.75,300,2723400
HAL_F2,02/23/2023,12:07:00,2563.70,2563.70,2561.65,2561.65,1200,2724900
HAL_F2,02/23/2023,12:08:00,2561.40,2561.70,2560.05,2561.70,1800,2724900
HAL_F2,02/23/2023,12:09:00,2562.00,2562.00,2561.70,2561.70,600,2726400
HAL_F2,02/23/2023,12:10:00,2560.05,2560.80,2560.05,2560.25,5700,2726400
HAL_F2,02/23/2023,12:11:00,2561.85,2563.70,2561.85,2562.95,5100,2726400
HAL_F2,02/23/2023,12:12:00,2564.60,2564.60,2562.40,2562.40,900,2734500
HAL_F2,02/23/2023,12:13:00,2561.40,2561.40,2559.15,2559.15,5700,2734500
HAL_F2,02/23/2023,12:14:00,2558.75,2558.75,2557.60,2558.65,1500,2734500
HAL_F2,02/23/2023,12:15:00,2557.55,2558.60,2557.00,2557.00,3000,2739000
HAL_F2,02/23/2023,12:16:00,2557.55,2558.40,2557.55,2558.40,1200,2739000
HAL_F2,02/23/2023,12:17:00,2558.40,2559.85,2558.10,2558.10,1200,2739000
HAL_F2,02/23/2023,12:18:00,2558.90,2558.90,2556.65,2556.65,1800,2740500
HAL_F2,02/23/2023,12:19:00,2555.90,2557.05,2555.90,2557.05,2100,2740500
HAL_F2,02/23/2023,12:20:00,2555.55,2555.55,2555.30,2555.30,5700,2740500
HAL_F2,02/23/2023,12:21:00,2555.30,2555.65,2555.15,2555.65,1500,2746800
HAL_F2,02/23/2023,12:22:00,2554.20,2554.20,2553.40,2553.85,2700,2746800
HAL_F2,02/23/2023,12:23:00,2553.40,2554.35,2553.40,2554.35,600,2746800
HAL_F2,02/23/2023,12:24:00,2552.80,2553.70,2552.80,2553.10,900,2748900
HAL_F2,02/23/2023,12:25:00,2552.05,2552.55,2552.00,2552.40,4800,2748900
HAL_F2,02/23/2023,12:26:00,2552.40,2553.00,2552.05,2552.05,1500,2748900
HAL_F2,02/23/2023,12:27:00,2553.30,2555.60,2553.30,2555.50,8700,2747100
HAL_F2,02/23/2023,12:28:00,2555.45,2555.45,2554.75,2555.45,900,2747100
HAL_F2,02/23/2023,12:29:00,2553.00,2553.45,2551.90,2553.20,1800,2747100
HAL_F2,02/23/2023,12:30:00,2553.00,2553.65,2552.95,2553.45,1800,2750700
HAL_F2,02/23/2023,12:31:00,2552.95,2552.95,2550.25,2551.00,5100,2750700
HAL_F2,02/23/2023,12:32:00,2551.05,2551.05,2548.25,2549.05,6600,2750700
HAL_F2,02/23/2023,12:33:00,2549.40,2549.40,2547.30,2548.10,2100,2759100
HAL_F2,02/23/2023,12:34:00,2548.10,2550.00,2548.10,2548.65,5400,2759100
HAL_F2,02/23/2023,12:35:00,2548.65,2548.65,2548.10,2548.10,5400,2759100
HAL_F2,02/23/2023,12:36:00,2549.20,2550.10,2548.55,2550.00,3600,2766000
HAL_F2,02/23/2023,12:37:00,2550.00,2550.00,2549.00,2549.00,1500,2766000
HAL_F2,02/23/2023,12:38:00,2548.60,2549.20,2548.60,2549.20,4800,2766000
HAL_F2,02/23/2023,12:39:00,2550.45,2550.45,2550.35,2550.35,19200,2776500
HAL_F2,02/23/2023,12:40:00,2550.35,2550.35,2550.35,2550.35,1200,2776500
HAL_F2,02/23/2023,12:41:00,2550.60,2551.35,2550.60,2551.30,1800,2776500
HAL_F2,02/23/2023,12:42:00,2550.85,2550.85,2550.85,2550.85,300,2776500
HAL_F2,02/23/2023,12:43:00,2550.00,2550.00,2548.50,2548.50,1500,2793900
HAL_F2,02/23/2023,12:44:00,2549.00,2549.00,2548.05,2548.85,2100,2793900
HAL_F2,02/23/2023,12:45:00,2548.85,2549.00,2548.85,2548.95,2400,2796000
HAL_F2,02/23/2023,12:46:00,2548.00,2548.00,2548.00,2548.00,6000,2796000
HAL_F2,02/23/2023,12:47:00,2548.00,2549.90,2548.00,2549.00,12300,2796000
HAL_F2,02/23/2023,12:48:00,2549.80,2549.80,2549.80,2549.80,1500,2795700
HAL_F2,02/23/2023,12:49:00,2550.35,2550.35,2550.35,2550.35,300,2795700
HAL_F2,02/23/2023,12:50:00,2550.35,2550.35,2549.00,2549.55,900,2795700
HAL_F2,02/23/2023,12:51:00,2549.90,2549.90,2549.90,2549.90,300,2795700
HAL_F2,02/23/2023,12:52:00,2552.65,2552.65,2552.65,2552.65,300,2797200
HAL_F2,02/23/2023,12:53:00,2552.65,2553.25,2552.00,2552.00,2700,2797200
HAL_F2,02/23/2023,12:54:00,2550.20,2552.50,2550.20,2552.50,1200,2798100
HAL_F2,02/23/2023,12:55:00,2552.50,2552.70,2550.05,2550.05,3300,2798100
HAL_F2,02/23/2023,12:56:00,2552.00,2552.00,2550.75,2551.00,4800,2798100
HAL_F2,02/23/2023,12:57:00,2551.95,2551.95,2550.95,2550.95,4500,2800800
HAL_F2,02/23/2023,12:58:00,2550.00,2550.85,2550.00,2550.05,1800,2800800
HAL_F2,02/23/2023,12:59:00,2550.05,2551.50,2549.85,2551.50,2700,2800800
HAL_F2,02/23/2023,13:00:00,2550.90,2550.90,2550.65,2550.65,1800,2800800
HAL_F2,02/23/2023,13:01:00,2550.15,2550.15,2550.15,2550.15,300,2807700
HAL_F2,02/23/2023,13:02:00,2550.05,2551.55,2550.05,2551.55,1500,2807700
HAL_F2,02/23/2023,13:03:00,2551.95,2552.85,2551.95,2552.85,3600,2808000
HAL_F2,02/23/2023,13:04:00,2552.25,2552.70,2552.25,2552.40,1500,2808000
HAL_F2,02/23/2023,13:05:00,2551.80,2551.80,2551.80,2551.80,4200,2808000
HAL_F2,02/23/2023,13:06:00,2551.05,2552.30,2551.00,2552.30,6600,2814000
HAL_F2,02/23/2023,13:07:00,2553.00,2557.65,2553.00,2557.65,4800,2814000
HAL_F2,02/23/2023,13:08:00,2558.00,2558.10,2555.80,2555.80,2100,2814000
HAL_F2,02/23/2023,13:09:00,2557.50,2557.70,2557.45,2557.70,1200,2819700
HAL_F2,02/23/2023,13:10:00,2557.70,2558.65,2557.70,2558.65,1200,2819700
HAL_F2,02/23/2023,13:11:00,2558.65,2558.65,2558.65,2558.65,300,2819700
HAL_F2,02/23/2023,13:12:00,2559.00,2559.00,2558.00,2558.00,900,2820300
HAL_F2,02/23/2023,13:13:00,2558.10,2559.45,2558.10,2559.45,3300,2820300
HAL_F2,02/23/2023,13:14:00,2558.85,2559.15,2558.85,2559.15,600,2820300
HAL_F2,02/23/2023,13:15:00,2559.10,2559.10,2558.05,2558.05,1500,2820600
HAL_F2,02/23/2023,13:16:00,2558.60,2558.90,2558.60,2558.90,900,2820600
HAL_F2,02/23/2023,13:17:00,2558.85,2558.85,2557.15,2557.15,900,2820600
HAL_F2,02/23/2023,13:20:00,2555.70,2555.70,2555.70,2555.70,900,2821500
HAL_F2,02/23/2023,13:21:00,2554.05,2554.95,2552.05,2552.05,6300,2824200
HAL_F2,02/23/2023,13:22:00,2553.05,2553.60,2552.00,2553.60,1200,2824200
HAL_F2,02/23/2023,13:23:00,2552.75,2552.90,2552.75,2552.90,2700,2824200
HAL_F2,02/23/2023,13:24:00,2551.65,2553.00,2551.65,2553.00,1500,2826600
HAL_F2,02/23/2023,13:26:00,2554.95,2555.35,2554.95,2555.35,600,2826600
HAL_F2,02/23/2023,13:27:00,2555.35,2556.10,2555.35,2556.10,600,2826600
HAL_F2,02/23/2023,13:28:00,2555.35,2556.80,2555.35,2556.80,1200,2826600
HAL_F2,02/23/2023,13:29:00,2556.80,2556.80,2555.45,2555.65,3000,2826600
HAL_F2,02/23/2023,13:30:00,2557.05,2557.65,2557.05,2557.65,600,2826600
HAL_F2,02/23/2023,13:31:00,2557.70,2557.70,2557.70,2557.70,300,2831100
HAL_F2,02/23/2023,13:32:00,2557.60,2558.50,2557.55,2558.50,900,2831100
HAL_F2,02/23/2023,13:33:00,2559.15,2559.60,2559.15,2559.60,600,2831400
HAL_F2,02/23/2023,13:34:00,2558.90,2558.90,2557.20,2557.20,1200,2831400
HAL_F2,02/23/2023,13:35:00,2556.95,2557.00,2555.10,2555.10,5100,2831400
HAL_F2,02/23/2023,13:36:00,2556.00,2556.00,2553.35,2554.75,3300,2834700
HAL_F2,02/23/2023,13:37:00,2555.50,2555.50,2555.35,2555.40,4500,2834700
HAL_F2,02/23/2023,13:38:00,2556.35,2556.70,2556.10,2556.10,1200,2834700
HAL_F2,02/23/2023,13:39:00,2557.30,2557.30,2557.00,2557.00,2700,2838000
HAL_F2,02/23/2023,13:41:00,2557.80,2558.30,2557.50,2558.30,2100,2838000
HAL_F2,02/23/2023,13:42:00,2558.65,2559.20,2558.55,2558.55,2400,2840400
HAL_F2,02/23/2023,13:43:00,2558.55,2558.55,2558.55,2558.55,600,2840400
HAL_F2,02/23/2023,13:44:00,2558.55,2560.00,2558.55,2559.70,1800,2840400
HAL_F2,02/23/2023,13:45:00,2561.00,2561.00,2561.00,2561.00,300,2841000
HAL_F2,02/23/2023,13:46:00,2561.60,2561.90,2560.55,2560.55,1500,2841000
HAL_F2,02/23/2023,13:47:00,2560.10,2561.00,2560.10,2561.00,600,2841000
HAL_F2,02/23/2023,13:48:00,2561.75,2561.75,2561.05,2561.50,3600,2842800
HAL_F2,02/23/2023,13:49:00,2561.00,2561.50,2561.00,2561.50,1800,2842800
HAL_F2,02/23/2023,13:50:00,2561.65,2561.65,2561.65,2561.65,300,2842800
HAL_F2,02/23/2023,13:51:00,2562.65,2565.75,2562.65,2565.75,4500,2844000
HAL_F2,02/23/2023,13:52:00,2565.00,2565.00,2564.50,2564.50,4500,2844000
HAL_F2,02/23/2023,13:53:00,2565.10,2565.10,2563.35,2563.35,2100,2844000
HAL_F2,02/23/2023,13:54:00,2564.90,2565.20,2563.75,2565.20,2100,2849700
HAL_F2,02/23/2023,13:55:00,2565.30,2565.30,2565.05,2565.05,3900,2849700
HAL_F2,02/23/2023,13:56:00,2565.00,2565.00,2562.20,2562.20,3300,2849700
HAL_F2,02/23/2023,13:57:00,2562.95,2562.95,2561.45,2562.80,2100,2855100
HAL_F2,02/23/2023,13:58:00,2561.85,2563.00,2561.80,2563.00,1500,2855100
HAL_F2,02/23/2023,13:59:00,2563.00,2563.85,2563.00,2563.40,2100,2855100
HAL_F2,02/23/2023,14:00:00,2562.25,2564.80,2562.00,2564.00,7200,2855100
HAL_F2,02/23/2023,14:01:00,2562.35,2563.10,2562.00,2562.50,7200,2856600
HAL_F2,02/23/2023,14:02:00,2563.20,2564.00,2563.20,2563.90,5700,2856600
HAL_F2,02/23/2023,14:03:00,2563.40,2563.40,2563.10,2563.10,1800,2862900
HAL_F2,02/23/2023,14:04:00,2563.10,2563.10,2563.10,2563.10,2100,2862900
HAL_F2,02/23/2023,14:05:00,2560.80,2560.80,2560.00,2560.00,3600,2862900
HAL_F2,02/23/2023,14:06:00,2558.15,2560.05,2558.15,2560.05,4500,2866800
HAL_F2,02/23/2023,14:07:00,2560.00,2564.55,2559.65,2562.10,18300,2866800
HAL_F2,02/23/2023,14:08:00,2562.65,2563.25,2562.60,2563.10,2100,2866800
HAL_F2,02/23/2023,14:09:00,2561.00,2561.00,2561.00,2561.00,600,2872800
HAL_F2,02/23/2023,14:11:00,2561.00,2561.00,2561.00,2561.00,300,2872800
HAL_F2,02/23/2023,14:12:00,2560.80,2560.80,2560.10,2560.35,1200,2871900
HAL_F2,02/23/2023,14:13:00,2560.85,2560.85,2560.25,2560.25,1800,2871900
HAL_F2,02/23/2023,14:14:00,2560.75,2560.75,2560.75,2560.75,1200,2871900
HAL_F2,02/23/2023,14:15:00,2560.25,2560.95,2560.25,2560.90,1800,2875200
HAL_F2,02/23/2023,14:16:00,2560.00,2561.70,2560.00,2561.70,900,2875200
HAL_F2,02/23/2023,14:17:00,2559.95,2561.40,2559.80,2560.50,3300,2875200
HAL_F2,02/23/2023,14:18:00,2561.50,2561.90,2560.10,2560.10,3000,2878200
HAL_F2,02/23/2023,14:19:00,2560.10,2560.40,2559.10,2559.10,3600,2878200
HAL_F2,02/23/2023,14:20:00,2559.10,2559.80,2559.00,2559.80,1800,2878200
HAL_F2,02/23/2023,14:21:00,2560.35,2563.85,2560.25,2561.55,8100,2886000
HAL_F2,02/23/2023,14:22:00,2561.55,2561.90,2561.00,2561.00,4500,2886000
HAL_F2,02/23/2023,14:23:00,2561.00,2561.00,2560.15,2560.15,2100,2886000
HAL_F2,02/23/2023,14:24:00,2559.70,2560.40,2559.35,2559.35,9000,2893800
HAL_F2,02/23/2023,14:25:00,2559.20,2559.20,2559.20,2559.20,1800,2893800
HAL_F2,02/23/2023,14:26:00,2559.20,2559.30,2557.90,2557.90,4500,2893800
HAL_F2,02/23/2023,14:27:00,2557.90,2557.90,2557.15,2557.15,13200,2904600
HAL_F2,02/23/2023,14:28:00,2557.10,2557.15,2557.10,2557.10,3900,2904600
HAL_F2,02/23/2023,14:29:00,2556.50,2557.70,2556.50,2556.80,5100,2904600
HAL_F2,02/23/2023,14:30:00,2559.00,2559.70,2559.00,2559.70,900,2914200
HAL_F2,02/23/2023,14:31:00,2559.25,2559.25,2554.35,2554.35,3900,2914200
HAL_F2,02/23/2023,14:32:00,2553.00,2554.55,2553.00,2553.40,900,2914200
HAL_F2,02/23/2023,14:33:00,2555.00,2555.70,2554.85,2554.85,3300,2916900
HAL_F2,02/23/2023,14:34:00,2556.70,2557.05,2554.00,2554.00,2700,2916900
HAL_F2,02/23/2023,14:35:00,2553.40,2553.40,2552.00,2552.00,900,2916900
HAL_F2,02/23/2023,14:36:00,2554.00,2554.00,2554.00,2554.00,300,2916900
HAL_F2,02/23/2023,14:37:00,2554.70,2554.70,2552.05,2552.05,2700,2919900
HAL_F2,02/23/2023,14:38:00,2552.00,2552.00,2551.75,2551.80,3300,2919900
HAL_F2,02/23/2023,14:39:00,2554.00,2554.00,2554.00,2554.00,300,2919900
HAL_F2,02/23/2023,14:40:00,2554.00,2554.00,2552.45,2552.45,1200,2924100
HAL_F2,02/23/2023,14:41:00,2554.00,2554.45,2553.60,2553.60,1800,2924100
HAL_F2,02/23/2023,14:42:00,2552.85,2553.00,2552.45,2553.00,2100,2925000
HAL_F2,02/23/2023,14:43:00,2552.15,2552.15,2549.20,2549.20,3600,2925000
HAL_F2,02/23/2023,14:44:00,2551.00,2551.00,2551.00,2551.00,1500,2925000
HAL_F2,02/23/2023,14:45:00,2552.05,2552.65,2552.05,2552.10,1500,2928300
HAL_F2,02/23/2023,14:46:00,2551.40,2552.00,2551.40,2552.00,3000,2928300
HAL_F2,02/23/2023,14:47:00,2550.60,2551.50,2550.05,2550.45,2700,2928300
HAL_F2,02/23/2023,14:48:00,2550.15,2550.95,2550.15,2550.95,900,2931000
HAL_F2,02/23/2023,14:49:00,2550.55,2551.75,2550.55,2551.75,900,2931000
HAL_F2,02/23/2023,14:50:00,2552.30,2553.65,2552.15,2552.15,1500,2931000
HAL_F2,02/23/2023,14:51:00,2551.35,2551.85,2551.35,2551.85,2100,2932200
HAL_F2,02/23/2023,14:52:00,2551.70,2552.30,2551.70,2552.30,1800,2932200
HAL_F2,02/23/2023,14:53:00,2551.10,2552.35,2551.10,2552.35,2400,2932200
HAL_F2,02/23/2023,14:54:00,2551.15,2552.40,2551.15,2552.00,5400,2937300
HAL_F2,02/23/2023,14:55:00,2552.00,2552.00,2551.00,2551.00,1500,2937300
HAL_F2,02/23/2023,14:56:00,2550.85,2552.00,2550.30,2552.00,4500,2937300
HAL_F2,02/23/2023,14:57:00,2551.55,2551.55,2550.05,2550.05,900,2940000
HAL_F2,02/23/2023,14:58:00,2551.70,2552.20,2551.50,2551.50,3900,2940000
HAL_F2,02/23/2023,14:59:00,2551.65,2551.65,2550.90,2550.90,900,2940000
HAL_F2,02/23/2023,15:00:00,2553.55,2554.40,2552.50,2554.40,9000,2945100
HAL_F2,02/23/2023,15:01:00,2553.70,2553.85,2552.45,2553.60,1200,2945100
HAL_F2,02/23/2023,15:02:00,2552.65,2552.65,2552.00,2552.65,2700,2945100
HAL_F2,02/23/2023,15:03:00,2551.55,2551.75,2551.00,2551.00,2100,2948400
HAL_F2,02/23/2023,15:04:00,2551.70,2551.70,2548.80,2548.80,5700,2948400
HAL_F2,02/23/2023,15:05:00,2548.75,2550.70,2548.75,2550.70,1500,2948400
HAL_F2,02/23/2023,15:06:00,2552.00,2552.00,2550.75,2550.75,600,2948400
HAL_F2,02/23/2023,15:07:00,2550.25,2551.50,2550.00,2551.40,4800,2948400
HAL_F2,02/23/2023,15:08:00,2552.05,2552.85,2552.05,2552.85,900,2951100
HAL_F2,02/23/2023,15:09:00,2552.85,2555.00,2552.85,2555.00,14400,2958000
HAL_F2,02/23/2023,15:10:00,2556.00,2557.85,2554.55,2554.85,6000,2958000
HAL_F2,02/23/2023,15:11:00,2556.30,2556.30,2554.55,2554.60,6000,2958000
HAL_F2,02/23/2023,15:12:00,2552.35,2553.30,2551.90,2553.30,6300,2959800
HAL_F2,02/23/2023,15:13:00,2553.50,2555.50,2553.50,2555.50,1800,2959800
HAL_F2,02/23/2023,15:14:00,2554.55,2554.55,2552.85,2554.35,3000,2959800
HAL_F2,02/23/2023,15:15:00,2553.55,2554.70,2552.95,2553.45,5100,2964000
HAL_F2,02/23/2023,15:16:00,2552.90,2554.50,2552.50,2554.00,6600,2964000
HAL_F2,02/23/2023,15:17:00,2554.00,2554.40,2553.05,2553.05,8400,2964000
HAL_F2,02/23/2023,15:18:00,2553.15,2555.45,2553.05,2554.20,4800,2972700
HAL_F2,02/23/2023,15:19:00,2554.60,2555.50,2552.70,2554.15,9000,2972700
HAL_F2,02/23/2023,15:20:00,2555.00,2555.00,2551.25,2553.65,28500,2972700
HAL_F2,02/23/2023,15:21:00,2553.05,2554.10,2552.85,2554.00,6900,2989800
HAL_F2,02/23/2023,15:22:00,2554.00,2555.25,2554.00,2555.25,6000,2989800
HAL_F2,02/23/2023,15:23:00,2554.30,2554.30,2554.00,2554.00,2400,2989800
HAL_F2,02/23/2023,15:24:00,2554.50,2554.50,2554.00,2554.00,8100,3000300
HAL_F2,02/23/2023,15:25:00,2553.05,2553.05,2546.60,2547.70,46800,3000300
HAL_F2,02/23/2023,15:26:00,2545.85,2556.35,2545.85,2552.80,31800,3000300
HAL_F2,02/23/2023,15:27:00,2552.65,2556.10,2552.65,2556.10,6000,3036300
HAL_F2,02/23/2023,15:28:00,2555.55,2556.00,2554.00,2555.00,6900,3036300
HAL_F2,02/23/2023,15:29:00,2553.45,2558.90,2552.05,2558.90,12900,3036300
HAL_F2,02/24/2023,09:15:00,2580.00,2580.00,2580.00,2580.00,301,0
HAL_F2,02/24/2023,09:16:00,2573.80,2573.80,2573.80,2573.80,300,54000
HAL_F2,02/24/2023,09:19:00,2566.50,2566.50,2566.50,2566.50,300,54300
HAL_F2,02/24/2023,09:24:00,2566.50,2566.50,2566.50,2566.50,300,54300
HAL_F2,02/24/2023,09:26:00,2570.45,2570.45,2570.45,2570.45,300,54300
HAL_F2,02/24/2023,09:28:00,2570.45,2570.45,2570.45,2570.45,300,54300
HAL_F2,02/24/2023,09:32:00,2565.00,2565.00,2565.00,2565.00,600,54600
HAL_F2,02/24/2023,09:35:00,2562.55,2562.55,2562.55,2562.55,300,54600
HAL_F2,02/24/2023,09:36:00,2560.00,2560.00,2560.00,2560.00,300,55200
HAL_F2,02/24/2023,09:39:00,2560.00,2560.00,2560.00,2560.00,300,55500
HAL_F2,02/24/2023,09:41:00,2551.45,2551.45,2551.45,2551.45,300,55500
HAL_F2,02/24/2023,09:42:00,2551.45,2551.45,2551.45,2551.45,300,55500
HAL_F2,02/24/2023,09:45:00,2550.00,2550.00,2545.00,2545.00,600,55800
HAL_F2,02/24/2023,09:47:00,2541.00,2541.00,2541.00,2541.00,300,56100
HAL_F2,02/24/2023,09:52:00,2541.00,2548.20,2541.00,2548.20,600,56400
HAL_F2,02/24/2023,09:53:00,2550.60,2550.60,2550.60,2550.60,300,56400
HAL_F2,02/24/2023,09:54:00,2551.70,2551.70,2551.70,2551.70,300,56400
HAL_F2,02/24/2023,09:58:00,2554.15,2554.15,2554.15,2554.15,300,56400
HAL_F2,02/24/2023,10:12:00,2554.60,2554.60,2554.60,2554.60,300,56400
HAL_F2,02/24/2023,10:18:00,2554.90,2554.90,2554.90,2554.90,300,56400
HAL_F2,02/24/2023,10:30:00,2550.20,2550.20,2550.20,2550.20,300,56700
HAL_F2,02/24/2023,10:35:00,2548.95,2548.95,2548.95,2548.95,300,56700
HAL_F2,02/24/2023,10:38:00,2548.60,2548.60,2548.60,2548.60,300,56700
HAL_F2,02/24/2023,10:44:00,2549.10,2549.10,2549.10,2549.10,300,57000
HAL_F2,02/24/2023,10:45:00,2546.00,2546.00,2546.00,2546.00,300,57000
HAL_F2,02/24/2023,10:57:00,2540.00,2540.00,2540.00,2540.00,300,57000
HAL_F2,02/24/2023,11:34:00,2540.00,2540.00,2540.00,2540.00,300,57000
HAL_F2,02/24/2023,11:48:00,2543.00,2543.00,2543.00,2543.00,300,57000
HAL_F2,02/24/2023,11:50:00,2542.35,2542.35,2542.35,2542.35,300,57000
HAL_F2,02/24/2023,12:13:00,2542.30,2542.30,2542.30,2542.30,300,57000
HAL_F2,02/24/2023,12:53:00,2544.20,2544.20,2544.20,2544.20,300,56700
HAL_F2,02/24/2023,13:50:00,2549.25,2549.25,2548.05,2548.05,900,56700
HAL_F2,02/24/2023,14:01:00,2548.60,2548.60,2548.60,2548.60,600,56700
HAL_F2,02/24/2023,14:35:00,2550.70,2550.70,2550.70,2550.70,300,56700
HAL_F2,02/24/2023,14:37:00,2552.00,2552.00,2552.00,2552.00,900,56700
HAL_F2,02/24/2023,14:41:00,2560.15,2560.15,2560.15,2560.15,300,56700
HAL_F2,02/24/2023,15:16:00,2555.30,2555.30,2555.30,2555.30,300,57000
HAL_F2,02/24/2023,15:20:00,2554.40,2554.40,2554.40,2554.40,300,57000
HAL_F2,02/24/2023,15:23:00,2556.00,2556.00,2556.00,2556.00,300,57000
HAL_F2,02/24/2023,15:25:00,2556.55,2556.75,2556.55,2556.75,900,57300
HAL_F2,02/24/2023,15:29:00,2564.65,2564.90,2564.65,2564.90,600,57300
HAL_F2,02/27/2023,09:25:00,2573.00,2573.00,2573.00,2573.00,301,57300
HAL_F2,02/27/2023,09:38:00,2575.50,2575.50,2575.50,2575.50,300,57000
HAL_F2,02/27/2023,09:39:00,2575.50,2575.50,2566.50,2566.50,600,57000
HAL_F2,02/27/2023,09:41:00,2566.50,2566.50,2566.50,2566.50,300,57000
HAL_F2,02/27/2023,09:45:00,2582.00,2582.00,2582.00,2582.00,600,56700
HAL_F2,02/27/2023,09:47:00,2575.00,2575.00,2575.00,2575.00,300,56700
HAL_F2,02/27/2023,09:58:00,2573.10,2575.00,2573.10,2575.00,600,56700
HAL_F2,02/27/2023,10:06:00,2555.00,2555.00,2555.00,2555.00,300,56100
HAL_F2,02/27/2023,10:08:00,2555.00,2555.00,2555.00,2555.00,300,56100
HAL_F2,02/27/2023,10:23:00,2562.50,2562.50,2562.50,2562.50,300,56100
HAL_F2,02/27/2023,10:34:00,2545.00,2545.00,2545.00,2545.00,600,56400
HAL_F2,02/27/2023,10:36:00,2541.00,2541.00,2541.00,2541.00,300,56400
HAL_F2,02/27/2023,11:01:00,2541.00,2541.00,2541.00,2541.00,300,56700
HAL_F2,02/27/2023,11:05:00,2548.00,2548.00,2548.00,2548.00,300,56700
HAL_F2,02/27/2023,11:09:00,2548.00,2548.00,2548.00,2548.00,300,57000
HAL_F2,02/27/2023,11:38:00,2563.00,2563.00,2563.00,2563.00,300,57300
HAL_F2,02/27/2023,11:49:00,2557.10,2557.10,2557.10,2557.10,300,57300
HAL_F2,02/27/2023,13:02:00,2558.70,2558.70,2558.70,2558.70,300,57300
HAL_F2,02/27/2023,13:45:00,2570.65,2570.65,2570.65,2570.65,300,57600
HAL_F2,02/27/2023,13:51:00,2567.00,2567.00,2567.00,2567.00,300,57900
HAL_F2,02/27/2023,14:00:00,2578.75,2578.75,2578.75,2578.75,300,57900
HAL_F2,02/27/2023,14:02:00,2577.45,2577.45,2577.45,2577.45,300,57600
HAL_F2,02/27/2023,14:04:00,2581.50,2581.50,2581.50,2581.50,300,57300
HAL_F2,02/27/2023,14:11:00,2585.00,2590.00,2585.00,2590.00,1200,57600
HAL_F2,02/27/2023,14:12:00,2590.00,2590.00,2590.00,2590.00,300,57600
HAL_F2,02/27/2023,14:30:00,2586.45,2586.45,2586.45,2586.45,300,57300
HAL_F2,02/27/2023,14:32:00,2590.00,2590.00,2590.00,2590.00,300,57300
HAL_F2,02/27/2023,14:37:00,2594.45,2594.45,2594.45,2594.45,600,57600
HAL_F2,02/27/2023,14:47:00,2589.15,2589.15,2589.15,2589.15,300,57300
HAL_F2,02/27/2023,14:48:00,2587.00,2587.00,2587.00,2587.00,300,57300
HAL_F2,02/27/2023,14:50:00,2586.60,2586.60,2586.60,2586.60,600,57300
HAL_F2,02/27/2023,14:54:00,2592.75,2592.75,2592.75,2592.75,300,57300
HAL_F2,02/27/2023,14:55:00,2593.00,2593.00,2593.00,2593.00,300,57300
HAL_F2,02/27/2023,15:05:00,2590.85,2590.85,2590.85,2590.85,300,57000
HAL_F2,02/27/2023,15:13:00,2593.00,2593.00,2593.00,2593.00,300,57300
HAL_F2,02/27/2023,15:19:00,2586.60,2586.60,2586.60,2586.60,300,57000
HAL_F2,02/27/2023,15:20:00,2590.00,2590.00,2590.00,2590.00,600,57000
HAL_F2,02/27/2023,15:21:00,2590.00,2590.00,2590.00,2590.00,300,57000
HAL_F2,02/27/2023,15:27:00,2594.95,2595.00,2594.95,2595.00,600,56700
HAL_F2,02/27/2023,15:29:00,2596.00,2596.00,2596.00,2596.00,300,56700
HAL_F2,02/28/2023,09:20:00,2611.50,2618.70,2611.50,2618.70,901,56700
HAL_F2,02/28/2023,09:22:00,2620.65,2622.90,2620.65,2622.90,600,56700
HAL_F2,02/28/2023,09:23:00,2622.90,2622.90,2607.45,2607.45,600,57600
HAL_F2,02/28/2023,09:25:00,2609.00,2609.00,2606.50,2606.50,1200,57600
HAL_F2,02/28/2023,09:26:00,2614.15,2614.15,2614.15,2614.15,300,57600
HAL_F2,02/28/2023,09:29:00,2598.45,2598.45,2598.45,2598.45,600,58200
HAL_F2,02/28/2023,09:31:00,2603.00,2603.00,2603.00,2603.00,600,58200
HAL_F2,02/28/2023,09:37:00,2603.00,2603.25,2603.00,2603.25,600,58500
HAL_F2,02/28/2023,09:39:00,2605.65,2605.65,2605.65,2605.65,300,58500
HAL_F2,02/28/2023,09:42:00,2609.85,2609.85,2609.85,2609.85,300,58200
HAL_F2,02/28/2023,09:47:00,2604.50,2604.50,2604.50,2604.50,300,58200
HAL_F2,02/28/2023,09:56:00,2593.25,2593.25,2591.80,2591.80,600,58500
HAL_F2,02/28/2023,10:00:00,2591.80,2591.80,2591.80,2591.80,300,58200
HAL_F2,02/28/2023,10:07:00,2591.10,2591.10,2591.10,2591.10,300,58500
HAL_F2,02/28/2023,10:09:00,2588.40,2588.40,2588.40,2588.40,300,58800
HAL_F2,02/28/2023,10:14:00,2588.40,2588.40,2588.40,2588.40,300,58800
HAL_F2,02/28/2023,10:17:00,2591.60,2591.60,2591.60,2591.60,300,58800
HAL_F2,02/28/2023,10:25:00,2597.90,2597.90,2597.90,2597.90,300,58500
HAL_F2,02/28/2023,10:26:00,2600.85,2600.85,2600.85,2600.85,300,58500
HAL_F2,02/28/2023,10:35:00,2593.35,2593.35,2593.35,2593.35,300,58500
HAL_F2,02/28/2023,10:43:00,2599.25,2599.25,2599.25,2599.25,300,58500
HAL_F2,02/28/2023,11:08:00,2602.15,2602.15,2602.15,2602.15,300,58500
HAL_F2,02/28/2023,11:09:00,2601.20,2601.20,2601.20,2601.20,300,58500
HAL_F2,02/28/2023,11:24:00,2602.00,2602.00,2602.00,2602.00,300,58500
HAL_F2,02/28/2023,11:25:00,2601.45,2601.45,2601.45,2601.45,300,58500
HAL_F2,02/28/2023,11:28:00,2605.00,2605.00,2605.00,2605.00,300,58500
HAL_F2,02/28/2023,11:31:00,2602.00,2602.00,2602.00,2602.00,300,58500
HAL_F2,02/28/2023,11:43:00,2599.85,2599.85,2599.85,2599.85,300,58800
HAL_F2,02/28/2023,11:46:00,2600.00,2600.00,2600.00,2600.00,300,58800
HAL_F2,02/28/2023,11:48:00,2603.00,2603.00,2603.00,2603.00,300,58800
HAL_F2,02/28/2023,11:52:00,2601.00,2601.00,2601.00,2601.00,300,58800
HAL_F2,02/28/2023,11:53:00,2601.40,2601.40,2601.40,2601.40,300,58800
HAL_F2,02/28/2023,11:54:00,2603.00,2603.00,2603.00,2603.00,300,58800
HAL_F2,02/28/2023,11:58:00,2600.70,2600.70,2600.70,2600.70,300,58800
HAL_F2,02/28/2023,12:01:00,2601.00,2601.00,2601.00,2601.00,300,58800
HAL_F2,02/28/2023,12:18:00,2601.60,2601.60,2601.60,2601.60,300,59100
HAL_F2,02/28/2023,12:20:00,2601.75,2601.75,2601.75,2601.75,600,59100
HAL_F2,02/28/2023,12:21:00,2606.60,2606.60,2606.60,2606.60,300,59700
HAL_F2,02/28/2023,12:23:00,2608.45,2608.45,2608.45,2608.45,300,59700
HAL_F2,02/28/2023,12:25:00,2609.00,2609.00,2609.00,2609.00,900,60000
HAL_F2,02/28/2023,12:26:00,2606.05,2606.05,2606.05,2606.05,300,60000
HAL_F2,02/28/2023,13:28:00,2591.90,2591.90,2591.90,2591.90,300,61200
HAL_F2,02/28/2023,13:31:00,2591.50,2591.50,2591.50,2591.50,300,61500
HAL_F2,02/28/2023,14:02:00,2580.00,2580.00,2580.00,2580.00,600,61500
HAL_F2,02/28/2023,14:08:00,2580.00,2580.00,2580.00,2580.00,300,61200
HAL_F2,02/28/2023,14:20:00,2580.60,2580.60,2580.60,2580.60,300,61500
HAL_F2,02/28/2023,14:34:00,2591.90,2591.90,2591.90,2591.90,300,61500
HAL_F2,02/28/2023,14:48:00,2584.55,2584.60,2584.55,2584.60,600,61500
HAL_F2,02/28/2023,14:57:00,2580.00,2580.00,2580.00,2580.00,600,61800
HAL_F2,02/28/2023,14:58:00,2582.10,2582.10,2582.10,2582.10,300,61800
HAL_F2,02/28/2023,15:00:00,2582.40,2583.90,2582.40,2583.90,600,61800
HAL_F2,02/28/2023,15:10:00,2590.75,2590.75,2590.75,2590.75,300,62700
HAL_F2,02/28/2023,15:12:00,2593.00,2593.00,2593.00,2593.00,300,62700
HAL_F2,02/28/2023,15:23:00,2598.50,2598.50,2598.50,2598.50,300,62400
HAL_F2,02/28/2023,15:27:00,2599.90,2599.90,2599.90,2599.90,300,62700
HAL_F2,02/28/2023,15:28:00,2600.00,2600.00,2600.00,2600.00,300,63000
