<ticker>,<date>,<time>,<open>,<high>,<low>,<close>,<volume>,<OI> 
BOSCHLTD_F2,01-11-2023,09:24:00,19502.75,19502.75,19502.75,19502.75,51,2300
BOSCHLTD_F2,01-11-2023,10:42:00,19454.6504,19454.6504,19454.6504,19454.6504,50,2250
BOSCHLTD_F2,01-11-2023,12:16:00,19387.6992,19387.6992,19387.6992,19387.6992,50,2300
BOSCHLTD_F2,01-11-2023,13:22:00,19387.6992,19387.6992,19387.6992,19387.6992,50,2350
BOSCHLTD_F2,01-11-2023,14:18:00,19458.1504,19458.1504,19458.1504,19458.1504,50,2350
BOSCHLTD_F2,01-11-2023,15:26:00,19350.0996,19350.0996,19350.0996,19350.0996,50,2400
BOSCHLTD_F2,02-11-2023,09:18:00,19483.1504,19483.1504,19483.1504,19483.1504,51,2400
BOSCHLTD_F2,02-11-2023,09:40:00,19460.0,19460.0,19460.0,19460.0,50,2400
BOSCHLTD_F2,02-11-2023,09:41:00,19455.0,19455.0,19455.0,19455.0,50,2400
BOSCHLTD_F2,02-11-2023,09:58:00,19439.75,19439.75,19439.75,19439.75,50,2500
BOSCHLTD_F2,02-11-2023,10:25:00,19411.25,19411.25,19411.25,19411.25,50,2500
BOSCHLTD_F2,02-11-2023,10:28:00,19390.0,19390.0,19390.0,19390.0,50,2550
BOSCHLTD_F2,02-11-2023,11:05:00,19390.0,19390.0,19390.0,19390.0,50,2550
BOSCHLTD_F2,02-11-2023,13:15:00,19390.0,19390.0,19390.0,19390.0,50,2600
BOSCHLTD_F2,02-11-2023,14:31:00,19455.0,19455.0,19455.0,19455.0,50,2550
BOSCHLTD_F2,02-11-2023,15:08:00,19504.8008,19504.8008,19504.8008,19504.8008,50,2550
BOSCHLTD_F2,03-11-2023,09:21:00,19525.5,19525.5,19525.5,19525.5,51,2500
BOSCHLTD_F2,03-11-2023,09:25:00,19541.0,19541.0,19541.0,19541.0,50,2550
BOSCHLTD_F2,03-11-2023,09:42:00,19541.0,19541.0,19541.0,19541.0,50,2600
BOSCHLTD_F2,03-11-2023,09:50:00,19500.9492,19500.9492,19500.9492,19500.9492,50,2550
BOSCHLTD_F2,03-11-2023,10:59:00,19550.0,19550.0,19550.0,19550.0,50,2600
BOSCHLTD_F2,03-11-2023,13:06:00,19550.0,19550.0,19550.0,19550.0,50,2600
BOSCHLTD_F2,03-11-2023,13:28:00,19445.0,19445.0,19445.0,19445.0,50,2650
BOSCHLTD_F2,03-11-2023,13:44:00,19446.0,19446.0,19444.0,19444.0,300,2700
BOSCHLTD_F2,03-11-2023,15:05:00,19444.0,19444.0,19444.0,19444.0,50,2900
BOSCHLTD_F2,03-11-2023,15:23:00,19506.3496,19506.3496,19506.3496,19506.3496,50,2900
BOSCHLTD_F2,06-11-2023,09:53:00,19523.0,19523.0,19523.0,19523.0,51,2850
BOSCHLTD_F2,06-11-2023,10:04:00,19580.0,19580.0,19580.0,19580.0,100,2800
BOSCHLTD_F2,06-11-2023,11:14:00,19650.0,19650.0,19650.0,19650.0,50,2850
BOSCHLTD_F2,06-11-2023,11:39:00,19678.1992,19678.1992,19678.1992,19678.1992,100,2850
BOSCHLTD_F2,06-11-2023,11:40:00,19678.1992,19678.1992,19678.1992,19678.1992,50,2850
BOSCHLTD_F2,06-11-2023,11:59:00,19678.1992,19678.1992,19630.0508,19630.0508,200,2900
BOSCHLTD_F2,06-11-2023,12:10:00,19630.0,19630.0,19630.0,19630.0,100,2950
BOSCHLTD_F2,06-11-2023,12:28:00,19600.0,19600.0,19600.0,19600.0,150,3000
BOSCHLTD_F2,06-11-2023,12:30:00,19580.0,19580.0,19580.0,19580.0,50,3050
BOSCHLTD_F2,06-11-2023,13:34:00,19607.9492,19607.9492,19607.9492,19607.9492,50,3100
BOSCHLTD_F2,06-11-2023,14:47:00,19649.8008,19649.8008,19649.8008,19649.8008,50,3100
BOSCHLTD_F2,06-11-2023,14:55:00,19629.6504,19629.6504,19629.6504,19629.6504,50,3050
BOSCHLTD_F2,06-11-2023,15:25:00,19581.4492,19581.4492,19581.4492,19581.4492,50,3050
BOSCHLTD_F2,06-11-2023,15:26:00,19582.6504,19582.6504,19582.6504,19582.6504,50,3050
BOSCHLTD_F2,07-11-2023,10:26:00,19662.5,19665.1992,19662.5,19665.1992,102,3000
BOSCHLTD_F2,07-11-2023,10:35:00,19699.0,19699.0,19699.0,19699.0,50,3100
BOSCHLTD_F2,07-11-2023,10:39:00,19705.0,19705.0,19705.0,19705.0,100,3050
BOSCHLTD_F2,07-11-2023,10:40:00,19632.5996,19632.5996,19632.5996,19632.5996,100,3050
BOSCHLTD_F2,07-11-2023,10:45:00,19632.5996,19632.5996,19632.5996,19632.5996,100,3150
BOSCHLTD_F2,07-11-2023,11:04:00,19678.9004,19678.9004,19678.9004,19678.9004,50,3150
BOSCHLTD_F2,07-11-2023,11:07:00,19642.4004,19642.4004,19642.4004,19642.4004,50,3200
BOSCHLTD_F2,07-11-2023,11:10:00,19650.0,19650.0,19650.0,19650.0,50,3150
BOSCHLTD_F2,07-11-2023,11:34:00,19682.25,19682.25,19682.25,19682.25,150,3200
BOSCHLTD_F2,07-11-2023,11:41:00,19672.0,19672.0,19672.0,19672.0,50,3150
BOSCHLTD_F2,07-11-2023,11:54:00,19600.0,19600.0,19600.0,19600.0,100,3200
BOSCHLTD_F2,07-11-2023,12:03:00,19600.0,19600.0,19600.0,19600.0,100,3200
BOSCHLTD_F2,07-11-2023,13:23:00,19600.0,19600.0,19600.0,19600.0,50,3250
BOSCHLTD_F2,07-11-2023,13:29:00,19685.0,19685.0,19685.0,19685.0,50,3300
BOSCHLTD_F2,07-11-2023,13:44:00,19750.0,19750.0,19750.0,19750.0,50,3300
BOSCHLTD_F2,07-11-2023,13:50:00,19780.0,19780.0,19780.0,19780.0,50,3250
BOSCHLTD_F2,07-11-2023,13:56:00,19799.9004,19799.9004,19799.9004,19799.9004,350,3300
BOSCHLTD_F2,07-11-2023,14:06:00,19799.9004,19799.9004,19799.9004,19799.9004,100,3550
BOSCHLTD_F2,07-11-2023,14:07:00,19800.0,19800.0,19800.0,19800.0,100,3550
BOSCHLTD_F2,07-11-2023,14:29:00,19800.0,19800.0,19800.0,19800.0,50,3500
BOSCHLTD_F2,07-11-2023,14:42:00,19809.9492,19809.9492,19809.9492,19809.9492,50,3500
BOSCHLTD_F2,07-11-2023,14:44:00,19809.9492,19809.9492,19809.9492,19809.9492,50,3500
BOSCHLTD_F2,07-11-2023,15:00:00,19800.0,19800.0,19800.0,19800.0,50,3600
BOSCHLTD_F2,07-11-2023,15:01:00,19800.0,19800.0,19800.0,19800.0,100,3600
BOSCHLTD_F2,07-11-2023,15:07:00,19740.3008,19740.3008,19740.3008,19740.3008,100,3600
BOSCHLTD_F2,07-11-2023,15:20:00,19740.3008,19740.3008,19740.3008,19740.3008,300,3600
BOSCHLTD_F2,07-11-2023,15:22:00,19753.0,19753.0,19753.0,19753.0,50,3600
BOSCHLTD_F2,07-11-2023,15:25:00,19773.0508,19773.0508,19773.0508,19773.0508,50,3650
BOSCHLTD_F2,07-11-2023,15:27:00,19773.0508,19773.0508,19773.0508,19773.0508,50,3650
BOSCHLTD_F2,08-11-2023,09:18:00,19772.5996,19873.9492,19772.5996,19873.9492,401,3700
BOSCHLTD_F2,08-11-2023,09:19:00,19855.0,19855.0,19855.0,19855.0,100,3700
BOSCHLTD_F2,08-11-2023,09:20:00,19850.0,19850.0,19844.3496,19844.3496,100,3700
BOSCHLTD_F2,08-11-2023,09:23:00,19850.0,19850.0,19850.0,19850.0,50,4050
BOSCHLTD_F2,08-11-2023,09:24:00,19911.5,19911.5,19911.5,19911.5,50,4100
BOSCHLTD_F2,08-11-2023,09:26:00,19911.5,19911.5,19911.5,19911.5,50,4100
BOSCHLTD_F2,08-11-2023,09:41:00,19891.5996,19891.5996,19891.5996,19891.5996,50,4150
BOSCHLTD_F2,08-11-2023,09:49:00,19836.1504,19836.1504,19836.1504,19836.1504,50,4150
BOSCHLTD_F2,08-11-2023,10:22:00,19800.0,19800.0,19772.3496,19772.3496,350,4150
BOSCHLTD_F2,08-11-2023,10:23:00,19750.0,19750.0,19750.0,19750.0,150,4150
BOSCHLTD_F2,08-11-2023,10:26:00,19722.75,19722.75,19722.75,19722.75,50,4300
BOSCHLTD_F2,08-11-2023,10:34:00,19700.0,19700.0,19700.0,19700.0,50,4300
BOSCHLTD_F2,08-11-2023,10:35:00,19692.9492,19692.9492,19692.9492,19692.9492,50,4300
BOSCHLTD_F2,08-11-2023,11:38:00,19634.4492,19634.4492,19634.4492,19634.4492,50,4350
BOSCHLTD_F2,08-11-2023,11:59:00,19590.0508,19590.0508,19590.0508,19590.0508,150,4300
BOSCHLTD_F2,08-11-2023,12:01:00,19550.0,19550.0,19550.0,19550.0,50,4250
BOSCHLTD_F2,08-11-2023,12:04:00,19525.0,19525.0,19525.0,19525.0,50,4250
BOSCHLTD_F2,08-11-2023,12:11:00,19525.0,19525.0,19525.0,19525.0,50,4300
BOSCHLTD_F2,08-11-2023,12:42:00,19530.0,19530.0,19530.0,19530.0,150,4250
BOSCHLTD_F2,08-11-2023,12:43:00,19530.0,19530.0,19530.0,19530.0,50,4250
BOSCHLTD_F2,08-11-2023,12:45:00,19530.0,19530.0,19500.0,19500.0,300,4400
BOSCHLTD_F2,08-11-2023,12:49:00,19370.0,19370.0,19370.0,19370.0,50,4450
BOSCHLTD_F2,08-11-2023,13:22:00,19370.0,19370.0,19370.0,19370.0,50,4400
BOSCHLTD_F2,08-11-2023,13:29:00,19508.5,19508.5,19484.4492,19484.4492,100,4400
BOSCHLTD_F2,08-11-2023,13:32:00,19484.8496,19484.8496,19484.8496,19484.8496,200,4400
BOSCHLTD_F2,08-11-2023,13:37:00,19510.0,19510.0,19510.0,19510.0,100,4500
BOSCHLTD_F2,08-11-2023,13:38:00,19520.0,19520.0,19520.0,19520.0,100,4500
BOSCHLTD_F2,08-11-2023,13:39:00,19540.0,19540.0,19540.0,19540.0,100,4500
BOSCHLTD_F2,08-11-2023,13:44:00,19560.0,19560.0,19560.0,19560.0,100,4600
BOSCHLTD_F2,08-11-2023,13:47:00,19560.0,19560.0,19560.0,19560.0,150,4700
BOSCHLTD_F2,08-11-2023,13:48:00,19559.0,19559.0,19559.0,19559.0,50,4700
BOSCHLTD_F2,08-11-2023,13:50:00,19545.0,19545.0,19545.0,19545.0,150,4750
BOSCHLTD_F2,08-11-2023,13:51:00,19540.0,19542.4492,19540.0,19542.4492,450,4750
BOSCHLTD_F2,08-11-2023,13:52:00,19550.0,19550.0,19536.0996,19536.0996,100,4950
BOSCHLTD_F2,08-11-2023,13:54:00,19536.0996,19536.0996,19536.0996,19536.0996,50,5000
BOSCHLTD_F2,08-11-2023,13:55:00,19545.0,19545.0,19545.0,19545.0,50,5000
BOSCHLTD_F2,08-11-2023,13:56:00,19544.5996,19544.5996,19544.5996,19544.5996,50,5000
BOSCHLTD_F2,08-11-2023,14:07:00,19550.0,19550.0,19550.0,19550.0,100,5100
BOSCHLTD_F2,08-11-2023,14:08:00,19545.6992,19545.6992,19520.0,19520.0,150,5100
BOSCHLTD_F2,08-11-2023,14:22:00,19520.0,19520.0,19520.0,19520.0,50,5300
BOSCHLTD_F2,08-11-2023,14:28:00,19520.0,19520.0,19520.0,19520.0,150,5350
BOSCHLTD_F2,08-11-2023,14:29:00,19520.0,19520.0,19520.0,19520.0,100,5350
BOSCHLTD_F2,08-11-2023,14:30:00,19500.0,19500.0,19500.0,19500.0,50,5500
BOSCHLTD_F2,08-11-2023,14:31:00,19480.0,19480.0,19480.0,19480.0,50,5500
BOSCHLTD_F2,08-11-2023,14:32:00,19480.0,19480.0,19480.0,19480.0,100,5500
BOSCHLTD_F2,08-11-2023,14:33:00,19480.0,19480.0,19480.0,19480.0,100,5650
BOSCHLTD_F2,08-11-2023,14:34:00,19470.0,19470.0,19470.0,19470.0,50,5650
BOSCHLTD_F2,08-11-2023,14:35:00,19450.0,19450.0,19450.0,19450.0,100,5650
BOSCHLTD_F2,08-11-2023,14:36:00,19430.0,19430.0,19430.0,19430.0,50,5650
BOSCHLTD_F2,08-11-2023,14:42:00,19430.0,19430.0,19430.0,19430.0,100,5850
BOSCHLTD_F2,08-11-2023,14:54:00,19495.0,19495.0,19495.0,19495.0,50,5850
BOSCHLTD_F2,08-11-2023,15:23:00,19506.5508,19506.5508,19506.5508,19506.5508,50,5850
BOSCHLTD_F2,08-11-2023,15:24:00,19538.9004,19538.9004,19500.0,19500.0,100,5800
BOSCHLTD_F2,08-11-2023,15:30:00,19511.5996,19511.5996,19511.5996,19511.5996,50,5800
BOSCHLTD_F2,09-11-2023,09:15:00,19564.6992,19564.6992,19564.6992,19564.6992,51,5800
BOSCHLTD_F2,09-11-2023,09:16:00,19550.6504,19550.6504,19550.6504,19550.6504,50,5800
BOSCHLTD_F2,09-11-2023,09:18:00,19546.4492,19546.4492,19546.4492,19546.4492,100,5800
BOSCHLTD_F2,09-11-2023,09:19:00,19513.4004,19513.4004,19513.4004,19513.4004,50,5800
BOSCHLTD_F2,09-11-2023,09:35:00,19513.4004,19513.4004,19513.4004,19513.4004,50,5850
BOSCHLTD_F2,09-11-2023,09:42:00,19483.0,19485.0996,19483.0,19485.0996,400,5850
BOSCHLTD_F2,09-11-2023,10:01:00,19547.5,19547.5,19547.5,19547.5,50,5900
BOSCHLTD_F2,09-11-2023,10:37:00,19599.8496,19599.8496,19599.8496,19599.8496,100,5900
BOSCHLTD_F2,09-11-2023,10:39:00,19599.8496,19599.8496,19599.8496,19599.8496,50,6000
BOSCHLTD_F2,09-11-2023,10:45:00,19512.3008,19515.4492,19512.3008,19515.4492,150,6050
BOSCHLTD_F2,09-11-2023,10:47:00,19465.0,19465.0,19465.0,19465.0,50,6050
BOSCHLTD_F2,09-11-2023,10:54:00,19465.0,19465.0,19465.0,19465.0,50,6050
BOSCHLTD_F2,09-11-2023,11:01:00,19426.75,19426.75,19414.9004,19414.9004,100,6050
BOSCHLTD_F2,09-11-2023,11:02:00,19414.9004,19429.0,19414.9004,19429.0,500,6100
BOSCHLTD_F2,09-11-2023,11:16:00,19451.8496,19451.8496,19451.8496,19451.8496,50,6100
BOSCHLTD_F2,09-11-2023,12:13:00,19476.3008,19476.3008,19465.0508,19465.0508,200,6150
BOSCHLTD_F2,09-11-2023,12:22:00,19490.0,19490.0,19490.0,19490.0,100,6150
BOSCHLTD_F2,09-11-2023,12:53:00,19440.0996,19440.0996,19440.0508,19440.0508,100,6200
BOSCHLTD_F2,09-11-2023,13:00:00,19430.0,19430.0,19430.0,19430.0,100,6300
BOSCHLTD_F2,09-11-2023,13:13:00,19430.0,19430.0,19430.0,19430.0,200,6400
BOSCHLTD_F2,09-11-2023,13:15:00,19476.1504,19476.1504,19476.1504,19476.1504,50,6400
BOSCHLTD_F2,09-11-2023,13:34:00,19463.5508,19463.5508,19463.5508,19463.5508,50,6400
BOSCHLTD_F2,09-11-2023,14:06:00,19463.5508,19463.5508,19463.5508,19463.5508,100,6400
BOSCHLTD_F2,09-11-2023,14:25:00,19436.9004,19436.9004,19436.9004,19436.9004,100,6400
BOSCHLTD_F2,09-11-2023,14:33:00,19411.1504,19411.1504,19411.1504,19411.1504,50,6450
BOSCHLTD_F2,09-11-2023,14:34:00,19370.0,19370.0,19370.0,19370.0,50,6450
BOSCHLTD_F2,09-11-2023,14:52:00,19370.0,19370.0,19370.0,19370.0,50,6450
BOSCHLTD_F2,09-11-2023,14:59:00,19403.5508,19456.0,19370.0,19370.0,400,6450
BOSCHLTD_F2,09-11-2023,15:00:00,19444.0,19447.0996,19444.0,19447.0996,200,6350
BOSCHLTD_F2,09-11-2023,15:02:00,19450.6992,19450.6992,19370.0,19370.0,200,6350
BOSCHLTD_F2,09-11-2023,15:03:00,19371.5508,19371.5508,19302.0508,19302.0508,200,6350
BOSCHLTD_F2,09-11-2023,15:04:00,19302.0508,19393.5508,19302.0508,19390.6504,200,6250
BOSCHLTD_F2,09-11-2023,15:05:00,19395.6504,19491.1504,19395.6504,19491.1504,150,6250
BOSCHLTD_F2,09-11-2023,15:06:00,19494.0,19535.4492,19476.0508,19526.5,350,6350
BOSCHLTD_F2,09-11-2023,15:08:00,19400.0,19400.0,19400.0,19400.0,50,6350
BOSCHLTD_F2,09-11-2023,15:09:00,19400.0,19400.0,19400.0,19400.0,50,6400
BOSCHLTD_F2,09-11-2023,15:16:00,19497.5996,19497.5996,19497.5996,19497.5996,50,6450
BOSCHLTD_F2,09-11-2023,15:23:00,19497.5996,19497.6992,19497.5996,19497.6992,100,6500
BOSCHLTD_F2,09-11-2023,15:28:00,19528.1504,19528.1504,19528.1504,19528.1504,100,6450
BOSCHLTD_F2,10-11-2023,09:16:00,19525.6992,19525.6992,19525.6992,19525.6992,51,6500
BOSCHLTD_F2,10-11-2023,09:20:00,19483.75,19483.75,19483.75,19483.75,200,6500
BOSCHLTD_F2,10-11-2023,09:22:00,19599.0,19610.0,19599.0,19610.0,200,6500
BOSCHLTD_F2,10-11-2023,09:23:00,19615.0,19631.9004,19615.0,19631.9004,400,6600
BOSCHLTD_F2,10-11-2023,09:25:00,19580.0,19580.0,19580.0,19580.0,50,6600
BOSCHLTD_F2,10-11-2023,09:26:00,19591.0508,19591.0508,19591.0508,19591.0508,50,6550
BOSCHLTD_F2,10-11-2023,09:29:00,19591.0508,19591.0508,19591.0508,19591.0508,50,6550
BOSCHLTD_F2,10-11-2023,09:31:00,19650.0,19665.0,19650.0,19665.0,150,6650
BOSCHLTD_F2,10-11-2023,09:33:00,19699.9492,19699.9492,19699.9492,19699.9492,100,6650
BOSCHLTD_F2,10-11-2023,09:34:00,19700.0,19700.0,19700.0,19700.0,200,6650
BOSCHLTD_F2,10-11-2023,09:35:00,19710.0,19710.0,19710.0,19710.0,50,6650
BOSCHLTD_F2,10-11-2023,09:36:00,19728.6504,19728.6504,19728.6504,19728.6504,200,6700
BOSCHLTD_F2,10-11-2023,09:41:00,19628.1504,19628.1504,19628.1504,19628.1504,50,6800
BOSCHLTD_F2,10-11-2023,09:45:00,19645.6992,19645.6992,19645.6992,19645.6992,150,6800
BOSCHLTD_F2,10-11-2023,09:47:00,19628.0996,19628.0996,19628.0996,19628.0996,100,6750
BOSCHLTD_F2,10-11-2023,09:53:00,19634.5996,19634.5996,19634.5996,19634.5996,50,6800
BOSCHLTD_F2,10-11-2023,09:55:00,19650.0,19650.0,19650.0,19650.0,50,6800
BOSCHLTD_F2,10-11-2023,09:56:00,19640.0,19640.0,19640.0,19640.0,50,6800
BOSCHLTD_F2,10-11-2023,09:57:00,19557.0508,19557.0508,19557.0508,19557.0508,150,6800
BOSCHLTD_F2,10-11-2023,09:59:00,19536.0,19536.0,19455.6504,19455.6504,100,6850
BOSCHLTD_F2,10-11-2023,10:00:00,19451.0,19451.0,19451.0,19451.0,50,6850
BOSCHLTD_F2,10-11-2023,10:03:00,19451.0,19451.0,19451.0,19451.0,250,6950
BOSCHLTD_F2,10-11-2023,10:08:00,19470.0,19470.0,19470.0,19470.0,50,7000
BOSCHLTD_F2,10-11-2023,10:09:00,19448.0,19448.0,19448.0,19448.0,50,7000
BOSCHLTD_F2,10-11-2023,10:18:00,19442.0,19442.0,19442.0,19442.0,50,7050
BOSCHLTD_F2,10-11-2023,10:22:00,19442.0,19442.0,19442.0,19442.0,100,7100
BOSCHLTD_F2,10-11-2023,10:34:00,19502.8496,19502.8496,19502.8496,19502.8496,50,7200
BOSCHLTD_F2,10-11-2023,10:52:00,19520.0,19520.0,19520.0,19520.0,50,7250
BOSCHLTD_F2,10-11-2023,10:57:00,19520.0,19520.0,19520.0,19520.0,150,7250
BOSCHLTD_F2,10-11-2023,11:01:00,19520.0,19520.0,19520.0,19520.0,50,7450
BOSCHLTD_F2,10-11-2023,11:07:00,19520.0,19520.0,19520.0,19520.0,50,7500
BOSCHLTD_F2,10-11-2023,11:26:00,19439.8496,19439.8496,19439.8496,19439.8496,150,7550
BOSCHLTD_F2,10-11-2023,11:33:00,19413.5508,19413.5508,19413.5508,19413.5508,50,7550
BOSCHLTD_F2,10-11-2023,12:00:00,19413.5508,19413.5508,19413.5508,19413.5508,50,7600
BOSCHLTD_F2,10-11-2023,12:06:00,19450.0,19450.0,19450.0,19450.0,50,7650
BOSCHLTD_F2,10-11-2023,12:34:00,19469.75,19469.75,19469.75,19469.75,50,7700
BOSCHLTD_F2,10-11-2023,12:37:00,19476.5508,19476.5508,19476.5508,19476.5508,50,7750
BOSCHLTD_F2,10-11-2023,12:41:00,19467.4004,19467.4004,19467.4004,19467.4004,50,7750
BOSCHLTD_F2,10-11-2023,13:02:00,19400.0,19400.0,19400.0,19400.0,100,7700
BOSCHLTD_F2,10-11-2023,13:06:00,19400.0,19400.0,19400.0,19400.0,50,7800
BOSCHLTD_F2,10-11-2023,13:24:00,19440.0,19440.0,19440.0,19440.0,50,7850
BOSCHLTD_F2,10-11-2023,13:26:00,19435.0,19435.0,19435.0,19435.0,50,7850
BOSCHLTD_F2,10-11-2023,13:28:00,19464.1992,19464.1992,19464.1992,19464.1992,50,7950
BOSCHLTD_F2,10-11-2023,13:53:00,19464.1992,19464.1992,19464.1992,19464.1992,100,7950
BOSCHLTD_F2,10-11-2023,13:54:00,19419.3496,19419.3496,19419.3496,19419.3496,50,7850
BOSCHLTD_F2,10-11-2023,13:56:00,19410.0,19410.0,19410.0,19410.0,100,7850
BOSCHLTD_F2,10-11-2023,13:57:00,19403.1992,19403.1992,19403.1992,19403.1992,50,7950
BOSCHLTD_F2,10-11-2023,14:06:00,19402.5508,19402.5508,19402.5508,19402.5508,50,7950
BOSCHLTD_F2,10-11-2023,14:35:00,19402.5508,19402.5508,19402.5508,19402.5508,50,7950
BOSCHLTD_F2,10-11-2023,14:36:00,19402.5508,19402.5508,19402.5508,19402.5508,50,7950
BOSCHLTD_F2,10-11-2023,14:39:00,19402.5508,19402.5508,19402.5508,19402.5508,150,8050
BOSCHLTD_F2,10-11-2023,14:45:00,19433.9004,19433.9004,19433.9004,19433.9004,100,8200
BOSCHLTD_F2,10-11-2023,14:46:00,19433.9004,19433.9004,19433.9004,19433.9004,50,8200
BOSCHLTD_F2,10-11-2023,15:00:00,19442.0,19442.0,19442.0,19442.0,50,8200
BOSCHLTD_F2,10-11-2023,15:04:00,19435.0,19435.0,19435.0,19435.0,50,8200
BOSCHLTD_F2,10-11-2023,15:22:00,19453.0508,19453.0508,19453.0508,19453.0508,50,8200
BOSCHLTD_F2,10-11-2023,15:23:00,19472.0,19472.0,19472.0,19472.0,50,8250
BOSCHLTD_F2,10-11-2023,15:29:00,19482.4492,19482.4492,19482.4492,19482.4492,200,8300
BOSCHLTD_F2,12-11-2023,18:26:00,19549.9492,19566.3008,19549.9492,19566.3008,151,8300
BOSCHLTD_F2,12-11-2023,18:33:00,19566.3008,19566.3008,19566.3008,19566.3008,50,8350
BOSCHLTD_F2,12-11-2023,18:35:00,19472.0,19472.0,19472.0,19472.0,50,8350
BOSCHLTD_F2,12-11-2023,18:39:00,19472.0,19472.0,19472.0,19472.0,50,8450
BOSCHLTD_F2,12-11-2023,19:04:00,19517.0,19517.0,19517.0,19517.0,100,8500
BOSCHLTD_F2,12-11-2023,19:10:00,19528.9492,19528.9492,19528.9492,19528.9492,300,8550
BOSCHLTD_F2,12-11-2023,19:14:00,19534.0508,19534.0508,19528.9492,19528.9492,150,8700
BOSCHLTD_F2,13-11-2023,09:35:00,19480.0,19480.0,19480.0,19480.0,51,8700
BOSCHLTD_F2,13-11-2023,10:16:00,19500.0,19500.0,19500.0,19500.0,50,8750
BOSCHLTD_F2,13-11-2023,10:19:00,19500.0,19500.0,19454.8496,19454.8496,200,8800
BOSCHLTD_F2,13-11-2023,11:05:00,19450.0,19450.0,19450.0,19450.0,100,8900
BOSCHLTD_F2,13-11-2023,11:27:00,19435.0,19435.0,19435.0,19435.0,50,9000
BOSCHLTD_F2,13-11-2023,12:43:00,19435.0,19435.0,19435.0,19435.0,50,9050
BOSCHLTD_F2,13-11-2023,12:54:00,19470.0,19470.0,19470.0,19470.0,50,9100
BOSCHLTD_F2,13-11-2023,13:33:00,19470.0,19470.0,19470.0,19470.0,50,9150
BOSCHLTD_F2,13-11-2023,14:10:00,19460.0,19460.0,19460.0,19460.0,100,9100
BOSCHLTD_F2,13-11-2023,15:03:00,19460.0,19460.0,19460.0,19460.0,200,9200
BOSCHLTD_F2,13-11-2023,15:04:00,19460.0,19460.0,19460.0,19460.0,50,9300
BOSCHLTD_F2,13-11-2023,15:13:00,19460.0,19460.0,19460.0,19460.0,100,9300
BOSCHLTD_F2,13-11-2023,15:16:00,19459.9492,19459.9492,19459.9492,19459.9492,50,9350
BOSCHLTD_F2,13-11-2023,15:19:00,19440.0508,19440.0508,19440.0508,19440.0508,100,9400
BOSCHLTD_F2,13-11-2023,15:21:00,19484.1992,19484.1992,19460.3008,19460.3008,150,9400
BOSCHLTD_F2,13-11-2023,15:22:00,19460.0508,19460.0508,19460.0508,19460.0508,100,9400
BOSCHLTD_F2,13-11-2023,15:26:00,19481.6504,19481.6504,19481.6504,19481.6504,100,9500
BOSCHLTD_F2,13-11-2023,15:27:00,19480.0,19480.0,19465.0,19465.0,100,9550
BOSCHLTD_F2,13-11-2023,15:28:00,19464.0,19464.0,19464.0,19464.0,150,9550
BOSCHLTD_F2,15-11-2023,09:17:00,19502.4492,19502.4492,19502.4492,19502.4492,51,9650
BOSCHLTD_F2,15-11-2023,09:40:00,19515.5996,19515.5996,19515.5996,19515.5996,50,9700
BOSCHLTD_F2,15-11-2023,09:43:00,19515.5996,19515.5996,19515.5996,19515.5996,50,9700
BOSCHLTD_F2,15-11-2023,09:44:00,19500.0,19500.0,19500.0,19500.0,50,9700
BOSCHLTD_F2,15-11-2023,09:50:00,19517.75,19517.75,19517.75,19517.75,100,9800
BOSCHLTD_F2,15-11-2023,09:56:00,19517.75,19517.75,19517.75,19517.75,50,9750
BOSCHLTD_F2,15-11-2023,10:03:00,19500.0,19500.0,19500.0,19500.0,100,9750
BOSCHLTD_F2,15-11-2023,10:12:00,19499.3008,19499.3008,19499.3008,19499.3008,50,9850
BOSCHLTD_F2,15-11-2023,10:19:00,19499.3008,19499.3008,19499.3008,19499.3008,50,9850
BOSCHLTD_F2,15-11-2023,10:20:00,19500.0,19500.0,19500.0,19500.0,50,9850
BOSCHLTD_F2,15-11-2023,10:33:00,19549.0,19549.0,19549.0,19549.0,50,9850
BOSCHLTD_F2,15-11-2023,10:35:00,19564.4004,19564.4004,19564.4004,19564.4004,50,9850
BOSCHLTD_F2,15-11-2023,10:46:00,19575.0,19575.0,19575.0,19575.0,100,9900
BOSCHLTD_F2,15-11-2023,10:53:00,19584.9492,19584.9492,19584.9492,19584.9492,50,9800
BOSCHLTD_F2,15-11-2023,10:56:00,19584.9492,19584.9492,19584.9492,19584.9492,50,9850
BOSCHLTD_F2,15-11-2023,11:06:00,19596.0,19596.0,19596.0,19596.0,50,9800
BOSCHLTD_F2,15-11-2023,11:08:00,19596.0,19596.0,19596.0,19596.0,50,9850
BOSCHLTD_F2,15-11-2023,11:14:00,19558.0,19558.0,19558.0,19558.0,50,9850
BOSCHLTD_F2,15-11-2023,11:31:00,19650.0,19650.0,19650.0,19650.0,1700,9800
BOSCHLTD_F2,15-11-2023,11:34:00,19640.0,19650.0,19640.0,19650.0,100,11050
BOSCHLTD_F2,15-11-2023,11:46:00,19620.1992,19620.1992,19620.1992,19620.1992,50,11100
BOSCHLTD_F2,15-11-2023,11:50:00,19620.25,19620.25,19620.25,19620.25,50,11050
BOSCHLTD_F2,15-11-2023,11:59:00,19670.0508,19670.0508,19670.0508,19670.0508,100,11050
BOSCHLTD_F2,15-11-2023,12:09:00,19670.0,19670.0,19670.0,19670.0,50,11000
BOSCHLTD_F2,15-11-2023,12:32:00,19670.0,19670.0,19670.0,19670.0,150,11050
BOSCHLTD_F2,15-11-2023,12:33:00,19670.0,19670.0,19670.0,19670.0,50,11050
BOSCHLTD_F2,15-11-2023,12:34:00,19670.0,19670.0,19670.0,19670.0,50,11150
BOSCHLTD_F2,15-11-2023,12:35:00,19670.0,19670.0,19670.0,19670.0,50,11150
BOSCHLTD_F2,15-11-2023,12:36:00,19670.0,19670.0,19670.0,19670.0,200,11050
BOSCHLTD_F2,15-11-2023,12:42:00,19670.0,19670.0,19670.0,19670.0,50,11000
BOSCHLTD_F2,15-11-2023,12:51:00,19694.9004,19694.9004,19694.9004,19694.9004,250,10950
BOSCHLTD_F2,15-11-2023,12:52:00,19715.9004,19715.9004,19715.9004,19715.9004,200,10950
BOSCHLTD_F2,15-11-2023,12:58:00,19715.9004,19715.9004,19715.9004,19715.9004,100,10900
BOSCHLTD_F2,15-11-2023,13:01:00,19715.9004,19715.9004,19715.9004,19715.9004,100,10800
BOSCHLTD_F2,15-11-2023,13:03:00,19675.5508,19675.5508,19675.5508,19675.5508,50,10800
BOSCHLTD_F2,15-11-2023,13:06:00,19675.5508,19675.5508,19675.5508,19675.5508,100,10700
BOSCHLTD_F2,15-11-2023,13:24:00,19675.5,19675.5,19675.5,19675.5,50,10600
BOSCHLTD_F2,15-11-2023,13:30:00,19675.5,19675.5,19675.5,19675.5,50,10650
BOSCHLTD_F2,15-11-2023,13:41:00,19675.5508,19675.5508,19675.5508,19675.5508,50,10700
BOSCHLTD_F2,15-11-2023,13:48:00,19700.0,19700.0,19700.0,19700.0,50,10700
BOSCHLTD_F2,15-11-2023,13:50:00,19700.0,19700.0,19700.0,19700.0,300,10700
BOSCHLTD_F2,15-11-2023,13:51:00,19715.0,19750.0,19715.0,19750.0,400,10600
BOSCHLTD_F2,15-11-2023,14:02:00,19765.0,19765.0,19765.0,19765.0,50,10500
BOSCHLTD_F2,15-11-2023,14:07:00,19766.4004,19766.4004,19766.4004,19766.4004,50,10500
BOSCHLTD_F2,15-11-2023,14:19:00,19766.4004,19766.4004,19766.4004,19766.4004,50,10450
BOSCHLTD_F2,15-11-2023,14:22:00,19709.9004,19709.9004,19709.9004,19709.9004,50,10400
BOSCHLTD_F2,15-11-2023,14:27:00,19733.5,19733.5,19733.5,19733.5,50,10400
BOSCHLTD_F2,15-11-2023,15:00:00,19749.0,19749.0,19749.0,19749.0,100,10450
BOSCHLTD_F2,15-11-2023,15:02:00,19770.0,19780.0,19770.0,19780.0,150,10450
BOSCHLTD_F2,15-11-2023,15:04:00,19800.0,19800.0,19800.0,19800.0,300,10350
BOSCHLTD_F2,15-11-2023,15:05:00,19800.0,19800.0,19800.0,19800.0,100,10350
BOSCHLTD_F2,15-11-2023,15:11:00,19760.0,19760.0,19760.0,19760.0,100,10150
BOSCHLTD_F2,15-11-2023,15:13:00,19766.8496,19770.0,19766.8496,19770.0,200,10100
BOSCHLTD_F2,15-11-2023,15:27:00,19774.8008,19774.8008,19774.8008,19774.8008,100,10000
BOSCHLTD_F2,15-11-2023,15:30:00,19750.0,19750.0,19750.0,19750.0,50,10000
BOSCHLTD_F2,16-11-2023,09:28:00,19777.4492,19777.4492,19777.4492,19777.4492,51,10000
BOSCHLTD_F2,16-11-2023,09:32:00,19805.0,19805.0,19805.0,19805.0,50,10000
BOSCHLTD_F2,16-11-2023,09:37:00,19831.9492,19831.9492,19831.9492,19831.9492,150,10050
BOSCHLTD_F2,16-11-2023,09:38:00,19890.0996,19898.1992,19890.0996,19898.1992,550,9950
BOSCHLTD_F2,16-11-2023,10:00:00,19898.1992,19898.1992,19898.1992,19898.1992,50,10000
BOSCHLTD_F2,16-11-2023,10:03:00,19874.0508,19874.0508,19874.0508,19874.0508,100,9950
BOSCHLTD_F2,16-11-2023,10:05:00,19893.0996,19893.0996,19893.0996,19893.0996,100,9950
BOSCHLTD_F2,16-11-2023,10:06:00,19930.0,19930.0,19930.0,19930.0,350,9900
BOSCHLTD_F2,16-11-2023,10:07:00,19910.0,19910.0,19910.0,19910.0,100,9900
BOSCHLTD_F2,16-11-2023,10:12:00,19930.0,19930.0,19930.0,19930.0,50,9850
BOSCHLTD_F2,16-11-2023,10:13:00,19940.0508,19940.0508,19940.0508,19940.0508,50,9850
BOSCHLTD_F2,16-11-2023,10:14:00,19950.0,19978.4492,19950.0,19978.4492,350,9750
BOSCHLTD_F2,16-11-2023,10:15:00,20049.8008,20049.8008,20049.8008,20049.8008,350,9750
BOSCHLTD_F2,16-11-2023,10:16:00,20080.0,20080.0,20080.0,20080.0,100,9750
BOSCHLTD_F2,16-11-2023,10:17:00,20025.5996,20025.5996,20025.5996,20025.5996,50,9750
BOSCHLTD_F2,16-11-2023,10:22:00,20026.5,20026.5,20020.1992,20020.1992,200,9700
BOSCHLTD_F2,16-11-2023,10:23:00,20027.9492,20079.9492,20020.4492,20079.9492,550,9800
BOSCHLTD_F2,16-11-2023,10:24:00,20039.9492,20039.9492,20039.9492,20039.9492,150,9800
BOSCHLTD_F2,16-11-2023,10:25:00,20080.0,20080.0,20080.0,20080.0,50,9800
BOSCHLTD_F2,16-11-2023,10:26:00,20105.0508,20105.0508,20105.0508,20105.0508,150,9850
BOSCHLTD_F2,16-11-2023,10:27:00,20133.9492,20133.9492,20133.9492,20133.9492,100,9850
BOSCHLTD_F2,16-11-2023,10:28:00,20174.8008,20174.8008,20174.8008,20174.8008,150,9850
BOSCHLTD_F2,16-11-2023,10:33:00,20170.0,20170.0,20170.0,20170.0,50,9900
BOSCHLTD_F2,16-11-2023,10:34:00,20176.5,20176.5,20176.5,20176.5,50,9900
BOSCHLTD_F2,16-11-2023,10:35:00,20200.0,20200.0,20200.0,20200.0,100,10000
BOSCHLTD_F2,16-11-2023,10:36:00,20260.8496,20260.8496,20260.8496,20260.8496,50,10000
BOSCHLTD_F2,16-11-2023,10:39:00,20300.0,20300.0,20300.0,20300.0,50,10100
BOSCHLTD_F2,16-11-2023,10:40:00,20324.9492,20368.8496,20324.9492,20368.8496,500,10100
BOSCHLTD_F2,16-11-2023,10:41:00,20387.0,20387.0,20368.5996,20386.9492,300,10100
BOSCHLTD_F2,16-11-2023,10:42:00,20390.0,20390.0,20390.0,20390.0,300,10200
BOSCHLTD_F2,16-11-2023,10:43:00,20395.5996,20395.5996,20370.1992,20370.1992,150,10200
BOSCHLTD_F2,16-11-2023,10:44:00,20384.8008,20384.8008,20384.8008,20384.8008,100,10200
BOSCHLTD_F2,16-11-2023,10:45:00,20383.6992,20384.0,20350.0,20350.0,1200,10200
BOSCHLTD_F2,16-11-2023,10:46:00,20350.0,20350.0,20350.0,20350.0,500,10200
BOSCHLTD_F2,16-11-2023,10:47:00,20358.8496,20358.8496,20346.5508,20346.5508,250,10200
BOSCHLTD_F2,16-11-2023,10:48:00,20388.0,20415.5,20388.0,20415.5,300,10800
BOSCHLTD_F2,16-11-2023,10:49:00,20415.5,20415.5,20383.3008,20383.3008,100,10800
BOSCHLTD_F2,16-11-2023,10:50:00,20358.8496,20359.5508,20300.0,20321.5996,850,10800
BOSCHLTD_F2,16-11-2023,10:51:00,20285.9004,20285.9004,20261.0996,20261.0996,100,11100
BOSCHLTD_F2,16-11-2023,10:52:00,20261.0996,20261.0996,20230.0,20230.0,150,11100
BOSCHLTD_F2,16-11-2023,10:53:00,20216.8008,20216.8008,20216.8008,20216.8008,50,11000
BOSCHLTD_F2,16-11-2023,10:54:00,20242.0,20242.0,20242.0,20242.0,50,11000
BOSCHLTD_F2,16-11-2023,11:02:00,20250.0,20250.0,20250.0,20250.0,100,10950
BOSCHLTD_F2,16-11-2023,11:04:00,20240.0,20240.0,20240.0,20240.0,50,11000
BOSCHLTD_F2,16-11-2023,11:06:00,20236.5,20236.5,20220.0,20236.5,150,11000
BOSCHLTD_F2,16-11-2023,11:07:00,20236.5,20241.3496,20236.5,20241.3496,150,11000
BOSCHLTD_F2,16-11-2023,11:09:00,20188.1504,20188.1504,20188.1504,20188.1504,50,11100
BOSCHLTD_F2,16-11-2023,11:17:00,20150.0,20150.0,20150.0,20150.0,50,11050
BOSCHLTD_F2,16-11-2023,11:20:00,20130.0,20130.0,20130.0,20130.0,50,11000
BOSCHLTD_F2,16-11-2023,11:24:00,20200.0,20200.0,20200.0,20200.0,50,11000
BOSCHLTD_F2,16-11-2023,11:30:00,20263.8496,20263.8496,20263.8496,20263.8496,50,11000
BOSCHLTD_F2,16-11-2023,11:40:00,20231.0,20231.0,20231.0,20231.0,50,11050
BOSCHLTD_F2,16-11-2023,11:46:00,20250.4004,20250.4004,20250.4004,20250.4004,50,11100
BOSCHLTD_F2,16-11-2023,11:51:00,20210.0,20210.0,20210.0,20210.0,50,11100
BOSCHLTD_F2,16-11-2023,11:59:00,20299.4492,20299.4492,20299.4492,20299.4492,50,11100
BOSCHLTD_F2,16-11-2023,12:01:00,20299.4492,20320.0,20299.4492,20320.0,200,11050
BOSCHLTD_F2,16-11-2023,12:03:00,20305.0508,20305.0508,20305.0508,20305.0508,50,10900
BOSCHLTD_F2,16-11-2023,12:09:00,20323.0,20323.0,20323.0,20323.0,50,10900
BOSCHLTD_F2,16-11-2023,12:10:00,20350.0,20350.0,20350.0,20350.0,200,10900
BOSCHLTD_F2,16-11-2023,12:16:00,20400.0,20411.4492,20385.0,20411.4492,250,10850
BOSCHLTD_F2,16-11-2023,12:19:00,20420.5996,20420.5996,20420.5996,20420.5996,50,11000
BOSCHLTD_F2,16-11-2023,12:21:00,20460.0,20460.0,20460.0,20460.0,50,11000
BOSCHLTD_F2,16-11-2023,12:22:00,20460.0,20460.0,20460.0,20460.0,100,11050
BOSCHLTD_F2,16-11-2023,12:25:00,20487.0,20500.0,20487.0,20500.0,200,11050
BOSCHLTD_F2,16-11-2023,12:27:00,20500.0,20500.0,20500.0,20500.0,50,11050
BOSCHLTD_F2,16-11-2023,12:28:00,20397.4492,20449.8008,20397.4492,20449.8008,950,11050
BOSCHLTD_F2,16-11-2023,12:29:00,20503.4492,20503.4492,20503.4492,20503.4492,50,11050
BOSCHLTD_F2,16-11-2023,12:30:00,20513.0,20513.0,20513.0,20513.0,50,10600
BOSCHLTD_F2,16-11-2023,12:31:00,20562.75,20562.75,20562.75,20562.75,300,10600
BOSCHLTD_F2,16-11-2023,12:32:00,20598.9492,20615.0,20598.9492,20615.0,200,10450
BOSCHLTD_F2,16-11-2023,12:33:00,20657.0508,20657.0508,20657.0508,20657.0508,200,10450
BOSCHLTD_F2,16-11-2023,12:34:00,20632.1504,20640.5,20630.0,20640.5,300,10450
BOSCHLTD_F2,16-11-2023,12:35:00,20606.1504,20611.0996,20606.1504,20611.0996,150,10450
BOSCHLTD_F2,16-11-2023,12:38:00,20680.1992,20680.1992,20650.0,20650.0,150,10400
BOSCHLTD_F2,16-11-2023,12:39:00,20611.0996,20611.0996,20611.0996,20611.0996,50,10400
BOSCHLTD_F2,16-11-2023,12:40:00,20605.0,20624.5,20605.0,20624.5,100,10400
BOSCHLTD_F2,16-11-2023,12:41:00,20617.5996,20617.5996,20617.5996,20617.5996,50,10400
BOSCHLTD_F2,16-11-2023,12:43:00,20655.3496,20655.3496,20655.3496,20655.3496,50,10400
BOSCHLTD_F2,16-11-2023,12:46:00,20617.5,20617.5,20598.3496,20615.9492,250,10400
BOSCHLTD_F2,16-11-2023,12:47:00,20620.3008,20620.3008,20610.0996,20610.0996,200,10400
BOSCHLTD_F2,16-11-2023,12:48:00,20607.5996,20607.5996,20607.5996,20607.5996,50,10450
BOSCHLTD_F2,16-11-2023,12:51:00,20589.6504,20590.0,20589.6504,20590.0,100,10500
BOSCHLTD_F2,16-11-2023,12:55:00,20585.0,20585.0,20585.0,20585.0,100,10400
BOSCHLTD_F2,16-11-2023,12:56:00,20596.75,20596.75,20596.75,20596.75,50,10400
BOSCHLTD_F2,16-11-2023,12:58:00,20596.75,20596.75,20596.75,20596.75,50,10350
BOSCHLTD_F2,16-11-2023,13:01:00,20500.0,20500.0,20499.0508,20499.0508,300,10350
BOSCHLTD_F2,16-11-2023,13:02:00,20475.1992,20475.1992,20454.1992,20454.1992,250,10350
BOSCHLTD_F2,16-11-2023,13:03:00,20500.0,20500.0,20500.0,20500.0,100,10200
BOSCHLTD_F2,16-11-2023,13:04:00,20480.1504,20480.1504,20480.1504,20480.1504,150,10200
BOSCHLTD_F2,16-11-2023,13:05:00,20515.0508,20515.0508,20496.3496,20496.3496,150,10200
BOSCHLTD_F2,16-11-2023,13:09:00,20542.8496,20542.8496,20542.8496,20542.8496,50,10200
BOSCHLTD_F2,16-11-2023,13:10:00,20579.0,20579.0,20579.0,20579.0,100,10200
BOSCHLTD_F2,16-11-2023,13:14:00,20625.6504,20625.6504,20625.6504,20625.6504,100,10250
BOSCHLTD_F2,16-11-2023,13:16:00,20653.5,20653.5,20653.5,20653.5,150,10200
BOSCHLTD_F2,16-11-2023,13:24:00,20680.0,20680.0,20650.0,20650.0,150,10300
BOSCHLTD_F2,16-11-2023,13:29:00,20655.25,20655.25,20655.25,20655.25,50,10200
BOSCHLTD_F2,16-11-2023,13:33:00,20596.4492,20596.4492,20596.4492,20596.4492,50,10200
BOSCHLTD_F2,16-11-2023,13:35:00,20619.9492,20619.9492,20619.9492,20619.9492,50,10200
BOSCHLTD_F2,16-11-2023,13:52:00,20608.8008,20608.8008,20602.4492,20602.4492,100,10300
BOSCHLTD_F2,16-11-2023,13:55:00,20545.0,20545.0,20539.0,20539.0,250,10200
BOSCHLTD_F2,16-11-2023,13:56:00,20558.0996,20558.0996,20558.0996,20558.0996,50,10200
BOSCHLTD_F2,16-11-2023,13:58:00,20559.9492,20559.9492,20559.9492,20559.9492,100,10000
BOSCHLTD_F2,16-11-2023,13:59:00,20560.0,20560.0,20560.0,20560.0,100,10000
BOSCHLTD_F2,16-11-2023,14:10:00,20560.0,20560.0,20560.0,20560.0,50,10050
BOSCHLTD_F2,16-11-2023,14:14:00,20593.3008,20593.3008,20593.3008,20593.3008,50,10050
BOSCHLTD_F2,16-11-2023,14:17:00,20600.0,20600.0,20600.0,20600.0,100,10050
BOSCHLTD_F2,16-11-2023,14:21:00,20681.4492,20681.4492,20681.4492,20681.4492,100,10050
BOSCHLTD_F2,16-11-2023,14:22:00,20660.0,20660.0,20660.0,20660.0,50,10100
BOSCHLTD_F2,16-11-2023,14:31:00,20699.9004,20699.9004,20699.9004,20699.9004,400,10150
BOSCHLTD_F2,16-11-2023,14:33:00,20699.9004,20699.9004,20699.9004,20699.9004,50,10150
BOSCHLTD_F2,16-11-2023,14:40:00,20642.9492,20642.9492,20642.9492,20642.9492,50,10100
BOSCHLTD_F2,16-11-2023,14:42:00,20652.8496,20652.8496,20652.8496,20652.8496,50,10100
BOSCHLTD_F2,16-11-2023,14:46:00,20653.25,20669.9492,20653.25,20669.9492,100,10100
BOSCHLTD_F2,16-11-2023,14:52:00,20653.25,20653.25,20653.25,20653.25,100,10100
BOSCHLTD_F2,16-11-2023,14:56:00,20651.3496,20651.3496,20651.3496,20651.3496,50,10100
BOSCHLTD_F2,16-11-2023,14:58:00,20670.0,20670.0,20663.1992,20663.1992,100,10050
BOSCHLTD_F2,16-11-2023,14:59:00,20651.0,20651.0,20651.0,20651.0,50,10050
BOSCHLTD_F2,16-11-2023,15:00:00,20670.0,20670.0,20670.0,20670.0,50,10050
BOSCHLTD_F2,16-11-2023,15:01:00,20674.1992,20674.1992,20674.1992,20674.1992,100,10050
BOSCHLTD_F2,16-11-2023,15:03:00,20690.0508,20700.0,20690.0508,20700.0,150,9950
BOSCHLTD_F2,16-11-2023,15:05:00,20708.75,20730.3496,20708.75,20730.3496,100,9950
BOSCHLTD_F2,16-11-2023,15:07:00,20730.3496,20730.3496,20730.3496,20730.3496,50,10050
BOSCHLTD_F2,16-11-2023,15:08:00,20650.0,20650.0,20650.0,20650.0,100,10050
BOSCHLTD_F2,16-11-2023,15:15:00,20558.4492,20558.4492,20558.4492,20558.4492,200,10050
BOSCHLTD_F2,16-11-2023,15:23:00,20632.9004,20632.9004,20632.9004,20632.9004,50,9950
BOSCHLTD_F2,16-11-2023,15:24:00,20632.9004,20632.9004,20632.9004,20632.9004,50,9950
BOSCHLTD_F2,16-11-2023,15:27:00,20620.0,20632.0,20620.0,20632.0,100,9900
BOSCHLTD_F2,16-11-2023,15:28:00,20632.9004,20632.9004,20632.9004,20632.9004,100,9900
BOSCHLTD_F2,16-11-2023,15:29:00,20616.9492,20616.9492,20616.9492,20616.9492,50,9900
BOSCHLTD_F2,16-11-2023,15:30:00,20616.9492,20616.9492,20616.9492,20616.9492,50,9900
BOSCHLTD_F2,17-11-2023,09:15:00,20535.6504,20535.6504,20535.6504,20535.6504,51,9950
BOSCHLTD_F2,17-11-2023,09:16:00,20560.1504,20560.1504,20560.1504,20560.1504,50,9950
BOSCHLTD_F2,17-11-2023,09:23:00,20760.0,20760.0,20760.0,20760.0,50,9900
BOSCHLTD_F2,17-11-2023,09:25:00,20770.0508,20770.0508,20770.0508,20770.0508,200,9900
BOSCHLTD_F2,17-11-2023,09:26:00,20708.4492,20748.8496,20708.4492,20748.8496,150,9900
BOSCHLTD_F2,17-11-2023,09:27:00,20788.5,20788.5,20788.5,20788.5,200,9900
BOSCHLTD_F2,17-11-2023,09:28:00,20788.5,20788.5,20788.5,20788.5,50,9900
BOSCHLTD_F2,17-11-2023,09:34:00,20757.9004,20757.9004,20757.9004,20757.9004,50,10000
BOSCHLTD_F2,17-11-2023,09:36:00,20820.0,20820.0,20820.0,20820.0,150,10000
BOSCHLTD_F2,17-11-2023,09:37:00,20890.1504,20890.1504,20890.0,20890.0,200,10000
BOSCHLTD_F2,17-11-2023,09:50:00,20720.0,20720.0,20720.0,20720.0,50,10100
BOSCHLTD_F2,17-11-2023,09:51:00,20719.3008,20719.3008,20719.3008,20719.3008,400,10100
BOSCHLTD_F2,17-11-2023,09:52:00,20787.9492,20787.9492,20787.9492,20787.9492,50,10100
BOSCHLTD_F2,17-11-2023,09:53:00,20787.9492,20787.9492,20787.9492,20787.9492,50,10200
BOSCHLTD_F2,17-11-2023,10:04:00,20785.5508,20785.5508,20785.5508,20785.5508,50,10250
BOSCHLTD_F2,17-11-2023,10:07:00,20785.5,20785.5,20785.5,20785.5,50,10300
BOSCHLTD_F2,17-11-2023,10:12:00,20785.5508,20785.5508,20785.5508,20785.5508,50,10300
BOSCHLTD_F2,17-11-2023,10:23:00,20741.6992,20741.6992,20741.6992,20741.6992,150,10300
BOSCHLTD_F2,17-11-2023,10:34:00,20775.5,20775.5,20775.5,20775.5,50,10250
BOSCHLTD_F2,17-11-2023,10:37:00,20775.5,20775.5,20775.5,20775.5,200,10300
BOSCHLTD_F2,17-11-2023,10:53:00,20753.4492,20753.4492,20753.4492,20753.4492,50,10300
BOSCHLTD_F2,17-11-2023,11:01:00,20725.0,20725.0,20725.0,20725.0,50,10350
BOSCHLTD_F2,17-11-2023,11:06:00,20702.0,20702.0,20702.0,20702.0,50,10350
BOSCHLTD_F2,17-11-2023,11:07:00,20700.0,20700.0,20700.0,20700.0,50,10350
BOSCHLTD_F2,17-11-2023,11:39:00,20690.0,20690.0,20690.0,20690.0,50,10350
BOSCHLTD_F2,17-11-2023,11:56:00,20760.0,20760.0,20760.0,20760.0,50,10300
BOSCHLTD_F2,17-11-2023,12:04:00,20847.9492,20847.9492,20847.9492,20847.9492,200,10250
BOSCHLTD_F2,17-11-2023,12:05:00,20850.0,20880.0,20850.0,20880.0,150,10250
BOSCHLTD_F2,17-11-2023,12:07:00,20852.8008,20852.8008,20852.8008,20852.8008,50,10200
BOSCHLTD_F2,17-11-2023,12:24:00,20759.5508,20759.5508,20759.5508,20759.5508,50,10200
BOSCHLTD_F2,17-11-2023,12:30:00,20730.0508,20740.0,20730.0508,20740.0,100,10200
BOSCHLTD_F2,17-11-2023,12:31:00,20740.0,20740.0,20740.0,20740.0,50,10200
BOSCHLTD_F2,17-11-2023,12:34:00,20730.0508,20730.0508,20730.0508,20730.0508,50,10150
BOSCHLTD_F2,17-11-2023,12:37:00,20703.6992,20703.6992,20703.6992,20703.6992,50,10100
BOSCHLTD_F2,17-11-2023,12:42:00,20725.0,20725.0,20725.0,20725.0,50,10050
BOSCHLTD_F2,17-11-2023,12:46:00,20695.3008,20695.3008,20695.3008,20695.3008,50,10100
BOSCHLTD_F2,17-11-2023,12:48:00,20700.0,20700.0,20700.0,20700.0,50,10100
BOSCHLTD_F2,17-11-2023,12:52:00,20665.3008,20665.3008,20665.3008,20665.3008,50,10150
BOSCHLTD_F2,17-11-2023,12:53:00,20683.3496,20683.3496,20683.3496,20683.3496,100,10150
BOSCHLTD_F2,17-11-2023,12:55:00,20624.75,20624.75,20624.75,20624.75,100,10150
BOSCHLTD_F2,17-11-2023,12:56:00,20624.75,20624.75,20624.75,20624.75,100,10150
BOSCHLTD_F2,17-11-2023,12:59:00,20638.8008,20638.8008,20638.8008,20638.8008,100,10250
BOSCHLTD_F2,17-11-2023,13:22:00,20660.0,20660.0,20660.0,20660.0,50,10200
BOSCHLTD_F2,17-11-2023,13:42:00,20670.0,20670.0,20665.0,20665.0,150,10200
BOSCHLTD_F2,17-11-2023,13:49:00,20671.8496,20671.8496,20671.8496,20671.8496,100,10250
BOSCHLTD_F2,17-11-2023,13:50:00,20676.5508,20676.5508,20676.5508,20676.5508,50,10250
BOSCHLTD_F2,17-11-2023,14:13:00,20711.0,20711.0,20711.0,20711.0,50,10200
BOSCHLTD_F2,17-11-2023,14:14:00,20701.0,20701.0,20701.0,20701.0,50,10200
BOSCHLTD_F2,17-11-2023,14:15:00,20700.0,20700.0,20700.0,20700.0,100,10250
BOSCHLTD_F2,17-11-2023,14:16:00,20689.8496,20689.8496,20689.8496,20689.8496,50,10250
BOSCHLTD_F2,17-11-2023,14:26:00,20689.8496,20689.8496,20689.8496,20689.8496,50,10200
BOSCHLTD_F2,17-11-2023,14:34:00,20680.0,20680.0,20680.0,20680.0,100,10200
BOSCHLTD_F2,17-11-2023,14:46:00,20690.0,20690.0,20690.0,20690.0,50,10200
BOSCHLTD_F2,17-11-2023,14:47:00,20685.0,20685.0,20685.0,20685.0,50,10200
BOSCHLTD_F2,17-11-2023,14:50:00,20695.0,20700.0,20695.0,20700.0,100,10200
BOSCHLTD_F2,17-11-2023,15:12:00,20700.0508,20700.0508,20700.0,20700.0,100,10200
BOSCHLTD_F2,17-11-2023,15:13:00,20700.0,20700.0,20700.0,20700.0,50,10200
BOSCHLTD_F2,17-11-2023,15:14:00,20700.0,20700.0,20700.0,20700.0,150,10200
BOSCHLTD_F2,17-11-2023,15:20:00,20675.9004,20675.9004,20675.9004,20675.9004,50,10250
BOSCHLTD_F2,17-11-2023,15:22:00,20681.1992,20681.9492,20681.1992,20681.9492,150,10250
BOSCHLTD_F2,17-11-2023,15:27:00,20705.75,20705.75,20705.75,20705.75,50,10350
BOSCHLTD_F2,17-11-2023,15:29:00,20680.0,20680.0,20680.0,20680.0,50,10300
BOSCHLTD_F2,20-11-2023,09:17:00,20670.3496,20670.4004,20670.3496,20670.4004,102,10300
BOSCHLTD_F2,20-11-2023,09:18:00,20715.5,20715.5,20661.0508,20661.0508,350,10350
BOSCHLTD_F2,20-11-2023,09:19:00,20661.0508,20661.0508,20661.0508,20661.0508,250,10350
BOSCHLTD_F2,20-11-2023,09:20:00,20810.25,20810.25,20810.25,20810.25,50,10350
BOSCHLTD_F2,20-11-2023,09:23:00,20875.9492,20875.9492,20875.9492,20875.9492,50,10650
BOSCHLTD_F2,20-11-2023,09:25:00,20875.9492,20875.9492,20870.9004,20870.9004,200,10650
BOSCHLTD_F2,20-11-2023,09:35:00,20870.9004,20870.9004,20795.1504,20795.1504,100,10750
BOSCHLTD_F2,20-11-2023,09:40:00,20800.0,20800.0,20800.0,20800.0,50,10750
BOSCHLTD_F2,20-11-2023,09:43:00,20774.0508,20774.0508,20774.0508,20774.0508,150,10800
BOSCHLTD_F2,20-11-2023,09:45:00,20729.9492,20729.9492,20715.25,20715.25,600,10750
BOSCHLTD_F2,20-11-2023,09:54:00,20715.0,20715.0,20715.0,20715.0,50,10800
BOSCHLTD_F2,20-11-2023,10:20:00,20730.0,20730.0,20730.0,20730.0,350,10850
BOSCHLTD_F2,20-11-2023,10:23:00,20730.0,20730.0,20730.0,20730.0,50,10950
BOSCHLTD_F2,20-11-2023,10:28:00,20730.0,20730.0,20730.0,20730.0,200,10950
BOSCHLTD_F2,20-11-2023,10:59:00,20734.0,20734.0,20734.0,20734.0,100,11000
BOSCHLTD_F2,20-11-2023,11:09:00,20701.0,20701.0,20701.0,20701.0,150,11000
BOSCHLTD_F2,20-11-2023,11:10:00,20701.0,20701.0,20701.0,20701.0,50,11000
BOSCHLTD_F2,20-11-2023,11:13:00,20675.0,20675.0,20675.0,20675.0,100,11050
BOSCHLTD_F2,20-11-2023,11:15:00,20675.0,20675.0,20675.0,20675.0,50,11050
BOSCHLTD_F2,20-11-2023,11:27:00,20635.75,20635.75,20635.75,20635.75,200,11000
BOSCHLTD_F2,20-11-2023,11:31:00,20635.75,20635.75,20635.75,20635.75,50,11050
BOSCHLTD_F2,20-11-2023,11:32:00,20615.25,20615.25,20615.25,20615.25,150,11050
BOSCHLTD_F2,20-11-2023,11:38:00,20603.4492,20603.4492,20603.4492,20603.4492,100,11200
BOSCHLTD_F2,20-11-2023,11:42:00,20520.0,20612.5996,20520.0,20612.5996,1200,11200
BOSCHLTD_F2,20-11-2023,11:46:00,20560.0,20560.0,20560.0,20560.0,150,11850
BOSCHLTD_F2,20-11-2023,11:47:00,20587.3496,20587.3496,20587.3496,20587.3496,50,11850
BOSCHLTD_F2,20-11-2023,11:51:00,20587.3496,20587.3496,20587.3496,20587.3496,50,11950
BOSCHLTD_F2,20-11-2023,11:58:00,20569.1504,20569.1504,20550.0,20550.0,150,11900
BOSCHLTD_F2,20-11-2023,12:00:00,20557.0,20557.0,20557.0,20557.0,50,11900
BOSCHLTD_F2,20-11-2023,12:03:00,20523.6504,20551.3008,20523.6504,20551.3008,150,11950
BOSCHLTD_F2,20-11-2023,12:06:00,20542.5996,20542.5996,20542.5996,20542.5996,50,12000
BOSCHLTD_F2,20-11-2023,12:07:00,20530.0,20530.0,20530.0,20530.0,50,12000
BOSCHLTD_F2,20-11-2023,12:10:00,20539.4492,20539.4492,20539.4492,20539.4492,50,11950
BOSCHLTD_F2,20-11-2023,12:25:00,20548.8496,20548.8496,20548.8496,20548.8496,100,12000
BOSCHLTD_F2,20-11-2023,12:28:00,20581.4492,20581.4492,20581.4492,20581.4492,50,12100
BOSCHLTD_F2,20-11-2023,12:31:00,20541.0,20541.0,20541.0,20541.0,100,12100
BOSCHLTD_F2,20-11-2023,12:43:00,20540.4492,20540.4492,20540.4492,20540.4492,50,12150
BOSCHLTD_F2,20-11-2023,12:50:00,20525.0,20525.0,20525.0,20525.0,200,12200
BOSCHLTD_F2,20-11-2023,12:55:00,20523.6992,20523.6992,20523.6992,20523.6992,100,12050
BOSCHLTD_F2,20-11-2023,12:59:00,20495.9492,20495.9492,20495.9492,20495.9492,100,12050
BOSCHLTD_F2,20-11-2023,13:00:00,20495.9492,20495.9492,20495.9492,20495.9492,50,12050
BOSCHLTD_F2,20-11-2023,13:14:00,20521.5996,20521.5996,20521.5996,20521.5996,150,12150
BOSCHLTD_F2,20-11-2023,13:23:00,20500.0,20500.0,20490.9004,20490.9004,100,12250
BOSCHLTD_F2,20-11-2023,13:26:00,20490.9004,20490.9004,20490.9004,20490.9004,50,12150
BOSCHLTD_F2,20-11-2023,13:27:00,20518.1992,20518.1992,20518.1992,20518.1992,50,12200
BOSCHLTD_F2,20-11-2023,13:33:00,20502.8496,20502.8496,20502.8496,20502.8496,50,12200
BOSCHLTD_F2,20-11-2023,13:35:00,20500.0,20500.0,20500.0,20500.0,850,12200
BOSCHLTD_F2,20-11-2023,13:41:00,20514.1504,20514.1504,20514.1504,20514.1504,50,12550
BOSCHLTD_F2,20-11-2023,13:45:00,20525.75,20525.75,20525.75,20525.75,100,12600
BOSCHLTD_F2,20-11-2023,13:47:00,20525.0,20525.0,20525.0,20525.0,50,12700
BOSCHLTD_F2,20-11-2023,13:51:00,20500.0,20500.0,20500.0,20500.0,50,12750
BOSCHLTD_F2,20-11-2023,13:56:00,20503.0,20503.0,20503.0,20503.0,50,12750
BOSCHLTD_F2,20-11-2023,13:59:00,20482.0508,20482.0508,20482.0508,20482.0508,200,12800
BOSCHLTD_F2,20-11-2023,14:01:00,20460.0,20460.0,20449.9492,20449.9492,1150,12750
BOSCHLTD_F2,20-11-2023,14:04:00,20475.6504,20475.6504,20475.6504,20475.6504,50,13400
BOSCHLTD_F2,20-11-2023,14:09:00,20483.0508,20483.0508,20483.0508,20483.0508,50,13450
BOSCHLTD_F2,20-11-2023,14:12:00,20497.9004,20497.9004,20497.9004,20497.9004,50,13450
BOSCHLTD_F2,20-11-2023,14:13:00,20497.9492,20500.0,20497.9492,20500.0,150,13550
BOSCHLTD_F2,20-11-2023,14:28:00,20507.9004,20507.9004,20507.9004,20507.9004,100,13500
BOSCHLTD_F2,20-11-2023,14:34:00,20507.6504,20507.6504,20507.6504,20507.6504,50,13550
BOSCHLTD_F2,20-11-2023,14:36:00,20507.5,20507.5,20507.5,20507.5,50,13600
BOSCHLTD_F2,20-11-2023,14:41:00,20499.9492,20499.9492,20499.9492,20499.9492,50,13650
BOSCHLTD_F2,20-11-2023,14:42:00,20500.0,20500.0,20500.0,20500.0,100,13700
BOSCHLTD_F2,20-11-2023,14:46:00,20542.0,20542.0,20542.0,20542.0,50,13700
BOSCHLTD_F2,20-11-2023,14:47:00,20554.1504,20554.1504,20549.9492,20549.9492,250,13700
BOSCHLTD_F2,20-11-2023,14:48:00,20549.0996,20550.0,20549.0996,20550.0,700,13650
BOSCHLTD_F2,20-11-2023,14:49:00,20559.9492,20560.0,20559.9492,20560.0,150,13650
BOSCHLTD_F2,20-11-2023,14:53:00,20577.3496,20577.3496,20577.3496,20577.3496,50,13650
BOSCHLTD_F2,20-11-2023,15:05:00,20550.0,20550.0,20550.0,20550.0,50,13700
BOSCHLTD_F2,20-11-2023,15:07:00,20560.0,20560.0,20560.0,20560.0,50,13700
BOSCHLTD_F2,20-11-2023,15:20:00,20549.4492,20549.4492,20549.4492,20549.4492,100,13700
BOSCHLTD_F2,20-11-2023,15:24:00,20548.9004,20548.9004,20548.9004,20548.9004,100,13700
BOSCHLTD_F2,20-11-2023,15:26:00,20531.9004,20531.9004,20531.9004,20531.9004,150,13700
BOSCHLTD_F2,20-11-2023,15:27:00,20531.9004,20531.9004,20531.9004,20531.9004,100,13650
BOSCHLTD_F2,20-11-2023,15:28:00,20548.6992,20548.6992,20548.6992,20548.6992,100,13650
BOSCHLTD_F2,20-11-2023,15:29:00,20548.6992,20548.6992,20548.6992,20548.6992,50,13650
BOSCHLTD_F2,20-11-2023,15:30:00,20548.9492,20548.9492,20548.9492,20548.9492,50,13650
BOSCHLTD_F2,21-11-2023,09:15:00,20655.5508,20655.5508,20632.5996,20632.5996,152,13700
BOSCHLTD_F2,21-11-2023,09:16:00,20760.5996,20760.5996,20760.5996,20760.5996,250,13700
BOSCHLTD_F2,21-11-2023,09:18:00,20760.5996,20760.5996,20760.5996,20760.5996,50,13650
BOSCHLTD_F2,21-11-2023,09:24:00,20600.0,20600.0,20600.0,20600.0,50,13650
BOSCHLTD_F2,21-11-2023,09:30:00,20600.0,20600.0,20600.0,20600.0,100,13650
BOSCHLTD_F2,21-11-2023,09:34:00,20600.0,20600.0,20600.0,20600.0,50,13550
BOSCHLTD_F2,21-11-2023,09:35:00,20596.4492,20596.4492,20596.4492,20596.4492,50,13550
BOSCHLTD_F2,21-11-2023,09:36:00,20596.4492,20596.4492,20596.4492,20596.4492,50,13550
BOSCHLTD_F2,21-11-2023,10:00:00,20600.0,20600.0,20596.9004,20596.9004,100,13600
BOSCHLTD_F2,21-11-2023,10:11:00,20632.5996,20632.5996,20632.5996,20632.5996,200,13550
BOSCHLTD_F2,21-11-2023,10:14:00,20640.0,20640.0,20640.0,20640.0,50,13600
BOSCHLTD_F2,21-11-2023,10:25:00,20658.5996,20658.5996,20658.5996,20658.5996,50,13600
BOSCHLTD_F2,21-11-2023,10:42:00,20727.0996,20727.0996,20727.0996,20727.0996,50,13650
BOSCHLTD_F2,21-11-2023,10:51:00,20699.8008,20699.8008,20642.75,20642.75,100,13650
BOSCHLTD_F2,21-11-2023,10:53:00,20672.5996,20672.5996,20672.5996,20672.5996,100,13650
BOSCHLTD_F2,21-11-2023,10:54:00,20610.0508,20610.0508,20610.0508,20610.0508,100,13600
BOSCHLTD_F2,21-11-2023,10:56:00,20617.8008,20617.8008,20617.8008,20617.8008,50,13600
BOSCHLTD_F2,21-11-2023,10:57:00,20617.8008,20617.8008,20617.8008,20617.8008,250,13550
BOSCHLTD_F2,21-11-2023,10:58:00,20617.8008,20617.8008,20617.8008,20617.8008,550,13550
BOSCHLTD_F2,21-11-2023,11:20:00,20617.8008,20617.8008,20617.8008,20617.8008,50,13350
BOSCHLTD_F2,21-11-2023,11:31:00,20698.5508,20698.5508,20698.5508,20698.5508,50,13400
BOSCHLTD_F2,21-11-2023,11:37:00,20718.1504,20729.4492,20718.1504,20729.4492,200,13450
BOSCHLTD_F2,21-11-2023,11:41:00,20760.0,20760.0,20760.0,20760.0,100,13300
BOSCHLTD_F2,21-11-2023,11:42:00,20790.0,20790.0,20790.0,20790.0,100,13300
BOSCHLTD_F2,21-11-2023,11:43:00,20750.0,20750.0,20750.0,20750.0,50,13300
BOSCHLTD_F2,21-11-2023,11:54:00,20704.3008,20704.3008,20700.0,20700.0,1300,13200
BOSCHLTD_F2,21-11-2023,12:01:00,20700.0,20700.0,20700.0,20700.0,50,13850
BOSCHLTD_F2,21-11-2023,12:11:00,20767.6504,20785.0,20767.6504,20785.0,350,13850
BOSCHLTD_F2,21-11-2023,12:14:00,20790.0,20790.0,20790.0,20790.0,50,14050
BOSCHLTD_F2,21-11-2023,12:22:00,20790.0,20790.0,20790.0,20790.0,50,14000
BOSCHLTD_F2,21-11-2023,12:25:00,20763.6992,20763.6992,20763.6992,20763.6992,50,14000
BOSCHLTD_F2,21-11-2023,12:27:00,20769.3008,20769.3008,20769.3008,20769.3008,50,14000
BOSCHLTD_F2,21-11-2023,12:38:00,20790.8008,20790.8008,20790.8008,20790.8008,50,14000
BOSCHLTD_F2,21-11-2023,12:47:00,20795.0,20795.0,20795.0,20795.0,50,14050
BOSCHLTD_F2,21-11-2023,12:57:00,20795.0,20795.0,20795.0,20795.0,50,14000
BOSCHLTD_F2,21-11-2023,13:01:00,20775.0,20775.0,20775.0,20775.0,50,14050
BOSCHLTD_F2,21-11-2023,13:05:00,20775.0,20775.0,20775.0,20775.0,200,14050
BOSCHLTD_F2,21-11-2023,13:06:00,20775.0,20775.0,20775.0,20775.0,450,14250
BOSCHLTD_F2,21-11-2023,13:08:00,20775.0,20775.0,20756.3496,20756.3496,700,14250
BOSCHLTD_F2,21-11-2023,13:14:00,20706.3008,20706.3008,20706.3008,20706.3008,50,15250
BOSCHLTD_F2,21-11-2023,13:15:00,20700.0508,20700.0508,20700.0508,20700.0508,50,15250
BOSCHLTD_F2,21-11-2023,13:18:00,20690.0,20690.0,20690.0,20690.0,100,15300
BOSCHLTD_F2,21-11-2023,13:19:00,20694.75,20694.75,20694.75,20694.75,50,15300
BOSCHLTD_F2,21-11-2023,13:33:00,20720.0,20720.0,20720.0,20720.0,50,15300
BOSCHLTD_F2,21-11-2023,13:34:00,20758.9004,20758.9004,20758.9004,20758.9004,100,15300
BOSCHLTD_F2,21-11-2023,13:35:00,20723.1504,20723.1504,20723.1504,20723.1504,50,15300
BOSCHLTD_F2,21-11-2023,13:38:00,20764.9492,20764.9492,20764.9492,20764.9492,50,15350
BOSCHLTD_F2,21-11-2023,13:44:00,20789.0,20789.0,20789.0,20789.0,50,15400
BOSCHLTD_F2,21-11-2023,13:45:00,20789.9004,20789.9004,20789.9004,20789.9004,50,15450
BOSCHLTD_F2,21-11-2023,13:46:00,20790.0,20790.0,20790.0,20790.0,50,15450
BOSCHLTD_F2,21-11-2023,13:49:00,20778.4004,20778.4004,20778.4004,20778.4004,50,15450
BOSCHLTD_F2,21-11-2023,13:51:00,20781.3008,20781.3008,20781.3008,20781.3008,50,15400
BOSCHLTD_F2,21-11-2023,14:05:00,20771.5,20771.5,20771.5,20771.5,50,15350
BOSCHLTD_F2,21-11-2023,14:20:00,20771.5,20771.5,20771.5,20771.5,50,15400
BOSCHLTD_F2,21-11-2023,14:41:00,20785.5508,20785.5508,20785.5508,20785.5508,100,15400
BOSCHLTD_F2,21-11-2023,14:56:00,20778.0,20778.0,20778.0,20778.0,50,15500
BOSCHLTD_F2,21-11-2023,15:01:00,20778.6504,20778.6504,20778.6504,20778.6504,50,15550
BOSCHLTD_F2,21-11-2023,15:02:00,20778.6504,20778.6504,20778.6504,20778.6504,50,15550
BOSCHLTD_F2,21-11-2023,15:03:00,20747.4004,20747.4004,20747.4004,20747.4004,150,15550
BOSCHLTD_F2,21-11-2023,15:04:00,20759.3496,20765.3496,20759.3496,20765.3496,100,15650
BOSCHLTD_F2,21-11-2023,15:09:00,20766.6992,20766.6992,20766.6992,20766.6992,50,15750
BOSCHLTD_F2,21-11-2023,15:11:00,20760.9492,20760.9492,20760.9492,20760.9492,50,15700
BOSCHLTD_F2,21-11-2023,15:14:00,20735.0,20735.0,20735.0,20735.0,50,15750
BOSCHLTD_F2,21-11-2023,15:19:00,20772.9492,20772.9492,20772.9492,20772.9492,100,15750
BOSCHLTD_F2,21-11-2023,15:20:00,20760.0,20760.0,20760.0,20760.0,50,15750
BOSCHLTD_F2,21-11-2023,15:28:00,20746.0,20746.0,20746.0,20746.0,100,15750
BOSCHLTD_F2,21-11-2023,15:30:00,20746.0,20746.0,20746.0,20746.0,50,15750
BOSCHLTD_F2,22-11-2023,09:17:00,20737.8496,20750.0,20737.8496,20750.0,101,15800
BOSCHLTD_F2,22-11-2023,09:18:00,20750.0,20750.0,20750.0,20750.0,100,15900
BOSCHLTD_F2,22-11-2023,09:19:00,20719.4004,20719.4004,20719.4004,20719.4004,50,15900
BOSCHLTD_F2,22-11-2023,09:20:00,20750.0,20760.0,20750.0,20760.0,200,15900
BOSCHLTD_F2,22-11-2023,09:24:00,20840.0,20840.0,20818.6504,20818.6504,200,16050
BOSCHLTD_F2,22-11-2023,09:25:00,20816.1504,20826.3496,20816.1504,20826.3496,100,16050
BOSCHLTD_F2,22-11-2023,09:26:00,20820.0,20820.0,20820.0,20820.0,50,16050
BOSCHLTD_F2,22-11-2023,09:30:00,20800.0,20800.0,20800.0,20800.0,50,16050
BOSCHLTD_F2,22-11-2023,09:33:00,20850.0,20860.0,20850.0,20860.0,200,16100
BOSCHLTD_F2,22-11-2023,09:37:00,20860.0,20862.6992,20860.0,20862.6992,450,16150
BOSCHLTD_F2,22-11-2023,09:38:00,20862.6992,20862.6992,20862.6992,20862.6992,50,16150
BOSCHLTD_F2,22-11-2023,09:39:00,20871.6504,20871.6504,20871.6504,20871.6504,250,16350
BOSCHLTD_F2,22-11-2023,09:40:00,20870.0,20872.0,20870.0,20872.0,650,16350
BOSCHLTD_F2,22-11-2023,09:41:00,20821.9492,20821.9492,20821.9492,20821.9492,1150,16350
BOSCHLTD_F2,22-11-2023,09:50:00,20884.3008,20900.0,20884.3008,20900.0,450,17250
BOSCHLTD_F2,22-11-2023,09:51:00,20896.4492,20896.4492,20896.4492,20896.4492,1750,17250
BOSCHLTD_F2,22-11-2023,09:52:00,20936.0508,20936.0996,20913.4004,20923.3008,1500,17250
BOSCHLTD_F2,22-11-2023,09:53:00,20936.0996,20990.0,20936.0996,20990.0,1900,19500
BOSCHLTD_F2,22-11-2023,09:54:00,20994.0508,21050.0,20994.0508,21050.0,1750,19500
BOSCHLTD_F2,22-11-2023,09:55:00,21006.3496,21090.0,21006.3496,21090.0,1650,19500
BOSCHLTD_F2,22-11-2023,09:56:00,21093.0996,21093.8008,21001.0508,21001.0508,650,21050
BOSCHLTD_F2,22-11-2023,09:57:00,21001.0508,21001.0508,21001.0,21001.0,200,21050
BOSCHLTD_F2,22-11-2023,09:58:00,21030.0,21030.0,21022.3496,21022.3496,200,21050
BOSCHLTD_F2,22-11-2023,09:59:00,21021.0,21025.0,21021.0,21025.0,300,21050
BOSCHLTD_F2,22-11-2023,10:00:00,21049.8496,21049.8496,21049.8496,21049.8496,50,21250
BOSCHLTD_F2,22-11-2023,10:01:00,21049.9492,21049.9492,21029.3496,21029.3496,200,21250
BOSCHLTD_F2,22-11-2023,10:02:00,21049.8496,21049.8496,21049.8008,21049.8008,250,21250
BOSCHLTD_F2,22-11-2023,10:03:00,21037.0996,21125.0,21037.0996,21125.0,3250,21200
BOSCHLTD_F2,22-11-2023,10:04:00,21140.4004,21145.0,21140.4004,21145.0,350,21200
BOSCHLTD_F2,22-11-2023,10:05:00,21145.0,21145.0,21145.0,21145.0,50,22350
BOSCHLTD_F2,22-11-2023,10:08:00,21100.0,21100.0,21100.0,21100.0,200,22350
BOSCHLTD_F2,22-11-2023,10:10:00,21078.9004,21078.9004,21078.9004,21078.9004,50,22400
BOSCHLTD_F2,22-11-2023,10:12:00,21065.9492,21065.9492,21065.9492,21065.9492,50,22400
BOSCHLTD_F2,22-11-2023,10:13:00,21100.0,21119.8496,21100.0,21119.8496,100,22400
BOSCHLTD_F2,22-11-2023,10:14:00,21100.0,21100.0,21090.0,21090.0,150,22500
BOSCHLTD_F2,22-11-2023,10:16:00,21100.0,21130.0,21100.0,21130.0,200,22500
BOSCHLTD_F2,22-11-2023,10:17:00,21144.4492,21150.0,21144.4492,21150.0,300,22500
BOSCHLTD_F2,22-11-2023,10:18:00,21150.0,21150.0,21150.0,21150.0,50,22850
BOSCHLTD_F2,22-11-2023,10:19:00,21150.0,21150.0,21150.0,21150.0,50,22850
BOSCHLTD_F2,22-11-2023,10:20:00,21150.0,21150.0,21150.0,21150.0,300,22850
BOSCHLTD_F2,22-11-2023,10:21:00,21150.0,21150.0,21150.0,21150.0,150,23100
BOSCHLTD_F2,22-11-2023,10:22:00,21160.0,21160.0,21160.0,21160.0,100,23100
BOSCHLTD_F2,22-11-2023,10:23:00,21157.8008,21157.8008,21157.8008,21157.8008,100,23100
BOSCHLTD_F2,22-11-2023,10:24:00,21124.0996,21124.0996,21124.0996,21124.0996,50,23250
BOSCHLTD_F2,22-11-2023,10:25:00,21110.0,21110.0,21110.0,21110.0,100,23250
BOSCHLTD_F2,22-11-2023,10:26:00,21095.0,21095.0,21095.0,21095.0,50,23250
BOSCHLTD_F2,22-11-2023,10:28:00,21095.0,21095.0,21095.0,21095.0,50,23250
BOSCHLTD_F2,22-11-2023,10:30:00,21083.5508,21083.5508,21083.5508,21083.5508,50,23100
BOSCHLTD_F2,22-11-2023,10:32:00,21083.5508,21083.5508,21083.5508,21083.5508,100,23100
BOSCHLTD_F2,22-11-2023,10:34:00,21118.4004,21118.4004,21118.4004,21118.4004,50,23250
BOSCHLTD_F2,22-11-2023,10:35:00,21120.0,21125.0,21120.0,21125.0,200,23250
BOSCHLTD_F2,22-11-2023,10:40:00,21101.5508,21101.5508,21101.5508,21101.5508,50,23200
BOSCHLTD_F2,22-11-2023,10:41:00,21080.0,21080.0,21080.0,21080.0,50,23200
BOSCHLTD_F2,22-11-2023,10:43:00,21080.0,21080.0,21080.0,21080.0,50,23300
BOSCHLTD_F2,22-11-2023,10:44:00,21080.0,21080.0,21080.0,21080.0,50,23300
BOSCHLTD_F2,22-11-2023,10:45:00,21080.0,21080.0,21050.0,21050.0,200,23350
BOSCHLTD_F2,22-11-2023,10:47:00,21028.0,21028.0,21025.0,21025.0,200,23350
BOSCHLTD_F2,22-11-2023,10:49:00,21000.0,21000.0,21000.0,21000.0,100,23350
BOSCHLTD_F2,22-11-2023,10:50:00,21000.0,21000.0,21000.0,21000.0,50,23350
BOSCHLTD_F2,22-11-2023,10:51:00,21000.0,21000.0,21000.0,21000.0,50,23450
BOSCHLTD_F2,22-11-2023,10:52:00,21000.0,21000.5996,21000.0,21000.5996,100,23450
BOSCHLTD_F2,22-11-2023,10:56:00,20979.0,20985.0,20960.9492,20960.9492,250,23400
BOSCHLTD_F2,22-11-2023,10:57:00,20978.4004,20978.4004,20978.4004,20978.4004,50,23400
BOSCHLTD_F2,22-11-2023,10:58:00,20969.5996,20969.5996,20969.5996,20969.5996,50,23400
BOSCHLTD_F2,22-11-2023,10:59:00,20950.0,20950.0,20930.9492,20930.9492,200,23400
BOSCHLTD_F2,22-11-2023,11:03:00,20983.6992,20983.6992,20983.6992,20983.6992,50,23450
BOSCHLTD_F2,22-11-2023,11:04:00,20985.9492,20985.9492,20985.9492,20985.9492,50,23450
BOSCHLTD_F2,22-11-2023,11:07:00,20970.0,20970.0,20970.0,20970.0,50,23500
BOSCHLTD_F2,22-11-2023,11:08:00,20970.0,20970.0,20961.25,20961.25,150,23500
BOSCHLTD_F2,22-11-2023,11:10:00,20950.1992,20950.1992,20949.1504,20949.1504,150,23700
BOSCHLTD_F2,22-11-2023,11:12:00,20950.0,20950.0,20925.8496,20925.8496,150,23750
BOSCHLTD_F2,22-11-2023,11:13:00,20933.5,20933.5,20933.5,20933.5,50,23750
BOSCHLTD_F2,22-11-2023,11:15:00,20921.3008,20921.3008,20921.3008,20921.3008,100,23800
BOSCHLTD_F2,22-11-2023,11:19:00,20930.0508,20956.4004,20930.0508,20956.4004,100,23850
BOSCHLTD_F2,22-11-2023,11:20:00,20956.4004,20956.4004,20933.3008,20933.3008,100,23850
BOSCHLTD_F2,22-11-2023,11:21:00,20982.0996,20982.0996,20935.0508,20935.0508,100,23900
BOSCHLTD_F2,22-11-2023,11:25:00,20978.3008,20978.3008,20978.3008,20978.3008,50,23950
BOSCHLTD_F2,22-11-2023,11:26:00,20960.0,20960.0,20960.0,20960.0,50,23950
BOSCHLTD_F2,22-11-2023,11:28:00,20990.75,20990.75,20990.75,20990.75,50,23950
BOSCHLTD_F2,22-11-2023,11:30:00,20966.9004,20984.4492,20965.3496,20965.3496,350,24000
BOSCHLTD_F2,22-11-2023,11:32:00,20985.3496,20985.3496,20985.3496,20985.3496,100,24000
BOSCHLTD_F2,22-11-2023,11:33:00,20979.8008,20979.8008,20960.5,20960.5,150,24200
BOSCHLTD_F2,22-11-2023,11:34:00,20960.5,20960.5,20960.5,20960.5,50,24200
BOSCHLTD_F2,22-11-2023,11:44:00,20978.9492,20978.9492,20978.9492,20978.9492,50,24300
BOSCHLTD_F2,22-11-2023,11:46:00,20978.9492,20978.9492,20978.9492,20978.9492,50,24350
BOSCHLTD_F2,22-11-2023,11:56:00,20920.0,20920.0,20920.0,20920.0,450,24400
BOSCHLTD_F2,22-11-2023,11:57:00,20920.0508,20920.0508,20920.0508,20920.0508,150,24400
BOSCHLTD_F2,22-11-2023,11:58:00,20920.0508,20920.0508,20920.0,20920.0,100,24450
BOSCHLTD_F2,22-11-2023,11:59:00,20900.0,20900.0,20900.0,20900.0,950,24450
BOSCHLTD_F2,22-11-2023,12:00:00,20875.4492,20875.4492,20832.6992,20832.6992,200,24150
BOSCHLTD_F2,22-11-2023,12:01:00,20831.8496,20831.8496,20831.8496,20831.8496,50,24150
BOSCHLTD_F2,22-11-2023,12:02:00,20829.8496,20829.8496,20829.8496,20829.8496,100,24150
BOSCHLTD_F2,22-11-2023,12:04:00,20850.4004,20850.4004,20838.3008,20838.3008,150,24050
BOSCHLTD_F2,22-11-2023,12:10:00,20838.3008,20838.3008,20838.3008,20838.3008,50,24050
BOSCHLTD_F2,22-11-2023,12:11:00,20868.5508,20868.5508,20867.9492,20867.9492,200,24050
BOSCHLTD_F2,22-11-2023,12:20:00,20810.0,20810.0,20810.0,20810.0,100,24200
BOSCHLTD_F2,22-11-2023,12:21:00,20800.0,20800.0,20800.0,20800.0,50,24200
BOSCHLTD_F2,22-11-2023,12:22:00,20800.0,20800.0,20800.0,20800.0,50,24300
BOSCHLTD_F2,22-11-2023,12:23:00,20800.0,20800.0,20800.0,20800.0,50,24300
BOSCHLTD_F2,22-11-2023,12:25:00,20750.0,20750.0,20725.9004,20725.9004,200,24350
BOSCHLTD_F2,22-11-2023,12:26:00,20736.9492,20752.8008,20736.9492,20752.8008,500,24350
BOSCHLTD_F2,22-11-2023,12:27:00,20754.6504,20754.6504,20754.6504,20754.6504,50,24600
BOSCHLTD_F2,22-11-2023,12:29:00,20776.0,20776.0,20772.8496,20772.8496,200,24600
BOSCHLTD_F2,22-11-2023,12:32:00,20814.1504,20815.0508,20814.1504,20815.0508,100,24700
BOSCHLTD_F2,22-11-2023,12:33:00,20799.6992,20799.6992,20799.6992,20799.6992,100,24650
BOSCHLTD_F2,22-11-2023,12:34:00,20799.6992,20799.6992,20799.6992,20799.6992,50,24650
BOSCHLTD_F2,22-11-2023,12:37:00,20830.0,20830.0,20830.0,20830.0,250,24650
BOSCHLTD_F2,22-11-2023,12:40:00,20830.0,20830.0,20830.0,20830.0,50,24800
BOSCHLTD_F2,22-11-2023,12:41:00,20774.1992,20774.1992,20774.1992,20774.1992,50,24800
BOSCHLTD_F2,22-11-2023,12:42:00,20774.1992,20774.1992,20774.1992,20774.1992,50,24800
BOSCHLTD_F2,22-11-2023,12:46:00,20774.1992,20774.1992,20774.1992,20774.1992,50,24850
BOSCHLTD_F2,22-11-2023,12:48:00,20774.1992,20774.1992,20774.1992,20774.1992,50,24900
BOSCHLTD_F2,22-11-2023,12:52:00,20788.25,20788.25,20788.25,20788.25,100,24900
BOSCHLTD_F2,22-11-2023,12:57:00,20734.1992,20734.1992,20734.1992,20734.1992,150,24950
BOSCHLTD_F2,22-11-2023,12:58:00,20734.1992,20734.1992,20734.1992,20734.1992,50,25050
BOSCHLTD_F2,22-11-2023,12:59:00,20725.0508,20725.0508,20725.0508,20725.0508,50,25050
BOSCHLTD_F2,22-11-2023,13:00:00,20725.0,20725.0,20725.0,20725.0,50,25100
BOSCHLTD_F2,22-11-2023,13:06:00,20718.0508,20718.0508,20718.0508,20718.0508,50,25100
BOSCHLTD_F2,22-11-2023,13:07:00,20718.0508,20718.0508,20718.0508,20718.0508,50,25150
BOSCHLTD_F2,22-11-2023,13:08:00,20769.4492,20769.4492,20769.4492,20769.4492,50,25150
BOSCHLTD_F2,22-11-2023,13:09:00,20765.0,20765.0,20753.4492,20753.4492,100,25150
BOSCHLTD_F2,22-11-2023,13:10:00,20753.4492,20753.4492,20753.4492,20753.4492,50,25150
BOSCHLTD_F2,22-11-2023,13:11:00,20755.3008,20755.3008,20755.3008,20755.3008,50,25150
BOSCHLTD_F2,22-11-2023,13:16:00,20766.8496,20766.8496,20766.8496,20766.8496,50,25200
BOSCHLTD_F2,22-11-2023,13:23:00,20766.8496,20766.8496,20766.8496,20766.8496,50,25250
BOSCHLTD_F2,22-11-2023,13:24:00,20766.8496,20766.8496,20766.8496,20766.8496,50,25300
BOSCHLTD_F2,22-11-2023,13:27:00,20782.75,20782.75,20782.75,20782.75,50,25300
BOSCHLTD_F2,22-11-2023,13:30:00,20780.9004,20780.9004,20780.9004,20780.9004,50,25350
BOSCHLTD_F2,22-11-2023,13:33:00,20786.9004,20786.9004,20786.9004,20786.9004,150,25350
BOSCHLTD_F2,22-11-2023,13:35:00,20786.9004,20786.9004,20786.9004,20786.9004,50,25350
BOSCHLTD_F2,22-11-2023,13:42:00,20758.4004,20758.4004,20758.4004,20758.4004,50,25500
BOSCHLTD_F2,22-11-2023,13:46:00,20758.4004,20758.4004,20758.4004,20758.4004,50,25500
BOSCHLTD_F2,22-11-2023,13:54:00,20758.4004,20758.4004,20758.4004,20758.4004,400,25550
BOSCHLTD_F2,22-11-2023,13:55:00,20758.4004,20758.4004,20758.4004,20758.4004,550,25550
BOSCHLTD_F2,22-11-2023,13:56:00,20758.4004,20758.4004,20758.4004,20758.4004,50,25550
BOSCHLTD_F2,22-11-2023,14:00:00,20758.4004,20758.4004,20758.4004,20758.4004,50,25550
BOSCHLTD_F2,22-11-2023,14:03:00,20815.5996,20821.25,20815.5996,20821.25,100,26550
BOSCHLTD_F2,22-11-2023,14:05:00,20827.0,20827.0,20827.0,20827.0,50,26550
BOSCHLTD_F2,22-11-2023,14:07:00,20827.0,20827.0,20827.0,20827.0,400,26650
BOSCHLTD_F2,22-11-2023,14:12:00,20827.0,20827.0,20827.0,20827.0,50,27050
BOSCHLTD_F2,22-11-2023,14:13:00,20827.0,20827.0,20827.0,20827.0,250,27050
BOSCHLTD_F2,22-11-2023,14:16:00,20825.0,20827.0,20825.0,20827.0,100,27250
BOSCHLTD_F2,22-11-2023,14:17:00,20827.0,20827.0,20827.0,20827.0,50,27250
BOSCHLTD_F2,22-11-2023,14:18:00,20838.5,20838.5,20830.25,20830.25,100,27350
BOSCHLTD_F2,22-11-2023,14:23:00,20835.0,20835.0,20835.0,20835.0,100,27400
BOSCHLTD_F2,22-11-2023,14:25:00,20835.0,20835.0,20835.0,20835.0,50,27500
BOSCHLTD_F2,22-11-2023,14:28:00,20830.0,20830.0,20830.0,20830.0,100,27550
BOSCHLTD_F2,22-11-2023,14:29:00,20844.8008,20849.5508,20844.8008,20849.5508,150,27550
BOSCHLTD_F2,22-11-2023,14:32:00,20849.5508,20849.5508,20849.5508,20849.5508,100,27700
BOSCHLTD_F2,22-11-2023,14:34:00,20850.0,20850.0,20850.0,20850.0,100,27750
BOSCHLTD_F2,22-11-2023,14:35:00,20850.0,20850.0,20850.0,20850.0,50,27750
BOSCHLTD_F2,22-11-2023,14:36:00,20850.0,20850.0,20850.0,20850.0,50,27800
BOSCHLTD_F2,22-11-2023,14:37:00,20850.0,20850.0,20850.0,20850.0,50,27800
BOSCHLTD_F2,22-11-2023,14:39:00,20840.5,20840.5,20840.5,20840.5,100,27800
BOSCHLTD_F2,22-11-2023,14:40:00,20850.0,20850.0,20850.0,20850.0,50,28000
BOSCHLTD_F2,22-11-2023,14:43:00,20836.9492,20836.9492,20836.9492,20836.9492,100,28000
BOSCHLTD_F2,22-11-2023,14:44:00,20850.0,20850.0,20850.0,20850.0,100,28000
BOSCHLTD_F2,22-11-2023,14:46:00,20850.0,20850.0,20850.0,20850.0,50,28100
BOSCHLTD_F2,22-11-2023,14:49:00,20850.0,20850.0,20850.0,20850.0,50,28100
BOSCHLTD_F2,22-11-2023,14:52:00,20805.75,20805.75,20805.75,20805.75,100,28150
BOSCHLTD_F2,22-11-2023,14:55:00,20800.0,20800.0,20800.0,20800.0,50,28150
BOSCHLTD_F2,22-11-2023,14:59:00,20800.0,20800.0,20800.0,20800.0,50,28200
BOSCHLTD_F2,22-11-2023,15:09:00,20794.4492,20802.0508,20794.4492,20802.0508,100,28200
BOSCHLTD_F2,22-11-2023,15:10:00,20789.5508,20789.5508,20781.0508,20781.0508,100,28200
BOSCHLTD_F2,22-11-2023,15:11:00,20783.0996,20783.0996,20783.0996,20783.0996,150,28200
BOSCHLTD_F2,22-11-2023,15:24:00,20827.3008,20827.3008,20827.3008,20827.3008,100,28400
BOSCHLTD_F2,22-11-2023,15:25:00,20819.4004,20819.4004,20819.0,20819.0,150,28400
BOSCHLTD_F2,22-11-2023,15:26:00,20819.9492,20819.9492,20819.9492,20819.9492,50,28400
BOSCHLTD_F2,22-11-2023,15:28:00,20812.8496,20812.8496,20812.0,20812.0,150,28600
BOSCHLTD_F2,22-11-2023,15:29:00,20829.8496,20829.8496,20800.0,20800.0,200,28600
BOSCHLTD_F2,23-11-2023,09:15:00,20800.0,20860.0,20800.0,20860.0,100,28250
BOSCHLTD_F2,23-11-2023,09:16:00,20949.9492,20949.9492,20949.9492,20949.9492,150,28250
BOSCHLTD_F2,23-11-2023,09:17:00,20889.1992,20889.1992,20889.1992,20889.1992,50,28200
BOSCHLTD_F2,23-11-2023,09:18:00,20816.8496,20816.8496,20816.8496,20816.8496,50,28200
BOSCHLTD_F2,23-11-2023,09:19:00,20819.4492,20819.4492,20819.4492,20819.4492,100,28200
BOSCHLTD_F2,23-11-2023,09:20:00,20819.4492,20843.9004,20819.4492,20843.9004,200,28200
BOSCHLTD_F2,23-11-2023,09:21:00,20848.0,20848.0,20848.0,20848.0,50,28200
BOSCHLTD_F2,23-11-2023,09:22:00,20850.8496,20900.0,20850.8496,20900.0,100,28200
BOSCHLTD_F2,23-11-2023,09:24:00,20926.0,20926.0,20885.8496,20885.8496,1400,28300
BOSCHLTD_F2,23-11-2023,09:25:00,20900.0,20900.0,20900.0,20900.0,100,28300
BOSCHLTD_F2,23-11-2023,09:26:00,20950.0,20950.0,20950.0,20950.0,50,28500
BOSCHLTD_F2,23-11-2023,09:27:00,20974.0,20974.0,20974.0,20974.0,50,28500
BOSCHLTD_F2,23-11-2023,09:29:00,20991.4004,20991.4004,20991.4004,20991.4004,50,28350
BOSCHLTD_F2,23-11-2023,09:30:00,20991.4004,20991.4004,20989.3496,20989.3496,150,28350
BOSCHLTD_F2,23-11-2023,09:35:00,21018.0508,21018.0508,21018.0508,21018.0508,50,28350
BOSCHLTD_F2,23-11-2023,09:39:00,21018.0508,21018.0508,21013.8496,21013.8496,100,28400
BOSCHLTD_F2,23-11-2023,09:41:00,20988.8496,20988.8496,20988.8496,20988.8496,100,28400
BOSCHLTD_F2,23-11-2023,09:44:00,20988.8496,20988.8496,20988.8496,20988.8496,100,28500
BOSCHLTD_F2,23-11-2023,09:45:00,20966.0,20966.0,20966.0,20966.0,150,28500
BOSCHLTD_F2,23-11-2023,09:46:00,20960.0508,20960.0996,20960.0508,20960.0996,100,28500
BOSCHLTD_F2,23-11-2023,09:49:00,20960.0996,20960.0996,20960.0996,20960.0996,50,28500
BOSCHLTD_F2,23-11-2023,09:50:00,20960.0996,20960.0996,20960.0996,20960.0996,50,28600
BOSCHLTD_F2,23-11-2023,09:54:00,20960.0996,20960.0996,20960.0996,20960.0996,50,28550
BOSCHLTD_F2,23-11-2023,09:58:00,20960.0996,20960.0996,20960.0996,20960.0996,50,28600
BOSCHLTD_F2,23-11-2023,09:59:00,20964.75,20964.75,20964.75,20964.75,50,28600
BOSCHLTD_F2,23-11-2023,10:00:00,20964.9492,20964.9492,20964.9492,20964.9492,50,28650
BOSCHLTD_F2,23-11-2023,10:01:00,20964.9492,20964.9492,20964.9492,20964.9492,100,28650
BOSCHLTD_F2,23-11-2023,10:07:00,20964.9492,20964.9492,20964.9492,20964.9492,50,28700
BOSCHLTD_F2,23-11-2023,10:11:00,20950.0,20950.0,20950.0,20950.0,100,28750
BOSCHLTD_F2,23-11-2023,10:12:00,20961.5,20961.5,20961.5,20961.5,100,28750
BOSCHLTD_F2,23-11-2023,10:14:00,20959.0,20959.0,20959.0,20959.0,100,28750
BOSCHLTD_F2,23-11-2023,10:15:00,20929.5508,20929.5508,20929.5508,20929.5508,50,28750
BOSCHLTD_F2,23-11-2023,10:16:00,20929.5508,20929.5508,20929.5508,20929.5508,50,28750
BOSCHLTD_F2,23-11-2023,10:19:00,20929.5508,20929.5508,20929.5508,20929.5508,100,28850
BOSCHLTD_F2,23-11-2023,10:21:00,20950.0,20950.0,20950.0,20950.0,50,28950
BOSCHLTD_F2,23-11-2023,10:26:00,20950.0,20956.5508,20950.0,20956.5508,150,28950
BOSCHLTD_F2,23-11-2023,10:29:00,20988.5508,20988.5508,20988.5508,20988.5508,50,29000
BOSCHLTD_F2,23-11-2023,10:30:00,21024.5508,21024.5508,21021.6992,21021.6992,550,29050
BOSCHLTD_F2,23-11-2023,10:31:00,21024.9004,21025.0,21024.9004,21025.0,150,29050
BOSCHLTD_F2,23-11-2023,10:34:00,21025.0,21050.0,21025.0,21050.0,400,29300
BOSCHLTD_F2,23-11-2023,10:35:00,21099.9004,21099.9004,21099.9004,21099.9004,100,29150
BOSCHLTD_F2,23-11-2023,10:38:00,21099.9004,21099.9004,21099.9004,21099.9004,50,29150
BOSCHLTD_F2,23-11-2023,10:39:00,21099.9004,21099.9004,21099.9004,21099.9004,50,29200
BOSCHLTD_F2,23-11-2023,10:40:00,21040.0,21040.0,21040.0,21040.0,50,29200
BOSCHLTD_F2,23-11-2023,10:41:00,21039.25,21039.25,21039.25,21039.25,100,29200
BOSCHLTD_F2,23-11-2023,10:42:00,21039.25,21062.1992,21039.25,21062.1992,250,29200
BOSCHLTD_F2,23-11-2023,10:44:00,21074.9492,21074.9492,21074.9492,21074.9492,300,29200
BOSCHLTD_F2,23-11-2023,10:45:00,21032.6992,21032.6992,21032.6992,21032.6992,100,29200
BOSCHLTD_F2,23-11-2023,10:48:00,21032.6992,21032.6992,21032.6992,21032.6992,100,29150
BOSCHLTD_F2,23-11-2023,10:52:00,21032.6992,21053.6992,21032.6992,21053.6992,100,29150
BOSCHLTD_F2,23-11-2023,10:53:00,21055.0,21080.0,21055.0,21080.0,100,29150
BOSCHLTD_F2,23-11-2023,10:54:00,21090.0,21090.0,21090.0,21090.0,50,29100
BOSCHLTD_F2,23-11-2023,10:56:00,21090.0,21090.0,21090.0,21090.0,50,29100
BOSCHLTD_F2,23-11-2023,10:58:00,21090.0,21090.0,21090.0,21090.0,50,29100
BOSCHLTD_F2,23-11-2023,11:01:00,21090.0,21090.0,21090.0,21090.0,100,29150
BOSCHLTD_F2,23-11-2023,11:04:00,21096.25,21098.9004,21096.25,21098.9004,250,29200
BOSCHLTD_F2,23-11-2023,11:05:00,21099.9492,21099.9492,21099.9492,21099.9492,50,29200
BOSCHLTD_F2,23-11-2023,11:06:00,21121.1504,21121.1504,21121.1504,21121.1504,300,29200
BOSCHLTD_F2,23-11-2023,11:07:00,21143.25,21143.25,21143.25,21143.25,150,29200
BOSCHLTD_F2,23-11-2023,11:08:00,21145.0,21145.0,21145.0,21145.0,100,29200
BOSCHLTD_F2,23-11-2023,11:09:00,21167.9492,21169.6992,21167.9492,21169.6992,600,29550
BOSCHLTD_F2,23-11-2023,11:10:00,21160.3496,21160.3496,21160.3496,21160.3496,50,29550
BOSCHLTD_F2,23-11-2023,11:12:00,21105.4004,21105.4004,21105.4004,21105.4004,200,29600
BOSCHLTD_F2,23-11-2023,11:14:00,21105.4004,21105.4004,21105.4004,21105.4004,50,29600
BOSCHLTD_F2,23-11-2023,11:15:00,21105.5508,21105.5508,21105.4004,21105.4004,350,29650
BOSCHLTD_F2,23-11-2023,11:17:00,21105.4004,21105.4004,21105.4004,21105.4004,150,29650
BOSCHLTD_F2,23-11-2023,11:18:00,21105.4004,21105.4004,21105.4004,21105.4004,50,30000
BOSCHLTD_F2,23-11-2023,11:19:00,21097.9004,21097.9004,21097.9004,21097.9004,50,30000
BOSCHLTD_F2,23-11-2023,11:20:00,21098.0996,21098.0996,21090.3496,21090.3496,100,30000
BOSCHLTD_F2,23-11-2023,11:22:00,21090.3496,21090.3496,21090.3496,21090.3496,150,29950
BOSCHLTD_F2,23-11-2023,11:23:00,21086.3496,21086.3496,21086.3496,21086.3496,50,29950
BOSCHLTD_F2,23-11-2023,11:24:00,21086.3496,21086.3496,21086.3496,21086.3496,50,29950
BOSCHLTD_F2,23-11-2023,11:25:00,21088.6992,21088.6992,21080.0,21080.0,250,30000
BOSCHLTD_F2,23-11-2023,11:26:00,21070.5996,21070.5996,21067.0508,21067.0508,100,30000
BOSCHLTD_F2,23-11-2023,11:28:00,21092.5508,21092.5508,21092.5508,21092.5508,100,29950
BOSCHLTD_F2,23-11-2023,11:31:00,21100.0,21100.0,21100.0,21100.0,50,30000
BOSCHLTD_F2,23-11-2023,11:32:00,21090.0996,21099.9492,21090.0996,21099.9492,150,30000
BOSCHLTD_F2,23-11-2023,11:34:00,21085.0,21085.0,21085.0,21085.0,250,30000
BOSCHLTD_F2,23-11-2023,11:36:00,21085.0,21085.0,21085.0,21085.0,50,30200
BOSCHLTD_F2,23-11-2023,11:43:00,21085.0,21085.0,21085.0,21085.0,100,30200
BOSCHLTD_F2,23-11-2023,11:46:00,21085.0,21085.0,21085.0,21085.0,50,30200
BOSCHLTD_F2,23-11-2023,11:50:00,21085.0,21085.0,21085.0,21085.0,200,30250
BOSCHLTD_F2,23-11-2023,11:52:00,21079.9492,21079.9492,21079.9492,21079.9492,50,30350
BOSCHLTD_F2,23-11-2023,11:53:00,21079.9492,21079.9492,21079.9492,21079.9492,100,30350
BOSCHLTD_F2,23-11-2023,11:54:00,21079.9492,21079.9492,21079.9492,21079.9492,50,30350
BOSCHLTD_F2,23-11-2023,11:55:00,21058.0,21058.0,21058.0,21058.0,50,30300
BOSCHLTD_F2,23-11-2023,11:56:00,21058.0,21058.0,21058.0,21058.0,100,30300
BOSCHLTD_F2,23-11-2023,11:58:00,21060.0,21060.0,21060.0,21060.0,50,30300
BOSCHLTD_F2,23-11-2023,12:00:00,21060.0,21060.0,21060.0,21060.0,50,30350
BOSCHLTD_F2,23-11-2023,12:04:00,21060.0,21060.0,21060.0,21060.0,50,30350
BOSCHLTD_F2,23-11-2023,12:08:00,21060.0,21060.0,21060.0,21060.0,50,30350
BOSCHLTD_F2,23-11-2023,12:09:00,21067.0,21067.0,21067.0,21067.0,50,30350
BOSCHLTD_F2,23-11-2023,12:11:00,21100.0,21100.0,21100.0,21100.0,150,30350
BOSCHLTD_F2,23-11-2023,12:12:00,21100.0,21100.0,21100.0,21100.0,50,30350
BOSCHLTD_F2,23-11-2023,12:14:00,21100.0,21100.0,21100.0,21100.0,150,30100
BOSCHLTD_F2,23-11-2023,12:21:00,21100.0,21100.0,21087.8008,21092.0996,150,30100
BOSCHLTD_F2,23-11-2023,12:22:00,21092.0996,21092.0996,21092.0996,21092.0996,50,30100
BOSCHLTD_F2,23-11-2023,12:23:00,21092.0996,21092.0996,21092.0996,21092.0996,100,30100
BOSCHLTD_F2,23-11-2023,12:26:00,21092.0996,21092.0996,21092.0996,21092.0996,50,30250
BOSCHLTD_F2,23-11-2023,12:31:00,21092.0508,21092.0508,21092.0508,21092.0508,50,30250
BOSCHLTD_F2,23-11-2023,12:32:00,21092.0508,21092.0508,21092.0508,21092.0508,50,30250
BOSCHLTD_F2,23-11-2023,12:35:00,21076.0508,21076.0508,21076.0508,21076.0508,50,30350
BOSCHLTD_F2,23-11-2023,12:36:00,21076.0508,21076.0508,21076.0508,21076.0508,50,30350
BOSCHLTD_F2,23-11-2023,12:40:00,21076.0508,21076.0508,21076.0508,21076.0508,100,30350
BOSCHLTD_F2,23-11-2023,12:42:00,21092.0996,21092.0996,21092.0996,21092.0996,150,30400
BOSCHLTD_F2,23-11-2023,12:43:00,21092.0996,21092.0996,21092.0996,21092.0996,50,30400
BOSCHLTD_F2,23-11-2023,12:44:00,21092.0996,21092.0996,21092.0996,21092.0996,50,30400
BOSCHLTD_F2,23-11-2023,12:50:00,21121.0,21130.1992,21121.0,21130.1992,150,30300
BOSCHLTD_F2,23-11-2023,12:54:00,21160.0,21181.1992,21160.0,21181.1992,300,30350
BOSCHLTD_F2,23-11-2023,12:55:00,21188.6992,21188.6992,21188.6992,21188.6992,150,30350
BOSCHLTD_F2,23-11-2023,12:57:00,21188.6992,21188.6992,21188.6992,21188.6992,50,30400
BOSCHLTD_F2,23-11-2023,12:58:00,21165.4004,21165.4004,21165.4004,21165.4004,50,30400
BOSCHLTD_F2,23-11-2023,12:59:00,21165.0,21190.0,21165.0,21190.0,300,30400
BOSCHLTD_F2,23-11-2023,13:00:00,21190.0,21204.5,21190.0,21204.5,900,30450
BOSCHLTD_F2,23-11-2023,13:01:00,21248.9492,21248.9492,21248.9492,21248.9492,150,30450
BOSCHLTD_F2,23-11-2023,13:02:00,21248.9492,21248.9492,21208.0,21221.0,200,30450
BOSCHLTD_F2,23-11-2023,13:05:00,21202.9492,21202.9492,21202.0,21202.0,150,30900
BOSCHLTD_F2,23-11-2023,13:08:00,21202.0,21202.0,21202.0,21202.0,50,30900
BOSCHLTD_F2,23-11-2023,13:11:00,21175.4492,21175.4492,21175.4492,21175.4492,450,30900
BOSCHLTD_F2,23-11-2023,13:13:00,21181.8496,21181.8496,21181.8496,21181.8496,100,31100
BOSCHLTD_F2,23-11-2023,13:16:00,21202.0,21202.0,21202.0,21202.0,50,31100
BOSCHLTD_F2,23-11-2023,13:18:00,21202.0,21202.0,21202.0,21202.0,50,31100
BOSCHLTD_F2,23-11-2023,13:20:00,21191.3008,21191.3008,21191.3008,21191.3008,50,31050
BOSCHLTD_F2,23-11-2023,13:21:00,21191.3008,21195.0,21191.3008,21195.0,100,31000
BOSCHLTD_F2,23-11-2023,13:22:00,21188.0,21188.0,21188.0,21188.0,200,31000
BOSCHLTD_F2,23-11-2023,13:25:00,21188.0,21188.0,21188.0,21188.0,50,31100
BOSCHLTD_F2,23-11-2023,13:26:00,21166.3496,21166.3496,21166.3496,21166.3496,50,31100
BOSCHLTD_F2,23-11-2023,13:29:00,21170.0,21170.0,21170.0,21170.0,150,31200
BOSCHLTD_F2,23-11-2023,13:30:00,21170.0,21170.0,21170.0,21170.0,50,31200
BOSCHLTD_F2,23-11-2023,13:35:00,21170.0,21170.0,21170.0,21170.0,50,31150
BOSCHLTD_F2,23-11-2023,13:40:00,21141.5508,21141.5508,21141.5508,21141.5508,150,31200
BOSCHLTD_F2,23-11-2023,13:41:00,21141.5508,21141.5508,21141.5508,21141.5508,50,31200
BOSCHLTD_F2,23-11-2023,13:44:00,21141.5508,21184.0996,21141.5508,21184.0996,250,31250
BOSCHLTD_F2,23-11-2023,13:47:00,21184.0996,21184.0996,21184.0996,21184.0996,100,31250
BOSCHLTD_F2,23-11-2023,13:49:00,21157.0508,21157.0508,21157.0508,21157.0508,50,31300
BOSCHLTD_F2,23-11-2023,13:53:00,21157.0508,21157.0508,21157.0508,21157.0508,50,31300
BOSCHLTD_F2,23-11-2023,13:55:00,21155.1992,21155.1992,21155.1992,21155.1992,100,31350
BOSCHLTD_F2,23-11-2023,13:57:00,21155.1992,21155.1992,21155.1992,21155.1992,50,31300
BOSCHLTD_F2,23-11-2023,14:01:00,21155.1992,21155.1992,21155.1992,21155.1992,50,31350
BOSCHLTD_F2,23-11-2023,14:04:00,21154.9492,21154.9492,21154.9492,21154.9492,50,31400
BOSCHLTD_F2,23-11-2023,14:07:00,21154.9492,21154.9492,21154.9492,21154.9492,100,31400
BOSCHLTD_F2,23-11-2023,14:08:00,21154.9492,21154.9492,21154.9492,21154.9492,50,31400
BOSCHLTD_F2,23-11-2023,14:11:00,21154.9492,21154.9492,21150.0,21150.0,250,31450
BOSCHLTD_F2,23-11-2023,14:12:00,21137.0996,21137.0996,21137.0508,21137.0508,100,31400
BOSCHLTD_F2,23-11-2023,14:15:00,21137.0508,21137.0508,21137.0508,21137.0508,200,31400
BOSCHLTD_F2,23-11-2023,14:17:00,21137.0508,21137.0508,21137.0508,21137.0508,200,31450
BOSCHLTD_F2,23-11-2023,14:20:00,21142.8008,21142.8008,21142.8008,21142.8008,50,31450
BOSCHLTD_F2,23-11-2023,14:21:00,21142.8496,21142.8496,21142.8496,21142.8496,100,31450
BOSCHLTD_F2,23-11-2023,14:22:00,21135.0996,21135.0996,21135.0996,21135.0996,100,31450
BOSCHLTD_F2,23-11-2023,14:25:00,21135.0996,21135.0996,21135.0996,21135.0996,50,31450
BOSCHLTD_F2,23-11-2023,14:26:00,21126.9492,21126.9492,21126.9492,21126.9492,200,31450
BOSCHLTD_F2,23-11-2023,14:29:00,21126.9492,21126.9492,21126.9492,21126.9492,50,31500
BOSCHLTD_F2,23-11-2023,14:30:00,21141.9004,21141.9004,21141.1992,21141.1992,150,31550
BOSCHLTD_F2,23-11-2023,14:33:00,21142.8496,21142.8496,21142.8496,21142.8496,100,31550
BOSCHLTD_F2,23-11-2023,14:34:00,21129.0,21129.0,21129.0,21129.0,100,31650
BOSCHLTD_F2,23-11-2023,14:35:00,21120.0,21120.0,21120.0,21120.0,50,31650
BOSCHLTD_F2,23-11-2023,14:36:00,21120.0,21120.0,21120.0,21120.0,150,31650
BOSCHLTD_F2,23-11-2023,14:38:00,21116.9492,21116.9492,21116.9492,21116.9492,50,31650
BOSCHLTD_F2,23-11-2023,14:39:00,21116.9492,21116.9492,21116.9492,21116.9492,50,31650
BOSCHLTD_F2,23-11-2023,14:41:00,21102.5996,21102.5996,21102.5996,21102.5996,200,31700
BOSCHLTD_F2,23-11-2023,14:43:00,21102.5996,21102.5996,21102.5996,21102.5996,50,31650
BOSCHLTD_F2,23-11-2023,14:44:00,21100.0,21120.0,21100.0,21120.0,200,31650
BOSCHLTD_F2,23-11-2023,14:47:00,21120.0,21120.0,21120.0,21120.0,50,31650
BOSCHLTD_F2,23-11-2023,14:51:00,21120.0,21120.0,21120.0,21120.0,100,31650
BOSCHLTD_F2,23-11-2023,14:53:00,21130.0996,21130.0996,21130.0996,21130.0996,50,31650
BOSCHLTD_F2,23-11-2023,14:57:00,21130.0996,21130.0996,21130.0996,21130.0996,50,31650
BOSCHLTD_F2,23-11-2023,14:58:00,21130.0,21130.0,21130.0,21130.0,50,31700
BOSCHLTD_F2,23-11-2023,14:59:00,21130.0,21130.0,21130.0,21130.0,100,31700
BOSCHLTD_F2,23-11-2023,15:01:00,21168.9492,21168.9492,21168.9492,21168.9492,50,31700
BOSCHLTD_F2,23-11-2023,15:03:00,21170.0,21170.0,21170.0,21170.0,100,31700
BOSCHLTD_F2,23-11-2023,15:04:00,21164.25,21164.25,21164.25,21164.25,50,31650
BOSCHLTD_F2,23-11-2023,15:10:00,21162.8496,21162.8496,21162.8496,21162.8496,50,31600
BOSCHLTD_F2,23-11-2023,15:11:00,21199.5996,21199.5996,21199.5996,21199.5996,50,31600
BOSCHLTD_F2,23-11-2023,15:12:00,21202.6504,21202.6504,21202.6504,21202.6504,50,31600
BOSCHLTD_F2,23-11-2023,15:13:00,21197.9492,21197.9492,21197.9492,21197.9492,50,31600
BOSCHLTD_F2,23-11-2023,15:15:00,21202.6992,21202.6992,21201.8008,21201.8008,200,31600
BOSCHLTD_F2,23-11-2023,15:19:00,21180.0,21180.0,21180.0,21180.0,200,31650
BOSCHLTD_F2,23-11-2023,15:20:00,21165.0,21180.0,21165.0,21180.0,350,31650
BOSCHLTD_F2,23-11-2023,15:21:00,21156.8008,21156.8008,21156.8008,21156.8008,50,31650
BOSCHLTD_F2,23-11-2023,15:24:00,21186.1504,21198.5996,21186.1504,21198.5996,100,31500
BOSCHLTD_F2,23-11-2023,15:25:00,21186.0,21186.0,21159.1992,21159.1992,200,31500
BOSCHLTD_F2,23-11-2023,15:26:00,21178.75,21178.75,21178.75,21178.75,50,31500
BOSCHLTD_F2,23-11-2023,15:27:00,21171.9004,21171.9004,21171.9004,21171.9004,50,31450
BOSCHLTD_F2,23-11-2023,15:28:00,21170.0,21170.0,21163.0,21163.0,100,31450
BOSCHLTD_F2,23-11-2023,15:29:00,21184.5996,21190.1992,21184.5996,21190.1992,300,31450
BOSCHLTD_F2,24-11-2023,09:15:00,21190.1992,21190.1992,21190.1992,21190.1992,50,31500
BOSCHLTD_F2,24-11-2023,09:16:00,21263.1992,21298.3008,21263.1992,21298.3008,400,31500
BOSCHLTD_F2,24-11-2023,09:17:00,21298.3008,21298.3008,21264.5996,21264.5996,200,31500
BOSCHLTD_F2,24-11-2023,09:18:00,21172.3008,21172.3008,21172.3008,21172.3008,50,31700
BOSCHLTD_F2,24-11-2023,09:20:00,21140.25,21140.25,21120.0,21120.0,200,31750
BOSCHLTD_F2,24-11-2023,09:21:00,21120.0,21120.0,21120.0,21120.0,50,31750
BOSCHLTD_F2,24-11-2023,09:22:00,21120.0,21120.0,21120.0,21120.0,50,31750
BOSCHLTD_F2,24-11-2023,09:23:00,21120.0,21120.0,21120.0,21120.0,50,31750
BOSCHLTD_F2,24-11-2023,09:24:00,21160.0,21160.0,21160.0,21160.0,50,31950
BOSCHLTD_F2,24-11-2023,09:27:00,21169.9492,21198.4492,21169.9492,21198.4492,150,31900
BOSCHLTD_F2,24-11-2023,09:29:00,21213.5,21213.5,21213.5,21213.5,150,31950
BOSCHLTD_F2,24-11-2023,09:30:00,21213.5,21213.5,21167.4004,21167.4004,150,31950
BOSCHLTD_F2,24-11-2023,09:31:00,21194.3496,21194.3496,21194.3496,21194.3496,100,31950
BOSCHLTD_F2,24-11-2023,09:34:00,21193.3008,21193.3008,21149.8496,21149.8496,100,32250
BOSCHLTD_F2,24-11-2023,09:35:00,21149.8496,21149.8496,21144.8008,21144.8008,100,32250
BOSCHLTD_F2,24-11-2023,09:37:00,21128.8496,21128.8496,21128.8496,21128.8496,50,32350
BOSCHLTD_F2,24-11-2023,09:38:00,21128.8496,21128.8496,21128.8496,21128.8496,50,32350
BOSCHLTD_F2,24-11-2023,09:42:00,21150.3496,21150.3496,21150.3496,21150.3496,100,32300
BOSCHLTD_F2,24-11-2023,09:46:00,21115.0,21115.0,21115.0,21115.0,250,32250
BOSCHLTD_F2,24-11-2023,09:47:00,21116.6504,21116.6504,21116.6504,21116.6504,50,32300
BOSCHLTD_F2,24-11-2023,09:48:00,21116.6504,21116.6504,21116.6504,21116.6504,50,32300
BOSCHLTD_F2,24-11-2023,09:49:00,21111.0,21111.0,21111.0,21111.0,50,32300
BOSCHLTD_F2,24-11-2023,09:50:00,21111.0,21125.6992,21111.0,21125.6992,550,32450
BOSCHLTD_F2,24-11-2023,09:51:00,21125.6992,21125.6992,21125.6992,21125.6992,100,32450
BOSCHLTD_F2,24-11-2023,09:52:00,21125.6992,21125.6992,21125.6992,21125.6992,100,32450
BOSCHLTD_F2,24-11-2023,09:53:00,21125.6992,21125.6992,21125.6992,21125.6992,50,32550
BOSCHLTD_F2,24-11-2023,09:55:00,21125.6992,21125.6992,21125.6992,21125.6992,50,32550
BOSCHLTD_F2,24-11-2023,09:56:00,21125.6992,21125.6992,21125.6992,21125.6992,150,32650
BOSCHLTD_F2,24-11-2023,09:57:00,21125.6992,21125.6992,21125.6992,21125.6992,150,32650
BOSCHLTD_F2,24-11-2023,09:58:00,21125.6992,21125.6992,21125.6992,21125.6992,100,32650
BOSCHLTD_F2,24-11-2023,09:59:00,21125.6992,21125.6992,21125.6992,21125.6992,50,32650
BOSCHLTD_F2,24-11-2023,10:01:00,21125.6992,21125.6992,21125.6992,21125.6992,150,33000
BOSCHLTD_F2,24-11-2023,10:02:00,21125.6992,21125.6992,21125.6992,21125.6992,100,33000
BOSCHLTD_F2,24-11-2023,10:03:00,21125.6992,21125.6992,21125.6992,21125.6992,200,33000
BOSCHLTD_F2,24-11-2023,10:05:00,21131.0,21131.0,21130.5996,21130.5996,450,33250
BOSCHLTD_F2,24-11-2023,10:09:00,21130.5996,21130.5996,21130.5996,21130.5996,200,33350
BOSCHLTD_F2,24-11-2023,10:13:00,21130.5996,21130.5996,21130.5996,21130.5996,50,33500
BOSCHLTD_F2,24-11-2023,10:14:00,21130.5996,21130.5996,21130.5996,21130.5996,350,33750
BOSCHLTD_F2,24-11-2023,10:15:00,21130.5996,21156.1504,21130.5996,21156.1504,250,33750
BOSCHLTD_F2,24-11-2023,10:16:00,21156.1504,21156.1504,21156.1504,21156.1504,350,33750
BOSCHLTD_F2,24-11-2023,10:17:00,21156.1504,21156.1504,21156.1504,21156.1504,250,33800
BOSCHLTD_F2,24-11-2023,10:18:00,21156.1504,21156.1504,21156.1504,21156.1504,50,33800
BOSCHLTD_F2,24-11-2023,10:19:00,21156.1504,21156.1504,21156.1504,21156.1504,50,33800
BOSCHLTD_F2,24-11-2023,10:20:00,21156.1504,21156.1504,21156.1504,21156.1504,50,33800
BOSCHLTD_F2,24-11-2023,10:21:00,21156.1504,21156.1504,21156.1504,21156.1504,200,34150
BOSCHLTD_F2,24-11-2023,10:22:00,21145.8008,21145.8008,21145.8008,21145.8008,50,34150
BOSCHLTD_F2,24-11-2023,10:23:00,21145.8008,21145.8008,21145.8008,21145.8008,50,34150
BOSCHLTD_F2,24-11-2023,10:24:00,21145.8008,21145.8008,21145.8008,21145.8008,150,34350
BOSCHLTD_F2,24-11-2023,10:25:00,21145.8008,21145.8008,21145.8008,21145.8008,250,34350
BOSCHLTD_F2,24-11-2023,10:27:00,21168.8496,21168.8496,21168.8496,21168.8496,450,34650
BOSCHLTD_F2,24-11-2023,10:28:00,21144.5996,21144.5996,21144.5996,21144.5996,300,34650
BOSCHLTD_F2,24-11-2023,10:30:00,21144.5996,21144.5996,21144.5996,21144.5996,200,35000
BOSCHLTD_F2,24-11-2023,10:31:00,21144.5996,21144.5996,21132.0996,21132.0996,250,35000
BOSCHLTD_F2,24-11-2023,10:32:00,21132.0996,21132.0996,21132.0996,21132.0996,300,35000
BOSCHLTD_F2,24-11-2023,10:34:00,21176.3008,21176.3008,21176.3008,21176.3008,150,35300
BOSCHLTD_F2,24-11-2023,10:35:00,21176.3008,21176.3008,21176.3008,21176.3008,100,35300
BOSCHLTD_F2,24-11-2023,10:36:00,21176.3008,21176.3008,21176.3008,21176.3008,250,35450
BOSCHLTD_F2,24-11-2023,10:37:00,21176.3008,21176.3008,21176.3008,21176.3008,150,35450
BOSCHLTD_F2,24-11-2023,10:40:00,21176.3008,21176.3008,21176.3008,21176.3008,150,35850
BOSCHLTD_F2,24-11-2023,10:42:00,21194.6504,21194.6504,21194.6504,21194.6504,50,36000
BOSCHLTD_F2,24-11-2023,10:43:00,21195.0,21195.0,21195.0,21195.0,100,36000
BOSCHLTD_F2,24-11-2023,10:44:00,21176.1504,21176.1504,21176.1504,21176.1504,350,36000
BOSCHLTD_F2,24-11-2023,10:46:00,21180.0,21189.6504,21180.0,21189.6504,150,36300
BOSCHLTD_F2,24-11-2023,10:47:00,21189.6504,21189.6504,21189.6504,21189.6504,100,36300
BOSCHLTD_F2,24-11-2023,10:48:00,21189.6504,21189.6504,21189.6504,21189.6504,150,36050
BOSCHLTD_F2,24-11-2023,10:49:00,21165.75,21172.4004,21165.75,21172.4004,150,36050
BOSCHLTD_F2,24-11-2023,10:50:00,21172.4004,21172.4004,21172.4004,21172.4004,150,36300
BOSCHLTD_F2,24-11-2023,10:51:00,21172.4004,21172.4004,21172.4004,21172.4004,600,36300
BOSCHLTD_F2,24-11-2023,10:52:00,21172.4004,21172.4004,21172.4004,21172.4004,150,36300
BOSCHLTD_F2,24-11-2023,10:53:00,21172.4004,21172.4004,21170.5996,21170.5996,200,37150
BOSCHLTD_F2,24-11-2023,10:54:00,21170.5996,21170.5996,21170.5996,21170.5996,100,37150
BOSCHLTD_F2,24-11-2023,10:56:00,21170.5996,21170.5996,21170.5996,21170.5996,150,37150
BOSCHLTD_F2,24-11-2023,10:57:00,21170.5996,21170.5996,21170.5996,21170.5996,400,37500
BOSCHLTD_F2,24-11-2023,10:58:00,21170.5996,21170.5996,21170.5996,21170.5996,50,37500
BOSCHLTD_F2,24-11-2023,10:59:00,21170.5996,21170.5996,21163.9492,21163.9492,250,37850
BOSCHLTD_F2,24-11-2023,11:00:00,21163.9492,21163.9492,21163.9492,21163.9492,200,37850
BOSCHLTD_F2,24-11-2023,11:01:00,21162.9004,21162.9004,21162.9004,21162.9004,50,37850
BOSCHLTD_F2,24-11-2023,11:03:00,21140.0,21140.0,21140.0,21140.0,250,37350
BOSCHLTD_F2,24-11-2023,11:04:00,21140.0,21140.0,21139.0,21139.0,150,37350
BOSCHLTD_F2,24-11-2023,11:05:00,21139.0,21139.0,21139.0,21139.0,250,37350
BOSCHLTD_F2,24-11-2023,11:06:00,21139.0,21139.0,21139.0,21139.0,150,37750
BOSCHLTD_F2,24-11-2023,11:07:00,21139.0,21159.6992,21139.0,21159.6992,100,37750
BOSCHLTD_F2,24-11-2023,11:09:00,21159.6992,21159.6992,21159.6992,21159.6992,50,38000
BOSCHLTD_F2,24-11-2023,11:10:00,21159.6992,21159.6992,21130.0,21130.0,500,38000
BOSCHLTD_F2,24-11-2023,11:11:00,21130.0,21130.0,21130.0,21130.0,50,38000
BOSCHLTD_F2,24-11-2023,11:12:00,21130.0,21130.0,21130.0,21130.0,350,38450
BOSCHLTD_F2,24-11-2023,11:13:00,21130.0,21130.0,21130.0,21130.0,50,38450
BOSCHLTD_F2,24-11-2023,11:16:00,21130.0,21130.0,21130.0,21130.0,150,38850
BOSCHLTD_F2,24-11-2023,11:17:00,21130.0,21130.0,21130.0,21130.0,100,39000
BOSCHLTD_F2,24-11-2023,11:19:00,21130.0,21130.0,21130.0,21130.0,150,39000
BOSCHLTD_F2,24-11-2023,11:20:00,21130.0,21130.0,21130.0,21130.0,50,39000
BOSCHLTD_F2,24-11-2023,11:21:00,21167.0,21167.0,21167.0,21167.0,100,38000
BOSCHLTD_F2,24-11-2023,11:22:00,21167.0,21167.0,21167.0,21167.0,250,38000
BOSCHLTD_F2,24-11-2023,11:24:00,21167.0,21167.0,21167.0,21167.0,100,38300
BOSCHLTD_F2,24-11-2023,11:25:00,21167.0,21177.6504,21167.0,21177.6504,100,38300
BOSCHLTD_F2,24-11-2023,11:26:00,21177.6504,21195.1504,21177.6504,21195.1504,200,38300
BOSCHLTD_F2,24-11-2023,11:27:00,21195.1504,21195.3008,21195.1504,21195.3008,150,38450
BOSCHLTD_F2,24-11-2023,11:28:00,21189.9004,21189.9004,21189.9004,21189.9004,300,38450
BOSCHLTD_F2,24-11-2023,11:29:00,21207.4004,21210.25,21207.4004,21210.25,100,38450
BOSCHLTD_F2,24-11-2023,11:31:00,21185.0,21185.0,21185.0,21185.0,150,38700
BOSCHLTD_F2,24-11-2023,11:32:00,21185.0,21185.0,21185.0,21185.0,50,38700
BOSCHLTD_F2,24-11-2023,11:33:00,21210.6992,21210.6992,21210.6992,21210.6992,50,37850
BOSCHLTD_F2,24-11-2023,11:34:00,21210.6992,21210.6992,21210.6992,21210.6992,50,37850
BOSCHLTD_F2,24-11-2023,11:35:00,21215.4004,21215.4004,21215.4004,21215.4004,100,37850
BOSCHLTD_F2,24-11-2023,11:37:00,21215.4004,21215.4004,21215.4004,21215.4004,350,37950
BOSCHLTD_F2,24-11-2023,11:38:00,21215.4004,21215.4004,21215.4004,21215.4004,150,37950
BOSCHLTD_F2,24-11-2023,11:41:00,21215.4004,21215.4004,21215.4004,21215.4004,50,38250
BOSCHLTD_F2,24-11-2023,11:42:00,21215.4004,21215.4004,21215.4004,21215.4004,100,38250
BOSCHLTD_F2,24-11-2023,11:44:00,21215.4004,21215.4004,21215.4004,21215.4004,100,38250
BOSCHLTD_F2,24-11-2023,11:45:00,21215.4004,21215.4004,21215.4004,21215.4004,100,38450
BOSCHLTD_F2,24-11-2023,11:46:00,21215.4004,21215.4004,21215.4004,21215.4004,150,38450
BOSCHLTD_F2,24-11-2023,11:47:00,21215.4004,21215.4004,21215.4004,21215.4004,100,38600
BOSCHLTD_F2,24-11-2023,11:48:00,21215.3008,21215.4492,21215.3008,21215.4492,200,38600
BOSCHLTD_F2,24-11-2023,11:49:00,21215.4492,21219.9492,21215.4492,21219.9492,250,38600
BOSCHLTD_F2,24-11-2023,11:51:00,21219.9492,21219.9492,21219.9492,21219.9492,50,39050
BOSCHLTD_F2,24-11-2023,11:52:00,21207.3008,21207.3008,21207.3008,21207.3008,50,39050
BOSCHLTD_F2,24-11-2023,11:53:00,21207.3008,21207.3008,21207.3008,21207.3008,50,39050
BOSCHLTD_F2,24-11-2023,11:54:00,21207.3008,21207.3008,21207.3008,21207.3008,50,39200
BOSCHLTD_F2,24-11-2023,11:58:00,21207.3008,21207.3008,21207.3008,21207.3008,150,39200
BOSCHLTD_F2,24-11-2023,11:59:00,21207.3008,21207.3008,21207.3008,21207.3008,50,39300
BOSCHLTD_F2,24-11-2023,12:00:00,21207.3008,21207.3008,21207.3008,21207.3008,100,39300
BOSCHLTD_F2,24-11-2023,12:01:00,21179.0996,21179.0996,21179.0996,21179.0996,50,39300
BOSCHLTD_F2,24-11-2023,12:02:00,21179.0996,21179.0996,21179.0996,21179.0996,150,39300
BOSCHLTD_F2,24-11-2023,12:05:00,21179.0996,21179.0996,21175.5508,21175.5508,150,39550
BOSCHLTD_F2,24-11-2023,12:06:00,21175.5508,21175.5508,21175.5508,21175.5508,50,39700
BOSCHLTD_F2,24-11-2023,12:09:00,21175.5508,21175.5508,21175.5508,21175.5508,150,39750
BOSCHLTD_F2,24-11-2023,12:10:00,21175.5508,21175.5508,21175.5508,21175.5508,100,39750
BOSCHLTD_F2,24-11-2023,12:12:00,21175.5508,21175.5508,21175.5508,21175.5508,50,39950
BOSCHLTD_F2,24-11-2023,12:13:00,21179.0996,21179.0996,21179.0996,21179.0996,100,39950
BOSCHLTD_F2,24-11-2023,12:15:00,21179.0996,21179.0996,21179.0996,21179.0996,100,40050
BOSCHLTD_F2,24-11-2023,12:17:00,21179.0996,21179.0996,21179.0996,21179.0996,50,40050
BOSCHLTD_F2,24-11-2023,12:18:00,21179.0996,21179.0996,21125.1504,21125.1504,150,40200
BOSCHLTD_F2,24-11-2023,12:19:00,21125.1504,21125.1504,21125.1504,21125.1504,50,40200
BOSCHLTD_F2,24-11-2023,12:21:00,21125.1504,21125.1504,21125.1504,21125.1504,100,40350
BOSCHLTD_F2,24-11-2023,12:22:00,21125.1504,21125.1504,21125.1504,21125.1504,100,40350
BOSCHLTD_F2,24-11-2023,12:23:00,21126.0,21126.0,21126.0,21126.0,100,40450
BOSCHLTD_F2,24-11-2023,12:25:00,21126.5996,21126.5996,21110.0,21110.0,600,40450
BOSCHLTD_F2,24-11-2023,12:26:00,21110.0,21120.0,21110.0,21120.0,100,40450
BOSCHLTD_F2,24-11-2023,12:28:00,21119.9492,21119.9492,21110.0508,21110.0508,150,40900
BOSCHLTD_F2,24-11-2023,12:29:00,21110.0508,21118.75,21110.0508,21118.75,200,40900
BOSCHLTD_F2,24-11-2023,12:31:00,21118.75,21118.75,21118.75,21118.75,50,41100
BOSCHLTD_F2,24-11-2023,12:32:00,21118.75,21120.0,21111.8496,21120.0,650,41500
BOSCHLTD_F2,24-11-2023,12:34:00,21120.0,21120.0,21120.0,21120.0,100,41500
BOSCHLTD_F2,24-11-2023,12:36:00,21136.3008,21136.3008,21136.3008,21136.3008,50,41600
BOSCHLTD_F2,24-11-2023,12:37:00,21136.3008,21136.3008,21136.3008,21136.3008,100,41600
BOSCHLTD_F2,24-11-2023,12:38:00,21139.6992,21139.6992,21139.6992,21139.6992,200,41600
BOSCHLTD_F2,24-11-2023,12:39:00,21139.6992,21139.6992,21109.1992,21109.1992,300,41700
BOSCHLTD_F2,24-11-2023,12:40:00,21102.0,21102.0,21102.0,21102.0,150,41700
BOSCHLTD_F2,24-11-2023,12:41:00,21102.0,21102.0,21102.0,21102.0,50,41700
BOSCHLTD_F2,24-11-2023,12:43:00,21102.0,21120.0,21102.0,21120.0,200,41800
BOSCHLTD_F2,24-11-2023,12:45:00,21120.0,21120.0,21120.0,21120.0,150,41950
BOSCHLTD_F2,24-11-2023,12:46:00,21120.0,21120.0,21120.0,21120.0,50,41950
BOSCHLTD_F2,24-11-2023,12:49:00,21120.0,21120.0,21120.0,21120.0,50,42000
BOSCHLTD_F2,24-11-2023,12:51:00,21120.0,21120.0,21120.0,21120.0,50,42050
BOSCHLTD_F2,24-11-2023,12:52:00,21120.0,21120.0,21120.0,21120.0,100,42050
BOSCHLTD_F2,24-11-2023,12:53:00,21120.0,21120.0,21078.0,21078.0,500,42400
BOSCHLTD_F2,24-11-2023,12:54:00,21067.3008,21082.1504,21067.3008,21082.1504,300,42400
BOSCHLTD_F2,24-11-2023,12:55:00,21076.9492,21076.9492,21076.9492,21076.9492,50,42400
BOSCHLTD_F2,24-11-2023,12:56:00,21076.9492,21077.9492,21076.9492,21077.9492,550,42100
BOSCHLTD_F2,24-11-2023,12:58:00,21077.9492,21077.9492,21077.9492,21077.9492,50,42100
BOSCHLTD_F2,24-11-2023,12:59:00,21077.9492,21077.9492,21077.9492,21077.9492,150,42100
BOSCHLTD_F2,24-11-2023,13:01:00,21106.0508,21106.0508,21106.0508,21106.0508,50,42200
BOSCHLTD_F2,24-11-2023,13:03:00,21106.0508,21106.0508,21106.0508,21106.0508,100,42200
BOSCHLTD_F2,24-11-2023,13:04:00,21106.0508,21106.0508,21106.0508,21106.0508,250,42200
BOSCHLTD_F2,24-11-2023,13:05:00,21106.0508,21106.0508,21106.0508,21106.0508,50,42200
BOSCHLTD_F2,24-11-2023,13:06:00,21106.0508,21106.0508,21106.0508,21106.0508,100,42350
BOSCHLTD_F2,24-11-2023,13:07:00,21106.0508,21106.5508,21106.0508,21106.5508,150,42350
BOSCHLTD_F2,24-11-2023,13:08:00,21106.5508,21106.5508,21106.5508,21106.5508,150,42350
BOSCHLTD_F2,24-11-2023,13:10:00,21106.5508,21106.5508,21106.5508,21106.5508,50,42700
BOSCHLTD_F2,24-11-2023,13:11:00,21106.5508,21106.5508,21106.5508,21106.5508,50,42700
BOSCHLTD_F2,24-11-2023,13:12:00,21106.5508,21106.5508,21106.5508,21106.5508,50,42750
BOSCHLTD_F2,24-11-2023,13:13:00,21106.5508,21106.5508,21106.5508,21106.5508,50,42750
BOSCHLTD_F2,24-11-2023,13:14:00,21106.5508,21106.5508,21098.0996,21098.0996,200,42750
BOSCHLTD_F2,24-11-2023,13:15:00,21098.0996,21098.0996,21098.0996,21098.0996,150,43050
BOSCHLTD_F2,24-11-2023,13:16:00,21098.0996,21098.0996,21098.0996,21098.0996,100,43050
BOSCHLTD_F2,24-11-2023,13:17:00,21084.5,21084.5,21084.5,21084.5,150,43050
BOSCHLTD_F2,24-11-2023,13:18:00,21081.0,21081.0,21051.1992,21051.1992,300,43300
BOSCHLTD_F2,24-11-2023,13:19:00,21085.6992,21085.75,21085.6992,21085.75,300,43300
BOSCHLTD_F2,24-11-2023,13:20:00,21085.75,21085.75,21085.75,21085.75,150,43300
BOSCHLTD_F2,24-11-2023,13:23:00,21085.75,21085.75,21085.75,21085.75,50,43750
BOSCHLTD_F2,24-11-2023,13:26:00,21151.4004,21151.4004,21151.4004,21151.4004,150,43750
BOSCHLTD_F2,24-11-2023,13:27:00,21139.75,21139.75,21139.75,21139.75,200,43800
BOSCHLTD_F2,24-11-2023,13:28:00,21142.8008,21142.8008,21142.8008,21142.8008,150,43800
BOSCHLTD_F2,24-11-2023,13:29:00,21139.0,21139.0,21139.0,21139.0,50,43800
BOSCHLTD_F2,24-11-2023,13:30:00,21139.0,21139.0,21137.4004,21137.4004,100,43950
BOSCHLTD_F2,24-11-2023,13:31:00,21137.4004,21137.4004,21137.4004,21137.4004,100,43950
BOSCHLTD_F2,24-11-2023,13:32:00,21100.0508,21100.0508,21100.0508,21100.0508,300,43950
BOSCHLTD_F2,24-11-2023,13:33:00,21110.0,21110.0,21110.0,21110.0,1550,44300
BOSCHLTD_F2,24-11-2023,13:34:00,21101.5996,21101.5996,21101.5996,21101.5996,450,44300
BOSCHLTD_F2,24-11-2023,13:35:00,21085.0,21085.0,21080.0,21080.0,800,44300
BOSCHLTD_F2,24-11-2023,13:36:00,21090.0,21109.9492,21090.0,21109.9492,950,47150
BOSCHLTD_F2,24-11-2023,13:38:00,21088.8496,21088.8496,21088.8496,21088.8496,200,47150
BOSCHLTD_F2,24-11-2023,13:39:00,21099.25,21099.25,21099.1992,21099.1992,150,47300
BOSCHLTD_F2,24-11-2023,13:40:00,21099.1992,21110.0,21099.1992,21110.0,450,47300
BOSCHLTD_F2,24-11-2023,13:41:00,21110.0,21110.0,21110.0,21110.0,200,47300
BOSCHLTD_F2,24-11-2023,13:44:00,21110.0,21110.0,21047.0996,21047.0996,150,47800
BOSCHLTD_F2,24-11-2023,13:47:00,21056.4492,21056.4492,21056.4492,21056.4492,200,47350
BOSCHLTD_F2,24-11-2023,13:48:00,21056.4492,21056.4492,21056.4492,21056.4492,100,47250
BOSCHLTD_F2,24-11-2023,13:50:00,21056.4492,21056.4492,21056.4492,21056.4492,150,47250
BOSCHLTD_F2,24-11-2023,13:53:00,21060.5,21060.5,21060.5,21060.5,200,47400
BOSCHLTD_F2,24-11-2023,13:54:00,21060.5,21070.0508,21060.5,21070.0508,300,47500
BOSCHLTD_F2,24-11-2023,13:55:00,21060.3008,21060.3008,21060.3008,21060.3008,50,47500
BOSCHLTD_F2,24-11-2023,13:58:00,21060.3008,21080.6992,21060.3008,21080.6992,100,47600
BOSCHLTD_F2,24-11-2023,13:59:00,21080.6992,21080.6992,21068.25,21068.25,250,47600
BOSCHLTD_F2,24-11-2023,14:00:00,21068.25,21068.25,21068.25,21068.25,100,47850
BOSCHLTD_F2,24-11-2023,14:02:00,21068.25,21068.25,21068.25,21068.25,50,47850
BOSCHLTD_F2,24-11-2023,14:05:00,21068.25,21068.25,21068.25,21068.25,100,47950
BOSCHLTD_F2,24-11-2023,14:06:00,21068.25,21068.25,21068.25,21068.25,350,48150
BOSCHLTD_F2,24-11-2023,14:07:00,21092.8496,21092.8496,21092.8496,21092.8496,250,48150
BOSCHLTD_F2,24-11-2023,14:09:00,21075.0,21075.0,21075.0,21075.0,100,48550
BOSCHLTD_F2,24-11-2023,14:10:00,21074.9492,21074.9492,21074.9492,21074.9492,150,48550
BOSCHLTD_F2,24-11-2023,14:11:00,21074.9004,21074.9492,21074.9004,21074.9492,300,48550
BOSCHLTD_F2,24-11-2023,14:12:00,21075.0,21075.0,21075.0,21075.0,50,48550
BOSCHLTD_F2,24-11-2023,14:14:00,21075.0,21075.0,21075.0,21075.0,250,48800
BOSCHLTD_F2,24-11-2023,14:15:00,21075.0,21075.0,21075.0,21075.0,100,48800
BOSCHLTD_F2,24-11-2023,14:16:00,21090.5996,21090.5996,21090.5996,21090.5996,150,48750
BOSCHLTD_F2,24-11-2023,14:17:00,21090.5996,21090.5996,21090.5996,21090.5996,50,48750
BOSCHLTD_F2,24-11-2023,14:21:00,21090.5996,21090.5996,21090.5996,21090.5996,200,48800
BOSCHLTD_F2,24-11-2023,14:22:00,21199.0,21199.0,21199.0,21199.0,100,48800
BOSCHLTD_F2,24-11-2023,14:24:00,21187.75,21187.75,21187.75,21187.75,50,48800
BOSCHLTD_F2,24-11-2023,14:25:00,21187.75,21187.75,21135.9004,21135.9004,600,49000
BOSCHLTD_F2,24-11-2023,14:27:00,21135.9004,21135.9004,21135.9004,21135.9004,50,49050
BOSCHLTD_F2,24-11-2023,14:29:00,21144.3496,21144.3496,21144.3496,21144.3496,200,49050
BOSCHLTD_F2,24-11-2023,14:32:00,21144.0,21144.0,21144.0,21144.0,50,49200
BOSCHLTD_F2,24-11-2023,14:33:00,21144.0,21144.0,21144.0,21144.0,200,49350
BOSCHLTD_F2,24-11-2023,14:34:00,21144.0,21144.0,21144.0,21144.0,50,49350
BOSCHLTD_F2,24-11-2023,14:36:00,21180.0,21180.0,21180.0,21180.0,100,49350
BOSCHLTD_F2,24-11-2023,14:37:00,21149.1504,21149.1504,21149.1504,21149.1504,200,49450
BOSCHLTD_F2,24-11-2023,14:39:00,21149.1504,21149.1504,21110.0,21110.0,300,49500
BOSCHLTD_F2,24-11-2023,14:40:00,21110.0,21115.6504,21080.0,21080.0,300,49500
BOSCHLTD_F2,24-11-2023,14:41:00,21088.6992,21088.6992,21088.6992,21088.6992,150,49500
BOSCHLTD_F2,24-11-2023,14:42:00,21095.9492,21095.9492,21095.9492,21095.9492,50,49800
BOSCHLTD_F2,24-11-2023,14:43:00,21073.9492,21073.9492,21073.5508,21073.5508,150,49800
BOSCHLTD_F2,24-11-2023,14:44:00,21073.5508,21073.5508,21073.5508,21073.5508,100,49800
BOSCHLTD_F2,24-11-2023,14:45:00,21073.5508,21073.5508,21073.5508,21073.5508,100,49900
BOSCHLTD_F2,24-11-2023,14:48:00,21073.5508,21073.5508,21073.5508,21073.5508,200,49950
BOSCHLTD_F2,24-11-2023,14:49:00,21073.5508,21079.0,21073.5508,21079.0,100,49950
BOSCHLTD_F2,24-11-2023,14:52:00,21089.9492,21089.9492,21089.9492,21089.9492,50,50200
BOSCHLTD_F2,24-11-2023,14:53:00,21089.9492,21090.0,21089.9492,21090.0,150,50200
BOSCHLTD_F2,24-11-2023,14:54:00,21090.0,21090.0,21090.0,21090.0,150,50200
BOSCHLTD_F2,24-11-2023,14:55:00,21090.0,21090.0,21090.0,21090.0,250,50550
BOSCHLTD_F2,24-11-2023,14:56:00,21094.0,21094.0,21094.0,21094.0,100,50550
BOSCHLTD_F2,24-11-2023,14:59:00,21095.0,21104.5,21095.0,21104.5,250,50750
BOSCHLTD_F2,24-11-2023,15:01:00,21104.5,21104.5,21100.0,21100.0,550,51000
BOSCHLTD_F2,24-11-2023,15:06:00,21099.8496,21099.8496,21099.8496,21099.8496,200,51150
BOSCHLTD_F2,24-11-2023,15:08:00,21099.8496,21099.8496,21099.8496,21099.8496,250,51150
BOSCHLTD_F2,24-11-2023,15:11:00,21111.75,21111.75,21111.75,21111.75,50,51500
BOSCHLTD_F2,24-11-2023,15:12:00,21096.3496,21096.3496,21081.0,21081.0,150,51550
BOSCHLTD_F2,24-11-2023,15:13:00,21073.8496,21073.8496,21073.8496,21073.8496,50,51550
BOSCHLTD_F2,24-11-2023,15:15:00,21073.8496,21073.8496,21073.8496,21073.8496,100,51650
BOSCHLTD_F2,24-11-2023,15:17:00,21065.0,21065.0,21065.0,21065.0,200,51650
BOSCHLTD_F2,24-11-2023,15:18:00,21065.0,21065.0,21065.0,21065.0,50,51650
BOSCHLTD_F2,24-11-2023,15:20:00,21066.3496,21066.3496,21066.3496,21066.3496,150,51700
BOSCHLTD_F2,24-11-2023,15:21:00,21066.3496,21080.0,21055.0,21055.0,500,51850
BOSCHLTD_F2,24-11-2023,15:22:00,21055.0,21055.0,21055.0,21055.0,50,51850
BOSCHLTD_F2,24-11-2023,15:24:00,21062.6504,21062.6504,21062.6504,21062.6504,100,51850
BOSCHLTD_F2,24-11-2023,15:25:00,21062.6504,21080.3496,21062.6504,21080.3496,250,51900
BOSCHLTD_F2,24-11-2023,15:26:00,21080.3496,21080.3496,21080.3496,21080.3496,50,51900
BOSCHLTD_F2,24-11-2023,15:27:00,21075.0,21075.0,21075.0,21075.0,250,52200
BOSCHLTD_F2,24-11-2023,15:28:00,21066.3496,21083.25,21066.3496,21079.0508,500,52200
BOSCHLTD_F2,24-11-2023,15:29:00,21055.0508,21105.5508,21050.0,21050.0,750,52200
BOSCHLTD_F2,28-11-2023,09:15:00,21131.6992,21213.6504,21131.6992,21213.6504,651,52750
BOSCHLTD_F2,28-11-2023,09:16:00,21204.3496,21210.0,21197.4004,21197.4004,450,52750
BOSCHLTD_F2,28-11-2023,09:17:00,21200.0,21236.6992,21200.0,21210.0,1400,54000
BOSCHLTD_F2,28-11-2023,09:18:00,21208.75,21236.4492,21208.75,21236.4492,300,54000
BOSCHLTD_F2,28-11-2023,09:19:00,21236.4492,21237.0,21236.25,21237.0,400,54000
BOSCHLTD_F2,28-11-2023,09:20:00,21260.0,21294.6504,21260.0,21294.6504,950,54600
BOSCHLTD_F2,28-11-2023,09:21:00,21245.0,21245.0,21245.0,21245.0,300,54600
BOSCHLTD_F2,28-11-2023,09:22:00,21250.0508,21250.0508,21250.0508,21250.0508,250,54600
BOSCHLTD_F2,28-11-2023,09:28:00,21219.0996,21219.0996,21219.0996,21219.0996,250,54750
BOSCHLTD_F2,28-11-2023,09:29:00,21219.0996,21219.0996,21219.0996,21219.0996,100,54950
BOSCHLTD_F2,28-11-2023,09:30:00,21219.0996,21219.0996,21219.0996,21219.0996,150,54950
BOSCHLTD_F2,28-11-2023,09:31:00,21220.0,21259.8008,21220.0,21259.8008,1400,54950
BOSCHLTD_F2,28-11-2023,09:32:00,21259.8008,21289.8008,21259.8008,21289.8008,450,56250
BOSCHLTD_F2,28-11-2023,09:33:00,21289.8008,21289.8008,21289.8008,21289.8008,50,56250
BOSCHLTD_F2,28-11-2023,09:34:00,21289.8496,21289.8496,21273.1504,21273.1504,450,56250
BOSCHLTD_F2,28-11-2023,09:35:00,21300.0,21308.8496,21300.0,21308.8496,1200,57300
BOSCHLTD_F2,28-11-2023,09:36:00,21289.5996,21289.5996,21280.0996,21280.0996,400,57300
BOSCHLTD_F2,28-11-2023,09:37:00,21250.0,21265.6504,21250.0,21265.6504,350,57300
BOSCHLTD_F2,28-11-2023,09:38:00,21265.6504,21265.6504,21265.6504,21265.6504,150,57750
BOSCHLTD_F2,28-11-2023,09:39:00,21271.5996,21271.5996,21245.8496,21245.8496,500,57750
BOSCHLTD_F2,28-11-2023,09:40:00,21245.8496,21245.8496,21211.0,21211.0,400,57750
BOSCHLTD_F2,28-11-2023,09:41:00,21190.75,21194.4492,21190.75,21194.4492,350,58150
BOSCHLTD_F2,28-11-2023,09:42:00,21194.4492,21194.4492,21194.4492,21194.4492,100,58150
BOSCHLTD_F2,28-11-2023,09:43:00,21194.4492,21237.6504,21194.4492,21235.0996,550,58150
BOSCHLTD_F2,28-11-2023,09:44:00,21235.0996,21235.0996,21235.0996,21235.0996,100,58500
BOSCHLTD_F2,28-11-2023,09:45:00,21271.75,21271.75,21260.0,21260.0,300,58500
BOSCHLTD_F2,28-11-2023,09:46:00,21260.0,21267.9004,21260.0,21267.9004,100,58500
BOSCHLTD_F2,28-11-2023,09:47:00,21267.9004,21268.3008,21245.3496,21245.3496,500,59200
BOSCHLTD_F2,28-11-2023,09:48:00,21245.3496,21245.3496,21245.3496,21245.3496,650,59200
BOSCHLTD_F2,28-11-2023,09:49:00,21260.8008,21260.8008,21225.25,21225.25,650,59200
BOSCHLTD_F2,28-11-2023,09:50:00,21225.25,21229.75,21221.9492,21229.75,600,60150
BOSCHLTD_F2,28-11-2023,09:51:00,21238.0996,21238.0996,21238.0996,21238.0996,150,60150
BOSCHLTD_F2,28-11-2023,09:52:00,21238.0996,21238.0996,21238.0996,21238.0996,100,60150
BOSCHLTD_F2,28-11-2023,09:53:00,21225.8496,21225.8496,21225.8496,21225.8496,150,60150
BOSCHLTD_F2,28-11-2023,09:54:00,21225.8496,21225.8496,21225.8496,21225.8496,50,60600
BOSCHLTD_F2,28-11-2023,09:55:00,21225.8496,21225.8496,21225.8496,21225.8496,100,60600
BOSCHLTD_F2,28-11-2023,09:56:00,21225.8496,21225.8496,21225.8496,21225.8496,400,60750
BOSCHLTD_F2,28-11-2023,09:57:00,21225.8496,21225.8496,21225.8496,21225.8496,250,60750
BOSCHLTD_F2,28-11-2023,09:58:00,21225.8496,21225.8496,21218.1992,21218.1992,450,60750
BOSCHLTD_F2,28-11-2023,09:59:00,21218.1992,21218.1992,21218.1992,21218.1992,400,61950
BOSCHLTD_F2,28-11-2023,10:00:00,21218.1992,21237.6992,21218.1992,21237.6992,100,61950
BOSCHLTD_F2,28-11-2023,10:01:00,21237.6992,21237.6992,21237.6992,21237.6992,650,61950
BOSCHLTD_F2,28-11-2023,10:02:00,21237.6992,21237.6992,21237.6992,21237.6992,350,61950
BOSCHLTD_F2,28-11-2023,10:03:00,21222.6992,21224.0,21222.6992,21224.0,200,63200
BOSCHLTD_F2,28-11-2023,10:04:00,21224.0,21224.0,21224.0,21224.0,150,63200
BOSCHLTD_F2,28-11-2023,10:05:00,21224.0,21230.5508,21224.0,21230.5508,250,63650
BOSCHLTD_F2,28-11-2023,10:06:00,21230.5508,21230.5508,21208.4004,21208.4004,150,63650
BOSCHLTD_F2,28-11-2023,10:08:00,21208.4004,21208.4004,21193.1504,21207.3496,350,64000
BOSCHLTD_F2,28-11-2023,10:09:00,21207.3496,21207.3496,21180.0,21180.0,400,64000
BOSCHLTD_F2,28-11-2023,10:10:00,21191.5,21191.5,21191.5,21191.5,750,64000
BOSCHLTD_F2,28-11-2023,10:11:00,21191.5,21191.5,21191.5,21191.5,150,64550
BOSCHLTD_F2,28-11-2023,10:12:00,21191.5,21191.5,21180.0,21180.0,500,64550
BOSCHLTD_F2,28-11-2023,10:13:00,21180.0,21180.0,21175.6504,21175.6504,450,64550
BOSCHLTD_F2,28-11-2023,10:16:00,21175.6504,21175.6504,21175.6504,21175.6504,200,65250
BOSCHLTD_F2,28-11-2023,10:17:00,21175.6504,21175.6504,21175.6504,21175.6504,100,65250
BOSCHLTD_F2,28-11-2023,10:18:00,21115.1504,21115.1504,21115.1504,21115.1504,700,65500
BOSCHLTD_F2,28-11-2023,10:19:00,21115.1504,21129.5508,21115.1504,21129.5508,150,65500
BOSCHLTD_F2,28-11-2023,10:20:00,21129.5508,21149.5996,21129.5508,21149.5996,150,65150
BOSCHLTD_F2,28-11-2023,10:21:00,21166.5,21166.5,21166.5,21166.5,350,65150
BOSCHLTD_F2,28-11-2023,10:24:00,21166.5,21166.5,21166.5,21166.5,100,65300
BOSCHLTD_F2,28-11-2023,10:25:00,21166.5,21185.0,21166.5,21185.0,150,65300
BOSCHLTD_F2,28-11-2023,10:26:00,21185.0,21185.0,21185.0,21185.0,100,65550
BOSCHLTD_F2,28-11-2023,10:27:00,21185.0,21185.0,21185.0,21185.0,250,65550
BOSCHLTD_F2,28-11-2023,10:28:00,21175.0,21175.0,21175.0,21175.0,250,65550
BOSCHLTD_F2,28-11-2023,10:30:00,21175.0,21175.0,21175.0,21175.0,50,66000
BOSCHLTD_F2,28-11-2023,10:31:00,21175.0,21175.0,21175.0,21175.0,150,66000
BOSCHLTD_F2,28-11-2023,10:32:00,21175.0,21175.0,21175.0,21175.0,300,66000
BOSCHLTD_F2,28-11-2023,10:33:00,21175.0,21175.0,21175.0,21175.0,100,66500
BOSCHLTD_F2,28-11-2023,10:35:00,21175.0,21175.0,21175.0,21175.0,50,66500
BOSCHLTD_F2,28-11-2023,10:36:00,21191.0,21191.0,21191.0,21191.0,150,66600
BOSCHLTD_F2,28-11-2023,10:37:00,21193.8008,21193.8008,21193.8008,21193.8008,150,66600
BOSCHLTD_F2,28-11-2023,10:38:00,21197.9004,21197.9004,21197.9004,21197.9004,300,67000
BOSCHLTD_F2,28-11-2023,10:39:00,21197.9004,21197.9004,21197.9004,21197.9004,150,67000
BOSCHLTD_F2,28-11-2023,10:40:00,21197.9004,21197.9004,21197.9004,21197.9004,50,67000
BOSCHLTD_F2,28-11-2023,10:41:00,21197.9004,21197.9004,21197.9004,21197.9004,100,67000
BOSCHLTD_F2,28-11-2023,10:42:00,21197.9004,21197.9004,21197.9004,21197.9004,100,67300
BOSCHLTD_F2,28-11-2023,10:43:00,21180.0,21180.0,21180.0,21180.0,250,67300
BOSCHLTD_F2,28-11-2023,10:44:00,21180.0,21180.0,21180.0,21180.0,150,67750
BOSCHLTD_F2,28-11-2023,10:45:00,21180.0,21180.0,21180.0,21180.0,400,67750
BOSCHLTD_F2,28-11-2023,10:46:00,21180.0,21180.0,21170.5508,21170.5996,250,67750
BOSCHLTD_F2,28-11-2023,10:47:00,21170.5996,21170.5996,21170.5996,21170.5996,150,68400
BOSCHLTD_F2,28-11-2023,10:48:00,21171.4004,21171.4004,21171.4004,21171.4004,100,68400
BOSCHLTD_F2,28-11-2023,10:49:00,21171.4004,21171.4004,21171.4004,21171.4004,50,68400
BOSCHLTD_F2,28-11-2023,10:50:00,21171.4004,21171.4004,21171.4004,21171.4004,50,68400
BOSCHLTD_F2,28-11-2023,10:51:00,21171.4004,21171.4004,21171.4004,21171.4004,150,68650
BOSCHLTD_F2,28-11-2023,10:52:00,21173.6504,21210.0,21173.6504,21210.0,550,68650
BOSCHLTD_F2,28-11-2023,10:53:00,21210.0,21210.0,21210.0,21210.0,600,69150
BOSCHLTD_F2,28-11-2023,10:54:00,21210.0,21257.0996,21210.0,21257.0996,1100,69150
BOSCHLTD_F2,28-11-2023,10:55:00,21257.0996,21257.0996,21257.0996,21257.0996,200,69150
BOSCHLTD_F2,28-11-2023,10:56:00,21257.0996,21257.0996,21257.0996,21257.0996,100,69150
BOSCHLTD_F2,28-11-2023,10:58:00,21257.0996,21257.0996,21243.6504,21243.6504,400,70800
BOSCHLTD_F2,28-11-2023,10:59:00,21243.6504,21243.6504,21243.6504,21243.6504,450,70800
BOSCHLTD_F2,28-11-2023,11:00:00,21240.0,21240.0,21240.0,21240.0,450,71350
BOSCHLTD_F2,28-11-2023,11:02:00,21240.0,21240.0,21240.0,21240.0,100,71350
BOSCHLTD_F2,28-11-2023,11:03:00,21227.5996,21227.5996,21227.5996,21227.5996,100,71750
BOSCHLTD_F2,28-11-2023,11:04:00,21215.0,21215.0,21200.0,21200.0,400,71750
BOSCHLTD_F2,28-11-2023,11:05:00,21193.5,21193.5,21182.3496,21182.3496,350,72350
BOSCHLTD_F2,28-11-2023,11:06:00,21191.9492,21191.9492,21191.9492,21191.9492,50,72350
BOSCHLTD_F2,28-11-2023,11:07:00,21191.9492,21191.9492,21191.9492,21191.9492,150,72350
BOSCHLTD_F2,28-11-2023,11:08:00,21191.9492,21191.9492,21191.9492,21191.9492,50,72350
BOSCHLTD_F2,28-11-2023,11:09:00,21185.0,21188.9004,21185.0,21188.9004,100,72650
BOSCHLTD_F2,28-11-2023,11:10:00,21188.9004,21188.9004,21188.9004,21188.9004,50,72650
BOSCHLTD_F2,28-11-2023,11:11:00,21188.9004,21188.9004,21188.9004,21188.9004,350,73050
BOSCHLTD_F2,28-11-2023,11:12:00,21188.9004,21188.9004,21188.9004,21188.9004,50,73050
BOSCHLTD_F2,28-11-2023,11:13:00,21188.9004,21188.9004,21188.9004,21188.9004,150,73050
BOSCHLTD_F2,28-11-2023,11:14:00,21188.9004,21188.9004,21188.9004,21188.9004,550,73700
BOSCHLTD_F2,28-11-2023,11:15:00,21188.9004,21190.0,21188.9004,21190.0,1200,73700
BOSCHLTD_F2,28-11-2023,11:16:00,21190.0,21190.0,21190.0,21190.0,150,73700
BOSCHLTD_F2,28-11-2023,11:17:00,21190.0,21190.0,21190.0,21190.0,150,75000
BOSCHLTD_F2,28-11-2023,11:18:00,21190.0,21209.4492,21190.0,21209.4492,100,75000
BOSCHLTD_F2,28-11-2023,11:19:00,21209.4492,21209.4492,21209.4492,21209.4492,300,75000
BOSCHLTD_F2,28-11-2023,11:20:00,21209.4492,21209.4492,21209.4492,21209.4492,100,75000
BOSCHLTD_F2,28-11-2023,11:21:00,21209.4492,21209.4492,21209.4492,21209.4492,250,75400
BOSCHLTD_F2,28-11-2023,11:22:00,21209.4492,21209.4492,21209.4492,21209.4492,200,75400
BOSCHLTD_F2,28-11-2023,11:23:00,21209.4492,21209.4492,21194.8496,21194.8496,300,75400
BOSCHLTD_F2,28-11-2023,11:24:00,21194.8496,21194.8496,21194.8496,21194.8496,200,75900
BOSCHLTD_F2,28-11-2023,11:25:00,21194.8496,21194.8496,21194.8496,21194.8496,200,75900
BOSCHLTD_F2,28-11-2023,11:26:00,21194.8496,21194.8496,21194.8496,21194.8496,50,75900
BOSCHLTD_F2,28-11-2023,11:27:00,21194.8496,21194.8496,21194.8496,21194.8496,250,76050
BOSCHLTD_F2,28-11-2023,11:28:00,21194.8496,21194.8496,21194.8496,21194.8496,100,76050
BOSCHLTD_F2,28-11-2023,11:29:00,21194.8496,21209.5,21194.8496,21209.5,100,76050
BOSCHLTD_F2,28-11-2023,11:30:00,21209.5,21209.5,21209.5,21209.5,100,76450
BOSCHLTD_F2,28-11-2023,11:31:00,21209.5,21209.5,21209.5,21209.5,100,76450
BOSCHLTD_F2,28-11-2023,11:33:00,21209.5,21209.5,21209.5,21209.5,150,76500
BOSCHLTD_F2,28-11-2023,11:34:00,21209.5,21209.5,21209.5,21209.5,50,76500
BOSCHLTD_F2,28-11-2023,11:35:00,21209.5,21209.5,21209.5,21209.5,100,76500
BOSCHLTD_F2,28-11-2023,11:36:00,21209.5,21209.5,21209.5,21209.5,100,76700
BOSCHLTD_F2,28-11-2023,11:37:00,21209.5,21209.5,21209.5,21209.5,50,76700
BOSCHLTD_F2,28-11-2023,11:38:00,21209.5,21232.0508,21209.5,21232.0508,150,76850
BOSCHLTD_F2,28-11-2023,11:39:00,21232.0508,21232.1992,21232.0508,21232.1992,250,76850
BOSCHLTD_F2,28-11-2023,11:40:00,21232.1992,21232.1992,21232.1992,21232.1992,50,76850
BOSCHLTD_F2,28-11-2023,11:41:00,21232.1992,21232.1992,21224.6504,21224.6504,150,76850
BOSCHLTD_F2,28-11-2023,11:42:00,21224.6504,21224.6504,21224.6504,21224.6504,50,77150
BOSCHLTD_F2,28-11-2023,11:43:00,21224.6504,21224.6504,21224.6504,21224.6504,100,77150
BOSCHLTD_F2,28-11-2023,11:44:00,21224.6504,21224.6504,21224.6504,21224.6504,50,77150
BOSCHLTD_F2,28-11-2023,11:45:00,21240.0,21240.0,21240.0,21240.0,400,77350
BOSCHLTD_F2,28-11-2023,11:47:00,21240.0,21240.0,21240.0,21240.0,150,77350
BOSCHLTD_F2,28-11-2023,11:48:00,21240.0,21240.0,21240.0,21240.0,100,77850
BOSCHLTD_F2,28-11-2023,11:49:00,21240.0,21240.0,21240.0,21240.0,900,77850
BOSCHLTD_F2,28-11-2023,11:50:00,21244.3008,21244.3008,21244.3008,21244.3008,100,77850
BOSCHLTD_F2,28-11-2023,11:51:00,21244.3008,21244.3008,21244.3008,21244.3008,2050,78750
BOSCHLTD_F2,28-11-2023,11:52:00,21244.3008,21244.4004,21244.3008,21244.4004,100,78750
BOSCHLTD_F2,28-11-2023,11:54:00,21240.0,21240.0,21240.0,21240.0,1100,80800
BOSCHLTD_F2,28-11-2023,11:55:00,21240.0,21240.0,21240.0,21240.0,50,80800
BOSCHLTD_F2,28-11-2023,11:56:00,21240.0,21240.0,21240.0,21240.0,50,80800
BOSCHLTD_F2,28-11-2023,11:57:00,21240.0,21248.8496,21240.0,21248.8496,600,81150
BOSCHLTD_F2,28-11-2023,11:58:00,21256.3496,21256.3496,21256.3496,21256.3496,250,81150
BOSCHLTD_F2,28-11-2023,11:59:00,21280.0,21280.0,21272.8496,21277.6992,850,81150
BOSCHLTD_F2,28-11-2023,12:00:00,21277.6992,21277.6992,21277.0996,21277.0996,100,82100
BOSCHLTD_F2,28-11-2023,12:01:00,21272.0,21294.25,21272.0,21294.25,1000,82100
BOSCHLTD_F2,28-11-2023,12:02:00,21275.0,21275.0,21275.0,21275.0,200,82100
BOSCHLTD_F2,28-11-2023,12:03:00,21275.0,21290.4492,21275.0,21290.4492,200,83050
BOSCHLTD_F2,28-11-2023,12:04:00,21283.9004,21283.9004,21283.9004,21283.9004,100,83050
BOSCHLTD_F2,28-11-2023,12:05:00,21283.9004,21283.9004,21257.8008,21257.8008,300,83050
BOSCHLTD_F2,28-11-2023,12:06:00,21257.8008,21257.8008,21257.8008,21257.8008,100,83450
BOSCHLTD_F2,28-11-2023,12:07:00,21257.8008,21257.8008,21257.8008,21257.8008,100,83450
BOSCHLTD_F2,28-11-2023,12:08:00,21222.0,21234.6992,21222.0,21234.6992,150,83450
BOSCHLTD_F2,28-11-2023,12:09:00,21234.5,21234.5,21234.5,21234.5,250,83550
BOSCHLTD_F2,28-11-2023,12:10:00,21234.5,21234.5,21234.5,21234.5,150,83550
BOSCHLTD_F2,28-11-2023,12:11:00,21259.3496,21259.3496,21259.3496,21259.3496,850,83550
BOSCHLTD_F2,28-11-2023,12:12:00,21259.3496,21259.3496,21239.75,21239.75,150,84350
BOSCHLTD_F2,28-11-2023,12:13:00,21239.75,21239.75,21239.75,21239.75,150,84350
BOSCHLTD_F2,28-11-2023,12:15:00,21239.75,21239.75,21239.75,21239.75,100,84400
BOSCHLTD_F2,28-11-2023,12:17:00,21239.75,21239.75,21239.75,21239.75,150,84400
BOSCHLTD_F2,28-11-2023,12:18:00,21239.75,21239.75,21239.75,21239.75,100,84600
BOSCHLTD_F2,28-11-2023,12:19:00,21239.75,21239.75,21239.75,21239.75,200,84600
BOSCHLTD_F2,28-11-2023,12:20:00,21239.75,21239.75,21239.75,21239.75,150,84600
BOSCHLTD_F2,28-11-2023,12:21:00,21239.75,21239.75,21239.75,21239.75,100,84900
BOSCHLTD_F2,28-11-2023,12:22:00,21259.9492,21259.9492,21259.9492,21259.9492,100,84900
BOSCHLTD_F2,28-11-2023,12:23:00,21231.0508,21231.0508,21231.0508,21231.0508,150,84900
BOSCHLTD_F2,28-11-2023,12:24:00,21231.0508,21231.0508,21231.0508,21231.0508,100,85050
BOSCHLTD_F2,28-11-2023,12:25:00,21231.0508,21249.9492,21231.0508,21249.9492,250,85050
BOSCHLTD_F2,28-11-2023,12:26:00,21249.9492,21249.9492,21249.9492,21249.9492,100,85050
BOSCHLTD_F2,28-11-2023,12:27:00,21246.6504,21246.6504,21246.6504,21246.6504,150,85250
BOSCHLTD_F2,28-11-2023,12:28:00,21226.0,21226.0,21226.0,21226.0,150,85250
BOSCHLTD_F2,28-11-2023,12:29:00,21226.0,21226.0,21226.0,21226.0,150,85250
BOSCHLTD_F2,28-11-2023,12:30:00,21226.0,21226.0,21226.0,21226.0,100,85400
BOSCHLTD_F2,28-11-2023,12:31:00,21249.9492,21249.9492,21249.9492,21249.9492,50,85400
BOSCHLTD_F2,28-11-2023,12:32:00,21249.9492,21249.9492,21249.9492,21249.9492,50,85400
BOSCHLTD_F2,28-11-2023,12:33:00,21249.9492,21250.0,21249.9492,21250.0,200,85550
BOSCHLTD_F2,28-11-2023,12:35:00,21250.0,21250.0,21250.0,21250.0,150,85550
BOSCHLTD_F2,28-11-2023,12:36:00,21250.0,21250.0,21250.0,21250.0,50,85550
BOSCHLTD_F2,28-11-2023,12:37:00,21250.0,21250.0,21250.0,21250.0,100,85800
BOSCHLTD_F2,28-11-2023,12:38:00,21250.0508,21250.0508,21250.0508,21250.0508,150,85800
BOSCHLTD_F2,28-11-2023,12:39:00,21262.0508,21262.0508,21262.0508,21262.0508,100,85950
BOSCHLTD_F2,28-11-2023,12:40:00,21268.0996,21270.0,21268.0996,21270.0,200,85950
BOSCHLTD_F2,28-11-2023,12:41:00,21249.0508,21249.0508,21249.0508,21249.0508,550,85950
BOSCHLTD_F2,28-11-2023,12:42:00,21295.0,21295.0,21295.0,21295.0,850,87200
BOSCHLTD_F2,28-11-2023,12:43:00,21295.0,21308.0,21295.0,21308.0,300,87200
BOSCHLTD_F2,28-11-2023,12:44:00,21308.0,21308.0,21308.0,21308.0,150,87200
BOSCHLTD_F2,28-11-2023,12:45:00,21307.4492,21307.4492,21278.3008,21278.3008,200,87200
BOSCHLTD_F2,28-11-2023,12:46:00,21278.3008,21278.3008,21278.3008,21278.3008,100,87200
BOSCHLTD_F2,28-11-2023,12:47:00,21278.3008,21300.0,21278.3008,21300.0,200,87200
BOSCHLTD_F2,28-11-2023,12:48:00,21300.0,21300.0,21300.0,21300.0,100,87500
BOSCHLTD_F2,28-11-2023,12:49:00,21300.0,21300.0,21300.0,21300.0,100,87500
BOSCHLTD_F2,28-11-2023,12:50:00,21300.0,21300.0,21300.0,21300.0,50,87500
BOSCHLTD_F2,28-11-2023,12:51:00,21300.0,21300.0,21300.0,21300.0,50,87500
BOSCHLTD_F2,28-11-2023,12:52:00,21300.0,21300.0,21300.0,21300.0,150,87700
BOSCHLTD_F2,28-11-2023,12:53:00,21300.0,21300.0,21292.0,21292.0,150,87700
BOSCHLTD_F2,28-11-2023,12:54:00,21292.0508,21292.0508,21292.0508,21292.0508,150,87800
BOSCHLTD_F2,28-11-2023,12:55:00,21292.0508,21292.0508,21292.0508,21292.0508,200,87800
BOSCHLTD_F2,28-11-2023,12:56:00,21292.0508,21292.0508,21292.0508,21292.0508,600,87800
BOSCHLTD_F2,28-11-2023,12:57:00,21292.0508,21292.0508,21292.0508,21292.0508,150,88550
BOSCHLTD_F2,28-11-2023,12:58:00,21292.0508,21300.0,21292.0508,21300.0,200,88550
BOSCHLTD_F2,28-11-2023,12:59:00,21282.0508,21282.0508,21282.0508,21282.0508,200,88550
BOSCHLTD_F2,28-11-2023,13:00:00,21282.0508,21282.0508,21282.0508,21282.0508,150,88500
BOSCHLTD_F2,28-11-2023,13:01:00,21282.0508,21289.5,21282.0508,21289.5,200,88500
BOSCHLTD_F2,28-11-2023,13:02:00,21289.5,21289.5,21289.5,21289.5,50,88500
BOSCHLTD_F2,28-11-2023,13:03:00,21289.5,21289.5,21289.5,21289.5,150,86200
BOSCHLTD_F2,28-11-2023,13:04:00,21289.5,21289.5,21289.5,21289.5,150,86200
BOSCHLTD_F2,28-11-2023,13:06:00,21289.5,21307.3496,21289.5,21307.3496,350,86300
BOSCHLTD_F2,28-11-2023,13:07:00,21307.3496,21307.3496,21307.3496,21307.3496,150,86300
BOSCHLTD_F2,28-11-2023,13:08:00,21307.3496,21307.3496,21307.3496,21307.3496,50,86300
BOSCHLTD_F2,28-11-2023,13:09:00,21307.3496,21307.3496,21307.3496,21307.3496,50,86400
BOSCHLTD_F2,28-11-2023,13:10:00,21270.6992,21270.6992,21270.6992,21270.6992,400,86400
BOSCHLTD_F2,28-11-2023,13:11:00,21270.6992,21270.6992,21270.6992,21270.6992,150,86400
BOSCHLTD_F2,28-11-2023,13:12:00,21270.6992,21270.6992,21270.6992,21270.6992,100,86700
BOSCHLTD_F2,28-11-2023,13:13:00,21270.6992,21270.6992,21270.6992,21270.6992,150,86700
BOSCHLTD_F2,28-11-2023,13:14:00,21270.6992,21270.6992,21270.6992,21270.6992,50,86700
BOSCHLTD_F2,28-11-2023,13:15:00,21270.6992,21270.6992,21270.6992,21270.6992,100,86900
BOSCHLTD_F2,28-11-2023,13:16:00,21270.6992,21270.6992,21270.6992,21270.6992,150,86900
BOSCHLTD_F2,28-11-2023,13:17:00,21270.6992,21270.6992,21270.6992,21270.6992,50,86900
BOSCHLTD_F2,28-11-2023,13:18:00,21270.6992,21270.6992,21270.6992,21270.6992,100,87100
BOSCHLTD_F2,28-11-2023,13:19:00,21270.6992,21270.6992,21270.6992,21270.6992,150,87100
BOSCHLTD_F2,28-11-2023,13:21:00,21270.6992,21270.6992,21270.6992,21270.6992,100,87200
BOSCHLTD_F2,28-11-2023,13:22:00,21270.6992,21270.6992,21270.6992,21270.6992,50,87200
BOSCHLTD_F2,28-11-2023,13:23:00,21270.6992,21270.6992,21270.6992,21270.6992,50,87200
BOSCHLTD_F2,28-11-2023,13:24:00,21270.6992,21270.6992,21270.6992,21270.6992,200,87400
BOSCHLTD_F2,28-11-2023,13:25:00,21263.8496,21263.8496,21263.8496,21263.8496,150,87400
BOSCHLTD_F2,28-11-2023,13:26:00,21263.8496,21263.8496,21263.8008,21263.8008,150,87400
BOSCHLTD_F2,28-11-2023,13:27:00,21263.8008,21263.8008,21252.8496,21252.8496,150,87600
BOSCHLTD_F2,28-11-2023,13:28:00,21252.8496,21278.6992,21252.8496,21258.6504,300,87600
BOSCHLTD_F2,28-11-2023,13:29:00,21257.9492,21257.9492,21257.9492,21257.9492,100,87600
BOSCHLTD_F2,28-11-2023,13:30:00,21252.75,21252.75,21251.1504,21251.1504,300,87850
BOSCHLTD_F2,28-11-2023,13:31:00,21260.0,21260.0,21256.8496,21256.8496,200,87850
BOSCHLTD_F2,28-11-2023,13:32:00,21256.8496,21256.8496,21251.0,21251.0,150,87850
BOSCHLTD_F2,28-11-2023,13:33:00,21251.0,21255.6504,21251.0,21253.9492,200,88300
BOSCHLTD_F2,28-11-2023,13:34:00,21255.4492,21255.4492,21255.4492,21255.4492,200,88300
BOSCHLTD_F2,28-11-2023,13:35:00,21255.4492,21282.25,21255.4492,21282.25,300,88300
BOSCHLTD_F2,28-11-2023,13:36:00,21282.25,21282.25,21263.0996,21263.0996,150,88450
BOSCHLTD_F2,28-11-2023,13:37:00,21261.0508,21261.0508,21261.0508,21261.0508,100,88450
BOSCHLTD_F2,28-11-2023,13:38:00,21261.0508,21261.0508,21261.0508,21261.0508,50,88450
BOSCHLTD_F2,28-11-2023,13:39:00,21259.0,21259.0,21259.0,21259.0,200,88650
BOSCHLTD_F2,28-11-2023,13:40:00,21259.4004,21259.4004,21259.4004,21259.4004,100,88650
BOSCHLTD_F2,28-11-2023,13:41:00,21259.4004,21259.4004,21259.4004,21259.4004,200,88650
BOSCHLTD_F2,28-11-2023,13:42:00,21259.4004,21273.5,21255.0508,21255.0508,750,89000
BOSCHLTD_F2,28-11-2023,13:43:00,21255.0508,21255.0508,21255.0,21255.0,200,89000
BOSCHLTD_F2,28-11-2023,13:44:00,21255.0,21255.0,21255.0,21255.0,150,89000
BOSCHLTD_F2,28-11-2023,13:45:00,21250.0,21250.0,21250.0,21250.0,150,89300
BOSCHLTD_F2,28-11-2023,13:46:00,21250.0,21256.5508,21250.0,21256.5508,150,89300
BOSCHLTD_F2,28-11-2023,13:47:00,21256.5508,21256.5508,21256.5508,21256.5508,150,89300
BOSCHLTD_F2,28-11-2023,13:48:00,21224.4004,21224.4004,21224.4004,21224.4004,150,89550
BOSCHLTD_F2,28-11-2023,13:49:00,21224.4004,21224.4004,21221.0508,21221.0508,100,89550
BOSCHLTD_F2,28-11-2023,13:50:00,21221.0508,21225.0508,21221.0508,21225.0508,200,89550
BOSCHLTD_F2,28-11-2023,13:51:00,21225.0508,21225.0508,21225.0508,21225.0508,50,89850
BOSCHLTD_F2,28-11-2023,13:52:00,21225.0,21225.0,21225.0,21225.0,150,89850
BOSCHLTD_F2,28-11-2023,13:53:00,21225.0,21260.3008,21225.0,21260.3008,400,89850
BOSCHLTD_F2,28-11-2023,13:54:00,21260.3008,21269.5508,21260.3008,21269.5508,200,90150
BOSCHLTD_F2,28-11-2023,13:55:00,21266.8496,21266.8496,21266.8496,21266.8496,200,90150
BOSCHLTD_F2,28-11-2023,13:56:00,21266.8496,21266.8496,21233.75,21233.75,150,90150
BOSCHLTD_F2,28-11-2023,13:57:00,21233.75,21233.75,21233.75,21233.75,50,90400
BOSCHLTD_F2,28-11-2023,13:58:00,21221.0,21221.0,21221.0,21221.0,150,90400
BOSCHLTD_F2,28-11-2023,13:59:00,21221.0,21221.0996,21221.0,21221.0996,150,90400
BOSCHLTD_F2,28-11-2023,14:00:00,21221.0996,21223.75,21221.0996,21223.75,200,90600
BOSCHLTD_F2,28-11-2023,14:01:00,21223.75,21223.75,21223.75,21223.75,100,90600
BOSCHLTD_F2,28-11-2023,14:02:00,21242.5,21242.5,21242.1504,21242.1504,400,90600
BOSCHLTD_F2,28-11-2023,14:03:00,21241.4004,21248.5,21238.5,21248.5,550,90950
BOSCHLTD_F2,28-11-2023,14:04:00,21248.5,21248.5,21248.5,21248.5,50,90950
BOSCHLTD_F2,28-11-2023,14:05:00,21227.9004,21227.9004,21227.9004,21227.9004,150,90950
BOSCHLTD_F2,28-11-2023,14:06:00,21227.9004,21252.1992,21227.9004,21252.1992,250,91300
BOSCHLTD_F2,28-11-2023,14:07:00,21268.1504,21268.1504,21230.0508,21230.0508,200,91300
BOSCHLTD_F2,28-11-2023,14:08:00,21225.8008,21264.5,21225.8008,21264.5,200,91300
BOSCHLTD_F2,28-11-2023,14:09:00,21259.8496,21259.8496,21259.8496,21259.8496,150,91450
BOSCHLTD_F2,28-11-2023,14:10:00,21259.8496,21259.8496,21238.4004,21238.4004,150,91450
BOSCHLTD_F2,28-11-2023,14:11:00,21238.4004,21238.4004,21238.4004,21238.4004,150,91450
BOSCHLTD_F2,28-11-2023,14:12:00,21228.5996,21228.5996,21228.5996,21228.5996,200,91700
BOSCHLTD_F2,28-11-2023,14:13:00,21228.5996,21267.3496,21228.5996,21267.3496,200,91700
BOSCHLTD_F2,28-11-2023,14:14:00,21267.3496,21267.3496,21267.3496,21267.3496,150,91700
BOSCHLTD_F2,28-11-2023,14:15:00,21281.25,21281.25,21281.25,21281.25,150,91850
BOSCHLTD_F2,28-11-2023,14:16:00,21281.25,21281.25,21246.25,21246.25,250,91850
BOSCHLTD_F2,28-11-2023,14:17:00,21246.25,21246.25,21246.25,21246.25,200,91850
BOSCHLTD_F2,28-11-2023,14:18:00,21223.8008,21223.8008,21223.8008,21223.8008,50,91850
BOSCHLTD_F2,28-11-2023,14:19:00,21223.8008,21225.6992,21223.8008,21225.6992,200,89850
BOSCHLTD_F2,28-11-2023,14:20:00,21225.6992,21225.6992,21216.5508,21216.5508,150,89850
BOSCHLTD_F2,28-11-2023,14:21:00,21216.5508,21216.5508,21216.5508,21216.5508,50,90150
BOSCHLTD_F2,28-11-2023,14:22:00,21216.5508,21248.9492,21216.5508,21248.9492,250,90150
BOSCHLTD_F2,28-11-2023,14:23:00,21248.9492,21248.9492,21217.0996,21217.0996,200,90150
BOSCHLTD_F2,28-11-2023,14:24:00,21217.0996,21217.0996,21217.0996,21217.0996,50,90300
BOSCHLTD_F2,28-11-2023,14:25:00,21217.0,21217.0,21217.0,21217.0,150,90300
BOSCHLTD_F2,28-11-2023,14:26:00,21220.0508,21220.0508,21220.0508,21220.0508,200,90300
BOSCHLTD_F2,28-11-2023,14:28:00,21220.4004,21220.4004,21220.4004,21220.4004,150,90500
BOSCHLTD_F2,28-11-2023,14:29:00,21220.4004,21220.4004,21220.4004,21220.4004,150,90500
BOSCHLTD_F2,28-11-2023,14:30:00,21220.4004,21220.4004,21220.4004,21220.4004,50,90500
BOSCHLTD_F2,28-11-2023,14:31:00,21220.4004,21220.4004,21220.4004,21220.4004,150,90700
BOSCHLTD_F2,28-11-2023,14:32:00,21220.4004,21220.4004,21220.4004,21220.4004,50,90700
BOSCHLTD_F2,28-11-2023,14:33:00,21220.4004,21220.4004,21220.4004,21220.4004,100,90700
BOSCHLTD_F2,28-11-2023,14:34:00,21237.1992,21237.1992,21237.1992,21237.1992,250,90850
BOSCHLTD_F2,28-11-2023,14:35:00,21232.0508,21232.0508,21232.0508,21232.0508,100,90850
BOSCHLTD_F2,28-11-2023,14:36:00,21232.0508,21232.0508,21220.0,21220.0,200,90850
BOSCHLTD_F2,28-11-2023,14:37:00,21220.0,21220.0,21220.0,21220.0,150,91100
BOSCHLTD_F2,28-11-2023,14:38:00,21220.0,21220.0,21220.0,21220.0,150,91100
BOSCHLTD_F2,28-11-2023,14:40:00,21220.0,21225.4004,21220.0,21225.4004,150,91300
BOSCHLTD_F2,28-11-2023,14:41:00,21225.4004,21225.4004,21225.4004,21225.4004,200,91300
BOSCHLTD_F2,28-11-2023,14:42:00,21225.3496,21225.3496,21225.3496,21225.3496,150,91300
BOSCHLTD_F2,28-11-2023,14:43:00,21225.3496,21225.3496,21217.0996,21217.0996,200,91550
BOSCHLTD_F2,28-11-2023,14:44:00,21200.0,21200.0,21200.0,21200.0,400,91550
BOSCHLTD_F2,28-11-2023,14:45:00,21200.1504,21200.1504,21195.3496,21195.3496,300,91700
BOSCHLTD_F2,28-11-2023,14:46:00,21195.3496,21195.3496,21189.4492,21189.4492,150,91700
BOSCHLTD_F2,28-11-2023,14:47:00,21189.4492,21195.3008,21187.9004,21195.3008,200,91700
BOSCHLTD_F2,28-11-2023,14:48:00,21195.9492,21195.9492,21193.0996,21193.0996,250,92050
BOSCHLTD_F2,28-11-2023,14:49:00,21193.0996,21193.0996,21193.0996,21193.0996,300,92050
BOSCHLTD_F2,28-11-2023,14:50:00,21193.0996,21202.25,21193.0996,21194.9004,300,92050
BOSCHLTD_F2,28-11-2023,14:51:00,21207.0508,21207.0508,21197.9492,21197.9492,350,92250
BOSCHLTD_F2,28-11-2023,14:52:00,21197.9492,21202.8008,21197.9492,21202.8008,150,92250
BOSCHLTD_F2,28-11-2023,14:53:00,21202.8008,21213.0508,21197.4492,21197.4492,300,92250
BOSCHLTD_F2,28-11-2023,14:54:00,21197.4492,21197.4492,21186.9004,21186.9004,400,92600
BOSCHLTD_F2,28-11-2023,14:55:00,21186.9004,21193.1992,21186.9004,21193.1992,100,92600
BOSCHLTD_F2,28-11-2023,14:56:00,21193.1992,21193.1992,21193.1992,21193.1992,150,92600
BOSCHLTD_F2,28-11-2023,14:57:00,21193.1992,21228.6504,21193.1992,21228.6504,200,92900
BOSCHLTD_F2,28-11-2023,14:58:00,21228.6504,21228.6504,21228.6504,21228.6504,200,92900
BOSCHLTD_F2,28-11-2023,14:59:00,21228.6504,21229.5,21228.6504,21229.5,400,92900
BOSCHLTD_F2,28-11-2023,15:00:00,21211.8496,21213.25,21192.0996,21192.0996,250,93450
BOSCHLTD_F2,28-11-2023,15:01:00,21192.0996,21192.0996,21178.4492,21178.4492,950,93450
BOSCHLTD_F2,28-11-2023,15:02:00,21210.3496,21210.3496,21210.3496,21210.3496,100,93450
BOSCHLTD_F2,28-11-2023,15:03:00,21210.3496,21210.3496,21210.3496,21210.3496,250,93900
BOSCHLTD_F2,28-11-2023,15:04:00,21240.0,21243.8496,21240.0,21243.8496,200,93900
BOSCHLTD_F2,28-11-2023,15:06:00,21243.8496,21243.8496,21243.8496,21243.8496,100,94100
BOSCHLTD_F2,28-11-2023,15:07:00,21243.8496,21243.8496,21243.8496,21243.8496,50,94100
BOSCHLTD_F2,28-11-2023,15:08:00,21258.9492,21258.9492,21258.9492,21258.9492,150,94100
BOSCHLTD_F2,28-11-2023,15:09:00,21258.9492,21312.4004,21258.9492,21312.4004,600,94050
BOSCHLTD_F2,28-11-2023,15:10:00,21313.8008,21315.0,21300.0,21315.0,200,94050
BOSCHLTD_F2,28-11-2023,15:11:00,21315.0,21315.0,21315.0,21315.0,100,94050
BOSCHLTD_F2,28-11-2023,15:12:00,21315.0,21315.0,21315.0,21315.0,50,94200
BOSCHLTD_F2,28-11-2023,15:13:00,21309.0,21309.0,21309.0,21309.0,200,94200
BOSCHLTD_F2,28-11-2023,15:14:00,21309.0,21309.0,21300.0,21300.0,750,94200
BOSCHLTD_F2,28-11-2023,15:15:00,21300.0,21313.0996,21300.0,21313.0996,150,94450
BOSCHLTD_F2,28-11-2023,15:16:00,21313.0996,21313.0996,21313.0996,21313.0996,300,94450
BOSCHLTD_F2,28-11-2023,15:17:00,21297.9492,21350.0,21297.9492,21350.0,500,94450
BOSCHLTD_F2,28-11-2023,15:18:00,21350.0,21362.5996,21335.0,21335.0,300,94700
BOSCHLTD_F2,28-11-2023,15:19:00,21342.75,21342.75,21342.75,21342.75,100,94700
BOSCHLTD_F2,28-11-2023,15:20:00,21342.75,21342.75,21342.75,21342.75,50,94700
BOSCHLTD_F2,28-11-2023,15:21:00,21342.75,21342.75,21342.75,21342.75,100,94900
BOSCHLTD_F2,28-11-2023,15:22:00,21342.75,21342.75,21337.9004,21338.75,200,94900
BOSCHLTD_F2,28-11-2023,15:23:00,21338.75,21338.75,21338.75,21338.75,50,94900
BOSCHLTD_F2,28-11-2023,15:24:00,21340.0,21340.0,21340.0,21340.0,150,95200
BOSCHLTD_F2,28-11-2023,15:26:00,21340.0,21340.0,21335.0,21335.0,200,95200
BOSCHLTD_F2,28-11-2023,15:27:00,21335.0,21335.0,21291.5996,21291.5996,250,95450
BOSCHLTD_F2,28-11-2023,15:28:00,21329.4492,21339.25,21310.5996,21333.9004,300,95450
BOSCHLTD_F2,28-11-2023,15:29:00,21340.0,21340.0,21334.9492,21335.0,400,95450
BOSCHLTD_F2,29-11-2023,09:15:00,21335.0,21335.0,21335.0,21335.0,100,94850
BOSCHLTD_F2,29-11-2023,09:16:00,21419.9004,21419.9004,21419.9004,21419.9004,100,94850
BOSCHLTD_F2,29-11-2023,09:17:00,21419.9004,21419.9004,21419.9004,21419.9004,500,94850
BOSCHLTD_F2,29-11-2023,09:18:00,21370.9004,21370.9004,21370.9004,21370.9004,1000,95400
BOSCHLTD_F2,29-11-2023,09:19:00,21366.6504,21390.0508,21344.3008,21390.0508,700,95400
BOSCHLTD_F2,29-11-2023,09:20:00,21400.0,21417.8496,21392.75,21392.75,200,96050
BOSCHLTD_F2,29-11-2023,09:22:00,21384.1504,21405.8496,21384.1504,21405.8496,100,96050
BOSCHLTD_F2,29-11-2023,09:23:00,21390.0,21400.4004,21380.0,21380.0,250,96050
BOSCHLTD_F2,29-11-2023,09:24:00,21370.1992,21380.0,21370.1992,21380.0,100,96300
BOSCHLTD_F2,29-11-2023,09:26:00,21370.6992,21391.9492,21370.0,21391.9492,200,96300
BOSCHLTD_F2,29-11-2023,09:28:00,21365.6504,21365.6504,21365.6504,21365.6504,200,96300
BOSCHLTD_F2,29-11-2023,09:31:00,21399.9492,21399.9492,21399.9492,21399.9492,50,96200
BOSCHLTD_F2,29-11-2023,09:32:00,21380.5996,21380.5996,21380.5996,21380.5996,150,96200
BOSCHLTD_F2,29-11-2023,09:33:00,21390.4004,21407.5,21390.4004,21407.5,400,96200
BOSCHLTD_F2,29-11-2023,09:35:00,21407.5,21407.5,21407.5,21407.5,150,96300
BOSCHLTD_F2,29-11-2023,09:36:00,21419.9492,21429.0,21419.9492,21429.0,300,96300
BOSCHLTD_F2,29-11-2023,09:37:00,21420.0,21439.9004,21420.0,21439.9004,350,96300
BOSCHLTD_F2,29-11-2023,09:38:00,21439.0508,21439.0508,21439.0508,21439.0508,500,96450
BOSCHLTD_F2,29-11-2023,09:39:00,21453.8008,21453.8008,21453.8008,21453.8008,200,96450
BOSCHLTD_F2,29-11-2023,09:41:00,21453.8008,21453.8008,21428.6992,21428.6992,250,96450
BOSCHLTD_F2,29-11-2023,09:43:00,21405.0,21423.0,21405.0,21423.0,300,96300
BOSCHLTD_F2,29-11-2023,09:44:00,21423.0,21423.0,21423.0,21423.0,50,96300
BOSCHLTD_F2,29-11-2023,09:46:00,21408.0,21408.0,21408.0,21408.0,50,96400
BOSCHLTD_F2,29-11-2023,09:47:00,21408.0,21418.5508,21408.0,21418.5508,200,96400
BOSCHLTD_F2,29-11-2023,09:48:00,21418.5508,21418.5508,21400.0,21400.0,200,96450
BOSCHLTD_F2,29-11-2023,09:49:00,21400.0,21434.0,21400.0,21434.0,300,96450
BOSCHLTD_F2,29-11-2023,09:51:00,21434.0,21434.0,21431.0996,21431.0996,250,96400
BOSCHLTD_F2,29-11-2023,09:52:00,21436.5508,21448.9492,21436.5508,21448.9492,100,96400
BOSCHLTD_F2,29-11-2023,09:53:00,21431.1992,21431.1992,21430.0,21430.0,550,96400
BOSCHLTD_F2,29-11-2023,09:55:00,21433.9492,21443.4004,21433.9492,21443.4004,100,96700
BOSCHLTD_F2,29-11-2023,09:56:00,21446.1504,21448.0,21446.1504,21448.0,150,96800
BOSCHLTD_F2,29-11-2023,09:57:00,21459.0,21480.0996,21459.0,21480.0996,600,96800
BOSCHLTD_F2,29-11-2023,09:58:00,21498.8008,21498.8008,21498.8008,21498.8008,100,96800
BOSCHLTD_F2,29-11-2023,09:59:00,21484.0,21484.0,21484.0,21484.0,100,96800
BOSCHLTD_F2,29-11-2023,10:00:00,21510.0,21519.9004,21510.0,21519.9004,350,96900
BOSCHLTD_F2,29-11-2023,10:01:00,21519.9004,21519.9004,21493.5508,21493.5508,300,96900
BOSCHLTD_F2,29-11-2023,10:03:00,21500.0,21500.0,21500.0,21500.0,1650,96950
BOSCHLTD_F2,29-11-2023,10:04:00,21482.6504,21482.6504,21482.6504,21482.6504,50,96950
BOSCHLTD_F2,29-11-2023,10:07:00,21509.8496,21540.0,21497.3008,21540.0,1650,98350
BOSCHLTD_F2,29-11-2023,10:08:00,21529.5508,21552.25,21525.5996,21552.25,450,99200
BOSCHLTD_F2,29-11-2023,10:09:00,21575.0,21582.5,21562.3496,21562.3496,650,99200
BOSCHLTD_F2,29-11-2023,10:10:00,21560.0,21583.1504,21532.0,21583.1504,550,99200
BOSCHLTD_F2,29-11-2023,10:11:00,21583.8496,21596.9004,21583.8496,21596.9004,550,99750
BOSCHLTD_F2,29-11-2023,10:12:00,21597.0,21597.0,21597.0,21597.0,450,99750
BOSCHLTD_F2,29-11-2023,10:13:00,21573.5508,21590.0,21570.5508,21575.5996,400,99750
BOSCHLTD_F2,29-11-2023,10:14:00,21559.9004,21584.75,21559.9004,21583.6504,300,100150
BOSCHLTD_F2,29-11-2023,10:15:00,21561.0,21561.0,21554.0508,21554.0508,100,100150
BOSCHLTD_F2,29-11-2023,10:16:00,21567.9004,21571.9492,21552.4492,21571.9492,650,100150
BOSCHLTD_F2,29-11-2023,10:17:00,21571.9492,21571.9492,21549.5508,21553.1992,650,100150
BOSCHLTD_F2,29-11-2023,10:18:00,21521.0,21553.75,21521.0,21553.75,100,100300
BOSCHLTD_F2,29-11-2023,10:19:00,21553.75,21584.8008,21553.75,21584.8008,100,100300
BOSCHLTD_F2,29-11-2023,10:20:00,21546.6992,21551.8496,21546.6992,21551.8496,100,100450
BOSCHLTD_F2,29-11-2023,10:21:00,21551.1992,21570.1504,21551.1992,21570.1504,150,100450
BOSCHLTD_F2,29-11-2023,10:22:00,21600.0,21613.6504,21595.6992,21595.6992,350,100450
BOSCHLTD_F2,29-11-2023,10:23:00,21613.9004,21630.6992,21613.9004,21630.6992,950,100700
BOSCHLTD_F2,29-11-2023,10:24:00,21592.8008,21592.8008,21592.8008,21592.8008,100,100700
BOSCHLTD_F2,29-11-2023,10:25:00,21570.0508,21570.0508,21570.0508,21570.0508,50,100700
BOSCHLTD_F2,29-11-2023,10:27:00,21595.0508,21595.0508,21590.0,21590.0,200,100850
BOSCHLTD_F2,29-11-2023,10:28:00,21597.6992,21597.6992,21597.6992,21597.6992,100,100850
BOSCHLTD_F2,29-11-2023,10:29:00,21599.0,21615.9492,21599.0,21602.5,200,100850
BOSCHLTD_F2,29-11-2023,10:30:00,21615.9492,21629.4492,21615.9492,21629.4492,250,101100
BOSCHLTD_F2,29-11-2023,10:31:00,21635.8496,21635.9492,21635.8496,21635.9492,1500,101100
BOSCHLTD_F2,29-11-2023,10:32:00,21646.0,21709.3008,21646.0,21703.8496,1100,101100
BOSCHLTD_F2,29-11-2023,10:33:00,21689.5,21696.1504,21666.4004,21666.4004,650,101950
BOSCHLTD_F2,29-11-2023,10:34:00,21651.0996,21664.9492,21645.0,21645.0,350,101950
BOSCHLTD_F2,29-11-2023,10:35:00,21623.5,21623.5,21623.5,21623.5,50,101950
BOSCHLTD_F2,29-11-2023,10:36:00,21623.5,21623.5,21621.1504,21621.1504,150,102450
BOSCHLTD_F2,29-11-2023,10:37:00,21627.3496,21665.8496,21627.3496,21650.0,400,102450
BOSCHLTD_F2,29-11-2023,10:38:00,21634.4492,21634.4492,21634.4492,21634.4492,50,102450
BOSCHLTD_F2,29-11-2023,10:40:00,21643.0996,21643.0996,21640.9492,21640.9492,100,102700
BOSCHLTD_F2,29-11-2023,10:41:00,21620.8496,21638.4004,21619.9004,21619.9004,750,102700
BOSCHLTD_F2,29-11-2023,10:43:00,21578.3008,21578.3008,21578.3008,21578.3008,50,103000
BOSCHLTD_F2,29-11-2023,10:44:00,21578.3008,21580.0,21578.3008,21580.0,250,102950
BOSCHLTD_F2,29-11-2023,10:45:00,21608.9004,21608.9004,21567.0,21567.0,200,102950
BOSCHLTD_F2,29-11-2023,10:47:00,21581.4492,21581.4492,21581.4492,21581.4492,100,102950
BOSCHLTD_F2,29-11-2023,10:48:00,21572.6992,21596.6504,21572.6992,21580.8008,550,103200
BOSCHLTD_F2,29-11-2023,10:49:00,21600.1504,21600.1504,21600.1504,21600.1504,2000,103200
BOSCHLTD_F2,29-11-2023,10:50:00,21600.0,21600.0,21593.9004,21593.9004,400,103700
BOSCHLTD_F2,29-11-2023,10:51:00,21592.5996,21592.5996,21592.5996,21592.5996,50,103700
BOSCHLTD_F2,29-11-2023,10:52:00,21613.1504,21613.1504,21605.0,21605.0,500,103700
BOSCHLTD_F2,29-11-2023,10:53:00,21605.0,21618.0,21605.0,21618.0,800,103700
BOSCHLTD_F2,29-11-2023,10:54:00,21638.3496,21638.3496,21638.3496,21638.3496,50,104000
BOSCHLTD_F2,29-11-2023,10:55:00,21637.0508,21638.4004,21637.0508,21638.4004,500,104000
BOSCHLTD_F2,29-11-2023,10:56:00,21638.4004,21638.4004,21638.4004,21638.4004,100,104000
BOSCHLTD_F2,29-11-2023,10:58:00,21638.4004,21638.4004,21623.3496,21623.3496,500,104450
BOSCHLTD_F2,29-11-2023,10:59:00,21610.1992,21610.1992,21610.1992,21610.1992,100,104450
BOSCHLTD_F2,29-11-2023,11:00:00,21575.0,21617.3496,21575.0,21617.3496,1300,104650
BOSCHLTD_F2,29-11-2023,11:01:00,21590.75,21590.75,21590.0,21590.0,100,104650
BOSCHLTD_F2,29-11-2023,11:02:00,21602.4004,21632.1992,21602.4004,21615.6992,600,104650
BOSCHLTD_F2,29-11-2023,11:04:00,21615.6992,21638.4004,21615.6992,21638.4004,400,105050
BOSCHLTD_F2,29-11-2023,11:05:00,21638.4004,21692.5,21638.4004,21692.5,350,105050
BOSCHLTD_F2,29-11-2023,11:06:00,21691.1992,21691.1992,21670.4004,21670.4004,200,105200
BOSCHLTD_F2,29-11-2023,11:07:00,21670.4004,21670.4004,21670.4004,21670.4004,50,105200
BOSCHLTD_F2,29-11-2023,11:08:00,21670.4004,21670.4004,21670.4004,21670.4004,100,105200
BOSCHLTD_F2,29-11-2023,11:09:00,21685.25,21685.25,21685.25,21685.25,100,105250
BOSCHLTD_F2,29-11-2023,11:10:00,21683.9492,21701.0,21676.0996,21701.0,1700,105250
BOSCHLTD_F2,29-11-2023,11:12:00,21670.9004,21713.5996,21670.9004,21713.5996,550,105350
BOSCHLTD_F2,29-11-2023,11:13:00,21713.5996,21713.5996,21688.6992,21692.25,650,105350
BOSCHLTD_F2,29-11-2023,11:14:00,21692.25,21692.25,21686.3496,21686.3496,200,105350
BOSCHLTD_F2,29-11-2023,11:15:00,21699.1992,21699.1992,21699.1992,21699.1992,100,105200
BOSCHLTD_F2,29-11-2023,11:17:00,21713.9492,21716.25,21713.9492,21716.25,700,105200
BOSCHLTD_F2,29-11-2023,11:18:00,21699.3008,21700.0,21688.3008,21700.0,300,105250
BOSCHLTD_F2,29-11-2023,11:19:00,21700.0,21700.0,21700.0,21700.0,50,105250
BOSCHLTD_F2,29-11-2023,11:20:00,21700.0,21702.0,21700.0,21702.0,300,105250
BOSCHLTD_F2,29-11-2023,11:21:00,21685.0,21695.0,21685.0,21695.0,200,105500
BOSCHLTD_F2,29-11-2023,11:22:00,21685.75,21692.3496,21685.75,21692.3496,150,105500
BOSCHLTD_F2,29-11-2023,11:23:00,21697.4492,21726.5,21697.4492,21720.0,1700,105500
BOSCHLTD_F2,29-11-2023,11:24:00,21711.0,21711.0,21700.0,21700.0,400,106650
BOSCHLTD_F2,29-11-2023,11:25:00,21700.0,21700.0,21680.0508,21680.0508,250,106650
BOSCHLTD_F2,29-11-2023,11:26:00,21680.0508,21680.0508,21680.0508,21680.0508,50,106650
BOSCHLTD_F2,29-11-2023,11:29:00,21725.0,21725.0,21725.0,21725.0,200,106650
BOSCHLTD_F2,29-11-2023,11:30:00,21726.9492,21734.6504,21726.9492,21734.6504,300,106350
BOSCHLTD_F2,29-11-2023,11:32:00,21734.6504,21735.0508,21712.5996,21735.0508,1150,106450
BOSCHLTD_F2,29-11-2023,11:33:00,21735.0,21738.5,21735.0,21738.5,150,106450
BOSCHLTD_F2,29-11-2023,11:34:00,21720.4492,21726.9492,21720.4492,21726.9492,100,106450
BOSCHLTD_F2,29-11-2023,11:35:00,21726.9492,21726.9492,21726.9492,21726.9492,50,106450
BOSCHLTD_F2,29-11-2023,11:37:00,21670.25,21670.25,21670.25,21670.25,50,107300
BOSCHLTD_F2,29-11-2023,11:38:00,21669.9492,21671.1992,21658.8008,21658.8008,400,107300
BOSCHLTD_F2,29-11-2023,11:40:00,21641.9492,21641.9492,21641.9492,21641.9492,50,107300
BOSCHLTD_F2,29-11-2023,11:41:00,21641.9492,21641.9492,21641.9492,21641.9492,650,107300
BOSCHLTD_F2,29-11-2023,11:42:00,21635.0,21635.0,21635.0,21635.0,350,107100
BOSCHLTD_F2,29-11-2023,11:43:00,21610.0,21610.0,21610.0,21610.0,100,107100
BOSCHLTD_F2,29-11-2023,11:44:00,21610.0,21610.0,21610.0,21610.0,50,107100
BOSCHLTD_F2,29-11-2023,11:45:00,21610.0,21610.0,21610.0,21610.0,150,107200
BOSCHLTD_F2,29-11-2023,11:46:00,21610.0,21627.75,21610.0,21627.75,650,107200
BOSCHLTD_F2,29-11-2023,11:47:00,21640.0508,21640.0508,21640.0508,21640.0508,50,107200
BOSCHLTD_F2,29-11-2023,11:48:00,21627.6992,21627.6992,21627.6992,21627.6992,50,107200
BOSCHLTD_F2,29-11-2023,11:51:00,21627.6992,21627.6992,21627.6992,21627.6992,100,106050
BOSCHLTD_F2,29-11-2023,11:52:00,21627.6992,21627.6992,21627.6992,21627.6992,50,106050
BOSCHLTD_F2,29-11-2023,11:54:00,21627.6992,21642.5508,21627.6992,21642.5508,300,106200
BOSCHLTD_F2,29-11-2023,11:57:00,21657.75,21657.75,21649.5996,21649.5996,150,106400
BOSCHLTD_F2,29-11-2023,11:59:00,21649.6992,21649.6992,21649.6992,21649.6992,50,106400
BOSCHLTD_F2,29-11-2023,12:02:00,21651.4492,21665.5996,21651.4492,21665.5996,250,106400
BOSCHLTD_F2,29-11-2023,12:04:00,21668.1504,21668.1504,21660.0996,21660.0996,200,106450
BOSCHLTD_F2,29-11-2023,12:06:00,21688.5508,21688.5508,21688.5508,21688.5508,150,106450
BOSCHLTD_F2,29-11-2023,12:07:00,21688.5508,21688.5508,21674.0996,21674.0996,150,106400
BOSCHLTD_F2,29-11-2023,12:08:00,21687.9004,21687.9004,21687.9004,21687.9004,200,106400
BOSCHLTD_F2,29-11-2023,12:10:00,21700.0,21700.0,21700.0,21700.0,100,106350
BOSCHLTD_F2,29-11-2023,12:11:00,21696.0996,21696.0996,21696.0996,21696.0996,150,106350
BOSCHLTD_F2,29-11-2023,12:12:00,21647.5996,21647.5996,21647.5996,21647.5996,50,106450
BOSCHLTD_F2,29-11-2023,12:13:00,21651.4492,21652.0996,21651.4492,21652.0996,100,106450
BOSCHLTD_F2,29-11-2023,12:14:00,21652.0996,21652.0996,21652.0996,21652.0996,100,106450
BOSCHLTD_F2,29-11-2023,12:18:00,21666.8008,21666.8008,21653.3008,21653.3008,550,106350
BOSCHLTD_F2,29-11-2023,12:19:00,21654.1992,21654.1992,21654.1992,21654.1992,50,106350
BOSCHLTD_F2,29-11-2023,12:20:00,21654.1992,21654.1992,21654.1992,21654.1992,50,106350
BOSCHLTD_F2,29-11-2023,12:22:00,21660.4492,21660.4492,21660.4492,21660.4492,250,106400
BOSCHLTD_F2,29-11-2023,12:23:00,21653.8496,21653.8496,21653.8496,21653.8496,50,106400
BOSCHLTD_F2,29-11-2023,12:24:00,21653.8496,21653.8496,21653.8496,21653.8496,50,106350
BOSCHLTD_F2,29-11-2023,12:25:00,21632.0508,21632.0508,21632.0508,21632.0508,50,106350
BOSCHLTD_F2,29-11-2023,12:26:00,21631.1504,21631.1504,21611.4492,21611.4492,300,106350
BOSCHLTD_F2,29-11-2023,12:29:00,21611.4492,21611.5996,21611.4492,21611.5996,150,106450
BOSCHLTD_F2,29-11-2023,12:32:00,21611.5996,21611.5996,21611.5996,21611.5996,100,106450
BOSCHLTD_F2,29-11-2023,12:34:00,21613.6504,21613.6504,21613.6504,21613.6504,200,106450
BOSCHLTD_F2,29-11-2023,12:37:00,21616.0508,21616.0508,21616.0508,21616.0508,50,106300
BOSCHLTD_F2,29-11-2023,12:38:00,21626.9004,21626.9004,21626.9004,21626.9004,350,106300
BOSCHLTD_F2,29-11-2023,12:39:00,21629.0996,21629.0996,21620.0,21620.0,150,106450
BOSCHLTD_F2,29-11-2023,12:41:00,21620.0,21620.0,21620.0,21620.0,150,106450
BOSCHLTD_F2,29-11-2023,12:42:00,21640.0,21644.0508,21640.0,21644.0508,150,106550
BOSCHLTD_F2,29-11-2023,12:43:00,21648.1992,21648.1992,21648.1992,21648.1992,50,106550
BOSCHLTD_F2,29-11-2023,12:44:00,21648.1992,21648.1992,21648.1992,21648.1992,100,106550
BOSCHLTD_F2,29-11-2023,12:45:00,21652.5996,21652.5996,21652.5996,21652.5996,50,106550
BOSCHLTD_F2,29-11-2023,12:46:00,21626.4004,21626.4004,21614.25,21614.25,750,106550
BOSCHLTD_F2,29-11-2023,12:47:00,21623.8496,21623.8496,21623.8496,21623.8496,50,106550
BOSCHLTD_F2,29-11-2023,12:50:00,21620.75,21620.75,21620.75,21620.75,50,106850
BOSCHLTD_F2,29-11-2023,12:51:00,21607.8008,21607.8008,21607.8008,21607.8008,50,106850
BOSCHLTD_F2,29-11-2023,12:52:00,21605.0,21605.0,21605.0,21605.0,50,106800
BOSCHLTD_F2,29-11-2023,12:53:00,21592.0,21592.0,21575.0,21575.0,800,106800
BOSCHLTD_F2,29-11-2023,12:54:00,21575.0,21575.0,21566.1992,21566.1992,550,106700
BOSCHLTD_F2,29-11-2023,12:55:00,21580.5,21580.5,21580.5,21580.5,200,106700
BOSCHLTD_F2,29-11-2023,12:56:00,21579.6504,21579.6504,21566.3008,21566.3008,200,106700
BOSCHLTD_F2,29-11-2023,12:57:00,21566.3008,21566.3008,21566.3008,21566.3008,150,106900
BOSCHLTD_F2,29-11-2023,12:58:00,21582.8496,21583.5996,21582.8496,21583.5996,250,106900
BOSCHLTD_F2,29-11-2023,12:59:00,21589.8496,21589.8496,21589.8496,21589.8496,50,106900
BOSCHLTD_F2,29-11-2023,13:00:00,21589.8496,21589.8496,21589.8496,21589.8496,100,107300
BOSCHLTD_F2,29-11-2023,13:01:00,21565.5,21565.5,21565.5,21565.5,250,107300
BOSCHLTD_F2,29-11-2023,13:02:00,21580.3496,21580.3496,21580.3496,21580.3496,50,107300
BOSCHLTD_F2,29-11-2023,13:03:00,21588.1504,21588.1504,21588.1504,21588.1504,50,107400
BOSCHLTD_F2,29-11-2023,13:04:00,21584.3008,21584.3008,21584.3008,21584.3008,250,107400
BOSCHLTD_F2,29-11-2023,13:05:00,21595.75,21595.75,21595.75,21595.75,100,107400
BOSCHLTD_F2,29-11-2023,13:06:00,21580.3496,21580.3496,21580.3496,21580.3496,150,107750
BOSCHLTD_F2,29-11-2023,13:07:00,21588.0508,21588.0508,21588.0508,21588.0508,500,107750
BOSCHLTD_F2,29-11-2023,13:08:00,21588.0508,21588.0508,21588.0508,21588.0508,100,107750
BOSCHLTD_F2,29-11-2023,13:09:00,21582.0,21582.0,21582.0,21582.0,950,107850
BOSCHLTD_F2,29-11-2023,13:10:00,21582.0,21582.0,21582.0,21582.0,50,107850
BOSCHLTD_F2,29-11-2023,13:11:00,21585.3496,21585.3496,21575.0,21575.0,100,107850
BOSCHLTD_F2,29-11-2023,13:13:00,21572.6992,21572.6992,21572.6992,21572.6992,100,108250
BOSCHLTD_F2,29-11-2023,13:14:00,21572.6992,21581.3008,21572.6992,21581.3008,150,108250
BOSCHLTD_F2,29-11-2023,13:15:00,21581.3008,21581.3008,21581.3008,21581.3008,250,108450
BOSCHLTD_F2,29-11-2023,13:17:00,21570.0996,21570.0996,21570.0996,21570.0996,50,108450
BOSCHLTD_F2,29-11-2023,13:18:00,21567.0508,21567.0508,21567.0508,21567.0508,100,108600
BOSCHLTD_F2,29-11-2023,13:19:00,21562.4004,21562.4004,21528.0,21528.0,850,108600
BOSCHLTD_F2,29-11-2023,13:20:00,21528.0,21540.0,21528.0,21540.0,150,108600
BOSCHLTD_F2,29-11-2023,13:21:00,21545.0508,21545.0508,21535.0,21535.0,200,108500
BOSCHLTD_F2,29-11-2023,13:23:00,21535.0,21535.0,21535.0,21535.0,250,108500
BOSCHLTD_F2,29-11-2023,13:24:00,21548.8496,21562.8008,21548.8496,21562.8008,450,108250
BOSCHLTD_F2,29-11-2023,13:25:00,21562.8008,21562.8008,21562.8008,21562.8008,100,108250
BOSCHLTD_F2,29-11-2023,13:26:00,21580.0508,21580.0508,21565.1992,21565.1992,400,108250
BOSCHLTD_F2,29-11-2023,13:27:00,21560.9004,21560.9004,21551.0996,21551.0996,400,108700
BOSCHLTD_F2,29-11-2023,13:28:00,21551.0996,21551.0996,21551.0,21551.0,200,108700
BOSCHLTD_F2,29-11-2023,13:29:00,21551.0,21551.0,21551.0,21551.0,300,108700
BOSCHLTD_F2,29-11-2023,13:30:00,21556.8496,21556.8496,21556.8496,21556.8496,50,109000
BOSCHLTD_F2,29-11-2023,13:31:00,21540.0508,21540.0508,21540.0,21540.0,250,109000
BOSCHLTD_F2,29-11-2023,13:32:00,21540.0,21549.1992,21540.0,21549.1992,250,109000
BOSCHLTD_F2,29-11-2023,13:33:00,21540.8008,21556.3008,21540.8008,21556.3008,150,109250
BOSCHLTD_F2,29-11-2023,13:34:00,21556.3008,21556.3008,21556.3008,21556.3008,50,109250
BOSCHLTD_F2,29-11-2023,13:35:00,21540.8008,21540.8008,21540.8008,21540.8008,100,109250
BOSCHLTD_F2,29-11-2023,13:39:00,21531.0996,21535.0,21530.0996,21530.0996,450,109550
BOSCHLTD_F2,29-11-2023,13:40:00,21521.0,21521.0,21508.5,21508.5,450,109550
BOSCHLTD_F2,29-11-2023,13:41:00,21508.4492,21515.75,21508.4492,21515.75,350,109550
BOSCHLTD_F2,29-11-2023,13:43:00,21515.8008,21521.3496,21515.8008,21521.3496,150,109800
BOSCHLTD_F2,29-11-2023,13:44:00,21521.3496,21521.3496,21521.3496,21521.3496,100,109800
BOSCHLTD_F2,29-11-2023,13:47:00,21524.8008,21524.8008,21524.8008,21524.8008,250,109900
BOSCHLTD_F2,29-11-2023,13:48:00,21545.4492,21548.0,21530.1504,21530.1504,550,110050
BOSCHLTD_F2,29-11-2023,13:51:00,21543.3008,21543.3008,21543.3008,21543.3008,50,110050
BOSCHLTD_F2,29-11-2023,13:52:00,21543.3008,21543.3008,21534.0508,21534.0508,900,110050
BOSCHLTD_F2,29-11-2023,13:53:00,21528.0,21528.0,21510.3496,21510.3496,300,110050
BOSCHLTD_F2,29-11-2023,13:54:00,21523.1504,21523.1504,21523.1504,21523.1504,100,110900
BOSCHLTD_F2,29-11-2023,13:56:00,21523.1504,21523.1504,21520.0,21520.0,150,110900
BOSCHLTD_F2,29-11-2023,13:57:00,21510.0508,21510.0508,21510.0508,21510.0508,250,110950
BOSCHLTD_F2,29-11-2023,13:58:00,21518.6992,21518.6992,21518.5,21518.5,100,110950
BOSCHLTD_F2,29-11-2023,13:59:00,21518.5,21518.5,21518.5,21518.5,50,110950
BOSCHLTD_F2,29-11-2023,14:00:00,21515.0,21515.0,21515.0,21515.0,50,110950
BOSCHLTD_F2,29-11-2023,14:03:00,21519.4492,21519.4492,21519.4492,21519.4492,50,110950
BOSCHLTD_F2,29-11-2023,14:04:00,21509.8008,21509.8008,21509.8008,21509.8008,200,110950
BOSCHLTD_F2,29-11-2023,14:05:00,21508.5,21508.5,21508.5,21508.5,300,110950
BOSCHLTD_F2,29-11-2023,14:06:00,21508.5,21508.5,21508.5,21508.5,50,110950
BOSCHLTD_F2,29-11-2023,14:08:00,21538.8008,21538.8008,21537.1992,21537.1992,350,111300
BOSCHLTD_F2,29-11-2023,14:10:00,21537.1992,21537.1992,21537.1992,21537.1992,50,111300
BOSCHLTD_F2,29-11-2023,14:12:00,21537.1992,21537.1992,21537.1992,21537.1992,50,111300
BOSCHLTD_F2,29-11-2023,14:13:00,21537.25,21537.25,21537.25,21537.25,50,111400
BOSCHLTD_F2,29-11-2023,14:14:00,21541.8496,21541.8496,21541.8496,21541.8496,100,111400
BOSCHLTD_F2,29-11-2023,14:15:00,21561.6504,21561.6504,21561.6504,21561.6504,50,111400
BOSCHLTD_F2,29-11-2023,14:16:00,21552.1504,21552.1504,21552.1504,21552.1504,50,111500
BOSCHLTD_F2,29-11-2023,14:18:00,21555.0,21555.0,21555.0,21555.0,50,111500
BOSCHLTD_F2,29-11-2023,14:19:00,21565.0996,21565.0996,21565.0996,21565.0996,150,111550
BOSCHLTD_F2,29-11-2023,14:20:00,21565.0996,21565.0996,21562.0996,21562.0996,200,111550
BOSCHLTD_F2,29-11-2023,14:22:00,21562.0996,21562.0996,21562.0996,21562.0996,50,111750
BOSCHLTD_F2,29-11-2023,14:23:00,21549.5996,21552.4004,21540.0,21552.4004,850,111750
BOSCHLTD_F2,29-11-2023,14:24:00,21556.9004,21556.9004,21550.8008,21550.8008,200,112000
BOSCHLTD_F2,29-11-2023,14:25:00,21554.0508,21554.0508,21554.0508,21554.0508,200,112000
BOSCHLTD_F2,29-11-2023,14:26:00,21554.0508,21554.0508,21554.0508,21554.0508,100,112000
BOSCHLTD_F2,29-11-2023,14:27:00,21554.0508,21554.0508,21554.0508,21554.0508,50,112100
BOSCHLTD_F2,29-11-2023,14:28:00,21552.8496,21552.8496,21552.8496,21552.8496,100,112100
BOSCHLTD_F2,29-11-2023,14:29:00,21581.0,21589.3496,21562.6992,21589.3496,450,112100
BOSCHLTD_F2,29-11-2023,14:30:00,21615.6504,21660.4004,21615.6504,21660.4004,350,112100
BOSCHLTD_F2,29-11-2023,14:31:00,21639.25,21689.9492,21627.0,21689.9492,950,112100
BOSCHLTD_F2,29-11-2023,14:32:00,21689.9492,21747.0,21689.9492,21747.0,1250,112100
BOSCHLTD_F2,29-11-2023,14:33:00,21747.0,21747.0,21700.0,21700.0,500,113000
BOSCHLTD_F2,29-11-2023,14:34:00,21675.0,21675.0,21649.5996,21649.5996,750,113000
BOSCHLTD_F2,29-11-2023,14:37:00,21630.0508,21644.3008,21630.0508,21630.4004,350,113350
BOSCHLTD_F2,29-11-2023,14:38:00,21624.0,21624.0,21592.1504,21619.3008,800,113350
BOSCHLTD_F2,29-11-2023,14:39:00,21618.3008,21618.3008,21611.5508,21611.5508,100,113350
BOSCHLTD_F2,29-11-2023,14:40:00,21611.5508,21611.5508,21611.5508,21611.5508,50,113750
BOSCHLTD_F2,29-11-2023,14:41:00,21611.5508,21611.5508,21611.5508,21611.5508,100,113750
BOSCHLTD_F2,29-11-2023,14:42:00,21603.5996,21604.1504,21603.5996,21604.1504,150,113750
BOSCHLTD_F2,29-11-2023,14:43:00,21604.1504,21644.3008,21604.1504,21644.3008,400,113850
BOSCHLTD_F2,29-11-2023,14:44:00,21643.1504,21643.1504,21643.1504,21643.1504,200,113850
BOSCHLTD_F2,29-11-2023,14:45:00,21640.1992,21644.1992,21640.1992,21644.1992,200,113850
BOSCHLTD_F2,29-11-2023,14:46:00,21638.1504,21638.1504,21638.1504,21638.1504,100,113950
BOSCHLTD_F2,29-11-2023,14:47:00,21638.0508,21638.0508,21638.0508,21638.0508,100,113950
BOSCHLTD_F2,29-11-2023,14:48:00,21640.0,21647.8008,21624.1992,21624.1992,350,114050
BOSCHLTD_F2,29-11-2023,14:49:00,21638.4492,21736.1504,21638.4492,21736.1504,750,114050
BOSCHLTD_F2,29-11-2023,14:50:00,21780.25,21780.25,21741.0,21762.0996,1450,114050
BOSCHLTD_F2,29-11-2023,14:51:00,21780.25,21839.9492,21723.4492,21796.0508,1850,114650
BOSCHLTD_F2,29-11-2023,14:52:00,21796.0508,21840.0,21796.0508,21840.0,850,114650
BOSCHLTD_F2,29-11-2023,14:53:00,21838.9492,21838.9492,21773.1504,21783.6992,650,114650
BOSCHLTD_F2,29-11-2023,14:54:00,21775.0,21775.0,21741.1992,21765.3496,300,115250
BOSCHLTD_F2,29-11-2023,14:55:00,21765.3496,21770.0,21723.0,21723.0,1150,115250
BOSCHLTD_F2,29-11-2023,14:56:00,21723.0,21723.0,21700.0,21710.0,600,115250
BOSCHLTD_F2,29-11-2023,14:57:00,21685.5,21692.1992,21681.0,21681.0,200,116300
BOSCHLTD_F2,29-11-2023,14:58:00,21681.0,21685.8008,21666.6992,21684.9004,350,116300
BOSCHLTD_F2,29-11-2023,14:59:00,21684.9004,21684.9004,21653.75,21653.75,350,116300
BOSCHLTD_F2,29-11-2023,15:00:00,21658.3008,21658.3008,21635.0,21652.1504,450,116650
BOSCHLTD_F2,29-11-2023,15:01:00,21652.25,21652.25,21638.8496,21638.8496,100,116650
BOSCHLTD_F2,29-11-2023,15:02:00,21649.4492,21690.9492,21645.9004,21678.4004,1000,116650
BOSCHLTD_F2,29-11-2023,15:03:00,21684.25,21684.25,21683.9004,21683.9492,150,117100
BOSCHLTD_F2,29-11-2023,15:04:00,21689.3008,21716.1504,21689.3008,21716.1504,500,117100
BOSCHLTD_F2,29-11-2023,15:06:00,21701.9004,21701.9004,21701.9004,21701.9004,200,117500
BOSCHLTD_F2,29-11-2023,15:07:00,21701.9004,21701.9004,21701.9004,21701.9004,100,117500
BOSCHLTD_F2,29-11-2023,15:08:00,21675.5,21675.5,21675.5,21675.5,100,117500
BOSCHLTD_F2,29-11-2023,15:09:00,21680.0,21700.0,21680.0,21700.0,300,117500
BOSCHLTD_F2,29-11-2023,15:10:00,21707.1992,21707.1992,21690.0,21690.0,150,117500
BOSCHLTD_F2,29-11-2023,15:11:00,21679.0996,21693.6504,21679.0996,21682.1504,250,117500
BOSCHLTD_F2,29-11-2023,15:12:00,21696.8008,21696.8008,21696.8008,21696.8008,150,118000
BOSCHLTD_F2,29-11-2023,15:13:00,21698.4004,21701.4004,21698.4004,21701.4004,100,118000
BOSCHLTD_F2,29-11-2023,15:14:00,21700.0,21713.1992,21695.75,21709.0508,500,118000
BOSCHLTD_F2,29-11-2023,15:15:00,21709.0508,21724.0,21709.0508,21724.0,150,118000
BOSCHLTD_F2,29-11-2023,15:16:00,21703.8496,21703.8496,21703.8496,21703.8496,50,118000
BOSCHLTD_F2,29-11-2023,15:17:00,21703.4004,21713.0996,21694.1992,21694.1992,650,118000
BOSCHLTD_F2,29-11-2023,15:18:00,21709.5,21719.9004,21698.0,21719.9004,300,118350
BOSCHLTD_F2,29-11-2023,15:19:00,21725.3008,21730.3496,21709.75,21709.75,500,118350
BOSCHLTD_F2,29-11-2023,15:20:00,21700.0,21736.9004,21693.9004,21736.8008,1250,118350
BOSCHLTD_F2,29-11-2023,15:22:00,21734.8496,21734.8496,21723.1992,21728.8496,150,117850
BOSCHLTD_F2,29-11-2023,15:23:00,21723.1504,21729.8496,21723.0,21729.8496,150,117850
BOSCHLTD_F2,29-11-2023,15:24:00,21725.5,21735.0,21725.5,21734.5996,600,117900
BOSCHLTD_F2,29-11-2023,15:25:00,21712.4492,21712.4492,21693.8008,21697.5,350,117900
BOSCHLTD_F2,29-11-2023,15:26:00,21704.75,21737.9492,21700.0508,21730.0996,550,117900
BOSCHLTD_F2,29-11-2023,15:27:00,21720.5,21736.9492,21700.0,21706.4004,700,117900
BOSCHLTD_F2,29-11-2023,15:28:00,21670.0,21701.3008,21670.0,21701.3008,1300,117900
BOSCHLTD_F2,29-11-2023,15:29:00,21718.5,21723.5508,21662.4004,21662.4004,650,117900
BOSCHLTD_F2,30-11-2023,09:15:00,21680.0,21715.4492,21680.0,21715.4492,252,114550
BOSCHLTD_F2,30-11-2023,09:16:00,21727.6992,21804.8496,21727.6992,21804.8496,500,114550
BOSCHLTD_F2,30-11-2023,09:17:00,21804.1992,21804.1992,21764.0,21764.0,150,114550
BOSCHLTD_F2,30-11-2023,09:18:00,21756.0996,21804.0,21756.0996,21804.0,1250,114600
BOSCHLTD_F2,30-11-2023,09:19:00,21780.6992,21780.6992,21780.6992,21780.6992,100,114600
BOSCHLTD_F2,30-11-2023,09:20:00,21780.0,21780.0,21750.0,21750.0,450,115400
BOSCHLTD_F2,30-11-2023,09:22:00,21715.0,21715.0,21715.0,21715.0,200,115400
BOSCHLTD_F2,30-11-2023,09:24:00,21710.0,21710.0,21710.0,21710.0,200,115500
BOSCHLTD_F2,30-11-2023,09:25:00,21703.25,21703.25,21703.25,21703.25,50,115500
BOSCHLTD_F2,30-11-2023,09:26:00,21723.75,21723.75,21723.75,21723.75,50,115500
BOSCHLTD_F2,30-11-2023,09:28:00,21707.0,21707.0,21707.0,21707.0,150,115400
BOSCHLTD_F2,30-11-2023,09:29:00,21685.0,21685.0,21680.0,21680.0,300,115400
BOSCHLTD_F2,30-11-2023,09:30:00,21687.5996,21687.5996,21687.5996,21687.5996,100,115750
BOSCHLTD_F2,30-11-2023,09:33:00,21700.0,21700.0,21700.0,21700.0,100,115750
BOSCHLTD_F2,30-11-2023,09:35:00,21685.1992,21685.1992,21678.8008,21678.8008,350,115750
BOSCHLTD_F2,30-11-2023,09:36:00,21678.8008,21678.8008,21678.8008,21678.8008,50,115800
BOSCHLTD_F2,30-11-2023,09:38:00,21684.0,21684.0,21684.0,21684.0,100,115800
BOSCHLTD_F2,30-11-2023,09:40:00,21670.0,21670.0,21670.0,21670.0,100,115800
BOSCHLTD_F2,30-11-2023,09:41:00,21670.0,21670.0,21670.0,21670.0,250,115800
BOSCHLTD_F2,30-11-2023,09:42:00,21689.5,21689.5,21689.5,21689.5,50,115850
BOSCHLTD_F2,30-11-2023,09:43:00,21700.0,21700.0,21700.0,21700.0,50,115850
BOSCHLTD_F2,30-11-2023,09:44:00,21700.0,21700.0,21700.0,21700.0,50,115850
BOSCHLTD_F2,30-11-2023,09:46:00,21693.1504,21693.1504,21693.1504,21693.1504,50,115950
BOSCHLTD_F2,30-11-2023,09:47:00,21706.75,21706.75,21706.75,21706.75,250,115950
BOSCHLTD_F2,30-11-2023,09:49:00,21691.8496,21691.8496,21691.8496,21691.8496,350,116050
BOSCHLTD_F2,30-11-2023,09:50:00,21687.0,21687.0,21660.0,21660.0,2750,116050
BOSCHLTD_F2,30-11-2023,09:51:00,21650.0,21650.0,21650.0,21650.0,100,116900
BOSCHLTD_F2,30-11-2023,09:52:00,21631.4492,21631.4492,21631.4492,21631.4492,250,116900
BOSCHLTD_F2,30-11-2023,09:53:00,21626.0508,21626.0508,21626.0508,21626.0508,50,116900
BOSCHLTD_F2,30-11-2023,09:55:00,21623.0,21623.0,21623.0,21623.0,400,117050
BOSCHLTD_F2,30-11-2023,09:57:00,21623.0,21650.0,21623.0,21650.0,200,117250
BOSCHLTD_F2,30-11-2023,09:58:00,21654.1504,21654.1504,21654.1504,21654.1504,100,117250
BOSCHLTD_F2,30-11-2023,09:59:00,21650.1992,21650.1992,21650.1992,21650.1992,100,117250
BOSCHLTD_F2,30-11-2023,10:00:00,21678.0,21678.0,21678.0,21678.0,100,117050
BOSCHLTD_F2,30-11-2023,10:01:00,21685.0508,21685.0508,21685.0508,21685.0508,400,117050
BOSCHLTD_F2,30-11-2023,10:02:00,21681.6992,21681.6992,21681.6992,21681.6992,50,117050
BOSCHLTD_F2,30-11-2023,10:03:00,21650.0,21650.0,21650.0,21650.0,200,117100
BOSCHLTD_F2,30-11-2023,10:04:00,21668.8496,21668.8496,21661.6992,21661.6992,100,117100
BOSCHLTD_F2,30-11-2023,10:06:00,21666.0,21666.0,21666.0,21666.0,200,117250
BOSCHLTD_F2,30-11-2023,10:08:00,21665.3496,21665.3496,21651.4004,21651.4004,200,117250
BOSCHLTD_F2,30-11-2023,10:10:00,21681.0996,21681.0996,21679.9492,21679.9492,100,117250
BOSCHLTD_F2,30-11-2023,10:12:00,21646.25,21646.25,21646.25,21646.25,200,117250
BOSCHLTD_F2,30-11-2023,10:13:00,21647.5996,21647.5996,21647.5996,21647.5996,100,117250
BOSCHLTD_F2,30-11-2023,10:14:00,21645.0,21645.0,21645.0,21645.0,200,117250
BOSCHLTD_F2,30-11-2023,10:15:00,21645.1992,21645.1992,21645.1992,21645.1992,50,117100
BOSCHLTD_F2,30-11-2023,10:16:00,21650.0,21650.0,21650.0,21650.0,250,117100
BOSCHLTD_F2,30-11-2023,10:17:00,21640.1992,21663.75,21640.1992,21663.75,250,117100
BOSCHLTD_F2,30-11-2023,10:18:00,21663.75,21663.75,21663.75,21663.75,50,117300
BOSCHLTD_F2,30-11-2023,10:19:00,21699.1504,21699.1504,21699.1504,21699.1504,350,117300
BOSCHLTD_F2,30-11-2023,10:20:00,21694.5,21703.3496,21694.5,21703.3496,200,117300
BOSCHLTD_F2,30-11-2023,10:21:00,21685.9004,21685.9004,21685.9004,21685.9004,50,117150
BOSCHLTD_F2,30-11-2023,10:23:00,21685.9004,21685.9004,21685.9004,21685.9004,100,117150
BOSCHLTD_F2,30-11-2023,10:25:00,21685.9004,21700.8496,21685.9004,21700.8496,350,117250
BOSCHLTD_F2,30-11-2023,10:26:00,21682.9492,21682.9492,21682.9492,21682.9492,100,117250
BOSCHLTD_F2,30-11-2023,10:27:00,21682.3496,21685.75,21655.0508,21664.3008,3000,117350
BOSCHLTD_F2,30-11-2023,10:29:00,21650.0,21650.0,21650.0,21650.0,100,117350
BOSCHLTD_F2,30-11-2023,10:36:00,21659.4492,21659.4492,21659.4492,21659.4492,100,118050
BOSCHLTD_F2,30-11-2023,10:38:00,21691.5,21691.5,21678.25,21678.25,100,118050
BOSCHLTD_F2,30-11-2023,10:40:00,21653.4492,21653.4492,21653.4492,21653.4492,100,118050
BOSCHLTD_F2,30-11-2023,10:41:00,21650.0,21650.0,21650.0,21650.0,100,118050
BOSCHLTD_F2,30-11-2023,10:43:00,21678.5996,21678.5996,21678.5996,21678.5996,100,118250
BOSCHLTD_F2,30-11-2023,10:45:00,21678.5996,21678.5996,21678.5996,21678.5996,50,118200
BOSCHLTD_F2,30-11-2023,10:46:00,21682.5508,21682.5508,21672.8496,21679.6992,850,118200
BOSCHLTD_F2,30-11-2023,10:47:00,21693.25,21693.25,21693.25,21693.25,150,118200
BOSCHLTD_F2,30-11-2023,10:48:00,21717.4004,21717.4004,21717.4004,21717.4004,800,118150
BOSCHLTD_F2,30-11-2023,10:49:00,21706.0,21706.0,21689.25,21689.25,150,118150
BOSCHLTD_F2,30-11-2023,10:50:00,21732.25,21765.0,21732.25,21765.0,500,118150
BOSCHLTD_F2,30-11-2023,10:51:00,21765.0,21765.0,21765.0,21765.0,50,118500
BOSCHLTD_F2,30-11-2023,10:53:00,21777.0,21777.0,21745.0508,21745.0508,200,118500
BOSCHLTD_F2,30-11-2023,10:55:00,21746.0996,21755.9492,21727.5,21727.5,250,118550
BOSCHLTD_F2,30-11-2023,10:58:00,21727.5,21727.5,21727.5,21727.5,50,118700
BOSCHLTD_F2,30-11-2023,11:00:00,21749.0508,21749.0508,21748.0996,21748.0996,100,118750
BOSCHLTD_F2,30-11-2023,11:01:00,21749.25,21749.25,21749.25,21749.25,50,118750
BOSCHLTD_F2,30-11-2023,11:02:00,21755.5,21780.0,21750.1504,21750.1504,200,118750
BOSCHLTD_F2,30-11-2023,11:03:00,21749.1504,21749.1504,21749.1504,21749.1504,100,118850
BOSCHLTD_F2,30-11-2023,11:05:00,21784.0996,21784.0996,21755.25,21755.25,150,118850
BOSCHLTD_F2,30-11-2023,11:06:00,21755.25,21755.25,21755.25,21755.25,200,118900
BOSCHLTD_F2,30-11-2023,11:07:00,21760.6992,21784.4004,21760.6992,21784.4004,150,118900
BOSCHLTD_F2,30-11-2023,11:08:00,21794.3008,21794.3008,21794.3008,21794.3008,50,118900
BOSCHLTD_F2,30-11-2023,11:11:00,21794.3008,21794.3008,21794.3008,21794.3008,1250,119000
BOSCHLTD_F2,30-11-2023,11:12:00,21780.1504,21780.1504,21776.0508,21776.0508,200,120100
BOSCHLTD_F2,30-11-2023,11:14:00,21776.0508,21776.0508,21776.0508,21776.0508,550,120100
BOSCHLTD_F2,30-11-2023,11:15:00,21771.25,21771.25,21768.9004,21768.9004,250,120250
BOSCHLTD_F2,30-11-2023,11:16:00,21788.25,21788.25,21775.9492,21775.9492,1750,120250
BOSCHLTD_F2,30-11-2023,11:19:00,21775.4492,21775.4492,21775.4492,21775.4492,50,120500
BOSCHLTD_F2,30-11-2023,11:20:00,21781.75,21781.75,21781.75,21781.75,150,120500
BOSCHLTD_F2,30-11-2023,11:21:00,21783.9004,21783.9004,21775.0996,21775.0996,100,120450
BOSCHLTD_F2,30-11-2023,11:22:00,21774.3496,21774.3496,21753.4004,21753.4004,1950,120450
BOSCHLTD_F2,30-11-2023,11:23:00,21750.0,21750.0,21724.5508,21724.5508,1050,120450
BOSCHLTD_F2,30-11-2023,11:26:00,21732.8008,21749.0,21732.8008,21749.0,400,121850
BOSCHLTD_F2,30-11-2023,11:27:00,21769.0508,21769.0508,21769.0508,21769.0508,50,121850
BOSCHLTD_F2,30-11-2023,11:29:00,21780.0,21780.0,21780.0,21780.0,100,121850
BOSCHLTD_F2,30-11-2023,11:30:00,21773.5508,21790.0,21773.5508,21790.0,150,121900
BOSCHLTD_F2,30-11-2023,11:31:00,21782.9004,21794.1504,21782.9004,21794.1504,150,121900
BOSCHLTD_F2,30-11-2023,11:32:00,21794.1504,21794.1504,21790.0,21790.0,250,121900
BOSCHLTD_F2,30-11-2023,11:33:00,21775.0,21775.0,21732.4004,21732.4004,300,122150
BOSCHLTD_F2,30-11-2023,11:34:00,21732.4004,21732.4004,21732.4004,21732.4004,50,122150
BOSCHLTD_F2,30-11-2023,11:35:00,21732.3496,21732.3496,21732.3496,21732.3496,650,122150
BOSCHLTD_F2,30-11-2023,11:36:00,21745.0508,21745.0508,21745.0508,21745.0508,200,122300
BOSCHLTD_F2,30-11-2023,11:42:00,21774.4004,21774.4004,21774.4004,21774.4004,50,122350
BOSCHLTD_F2,30-11-2023,11:45:00,21753.4492,21753.4492,21748.25,21748.25,200,122350
BOSCHLTD_F2,30-11-2023,11:47:00,21742.6992,21742.6992,21742.6992,21742.6992,50,122350
BOSCHLTD_F2,30-11-2023,11:51:00,21744.75,21744.75,21744.75,21744.75,250,122250
BOSCHLTD_F2,30-11-2023,11:53:00,21744.75,21744.75,21744.75,21744.75,50,122250
BOSCHLTD_F2,30-11-2023,11:57:00,21744.75,21744.75,21744.75,21744.75,50,122250
BOSCHLTD_F2,30-11-2023,11:59:00,21741.9004,21741.9004,21720.4492,21720.4492,350,122250
BOSCHLTD_F2,30-11-2023,12:00:00,21718.3496,21718.3496,21718.3496,21718.3496,50,122400
BOSCHLTD_F2,30-11-2023,12:05:00,21718.3496,21718.3496,21718.3496,21718.3496,50,122400
BOSCHLTD_F2,30-11-2023,12:06:00,21718.3496,21718.3496,21718.3496,21718.3496,50,122400
BOSCHLTD_F2,30-11-2023,12:10:00,21718.3496,21718.3496,21718.3496,21718.3496,50,122450
BOSCHLTD_F2,30-11-2023,12:11:00,21713.0508,21713.0508,21677.1504,21677.1504,600,122450
BOSCHLTD_F2,30-11-2023,12:13:00,21677.1504,21677.1504,21677.1504,21677.1504,50,122550
BOSCHLTD_F2,30-11-2023,12:14:00,21677.1504,21677.1504,21677.1504,21677.1504,50,122550
BOSCHLTD_F2,30-11-2023,12:16:00,21699.6504,21700.0,21699.6504,21700.0,100,122600
BOSCHLTD_F2,30-11-2023,12:17:00,21700.0,21700.0,21692.4004,21692.4004,300,122600
BOSCHLTD_F2,30-11-2023,12:18:00,21680.5508,21692.25,21680.5508,21692.25,400,122850
BOSCHLTD_F2,30-11-2023,12:20:00,21692.25,21692.25,21692.25,21692.25,100,122850
BOSCHLTD_F2,30-11-2023,12:22:00,21695.0,21695.0,21695.0,21695.0,50,123100
BOSCHLTD_F2,30-11-2023,12:23:00,21706.0,21706.0,21706.0,21706.0,350,123100
BOSCHLTD_F2,30-11-2023,12:24:00,21732.6992,21732.6992,21732.6992,21732.6992,100,123000
BOSCHLTD_F2,30-11-2023,12:27:00,21740.0,21740.0,21733.5508,21733.5508,200,123000
BOSCHLTD_F2,30-11-2023,12:29:00,21733.5508,21733.5508,21733.5508,21733.5508,50,123150
BOSCHLTD_F2,30-11-2023,12:30:00,21695.6504,21695.6504,21695.6504,21695.6504,50,123200
BOSCHLTD_F2,30-11-2023,12:33:00,21702.8496,21702.8496,21702.8496,21702.8496,50,123200
BOSCHLTD_F2,30-11-2023,12:36:00,21680.0,21680.0,21680.0,21680.0,50,123250
BOSCHLTD_F2,30-11-2023,12:38:00,21700.75,21700.75,21700.75,21700.75,100,123250
BOSCHLTD_F2,30-11-2023,12:39:00,21710.5,21710.5,21700.0,21700.0,400,123300
BOSCHLTD_F2,30-11-2023,12:40:00,21704.9004,21704.9004,21704.9004,21704.9004,100,123300
BOSCHLTD_F2,30-11-2023,12:47:00,21712.9004,21712.9004,21712.9004,21712.9004,150,123650
BOSCHLTD_F2,30-11-2023,12:49:00,21706.0508,21723.6504,21706.0508,21723.6504,200,123750
BOSCHLTD_F2,30-11-2023,12:51:00,21709.9004,21709.9004,21709.9004,21709.9004,50,123750
BOSCHLTD_F2,30-11-2023,12:53:00,21709.9004,21709.9004,21709.9004,21709.9004,50,123850
BOSCHLTD_F2,30-11-2023,12:58:00,21725.0,21725.0,21724.6992,21724.6992,200,123850
BOSCHLTD_F2,30-11-2023,12:59:00,21700.0996,21700.0996,21697.5,21697.5,600,123850
BOSCHLTD_F2,30-11-2023,13:00:00,21696.6504,21696.6504,21680.0,21680.0,300,123850
BOSCHLTD_F2,30-11-2023,13:01:00,21666.0508,21666.0508,21666.0,21666.0,150,124200
BOSCHLTD_F2,30-11-2023,13:03:00,21666.0,21666.0,21666.0,21666.0,150,124050
BOSCHLTD_F2,30-11-2023,13:04:00,21666.0,21670.0,21666.0,21670.0,100,124050
BOSCHLTD_F2,30-11-2023,13:05:00,21670.0,21670.0,21670.0,21670.0,100,124050
BOSCHLTD_F2,30-11-2023,13:06:00,21670.0,21670.0,21670.0,21670.0,50,124350
BOSCHLTD_F2,30-11-2023,13:07:00,21670.0,21670.0,21670.0,21670.0,200,124350
BOSCHLTD_F2,30-11-2023,13:08:00,21670.0,21670.0,21660.0,21660.0,100,124350
BOSCHLTD_F2,30-11-2023,13:09:00,21679.4004,21679.4004,21679.4004,21679.4004,50,124250
BOSCHLTD_F2,30-11-2023,13:10:00,21683.5508,21683.5508,21683.5508,21683.5508,200,124250
BOSCHLTD_F2,30-11-2023,13:15:00,21676.4492,21676.4492,21676.4492,21676.4492,150,124350
BOSCHLTD_F2,30-11-2023,13:16:00,21676.5,21676.5,21676.5,21676.5,350,124450
BOSCHLTD_F2,30-11-2023,13:18:00,21676.4492,21676.4492,21676.4492,21676.4492,50,124550
BOSCHLTD_F2,30-11-2023,13:20:00,21679.75,21679.75,21679.75,21679.75,300,124550
BOSCHLTD_F2,30-11-2023,13:22:00,21679.75,21679.75,21679.75,21679.75,50,124550
BOSCHLTD_F2,30-11-2023,13:23:00,21696.6504,21696.6504,21696.6504,21696.6504,50,124550
BOSCHLTD_F2,30-11-2023,13:27:00,21733.5996,21733.5996,21733.5996,21733.5996,100,124650
BOSCHLTD_F2,30-11-2023,13:28:00,21733.5996,21733.5996,21733.5996,21733.5996,300,124600
BOSCHLTD_F2,30-11-2023,13:29:00,21733.5996,21733.5996,21733.5996,21733.5996,300,124600
BOSCHLTD_F2,30-11-2023,13:30:00,21733.5996,21733.5996,21733.5996,21733.5996,100,124600
BOSCHLTD_F2,30-11-2023,13:32:00,21725.0,21725.0,21725.0,21725.0,50,124850
BOSCHLTD_F2,30-11-2023,13:33:00,21725.0,21725.0,21725.0,21725.0,150,124850
BOSCHLTD_F2,30-11-2023,13:35:00,21715.5996,21715.5996,21715.5996,21715.5996,150,124850
BOSCHLTD_F2,30-11-2023,13:36:00,21739.9492,21739.9492,21739.9492,21739.9492,200,124850
BOSCHLTD_F2,30-11-2023,13:37:00,21738.75,21738.75,21738.75,21738.75,50,125050
BOSCHLTD_F2,30-11-2023,13:38:00,21738.75,21738.75,21738.75,21738.75,50,125050
BOSCHLTD_F2,30-11-2023,13:39:00,21738.75,21738.75,21738.75,21738.75,150,125100
BOSCHLTD_F2,30-11-2023,13:41:00,21750.8008,21750.8008,21750.8008,21750.8008,50,125100
BOSCHLTD_F2,30-11-2023,13:42:00,21739.9492,21740.1504,21721.1504,21721.1504,350,125200
BOSCHLTD_F2,30-11-2023,13:43:00,21721.1504,21721.1504,21721.1504,21721.1504,150,125200
BOSCHLTD_F2,30-11-2023,13:44:00,21737.5508,21737.5508,21726.5,21726.5,150,125200
BOSCHLTD_F2,30-11-2023,13:45:00,21740.0,21740.0,21740.0,21740.0,100,125200
BOSCHLTD_F2,30-11-2023,13:46:00,21760.25,21779.5,21760.25,21779.5,1550,125550
BOSCHLTD_F2,30-11-2023,13:48:00,21774.5996,21774.5996,21774.5996,21774.5996,1850,125550
BOSCHLTD_F2,30-11-2023,13:52:00,21750.5508,21760.0,21750.5508,21760.0,100,126800
BOSCHLTD_F2,30-11-2023,13:54:00,21747.4492,21750.0,21747.4492,21750.0,350,126800
BOSCHLTD_F2,30-11-2023,13:56:00,21738.5,21738.5,21738.5,21738.5,200,126800
BOSCHLTD_F2,30-11-2023,13:57:00,21740.0,21740.0,21740.0,21740.0,50,126800
BOSCHLTD_F2,30-11-2023,13:58:00,21739.5,21739.5,21739.5,21739.5,850,126700
BOSCHLTD_F2,30-11-2023,13:59:00,21730.3008,21746.6992,21730.3008,21746.6992,200,126700
BOSCHLTD_F2,30-11-2023,14:00:00,21730.0,21730.0,21730.0,21730.0,450,127000
BOSCHLTD_F2,30-11-2023,14:01:00,21730.0,21730.0,21730.0,21730.0,50,127000
BOSCHLTD_F2,30-11-2023,14:02:00,21721.1504,21723.1504,21721.1504,21723.1504,350,127000
BOSCHLTD_F2,30-11-2023,14:03:00,21720.1992,21720.1992,21720.1992,21720.1992,50,127000
BOSCHLTD_F2,30-11-2023,14:04:00,21720.1992,21720.1992,21720.0508,21720.0508,200,127100
BOSCHLTD_F2,30-11-2023,14:06:00,21729.9004,21729.9004,21729.9004,21729.9004,200,127150
BOSCHLTD_F2,30-11-2023,14:11:00,21726.6992,21739.9492,21726.6992,21739.9492,700,127250
BOSCHLTD_F2,30-11-2023,14:15:00,21739.3008,21739.3008,21739.3008,21739.3008,250,127250
BOSCHLTD_F2,30-11-2023,14:16:00,21739.3008,21739.3008,21739.3008,21739.3008,50,127700
BOSCHLTD_F2,30-11-2023,14:17:00,21745.0,21745.0,21735.6992,21735.6992,150,127700
BOSCHLTD_F2,30-11-2023,14:18:00,21745.0,21772.8496,21737.4492,21772.8496,300,127750
BOSCHLTD_F2,30-11-2023,14:19:00,21753.9492,21753.9492,21753.9492,21753.9492,200,127750
BOSCHLTD_F2,30-11-2023,14:22:00,21753.9492,21753.9492,21753.9492,21753.9492,150,127850
BOSCHLTD_F2,30-11-2023,14:24:00,21720.5,21720.5,21720.5,21720.5,100,128000
BOSCHLTD_F2,30-11-2023,14:26:00,21730.0,21730.0,21730.0,21730.0,50,128000
BOSCHLTD_F2,30-11-2023,14:27:00,21714.1992,21714.1992,21714.1992,21714.1992,300,127950
BOSCHLTD_F2,30-11-2023,14:29:00,21711.0996,21711.0996,21711.0996,21711.0996,50,127950
BOSCHLTD_F2,30-11-2023,14:30:00,21711.9004,21711.9004,21711.9004,21711.9004,300,128250
BOSCHLTD_F2,30-11-2023,14:32:00,21710.0,21710.0,21710.0,21710.0,50,128250
BOSCHLTD_F2,30-11-2023,14:33:00,21707.3496,21707.3496,21707.3496,21707.3496,1600,129550
BOSCHLTD_F2,30-11-2023,14:34:00,21742.8008,21742.8008,21742.8008,21742.8008,500,129550
BOSCHLTD_F2,30-11-2023,14:35:00,21742.8008,21742.8008,21742.8008,21742.8008,300,129550
BOSCHLTD_F2,30-11-2023,14:42:00,21733.3496,21733.3496,21733.3496,21733.3496,50,129550
BOSCHLTD_F2,30-11-2023,14:45:00,21725.0,21725.0,21725.0,21725.0,200,129550
BOSCHLTD_F2,30-11-2023,14:46:00,21725.0,21725.0,21715.0,21724.9492,300,129600
BOSCHLTD_F2,30-11-2023,14:47:00,21725.0,21725.0,21725.0,21725.0,100,129600
BOSCHLTD_F2,30-11-2023,14:48:00,21717.6504,21717.6504,21717.6504,21717.6504,150,129600
BOSCHLTD_F2,30-11-2023,14:50:00,21695.0,21695.0,21695.0,21695.0,450,129500
BOSCHLTD_F2,30-11-2023,14:51:00,21721.5508,21721.5996,21721.5508,21721.5996,250,129150
BOSCHLTD_F2,30-11-2023,14:54:00,21721.5996,21721.5996,21720.0,21720.0,200,129350
BOSCHLTD_F2,30-11-2023,14:55:00,21719.9492,21719.9492,21719.9492,21719.9492,200,129350
BOSCHLTD_F2,30-11-2023,14:56:00,21711.0,21711.0,21711.0,21711.0,50,129350
BOSCHLTD_F2,30-11-2023,14:58:00,21690.0,21690.0,21690.0,21690.0,50,129450
BOSCHLTD_F2,30-11-2023,15:00:00,21696.0,21696.0,21696.0,21696.0,50,129450
BOSCHLTD_F2,30-11-2023,15:01:00,21680.0,21680.0,21680.0,21680.0,200,129550
BOSCHLTD_F2,30-11-2023,15:03:00,21669.8008,21669.8008,21669.8008,21669.8008,50,129550
BOSCHLTD_F2,30-11-2023,15:04:00,21653.9492,21653.9492,21653.9492,21653.9492,50,129700
BOSCHLTD_F2,30-11-2023,15:05:00,21654.8496,21654.8496,21654.8496,21654.8496,50,129700
BOSCHLTD_F2,30-11-2023,15:06:00,21679.4492,21679.4492,21679.4492,21679.4492,450,129700
BOSCHLTD_F2,30-11-2023,15:08:00,21684.8008,21695.0,21684.8008,21695.0,450,129700
BOSCHLTD_F2,30-11-2023,15:09:00,21689.9004,21704.6992,21689.9004,21704.6992,100,129700
BOSCHLTD_F2,30-11-2023,15:10:00,21695.5,21695.5,21695.5,21695.5,400,130000
BOSCHLTD_F2,30-11-2023,15:12:00,21682.8496,21694.9004,21682.8496,21694.9004,650,130000
BOSCHLTD_F2,30-11-2023,15:13:00,21694.3496,21720.0,21694.3496,21708.6992,1050,130000
BOSCHLTD_F2,30-11-2023,15:14:00,21736.4492,21736.4492,21710.6992,21710.6992,550,130000
BOSCHLTD_F2,30-11-2023,15:16:00,21712.9492,21720.6504,21706.8496,21706.8496,750,129700
BOSCHLTD_F2,30-11-2023,15:17:00,21729.0508,21729.1992,21712.4492,21712.4492,400,129700
BOSCHLTD_F2,30-11-2023,15:18:00,21700.1504,21700.1504,21700.1504,21700.1504,200,129700
BOSCHLTD_F2,30-11-2023,15:20:00,21699.5508,21699.5996,21686.9492,21686.9492,200,130300
BOSCHLTD_F2,30-11-2023,15:21:00,21689.3008,21689.3008,21689.3008,21689.3008,350,130300
BOSCHLTD_F2,30-11-2023,15:22:00,21687.4004,21687.4004,21687.4004,21687.4004,150,130300
BOSCHLTD_F2,30-11-2023,15:23:00,21697.0996,21699.9004,21696.5,21699.9004,200,130300
BOSCHLTD_F2,30-11-2023,15:24:00,21699.9492,21699.9492,21699.9492,21699.9492,100,130300
BOSCHLTD_F2,30-11-2023,15:25:00,21700.0,21720.0,21700.0,21720.0,350,130250
BOSCHLTD_F2,30-11-2023,15:26:00,21715.0,21730.9004,21709.3008,21710.8496,350,130250
BOSCHLTD_F2,30-11-2023,15:27:00,21720.75,21740.0,21714.9492,21740.0,700,130650
BOSCHLTD_F2,30-11-2023,15:28:00,21766.5508,21776.8496,21735.5,21776.8496,200,130650
BOSCHLTD_F2,30-11-2023,15:29:00,21778.9492,21778.9492,21740.1992,21778.8496,600,130650
