<ticker>,<date>,<time>,<open>,<high>,<low>,<close>,<volume>,<OI> ,
ASIANPAINT_F3,06/01/2023,09:23:00,3260.8000,3260.8000,3260.8000,3260.8000,201,7800,
ASIANPAINT_F3,06/01/2023,09:25:00,3258.8000,3258.8000,3258.8000,3258.8000,1000,7800,
ASIANPAINT_F3,06/01/2023,09:31:00,3258.3999,3258.3999,3258.3999,3258.3999,200,8800,
ASIANPAINT_F3,06/01/2023,09:34:00,3258.3999,3258.3999,3258.3999,3258.3999,200,8600,
ASIANPAINT_F3,06/01/2023,09:35:00,3270.0000,3270.0000,3270.0000,3270.0000,600,8600,
ASIANPAINT_F3,06/01/2023,09:36:00,3276.0500,3276.0500,3276.0500,3276.0500,400,9400,
ASIANPAINT_F3,06/01/2023,09:40:00,3276.0000,3276.0000,3276.0000,3276.0000,800,9800,
ASIANPAINT_F3,06/01/2023,09:45:00,3275.0500,3275.0500,3275.0500,3275.0500,200,9800,
ASIANPAINT_F3,06/01/2023,09:48:00,3275.0000,3275.0000,3274.3000,3274.3000,400,10000,
ASIANPAINT_F3,06/01/2023,09:52:00,3280.0000,3280.0000,3280.0000,3280.0000,400,10200,
ASIANPAINT_F3,06/01/2023,09:56:00,3280.6499,3280.6499,3280.6499,3280.6499,200,10400,
ASIANPAINT_F3,06/01/2023,10:08:00,3280.6499,3280.6499,3280.6499,3280.6499,200,10400,
ASIANPAINT_F3,06/01/2023,10:09:00,3280.6499,3280.6499,3280.6499,3280.6499,200,10600,
ASIANPAINT_F3,06/01/2023,10:11:00,3279.0000,3279.0000,3279.0000,3279.0000,200,10600,
ASIANPAINT_F3,06/01/2023,10:19:00,3281.0000,3281.0000,3281.0000,3281.0000,200,11000,
ASIANPAINT_F3,06/01/2023,10:40:00,3281.0000,3281.0000,3281.0000,3281.0000,400,11000,
ASIANPAINT_F3,06/01/2023,10:51:00,3281.0000,3281.0000,3281.0000,3281.0000,200,10600,
ASIANPAINT_F3,06/01/2023,11:28:00,3275.0000,3275.0000,3275.0000,3275.0000,200,10400,
ASIANPAINT_F3,06/01/2023,12:09:00,3260.0000,3260.0000,3260.0000,3260.0000,200,10600,
ASIANPAINT_F3,06/01/2023,12:24:00,3265.0000,3265.0000,3265.0000,3265.0000,200,10600,
ASIANPAINT_F3,06/01/2023,12:31:00,3262.0000,3262.0000,3262.0000,3262.0000,200,10600,
ASIANPAINT_F3,06/01/2023,13:05:00,3255.5500,3255.5500,3255.5500,3255.5500,200,10600,
ASIANPAINT_F3,06/01/2023,14:30:00,3255.5500,3255.5500,3255.5500,3255.5500,200,10600,
ASIANPAINT_F3,06/01/2023,14:46:00,3265.9500,3265.9500,3265.9500,3265.9500,200,10800,
ASIANPAINT_F3,06/01/2023,14:58:00,3267.0000,3267.0000,3267.0000,3267.0000,200,10800,
ASIANPAINT_F3,06/01/2023,15:25:00,3269.0000,3269.0000,3269.0000,3269.0000,200,11000,
ASIANPAINT_F3,06/01/2023,15:26:00,3267.3000,3270.3501,3267.3000,3270.3501,400,11000,
ASIANPAINT_F3,06/02/2023,09:20:00,3256.0000,3256.0000,3256.0000,3256.0000,201,11000,
ASIANPAINT_F3,06/02/2023,09:27:00,3269.5000,3269.5000,3269.5000,3269.5000,200,11000,
ASIANPAINT_F3,06/02/2023,09:31:00,3276.3999,3276.3999,3276.3999,3276.3999,400,11200,
ASIANPAINT_F3,06/02/2023,09:32:00,3276.3999,3276.3999,3276.0000,3276.0000,1000,11400,
ASIANPAINT_F3,06/02/2023,09:35:00,3272.0000,3272.0000,3272.0000,3272.0000,200,11400,
ASIANPAINT_F3,06/02/2023,11:19:00,3280.0000,3280.0000,3280.0000,3280.0000,200,11400,
ASIANPAINT_F3,06/02/2023,13:04:00,3280.0000,3280.0000,3280.0000,3280.0000,200,11200,
ASIANPAINT_F3,06/02/2023,13:47:00,3274.3501,3274.3501,3274.3501,3274.3501,200,11400,
ASIANPAINT_F3,06/02/2023,14:11:00,3271.0000,3271.0000,3271.0000,3271.0000,200,11600,
ASIANPAINT_F3,06/02/2023,14:21:00,3265.0000,3265.0000,3265.0000,3265.0000,200,11800,
ASIANPAINT_F3,06/05/2023,09:28:00,3258.5500,3258.5500,3258.5500,3258.5500,201,11800,
ASIANPAINT_F3,06/05/2023,09:30:00,3250.0000,3250.0000,3250.0000,3250.0000,200,12000,
ASIANPAINT_F3,06/05/2023,09:35:00,3250.0000,3250.0000,3250.0000,3250.0000,200,12200,
ASIANPAINT_F3,06/05/2023,10:13:00,3256.0500,3256.0500,3256.0500,3256.0500,200,12000,
ASIANPAINT_F3,06/05/2023,10:18:00,3256.0500,3256.0500,3256.0500,3256.0500,200,12200,
ASIANPAINT_F3,06/05/2023,10:42:00,3252.3000,3252.3000,3252.3000,3252.3000,200,12400,
ASIANPAINT_F3,06/05/2023,11:10:00,3253.4500,3253.4500,3253.4500,3253.4500,400,12400,
ASIANPAINT_F3,06/05/2023,11:28:00,3256.3000,3256.3000,3256.3000,3256.3000,200,12400,
ASIANPAINT_F3,06/05/2023,12:26:00,3244.0000,3244.0000,3244.0000,3244.0000,200,12400,
ASIANPAINT_F3,06/05/2023,12:51:00,3240.0000,3240.0000,3240.0000,3240.0000,200,12600,
ASIANPAINT_F3,06/05/2023,12:56:00,3234.5000,3234.5000,3234.5000,3234.5000,200,12600,
ASIANPAINT_F3,06/05/2023,14:44:00,3234.5000,3234.5000,3234.5000,3234.5000,200,12400,
ASIANPAINT_F3,06/05/2023,15:01:00,3244.0000,3244.0000,3244.0000,3244.0000,2000,12600,
ASIANPAINT_F3,06/05/2023,15:09:00,3241.6001,3241.6001,3241.6001,3241.6001,600,14400,
ASIANPAINT_F3,06/06/2023,09:19:00,3252.0000,3252.0000,3252.0000,3252.0000,201,14400,
ASIANPAINT_F3,06/06/2023,09:30:00,3260.0000,3260.0000,3260.0000,3260.0000,200,14600,
ASIANPAINT_F3,06/06/2023,09:58:00,3260.0000,3260.0000,3260.0000,3260.0000,200,14800,
ASIANPAINT_F3,06/06/2023,10:10:00,3251.0000,3251.0000,3251.0000,3251.0000,200,14600,
ASIANPAINT_F3,06/06/2023,10:32:00,3267.0000,3267.0000,3267.0000,3267.0000,200,14800,
ASIANPAINT_F3,06/06/2023,11:09:00,3250.0000,3250.0000,3250.0000,3250.0000,200,15000,
ASIANPAINT_F3,06/06/2023,11:12:00,3249.0000,3249.0000,3249.0000,3249.0000,200,15000,
ASIANPAINT_F3,06/06/2023,11:54:00,3244.5000,3244.5000,3244.5000,3244.5000,200,15000,
ASIANPAINT_F3,06/06/2023,12:37:00,3244.5000,3244.5000,3244.5000,3244.5000,200,15200,
ASIANPAINT_F3,06/06/2023,15:24:00,3247.0000,3247.0000,3247.0000,3247.0000,200,15000,
ASIANPAINT_F3,06/07/2023,11:41:00,3246.8999,3246.8999,3246.8999,3246.8999,201,15200,
ASIANPAINT_F3,06/07/2023,12:17:00,3251.3999,3251.3999,3251.3999,3251.3999,200,15000,
ASIANPAINT_F3,06/07/2023,12:19:00,3252.8501,3252.8501,3252.8501,3252.8501,800,15200,
ASIANPAINT_F3,06/07/2023,12:22:00,3252.8501,3252.8501,3252.5500,3252.5500,400,15600,
ASIANPAINT_F3,06/07/2023,12:23:00,3253.1001,3253.1001,3253.1001,3253.1001,400,15600,
ASIANPAINT_F3,06/07/2023,12:24:00,3253.5000,3253.5000,3253.5000,3253.5000,800,16400,
ASIANPAINT_F3,06/07/2023,12:26:00,3253.5000,3253.5000,3253.5000,3253.5000,200,16400,
ASIANPAINT_F3,06/07/2023,13:56:00,3256.8501,3256.8501,3256.8501,3256.8501,200,16600,
ASIANPAINT_F3,06/07/2023,15:00:00,3260.0000,3260.0000,3260.0000,3260.0000,400,16800,
ASIANPAINT_F3,06/07/2023,15:15:00,3260.0000,3260.0000,3260.0000,3260.0000,200,16800,
ASIANPAINT_F3,06/07/2023,15:22:00,3260.0000,3260.0000,3260.0000,3260.0000,200,17000,
ASIANPAINT_F3,06/07/2023,15:23:00,3262.0000,3262.0000,3262.0000,3262.0000,200,17000,
ASIANPAINT_F3,06/08/2023,09:23:00,3263.5000,3263.5000,3263.5000,3263.5000,201,17000,
ASIANPAINT_F3,06/08/2023,09:32:00,3263.5000,3263.5000,3263.5000,3263.5000,200,17200,
ASIANPAINT_F3,06/08/2023,09:36:00,3263.5000,3263.5000,3263.5000,3263.5000,200,17200,
ASIANPAINT_F3,06/08/2023,09:37:00,3262.0000,3262.0000,3262.0000,3262.0000,200,17200,
ASIANPAINT_F3,06/09/2023,09:24:00,3270.0000,3270.0000,3270.0000,3270.0000,201,17200,
ASIANPAINT_F3,06/09/2023,09:25:00,3269.9500,3269.9500,3269.9500,3269.9500,400,17200,
ASIANPAINT_F3,06/09/2023,09:26:00,3270.0000,3270.0000,3270.0000,3270.0000,200,17200,
ASIANPAINT_F3,06/09/2023,09:27:00,3272.0000,3272.0000,3272.0000,3272.0000,200,17200,
ASIANPAINT_F3,06/09/2023,09:39:00,3272.0000,3272.0000,3272.0000,3272.0000,200,17000,
ASIANPAINT_F3,06/09/2023,09:44:00,3269.0000,3269.0000,3269.0000,3269.0000,400,17000,
ASIANPAINT_F3,06/09/2023,09:45:00,3279.0000,3279.0000,3279.0000,3279.0000,200,17200,
ASIANPAINT_F3,06/09/2023,11:09:00,3279.0000,3279.0000,3279.0000,3279.0000,200,17200,
ASIANPAINT_F3,06/09/2023,11:32:00,3234.0000,3234.0000,3234.0000,3234.0000,200,17200,
ASIANPAINT_F3,06/09/2023,12:57:00,3233.0000,3233.0000,3233.0000,3233.0000,200,17200,
ASIANPAINT_F3,06/09/2023,12:58:00,3233.0000,3233.0000,3233.0000,3233.0000,400,17200,
ASIANPAINT_F3,06/09/2023,12:59:00,3233.0000,3233.0000,3233.0000,3233.0000,200,17200,
ASIANPAINT_F3,06/09/2023,14:31:00,3232.8000,3232.8000,3232.8000,3232.8000,200,17000,
ASIANPAINT_F3,06/09/2023,14:35:00,3232.8000,3232.8000,3232.8000,3232.8000,200,17000,
ASIANPAINT_F3,06/09/2023,15:15:00,3239.0000,3239.0000,3239.0000,3239.0000,200,17000,
ASIANPAINT_F3,06/09/2023,15:16:00,3239.0000,3239.0000,3239.0000,3239.0000,1400,17200,
ASIANPAINT_F3,06/09/2023,15:29:00,3225.3501,3225.3501,3225.3501,3225.3501,200,18200,
ASIANPAINT_F3,06/12/2023,10:04:00,3225.0000,3225.0000,3225.0000,3225.0000,201,18400,
ASIANPAINT_F3,06/12/2023,10:12:00,3210.0000,3210.0000,3210.0000,3210.0000,200,18400,
ASIANPAINT_F3,06/12/2023,10:23:00,3210.0000,3210.0000,3210.0000,3210.0000,200,18400,
ASIANPAINT_F3,06/12/2023,11:08:00,3210.0000,3210.0000,3210.0000,3210.0000,200,18400,
ASIANPAINT_F3,06/12/2023,11:13:00,3230.0000,3230.0000,3230.0000,3230.0000,400,18400,
ASIANPAINT_F3,06/12/2023,13:32:00,3245.0000,3245.0000,3245.0000,3245.0000,400,18400,
ASIANPAINT_F3,06/12/2023,14:14:00,3245.0000,3245.0000,3244.0000,3244.0000,400,18800,
ASIANPAINT_F3,06/12/2023,14:18:00,3244.0000,3244.0000,3244.0000,3244.0000,200,19200,
ASIANPAINT_F3,06/12/2023,14:45:00,3252.0000,3252.0000,3252.0000,3252.0000,400,19200,
ASIANPAINT_F3,06/12/2023,15:00:00,3254.0000,3254.0000,3254.0000,3254.0000,200,19600,
ASIANPAINT_F3,06/13/2023,09:24:00,3300.0000,3300.0000,3300.0000,3300.0000,401,19600,
ASIANPAINT_F3,06/13/2023,09:25:00,3299.0000,3299.0000,3299.0000,3299.0000,2200,19600,
ASIANPAINT_F3,06/13/2023,09:26:00,3304.9500,3304.9500,3304.9500,3304.9500,200,19200,
ASIANPAINT_F3,06/13/2023,09:30:00,3298.2000,3298.2000,3298.2000,3298.2000,600,19000,
ASIANPAINT_F3,06/13/2023,09:31:00,3306.8501,3306.8501,3306.8501,3306.8501,200,19000,
ASIANPAINT_F3,06/13/2023,09:32:00,3307.1001,3307.1001,3307.1001,3307.1001,1600,19000,
ASIANPAINT_F3,06/13/2023,09:37:00,3307.2000,3307.2000,3307.2000,3307.2000,200,17600,
ASIANPAINT_F3,06/13/2023,09:42:00,3307.2000,3307.2000,3307.2000,3307.2000,200,17400,
ASIANPAINT_F3,06/13/2023,09:53:00,3309.0000,3309.0000,3309.0000,3309.0000,200,17200,
ASIANPAINT_F3,06/13/2023,09:55:00,3309.0000,3309.0000,3309.0000,3309.0000,200,17400,
ASIANPAINT_F3,06/13/2023,09:56:00,3309.0000,3309.0000,3309.0000,3309.0000,200,17400,
ASIANPAINT_F3,06/13/2023,10:06:00,3317.0000,3317.0000,3317.0000,3317.0000,200,17600,
ASIANPAINT_F3,06/13/2023,10:44:00,3317.0000,3317.0000,3317.0000,3317.0000,200,17400,
ASIANPAINT_F3,06/13/2023,10:50:00,3315.3501,3315.3501,3315.3501,3315.3501,200,17200,
ASIANPAINT_F3,06/13/2023,11:11:00,3303.0000,3303.0000,3303.0000,3303.0000,200,17200,
ASIANPAINT_F3,06/13/2023,11:15:00,3303.0000,3303.0000,3303.0000,3303.0000,200,17400,
ASIANPAINT_F3,06/13/2023,11:23:00,3292.0000,3292.0000,3292.0000,3292.0000,200,17600,
ASIANPAINT_F3,06/13/2023,11:57:00,3292.0000,3292.0000,3292.0000,3292.0000,200,17600,
ASIANPAINT_F3,06/13/2023,12:56:00,3305.0000,3305.0000,3305.0000,3305.0000,200,17800,
ASIANPAINT_F3,06/13/2023,13:05:00,3305.0000,3305.0000,3305.0000,3305.0000,200,17600,
ASIANPAINT_F3,06/13/2023,15:10:00,3310.8000,3310.8000,3310.8000,3310.8000,1200,17800,
ASIANPAINT_F3,06/13/2023,15:16:00,3312.0000,3312.0000,3312.0000,3312.0000,200,17400,
ASIANPAINT_F3,06/13/2023,15:19:00,3310.8000,3310.8000,3310.8000,3310.8000,200,17600,
ASIANPAINT_F3,06/13/2023,15:21:00,3308.0000,3308.0000,3308.0000,3308.0000,400,17800,
ASIANPAINT_F3,06/13/2023,15:25:00,3306.9500,3306.9500,3306.9500,3306.9500,200,17800,
ASIANPAINT_F3,06/13/2023,15:29:00,3311.0500,3311.0500,3311.0500,3311.0500,200,17600,
ASIANPAINT_F3,06/14/2023,09:16:00,3331.0500,3331.0500,3330.0000,3330.0000,601,17600,
ASIANPAINT_F3,06/14/2023,09:36:00,3313.0000,3313.0000,3312.0000,3312.0000,400,18200,
ASIANPAINT_F3,06/14/2023,10:24:00,3312.0000,3312.0000,3312.0000,3312.0000,200,18400,
ASIANPAINT_F3,06/14/2023,10:29:00,3309.0000,3309.0000,3309.0000,3309.0000,200,18600,
ASIANPAINT_F3,06/14/2023,10:35:00,3303.8000,3303.8000,3303.8000,3303.8000,400,18400,
ASIANPAINT_F3,06/14/2023,11:03:00,3303.8000,3303.8000,3303.8000,3303.8000,200,18400,
ASIANPAINT_F3,06/14/2023,13:18:00,3316.5000,3316.5000,3316.5000,3316.5000,200,18200,
ASIANPAINT_F3,06/14/2023,13:51:00,3314.0000,3314.0000,3314.0000,3314.0000,200,18400,
ASIANPAINT_F3,06/14/2023,13:59:00,3315.8999,3315.8999,3315.8999,3315.8999,200,18600,
ASIANPAINT_F3,06/14/2023,14:38:00,3315.0000,3315.0000,3315.0000,3315.0000,600,18400,
ASIANPAINT_F3,06/15/2023,09:16:00,3332.0000,3332.0000,3332.0000,3332.0000,201,18400,
ASIANPAINT_F3,06/15/2023,09:17:00,3324.5500,3324.5500,3324.5500,3324.5500,200,18400,
ASIANPAINT_F3,06/15/2023,09:22:00,3324.5500,3324.5500,3324.5500,3324.5500,200,18200,
ASIANPAINT_F3,06/15/2023,09:28:00,3330.0000,3330.0000,3330.0000,3330.0000,200,18400,
ASIANPAINT_F3,06/15/2023,09:56:00,3341.0000,3341.0000,3341.0000,3341.0000,200,18400,
ASIANPAINT_F3,06/15/2023,10:11:00,3345.4500,3345.4500,3345.4500,3345.4500,200,18400,
ASIANPAINT_F3,06/15/2023,10:26:00,3352.0000,3352.0000,3352.0000,3352.0000,200,18600,
ASIANPAINT_F3,06/15/2023,10:29:00,3352.0000,3352.0000,3352.0000,3352.0000,200,18400,
ASIANPAINT_F3,06/15/2023,10:37:00,3350.0000,3350.0000,3350.0000,3350.0000,200,18400,
ASIANPAINT_F3,06/15/2023,10:53:00,3340.0000,3340.0000,3340.0000,3340.0000,200,18600,
ASIANPAINT_F3,06/15/2023,11:08:00,3342.8000,3342.8000,3342.8000,3342.8000,200,18800,
ASIANPAINT_F3,06/15/2023,11:12:00,3341.0000,3341.0000,3341.0000,3341.0000,200,18800,
ASIANPAINT_F3,06/15/2023,11:45:00,3337.0500,3337.0500,3337.0500,3337.0500,200,18800,
ASIANPAINT_F3,06/15/2023,12:45:00,3333.0000,3333.0000,3333.0000,3333.0000,400,19000,
ASIANPAINT_F3,06/15/2023,15:10:00,3345.6001,3345.6001,3345.6001,3345.6001,200,19400,
ASIANPAINT_F3,06/15/2023,15:16:00,3338.3999,3338.3999,3338.3999,3338.3999,200,19200,
ASIANPAINT_F3,06/15/2023,15:26:00,3339.0000,3339.0000,3339.0000,3339.0000,200,19400,
ASIANPAINT_F3,06/15/2023,15:29:00,3337.2500,3337.2500,3337.2500,3337.2500,200,19400,
ASIANPAINT_F3,06/16/2023,09:36:00,3344.8999,3344.8999,3344.8999,3344.8999,201,19200,
ASIANPAINT_F3,06/16/2023,09:49:00,3339.2500,3339.2500,3339.2500,3339.2500,200,19200,
ASIANPAINT_F3,06/16/2023,10:27:00,3339.2500,3339.2500,3339.2500,3339.2500,200,19400,
ASIANPAINT_F3,06/16/2023,10:35:00,3346.0000,3346.0000,3346.0000,3346.0000,200,19600,
ASIANPAINT_F3,06/16/2023,11:26:00,3343.3999,3343.3999,3343.3999,3343.3999,400,19400,
ASIANPAINT_F3,06/16/2023,11:28:00,3345.0000,3345.0000,3345.0000,3345.0000,200,19400,
ASIANPAINT_F3,06/16/2023,12:13:00,3343.5500,3343.5500,3343.5500,3343.5500,200,19400,
ASIANPAINT_F3,06/16/2023,13:31:00,3344.6001,3344.6001,3344.6001,3344.6001,200,19400,
ASIANPAINT_F3,06/16/2023,13:50:00,3349.8999,3349.8999,3349.8999,3349.8999,400,19200,
ASIANPAINT_F3,06/16/2023,14:18:00,3355.0000,3355.0000,3355.0000,3355.0000,200,19000,
ASIANPAINT_F3,06/16/2023,14:25:00,3356.8999,3356.8999,3356.8999,3356.8999,200,19000,
ASIANPAINT_F3,06/16/2023,14:28:00,3356.8999,3356.8999,3356.8999,3356.8999,200,19200,
ASIANPAINT_F3,06/16/2023,15:26:00,3366.6001,3366.6001,3366.6001,3366.6001,200,19000,
ASIANPAINT_F3,06/19/2023,09:21:00,3381.0000,3381.0000,3381.0000,3381.0000,201,19200,
ASIANPAINT_F3,06/19/2023,09:23:00,3389.3501,3389.3501,3389.3501,3389.3501,600,19000,
ASIANPAINT_F3,06/19/2023,09:33:00,3374.0000,3374.0000,3374.0000,3374.0000,200,19600,
ASIANPAINT_F3,06/19/2023,09:40:00,3366.6001,3366.6001,3366.6001,3366.6001,200,19800,
ASIANPAINT_F3,06/19/2023,10:12:00,3366.6001,3366.6001,3366.6001,3366.6001,200,20000,
ASIANPAINT_F3,06/19/2023,10:56:00,3357.3501,3357.3501,3357.3501,3357.3501,200,19800,
ASIANPAINT_F3,06/19/2023,11:09:00,3357.3501,3357.3501,3357.3501,3357.3501,200,19800,
ASIANPAINT_F3,06/19/2023,11:25:00,3360.0000,3360.0000,3360.0000,3360.0000,200,19600,
ASIANPAINT_F3,06/19/2023,11:54:00,3360.5000,3360.5000,3360.5000,3360.5000,200,19800,
ASIANPAINT_F3,06/19/2023,12:09:00,3358.4500,3358.4500,3358.4500,3358.4500,200,20000,
ASIANPAINT_F3,06/19/2023,12:37:00,3352.7000,3352.7000,3352.7000,3352.7000,200,20000,
ASIANPAINT_F3,06/19/2023,14:17:00,3351.3000,3351.3000,3351.3000,3351.3000,200,20000,
ASIANPAINT_F3,06/20/2023,09:15:00,3357.0000,3358.0000,3357.0000,3358.0000,602,20000,
ASIANPAINT_F3,06/20/2023,09:17:00,3365.1499,3365.1499,3365.1499,3365.1499,600,20000,
ASIANPAINT_F3,06/20/2023,09:22:00,3365.1499,3365.1499,3365.1499,3365.1499,400,20000,
ASIANPAINT_F3,06/20/2023,09:25:00,3344.0000,3344.0000,3344.0000,3344.0000,200,20000,
ASIANPAINT_F3,06/20/2023,10:51:00,3344.0000,3344.0000,3344.0000,3344.0000,200,19800,
ASIANPAINT_F3,06/20/2023,11:45:00,3345.0000,3345.0000,3345.0000,3345.0000,200,19800,
ASIANPAINT_F3,06/20/2023,11:52:00,3350.0000,3350.0000,3350.0000,3350.0000,200,19800,
ASIANPAINT_F3,06/20/2023,13:21:00,3360.0000,3360.0000,3360.0000,3360.0000,400,19800,
ASIANPAINT_F3,06/20/2023,13:24:00,3356.5000,3356.5000,3356.5000,3356.5000,200,19400,
ASIANPAINT_F3,06/20/2023,13:30:00,3360.0000,3360.0000,3360.0000,3360.0000,200,19400,
ASIANPAINT_F3,06/20/2023,14:24:00,3346.2000,3346.2000,3346.2000,3346.2000,200,19400,
ASIANPAINT_F3,06/21/2023,09:16:00,3377.5500,3377.5500,3377.5500,3377.5500,201,19200,
ASIANPAINT_F3,06/21/2023,09:30:00,3355.5500,3355.5500,3355.5500,3355.5500,200,19200,
ASIANPAINT_F3,06/21/2023,09:32:00,3355.5500,3355.5500,3355.5500,3355.5500,800,19200,
ASIANPAINT_F3,06/21/2023,09:38:00,3359.1001,3359.1001,3359.1001,3359.1001,200,20000,
ASIANPAINT_F3,06/21/2023,09:40:00,3356.0000,3356.0000,3356.0000,3356.0000,200,20200,
ASIANPAINT_F3,06/21/2023,10:45:00,3351.0000,3351.0000,3351.0000,3351.0000,400,20200,
ASIANPAINT_F3,06/21/2023,11:28:00,3351.0000,3351.0000,3351.0000,3351.0000,200,20400,
ASIANPAINT_F3,06/21/2023,11:37:00,3359.6001,3359.6001,3359.6001,3359.6001,600,20400,
ASIANPAINT_F3,06/21/2023,11:38:00,3359.2000,3359.2000,3359.2000,3359.2000,200,20400,
ASIANPAINT_F3,06/21/2023,11:40:00,3358.1001,3358.1001,3358.1001,3358.1001,400,20200,
ASIANPAINT_F3,06/21/2023,13:00:00,3360.0000,3360.0000,3360.0000,3360.0000,200,20200,
ASIANPAINT_F3,06/21/2023,13:04:00,3362.5000,3362.5000,3362.5000,3362.5000,200,20400,
ASIANPAINT_F3,06/21/2023,13:11:00,3364.5000,3364.5000,3364.5000,3364.5000,200,20400,
ASIANPAINT_F3,06/21/2023,14:28:00,3356.5500,3356.5500,3356.5500,3356.5500,200,20400,
ASIANPAINT_F3,06/21/2023,14:35:00,3355.0000,3355.0000,3355.0000,3355.0000,200,20400,
ASIANPAINT_F3,06/21/2023,14:53:00,3355.0000,3355.0000,3355.0000,3355.0000,200,20400,
ASIANPAINT_F3,06/21/2023,15:17:00,3361.0000,3361.0000,3361.0000,3361.0000,800,20400,
ASIANPAINT_F3,06/21/2023,15:18:00,3365.0000,3365.0000,3365.0000,3365.0000,800,19800,
ASIANPAINT_F3,06/21/2023,15:28:00,3364.9500,3365.0000,3364.9500,3365.0000,400,20400,
ASIANPAINT_F3,06/21/2023,15:29:00,3364.0000,3364.0000,3364.0000,3364.0000,200,20400,
ASIANPAINT_F3,06/22/2023,09:24:00,3354.4500,3354.4500,3354.4500,3354.4500,201,20600,
ASIANPAINT_F3,06/22/2023,09:38:00,3354.4500,3354.4500,3354.4500,3354.4500,200,20600,
ASIANPAINT_F3,06/22/2023,10:45:00,3352.4500,3352.4500,3352.4500,3352.4500,200,20600,
ASIANPAINT_F3,06/22/2023,10:50:00,3350.0500,3350.0500,3350.0500,3350.0500,200,20600,
ASIANPAINT_F3,06/22/2023,10:55:00,3350.0000,3350.0000,3350.0000,3350.0000,200,20400,
ASIANPAINT_F3,06/22/2023,11:03:00,3347.8999,3347.8999,3347.8999,3347.8999,200,20400,
ASIANPAINT_F3,06/22/2023,11:16:00,3347.0500,3347.0500,3347.0500,3347.0500,200,20400,
ASIANPAINT_F3,06/22/2023,11:19:00,3344.4500,3344.4500,3344.4500,3344.4500,200,20600,
ASIANPAINT_F3,06/22/2023,12:16:00,3329.5000,3329.5000,3329.5000,3329.5000,400,20600,
ASIANPAINT_F3,06/22/2023,12:21:00,3329.5000,3329.5000,3329.5000,3329.5000,200,20600,
ASIANPAINT_F3,06/22/2023,12:28:00,3332.9500,3332.9500,3332.9500,3332.9500,200,20800,
ASIANPAINT_F3,06/22/2023,12:29:00,3333.6001,3333.6001,3333.6001,3333.6001,200,20800,
ASIANPAINT_F3,06/22/2023,12:30:00,3330.1499,3330.1499,3330.1499,3330.1499,200,20800,
ASIANPAINT_F3,06/22/2023,12:55:00,3328.0000,3328.0000,3328.0000,3328.0000,400,20800,
ASIANPAINT_F3,06/22/2023,13:06:00,3328.0000,3328.0000,3328.0000,3328.0000,200,20800,
ASIANPAINT_F3,06/22/2023,13:10:00,3325.0000,3325.0000,3325.0000,3325.0000,200,21000,
ASIANPAINT_F3,06/22/2023,14:19:00,3320.0000,3320.0000,3320.0000,3320.0000,200,21000,
ASIANPAINT_F3,06/22/2023,14:26:00,3311.0000,3311.0000,3311.0000,3311.0000,200,21000,
ASIANPAINT_F3,06/22/2023,14:28:00,3310.0000,3310.0000,3310.0000,3310.0000,200,20800,
ASIANPAINT_F3,06/22/2023,14:44:00,3307.0000,3307.0000,3307.0000,3307.0000,200,21000,
ASIANPAINT_F3,06/22/2023,14:59:00,3306.0000,3306.0000,3306.0000,3306.0000,400,21000,
ASIANPAINT_F3,06/22/2023,15:04:00,3300.0000,3300.0000,3300.0000,3300.0000,400,20600,
ASIANPAINT_F3,06/22/2023,15:07:00,3293.0000,3293.0000,3293.0000,3293.0000,200,20400,
ASIANPAINT_F3,06/22/2023,15:13:00,3293.0000,3293.0000,3293.0000,3293.0000,200,20400,
ASIANPAINT_F3,06/22/2023,15:17:00,3295.5000,3295.5000,3295.5000,3295.5000,200,20400,
ASIANPAINT_F3,06/22/2023,15:22:00,3299.8999,3299.8999,3299.8999,3299.8999,200,20400,
ASIANPAINT_F3,06/23/2023,09:17:00,3320.5000,3320.5000,3320.5000,3320.5000,201,20600,
ASIANPAINT_F3,06/23/2023,09:19:00,3326.0000,3333.3999,3326.0000,3333.3999,400,20600,
ASIANPAINT_F3,06/23/2023,09:20:00,3333.5000,3333.5000,3333.5000,3333.5000,200,20600,
ASIANPAINT_F3,06/23/2023,09:21:00,3340.5500,3340.5500,3340.5500,3340.5500,200,21000,
ASIANPAINT_F3,06/23/2023,09:22:00,3340.5500,3340.5500,3340.5500,3340.5500,400,21000,
ASIANPAINT_F3,06/23/2023,09:23:00,3332.0000,3332.0000,3332.0000,3332.0000,400,21000,
ASIANPAINT_F3,06/23/2023,09:25:00,3335.0000,3335.0000,3335.0000,3335.0000,200,21200,
ASIANPAINT_F3,06/23/2023,09:29:00,3335.3000,3335.3000,3335.3000,3335.3000,400,21400,
ASIANPAINT_F3,06/23/2023,09:31:00,3335.0000,3335.0000,3335.0000,3335.0000,2000,21400,
ASIANPAINT_F3,06/23/2023,09:32:00,3338.0000,3338.0000,3338.0000,3338.0000,200,21400,
ASIANPAINT_F3,06/23/2023,09:33:00,3348.0000,3348.0000,3348.0000,3348.0000,1000,23200,
ASIANPAINT_F3,06/23/2023,09:34:00,3334.7000,3334.7000,3334.7000,3334.7000,400,23200,
ASIANPAINT_F3,06/23/2023,09:36:00,3334.7000,3334.7000,3334.7000,3334.7000,200,23600,
ASIANPAINT_F3,06/23/2023,09:39:00,3331.3999,3331.3999,3331.3999,3331.3999,400,23800,
ASIANPAINT_F3,06/23/2023,09:41:00,3317.3000,3317.3000,3317.3000,3317.3000,800,23800,
ASIANPAINT_F3,06/23/2023,09:43:00,3317.3000,3317.3000,3317.3000,3317.3000,200,23200,
ASIANPAINT_F3,06/23/2023,09:51:00,3327.8999,3327.8999,3327.8999,3327.8999,200,23200,
ASIANPAINT_F3,06/23/2023,09:53:00,3312.0000,3312.0000,3312.0000,3312.0000,200,23200,
ASIANPAINT_F3,06/23/2023,09:55:00,3312.0000,3312.0000,3312.0000,3312.0000,200,23400,
ASIANPAINT_F3,06/23/2023,10:10:00,3312.0000,3312.0000,3312.0000,3312.0000,200,23400,
ASIANPAINT_F3,06/23/2023,10:56:00,3321.0000,3321.0000,3321.0000,3321.0000,200,23600,
ASIANPAINT_F3,06/23/2023,11:14:00,3320.0000,3320.0000,3320.0000,3320.0000,200,23800,
ASIANPAINT_F3,06/23/2023,11:44:00,3328.0500,3328.0500,3328.0500,3328.0500,400,23600,
ASIANPAINT_F3,06/23/2023,12:22:00,3332.2000,3332.2000,3332.2000,3332.2000,200,23200,
ASIANPAINT_F3,06/23/2023,12:27:00,3332.0000,3332.0000,3332.0000,3332.0000,800,23200,
ASIANPAINT_F3,06/23/2023,12:33:00,3333.2000,3333.2000,3333.2000,3333.2000,200,23200,
ASIANPAINT_F3,06/23/2023,12:43:00,3338.5000,3338.5000,3338.5000,3338.5000,200,23200,
ASIANPAINT_F3,06/23/2023,12:46:00,3338.5000,3338.5000,3338.5000,3338.5000,200,23400,
ASIANPAINT_F3,06/23/2023,12:52:00,3331.0000,3331.0000,3331.0000,3331.0000,400,23600,
ASIANPAINT_F3,06/23/2023,13:04:00,3330.0000,3330.0000,3330.0000,3330.0000,200,24000,
ASIANPAINT_F3,06/23/2023,13:38:00,3342.5000,3342.5000,3342.5000,3342.5000,1000,24200,
ASIANPAINT_F3,06/23/2023,13:43:00,3344.0000,3344.0000,3344.0000,3344.0000,200,24200,
ASIANPAINT_F3,06/23/2023,14:12:00,3339.7000,3339.7000,3339.7000,3339.7000,800,24000,
ASIANPAINT_F3,06/23/2023,15:01:00,3333.7000,3333.7000,3333.7000,3333.7000,200,24800,
ASIANPAINT_F3,06/23/2023,15:02:00,3330.1499,3330.1499,3330.1499,3330.1499,600,24800,
ASIANPAINT_F3,06/23/2023,15:04:00,3334.6499,3334.6499,3334.6499,3334.6499,600,24600,
ASIANPAINT_F3,06/23/2023,15:12:00,3334.6499,3334.6499,3334.6499,3334.6499,200,25200,
ASIANPAINT_F3,06/23/2023,15:15:00,3333.8999,3333.8999,3333.8999,3333.8999,200,25400,
ASIANPAINT_F3,06/23/2023,15:16:00,3333.8999,3333.8999,3333.8999,3333.8999,200,25400,
ASIANPAINT_F3,06/23/2023,15:17:00,3335.9500,3335.9500,3335.9500,3335.9500,200,25400,
ASIANPAINT_F3,06/23/2023,15:18:00,3336.0000,3336.0000,3336.0000,3336.0000,200,25600,
ASIANPAINT_F3,06/23/2023,15:20:00,3336.0000,3336.0000,3336.0000,3336.0000,200,25600,
ASIANPAINT_F3,06/23/2023,15:21:00,3331.8501,3331.8501,3331.8501,3331.8501,200,25600,
ASIANPAINT_F3,06/23/2023,15:26:00,3333.0000,3333.0000,3333.0000,3333.0000,200,25400,
ASIANPAINT_F3,06/23/2023,15:29:00,3332.0000,3332.0000,3332.0000,3332.0000,200,25400,
ASIANPAINT_F3,06/26/2023,09:20:00,3315.0000,3315.0000,3315.0000,3315.0000,201,25600,
ASIANPAINT_F3,06/26/2023,09:27:00,3324.1499,3324.1499,3324.1499,3324.1499,200,25600,
ASIANPAINT_F3,06/26/2023,09:29:00,3324.1499,3324.1499,3324.1499,3324.1499,200,25600,
ASIANPAINT_F3,06/26/2023,09:47:00,3343.0000,3343.0000,3343.0000,3343.0000,400,26000,
ASIANPAINT_F3,06/26/2023,09:56:00,3343.0000,3343.0000,3343.0000,3343.0000,200,26400,
ASIANPAINT_F3,06/26/2023,10:00:00,3339.4500,3339.4500,3339.4500,3339.4500,200,26400,
ASIANPAINT_F3,06/26/2023,10:11:00,3339.4500,3339.4500,3339.4500,3339.4500,200,26400,
ASIANPAINT_F3,06/26/2023,10:47:00,3330.5000,3330.5000,3330.5000,3330.5000,200,26400,
ASIANPAINT_F3,06/26/2023,10:53:00,3330.5000,3330.5000,3330.5000,3330.5000,200,26400,
ASIANPAINT_F3,06/26/2023,11:01:00,3330.0000,3330.0000,3330.0000,3330.0000,200,26200,
ASIANPAINT_F3,06/26/2023,11:18:00,3339.4500,3339.4500,3339.4500,3339.4500,200,26200,
ASIANPAINT_F3,06/26/2023,11:28:00,3339.6001,3339.6001,3339.6001,3339.6001,200,26200,
ASIANPAINT_F3,06/26/2023,11:36:00,3339.6001,3339.6001,3339.6001,3339.6001,200,26200,
ASIANPAINT_F3,06/26/2023,11:41:00,3339.0000,3339.0000,3339.0000,3339.0000,200,26000,
ASIANPAINT_F3,06/26/2023,11:44:00,3337.0000,3337.0000,3337.0000,3337.0000,200,26200,
ASIANPAINT_F3,06/26/2023,12:45:00,3333.0000,3333.0000,3333.0000,3333.0000,200,26400,
ASIANPAINT_F3,06/26/2023,13:40:00,3345.3000,3345.3000,3345.3000,3345.3000,200,26600,
ASIANPAINT_F3,06/26/2023,13:54:00,3345.3000,3345.3000,3345.3000,3345.3000,200,26800,
ASIANPAINT_F3,06/26/2023,14:03:00,3344.9500,3346.0000,3344.9500,3346.0000,600,27200,
ASIANPAINT_F3,06/26/2023,14:13:00,3346.0000,3346.0000,3346.0000,3346.0000,200,27400,
ASIANPAINT_F3,06/26/2023,14:15:00,3346.0000,3346.0000,3346.0000,3346.0000,400,27400,
ASIANPAINT_F3,06/26/2023,14:20:00,3349.0000,3349.0000,3349.0000,3349.0000,200,27600,
ASIANPAINT_F3,06/26/2023,14:29:00,3349.0000,3349.0000,3349.0000,3349.0000,200,27800,
ASIANPAINT_F3,06/26/2023,14:30:00,3347.8501,3347.8501,3347.8501,3347.8501,400,27800,
ASIANPAINT_F3,06/26/2023,14:31:00,3346.3501,3346.3501,3346.3501,3346.3501,400,28000,
ASIANPAINT_F3,06/26/2023,14:32:00,3344.5000,3344.5000,3344.5000,3344.5000,200,28000,
ASIANPAINT_F3,06/26/2023,14:33:00,3343.3999,3343.6001,3343.3999,3343.6001,1000,28400,
ASIANPAINT_F3,06/26/2023,14:34:00,3345.5000,3345.5000,3345.5000,3345.5000,200,28400,
ASIANPAINT_F3,06/26/2023,14:35:00,3345.7500,3345.7500,3345.7500,3345.7500,200,28400,
ASIANPAINT_F3,06/26/2023,14:36:00,3344.8000,3344.8000,3344.8000,3344.8000,200,28600,
ASIANPAINT_F3,06/26/2023,14:38:00,3345.1499,3348.0500,3343.1001,3343.1001,600,28600,
ASIANPAINT_F3,06/26/2023,14:39:00,3345.8000,3347.8000,3345.8000,3347.8000,800,28600,
ASIANPAINT_F3,06/26/2023,14:46:00,3340.6499,3340.6499,3340.6499,3340.6499,200,29400,
ASIANPAINT_F3,06/26/2023,14:52:00,3343.5000,3343.5000,3343.5000,3343.5000,400,29400,
ASIANPAINT_F3,06/26/2023,14:53:00,3342.8000,3342.8000,3342.8000,3342.8000,400,29400,
ASIANPAINT_F3,06/26/2023,14:55:00,3344.0000,3344.0000,3344.0000,3344.0000,200,29600,
ASIANPAINT_F3,06/26/2023,14:57:00,3345.0000,3345.0000,3345.0000,3345.0000,200,29600,
ASIANPAINT_F3,06/26/2023,15:04:00,3348.7000,3348.7000,3348.7000,3348.7000,600,30000,
ASIANPAINT_F3,06/26/2023,15:06:00,3342.0500,3342.0500,3342.0500,3342.0500,400,30000,
ASIANPAINT_F3,06/26/2023,15:08:00,3345.3501,3345.3501,3345.3501,3345.3501,200,30200,
ASIANPAINT_F3,06/26/2023,15:29:00,3346.0000,3346.0000,3346.0000,3346.0000,200,30200,
ASIANPAINT_F3,06/27/2023,09:18:00,3362.2000,3362.2000,3356.5500,3356.5500,401,30400,
ASIANPAINT_F3,06/27/2023,09:19:00,3356.5500,3366.1499,3356.5500,3366.1499,400,30400,
ASIANPAINT_F3,06/27/2023,09:24:00,3366.1499,3366.1499,3366.1499,3366.1499,200,30800,
ASIANPAINT_F3,06/27/2023,09:26:00,3369.3000,3369.3000,3369.3000,3369.3000,400,30800,
ASIANPAINT_F3,06/27/2023,09:27:00,3364.2500,3364.2500,3364.2500,3364.2500,200,30800,
ASIANPAINT_F3,06/27/2023,09:28:00,3363.3000,3363.3000,3363.3000,3363.3000,200,31000,
ASIANPAINT_F3,06/27/2023,09:31:00,3365.1001,3365.1001,3365.1001,3365.1001,400,31200,
ASIANPAINT_F3,06/27/2023,09:32:00,3366.5000,3366.5000,3366.5000,3366.5000,200,31200,
ASIANPAINT_F3,06/27/2023,09:50:00,3367.3000,3367.3000,3367.3000,3367.3000,200,31400,
ASIANPAINT_F3,06/27/2023,10:10:00,3362.1001,3362.1001,3362.1001,3362.1001,200,31600,
ASIANPAINT_F3,06/27/2023,10:16:00,3360.4500,3360.4500,3360.4500,3360.4500,200,31800,
ASIANPAINT_F3,06/27/2023,10:20:00,3356.0000,3356.0000,3356.0000,3356.0000,200,32000,
ASIANPAINT_F3,06/27/2023,10:30:00,3356.0000,3356.0000,3356.0000,3356.0000,200,32000,
ASIANPAINT_F3,06/27/2023,10:33:00,3362.8999,3362.8999,3362.8999,3362.8999,400,31800,
ASIANPAINT_F3,06/27/2023,10:42:00,3358.8999,3358.8999,3358.8999,3358.8999,200,32200,
ASIANPAINT_F3,06/27/2023,10:48:00,3361.5000,3361.5000,3361.5000,3361.5000,400,32400,
ASIANPAINT_F3,06/27/2023,10:55:00,3359.3000,3359.3000,3359.3000,3359.3000,200,32600,
ASIANPAINT_F3,06/27/2023,11:00:00,3356.0000,3356.0000,3356.0000,3356.0000,200,32800,
ASIANPAINT_F3,06/27/2023,11:12:00,3355.2500,3355.2500,3355.2500,3355.2500,200,32800,
ASIANPAINT_F3,06/27/2023,11:18:00,3355.2500,3355.2500,3355.2500,3355.2500,200,33000,
ASIANPAINT_F3,06/27/2023,11:19:00,3355.2500,3355.2500,3355.2500,3355.2500,200,33200,
ASIANPAINT_F3,06/27/2023,11:28:00,3355.2500,3355.2500,3355.2500,3355.2500,200,33400,
ASIANPAINT_F3,06/27/2023,11:38:00,3364.0000,3364.0000,3364.0000,3364.0000,200,33600,
ASIANPAINT_F3,06/27/2023,11:51:00,3364.0000,3364.0000,3364.0000,3364.0000,400,33800,
ASIANPAINT_F3,06/27/2023,11:55:00,3366.0000,3366.0000,3366.0000,3366.0000,600,33800,
ASIANPAINT_F3,06/27/2023,12:20:00,3366.0000,3366.0000,3366.0000,3366.0000,200,34400,
ASIANPAINT_F3,06/27/2023,12:41:00,3361.0000,3361.0000,3361.0000,3361.0000,200,34600,
ASIANPAINT_F3,06/27/2023,12:47:00,3362.3000,3362.3000,3362.3000,3362.3000,200,34600,
ASIANPAINT_F3,06/27/2023,12:51:00,3361.0000,3361.0000,3361.0000,3361.0000,600,34800,
ASIANPAINT_F3,06/27/2023,12:56:00,3352.8999,3352.8999,3352.8999,3352.8999,200,35400,
ASIANPAINT_F3,06/27/2023,12:59:00,3350.0000,3350.0000,3350.0000,3350.0000,200,35600,
ASIANPAINT_F3,06/27/2023,13:16:00,3350.0000,3350.0000,3350.0000,3350.0000,200,35800,
ASIANPAINT_F3,06/27/2023,13:25:00,3351.7500,3351.7500,3351.7500,3351.7500,400,36000,
ASIANPAINT_F3,06/27/2023,14:07:00,3355.0000,3355.0000,3355.0000,3355.0000,200,36200,
ASIANPAINT_F3,06/27/2023,14:15:00,3358.7500,3358.7500,3358.7500,3358.7500,200,36400,
ASIANPAINT_F3,06/27/2023,14:18:00,3360.8000,3360.8000,3360.8000,3360.8000,200,36400,
ASIANPAINT_F3,06/27/2023,14:24:00,3361.1499,3361.1499,3361.1499,3361.1499,200,36800,
ASIANPAINT_F3,06/27/2023,14:29:00,3362.0000,3362.0000,3362.0000,3362.0000,200,36800,
ASIANPAINT_F3,06/27/2023,14:30:00,3362.0000,3362.0000,3362.0000,3362.0000,2000,36800,
ASIANPAINT_F3,06/27/2023,14:31:00,3363.0000,3363.0000,3363.0000,3363.0000,200,36800,
ASIANPAINT_F3,06/27/2023,14:38:00,3357.0000,3357.0000,3357.0000,3357.0000,400,37000,
ASIANPAINT_F3,06/27/2023,14:44:00,3352.0000,3352.0000,3352.0000,3352.0000,200,36600,
ASIANPAINT_F3,06/27/2023,14:45:00,3354.9500,3354.9500,3354.9500,3354.9500,400,36600,
ASIANPAINT_F3,06/27/2023,15:07:00,3365.0000,3365.0000,3365.0000,3365.0000,200,37200,
ASIANPAINT_F3,06/27/2023,15:10:00,3361.0500,3361.0500,3361.0500,3361.0500,200,37400,
ASIANPAINT_F3,06/27/2023,15:29:00,3362.3501,3362.3501,3362.3501,3362.3501,200,37600,
ASIANPAINT_F3,06/28/2023,09:16:00,3369.2500,3369.2500,3369.2500,3369.2500,201,37400,
ASIANPAINT_F3,06/28/2023,09:18:00,3369.0000,3369.0000,3369.0000,3369.0000,200,37200,
ASIANPAINT_F3,06/28/2023,09:20:00,3369.0000,3369.0000,3369.0000,3369.0000,200,37200,
ASIANPAINT_F3,06/28/2023,09:21:00,3370.0000,3370.0000,3370.0000,3370.0000,200,37600,
ASIANPAINT_F3,06/28/2023,09:25:00,3365.0000,3365.0000,3365.0000,3365.0000,200,37800,
ASIANPAINT_F3,06/28/2023,09:29:00,3363.4500,3363.4500,3363.4500,3363.4500,200,38000,
ASIANPAINT_F3,06/28/2023,09:31:00,3360.3501,3360.3501,3360.0000,3360.0000,400,38200,
ASIANPAINT_F3,06/28/2023,09:32:00,3360.0000,3360.0000,3360.0000,3360.0000,200,38200,
ASIANPAINT_F3,06/28/2023,09:47:00,3370.0000,3370.0000,3370.0000,3370.0000,400,38600,
ASIANPAINT_F3,06/28/2023,09:48:00,3368.9500,3368.9500,3368.9500,3368.9500,200,38800,
ASIANPAINT_F3,06/28/2023,09:52:00,3367.8999,3367.8999,3367.8999,3367.8999,200,39000,
ASIANPAINT_F3,06/28/2023,09:59:00,3363.8000,3363.8000,3363.8000,3363.8000,400,38800,
ASIANPAINT_F3,06/28/2023,10:03:00,3363.7500,3363.7500,3363.7500,3363.7500,200,39000,
ASIANPAINT_F3,06/28/2023,10:12:00,3364.6001,3364.6001,3364.6001,3364.6001,200,39000,
ASIANPAINT_F3,06/28/2023,10:14:00,3368.8000,3368.8000,3368.8000,3368.8000,200,39200,
ASIANPAINT_F3,06/28/2023,10:25:00,3366.1499,3366.1499,3366.1499,3366.1499,200,39400,
ASIANPAINT_F3,06/28/2023,10:32:00,3363.9500,3363.9500,3363.9500,3363.9500,200,39600,
ASIANPAINT_F3,06/28/2023,10:33:00,3369.8999,3369.8999,3369.8999,3369.8999,200,39400,
ASIANPAINT_F3,06/28/2023,10:34:00,3370.0000,3370.0000,3370.0000,3370.0000,400,39400,
ASIANPAINT_F3,06/28/2023,10:43:00,3370.0000,3370.0000,3370.0000,3370.0000,1000,39800,
ASIANPAINT_F3,06/28/2023,10:45:00,3370.0000,3370.0000,3370.0000,3370.0000,200,39800,
ASIANPAINT_F3,06/28/2023,10:46:00,3370.0000,3370.0000,3370.0000,3370.0000,2600,39800,
ASIANPAINT_F3,06/28/2023,10:47:00,3374.8000,3374.8000,3374.8000,3374.8000,200,39800,
ASIANPAINT_F3,06/28/2023,10:48:00,3374.8000,3374.8000,3374.8000,3374.8000,200,41800,
ASIANPAINT_F3,06/28/2023,11:07:00,3376.5500,3376.5500,3376.5500,3376.5500,400,42000,
ASIANPAINT_F3,06/28/2023,11:08:00,3377.3999,3383.5500,3377.3999,3383.5500,600,42000,
ASIANPAINT_F3,06/28/2023,11:25:00,3382.0000,3382.0000,3382.0000,3382.0000,400,41400,
ASIANPAINT_F3,06/28/2023,11:32:00,3384.0000,3384.0000,3384.0000,3384.0000,200,41600,
ASIANPAINT_F3,06/28/2023,11:34:00,3385.0000,3385.0000,3385.0000,3385.0000,200,41600,
ASIANPAINT_F3,06/28/2023,11:35:00,3385.0000,3385.0000,3385.0000,3385.0000,400,41600,
ASIANPAINT_F3,06/28/2023,11:42:00,3385.0000,3385.0000,3385.0000,3385.0000,200,41600,
ASIANPAINT_F3,06/28/2023,11:58:00,3388.5500,3388.5500,3388.5500,3388.5500,600,41800,
ASIANPAINT_F3,06/28/2023,12:00:00,3390.0000,3390.0000,3390.0000,3390.0000,200,42400,
ASIANPAINT_F3,06/28/2023,12:03:00,3390.0000,3390.0000,3390.0000,3390.0000,200,42400,
ASIANPAINT_F3,06/28/2023,12:52:00,3387.0000,3387.0000,3387.0000,3387.0000,200,42200,
ASIANPAINT_F3,06/28/2023,13:12:00,3390.0000,3390.0000,3390.0000,3390.0000,600,42400,
ASIANPAINT_F3,06/28/2023,13:13:00,3390.0000,3390.7000,3390.0000,3390.7000,800,42400,
ASIANPAINT_F3,06/28/2023,13:14:00,3394.2500,3394.2500,3394.2500,3394.2500,200,42400,
ASIANPAINT_F3,06/28/2023,13:15:00,3394.2500,3394.2500,3394.2500,3394.2500,200,42400,
ASIANPAINT_F3,06/28/2023,13:18:00,3394.0000,3394.0000,3394.0000,3394.0000,200,43600,
ASIANPAINT_F3,06/28/2023,13:23:00,3386.3999,3386.3999,3384.2000,3384.2000,2200,43600,
ASIANPAINT_F3,06/28/2023,13:31:00,3387.9500,3387.9500,3387.9500,3387.9500,200,45600,
ASIANPAINT_F3,06/28/2023,14:12:00,3383.6001,3383.6001,3383.6001,3383.6001,400,45600,
ASIANPAINT_F3,06/28/2023,14:13:00,3384.1499,3384.1499,3384.1499,3384.1499,200,45600,
ASIANPAINT_F3,06/28/2023,14:25:00,3383.0000,3383.0000,3383.0000,3383.0000,200,45600,
ASIANPAINT_F3,06/28/2023,14:35:00,3380.0000,3380.0000,3380.0000,3380.0000,200,45400,
ASIANPAINT_F3,06/28/2023,14:46:00,3378.7500,3380.0000,3378.7500,3380.0000,1200,45400,
ASIANPAINT_F3,06/28/2023,14:47:00,3379.5500,3379.5500,3379.5500,3379.5500,200,45400,
ASIANPAINT_F3,06/28/2023,15:07:00,3379.5500,3379.5500,3379.5500,3379.5500,200,46000,
ASIANPAINT_F3,06/28/2023,15:12:00,3386.5000,3386.5000,3386.5000,3386.5000,200,46200,
ASIANPAINT_F3,06/28/2023,15:16:00,3389.9500,3389.9500,3389.9500,3389.9500,400,46200,
ASIANPAINT_F3,06/28/2023,15:17:00,3389.9500,3389.9500,3389.9500,3389.9500,200,46200,
ASIANPAINT_F3,06/28/2023,15:18:00,3387.8000,3387.8000,3387.8000,3387.8000,200,46200,
ASIANPAINT_F3,06/28/2023,15:24:00,3383.0500,3383.0500,3383.0500,3383.0500,1200,46400,
ASIANPAINT_F3,06/28/2023,15:25:00,3385.7500,3385.8000,3385.7500,3385.8000,600,45400,
ASIANPAINT_F3,06/28/2023,15:28:00,3388.2000,3388.2000,3388.2000,3388.2000,200,45600,
ASIANPAINT_F3,06/30/2023,09:18:00,3470.0000,3470.0000,3470.0000,3470.0000,201,0,
ASIANPAINT_F3,06/30/2023,09:26:00,3480.0000,3480.0000,3480.0000,3480.0000,400,200,
ASIANPAINT_F3,06/30/2023,09:36:00,3480.0000,3480.0000,3480.0000,3480.0000,200,600,
ASIANPAINT_F3,06/30/2023,09:40:00,3475.0000,3475.0000,3475.0000,3475.0000,200,800,
ASIANPAINT_F3,06/30/2023,10:00:00,3444.6001,3444.6001,3444.6001,3444.6001,200,1000,
ASIANPAINT_F3,06/30/2023,10:46:00,3436.2500,3436.2500,3436.2500,3436.2500,200,1200,
ASIANPAINT_F3,06/30/2023,10:58:00,3428.8000,3428.8000,3428.8000,3428.8000,200,1400,
ASIANPAINT_F3,06/30/2023,11:09:00,3428.8000,3428.8000,3428.8000,3428.8000,200,1600,
ASIANPAINT_F3,06/30/2023,11:16:00,3432.0000,3432.0000,3432.0000,3432.0000,200,1800,
ASIANPAINT_F3,06/30/2023,11:40:00,3429.0000,3429.0000,3429.0000,3429.0000,200,2000,
ASIANPAINT_F3,06/30/2023,13:17:00,3425.0000,3425.0000,3425.0000,3425.0000,200,2000,
ASIANPAINT_F3,06/30/2023,13:32:00,3423.2500,3423.2500,3423.2500,3423.2500,200,2200,
ASIANPAINT_F3,06/30/2023,14:19:00,3423.2500,3423.2500,3423.2500,3423.2500,200,2400,
ASIANPAINT_F3,06/30/2023,15:00:00,3425.0000,3425.0000,3425.0000,3425.0000,200,2600,
