<ticker>,<date>,<time>,<open>,<high>,<low>,<close>,<volume>,<OI> ,
BATAINDIA_F1,07/03/2023,09:15:00,1680.2500,1685.0000,1680.2000,1682.2000,3002,1330500,
BATAINDIA_F1,07/03/2023,09:16:00,1683.6000,1686.5500,1683.6000,1686.5500,3375,1330500,
BATAINDIA_F1,07/03/2023,09:17:00,1683.9500,1687.0000,1683.9500,1684.6500,6750,1332750,
BATAINDIA_F1,07/03/2023,09:18:00,1685.0000,1686.4000,1685.0000,1686.3000,1875,1332750,
BATAINDIA_F1,07/03/2023,09:19:00,1687.9500,1688.0000,1687.2000,1687.2000,5625,1332750,
BATAINDIA_F1,07/03/2023,09:20:00,1687.2000,1687.2000,1683.9000,1683.9000,2250,1336875,
BATAINDIA_F1,07/03/2023,09:21:00,1684.2000,1684.2000,1683.0000,1683.0000,2250,1336875,
BATAINDIA_F1,07/03/2023,09:22:00,1683.0000,1683.6000,1682.4500,1683.0000,3000,1336875,
BATAINDIA_F1,07/03/2023,09:23:00,1683.2000,1685.6500,1683.2000,1685.6500,1125,1337250,
BATAINDIA_F1,07/03/2023,09:24:00,1684.9500,1688.6500,1684.9500,1688.6500,4125,1337250,
BATAINDIA_F1,07/03/2023,09:25:00,1688.6500,1688.6500,1686.3500,1686.9500,3375,1337250,
BATAINDIA_F1,07/03/2023,09:26:00,1685.5500,1685.8000,1685.1000,1685.1000,3000,1339500,
BATAINDIA_F1,07/03/2023,09:27:00,1685.0500,1685.0500,1685.0500,1685.0500,750,1339500,
BATAINDIA_F1,07/03/2023,09:28:00,1682.6000,1683.0000,1682.6000,1683.0000,1500,1339500,
BATAINDIA_F1,07/03/2023,09:29:00,1684.8000,1685.6000,1684.8000,1685.6000,3750,1339125,
BATAINDIA_F1,07/03/2023,09:30:00,1686.1500,1686.1500,1684.6000,1684.6000,4875,1339125,
BATAINDIA_F1,07/03/2023,09:31:00,1685.0000,1685.0000,1683.3000,1683.9000,2250,1339125,
BATAINDIA_F1,07/03/2023,09:32:00,1684.0000,1684.0000,1681.9000,1681.9000,3375,1342875,
BATAINDIA_F1,07/03/2023,09:33:00,1682.8500,1682.9000,1681.2500,1681.9500,1875,1342875,
BATAINDIA_F1,07/03/2023,09:34:00,1682.0000,1683.0000,1682.0000,1683.0000,1875,1342875,
BATAINDIA_F1,07/03/2023,09:35:00,1682.3000,1683.5500,1682.3000,1683.5500,750,1347000,
BATAINDIA_F1,07/03/2023,09:36:00,1682.2000,1682.2000,1681.2000,1681.2000,2625,1347000,
BATAINDIA_F1,07/03/2023,09:37:00,1681.0000,1682.0000,1681.0000,1682.0000,1125,1347000,
BATAINDIA_F1,07/03/2023,09:38:00,1682.2000,1682.9500,1682.2000,1682.9500,1500,1348875,
BATAINDIA_F1,07/03/2023,09:39:00,1681.1000,1681.1000,1680.0000,1680.0000,4125,1348875,
BATAINDIA_F1,07/03/2023,09:40:00,1678.9000,1678.9000,1677.8000,1677.8000,2250,1348875,
BATAINDIA_F1,07/03/2023,09:41:00,1677.4000,1677.4000,1677.4000,1677.4000,1125,1352250,
BATAINDIA_F1,07/03/2023,09:42:00,1678.8000,1679.1000,1677.6500,1679.1000,3750,1352250,
BATAINDIA_F1,07/03/2023,09:43:00,1678.4000,1681.2000,1678.4000,1680.7000,3750,1352250,
BATAINDIA_F1,07/03/2023,09:44:00,1680.8500,1683.3500,1680.0000,1683.3500,4500,1354125,
BATAINDIA_F1,07/03/2023,09:45:00,1681.7000,1682.8500,1681.4500,1681.4500,2250,1354125,
BATAINDIA_F1,07/03/2023,09:46:00,1680.9000,1680.9000,1680.9000,1680.9000,375,1354125,
BATAINDIA_F1,07/03/2023,09:47:00,1678.9500,1678.9500,1678.5000,1678.8000,9375,1353375,
BATAINDIA_F1,07/03/2023,09:48:00,1679.9000,1680.0500,1679.9000,1680.0500,750,1353375,
BATAINDIA_F1,07/03/2023,09:49:00,1680.0000,1680.0000,1678.0000,1678.0000,1125,1353375,
BATAINDIA_F1,07/03/2023,09:50:00,1677.2000,1677.2000,1673.0000,1674.0000,7875,1353000,
BATAINDIA_F1,07/03/2023,09:51:00,1673.2500,1675.2000,1672.6000,1675.2000,9000,1353000,
BATAINDIA_F1,07/03/2023,09:52:00,1673.4500,1675.3500,1673.4500,1675.3500,1875,1353000,
BATAINDIA_F1,07/03/2023,09:53:00,1674.3500,1674.3500,1673.0000,1673.0000,4500,1359375,
BATAINDIA_F1,07/03/2023,09:54:00,1673.0500,1673.0500,1673.0000,1673.0000,1125,1359375,
BATAINDIA_F1,07/03/2023,09:55:00,1672.3000,1672.3000,1670.4500,1670.4500,3375,1359375,
BATAINDIA_F1,07/03/2023,09:56:00,1670.4500,1670.6000,1667.1500,1667.1500,15000,1362750,
BATAINDIA_F1,07/03/2023,09:57:00,1667.1500,1670.4000,1667.1500,1670.4000,6000,1362750,
BATAINDIA_F1,07/03/2023,09:58:00,1670.6500,1670.6500,1668.0500,1668.0500,3000,1362750,
BATAINDIA_F1,07/03/2023,09:59:00,1668.0500,1669.5000,1668.0500,1669.5000,1875,1362375,
BATAINDIA_F1,07/03/2023,10:00:00,1669.1000,1670.0000,1669.1000,1670.0000,1500,1362375,
BATAINDIA_F1,07/03/2023,10:01:00,1669.0000,1669.0000,1668.5000,1668.5000,750,1362375,
BATAINDIA_F1,07/03/2023,10:02:00,1668.5000,1668.5000,1667.2000,1667.2000,3750,1363875,
BATAINDIA_F1,07/03/2023,10:03:00,1667.5000,1668.0000,1667.0000,1667.6000,1875,1363875,
BATAINDIA_F1,07/03/2023,10:04:00,1667.0000,1668.0000,1666.3000,1668.0000,4500,1363875,
BATAINDIA_F1,07/03/2023,10:05:00,1667.2000,1667.9500,1665.5500,1665.5500,12750,1361250,
BATAINDIA_F1,07/03/2023,10:06:00,1665.8500,1666.0000,1663.2000,1663.2000,25500,1361250,
BATAINDIA_F1,07/03/2023,10:07:00,1664.0000,1666.3500,1664.0000,1664.0500,4875,1361250,
BATAINDIA_F1,07/03/2023,10:08:00,1663.8500,1663.8500,1661.5000,1661.5000,11625,1364625,
BATAINDIA_F1,07/03/2023,10:09:00,1661.2000,1661.2000,1658.4500,1658.9500,25500,1364625,
BATAINDIA_F1,07/03/2023,10:10:00,1660.0000,1660.0000,1658.8000,1659.0000,4500,1364625,
BATAINDIA_F1,07/03/2023,10:11:00,1658.0000,1660.0000,1657.6000,1660.0000,3750,1375125,
BATAINDIA_F1,07/03/2023,10:12:00,1659.2000,1660.0500,1658.0500,1658.8500,6375,1375125,
BATAINDIA_F1,07/03/2023,10:13:00,1659.0000,1661.9000,1659.0000,1661.1500,4500,1375125,
BATAINDIA_F1,07/03/2023,10:14:00,1663.6500,1663.6500,1661.1500,1661.1500,3750,1378125,
BATAINDIA_F1,07/03/2023,10:15:00,1661.5000,1661.9500,1660.6500,1660.6500,1875,1378125,
BATAINDIA_F1,07/03/2023,10:16:00,1660.6500,1661.8500,1660.6500,1661.8500,1125,1378125,
BATAINDIA_F1,07/03/2023,10:17:00,1661.8000,1661.8000,1660.5000,1660.5000,2625,1378125,
BATAINDIA_F1,07/03/2023,10:18:00,1660.4500,1660.4500,1658.9000,1658.9000,2250,1378125,
BATAINDIA_F1,07/03/2023,10:19:00,1659.0000,1659.0000,1658.0500,1658.0500,9750,1378125,
BATAINDIA_F1,07/03/2023,10:20:00,1658.0500,1660.1500,1658.0500,1660.1500,750,1374375,
BATAINDIA_F1,07/03/2023,10:21:00,1659.5000,1659.5000,1659.5000,1659.5000,375,1374375,
BATAINDIA_F1,07/03/2023,10:22:00,1658.7000,1658.7000,1658.7000,1658.7000,375,1374375,
BATAINDIA_F1,07/03/2023,10:23:00,1661.4500,1661.4500,1659.4500,1661.0000,2625,1375500,
BATAINDIA_F1,07/03/2023,10:24:00,1660.6000,1664.0000,1660.6000,1663.3000,32250,1375500,
BATAINDIA_F1,07/03/2023,10:25:00,1662.7500,1665.5000,1661.4000,1663.8500,22500,1375500,
BATAINDIA_F1,07/03/2023,10:26:00,1663.3500,1665.2000,1662.5500,1663.7500,7125,1392000,
BATAINDIA_F1,07/03/2023,10:27:00,1663.0000,1664.2500,1662.9500,1662.9500,1125,1392000,
BATAINDIA_F1,07/03/2023,10:28:00,1663.0000,1663.0000,1663.0000,1663.0000,375,1392000,
BATAINDIA_F1,07/03/2023,10:29:00,1663.2000,1663.2000,1663.2000,1663.2000,375,1392750,
BATAINDIA_F1,07/03/2023,10:30:00,1663.9000,1663.9000,1662.2500,1662.2500,1125,1392750,
BATAINDIA_F1,07/03/2023,10:31:00,1662.2000,1663.6000,1661.4000,1663.6000,2625,1392750,
BATAINDIA_F1,07/03/2023,10:32:00,1663.7000,1663.7000,1663.7000,1663.7000,375,1393875,
BATAINDIA_F1,07/03/2023,10:33:00,1664.8000,1664.8000,1663.7000,1663.7000,750,1393875,
BATAINDIA_F1,07/03/2023,10:34:00,1664.5000,1666.2500,1664.5000,1666.2500,3375,1393875,
BATAINDIA_F1,07/03/2023,10:35:00,1668.0000,1668.0000,1664.2500,1664.2500,9750,1390125,
BATAINDIA_F1,07/03/2023,10:36:00,1664.1500,1665.5000,1664.1500,1665.5000,1125,1390125,
BATAINDIA_F1,07/03/2023,10:37:00,1663.8500,1663.8500,1663.8500,1663.8500,375,1390125,
BATAINDIA_F1,07/03/2023,10:38:00,1665.0000,1665.0000,1662.9000,1662.9000,1500,1389750,
BATAINDIA_F1,07/03/2023,10:39:00,1663.0000,1664.5000,1663.0000,1663.4500,9750,1389750,
BATAINDIA_F1,07/03/2023,10:40:00,1663.3500,1665.0000,1663.3500,1665.0000,3000,1389750,
BATAINDIA_F1,07/03/2023,10:41:00,1665.6000,1665.6000,1664.3000,1664.3000,750,1386375,
BATAINDIA_F1,07/03/2023,10:42:00,1663.7500,1664.0000,1661.8000,1661.8000,18750,1386375,
BATAINDIA_F1,07/03/2023,10:43:00,1664.2500,1664.5000,1662.1000,1664.5000,7125,1386375,
BATAINDIA_F1,07/03/2023,10:44:00,1664.4000,1665.8500,1663.7000,1665.8500,4500,1381875,
BATAINDIA_F1,07/03/2023,10:45:00,1665.6500,1665.6500,1664.0000,1664.8000,1500,1381875,
BATAINDIA_F1,07/03/2023,10:46:00,1664.0000,1666.0000,1664.0000,1666.0000,1500,1381875,
BATAINDIA_F1,07/03/2023,10:47:00,1663.9500,1665.0000,1663.7000,1665.0000,3375,1383750,
BATAINDIA_F1,07/03/2023,10:48:00,1664.5000,1664.5000,1663.8500,1663.8500,1125,1383750,
BATAINDIA_F1,07/03/2023,10:49:00,1664.0000,1664.0500,1662.8500,1662.8500,12375,1383750,
BATAINDIA_F1,07/03/2023,10:50:00,1662.5500,1664.4500,1662.5500,1664.4500,750,1389375,
BATAINDIA_F1,07/03/2023,10:51:00,1663.6000,1664.5000,1663.6000,1664.5000,1125,1389375,
BATAINDIA_F1,07/03/2023,10:52:00,1664.5000,1664.9000,1663.3000,1663.3000,1875,1389375,
BATAINDIA_F1,07/03/2023,10:53:00,1663.5000,1663.5000,1662.7500,1662.7500,750,1389375,
BATAINDIA_F1,07/03/2023,10:54:00,1663.0000,1663.1000,1663.0000,1663.1000,1125,1389000,
BATAINDIA_F1,07/03/2023,10:55:00,1663.1500,1663.1500,1663.1500,1663.1500,375,1389000,
BATAINDIA_F1,07/03/2023,10:56:00,1664.3500,1664.3500,1663.1000,1663.1000,1125,1389750,
BATAINDIA_F1,07/03/2023,10:57:00,1663.3000,1663.3000,1663.3000,1663.3000,375,1389750,
BATAINDIA_F1,07/03/2023,10:58:00,1663.3000,1663.3000,1662.6500,1662.6500,750,1389750,
BATAINDIA_F1,07/03/2023,10:59:00,1663.4500,1663.8500,1662.5500,1662.5500,1125,1391625,
BATAINDIA_F1,07/03/2023,11:00:00,1662.9000,1663.6500,1662.2000,1662.2000,1500,1391625,
BATAINDIA_F1,07/03/2023,11:01:00,1662.5500,1662.5500,1660.9500,1660.9500,750,1391625,
BATAINDIA_F1,07/03/2023,11:02:00,1661.0500,1661.0500,1661.0500,1661.0500,375,1391625,
BATAINDIA_F1,07/03/2023,11:03:00,1662.5000,1662.5000,1661.8000,1662.2000,1125,1391625,
BATAINDIA_F1,07/03/2023,11:04:00,1661.0500,1662.1500,1661.0000,1661.0000,1500,1391625,
BATAINDIA_F1,07/03/2023,11:05:00,1661.6000,1663.3500,1661.6000,1663.3500,1500,1393125,
BATAINDIA_F1,07/03/2023,11:06:00,1662.0000,1663.1500,1662.0000,1663.1500,750,1393125,
BATAINDIA_F1,07/03/2023,11:07:00,1661.6500,1663.4500,1661.6500,1663.4500,1500,1393125,
BATAINDIA_F1,07/03/2023,11:08:00,1661.8500,1662.3000,1661.8500,1662.3000,750,1393125,
BATAINDIA_F1,07/03/2023,11:09:00,1661.6500,1661.6500,1661.6500,1661.6500,375,1394250,
BATAINDIA_F1,07/03/2023,11:10:00,1662.3000,1663.3500,1661.6500,1661.6500,1875,1394250,
BATAINDIA_F1,07/03/2023,11:11:00,1661.3500,1661.3500,1661.3000,1661.3000,750,1393875,
BATAINDIA_F1,07/03/2023,11:12:00,1661.2000,1661.2000,1661.2000,1661.2000,375,1393875,
BATAINDIA_F1,07/03/2023,11:13:00,1661.2000,1662.4500,1661.0000,1662.4500,4500,1393875,
BATAINDIA_F1,07/03/2023,11:14:00,1661.8500,1661.8500,1661.8500,1661.8500,375,1393875,
BATAINDIA_F1,07/03/2023,11:15:00,1661.3000,1661.5500,1661.3000,1661.4000,1500,1397250,
BATAINDIA_F1,07/03/2023,11:16:00,1661.5500,1661.5500,1661.3000,1661.5000,2250,1397250,
BATAINDIA_F1,07/03/2023,11:17:00,1661.3000,1662.8500,1661.3000,1662.5500,2250,1398750,
BATAINDIA_F1,07/03/2023,11:18:00,1663.8500,1665.0000,1663.3000,1665.0000,1875,1398750,
BATAINDIA_F1,07/03/2023,11:19:00,1664.5500,1665.0000,1664.5500,1665.0000,1125,1398750,
BATAINDIA_F1,07/03/2023,11:20:00,1664.9000,1664.9000,1664.1000,1664.1000,750,1398750,
BATAINDIA_F1,07/03/2023,11:21:00,1662.9500,1662.9500,1662.3000,1662.3000,4125,1397250,
BATAINDIA_F1,07/03/2023,11:22:00,1661.5000,1661.9500,1661.0500,1661.9500,1500,1397250,
BATAINDIA_F1,07/03/2023,11:23:00,1661.4500,1661.4500,1661.4500,1661.4500,375,1395750,
BATAINDIA_F1,07/03/2023,11:24:00,1662.0000,1663.8500,1662.0000,1662.4500,3000,1395750,
BATAINDIA_F1,07/03/2023,11:25:00,1662.5500,1664.0000,1662.5500,1664.0000,7875,1395750,
BATAINDIA_F1,07/03/2023,11:26:00,1665.9000,1665.9000,1664.2000,1664.2000,14250,1403625,
BATAINDIA_F1,07/03/2023,11:27:00,1664.6500,1664.6500,1664.6500,1664.6500,375,1403625,
BATAINDIA_F1,07/03/2023,11:28:00,1664.2000,1664.2000,1664.2000,1664.2000,375,1403625,
BATAINDIA_F1,07/03/2023,11:29:00,1665.1500,1665.3000,1663.4000,1663.4000,2250,1403625,
BATAINDIA_F1,07/03/2023,11:30:00,1662.4500,1662.4500,1662.4500,1662.4500,375,1404750,
BATAINDIA_F1,07/03/2023,11:31:00,1662.4500,1662.4500,1662.4500,1662.4500,375,1404750,
BATAINDIA_F1,07/03/2023,11:32:00,1662.8000,1663.5500,1662.8000,1663.5500,750,1405875,
BATAINDIA_F1,07/03/2023,11:33:00,1662.0000,1662.0000,1662.0000,1662.0000,375,1405875,
BATAINDIA_F1,07/03/2023,11:34:00,1663.3000,1663.3000,1663.3000,1663.3000,750,1405875,
BATAINDIA_F1,07/03/2023,11:35:00,1662.7000,1663.6500,1662.7000,1663.6500,1500,1406250,
BATAINDIA_F1,07/03/2023,11:36:00,1662.0500,1662.0500,1662.0500,1662.0500,375,1406250,
BATAINDIA_F1,07/03/2023,11:37:00,1662.7500,1662.7500,1662.7500,1662.7500,375,1406250,
BATAINDIA_F1,07/03/2023,11:38:00,1663.9000,1664.6000,1663.3000,1663.3000,1125,1408125,
BATAINDIA_F1,07/03/2023,11:39:00,1662.6000,1662.6000,1662.6000,1662.6000,375,1408125,
BATAINDIA_F1,07/03/2023,11:40:00,1662.9000,1662.9000,1662.2000,1662.2000,750,1408125,
BATAINDIA_F1,07/03/2023,11:41:00,1662.1500,1663.7000,1662.1500,1663.7000,750,1408875,
BATAINDIA_F1,07/03/2023,11:42:00,1662.0500,1662.0500,1662.0500,1662.0500,375,1408875,
BATAINDIA_F1,07/03/2023,11:43:00,1662.0000,1662.0000,1662.0000,1662.0000,375,1408875,
BATAINDIA_F1,07/03/2023,11:44:00,1661.7000,1661.7000,1661.7000,1661.7000,375,1408875,
BATAINDIA_F1,07/03/2023,11:45:00,1662.0000,1663.7000,1662.0000,1663.3500,3000,1410000,
BATAINDIA_F1,07/03/2023,11:46:00,1662.0000,1662.0000,1662.0000,1662.0000,375,1410000,
BATAINDIA_F1,07/03/2023,11:47:00,1661.6500,1661.6500,1661.6500,1661.6500,375,1410000,
BATAINDIA_F1,07/03/2023,11:48:00,1661.0000,1662.4500,1661.0000,1662.4500,750,1411500,
BATAINDIA_F1,07/03/2023,11:49:00,1660.2500,1661.9500,1660.2500,1661.9500,1500,1411500,
BATAINDIA_F1,07/03/2023,11:50:00,1660.2000,1661.9500,1660.2000,1661.7000,1125,1413750,
BATAINDIA_F1,07/03/2023,11:51:00,1662.8000,1662.8000,1661.4000,1661.4000,750,1413750,
BATAINDIA_F1,07/03/2023,11:52:00,1661.3000,1661.3000,1661.3000,1661.3000,375,1413750,
BATAINDIA_F1,07/03/2023,11:53:00,1661.0500,1661.7000,1661.0500,1661.7000,1125,1414875,
BATAINDIA_F1,07/03/2023,11:54:00,1660.5500,1661.1000,1660.3000,1661.1000,1125,1414875,
BATAINDIA_F1,07/03/2023,11:55:00,1661.0000,1661.0000,1660.0000,1660.0000,3000,1414875,
BATAINDIA_F1,07/03/2023,11:56:00,1659.5000,1659.8000,1658.2000,1658.2000,6000,1418250,
BATAINDIA_F1,07/03/2023,11:57:00,1658.1500,1658.1500,1658.1000,1658.1000,1125,1418250,
BATAINDIA_F1,07/03/2023,11:58:00,1658.0000,1659.4500,1658.0000,1658.3000,1500,1418250,
BATAINDIA_F1,07/03/2023,11:59:00,1658.8000,1659.9000,1658.8000,1659.1500,2625,1419750,
BATAINDIA_F1,07/03/2023,12:00:00,1659.4000,1659.4000,1659.4000,1659.4000,750,1419750,
BATAINDIA_F1,07/03/2023,12:01:00,1658.0000,1658.0000,1658.0000,1658.0000,375,1419750,
BATAINDIA_F1,07/03/2023,12:02:00,1658.2000,1658.9000,1657.6000,1658.9000,3375,1419750,
BATAINDIA_F1,07/03/2023,12:03:00,1658.8000,1659.3000,1657.3500,1658.5500,5250,1422375,
BATAINDIA_F1,07/03/2023,12:04:00,1658.8500,1659.8500,1657.6500,1657.6500,1875,1422375,
BATAINDIA_F1,07/03/2023,12:05:00,1658.8000,1658.8000,1658.8000,1658.8000,750,1422375,
BATAINDIA_F1,07/03/2023,12:06:00,1658.4500,1658.4500,1658.4500,1658.4500,375,1422375,
BATAINDIA_F1,07/03/2023,12:07:00,1658.7500,1658.7500,1657.3500,1657.3500,750,1422375,
BATAINDIA_F1,07/03/2023,12:08:00,1657.8500,1657.8500,1657.8500,1657.8500,375,1422375,
BATAINDIA_F1,07/03/2023,12:09:00,1657.5000,1657.5000,1657.3500,1657.3500,750,1423500,
BATAINDIA_F1,07/03/2023,12:10:00,1657.3500,1657.3500,1657.3500,1657.3500,375,1423500,
BATAINDIA_F1,07/03/2023,12:11:00,1657.6000,1658.0000,1657.6000,1658.0000,750,1423500,
BATAINDIA_F1,07/03/2023,12:12:00,1657.7000,1657.7000,1657.7000,1657.7000,375,1424625,
BATAINDIA_F1,07/03/2023,12:13:00,1658.4500,1658.4500,1658.4500,1658.4500,375,1424625,
BATAINDIA_F1,07/03/2023,12:14:00,1657.6000,1657.6000,1657.6000,1657.6000,375,1424625,
BATAINDIA_F1,07/03/2023,12:15:00,1658.0000,1658.0000,1658.0000,1658.0000,2625,1425375,
BATAINDIA_F1,07/03/2023,12:16:00,1657.6000,1658.6000,1657.6000,1658.6000,750,1425375,
BATAINDIA_F1,07/03/2023,12:17:00,1657.9500,1658.9000,1657.9500,1658.9000,750,1426500,
BATAINDIA_F1,07/03/2023,12:18:00,1657.9500,1659.1000,1657.7000,1657.7000,1500,1426500,
BATAINDIA_F1,07/03/2023,12:19:00,1658.4000,1658.4000,1658.4000,1658.4000,375,1426500,
BATAINDIA_F1,07/03/2023,12:20:00,1658.0000,1658.0000,1658.0000,1658.0000,375,1427625,
BATAINDIA_F1,07/03/2023,12:21:00,1658.0000,1658.0000,1658.0000,1658.0000,375,1427625,
BATAINDIA_F1,07/03/2023,12:22:00,1657.8500,1657.8500,1656.0500,1656.0500,3750,1427625,
BATAINDIA_F1,07/03/2023,12:23:00,1656.0500,1656.5500,1652.8000,1652.8000,10125,1433625,
BATAINDIA_F1,07/03/2023,12:24:00,1652.8000,1653.6500,1652.5500,1652.5500,5250,1433625,
BATAINDIA_F1,07/03/2023,12:25:00,1652.5500,1654.5500,1652.5500,1653.9000,3750,1433625,
BATAINDIA_F1,07/03/2023,12:26:00,1653.0500,1653.0500,1653.0000,1653.0000,1875,1439250,
BATAINDIA_F1,07/03/2023,12:27:00,1653.0000,1653.0000,1648.3500,1648.8000,27750,1439250,
BATAINDIA_F1,07/03/2023,12:28:00,1648.8000,1649.9500,1646.5500,1646.5500,8250,1439250,
BATAINDIA_F1,07/03/2023,12:29:00,1646.6500,1648.0000,1643.2000,1644.5000,25500,1470375,
BATAINDIA_F1,07/03/2023,12:30:00,1645.0000,1645.2500,1633.5500,1636.1500,57750,1470375,
BATAINDIA_F1,07/03/2023,12:31:00,1636.8000,1637.4500,1635.0500,1636.4000,9750,1470375,
BATAINDIA_F1,07/03/2023,12:32:00,1636.2000,1637.1500,1630.6000,1631.9000,16875,1488750,
BATAINDIA_F1,07/03/2023,12:33:00,1632.8000,1635.3000,1632.0500,1632.2500,9750,1488750,
BATAINDIA_F1,07/03/2023,12:34:00,1632.9500,1633.7500,1630.5000,1631.0000,11250,1488750,
BATAINDIA_F1,07/03/2023,12:35:00,1632.3500,1632.7000,1628.0500,1630.7500,18750,1497000,
BATAINDIA_F1,07/03/2023,12:36:00,1631.2000,1634.7500,1630.9500,1632.3500,12000,1497000,
BATAINDIA_F1,07/03/2023,12:37:00,1632.2000,1633.1500,1632.2000,1632.7000,5250,1497000,
BATAINDIA_F1,07/03/2023,12:38:00,1632.0500,1633.3500,1632.0500,1632.8500,2250,1494750,
BATAINDIA_F1,07/03/2023,12:39:00,1633.3500,1636.0000,1632.1000,1634.0000,3375,1494750,
BATAINDIA_F1,07/03/2023,12:40:00,1635.5500,1636.9500,1634.2500,1636.9500,4500,1494750,
BATAINDIA_F1,07/03/2023,12:41:00,1636.9500,1637.2500,1635.5500,1636.8500,6375,1496250,
BATAINDIA_F1,07/03/2023,12:42:00,1637.6000,1637.6000,1636.4000,1637.6000,2625,1496250,
BATAINDIA_F1,07/03/2023,12:43:00,1637.6000,1639.1500,1637.2000,1638.4000,6375,1496250,
BATAINDIA_F1,07/03/2023,12:44:00,1638.6000,1639.2000,1638.6000,1639.2000,2250,1496250,
BATAINDIA_F1,07/03/2023,12:45:00,1638.0500,1639.0500,1638.0000,1639.0500,1500,1496250,
BATAINDIA_F1,07/03/2023,12:46:00,1638.0000,1639.2000,1637.6000,1637.9000,3375,1496250,
BATAINDIA_F1,07/03/2023,12:47:00,1639.1000,1639.6500,1638.1500,1639.0000,1500,1499250,
BATAINDIA_F1,07/03/2023,12:48:00,1638.0000,1638.0000,1638.0000,1638.0000,375,1499250,
BATAINDIA_F1,07/03/2023,12:49:00,1639.7000,1639.7000,1638.0000,1638.0000,1875,1499250,
BATAINDIA_F1,07/03/2023,12:50:00,1639.4000,1639.7500,1639.4000,1639.7500,1875,1499250,
BATAINDIA_F1,07/03/2023,12:51:00,1639.7000,1639.7000,1639.1000,1639.5000,1500,1501500,
BATAINDIA_F1,07/03/2023,12:52:00,1639.6500,1639.9500,1638.8000,1639.9500,1875,1501500,
BATAINDIA_F1,07/03/2023,12:53:00,1639.6000,1640.2000,1639.2500,1639.6500,12750,1506000,
BATAINDIA_F1,07/03/2023,12:54:00,1639.2500,1639.2500,1639.2500,1639.2500,375,1506000,
BATAINDIA_F1,07/03/2023,12:55:00,1638.6500,1639.6500,1638.6500,1639.5000,1500,1506000,
BATAINDIA_F1,07/03/2023,12:56:00,1638.6500,1639.5500,1638.6500,1639.5500,1125,1506000,
BATAINDIA_F1,07/03/2023,12:57:00,1640.0000,1640.9500,1639.0000,1640.9500,6375,1506750,
BATAINDIA_F1,07/03/2023,12:58:00,1640.9000,1640.9000,1639.8000,1639.8000,2625,1506750,
BATAINDIA_F1,07/03/2023,12:59:00,1639.1000,1640.4500,1639.1000,1640.2000,2625,1510875,
BATAINDIA_F1,07/03/2023,13:00:00,1640.6500,1641.6000,1640.2000,1640.2000,9750,1510875,
BATAINDIA_F1,07/03/2023,13:01:00,1640.7500,1641.1500,1640.7500,1641.1500,1875,1510875,
BATAINDIA_F1,07/03/2023,13:02:00,1642.0000,1642.4500,1640.8500,1640.8500,6000,1510875,
BATAINDIA_F1,07/03/2023,13:03:00,1641.0000,1641.4000,1640.8500,1641.0500,3000,1513875,
BATAINDIA_F1,07/03/2023,13:04:00,1642.9000,1642.9000,1642.0000,1642.0000,2250,1513875,
BATAINDIA_F1,07/03/2023,13:05:00,1642.9500,1644.0000,1641.8000,1644.0000,3375,1517625,
BATAINDIA_F1,07/03/2023,13:06:00,1644.1500,1644.1500,1643.5500,1643.8500,3000,1517625,
BATAINDIA_F1,07/03/2023,13:07:00,1643.9500,1644.0000,1642.7000,1642.7000,1125,1517625,
BATAINDIA_F1,07/03/2023,13:08:00,1644.7500,1644.7500,1642.9500,1643.5000,3750,1521375,
BATAINDIA_F1,07/03/2023,13:09:00,1642.4500,1643.3500,1642.4500,1643.3500,750,1521375,
BATAINDIA_F1,07/03/2023,13:10:00,1642.2000,1642.2000,1641.5000,1641.5000,1875,1521375,
BATAINDIA_F1,07/03/2023,13:11:00,1641.0000,1641.0000,1640.5000,1640.5000,1500,1522875,
BATAINDIA_F1,07/03/2023,13:12:00,1640.2500,1640.3000,1640.2500,1640.3000,750,1522875,
BATAINDIA_F1,07/03/2023,13:13:00,1640.0000,1640.7000,1639.0000,1640.7000,2250,1522875,
BATAINDIA_F1,07/03/2023,13:14:00,1639.6000,1639.6000,1639.6000,1639.6000,750,1525125,
BATAINDIA_F1,07/03/2023,13:15:00,1639.4500,1639.4500,1639.4500,1639.4500,375,1525125,
BATAINDIA_F1,07/03/2023,13:16:00,1640.7000,1640.7000,1639.9000,1640.0000,1875,1525125,
BATAINDIA_F1,07/03/2023,13:17:00,1641.0000,1641.0000,1640.0000,1640.0000,750,1525125,
BATAINDIA_F1,07/03/2023,13:18:00,1641.6500,1641.9000,1640.2500,1641.8000,1500,1525125,
BATAINDIA_F1,07/03/2023,13:19:00,1640.6500,1641.8500,1640.0000,1640.0000,4875,1525125,
BATAINDIA_F1,07/03/2023,13:20:00,1639.2000,1639.2000,1639.0000,1639.0000,1125,1525125,
BATAINDIA_F1,07/03/2023,13:21:00,1638.0500,1638.2500,1638.0500,1638.2500,1125,1527375,
BATAINDIA_F1,07/03/2023,13:22:00,1638.0000,1638.0000,1637.6000,1637.6000,1500,1527375,
BATAINDIA_F1,07/03/2023,13:23:00,1637.1500,1637.6000,1637.1500,1637.6000,1500,1527375,
BATAINDIA_F1,07/03/2023,13:24:00,1636.4000,1636.4000,1636.4000,1636.4000,375,1528500,
BATAINDIA_F1,07/03/2023,13:25:00,1636.8500,1636.9000,1636.8500,1636.8500,2625,1528500,
BATAINDIA_F1,07/03/2023,13:26:00,1636.7000,1637.4000,1636.2000,1637.4000,1500,1528500,
BATAINDIA_F1,07/03/2023,13:27:00,1636.5500,1636.5500,1636.2500,1636.2500,1125,1528500,
BATAINDIA_F1,07/03/2023,13:28:00,1636.3000,1636.3000,1636.3000,1636.3000,750,1528500,
BATAINDIA_F1,07/03/2023,13:29:00,1636.3000,1636.3000,1636.3000,1636.3000,375,1528500,
BATAINDIA_F1,07/03/2023,13:30:00,1637.2000,1637.2000,1636.2000,1636.2000,2250,1529625,
BATAINDIA_F1,07/03/2023,13:31:00,1636.0000,1636.0000,1635.5000,1635.5000,750,1529625,
BATAINDIA_F1,07/03/2023,13:32:00,1636.9000,1636.9000,1636.2000,1636.2000,750,1529625,
BATAINDIA_F1,07/03/2023,13:33:00,1636.2000,1636.2000,1636.2000,1636.2000,375,1531875,
BATAINDIA_F1,07/03/2023,13:34:00,1636.6000,1637.6500,1636.5000,1637.6500,2625,1531875,
BATAINDIA_F1,07/03/2023,13:35:00,1637.3000,1639.2500,1637.3000,1639.2500,2625,1531875,
BATAINDIA_F1,07/03/2023,13:36:00,1638.5000,1638.5000,1637.2500,1638.0000,1125,1531875,
BATAINDIA_F1,07/03/2023,13:37:00,1635.8500,1636.9500,1635.8500,1636.9000,1125,1531875,
BATAINDIA_F1,07/03/2023,13:38:00,1635.5500,1635.5500,1635.5500,1635.5500,375,1531875,
BATAINDIA_F1,07/03/2023,13:39:00,1636.3500,1637.8500,1636.2000,1637.8500,2250,1532250,
BATAINDIA_F1,07/03/2023,13:40:00,1637.2500,1638.3000,1637.2500,1638.3000,1125,1532250,
BATAINDIA_F1,07/03/2023,13:41:00,1637.6500,1638.6000,1636.8500,1638.6000,3000,1533750,
BATAINDIA_F1,07/03/2023,13:42:00,1639.3000,1639.3000,1637.1000,1637.4500,4875,1533750,
BATAINDIA_F1,07/03/2023,13:43:00,1637.4000,1637.4000,1637.4000,1637.4000,750,1533750,
BATAINDIA_F1,07/03/2023,13:44:00,1637.2000,1637.2000,1635.7500,1636.3000,7875,1533750,
BATAINDIA_F1,07/03/2023,13:45:00,1636.4000,1636.4000,1633.4500,1633.4500,5625,1536375,
BATAINDIA_F1,07/03/2023,13:46:00,1636.2000,1637.2500,1633.4500,1633.4500,6000,1536375,
BATAINDIA_F1,07/03/2023,13:47:00,1634.2500,1635.6000,1633.1500,1634.1000,7875,1542000,
BATAINDIA_F1,07/03/2023,13:48:00,1635.1000,1636.5000,1633.2000,1633.2000,8250,1542000,
BATAINDIA_F1,07/03/2023,13:49:00,1634.6500,1635.7500,1633.9500,1635.7500,1125,1542000,
BATAINDIA_F1,07/03/2023,13:50:00,1635.3000,1635.3500,1633.8000,1634.9500,2625,1542000,
BATAINDIA_F1,07/03/2023,13:51:00,1634.8500,1635.9000,1634.8500,1635.9000,1500,1547250,
BATAINDIA_F1,07/03/2023,13:52:00,1635.4000,1636.0000,1635.4000,1635.9500,1500,1547250,
BATAINDIA_F1,07/03/2023,13:53:00,1634.9500,1634.9500,1634.9500,1634.9500,375,1547250,
BATAINDIA_F1,07/03/2023,13:54:00,1635.5500,1635.5500,1635.5500,1635.5500,1125,1548750,
BATAINDIA_F1,07/03/2023,13:55:00,1635.5500,1637.7000,1635.5500,1637.7000,3750,1548750,
BATAINDIA_F1,07/03/2023,13:56:00,1636.7500,1639.5000,1636.7500,1637.5500,8625,1548750,
BATAINDIA_F1,07/03/2023,13:57:00,1637.6500,1638.2000,1637.0000,1637.0000,1500,1530000,
BATAINDIA_F1,07/03/2023,13:58:00,1637.6500,1637.8500,1637.6500,1637.8500,1875,1530000,
BATAINDIA_F1,07/03/2023,13:59:00,1638.9500,1640.8000,1638.6500,1640.8000,2625,1530000,
BATAINDIA_F1,07/03/2023,14:00:00,1640.6000,1641.0000,1640.5000,1641.0000,6375,1533000,
BATAINDIA_F1,07/03/2023,14:01:00,1640.6500,1641.7500,1640.6500,1641.2500,2250,1533000,
BATAINDIA_F1,07/03/2023,14:02:00,1642.2500,1642.2500,1641.5500,1642.0000,1875,1533000,
BATAINDIA_F1,07/03/2023,14:03:00,1642.3500,1642.3500,1641.0000,1642.1500,1500,1536000,
BATAINDIA_F1,07/03/2023,14:04:00,1640.9500,1641.6000,1640.9500,1641.6000,750,1536000,
BATAINDIA_F1,07/03/2023,14:05:00,1642.0000,1642.0000,1640.7500,1640.7500,1125,1536000,
BATAINDIA_F1,07/03/2023,14:06:00,1640.4500,1642.0000,1640.0500,1641.7500,9375,1537500,
BATAINDIA_F1,07/03/2023,14:07:00,1641.0000,1641.0000,1641.0000,1641.0000,375,1537500,
BATAINDIA_F1,07/03/2023,14:08:00,1641.6500,1643.1500,1641.5000,1643.1500,1875,1537500,
BATAINDIA_F1,07/03/2023,14:09:00,1641.7000,1641.7000,1641.5000,1641.5000,1500,1541250,
BATAINDIA_F1,07/03/2023,14:10:00,1641.4500,1642.5000,1641.1000,1641.1000,1875,1541250,
BATAINDIA_F1,07/03/2023,14:11:00,1642.3500,1642.3500,1641.1500,1641.1500,1875,1541250,
BATAINDIA_F1,07/03/2023,14:12:00,1642.1000,1642.1000,1640.6000,1641.2000,2625,1543500,
BATAINDIA_F1,07/03/2023,14:13:00,1641.5500,1642.2000,1640.8500,1640.8500,1500,1543500,
BATAINDIA_F1,07/03/2023,14:14:00,1641.4000,1641.4000,1640.7000,1640.7000,1125,1543500,
BATAINDIA_F1,07/03/2023,14:15:00,1641.9000,1641.9000,1641.1000,1641.1000,1875,1546500,
BATAINDIA_F1,07/03/2023,14:16:00,1641.3500,1641.3500,1641.3500,1641.3500,1125,1546500,
BATAINDIA_F1,07/03/2023,14:17:00,1642.0000,1642.0000,1641.3500,1641.3500,1500,1546500,
BATAINDIA_F1,07/03/2023,14:18:00,1641.5500,1641.5500,1641.5500,1641.5500,375,1549125,
BATAINDIA_F1,07/03/2023,14:19:00,1641.8500,1641.8500,1641.8500,1641.8500,375,1549125,
BATAINDIA_F1,07/03/2023,14:20:00,1641.8000,1641.8000,1641.8000,1641.8000,375,1549125,
BATAINDIA_F1,07/03/2023,14:21:00,1641.3500,1641.3500,1641.3500,1641.3500,1875,1550250,
BATAINDIA_F1,07/03/2023,14:22:00,1641.5500,1643.0500,1641.5500,1643.0500,4875,1550250,
BATAINDIA_F1,07/03/2023,14:23:00,1644.9000,1645.1500,1642.7500,1644.6500,12000,1550250,
BATAINDIA_F1,07/03/2023,14:24:00,1645.1500,1647.4000,1645.1500,1646.6500,7125,1560000,
BATAINDIA_F1,07/03/2023,14:25:00,1645.9000,1645.9000,1644.9500,1645.1500,3375,1560000,
BATAINDIA_F1,07/03/2023,14:26:00,1645.1000,1645.1000,1643.7000,1643.7000,3375,1560000,
BATAINDIA_F1,07/03/2023,14:27:00,1643.7000,1643.7000,1642.9500,1642.9500,6000,1564500,
BATAINDIA_F1,07/03/2023,14:28:00,1643.1000,1643.1000,1642.1500,1642.7000,8250,1564500,
BATAINDIA_F1,07/03/2023,14:29:00,1642.7000,1645.2000,1642.7000,1644.5500,14250,1564500,
BATAINDIA_F1,07/03/2023,14:30:00,1644.5500,1645.5000,1643.2500,1643.2500,3750,1582125,
BATAINDIA_F1,07/03/2023,14:31:00,1642.3000,1642.3000,1642.3000,1642.3000,750,1582125,
BATAINDIA_F1,07/03/2023,14:32:00,1642.7500,1643.8500,1642.7500,1643.8500,750,1582125,
BATAINDIA_F1,07/03/2023,14:33:00,1643.8500,1643.8500,1642.6000,1642.6000,750,1585500,
BATAINDIA_F1,07/03/2023,14:34:00,1644.2000,1644.8000,1643.6500,1644.8000,1500,1585500,
BATAINDIA_F1,07/03/2023,14:35:00,1644.7000,1644.7000,1644.0500,1644.0500,750,1585500,
BATAINDIA_F1,07/03/2023,14:36:00,1643.7000,1644.0000,1643.7000,1644.0000,1125,1586625,
BATAINDIA_F1,07/03/2023,14:37:00,1644.0000,1644.0000,1644.0000,1644.0000,375,1586625,
BATAINDIA_F1,07/03/2023,14:38:00,1644.0000,1644.5000,1644.0000,1644.1000,2250,1586625,
BATAINDIA_F1,07/03/2023,14:39:00,1644.5000,1644.5500,1644.1000,1644.1000,1500,1589250,
BATAINDIA_F1,07/03/2023,14:40:00,1645.5500,1646.3000,1645.5500,1646.0000,4500,1589250,
BATAINDIA_F1,07/03/2023,14:41:00,1645.8500,1645.8500,1645.0000,1645.0000,750,1589250,
BATAINDIA_F1,07/03/2023,14:42:00,1644.4000,1645.1500,1643.6000,1645.1500,1875,1591875,
BATAINDIA_F1,07/03/2023,14:43:00,1643.5500,1643.5500,1643.5500,1643.5500,375,1591875,
BATAINDIA_F1,07/03/2023,14:44:00,1643.8500,1643.8500,1641.8000,1641.8000,1125,1591875,
BATAINDIA_F1,07/03/2023,14:45:00,1640.6000,1641.0000,1640.5500,1640.5500,1500,1594875,
BATAINDIA_F1,07/03/2023,14:46:00,1640.2000,1640.2000,1640.2000,1640.2000,375,1594875,
BATAINDIA_F1,07/03/2023,14:47:00,1639.0500,1640.3000,1639.0500,1640.3000,2250,1594875,
BATAINDIA_F1,07/03/2023,14:48:00,1640.7500,1641.4000,1640.7500,1641.4000,1875,1596750,
BATAINDIA_F1,07/03/2023,14:49:00,1640.8000,1641.5000,1640.8000,1641.5000,1500,1596750,
BATAINDIA_F1,07/03/2023,14:50:00,1641.6500,1641.6500,1641.3000,1641.3500,1500,1596750,
BATAINDIA_F1,07/03/2023,14:51:00,1642.2000,1642.2000,1641.5500,1641.5500,750,1596750,
BATAINDIA_F1,07/03/2023,14:52:00,1641.1000,1642.2500,1641.1000,1642.2500,750,1599000,
BATAINDIA_F1,07/03/2023,14:53:00,1642.0000,1642.0000,1642.0000,1642.0000,375,1599000,
BATAINDIA_F1,07/03/2023,14:54:00,1642.5000,1642.5000,1642.5000,1642.5000,375,1599750,
BATAINDIA_F1,07/03/2023,14:55:00,1643.1000,1643.1000,1641.8500,1641.8500,1125,1599750,
BATAINDIA_F1,07/03/2023,14:56:00,1642.2000,1642.2000,1642.2000,1642.2000,375,1599750,
BATAINDIA_F1,07/03/2023,14:57:00,1642.7500,1642.7500,1642.7500,1642.7500,375,1601625,
BATAINDIA_F1,07/03/2023,14:58:00,1642.5000,1643.4500,1642.3000,1642.3000,1875,1601625,
BATAINDIA_F1,07/03/2023,14:59:00,1642.9000,1642.9000,1641.0000,1642.1000,1875,1601625,
BATAINDIA_F1,07/03/2023,15:00:00,1643.0000,1643.2500,1640.8500,1640.8500,3375,1603875,
BATAINDIA_F1,07/03/2023,15:01:00,1641.4000,1641.4000,1639.1500,1639.1500,1500,1603875,
BATAINDIA_F1,07/03/2023,15:02:00,1638.1500,1638.6500,1638.1500,1638.4500,2625,1603875,
BATAINDIA_F1,07/03/2023,15:03:00,1638.4500,1638.4500,1638.0000,1638.0000,1500,1605750,
BATAINDIA_F1,07/03/2023,15:04:00,1638.3500,1638.7500,1638.3500,1638.7500,750,1605750,
BATAINDIA_F1,07/03/2023,15:05:00,1637.5500,1637.5500,1637.5500,1637.5500,750,1605750,
BATAINDIA_F1,07/03/2023,15:06:00,1638.5000,1638.5000,1638.5000,1638.5000,750,1605750,
BATAINDIA_F1,07/03/2023,15:07:00,1638.0000,1638.0500,1638.0000,1638.0500,750,1608000,
BATAINDIA_F1,07/03/2023,15:08:00,1638.1000,1638.7500,1638.1000,1638.7500,1500,1608000,
BATAINDIA_F1,07/03/2023,15:09:00,1638.7000,1639.3000,1638.0500,1639.3000,2625,1609875,
BATAINDIA_F1,07/03/2023,15:10:00,1640.0000,1640.0000,1637.8500,1637.8500,2625,1609875,
BATAINDIA_F1,07/03/2023,15:11:00,1639.2500,1639.7500,1638.6000,1639.7500,1500,1609875,
BATAINDIA_F1,07/03/2023,15:12:00,1639.5000,1639.5000,1638.2500,1639.2000,2250,1613625,
BATAINDIA_F1,07/03/2023,15:13:00,1641.0000,1641.2500,1640.9000,1641.1500,6750,1613625,
BATAINDIA_F1,07/03/2023,15:14:00,1641.1500,1642.8500,1640.1000,1641.9000,4500,1613625,
BATAINDIA_F1,07/03/2023,15:15:00,1641.4000,1642.0000,1641.4000,1641.6000,4875,1618875,
BATAINDIA_F1,07/03/2023,15:16:00,1641.6000,1641.6500,1640.7000,1641.6000,7500,1618875,
BATAINDIA_F1,07/03/2023,15:17:00,1640.5500,1641.4000,1640.5500,1641.3500,3375,1618875,
BATAINDIA_F1,07/03/2023,15:18:00,1640.6000,1641.7500,1640.0000,1640.1000,6375,1629375,
BATAINDIA_F1,07/03/2023,15:19:00,1641.2000,1641.7000,1640.2000,1641.5000,13500,1629375,
BATAINDIA_F1,07/03/2023,15:20:00,1642.4500,1642.5000,1640.2000,1641.1000,21750,1629375,
BATAINDIA_F1,07/03/2023,15:21:00,1641.1500,1642.4000,1640.6000,1641.0500,10500,1642500,
BATAINDIA_F1,07/03/2023,15:22:00,1641.8500,1642.3500,1640.2000,1640.2000,7125,1642500,
BATAINDIA_F1,07/03/2023,15:23:00,1640.1500,1640.9500,1638.0500,1638.0500,15000,1642500,
BATAINDIA_F1,07/03/2023,15:24:00,1639.5500,1641.2000,1638.7500,1639.2500,7125,1654875,
BATAINDIA_F1,07/03/2023,15:25:00,1639.2000,1641.9500,1639.2000,1640.9000,5625,1654875,
BATAINDIA_F1,07/03/2023,15:26:00,1641.5500,1641.6000,1639.8500,1640.0000,8250,1654875,
BATAINDIA_F1,07/03/2023,15:27:00,1640.0000,1640.4000,1638.7500,1640.4000,5250,1666875,
BATAINDIA_F1,07/03/2023,15:28:00,1639.0000,1640.5500,1638.1000,1638.2500,6750,1666875,
BATAINDIA_F1,07/03/2023,15:29:00,1638.2500,1641.5000,1638.0000,1640.8500,5250,1666875,
BATAINDIA_F1,07/04/2023,09:15:00,1642.6000,1651.0000,1642.6000,1650.0000,4127,1202625,
BATAINDIA_F1,07/04/2023,09:16:00,1650.0000,1650.0000,1648.0000,1648.0000,2625,1202625,
BATAINDIA_F1,07/04/2023,09:17:00,1650.0000,1650.5000,1649.2500,1650.5000,3000,1201875,
BATAINDIA_F1,07/04/2023,09:18:00,1651.6000,1651.8500,1649.0000,1650.5000,5250,1201875,
BATAINDIA_F1,07/04/2023,09:19:00,1650.5000,1652.0000,1650.5000,1652.0000,4125,1201875,
BATAINDIA_F1,07/04/2023,09:20:00,1652.3000,1654.0000,1652.3000,1653.3500,6000,1205250,
BATAINDIA_F1,07/04/2023,09:21:00,1652.2000,1655.3000,1652.2000,1655.3000,4500,1205250,
BATAINDIA_F1,07/04/2023,09:22:00,1655.3000,1659.9000,1654.8000,1659.1000,13500,1205250,
BATAINDIA_F1,07/04/2023,09:23:00,1657.5500,1658.0000,1657.5500,1657.8500,4875,1208625,
BATAINDIA_F1,07/04/2023,09:24:00,1658.8000,1658.8000,1658.2000,1658.2000,750,1208625,
BATAINDIA_F1,07/04/2023,09:25:00,1657.2000,1657.2500,1657.2000,1657.2500,2250,1208625,
BATAINDIA_F1,07/04/2023,09:26:00,1657.5000,1660.9500,1657.5000,1659.2000,9750,1205250,
BATAINDIA_F1,07/04/2023,09:27:00,1658.6000,1660.7500,1658.3000,1658.7000,1875,1205250,
BATAINDIA_F1,07/04/2023,09:28:00,1661.0000,1661.2500,1658.1500,1658.1500,13500,1205250,
BATAINDIA_F1,07/04/2023,09:30:00,1658.7500,1658.7500,1655.0000,1655.0000,8250,1209750,
BATAINDIA_F1,07/04/2023,09:31:00,1654.0500,1654.0500,1652.4000,1652.7500,3000,1209750,
BATAINDIA_F1,07/04/2023,09:32:00,1654.6500,1654.9000,1653.4000,1654.8500,3000,1210125,
BATAINDIA_F1,07/04/2023,09:33:00,1655.6000,1657.2500,1655.6000,1657.2500,3375,1210125,
BATAINDIA_F1,07/04/2023,09:34:00,1658.0000,1658.0000,1651.4000,1652.2000,15000,1210125,
BATAINDIA_F1,07/04/2023,09:35:00,1652.8000,1653.7000,1652.8000,1653.7000,2625,1212000,
BATAINDIA_F1,07/04/2023,09:36:00,1653.1500,1653.1500,1652.1500,1652.4000,1500,1212000,
BATAINDIA_F1,07/04/2023,09:37:00,1652.0000,1653.3000,1651.7000,1653.3000,2625,1212000,
BATAINDIA_F1,07/04/2023,09:38:00,1654.4000,1654.4000,1651.4500,1652.0000,2625,1213500,
BATAINDIA_F1,07/04/2023,09:39:00,1652.3500,1652.9000,1652.3500,1652.9000,750,1213500,
BATAINDIA_F1,07/04/2023,09:40:00,1652.9000,1654.8000,1652.9000,1654.1500,1875,1213500,
BATAINDIA_F1,07/04/2023,09:41:00,1653.9000,1653.9000,1653.3500,1653.6000,2250,1213500,
BATAINDIA_F1,07/04/2023,09:42:00,1654.3000,1654.3000,1652.9000,1652.9000,3375,1215375,
BATAINDIA_F1,07/04/2023,09:43:00,1653.2500,1654.5000,1653.2500,1654.5000,7125,1215375,
BATAINDIA_F1,07/04/2023,09:44:00,1654.2000,1654.2000,1652.8000,1652.8000,3375,1216875,
BATAINDIA_F1,07/04/2023,09:45:00,1652.9500,1654.7500,1652.8500,1653.7000,7875,1216875,
BATAINDIA_F1,07/04/2023,09:46:00,1653.9500,1653.9500,1653.9500,1653.9500,750,1216875,
BATAINDIA_F1,07/04/2023,09:47:00,1653.2500,1653.2500,1652.9000,1653.0000,3000,1217250,
BATAINDIA_F1,07/04/2023,09:48:00,1653.5000,1653.5000,1652.3000,1652.3000,4875,1217250,
BATAINDIA_F1,07/04/2023,09:49:00,1652.0000,1652.0000,1652.0000,1652.0000,375,1217250,
BATAINDIA_F1,07/04/2023,09:50:00,1651.7000,1651.7000,1651.7000,1651.7000,3000,1219125,
BATAINDIA_F1,07/04/2023,09:51:00,1652.2500,1652.2500,1651.6000,1651.6000,2625,1219125,
BATAINDIA_F1,07/04/2023,09:52:00,1652.4000,1652.4000,1651.5000,1651.6000,1500,1219125,
BATAINDIA_F1,07/04/2023,09:53:00,1651.3000,1651.3000,1651.3000,1651.3000,375,1219125,
BATAINDIA_F1,07/04/2023,09:54:00,1651.5500,1651.5500,1651.2000,1651.2500,1500,1218375,
BATAINDIA_F1,07/04/2023,09:55:00,1651.3000,1651.5500,1651.3000,1651.5500,750,1218375,
BATAINDIA_F1,07/04/2023,09:56:00,1651.1500,1651.1500,1651.1500,1651.1500,750,1219125,
BATAINDIA_F1,07/04/2023,09:57:00,1651.3500,1651.3500,1651.1000,1651.1000,1125,1219125,
BATAINDIA_F1,07/04/2023,09:58:00,1650.0000,1650.0000,1649.3500,1649.9000,2625,1219125,
BATAINDIA_F1,07/04/2023,09:59:00,1648.0000,1648.0000,1645.0000,1645.0000,3375,1218000,
BATAINDIA_F1,07/04/2023,10:00:00,1645.0000,1646.2500,1645.0000,1645.0000,3750,1218000,
BATAINDIA_F1,07/04/2023,10:01:00,1645.6000,1647.0000,1645.6000,1647.0000,4875,1218000,
BATAINDIA_F1,07/04/2023,10:02:00,1647.9000,1647.9000,1646.3000,1646.3000,750,1220250,
BATAINDIA_F1,07/04/2023,10:03:00,1646.1000,1646.1000,1646.1000,1646.1000,375,1220250,
BATAINDIA_F1,07/04/2023,10:05:00,1647.0000,1648.0000,1647.0000,1648.0000,3375,1220250,
BATAINDIA_F1,07/04/2023,10:06:00,1648.0500,1648.0500,1646.2000,1646.2000,1125,1221750,
BATAINDIA_F1,07/04/2023,10:07:00,1646.7500,1646.7500,1646.0000,1646.5500,1500,1221750,
BATAINDIA_F1,07/04/2023,10:08:00,1646.9000,1646.9000,1646.6500,1646.6500,1500,1222500,
BATAINDIA_F1,07/04/2023,10:09:00,1646.1000,1646.1000,1646.1000,1646.1000,375,1222500,
BATAINDIA_F1,07/04/2023,10:10:00,1646.7500,1646.7500,1646.7500,1646.7500,375,1222500,
BATAINDIA_F1,07/04/2023,10:11:00,1645.9500,1645.9500,1644.4500,1644.4500,3750,1222500,
BATAINDIA_F1,07/04/2023,10:12:00,1644.0500,1645.7500,1643.2000,1645.7500,6000,1223250,
BATAINDIA_F1,07/04/2023,10:13:00,1646.6000,1646.6000,1645.3000,1645.3000,2625,1223250,
BATAINDIA_F1,07/04/2023,10:14:00,1646.8500,1646.8500,1646.0000,1646.0000,750,1225875,
BATAINDIA_F1,07/04/2023,10:15:00,1647.5500,1647.5500,1647.5500,1647.5500,375,1225875,
BATAINDIA_F1,07/04/2023,10:16:00,1647.0000,1647.0000,1647.0000,1647.0000,750,1225875,
BATAINDIA_F1,07/04/2023,10:17:00,1645.0000,1645.0000,1645.0000,1645.0000,1125,1225875,
BATAINDIA_F1,07/04/2023,10:18:00,1645.0000,1646.7500,1644.6000,1644.8500,5625,1224750,
BATAINDIA_F1,07/04/2023,10:19:00,1646.6000,1646.6000,1646.6000,1646.6000,750,1224750,
BATAINDIA_F1,07/04/2023,10:20:00,1645.5000,1645.5000,1645.5000,1645.5000,375,1227375,
BATAINDIA_F1,07/04/2023,10:22:00,1643.3500,1644.5500,1643.3500,1644.5500,1875,1227375,
BATAINDIA_F1,07/04/2023,10:24:00,1644.6500,1644.6500,1644.6500,1644.6500,375,1226625,
BATAINDIA_F1,07/04/2023,10:26:00,1644.6500,1645.0500,1644.6500,1645.0500,750,1226625,
BATAINDIA_F1,07/04/2023,10:27:00,1644.9500,1644.9500,1644.9500,1644.9500,375,1226250,
BATAINDIA_F1,07/04/2023,10:28:00,1644.2500,1644.2500,1644.2500,1644.2500,375,1226250,
BATAINDIA_F1,07/04/2023,10:29:00,1645.3500,1645.3500,1645.3500,1645.3500,750,1226250,
BATAINDIA_F1,07/04/2023,10:30:00,1646.2500,1646.2500,1646.2500,1646.2500,375,1226625,
BATAINDIA_F1,07/04/2023,10:31:00,1646.4500,1646.4500,1646.4500,1646.4500,375,1226625,
BATAINDIA_F1,07/04/2023,10:32:00,1645.0500,1647.0000,1645.0500,1647.0000,2250,1226625,
BATAINDIA_F1,07/04/2023,10:34:00,1649.1000,1649.1000,1648.8500,1648.8500,1875,1228125,
BATAINDIA_F1,07/04/2023,10:38:00,1647.8000,1647.8000,1646.3000,1646.3000,1125,1228500,
BATAINDIA_F1,07/04/2023,10:39:00,1647.5500,1647.5500,1646.3000,1646.3000,750,1228500,
BATAINDIA_F1,07/04/2023,10:40:00,1646.3000,1646.3000,1646.3000,1646.3000,375,1228500,
BATAINDIA_F1,07/04/2023,10:41:00,1645.1000,1645.1500,1644.8000,1645.1000,6375,1230000,
BATAINDIA_F1,07/04/2023,10:42:00,1644.9000,1644.9000,1643.7500,1643.7500,3375,1230000,
BATAINDIA_F1,07/04/2023,10:43:00,1645.8000,1645.8000,1645.1500,1645.1500,1125,1230000,
BATAINDIA_F1,07/04/2023,10:44:00,1644.1000,1644.1000,1644.0500,1644.0500,750,1230000,
BATAINDIA_F1,07/04/2023,10:46:00,1642.7000,1645.2500,1642.7000,1645.2500,2250,1233000,
BATAINDIA_F1,07/04/2023,10:47:00,1645.8500,1645.8500,1643.9500,1643.9500,4500,1233000,
BATAINDIA_F1,07/04/2023,10:48:00,1645.9500,1646.6000,1645.6500,1645.6500,4125,1235625,
BATAINDIA_F1,07/04/2023,10:51:00,1647.4000,1647.4000,1647.4000,1647.4000,375,1235625,
BATAINDIA_F1,07/04/2023,10:56:00,1647.8500,1648.7000,1647.8500,1648.7000,3750,1238625,
BATAINDIA_F1,07/04/2023,10:57:00,1647.6500,1647.6500,1645.8000,1645.8000,3750,1238625,
BATAINDIA_F1,07/04/2023,10:58:00,1647.2500,1647.2500,1647.2500,1647.2500,375,1238625,
BATAINDIA_F1,07/04/2023,10:59:00,1647.0500,1647.0500,1645.9000,1645.9000,750,1239750,
BATAINDIA_F1,07/04/2023,11:00:00,1645.8500,1647.4500,1645.8500,1647.4500,750,1239750,
BATAINDIA_F1,07/04/2023,11:01:00,1646.8000,1646.8000,1645.7500,1646.5000,1500,1239750,
BATAINDIA_F1,07/04/2023,11:02:00,1646.7000,1648.0000,1645.0500,1646.2500,3750,1242000,
BATAINDIA_F1,07/04/2023,11:07:00,1647.0500,1647.0500,1647.0500,1647.0500,375,1242750,
BATAINDIA_F1,07/04/2023,11:08:00,1647.0000,1647.2000,1646.0500,1647.2000,2250,1242750,
BATAINDIA_F1,07/04/2023,11:09:00,1648.7000,1648.7000,1647.5000,1647.5000,1125,1243500,
BATAINDIA_F1,07/04/2023,11:11:00,1648.4000,1648.9000,1647.4000,1647.4000,6375,1243500,
BATAINDIA_F1,07/04/2023,11:16:00,1647.4000,1647.4000,1647.4000,1647.4000,375,1247625,
BATAINDIA_F1,07/04/2023,11:17:00,1648.3000,1649.2500,1645.9500,1645.9500,7500,1250250,
BATAINDIA_F1,07/04/2023,11:18:00,1646.7500,1648.1500,1646.7500,1646.9500,2250,1250250,
BATAINDIA_F1,07/04/2023,11:19:00,1647.5000,1647.5000,1647.5000,1647.5000,375,1250250,
BATAINDIA_F1,07/04/2023,11:20:00,1648.9000,1648.9000,1648.9000,1648.9000,750,1250250,
BATAINDIA_F1,07/04/2023,11:21:00,1648.3500,1648.3500,1647.2000,1647.2000,1125,1251750,
BATAINDIA_F1,07/04/2023,11:24:00,1647.8000,1648.0000,1647.8000,1648.0000,750,1250625,
BATAINDIA_F1,07/04/2023,11:26:00,1650.0000,1650.0000,1647.2000,1647.2000,6375,1254000,
BATAINDIA_F1,07/04/2023,11:28:00,1646.8000,1646.8000,1646.8000,1646.8000,750,1254000,
BATAINDIA_F1,07/04/2023,11:29:00,1646.7000,1646.7000,1645.6500,1645.6500,1500,1254000,
BATAINDIA_F1,07/04/2023,11:31:00,1646.8000,1646.8000,1645.7500,1645.7500,2250,1255125,
BATAINDIA_F1,07/04/2023,11:32:00,1645.4500,1645.4500,1645.4500,1645.4500,375,1255125,
BATAINDIA_F1,07/04/2023,11:33:00,1646.0000,1646.0000,1645.2500,1645.2500,750,1254750,
BATAINDIA_F1,07/04/2023,11:34:00,1645.8000,1645.8000,1645.5000,1645.5000,1125,1254750,
BATAINDIA_F1,07/04/2023,11:38:00,1646.9500,1646.9500,1643.4000,1643.8500,10500,1258125,
BATAINDIA_F1,07/04/2023,11:41:00,1644.7000,1644.7000,1644.0000,1644.0000,1125,1258125,
BATAINDIA_F1,07/04/2023,11:44:00,1645.0000,1645.0000,1645.0000,1645.0000,375,1258125,
BATAINDIA_F1,07/04/2023,11:45:00,1645.6500,1645.6500,1645.0000,1645.0000,750,1258125,
BATAINDIA_F1,07/04/2023,11:48:00,1644.8500,1644.8500,1643.3500,1643.3500,1125,1258875,
BATAINDIA_F1,07/04/2023,11:51:00,1643.2000,1643.2000,1640.1000,1640.8500,10125,1259250,
BATAINDIA_F1,07/04/2023,11:53:00,1640.8500,1640.8500,1640.8500,1640.8500,375,1259250,
BATAINDIA_F1,07/04/2023,11:54:00,1640.0500,1640.0500,1640.0500,1640.0500,1125,1259250,
BATAINDIA_F1,07/04/2023,11:55:00,1640.0500,1640.5000,1640.0500,1640.5000,750,1259250,
BATAINDIA_F1,07/04/2023,11:57:00,1641.9000,1641.9000,1641.9000,1641.9000,375,1260000,
BATAINDIA_F1,07/04/2023,11:59:00,1642.4500,1642.4500,1640.1000,1640.5000,15375,1260000,
BATAINDIA_F1,07/04/2023,12:00:00,1640.0500,1640.0500,1640.0500,1640.0500,375,1266000,
BATAINDIA_F1,07/04/2023,12:01:00,1637.0000,1638.4500,1636.3000,1638.4500,12000,1266000,
BATAINDIA_F1,07/04/2023,12:02:00,1638.4000,1638.9500,1635.5500,1638.9500,9750,1267125,
BATAINDIA_F1,07/04/2023,12:03:00,1638.9000,1639.0500,1638.1000,1639.0500,3000,1267125,
BATAINDIA_F1,07/04/2023,12:04:00,1638.0000,1638.0000,1636.9000,1636.9000,1500,1267125,
BATAINDIA_F1,07/04/2023,12:06:00,1637.3000,1637.9500,1633.6500,1636.1000,9750,1267500,
BATAINDIA_F1,07/04/2023,12:07:00,1637.0500,1637.0500,1637.0500,1637.0500,750,1267500,
BATAINDIA_F1,07/04/2023,12:08:00,1640.3000,1640.3000,1639.2000,1639.2000,3750,1267500,
BATAINDIA_F1,07/04/2023,12:09:00,1640.5000,1640.5000,1637.2500,1639.0000,8250,1269375,
BATAINDIA_F1,07/04/2023,12:10:00,1641.0000,1641.0000,1636.9000,1636.9000,4125,1269375,
BATAINDIA_F1,07/04/2023,12:11:00,1636.2500,1638.4500,1636.2500,1638.4500,1875,1269375,
BATAINDIA_F1,07/04/2023,12:13:00,1639.8500,1639.8500,1639.8500,1639.8500,375,1269750,
BATAINDIA_F1,07/04/2023,12:14:00,1640.1500,1640.1500,1640.1500,1640.1500,375,1269750,
BATAINDIA_F1,07/04/2023,12:15:00,1639.5000,1639.5000,1638.9000,1638.9000,750,1267500,
BATAINDIA_F1,07/04/2023,12:16:00,1639.0500,1639.0500,1637.1500,1637.2500,6750,1267500,
BATAINDIA_F1,07/04/2023,12:19:00,1638.4500,1638.4500,1637.5000,1637.5000,1125,1272375,
BATAINDIA_F1,07/04/2023,12:21:00,1638.9000,1638.9000,1638.9000,1638.9000,375,1272000,
BATAINDIA_F1,07/04/2023,12:23:00,1637.8000,1637.8000,1637.8000,1637.8000,1125,1272000,
BATAINDIA_F1,07/04/2023,12:24:00,1637.0000,1637.0000,1635.0000,1635.0000,5250,1271625,
BATAINDIA_F1,07/04/2023,12:25:00,1635.4000,1635.4000,1635.4000,1635.4000,375,1271625,
BATAINDIA_F1,07/04/2023,12:26:00,1635.5000,1635.5000,1635.5000,1635.5000,375,1271625,
BATAINDIA_F1,07/04/2023,12:27:00,1635.5500,1635.9500,1635.5500,1635.9500,2250,1272750,
BATAINDIA_F1,07/04/2023,12:28:00,1636.6000,1636.6000,1636.6000,1636.6000,3375,1272750,
BATAINDIA_F1,07/04/2023,12:29:00,1637.8000,1637.8000,1637.2000,1637.2000,1125,1272750,
BATAINDIA_F1,07/04/2023,12:30:00,1639.2000,1639.9500,1639.2000,1639.9500,1125,1276875,
BATAINDIA_F1,07/04/2023,12:32:00,1639.2500,1639.2500,1638.7500,1638.7500,1125,1276875,
BATAINDIA_F1,07/04/2023,12:34:00,1638.6000,1638.6000,1638.6000,1638.6000,375,1277625,
BATAINDIA_F1,07/04/2023,12:36:00,1638.8500,1638.8500,1638.8500,1638.8500,375,1276875,
BATAINDIA_F1,07/04/2023,12:39:00,1638.8000,1639.4500,1638.6500,1638.6500,1500,1276875,
BATAINDIA_F1,07/04/2023,12:40:00,1639.2000,1639.2000,1639.2000,1639.2000,375,1276875,
BATAINDIA_F1,07/04/2023,12:41:00,1638.2500,1638.2500,1638.2500,1638.2500,750,1276875,
BATAINDIA_F1,07/04/2023,12:45:00,1638.9500,1638.9500,1638.9500,1638.9500,375,1277625,
BATAINDIA_F1,07/04/2023,12:47:00,1638.8000,1638.8000,1637.8500,1637.8500,750,1277625,
BATAINDIA_F1,07/04/2023,12:49:00,1637.8000,1637.8000,1636.3000,1636.3000,2625,1277625,
BATAINDIA_F1,07/04/2023,12:51:00,1636.3000,1636.3000,1635.8000,1635.8000,750,1277250,
BATAINDIA_F1,07/04/2023,12:52:00,1636.0500,1636.4000,1636.0500,1636.4000,750,1277250,
BATAINDIA_F1,07/04/2023,12:53:00,1636.1000,1636.1000,1636.1000,1636.1000,375,1277250,
BATAINDIA_F1,07/04/2023,12:55:00,1635.6500,1635.7000,1635.6500,1635.7000,4125,1278375,
BATAINDIA_F1,07/04/2023,12:57:00,1636.4000,1636.4000,1635.7000,1635.7000,750,1280250,
BATAINDIA_F1,07/04/2023,13:00:00,1636.9500,1636.9500,1635.6000,1635.6000,1500,1279875,
BATAINDIA_F1,07/04/2023,13:05:00,1633.8000,1633.8000,1633.4500,1633.4500,5250,1279875,
BATAINDIA_F1,07/04/2023,13:06:00,1633.4500,1633.4500,1633.4500,1633.4500,375,1279875,
BATAINDIA_F1,07/04/2023,13:07:00,1634.0000,1634.0500,1633.0000,1633.0000,3000,1284375,
BATAINDIA_F1,07/04/2023,13:08:00,1632.5000,1632.5000,1632.1500,1632.1500,2625,1284375,
BATAINDIA_F1,07/04/2023,13:09:00,1632.0000,1632.0000,1632.0000,1632.0000,750,1284375,
BATAINDIA_F1,07/04/2023,13:10:00,1632.0000,1633.6000,1632.0000,1633.6000,3000,1284375,
BATAINDIA_F1,07/04/2023,13:11:00,1634.0000,1634.0000,1632.4000,1632.4000,3375,1284375,
BATAINDIA_F1,07/04/2023,13:12:00,1632.2500,1632.7500,1631.5500,1631.5500,3375,1287000,
BATAINDIA_F1,07/04/2023,13:14:00,1631.5500,1633.7000,1631.5500,1633.7000,1125,1287000,
BATAINDIA_F1,07/04/2023,13:16:00,1634.1500,1634.1500,1634.1500,1634.1500,375,1288875,
BATAINDIA_F1,07/04/2023,13:19:00,1636.6500,1636.6500,1634.8000,1635.2000,3000,1288500,
BATAINDIA_F1,07/04/2023,13:20:00,1635.2500,1635.2500,1635.2500,1635.2500,375,1288500,
BATAINDIA_F1,07/04/2023,13:21:00,1635.1000,1635.1000,1635.1000,1635.1000,375,1288500,
BATAINDIA_F1,07/04/2023,13:22:00,1638.3000,1638.3000,1638.3000,1638.3000,375,1291125,
BATAINDIA_F1,07/04/2023,13:23:00,1638.3500,1638.6000,1638.0000,1638.0000,1125,1291125,
BATAINDIA_F1,07/04/2023,13:24:00,1639.0000,1639.0000,1638.0500,1638.0500,750,1291500,
BATAINDIA_F1,07/04/2023,13:25:00,1638.7000,1638.7000,1638.0000,1638.0000,750,1291500,
BATAINDIA_F1,07/04/2023,13:26:00,1639.2500,1639.2500,1638.0000,1638.0000,1500,1291500,
BATAINDIA_F1,07/04/2023,13:29:00,1639.2000,1639.2000,1639.2000,1639.2000,750,1291875,
BATAINDIA_F1,07/04/2023,13:30:00,1640.0000,1640.0000,1639.4500,1639.4500,1125,1292250,
BATAINDIA_F1,07/04/2023,13:32:00,1639.8000,1641.1500,1639.5500,1640.0000,3375,1292250,
BATAINDIA_F1,07/04/2023,13:33:00,1639.0000,1639.7500,1638.4500,1639.7500,1500,1293750,
BATAINDIA_F1,07/04/2023,13:34:00,1639.7500,1639.7500,1638.1000,1638.1000,750,1293750,
BATAINDIA_F1,07/04/2023,13:36:00,1639.9500,1639.9500,1637.9500,1637.9500,1875,1294875,
BATAINDIA_F1,07/04/2023,13:37:00,1638.8000,1638.8000,1638.8000,1638.8000,375,1294875,
BATAINDIA_F1,07/04/2023,13:39:00,1639.2000,1639.2000,1639.2000,1639.2000,375,1294875,
BATAINDIA_F1,07/04/2023,13:40:00,1639.9500,1639.9500,1639.9500,1639.9500,375,1295625,
BATAINDIA_F1,07/04/2023,13:41:00,1640.0000,1640.0000,1639.6500,1639.6500,750,1295625,
BATAINDIA_F1,07/04/2023,13:43:00,1640.5000,1640.5000,1638.7000,1638.7000,1500,1296000,
BATAINDIA_F1,07/04/2023,13:44:00,1639.0000,1639.0000,1638.1500,1638.1500,750,1296000,
BATAINDIA_F1,07/04/2023,13:46:00,1639.1000,1639.2500,1637.9000,1637.9000,1500,1296375,
BATAINDIA_F1,07/04/2023,13:48:00,1639.3000,1639.3000,1638.2500,1638.2500,750,1296750,
BATAINDIA_F1,07/04/2023,13:49:00,1637.2500,1637.2500,1637.2500,1637.2500,750,1296750,
BATAINDIA_F1,07/04/2023,13:50:00,1637.6500,1637.6500,1637.6500,1637.6500,375,1296750,
BATAINDIA_F1,07/04/2023,13:52:00,1638.0000,1638.0000,1638.0000,1638.0000,375,1296000,
BATAINDIA_F1,07/04/2023,13:53:00,1637.1500,1637.1500,1636.2500,1636.2500,1500,1296000,
BATAINDIA_F1,07/04/2023,13:54:00,1636.5500,1636.5500,1634.5500,1634.5500,1875,1296000,
BATAINDIA_F1,07/04/2023,13:55:00,1637.2000,1637.2000,1636.0000,1636.0000,750,1297500,
BATAINDIA_F1,07/04/2023,13:56:00,1636.9500,1636.9500,1636.9500,1636.9500,750,1297500,
BATAINDIA_F1,07/04/2023,13:57:00,1637.0000,1637.0000,1636.7500,1636.7500,750,1298250,
BATAINDIA_F1,07/04/2023,13:59:00,1636.7000,1636.7000,1636.7000,1636.7000,1500,1298250,
BATAINDIA_F1,07/04/2023,14:00:00,1635.6500,1635.6500,1635.4000,1635.4000,1125,1299000,
BATAINDIA_F1,07/04/2023,14:01:00,1635.4000,1635.4000,1635.4000,1635.4000,750,1299000,
BATAINDIA_F1,07/04/2023,14:02:00,1635.9500,1638.0500,1635.9500,1636.2500,4125,1299000,
BATAINDIA_F1,07/04/2023,14:04:00,1637.1500,1638.2000,1637.0500,1637.0500,1125,1301250,
BATAINDIA_F1,07/04/2023,14:05:00,1636.9500,1636.9500,1635.0000,1635.0000,2625,1301250,
BATAINDIA_F1,07/04/2023,14:06:00,1634.3000,1634.3000,1629.0000,1629.0000,20625,1302000,
BATAINDIA_F1,07/04/2023,14:07:00,1628.5500,1628.5500,1624.7500,1628.2000,16125,1302000,
BATAINDIA_F1,07/04/2023,14:08:00,1627.3500,1628.8000,1625.1500,1626.0000,13500,1302000,
BATAINDIA_F1,07/04/2023,14:09:00,1626.0000,1628.5000,1626.0000,1628.5000,2250,1334625,
BATAINDIA_F1,07/04/2023,14:10:00,1629.0000,1630.2500,1627.8000,1628.7500,4125,1334625,
BATAINDIA_F1,07/04/2023,14:11:00,1628.9000,1629.0500,1627.4000,1627.7500,4500,1334625,
BATAINDIA_F1,07/04/2023,14:12:00,1628.5500,1630.4500,1628.5500,1630.4500,1125,1337625,
BATAINDIA_F1,07/04/2023,14:13:00,1631.4000,1631.4000,1628.8000,1629.1500,7500,1337625,
BATAINDIA_F1,07/04/2023,14:14:00,1629.5500,1631.1500,1629.1500,1630.0000,5250,1337625,
BATAINDIA_F1,07/04/2023,14:15:00,1629.0000,1629.0000,1627.9000,1627.9000,750,1337250,
BATAINDIA_F1,07/04/2023,14:16:00,1628.0000,1628.0000,1627.0000,1627.5000,2250,1337250,
BATAINDIA_F1,07/04/2023,14:17:00,1627.0000,1627.0500,1627.0000,1627.0500,750,1337250,
BATAINDIA_F1,07/04/2023,14:18:00,1629.2000,1629.2000,1629.0000,1629.0000,750,1339125,
BATAINDIA_F1,07/04/2023,14:19:00,1628.8000,1629.1000,1628.4000,1628.4000,1125,1339125,
BATAINDIA_F1,07/04/2023,14:20:00,1628.1500,1628.7000,1628.0000,1628.7000,1500,1339125,
BATAINDIA_F1,07/04/2023,14:22:00,1630.9500,1630.9500,1628.5500,1628.5500,1500,1333125,
BATAINDIA_F1,07/04/2023,14:23:00,1628.5000,1628.5000,1627.1500,1627.1500,1125,1333125,
BATAINDIA_F1,07/04/2023,14:24:00,1628.8500,1629.8500,1628.8500,1628.9500,1125,1330500,
BATAINDIA_F1,07/04/2023,14:25:00,1630.2000,1630.2000,1627.2000,1627.2000,2625,1330500,
BATAINDIA_F1,07/04/2023,14:26:00,1629.4500,1629.4500,1629.1500,1629.1500,1125,1330500,
BATAINDIA_F1,07/04/2023,14:28:00,1628.8500,1628.8500,1628.3500,1628.3500,1500,1332375,
BATAINDIA_F1,07/04/2023,14:29:00,1627.0500,1628.6000,1627.0500,1627.0500,3000,1332375,
BATAINDIA_F1,07/04/2023,14:30:00,1627.0000,1627.0000,1623.2500,1624.6500,12750,1336875,
BATAINDIA_F1,07/04/2023,14:31:00,1625.0500,1625.0500,1624.0000,1624.0000,2250,1336875,
BATAINDIA_F1,07/04/2023,14:32:00,1623.0000,1623.3500,1622.9500,1623.3500,9375,1336875,
BATAINDIA_F1,07/04/2023,14:33:00,1623.0500,1623.0500,1621.0500,1622.0000,9375,1348500,
BATAINDIA_F1,07/04/2023,14:34:00,1623.6000,1623.6000,1622.8500,1622.8500,1125,1348500,
BATAINDIA_F1,07/04/2023,14:36:00,1624.0000,1624.4500,1623.4500,1624.0000,4500,1350750,
BATAINDIA_F1,07/04/2023,14:37:00,1623.5000,1624.4500,1622.7500,1622.7500,6375,1350750,
BATAINDIA_F1,07/04/2023,14:38:00,1624.0000,1625.1000,1622.5500,1624.2500,13875,1350750,
BATAINDIA_F1,07/04/2023,14:39:00,1626.4000,1626.4000,1623.9000,1623.9000,3000,1359750,
BATAINDIA_F1,07/04/2023,14:40:00,1625.0000,1627.7500,1624.2500,1626.5500,6000,1359750,
BATAINDIA_F1,07/04/2023,14:41:00,1626.5000,1627.6500,1623.5500,1624.0000,6750,1359750,
BATAINDIA_F1,07/04/2023,14:42:00,1623.6500,1625.7000,1623.4000,1624.7000,6750,1368000,
BATAINDIA_F1,07/04/2023,14:43:00,1624.7000,1626.1500,1623.8000,1625.0500,10875,1368000,
BATAINDIA_F1,07/04/2023,14:44:00,1626.0500,1626.0500,1623.9000,1624.5000,3750,1368000,
BATAINDIA_F1,07/04/2023,14:45:00,1625.2000,1625.2000,1623.0500,1623.0500,18750,1376250,
BATAINDIA_F1,07/04/2023,14:46:00,1624.8500,1626.0500,1624.4000,1624.4000,5250,1376250,
BATAINDIA_F1,07/04/2023,14:47:00,1625.0000,1625.0500,1624.0000,1624.0000,9000,1376250,
BATAINDIA_F1,07/04/2023,14:48:00,1625.0000,1625.0500,1624.9500,1624.9500,1500,1382625,
BATAINDIA_F1,07/04/2023,14:49:00,1626.0500,1626.3000,1625.6500,1626.2000,2250,1382625,
BATAINDIA_F1,07/04/2023,14:50:00,1625.3000,1625.3000,1623.8000,1623.8000,1125,1382625,
BATAINDIA_F1,07/04/2023,14:51:00,1623.8000,1624.8500,1623.8000,1624.8500,750,1382625,
BATAINDIA_F1,07/04/2023,14:52:00,1624.8000,1626.2500,1624.8000,1625.0000,3750,1384875,
BATAINDIA_F1,07/04/2023,14:53:00,1625.9500,1626.8000,1624.8500,1624.8500,18750,1384875,
BATAINDIA_F1,07/04/2023,14:55:00,1625.7500,1625.9500,1625.7500,1625.9500,750,1389000,
BATAINDIA_F1,07/04/2023,14:57:00,1626.0000,1626.8000,1625.7000,1626.0500,1500,1389750,
BATAINDIA_F1,07/04/2023,14:58:00,1626.5000,1626.5000,1626.5000,1626.5000,375,1389750,
BATAINDIA_F1,07/04/2023,14:59:00,1626.8500,1628.0000,1625.1500,1625.1500,11250,1389750,
BATAINDIA_F1,07/04/2023,15:00:00,1626.3500,1627.4000,1625.5500,1625.5500,2625,1393875,
BATAINDIA_F1,07/04/2023,15:01:00,1626.0000,1626.0000,1626.0000,1626.0000,375,1393875,
BATAINDIA_F1,07/04/2023,15:03:00,1626.7000,1628.1000,1625.5500,1625.5500,16875,1398750,
BATAINDIA_F1,07/04/2023,15:04:00,1627.1500,1627.3500,1625.7000,1627.0500,11625,1398750,
BATAINDIA_F1,07/04/2023,15:05:00,1626.9000,1627.0000,1626.2000,1627.0000,2250,1398750,
BATAINDIA_F1,07/04/2023,15:06:00,1626.9000,1627.9500,1626.4000,1627.6500,3375,1402500,
BATAINDIA_F1,07/04/2023,15:07:00,1627.9500,1628.0000,1626.3000,1627.2500,4875,1402500,
BATAINDIA_F1,07/04/2023,15:08:00,1630.1500,1630.1500,1629.0000,1629.0000,8625,1402500,
BATAINDIA_F1,07/04/2023,15:09:00,1628.8000,1630.1500,1628.8000,1629.6000,1500,1403250,
BATAINDIA_F1,07/04/2023,15:10:00,1629.6000,1629.6000,1629.6000,1629.6000,375,1403250,
BATAINDIA_F1,07/04/2023,15:12:00,1629.6000,1629.6000,1627.8500,1627.8500,5625,1403625,
BATAINDIA_F1,07/04/2023,15:13:00,1628.5000,1628.5000,1628.0000,1628.0000,750,1403625,
BATAINDIA_F1,07/04/2023,15:14:00,1628.0500,1628.3500,1628.0500,1628.3000,1875,1403625,
BATAINDIA_F1,07/04/2023,15:15:00,1628.1000,1628.1000,1627.0000,1627.1500,5625,1403625,
BATAINDIA_F1,07/04/2023,15:16:00,1627.4500,1627.4500,1626.4000,1626.4000,1875,1403625,
BATAINDIA_F1,07/04/2023,15:17:00,1628.3500,1628.3500,1628.3500,1628.3500,750,1403625,
BATAINDIA_F1,07/04/2023,15:19:00,1628.7000,1628.7000,1628.3500,1628.3500,750,1405125,
BATAINDIA_F1,07/04/2023,15:20:00,1627.8500,1627.8500,1627.8500,1627.8500,1875,1405125,
BATAINDIA_F1,07/04/2023,15:21:00,1628.6000,1628.6000,1628.5000,1628.5000,3375,1405875,
BATAINDIA_F1,07/04/2023,15:22:00,1628.4500,1628.4500,1628.2500,1628.2500,1875,1405875,
BATAINDIA_F1,07/04/2023,15:23:00,1627.5500,1628.9500,1626.9000,1627.5500,11625,1405875,
BATAINDIA_F1,07/04/2023,15:24:00,1627.5500,1627.6000,1626.0500,1626.6500,10500,1412625,
BATAINDIA_F1,07/04/2023,15:25:00,1626.0500,1627.1500,1625.2500,1626.1500,7875,1412625,
BATAINDIA_F1,07/04/2023,15:26:00,1626.1500,1627.5000,1625.5000,1625.6000,4500,1412625,
BATAINDIA_F1,07/04/2023,15:27:00,1625.5500,1626.3500,1625.2500,1625.2500,4125,1428375,
BATAINDIA_F1,07/04/2023,15:28:00,1625.1000,1626.0000,1625.0000,1626.0000,5250,1428375,
BATAINDIA_F1,07/04/2023,15:29:00,1626.7500,1626.7500,1625.1000,1625.1000,2625,1428375,
BATAINDIA_F1,07/04/2023,15:30:00,1624.0000,1624.0000,1624.0000,1624.0000,2250,1428375,
BATAINDIA_F1,07/05/2023,09:15:00,1630.7500,1632.0000,1618.3000,1620.1000,20253,1345125,
BATAINDIA_F1,07/05/2023,09:16:00,1620.1000,1622.7500,1617.3000,1621.0000,9750,1345125,
BATAINDIA_F1,07/05/2023,09:17:00,1623.3000,1623.3000,1620.4000,1620.4000,2625,1356375,
BATAINDIA_F1,07/05/2023,09:18:00,1622.9500,1626.2000,1622.4000,1622.4000,7125,1356375,
BATAINDIA_F1,07/05/2023,09:19:00,1623.7500,1625.0000,1623.7000,1623.7000,3750,1356375,
BATAINDIA_F1,07/05/2023,09:20:00,1623.6000,1624.8000,1623.6000,1624.8000,2250,1360875,
BATAINDIA_F1,07/05/2023,09:21:00,1625.0000,1626.0000,1625.0000,1626.0000,1125,1360875,
BATAINDIA_F1,07/05/2023,09:22:00,1625.0000,1625.8500,1624.2000,1625.8500,1875,1360875,
BATAINDIA_F1,07/05/2023,09:23:00,1625.8000,1627.9500,1625.8000,1627.9500,1875,1362750,
BATAINDIA_F1,07/05/2023,09:24:00,1626.7000,1627.8000,1626.6000,1627.8000,4500,1362750,
BATAINDIA_F1,07/05/2023,09:25:00,1626.7500,1629.4000,1626.0000,1629.4000,3750,1362750,
BATAINDIA_F1,07/05/2023,09:26:00,1628.1500,1629.2500,1628.1500,1629.2500,1125,1365000,
BATAINDIA_F1,07/05/2023,09:27:00,1629.4000,1629.4000,1629.4000,1629.4000,750,1365000,
BATAINDIA_F1,07/05/2023,09:28:00,1631.9500,1631.9500,1630.9000,1630.9000,4500,1365000,
BATAINDIA_F1,07/05/2023,09:29:00,1629.5000,1630.6000,1628.8000,1628.8000,3750,1365375,
BATAINDIA_F1,07/05/2023,09:30:00,1629.6000,1631.7000,1629.6000,1631.7000,2625,1365375,
BATAINDIA_F1,07/05/2023,09:31:00,1632.2500,1632.2500,1629.3000,1629.3000,6375,1365375,
BATAINDIA_F1,07/05/2023,09:32:00,1631.0000,1631.0000,1630.9500,1631.0000,1875,1366875,
BATAINDIA_F1,07/05/2023,09:33:00,1631.0000,1631.1000,1631.0000,1631.1000,2250,1366875,
BATAINDIA_F1,07/05/2023,09:34:00,1631.2500,1631.2500,1631.2500,1631.2500,1125,1366875,
BATAINDIA_F1,07/05/2023,09:35:00,1630.0000,1630.0000,1630.0000,1630.0000,375,1367250,
BATAINDIA_F1,07/05/2023,09:36:00,1630.6500,1632.2500,1630.0000,1632.2500,6375,1367250,
BATAINDIA_F1,07/05/2023,09:37:00,1632.7000,1633.4000,1632.7000,1633.4000,2250,1367250,
BATAINDIA_F1,07/05/2023,09:38:00,1634.4000,1634.5000,1634.4000,1634.5000,2250,1368375,
BATAINDIA_F1,07/05/2023,09:39:00,1634.8500,1635.0000,1634.0000,1634.0000,5250,1368375,
BATAINDIA_F1,07/05/2023,09:40:00,1633.8000,1633.8000,1633.2000,1633.2000,1875,1368375,
BATAINDIA_F1,07/05/2023,09:41:00,1632.6500,1633.8000,1632.6500,1633.8000,750,1368375,
BATAINDIA_F1,07/05/2023,09:42:00,1634.0000,1634.0000,1633.0000,1633.0000,2250,1367250,
BATAINDIA_F1,07/05/2023,09:44:00,1633.2000,1634.3000,1633.2000,1634.3000,2250,1368000,
BATAINDIA_F1,07/05/2023,09:45:00,1633.0000,1633.0000,1631.7500,1631.7500,1500,1368000,
BATAINDIA_F1,07/05/2023,09:46:00,1632.0000,1633.7500,1632.0000,1633.7500,2250,1368000,
BATAINDIA_F1,07/05/2023,09:47:00,1634.6000,1635.0000,1634.6000,1635.0000,2250,1370250,
BATAINDIA_F1,07/05/2023,09:48:00,1635.4500,1636.0000,1635.4500,1636.0000,5250,1370250,
BATAINDIA_F1,07/05/2023,09:49:00,1636.5000,1636.5000,1635.9000,1635.9000,1500,1370250,
BATAINDIA_F1,07/05/2023,09:50:00,1636.5500,1636.5500,1635.5000,1635.5000,6000,1370250,
BATAINDIA_F1,07/05/2023,09:51:00,1635.9500,1635.9500,1635.9500,1635.9500,750,1371000,
BATAINDIA_F1,07/05/2023,09:52:00,1636.0000,1636.0000,1635.9500,1635.9500,750,1371000,
BATAINDIA_F1,07/05/2023,09:53:00,1636.3000,1636.3000,1634.4000,1635.7500,3375,1372500,
BATAINDIA_F1,07/05/2023,09:54:00,1634.5500,1637.0000,1634.4500,1637.0000,3375,1372500,
BATAINDIA_F1,07/05/2023,09:55:00,1637.8000,1637.8000,1636.9000,1636.9000,1500,1372500,
BATAINDIA_F1,07/05/2023,09:56:00,1637.8500,1638.0000,1637.8500,1638.0000,1500,1371375,
BATAINDIA_F1,07/05/2023,09:58:00,1635.7500,1635.7500,1635.7500,1635.7500,750,1371375,
BATAINDIA_F1,07/05/2023,10:00:00,1634.2000,1634.2000,1634.2000,1634.2000,750,1370250,
BATAINDIA_F1,07/05/2023,10:01:00,1634.4500,1635.0000,1634.4500,1635.0000,1875,1370250,
BATAINDIA_F1,07/05/2023,10:04:00,1635.5000,1635.5000,1635.4500,1635.4500,6375,1368375,
BATAINDIA_F1,07/05/2023,10:05:00,1635.3500,1635.3500,1635.3500,1635.3500,1125,1368375,
BATAINDIA_F1,07/05/2023,10:07:00,1635.6000,1635.6000,1634.2500,1634.2500,1875,1370250,
BATAINDIA_F1,07/05/2023,10:08:00,1634.0000,1634.0000,1633.4500,1633.4500,1125,1366500,
BATAINDIA_F1,07/05/2023,10:09:00,1633.7500,1633.7500,1632.3500,1633.1500,1875,1366500,
BATAINDIA_F1,07/05/2023,10:10:00,1634.0000,1634.0000,1634.0000,1634.0000,375,1366500,
BATAINDIA_F1,07/05/2023,10:12:00,1634.0000,1634.0000,1634.0000,1634.0000,750,1366125,
BATAINDIA_F1,07/05/2023,10:13:00,1635.0000,1635.0000,1634.9000,1634.9000,1500,1366125,
BATAINDIA_F1,07/05/2023,10:17:00,1634.5500,1634.5500,1634.5500,1634.5500,375,1364625,
BATAINDIA_F1,07/05/2023,10:23:00,1634.0000,1634.0000,1634.0000,1634.0000,750,1365000,
BATAINDIA_F1,07/05/2023,10:24:00,1633.3000,1633.3000,1633.0000,1633.0000,1125,1365000,
BATAINDIA_F1,07/05/2023,10:25:00,1633.0000,1633.0000,1633.0000,1633.0000,1875,1365000,
BATAINDIA_F1,07/05/2023,10:26:00,1632.0000,1632.7000,1632.0000,1632.7000,2250,1365000,
BATAINDIA_F1,07/05/2023,10:27:00,1632.6000,1632.6000,1632.6000,1632.6000,375,1367250,
BATAINDIA_F1,07/05/2023,10:28:00,1633.8000,1633.8000,1633.8000,1633.8000,1125,1367250,
BATAINDIA_F1,07/05/2023,10:29:00,1635.7500,1636.0000,1635.7500,1636.0000,3000,1367250,
BATAINDIA_F1,07/05/2023,10:30:00,1635.7000,1635.7000,1635.7000,1635.7000,375,1367250,
BATAINDIA_F1,07/05/2023,10:31:00,1636.0000,1636.0000,1636.0000,1636.0000,375,1367250,
BATAINDIA_F1,07/05/2023,10:33:00,1635.2500,1635.2500,1635.2500,1635.2500,375,1367625,
BATAINDIA_F1,07/05/2023,10:34:00,1636.0000,1636.0000,1636.0000,1636.0000,750,1367625,
BATAINDIA_F1,07/05/2023,10:35:00,1636.4500,1636.4500,1636.0000,1636.0000,750,1367625,
BATAINDIA_F1,07/05/2023,10:39:00,1636.3000,1636.3000,1636.3000,1636.3000,375,1366125,
BATAINDIA_F1,07/05/2023,10:40:00,1636.4000,1636.4000,1636.0000,1636.0000,750,1366125,
BATAINDIA_F1,07/05/2023,10:41:00,1636.0000,1636.0000,1636.0000,1636.0000,375,1366125,
BATAINDIA_F1,07/05/2023,10:42:00,1635.2500,1635.2500,1635.2500,1635.2500,750,1366125,
BATAINDIA_F1,07/05/2023,10:43:00,1636.2500,1636.2500,1636.2500,1636.2500,375,1366125,
BATAINDIA_F1,07/05/2023,10:44:00,1635.2500,1635.2500,1635.0000,1635.2500,1500,1366875,
BATAINDIA_F1,07/05/2023,10:45:00,1634.7000,1634.7000,1634.7000,1634.7000,375,1366875,
BATAINDIA_F1,07/05/2023,10:46:00,1634.6500,1634.6500,1634.6500,1634.6500,750,1366875,
BATAINDIA_F1,07/05/2023,10:48:00,1635.4000,1635.4000,1635.4000,1635.4000,375,1365750,
BATAINDIA_F1,07/05/2023,10:49:00,1636.3500,1636.3500,1636.2500,1636.2500,1500,1365750,
BATAINDIA_F1,07/05/2023,10:50:00,1637.0000,1637.0000,1637.0000,1637.0000,1125,1366125,
BATAINDIA_F1,07/05/2023,10:54:00,1637.2000,1637.8000,1634.7000,1634.7000,3375,1366125,
BATAINDIA_F1,07/05/2023,10:55:00,1634.4500,1634.5500,1634.4500,1634.5500,750,1366125,
BATAINDIA_F1,07/05/2023,10:58:00,1635.0500,1635.0500,1635.0500,1635.0500,375,1364625,
BATAINDIA_F1,07/05/2023,11:00:00,1634.7000,1634.7000,1634.7000,1634.7000,750,1363125,
BATAINDIA_F1,07/05/2023,11:01:00,1635.0000,1635.0000,1635.0000,1635.0000,750,1363125,
BATAINDIA_F1,07/05/2023,11:02:00,1634.5000,1634.5500,1634.5000,1634.5500,1125,1363125,
BATAINDIA_F1,07/05/2023,11:04:00,1634.5500,1634.5500,1634.5500,1634.5500,375,1363125,
BATAINDIA_F1,07/05/2023,11:07:00,1636.8500,1636.8500,1636.1000,1636.1000,3375,1363500,
BATAINDIA_F1,07/05/2023,11:08:00,1636.0500,1636.1000,1636.0500,1636.1000,1500,1363500,
BATAINDIA_F1,07/05/2023,11:10:00,1636.9000,1637.0000,1636.9000,1637.0000,1125,1363875,
BATAINDIA_F1,07/05/2023,11:11:00,1639.0000,1639.0000,1637.8000,1637.8000,2625,1363875,
BATAINDIA_F1,07/05/2023,11:12:00,1638.1500,1638.1500,1637.0000,1637.0000,1875,1363500,
BATAINDIA_F1,07/05/2023,11:13:00,1636.2500,1636.2500,1636.2500,1636.2500,1500,1363500,
BATAINDIA_F1,07/05/2023,11:14:00,1636.2500,1636.2500,1636.2500,1636.2500,375,1363125,
BATAINDIA_F1,07/05/2023,11:16:00,1635.6000,1635.6000,1635.6000,1635.6000,375,1363125,
BATAINDIA_F1,07/05/2023,11:18:00,1637.2500,1637.2500,1637.2500,1637.2500,375,1363125,
BATAINDIA_F1,07/05/2023,11:19:00,1638.8500,1638.8500,1638.8500,1638.8500,375,1363125,
BATAINDIA_F1,07/05/2023,11:20:00,1638.8500,1638.8500,1637.7500,1637.7500,1500,1363125,
BATAINDIA_F1,07/05/2023,11:21:00,1635.4000,1635.4000,1635.4000,1635.4000,1500,1363125,
BATAINDIA_F1,07/05/2023,11:22:00,1634.0500,1635.4000,1634.0500,1635.4000,1125,1363125,
BATAINDIA_F1,07/05/2023,11:24:00,1634.8500,1634.8500,1634.8500,1634.8500,750,1362750,
BATAINDIA_F1,07/05/2023,11:29:00,1634.0000,1634.0000,1634.0000,1634.0000,750,1362750,
BATAINDIA_F1,07/05/2023,11:30:00,1633.8500,1634.3500,1633.8500,1634.3500,750,1362375,
BATAINDIA_F1,07/05/2023,11:32:00,1633.0000,1633.0000,1633.0000,1633.0000,375,1362375,
BATAINDIA_F1,07/05/2023,11:33:00,1632.5000,1632.5000,1631.1000,1631.1000,1875,1362000,
BATAINDIA_F1,07/05/2023,11:37:00,1631.6500,1631.6500,1630.0500,1630.0500,1125,1361250,
BATAINDIA_F1,07/05/2023,11:39:00,1630.0000,1632.1000,1629.9500,1632.1000,5625,1361625,
BATAINDIA_F1,07/05/2023,11:41:00,1630.0000,1630.0000,1630.0000,1630.0000,375,1361625,
BATAINDIA_F1,07/05/2023,11:42:00,1631.0000,1631.8500,1631.0000,1631.8500,1125,1361250,
BATAINDIA_F1,07/05/2023,11:44:00,1633.4500,1633.4500,1632.2500,1632.2500,1125,1361250,
BATAINDIA_F1,07/05/2023,11:50:00,1632.7500,1632.7500,1632.7500,1632.7500,750,1361625,
BATAINDIA_F1,07/05/2023,11:54:00,1633.4000,1633.4000,1633.4000,1633.4000,750,1358250,
BATAINDIA_F1,07/05/2023,11:55:00,1634.0000,1634.0000,1634.0000,1634.0000,375,1358250,
BATAINDIA_F1,07/05/2023,11:57:00,1633.3500,1633.3500,1632.8000,1632.8000,1500,1358250,
BATAINDIA_F1,07/05/2023,11:59:00,1634.1500,1634.1500,1634.0000,1634.0000,750,1358250,
BATAINDIA_F1,07/05/2023,12:03:00,1633.9000,1633.9000,1633.9000,1633.9000,750,1359000,
BATAINDIA_F1,07/05/2023,12:04:00,1634.0500,1634.3000,1634.0500,1634.3000,750,1359000,
BATAINDIA_F1,07/05/2023,12:05:00,1634.5500,1634.5500,1634.5500,1634.5500,375,1359000,
BATAINDIA_F1,07/05/2023,12:06:00,1634.9000,1636.0500,1634.9000,1636.0500,1875,1359375,
BATAINDIA_F1,07/05/2023,12:07:00,1635.5000,1635.5000,1635.5000,1635.5000,375,1359375,
BATAINDIA_F1,07/05/2023,12:10:00,1635.6000,1635.6000,1635.6000,1635.6000,375,1359375,
BATAINDIA_F1,07/05/2023,12:11:00,1635.9500,1635.9500,1635.5500,1635.5500,1500,1359375,
BATAINDIA_F1,07/05/2023,12:12:00,1635.5000,1635.5000,1635.5000,1635.5000,375,1359375,
BATAINDIA_F1,07/05/2023,12:13:00,1634.3500,1634.3500,1634.3500,1634.3500,1125,1359375,
BATAINDIA_F1,07/05/2023,12:16:00,1636.0000,1636.0000,1636.0000,1636.0000,1125,1357875,
BATAINDIA_F1,07/05/2023,12:17:00,1636.3500,1636.5000,1636.3500,1636.5000,750,1357875,
BATAINDIA_F1,07/05/2023,12:20:00,1636.5000,1636.5000,1636.5000,1636.5000,375,1357875,
BATAINDIA_F1,07/05/2023,12:22:00,1636.5500,1636.5500,1635.9500,1635.9500,1125,1357125,
BATAINDIA_F1,07/05/2023,12:26:00,1636.5000,1636.5000,1636.5000,1636.5000,375,1355250,
BATAINDIA_F1,07/05/2023,12:27:00,1636.6500,1636.6500,1636.6500,1636.6500,375,1355250,
BATAINDIA_F1,07/05/2023,12:28:00,1636.8000,1636.8000,1636.8000,1636.8000,375,1355250,
BATAINDIA_F1,07/05/2023,12:30:00,1636.8500,1636.8500,1636.8500,1636.8500,375,1355250,
BATAINDIA_F1,07/05/2023,12:31:00,1637.0000,1637.0000,1637.0000,1637.0000,750,1355250,
BATAINDIA_F1,07/05/2023,12:32:00,1636.3500,1636.3500,1636.3500,1636.3500,1125,1355250,
BATAINDIA_F1,07/05/2023,12:33:00,1637.0000,1637.0000,1637.0000,1637.0000,375,1355625,
BATAINDIA_F1,07/05/2023,12:34:00,1635.9000,1635.9500,1635.9000,1635.9500,750,1355625,
BATAINDIA_F1,07/05/2023,12:35:00,1636.8500,1636.8500,1636.1000,1636.1000,750,1355625,
BATAINDIA_F1,07/05/2023,12:38:00,1636.0000,1636.0000,1636.0000,1636.0000,750,1355250,
BATAINDIA_F1,07/05/2023,12:39:00,1636.9500,1636.9500,1636.9000,1636.9000,750,1356000,
BATAINDIA_F1,07/05/2023,12:40:00,1635.6500,1636.8500,1635.6500,1635.6500,1500,1356000,
BATAINDIA_F1,07/05/2023,12:41:00,1636.8000,1637.0500,1636.8000,1637.0500,750,1356000,
BATAINDIA_F1,07/05/2023,12:42:00,1637.5000,1637.5000,1637.5000,1637.5000,375,1356375,
BATAINDIA_F1,07/05/2023,12:47:00,1636.6000,1636.6000,1635.6500,1635.6500,1125,1353750,
BATAINDIA_F1,07/05/2023,12:51:00,1635.5000,1635.5000,1635.1000,1635.1000,1125,1354875,
BATAINDIA_F1,07/05/2023,12:52:00,1635.0000,1635.0000,1635.0000,1635.0000,375,1354875,
BATAINDIA_F1,07/05/2023,12:53:00,1634.8500,1634.8500,1634.8500,1634.8500,375,1354875,
BATAINDIA_F1,07/05/2023,12:54:00,1635.1000,1635.1000,1634.8500,1634.8500,1500,1353750,
BATAINDIA_F1,07/05/2023,12:58:00,1634.6000,1634.6000,1634.6000,1634.6000,375,1353750,
BATAINDIA_F1,07/05/2023,12:59:00,1634.5000,1634.5000,1633.0500,1633.0500,1500,1353750,
BATAINDIA_F1,07/05/2023,13:01:00,1633.8500,1633.8500,1633.8500,1633.8500,375,1354500,
BATAINDIA_F1,07/05/2023,13:03:00,1633.3000,1633.3000,1633.3000,1633.3000,750,1354125,
BATAINDIA_F1,07/05/2023,13:04:00,1633.0500,1633.7000,1633.0500,1633.7000,750,1354125,
BATAINDIA_F1,07/05/2023,13:07:00,1633.9000,1633.9000,1633.9000,1633.9000,375,1351125,
BATAINDIA_F1,07/05/2023,13:08:00,1633.8500,1633.8500,1633.8500,1633.8500,375,1351125,
BATAINDIA_F1,07/05/2023,13:09:00,1634.0000,1634.0000,1634.0000,1634.0000,375,1351125,
BATAINDIA_F1,07/05/2023,13:10:00,1634.7500,1634.7500,1634.7500,1634.7500,375,1351125,
BATAINDIA_F1,07/05/2023,13:11:00,1634.4500,1634.4500,1634.4000,1634.4000,750,1351125,
BATAINDIA_F1,07/05/2023,13:14:00,1633.3500,1633.3500,1632.8500,1632.8500,1875,1351500,
BATAINDIA_F1,07/05/2023,13:16:00,1634.1500,1634.1500,1634.1500,1634.1500,375,1351125,
BATAINDIA_F1,07/05/2023,13:17:00,1634.3000,1634.3000,1634.3000,1634.3000,375,1351125,
BATAINDIA_F1,07/05/2023,13:19:00,1633.1500,1633.1500,1633.1500,1633.1500,375,1351125,
BATAINDIA_F1,07/05/2023,13:20:00,1633.1000,1633.1000,1633.1000,1633.1000,375,1351125,
BATAINDIA_F1,07/05/2023,13:27:00,1633.0000,1633.0000,1632.0000,1632.0000,2625,1348875,
BATAINDIA_F1,07/05/2023,13:29:00,1630.9500,1630.9500,1630.9500,1630.9500,750,1348875,
BATAINDIA_F1,07/05/2023,13:30:00,1630.0000,1630.3000,1628.9500,1628.9500,6000,1348875,
BATAINDIA_F1,07/05/2023,13:33:00,1628.9500,1628.9500,1628.9500,1628.9500,375,1348875,
BATAINDIA_F1,07/05/2023,13:34:00,1629.3000,1629.3000,1629.3000,1629.3000,375,1348875,
BATAINDIA_F1,07/05/2023,13:36:00,1628.7500,1628.7500,1628.3000,1628.3000,1500,1348500,
BATAINDIA_F1,07/05/2023,13:37:00,1629.0000,1629.0000,1629.0000,1629.0000,750,1348500,
BATAINDIA_F1,07/05/2023,13:38:00,1630.0000,1630.3000,1629.0500,1629.0500,3375,1348500,
BATAINDIA_F1,07/05/2023,13:39:00,1629.8500,1629.8500,1628.7500,1628.7500,1125,1348125,
BATAINDIA_F1,07/05/2023,13:41:00,1630.8500,1632.8000,1630.8500,1632.8000,1125,1348125,
BATAINDIA_F1,07/05/2023,13:42:00,1631.7000,1631.7000,1631.7000,1631.7000,375,1348125,
BATAINDIA_F1,07/05/2023,13:45:00,1632.5000,1632.5000,1631.5500,1632.5000,1125,1348500,
BATAINDIA_F1,07/05/2023,13:46:00,1631.5000,1631.5000,1631.5000,1631.5000,750,1348500,
BATAINDIA_F1,07/05/2023,13:47:00,1631.5000,1631.5000,1630.5000,1630.5000,1500,1348500,
BATAINDIA_F1,07/05/2023,13:50:00,1630.1000,1630.4000,1630.1000,1630.4000,750,1349250,
BATAINDIA_F1,07/05/2023,13:51:00,1630.3500,1631.6000,1630.3500,1631.6000,2625,1349625,
BATAINDIA_F1,07/05/2023,13:52:00,1632.0000,1632.0000,1632.0000,1632.0000,375,1349625,
BATAINDIA_F1,07/05/2023,13:53:00,1631.9000,1631.9000,1631.9000,1631.9000,375,1349625,
BATAINDIA_F1,07/05/2023,13:54:00,1631.0500,1631.0500,1631.0500,1631.0500,750,1350750,
BATAINDIA_F1,07/05/2023,13:55:00,1631.0000,1631.0000,1631.0000,1631.0000,375,1350750,
BATAINDIA_F1,07/05/2023,13:56:00,1630.9000,1630.9000,1630.9000,1630.9000,375,1350750,
BATAINDIA_F1,07/05/2023,13:57:00,1630.9000,1630.9000,1629.9000,1629.9000,3375,1351875,
BATAINDIA_F1,07/05/2023,13:58:00,1629.9000,1629.9000,1629.8500,1629.8500,2250,1351875,
BATAINDIA_F1,07/05/2023,13:59:00,1630.0000,1630.0000,1630.0000,1630.0000,375,1351875,
BATAINDIA_F1,07/05/2023,14:00:00,1630.8500,1630.8500,1629.8000,1630.6500,1500,1353000,
BATAINDIA_F1,07/05/2023,14:01:00,1630.9000,1631.0000,1630.9000,1631.0000,750,1353000,
BATAINDIA_F1,07/05/2023,14:06:00,1630.1000,1630.1000,1630.1000,1630.1000,750,1353000,
BATAINDIA_F1,07/05/2023,14:07:00,1630.7500,1631.0000,1630.7500,1631.0000,750,1353000,
BATAINDIA_F1,07/05/2023,14:10:00,1631.6500,1632.6000,1631.6500,1632.6000,1500,1353750,
BATAINDIA_F1,07/05/2023,14:11:00,1632.2500,1632.2500,1632.0500,1632.0500,1125,1353750,
BATAINDIA_F1,07/05/2023,14:13:00,1631.5500,1631.5500,1631.5500,1631.5500,375,1353750,
BATAINDIA_F1,07/05/2023,14:15:00,1632.4000,1632.4000,1632.3500,1632.3500,750,1353375,
BATAINDIA_F1,07/05/2023,14:16:00,1632.3500,1632.3500,1632.3500,1632.3500,750,1353375,
BATAINDIA_F1,07/05/2023,14:17:00,1631.9000,1631.9000,1631.9000,1631.9000,375,1353375,
BATAINDIA_F1,07/05/2023,14:19:00,1631.4500,1631.4500,1631.4500,1631.4500,375,1353750,
BATAINDIA_F1,07/05/2023,14:20:00,1632.3000,1632.6000,1632.3000,1632.6000,750,1353750,
BATAINDIA_F1,07/05/2023,14:23:00,1632.6000,1632.6000,1632.6000,1632.6000,1500,1353375,
BATAINDIA_F1,07/05/2023,14:26:00,1632.8500,1632.8500,1632.8500,1632.8500,750,1353000,
BATAINDIA_F1,07/05/2023,14:29:00,1634.0000,1634.0000,1634.0000,1634.0000,1500,1353000,
BATAINDIA_F1,07/05/2023,14:30:00,1634.5000,1634.8500,1633.9000,1634.8500,1875,1353375,
BATAINDIA_F1,07/05/2023,14:31:00,1634.9500,1635.3500,1633.8500,1635.3500,2250,1353375,
BATAINDIA_F1,07/05/2023,14:32:00,1633.9500,1634.7000,1633.7000,1634.7000,1500,1353375,
BATAINDIA_F1,07/05/2023,14:33:00,1633.4500,1633.4500,1633.4500,1633.4500,375,1353750,
BATAINDIA_F1,07/05/2023,14:34:00,1633.8500,1635.0000,1633.8500,1634.5000,2250,1353750,
BATAINDIA_F1,07/05/2023,14:35:00,1634.9000,1635.1500,1634.9000,1635.1500,1500,1353750,
BATAINDIA_F1,07/05/2023,14:38:00,1633.9000,1633.9000,1633.9000,1633.9000,750,1353750,
BATAINDIA_F1,07/05/2023,14:39:00,1633.8500,1633.8500,1633.8500,1633.8500,375,1353750,
BATAINDIA_F1,07/05/2023,14:40:00,1634.0000,1634.0000,1633.5500,1634.0000,1125,1354125,
BATAINDIA_F1,07/05/2023,14:41:00,1634.0000,1634.0000,1634.0000,1634.0000,375,1354125,
BATAINDIA_F1,07/05/2023,14:42:00,1634.1500,1634.1500,1633.4000,1633.4000,750,1353375,
BATAINDIA_F1,07/05/2023,14:43:00,1633.8000,1633.8000,1633.8000,1633.8000,375,1353375,
BATAINDIA_F1,07/05/2023,14:46:00,1633.4500,1633.4500,1633.4500,1633.4500,375,1349625,
BATAINDIA_F1,07/05/2023,14:48:00,1634.8500,1634.9000,1634.2000,1634.2000,3000,1349250,
BATAINDIA_F1,07/05/2023,14:51:00,1634.0000,1634.0000,1634.0000,1634.0000,750,1349250,
BATAINDIA_F1,07/05/2023,14:52:00,1634.1000,1637.4000,1634.1000,1637.0500,3750,1349250,
BATAINDIA_F1,07/05/2023,14:53:00,1636.5500,1637.3500,1636.0000,1636.4000,6750,1349250,
BATAINDIA_F1,07/05/2023,14:54:00,1635.6000,1635.6000,1635.6000,1635.6000,375,1352625,
BATAINDIA_F1,07/05/2023,14:55:00,1636.4500,1638.5000,1636.4500,1638.5000,2625,1352625,
BATAINDIA_F1,07/05/2023,14:56:00,1637.6500,1638.5000,1637.6500,1638.5000,3750,1352625,
BATAINDIA_F1,07/05/2023,14:58:00,1638.5500,1639.5000,1638.5500,1639.5000,3000,1354125,
BATAINDIA_F1,07/05/2023,14:59:00,1639.5000,1666.9500,1639.5000,1666.3500,136125,1354125,
BATAINDIA_F1,07/05/2023,15:00:00,1666.4000,1678.6000,1665.3000,1668.5000,123750,1387500,
BATAINDIA_F1,07/05/2023,15:01:00,1668.9500,1669.0500,1652.3000,1652.3500,56250,1387500,
BATAINDIA_F1,07/05/2023,15:02:00,1653.7500,1654.5000,1652.0500,1653.0000,10875,1387500,
BATAINDIA_F1,07/05/2023,15:03:00,1652.0000,1652.0000,1646.2500,1646.2500,19500,1395000,
BATAINDIA_F1,07/05/2023,15:04:00,1647.3000,1649.9500,1647.3000,1649.9500,7500,1395000,
BATAINDIA_F1,07/05/2023,15:05:00,1649.9500,1649.9500,1648.1000,1649.0000,7125,1395000,
BATAINDIA_F1,07/05/2023,15:06:00,1649.5500,1650.7000,1649.5500,1650.7000,4500,1399125,
BATAINDIA_F1,07/05/2023,15:07:00,1653.1000,1654.9000,1651.3500,1652.1500,11625,1399125,
BATAINDIA_F1,07/05/2023,15:08:00,1652.0000,1652.1500,1649.0000,1650.7500,20625,1399125,
BATAINDIA_F1,07/05/2023,15:09:00,1648.6000,1650.7500,1648.5500,1650.7500,9750,1387875,
BATAINDIA_F1,07/05/2023,15:10:00,1650.7500,1651.6500,1650.7500,1651.6500,2250,1387875,
BATAINDIA_F1,07/05/2023,15:11:00,1650.4000,1651.8000,1650.4000,1651.8000,5250,1387875,
BATAINDIA_F1,07/05/2023,15:12:00,1651.2500,1651.2500,1650.1500,1650.8000,5625,1394250,
BATAINDIA_F1,07/05/2023,15:13:00,1651.0000,1652.7500,1651.0000,1651.9500,5250,1394250,
BATAINDIA_F1,07/05/2023,15:14:00,1651.7000,1652.0500,1651.2000,1651.6500,4875,1394250,
BATAINDIA_F1,07/05/2023,15:15:00,1650.5000,1652.8000,1650.5000,1652.8000,10500,1404750,
BATAINDIA_F1,07/05/2023,15:16:00,1652.6000,1652.6000,1652.6000,1652.6000,4500,1404750,
BATAINDIA_F1,07/05/2023,15:17:00,1652.1500,1654.4500,1652.1500,1654.1500,15750,1404750,
BATAINDIA_F1,07/05/2023,15:18:00,1653.2000,1653.5500,1653.2000,1653.5500,750,1404750,
BATAINDIA_F1,07/05/2023,15:19:00,1653.7000,1653.7000,1653.7000,1653.7000,6000,1414500,
BATAINDIA_F1,07/05/2023,15:20:00,1652.9000,1654.5000,1652.9000,1654.5000,11250,1414500,
BATAINDIA_F1,07/05/2023,15:21:00,1654.1000,1654.1500,1653.0000,1653.8000,3000,1423500,
BATAINDIA_F1,07/05/2023,15:22:00,1652.6500,1653.8000,1652.6500,1653.8000,1500,1423500,
BATAINDIA_F1,07/05/2023,15:23:00,1653.8000,1653.9500,1653.7500,1653.7500,1500,1423500,
BATAINDIA_F1,07/05/2023,15:24:00,1653.5000,1655.3500,1653.5000,1655.3500,20250,1425375,
BATAINDIA_F1,07/05/2023,15:25:00,1654.1500,1657.7000,1654.0500,1657.7000,29250,1425375,
BATAINDIA_F1,07/05/2023,15:26:00,1656.0500,1658.0500,1655.6500,1657.7000,9750,1425375,
BATAINDIA_F1,07/05/2023,15:27:00,1657.7000,1659.0000,1657.1000,1657.3500,6750,1447875,
BATAINDIA_F1,07/05/2023,15:28:00,1656.4500,1659.2000,1656.4500,1659.2000,15750,1447875,
BATAINDIA_F1,07/05/2023,15:29:00,1658.0000,1659.2000,1657.0500,1657.9500,11625,1447875,
BATAINDIA_F1,07/06/2023,09:15:00,1656.5500,1656.5500,1656.5500,1656.5500,376,1280250,
BATAINDIA_F1,07/06/2023,09:16:00,1660.8500,1660.8500,1658.1500,1658.1500,7875,1280250,
BATAINDIA_F1,07/06/2023,09:17:00,1656.0000,1656.0000,1656.0000,1656.0000,1875,1280250,
BATAINDIA_F1,07/06/2023,09:18:00,1658.5500,1658.5500,1652.3500,1653.1000,14625,1284750,
BATAINDIA_F1,07/06/2023,09:20:00,1655.1000,1655.1000,1655.1000,1655.1000,1125,1284750,
BATAINDIA_F1,07/06/2023,09:22:00,1654.4000,1655.3000,1652.1500,1652.1500,1875,1283250,
BATAINDIA_F1,07/06/2023,09:23:00,1651.8000,1651.8000,1651.5000,1651.5000,2625,1284000,
BATAINDIA_F1,07/06/2023,09:24:00,1650.1000,1650.1000,1649.0000,1649.0000,2625,1284000,
BATAINDIA_F1,07/06/2023,09:25:00,1649.0000,1650.2000,1648.5500,1650.2000,3000,1284000,
BATAINDIA_F1,07/06/2023,09:26:00,1651.9500,1651.9500,1651.9500,1651.9500,750,1284000,
BATAINDIA_F1,07/06/2023,09:27:00,1651.0000,1651.0000,1651.0000,1651.0000,375,1283625,
BATAINDIA_F1,07/06/2023,09:28:00,1651.8500,1653.9000,1651.8500,1653.9000,1125,1283625,
BATAINDIA_F1,07/06/2023,09:29:00,1652.6000,1653.5000,1652.6000,1653.0000,1125,1284000,
BATAINDIA_F1,07/06/2023,09:30:00,1655.0000,1657.4500,1654.8500,1654.9000,7500,1284000,
BATAINDIA_F1,07/06/2023,09:33:00,1653.0000,1653.0000,1653.0000,1653.0000,750,1283625,
BATAINDIA_F1,07/06/2023,09:34:00,1651.5500,1653.3000,1651.5500,1653.3000,1875,1283625,
BATAINDIA_F1,07/06/2023,09:35:00,1651.5500,1653.5500,1650.8000,1653.5500,3000,1284375,
BATAINDIA_F1,07/06/2023,09:36:00,1654.6000,1655.0000,1654.6000,1655.0000,3750,1284375,
BATAINDIA_F1,07/06/2023,09:38:00,1657.0000,1657.0000,1657.0000,1657.0000,375,1284375,
BATAINDIA_F1,07/06/2023,09:39:00,1656.2000,1656.2000,1656.2000,1656.2000,750,1287750,
BATAINDIA_F1,07/06/2023,09:40:00,1657.5000,1657.8000,1657.5000,1657.8000,750,1287750,
BATAINDIA_F1,07/06/2023,09:41:00,1657.8000,1657.8000,1657.8000,1657.8000,375,1287750,
BATAINDIA_F1,07/06/2023,09:42:00,1658.0000,1658.0000,1656.0000,1657.0000,3750,1287750,
BATAINDIA_F1,07/06/2023,09:43:00,1656.8500,1656.8500,1655.4000,1655.4000,1125,1287750,
BATAINDIA_F1,07/06/2023,09:44:00,1655.4000,1655.4000,1655.4000,1655.4000,375,1287750,
BATAINDIA_F1,07/06/2023,09:46:00,1654.7000,1654.7000,1654.7000,1654.7000,375,1288125,
BATAINDIA_F1,07/06/2023,09:49:00,1655.0000,1655.0000,1655.0000,1655.0000,750,1285875,
BATAINDIA_F1,07/06/2023,09:50:00,1655.0000,1655.0000,1655.0000,1655.0000,375,1285875,
BATAINDIA_F1,07/06/2023,09:51:00,1654.8500,1655.0000,1654.8500,1655.0000,1125,1285875,
BATAINDIA_F1,07/06/2023,09:52:00,1655.0000,1655.0000,1655.0000,1655.0000,375,1285875,
BATAINDIA_F1,07/06/2023,09:53:00,1656.0000,1656.0000,1653.5000,1653.5000,2625,1285875,
BATAINDIA_F1,07/06/2023,09:54:00,1655.0000,1655.0000,1655.0000,1655.0000,375,1285875,
BATAINDIA_F1,07/06/2023,09:55:00,1655.4000,1655.4000,1655.4000,1655.4000,375,1285875,
BATAINDIA_F1,07/06/2023,09:56:00,1654.0500,1654.0500,1654.0500,1654.0500,375,1285875,
BATAINDIA_F1,07/06/2023,09:58:00,1654.5000,1654.5000,1654.5000,1654.5000,375,1285125,
BATAINDIA_F1,07/06/2023,09:59:00,1655.8000,1655.8000,1651.0000,1651.9000,37875,1279500,
BATAINDIA_F1,07/06/2023,10:00:00,1653.0000,1654.0000,1653.0000,1653.1000,3000,1279500,
BATAINDIA_F1,07/06/2023,10:01:00,1654.0000,1654.0000,1654.0000,1654.0000,1125,1279500,
BATAINDIA_F1,07/06/2023,10:05:00,1653.9500,1653.9500,1653.9500,1653.9500,375,1276500,
BATAINDIA_F1,07/06/2023,10:09:00,1655.1500,1655.1500,1655.1500,1655.1500,375,1276500,
BATAINDIA_F1,07/06/2023,10:10:00,1654.3500,1654.3500,1654.3500,1654.3500,375,1276500,
BATAINDIA_F1,07/06/2023,10:11:00,1652.5500,1652.5500,1652.5500,1652.5500,6000,1276500,
BATAINDIA_F1,07/06/2023,10:13:00,1653.0000,1653.3500,1653.0000,1653.3500,750,1281000,
BATAINDIA_F1,07/06/2023,10:14:00,1653.8500,1655.1500,1653.8500,1655.0000,2250,1281000,
BATAINDIA_F1,07/06/2023,10:17:00,1655.9000,1655.9000,1655.9000,1655.9000,375,1280250,
BATAINDIA_F1,07/06/2023,10:18:00,1655.0000,1655.0000,1655.0000,1655.0000,375,1280250,
BATAINDIA_F1,07/06/2023,10:19:00,1655.6000,1655.6000,1655.6000,1655.6000,375,1280250,
BATAINDIA_F1,07/06/2023,10:22:00,1653.8500,1653.8500,1653.8500,1653.8500,375,1280625,
BATAINDIA_F1,07/06/2023,10:23:00,1653.0000,1653.0000,1653.0000,1653.0000,375,1280625,
BATAINDIA_F1,07/06/2023,10:24:00,1652.3500,1652.3500,1652.3500,1652.3500,375,1280625,
BATAINDIA_F1,07/06/2023,10:26:00,1653.3000,1653.3000,1653.3000,1653.3000,375,1280625,
BATAINDIA_F1,07/06/2023,10:34:00,1652.0000,1652.0000,1652.0000,1652.0000,4125,1280250,
BATAINDIA_F1,07/06/2023,10:35:00,1651.9500,1651.9500,1651.9500,1651.9500,1125,1280250,
BATAINDIA_F1,07/06/2023,10:38:00,1652.5500,1652.5500,1652.5500,1652.5500,375,1280250,
BATAINDIA_F1,07/06/2023,10:43:00,1654.1000,1654.1000,1654.1000,1654.1000,375,1280625,
BATAINDIA_F1,07/06/2023,10:45:00,1654.6000,1654.6000,1654.6000,1654.6000,375,1280625,
BATAINDIA_F1,07/06/2023,10:49:00,1653.3500,1653.3500,1653.3500,1653.3500,375,1280625,
BATAINDIA_F1,07/06/2023,10:50:00,1653.4000,1654.7000,1653.4000,1654.7000,1125,1280250,
BATAINDIA_F1,07/06/2023,10:51:00,1654.5000,1656.5500,1654.5000,1656.5500,4125,1280250,
BATAINDIA_F1,07/06/2023,10:52:00,1657.9000,1657.9000,1657.0000,1657.0000,5250,1280250,
BATAINDIA_F1,07/06/2023,10:53:00,1658.5000,1658.5000,1658.5000,1658.5000,375,1280250,
BATAINDIA_F1,07/06/2023,10:56:00,1657.0500,1658.4500,1657.0500,1658.4500,750,1279875,
BATAINDIA_F1,07/06/2023,10:57:00,1658.0500,1658.0500,1658.0500,1658.0500,750,1280250,
BATAINDIA_F1,07/06/2023,10:58:00,1658.5500,1661.0000,1658.5500,1661.0000,7500,1280250,
BATAINDIA_F1,07/06/2023,10:59:00,1661.0000,1661.0000,1659.0500,1660.9500,3750,1282875,
BATAINDIA_F1,07/06/2023,11:00:00,1661.0000,1661.0000,1660.3000,1660.3000,1125,1282875,
BATAINDIA_F1,07/06/2023,11:01:00,1660.0000,1660.3500,1659.1000,1660.3500,2625,1282875,
BATAINDIA_F1,07/06/2023,11:02:00,1659.6500,1660.2500,1659.6500,1660.0000,2250,1282875,
BATAINDIA_F1,07/06/2023,11:03:00,1659.8500,1659.9000,1659.8500,1659.9000,1125,1284750,
BATAINDIA_F1,07/06/2023,11:04:00,1660.1000,1661.6500,1660.1000,1661.6500,750,1284750,
BATAINDIA_F1,07/06/2023,11:06:00,1661.6500,1661.6500,1661.6500,1661.6500,1125,1284750,
BATAINDIA_F1,07/06/2023,11:07:00,1660.5000,1662.0000,1660.5000,1662.0000,1500,1284750,
BATAINDIA_F1,07/06/2023,11:08:00,1662.0000,1662.0000,1660.7500,1660.7500,1500,1284750,
BATAINDIA_F1,07/06/2023,11:09:00,1662.0500,1662.0500,1662.0500,1662.0500,750,1284000,
BATAINDIA_F1,07/06/2023,11:10:00,1662.5500,1662.5500,1662.5500,1662.5500,750,1284000,
BATAINDIA_F1,07/06/2023,11:11:00,1662.5500,1662.5500,1661.0500,1661.0500,1875,1284000,
BATAINDIA_F1,07/06/2023,11:13:00,1662.0000,1662.0000,1662.0000,1662.0000,375,1284750,
BATAINDIA_F1,07/06/2023,11:14:00,1660.8000,1660.8000,1660.8000,1660.8000,750,1284750,
BATAINDIA_F1,07/06/2023,11:16:00,1660.8000,1662.0000,1660.7500,1661.0000,3000,1284375,
BATAINDIA_F1,07/06/2023,11:17:00,1661.0000,1661.0000,1660.8000,1660.8000,1500,1284375,
BATAINDIA_F1,07/06/2023,11:18:00,1661.6500,1661.6500,1661.6500,1661.6500,375,1285500,
BATAINDIA_F1,07/06/2023,11:20:00,1660.0000,1660.0000,1660.0000,1660.0000,375,1285500,
BATAINDIA_F1,07/06/2023,11:21:00,1661.4500,1661.5000,1661.4500,1661.5000,750,1284750,
BATAINDIA_F1,07/06/2023,11:22:00,1660.5000,1660.5000,1660.5000,1660.5000,750,1284750,
BATAINDIA_F1,07/06/2023,11:23:00,1661.8000,1661.8000,1661.8000,1661.8000,375,1284750,
BATAINDIA_F1,07/06/2023,11:25:00,1661.8000,1661.8000,1661.8000,1661.8000,375,1285125,
BATAINDIA_F1,07/06/2023,11:28:00,1662.0000,1662.0000,1662.0000,1662.0000,375,1284750,
BATAINDIA_F1,07/06/2023,11:30:00,1662.0000,1662.0000,1662.0000,1662.0000,1125,1284750,
BATAINDIA_F1,07/06/2023,11:31:00,1662.4000,1663.0000,1662.4000,1663.0000,4125,1284750,
BATAINDIA_F1,07/06/2023,11:32:00,1663.0000,1664.0000,1662.6500,1664.0000,1875,1284750,
BATAINDIA_F1,07/06/2023,11:34:00,1664.0000,1664.0000,1664.0000,1664.0000,750,1280625,
BATAINDIA_F1,07/06/2023,11:35:00,1664.7500,1664.7500,1664.7500,1664.7500,750,1280625,
BATAINDIA_F1,07/06/2023,11:37:00,1664.4000,1665.0000,1664.4000,1665.0000,1500,1280625,
BATAINDIA_F1,07/06/2023,11:38:00,1665.6500,1665.6500,1665.6500,1665.6500,1875,1280625,
BATAINDIA_F1,07/06/2023,11:39:00,1665.6500,1665.6500,1665.4500,1665.4500,750,1281750,
BATAINDIA_F1,07/06/2023,11:41:00,1665.0000,1665.7500,1665.0000,1665.7500,1500,1281750,
BATAINDIA_F1,07/06/2023,11:42:00,1665.9500,1665.9500,1665.9500,1665.9500,750,1281375,
BATAINDIA_F1,07/06/2023,11:44:00,1664.3500,1666.0000,1664.3500,1666.0000,3375,1281375,
BATAINDIA_F1,07/06/2023,11:45:00,1666.4500,1667.0000,1666.4500,1667.0000,3000,1281750,
BATAINDIA_F1,07/06/2023,11:46:00,1666.4500,1666.4500,1666.0000,1666.0000,1125,1281750,
BATAINDIA_F1,07/06/2023,11:47:00,1667.2000,1667.2000,1667.2000,1667.2000,375,1281750,
BATAINDIA_F1,07/06/2023,11:48:00,1667.2000,1667.2000,1665.0000,1665.0000,3375,1282875,
BATAINDIA_F1,07/06/2023,11:49:00,1664.4000,1665.1000,1664.4000,1665.0000,2250,1282875,
BATAINDIA_F1,07/06/2023,11:51:00,1665.8000,1665.8000,1665.8000,1665.8000,375,1285125,
BATAINDIA_F1,07/06/2023,11:54:00,1666.0000,1666.0000,1666.0000,1666.0000,375,1285125,
BATAINDIA_F1,07/06/2023,11:56:00,1665.9500,1665.9500,1665.9500,1665.9500,375,1285125,
BATAINDIA_F1,07/06/2023,11:58:00,1666.3000,1666.3000,1666.3000,1666.3000,375,1285500,
BATAINDIA_F1,07/06/2023,12:01:00,1666.0000,1666.0000,1666.0000,1666.0000,375,1285500,
BATAINDIA_F1,07/06/2023,12:02:00,1665.1500,1665.1500,1665.1500,1665.1500,1125,1285500,
BATAINDIA_F1,07/06/2023,12:03:00,1666.5500,1666.5500,1666.5500,1666.5500,375,1284000,
BATAINDIA_F1,07/06/2023,12:04:00,1666.6000,1666.6000,1666.6000,1666.6000,375,1284000,
BATAINDIA_F1,07/06/2023,12:05:00,1666.5500,1666.5500,1666.5500,1666.5500,750,1284000,
BATAINDIA_F1,07/06/2023,12:06:00,1666.8000,1666.8000,1666.8000,1666.8000,375,1284000,
BATAINDIA_F1,07/06/2023,12:08:00,1666.8000,1666.8000,1666.8000,1666.8000,375,1284000,
BATAINDIA_F1,07/06/2023,12:09:00,1666.5000,1666.5000,1666.5000,1666.5000,375,1283625,
BATAINDIA_F1,07/06/2023,12:10:00,1666.0000,1666.0000,1665.0000,1665.0000,1125,1283625,
BATAINDIA_F1,07/06/2023,12:11:00,1666.0000,1666.0000,1666.0000,1666.0000,375,1283625,
BATAINDIA_F1,07/06/2023,12:13:00,1666.8000,1666.8500,1666.8000,1666.8500,2250,1283625,
BATAINDIA_F1,07/06/2023,12:14:00,1666.0000,1666.0000,1666.0000,1666.0000,375,1283625,
BATAINDIA_F1,07/06/2023,12:15:00,1667.2000,1668.0000,1667.2000,1668.0000,1125,1284750,
BATAINDIA_F1,07/06/2023,12:16:00,1668.0000,1668.0000,1668.0000,1668.0000,750,1284750,
BATAINDIA_F1,07/06/2023,12:17:00,1668.0000,1668.7500,1668.0000,1668.7500,750,1284750,
BATAINDIA_F1,07/06/2023,12:18:00,1668.7500,1668.7500,1668.7500,1668.7500,375,1284375,
BATAINDIA_F1,07/06/2023,12:19:00,1667.8000,1668.3000,1667.2000,1667.2000,1500,1284375,
BATAINDIA_F1,07/06/2023,12:20:00,1668.8500,1668.8500,1668.8500,1668.8500,375,1284375,
BATAINDIA_F1,07/06/2023,12:21:00,1668.8500,1668.8500,1668.8500,1668.8500,750,1285125,
BATAINDIA_F1,07/06/2023,12:22:00,1668.5000,1668.5000,1667.6500,1667.6500,750,1285125,
BATAINDIA_F1,07/06/2023,12:24:00,1668.4000,1668.5000,1668.4000,1668.5000,1125,1284750,
BATAINDIA_F1,07/06/2023,12:27:00,1668.9000,1668.9000,1668.9000,1668.9000,375,1283625,
BATAINDIA_F1,07/06/2023,12:28:00,1668.9000,1668.9000,1668.8000,1668.8000,750,1283625,
BATAINDIA_F1,07/06/2023,12:29:00,1667.7500,1669.1000,1667.7500,1669.1000,2625,1283625,
BATAINDIA_F1,07/06/2023,12:30:00,1669.9000,1670.4000,1669.9000,1670.4000,5250,1284375,
BATAINDIA_F1,07/06/2023,12:31:00,1670.0000,1670.0000,1670.0000,1670.0000,750,1284375,
BATAINDIA_F1,07/06/2023,12:32:00,1670.9500,1670.9500,1670.9500,1670.9500,375,1284375,
BATAINDIA_F1,07/06/2023,12:34:00,1670.9500,1671.2500,1670.9500,1671.2500,750,1281750,
BATAINDIA_F1,07/06/2023,12:35:00,1671.2500,1671.2500,1671.2500,1671.2500,375,1281750,
BATAINDIA_F1,07/06/2023,12:36:00,1671.3500,1671.7500,1671.3500,1671.7500,750,1281750,
BATAINDIA_F1,07/06/2023,12:37:00,1671.9500,1671.9500,1671.9500,1671.9500,2625,1281750,
BATAINDIA_F1,07/06/2023,12:38:00,1671.9500,1672.5000,1671.5000,1672.5000,4500,1281750,
BATAINDIA_F1,07/06/2023,12:39:00,1672.8500,1674.7500,1672.8500,1674.3500,12750,1283625,
BATAINDIA_F1,07/06/2023,12:40:00,1675.4000,1675.4000,1674.0500,1675.0000,7500,1283625,
BATAINDIA_F1,07/06/2023,12:41:00,1676.0000,1676.0000,1674.5500,1674.5500,4875,1283625,
BATAINDIA_F1,07/06/2023,12:42:00,1674.5000,1675.0000,1674.5000,1675.0000,750,1291125,
BATAINDIA_F1,07/06/2023,12:43:00,1674.5000,1675.5500,1674.5000,1675.5000,2250,1291125,
BATAINDIA_F1,07/06/2023,12:44:00,1675.0000,1675.0000,1675.0000,1675.0000,375,1291125,
BATAINDIA_F1,07/06/2023,12:45:00,1675.5000,1675.5000,1675.5000,1675.5000,375,1290750,
BATAINDIA_F1,07/06/2023,12:46:00,1675.5000,1675.5000,1675.5000,1675.5000,375,1290750,
BATAINDIA_F1,07/06/2023,12:47:00,1673.5500,1675.0000,1673.5500,1675.0000,4125,1290750,
BATAINDIA_F1,07/06/2023,12:48:00,1675.0000,1675.0000,1674.0500,1674.0500,750,1291500,
BATAINDIA_F1,07/06/2023,12:49:00,1674.0000,1675.0000,1674.0000,1675.0000,2625,1291500,
BATAINDIA_F1,07/06/2023,12:50:00,1675.1500,1676.0000,1675.1500,1676.0000,750,1291500,
BATAINDIA_F1,07/06/2023,12:51:00,1675.0000,1675.0000,1675.0000,1675.0000,375,1291500,
BATAINDIA_F1,07/06/2023,12:52:00,1675.0000,1675.0000,1675.0000,1675.0000,375,1290000,
BATAINDIA_F1,07/06/2023,12:53:00,1675.0500,1675.0500,1675.0000,1675.0000,750,1290000,
BATAINDIA_F1,07/06/2023,12:54:00,1676.2500,1676.2500,1676.2500,1676.2500,4125,1289625,
BATAINDIA_F1,07/06/2023,12:55:00,1676.6000,1676.6000,1675.5500,1675.5500,1500,1289625,
BATAINDIA_F1,07/06/2023,12:56:00,1676.7000,1679.8000,1676.7000,1677.9000,9000,1289625,
BATAINDIA_F1,07/06/2023,12:57:00,1678.5500,1679.0000,1676.6500,1676.6500,8625,1286625,
BATAINDIA_F1,07/06/2023,12:58:00,1676.4000,1678.5500,1676.4000,1678.5500,10500,1286625,
BATAINDIA_F1,07/06/2023,12:59:00,1677.5000,1679.0000,1677.5000,1679.0000,2625,1286625,
BATAINDIA_F1,07/06/2023,13:00:00,1679.0000,1680.0500,1678.4500,1678.4500,11250,1294125,
BATAINDIA_F1,07/06/2023,13:01:00,1679.0000,1679.4500,1678.2000,1679.0000,8625,1294125,
BATAINDIA_F1,07/06/2023,13:02:00,1679.1000,1680.3500,1679.1000,1680.3500,6375,1294125,
BATAINDIA_F1,07/06/2023,13:03:00,1679.6000,1679.6000,1678.0500,1678.0500,9375,1298625,
BATAINDIA_F1,07/06/2023,13:04:00,1678.5000,1678.5000,1678.2000,1678.2000,1125,1298625,
BATAINDIA_F1,07/06/2023,13:05:00,1678.1000,1679.4500,1678.1000,1679.4500,1875,1298625,
BATAINDIA_F1,07/06/2023,13:06:00,1678.6000,1678.6000,1678.1000,1678.1000,1125,1297875,
BATAINDIA_F1,07/06/2023,13:07:00,1678.8000,1678.8000,1678.8000,1678.8000,375,1297875,
BATAINDIA_F1,07/06/2023,13:08:00,1677.9500,1677.9500,1677.9500,1677.9500,375,1297875,
BATAINDIA_F1,07/06/2023,13:09:00,1678.1000,1678.5000,1678.1000,1678.5000,750,1297500,
BATAINDIA_F1,07/06/2023,13:12:00,1678.1500,1678.1500,1678.1500,1678.1500,375,1297875,
BATAINDIA_F1,07/06/2023,13:13:00,1678.0500,1678.0500,1676.0000,1676.0000,3000,1297875,
BATAINDIA_F1,07/06/2023,13:14:00,1676.0000,1676.0000,1676.0000,1676.0000,750,1297875,
BATAINDIA_F1,07/06/2023,13:15:00,1676.0500,1676.2500,1676.0500,1676.2500,750,1299000,
BATAINDIA_F1,07/06/2023,13:16:00,1676.0000,1676.0000,1676.0000,1676.0000,375,1299000,
BATAINDIA_F1,07/06/2023,13:17:00,1677.9000,1677.9000,1677.9000,1677.9000,375,1299000,
BATAINDIA_F1,07/06/2023,13:19:00,1678.3500,1678.3500,1678.3500,1678.3500,375,1297500,
BATAINDIA_F1,07/06/2023,13:20:00,1677.2500,1677.2500,1676.0000,1677.0500,1875,1297500,
BATAINDIA_F1,07/06/2023,13:21:00,1676.5500,1677.9000,1676.5500,1677.9000,750,1297875,
BATAINDIA_F1,07/06/2023,13:23:00,1677.0000,1677.8000,1676.0000,1676.0000,1875,1297875,
BATAINDIA_F1,07/06/2023,13:24:00,1677.1500,1677.1500,1676.0000,1676.0000,750,1297875,
BATAINDIA_F1,07/06/2023,13:26:00,1676.6500,1676.7000,1675.7000,1675.7000,2250,1297500,
BATAINDIA_F1,07/06/2023,13:27:00,1676.3500,1676.5000,1676.3500,1676.5000,1125,1297125,
BATAINDIA_F1,07/06/2023,13:28:00,1677.7000,1677.9000,1677.7000,1677.9000,10500,1297125,
BATAINDIA_F1,07/06/2023,13:29:00,1677.8500,1677.8500,1677.8500,1677.8500,375,1297125,
BATAINDIA_F1,07/06/2023,13:30:00,1678.3500,1678.3500,1677.8500,1677.8500,1875,1297125,
BATAINDIA_F1,07/06/2023,13:31:00,1678.5000,1678.5000,1677.6500,1677.6500,750,1298250,
BATAINDIA_F1,07/06/2023,13:32:00,1676.5500,1678.0500,1676.5500,1676.6500,2250,1298250,
BATAINDIA_F1,07/06/2023,13:33:00,1675.8500,1676.7500,1675.8500,1676.7500,2625,1298250,
BATAINDIA_F1,07/06/2023,13:34:00,1676.3000,1676.3000,1676.3000,1676.3000,375,1296375,
BATAINDIA_F1,07/06/2023,13:35:00,1675.4000,1676.4000,1675.4000,1676.4000,1500,1296375,
BATAINDIA_F1,07/06/2023,13:36:00,1675.2500,1675.2500,1675.2500,1675.2500,375,1296375,
BATAINDIA_F1,07/06/2023,13:37:00,1676.2500,1676.6000,1676.2500,1676.6000,1500,1296000,
BATAINDIA_F1,07/06/2023,13:38:00,1676.7000,1677.7500,1676.7000,1677.7500,750,1296000,
BATAINDIA_F1,07/06/2023,13:39:00,1676.6000,1676.6000,1676.6000,1676.6000,375,1296000,
BATAINDIA_F1,07/06/2023,13:40:00,1676.4000,1676.4000,1674.3500,1674.3500,3375,1296000,
BATAINDIA_F1,07/06/2023,13:41:00,1675.0000,1675.0000,1674.0000,1674.0000,750,1296000,
BATAINDIA_F1,07/06/2023,13:42:00,1673.0500,1674.1000,1673.0500,1674.1000,1125,1292625,
BATAINDIA_F1,07/06/2023,13:43:00,1675.0000,1675.5000,1673.9000,1675.5000,3375,1292625,
BATAINDIA_F1,07/06/2023,13:44:00,1676.0000,1677.8000,1676.0000,1677.8000,1875,1292625,
BATAINDIA_F1,07/06/2023,13:45:00,1677.9500,1677.9500,1677.9500,1677.9500,375,1294875,
BATAINDIA_F1,07/06/2023,13:46:00,1676.8500,1676.8500,1676.8500,1676.8500,1125,1294875,
BATAINDIA_F1,07/06/2023,13:47:00,1677.5000,1677.5000,1677.5000,1677.5000,375,1294875,
BATAINDIA_F1,07/06/2023,13:48:00,1677.0000,1677.0000,1677.0000,1677.0000,375,1295250,
BATAINDIA_F1,07/06/2023,13:50:00,1677.4500,1677.4500,1677.4500,1677.4500,375,1295250,
BATAINDIA_F1,07/06/2023,13:52:00,1677.4500,1678.4500,1677.4500,1678.4500,1125,1295625,
BATAINDIA_F1,07/06/2023,13:53:00,1678.4000,1678.4000,1677.0000,1677.0000,1875,1295625,
BATAINDIA_F1,07/06/2023,13:54:00,1677.5000,1677.5000,1677.5000,1677.5000,375,1294875,
BATAINDIA_F1,07/06/2023,13:57:00,1676.9500,1676.9500,1676.9500,1676.9500,375,1294875,
BATAINDIA_F1,07/06/2023,13:59:00,1675.8500,1676.5000,1675.8500,1676.5000,1500,1295250,
BATAINDIA_F1,07/06/2023,14:00:00,1676.5000,1676.5000,1676.5000,1676.5000,750,1294875,
BATAINDIA_F1,07/06/2023,14:01:00,1677.5000,1678.3000,1677.5000,1678.3000,750,1294875,
BATAINDIA_F1,07/06/2023,14:02:00,1677.0000,1677.0000,1676.3500,1676.3500,2250,1294875,
BATAINDIA_F1,07/06/2023,14:03:00,1676.6000,1677.0000,1676.6000,1677.0000,2250,1296750,
BATAINDIA_F1,07/06/2023,14:04:00,1678.0000,1678.0000,1678.0000,1678.0000,375,1296750,
BATAINDIA_F1,07/06/2023,14:06:00,1677.8500,1677.8500,1677.8500,1677.8500,375,1297500,
BATAINDIA_F1,07/06/2023,14:07:00,1677.0000,1677.0000,1677.0000,1677.0000,750,1297500,
BATAINDIA_F1,07/06/2023,14:08:00,1677.8500,1677.8500,1677.0500,1677.0500,1125,1297500,
BATAINDIA_F1,07/06/2023,14:09:00,1677.8500,1677.8500,1676.4500,1676.4500,1500,1296750,
BATAINDIA_F1,07/06/2023,14:10:00,1676.4500,1676.5000,1676.4500,1676.5000,750,1296750,
BATAINDIA_F1,07/06/2023,14:11:00,1677.9000,1677.9000,1677.9000,1677.9000,375,1296750,
BATAINDIA_F1,07/06/2023,14:12:00,1678.5000,1679.0000,1678.5000,1679.0000,1125,1295625,
BATAINDIA_F1,07/06/2023,14:13:00,1679.4500,1679.4500,1679.4500,1679.4500,375,1295625,
BATAINDIA_F1,07/06/2023,14:15:00,1680.0000,1680.0000,1679.5000,1679.5000,1875,1296000,
BATAINDIA_F1,07/06/2023,14:16:00,1680.0500,1680.5000,1680.0500,1680.5000,1125,1296000,
BATAINDIA_F1,07/06/2023,14:17:00,1680.0000,1680.0000,1680.0000,1680.0000,750,1296000,
BATAINDIA_F1,07/06/2023,14:18:00,1680.0000,1680.0000,1680.0000,1680.0000,375,1296000,
BATAINDIA_F1,07/06/2023,14:20:00,1679.6000,1679.9000,1679.6000,1679.9000,1125,1296000,
BATAINDIA_F1,07/06/2023,14:21:00,1679.2000,1679.2000,1679.2000,1679.2000,375,1296375,
BATAINDIA_F1,07/06/2023,14:23:00,1678.7000,1678.7000,1677.9000,1677.9000,1125,1296375,
BATAINDIA_F1,07/06/2023,14:24:00,1678.8000,1678.8000,1678.8000,1678.8000,375,1295250,
BATAINDIA_F1,07/06/2023,14:25:00,1677.1000,1677.3500,1677.1000,1677.3500,750,1295250,
BATAINDIA_F1,07/06/2023,14:26:00,1677.8500,1677.8500,1677.8500,1677.8500,375,1295250,
BATAINDIA_F1,07/06/2023,14:27:00,1678.1000,1678.1000,1678.1000,1678.1000,375,1295250,
BATAINDIA_F1,07/06/2023,14:28:00,1678.0500,1678.7000,1678.0500,1678.7000,1875,1295250,
BATAINDIA_F1,07/06/2023,14:30:00,1678.7500,1679.8000,1678.7500,1678.8500,5625,1290750,
BATAINDIA_F1,07/06/2023,14:31:00,1679.6500,1679.6500,1679.6500,1679.6500,375,1290750,
BATAINDIA_F1,07/06/2023,14:32:00,1679.5000,1680.4500,1679.5000,1680.4500,1125,1290750,
BATAINDIA_F1,07/06/2023,14:33:00,1679.5500,1679.5500,1679.5500,1679.5500,750,1290750,
BATAINDIA_F1,07/06/2023,14:34:00,1680.6500,1680.6500,1680.6500,1680.6500,375,1289625,
BATAINDIA_F1,07/06/2023,14:35:00,1680.7000,1680.7000,1679.4500,1679.4500,4500,1289625,
BATAINDIA_F1,07/06/2023,14:36:00,1679.6000,1679.6000,1679.6000,1679.6000,375,1289625,
BATAINDIA_F1,07/06/2023,14:37:00,1680.6500,1680.6500,1680.6500,1680.6500,375,1293000,
BATAINDIA_F1,07/06/2023,14:39:00,1680.3500,1680.3500,1680.0000,1680.0000,1500,1292625,
BATAINDIA_F1,07/06/2023,14:40:00,1679.4500,1679.5000,1679.4500,1679.5000,750,1292625,
BATAINDIA_F1,07/06/2023,14:41:00,1681.0000,1681.0000,1681.0000,1681.0000,375,1292625,
BATAINDIA_F1,07/06/2023,14:42:00,1681.0000,1681.0000,1681.0000,1681.0000,1125,1291125,
BATAINDIA_F1,07/06/2023,14:44:00,1680.1500,1681.0000,1680.1500,1681.0000,750,1291125,
BATAINDIA_F1,07/06/2023,14:45:00,1681.4000,1681.4000,1681.4000,1681.4000,750,1291500,
BATAINDIA_F1,07/06/2023,14:46:00,1681.7000,1682.1000,1681.7000,1682.1000,2625,1291500,
BATAINDIA_F1,07/06/2023,14:47:00,1682.4000,1682.4000,1682.4000,1682.4000,4875,1291500,
BATAINDIA_F1,07/06/2023,14:49:00,1682.6000,1682.6000,1682.6000,1682.6000,375,1289625,
BATAINDIA_F1,07/06/2023,14:50:00,1682.6000,1682.6000,1682.6000,1682.6000,750,1289625,
BATAINDIA_F1,07/06/2023,14:51:00,1679.2500,1681.5000,1679.2500,1681.5000,1875,1288875,
BATAINDIA_F1,07/06/2023,14:52:00,1680.2000,1680.2000,1680.2000,1680.2000,375,1288875,
BATAINDIA_F1,07/06/2023,14:54:00,1680.3500,1680.4500,1679.6000,1679.6000,3000,1290000,
BATAINDIA_F1,07/06/2023,14:55:00,1680.0000,1680.9500,1680.0000,1680.9500,1125,1290000,
BATAINDIA_F1,07/06/2023,14:56:00,1681.8000,1681.8000,1680.9000,1681.4500,1500,1290000,
BATAINDIA_F1,07/06/2023,14:58:00,1681.4000,1681.4000,1681.4000,1681.4000,375,1290375,
BATAINDIA_F1,07/06/2023,14:59:00,1680.3500,1680.3500,1680.3500,1680.3500,750,1290375,
BATAINDIA_F1,07/06/2023,15:00:00,1681.4500,1681.4500,1681.4500,1681.4500,1500,1290375,
BATAINDIA_F1,07/06/2023,15:01:00,1682.9500,1682.9500,1682.0000,1682.0000,2625,1288125,
BATAINDIA_F1,07/06/2023,15:02:00,1681.6500,1681.6500,1681.1000,1681.1000,1125,1288125,
BATAINDIA_F1,07/06/2023,15:03:00,1682.2500,1682.2500,1682.2500,1682.2500,375,1290750,
BATAINDIA_F1,07/06/2023,15:04:00,1680.5500,1680.5500,1680.5500,1680.5500,375,1290750,
BATAINDIA_F1,07/06/2023,15:05:00,1680.7500,1681.0000,1680.2500,1680.5000,2250,1290750,
BATAINDIA_F1,07/06/2023,15:06:00,1680.0000,1680.0000,1679.3000,1679.3000,2625,1291875,
BATAINDIA_F1,07/06/2023,15:07:00,1679.3500,1679.3500,1679.0000,1679.0000,1500,1291875,
BATAINDIA_F1,07/06/2023,15:08:00,1679.7500,1679.7500,1678.7000,1678.8000,1500,1291875,
BATAINDIA_F1,07/06/2023,15:09:00,1678.6500,1678.6500,1678.6500,1678.6500,750,1291875,
BATAINDIA_F1,07/06/2023,15:10:00,1679.0000,1680.3500,1679.0000,1680.3500,2250,1292250,
BATAINDIA_F1,07/06/2023,15:11:00,1678.6000,1678.6000,1677.0000,1677.0000,7125,1292250,
BATAINDIA_F1,07/06/2023,15:12:00,1676.7000,1677.8000,1676.7000,1677.8000,3000,1287750,
BATAINDIA_F1,07/06/2023,15:13:00,1676.3000,1677.8000,1676.3000,1677.8000,1125,1287750,
BATAINDIA_F1,07/06/2023,15:14:00,1677.0000,1677.8000,1677.0000,1677.8000,3000,1287750,
BATAINDIA_F1,07/06/2023,15:15:00,1676.6000,1680.1000,1676.6000,1680.1000,15000,1290375,
BATAINDIA_F1,07/06/2023,15:16:00,1680.0000,1680.2000,1678.4500,1680.0000,3375,1290375,
BATAINDIA_F1,07/06/2023,15:17:00,1680.0000,1680.5000,1680.0000,1680.5000,2250,1290375,
BATAINDIA_F1,07/06/2023,15:18:00,1678.7000,1680.0000,1678.6500,1680.0000,8625,1294125,
BATAINDIA_F1,07/06/2023,15:19:00,1680.0000,1680.3000,1677.6500,1680.0000,9750,1294125,
BATAINDIA_F1,07/06/2023,15:20:00,1679.7000,1680.9500,1679.7000,1680.9500,1875,1294125,
BATAINDIA_F1,07/06/2023,15:21:00,1680.9000,1681.0000,1680.9000,1681.0000,2250,1299000,
BATAINDIA_F1,07/06/2023,15:22:00,1681.3500,1681.3500,1680.7500,1680.7500,750,1299000,
BATAINDIA_F1,07/06/2023,15:23:00,1680.7000,1680.7000,1680.0000,1680.0000,1500,1299000,
BATAINDIA_F1,07/06/2023,15:24:00,1680.0000,1680.0000,1679.0000,1679.7000,14250,1305750,
BATAINDIA_F1,07/06/2023,15:25:00,1678.7500,1680.0000,1678.6500,1680.0000,12000,1305750,
BATAINDIA_F1,07/06/2023,15:26:00,1679.8000,1680.4000,1679.8000,1680.4000,2250,1305750,
BATAINDIA_F1,07/06/2023,15:27:00,1680.5000,1680.6000,1679.4500,1680.6000,1500,1309125,
BATAINDIA_F1,07/06/2023,15:28:00,1680.5500,1681.0000,1679.9500,1679.9500,4125,1309125,
BATAINDIA_F1,07/06/2023,15:29:00,1680.3500,1681.5000,1680.3500,1681.5000,5625,1309125,
BATAINDIA_F1,07/06/2023,15:30:00,1679.0500,1679.0500,1679.0500,1679.0500,25125,1309125,
BATAINDIA_F1,07/07/2023,09:15:00,1678.0500,1683.9500,1678.0500,1683.9500,4126,1291500,
BATAINDIA_F1,07/07/2023,09:16:00,1681.9000,1684.2500,1681.9000,1681.9500,3375,1291500,
BATAINDIA_F1,07/07/2023,09:17:00,1680.9500,1682.9500,1680.9000,1682.2500,5250,1294500,
BATAINDIA_F1,07/07/2023,09:18:00,1683.7500,1683.7500,1682.0000,1682.0000,750,1294500,
BATAINDIA_F1,07/07/2023,09:19:00,1682.8000,1682.9000,1682.8000,1682.9000,2250,1294500,
BATAINDIA_F1,07/07/2023,09:20:00,1683.8000,1683.8000,1681.2500,1681.2500,3375,1294875,
BATAINDIA_F1,07/07/2023,09:21:00,1680.9000,1684.6000,1680.9000,1682.2000,8250,1294875,
BATAINDIA_F1,07/07/2023,09:22:00,1683.8500,1684.9500,1682.5000,1684.9500,4125,1294875,
BATAINDIA_F1,07/07/2023,09:23:00,1683.9000,1685.0000,1683.9000,1685.0000,2250,1294125,
BATAINDIA_F1,07/07/2023,09:24:00,1685.0500,1689.5000,1685.0500,1689.5000,5250,1294125,
BATAINDIA_F1,07/07/2023,09:25:00,1690.0000,1691.0000,1689.0000,1689.0000,14250,1294125,
BATAINDIA_F1,07/07/2023,09:26:00,1689.0000,1689.8000,1688.0000,1688.0000,2625,1299375,
BATAINDIA_F1,07/07/2023,09:27:00,1689.1000,1691.7000,1688.0000,1691.7000,20625,1299375,
BATAINDIA_F1,07/07/2023,09:28:00,1694.4000,1695.0000,1693.6500,1694.8500,19875,1299375,
BATAINDIA_F1,07/07/2023,09:29:00,1694.0000,1698.9000,1694.0000,1697.5000,15000,1312875,
BATAINDIA_F1,07/07/2023,09:30:00,1697.0500,1706.1500,1697.0500,1704.2500,45375,1312875,
BATAINDIA_F1,07/07/2023,09:31:00,1703.3500,1708.9000,1703.3500,1708.9000,18750,1312875,
BATAINDIA_F1,07/07/2023,09:32:00,1709.0000,1717.3000,1708.0000,1715.9500,28875,1315500,
BATAINDIA_F1,07/07/2023,09:33:00,1716.5500,1730.0000,1716.5500,1728.4000,67500,1315500,
BATAINDIA_F1,07/07/2023,09:34:00,1726.7000,1730.6500,1721.4000,1729.5000,53625,1315500,
BATAINDIA_F1,07/07/2023,09:35:00,1728.2500,1729.1500,1722.7500,1725.2500,34125,1347375,
BATAINDIA_F1,07/07/2023,09:36:00,1725.0500,1727.8000,1723.9500,1725.5000,23625,1347375,
BATAINDIA_F1,07/07/2023,09:37:00,1725.0000,1728.4000,1722.0000,1726.4000,36750,1347375,
BATAINDIA_F1,07/07/2023,09:38:00,1725.0000,1725.4500,1720.6500,1720.6500,31125,1361250,
BATAINDIA_F1,07/07/2023,09:39:00,1720.0500,1724.9500,1720.0500,1724.4000,14625,1361250,
BATAINDIA_F1,07/07/2023,09:40:00,1723.8500,1724.8000,1720.0000,1723.6000,33375,1361250,
BATAINDIA_F1,07/07/2023,09:41:00,1723.5000,1724.1000,1720.5000,1721.6000,7875,1387500,
BATAINDIA_F1,07/07/2023,09:42:00,1721.5000,1721.5000,1715.1500,1715.1500,23625,1387500,
BATAINDIA_F1,07/07/2023,09:43:00,1714.9500,1715.3000,1712.3500,1712.3500,12000,1387500,
BATAINDIA_F1,07/07/2023,09:44:00,1712.3000,1715.0000,1712.0000,1715.0000,6000,1389375,
BATAINDIA_F1,07/07/2023,09:45:00,1713.8500,1713.8500,1712.2000,1713.0000,4500,1389375,
BATAINDIA_F1,07/07/2023,09:46:00,1713.3500,1718.5000,1713.3500,1717.6500,13500,1389375,
BATAINDIA_F1,07/07/2023,09:47:00,1718.5500,1719.5000,1717.8000,1718.8000,5250,1392000,
BATAINDIA_F1,07/07/2023,09:48:00,1717.9500,1718.4500,1716.3500,1717.0000,4500,1392000,
BATAINDIA_F1,07/07/2023,09:49:00,1715.8500,1716.8000,1715.8500,1716.8000,1500,1392000,
BATAINDIA_F1,07/07/2023,09:50:00,1717.0000,1717.0000,1715.6000,1716.5500,1875,1396500,
BATAINDIA_F1,07/07/2023,09:51:00,1716.9500,1717.5000,1716.9500,1717.5000,3000,1396500,
BATAINDIA_F1,07/07/2023,09:52:00,1719.0500,1719.1000,1718.9500,1719.1000,13500,1396500,
BATAINDIA_F1,07/07/2023,09:53:00,1719.2500,1719.2500,1716.0000,1716.6500,4125,1405875,
BATAINDIA_F1,07/07/2023,09:54:00,1715.6000,1715.6000,1714.9500,1715.0000,3000,1405875,
BATAINDIA_F1,07/07/2023,09:55:00,1714.0000,1714.0000,1713.5000,1713.5000,1125,1405875,
BATAINDIA_F1,07/07/2023,09:56:00,1713.9500,1713.9500,1710.4000,1710.4000,4875,1406625,
BATAINDIA_F1,07/07/2023,09:57:00,1710.9000,1710.9000,1707.2000,1709.8500,7500,1406625,
BATAINDIA_F1,07/07/2023,09:58:00,1707.7000,1708.7500,1707.5000,1708.7500,5250,1406625,
BATAINDIA_F1,07/07/2023,09:59:00,1707.0000,1707.2000,1705.9000,1707.2000,5625,1406625,
BATAINDIA_F1,07/07/2023,10:00:00,1707.0500,1707.0500,1703.8500,1704.7000,7500,1406625,
BATAINDIA_F1,07/07/2023,10:01:00,1704.6500,1704.6500,1703.1500,1703.1500,12375,1406625,
BATAINDIA_F1,07/07/2023,10:02:00,1702.2000,1708.0000,1702.2000,1707.0000,7125,1403250,
BATAINDIA_F1,07/07/2023,10:03:00,1706.2000,1706.2000,1703.0500,1703.0500,4500,1403250,
BATAINDIA_F1,07/07/2023,10:04:00,1703.0000,1703.0000,1701.0500,1701.0500,2625,1403250,
BATAINDIA_F1,07/07/2023,10:05:00,1700.2500,1700.6000,1695.5500,1695.5500,17250,1405875,
BATAINDIA_F1,07/07/2023,10:06:00,1696.0500,1698.2000,1692.9500,1694.9000,17625,1405875,
BATAINDIA_F1,07/07/2023,10:07:00,1694.0000,1697.8000,1693.9000,1697.8000,3375,1405875,
BATAINDIA_F1,07/07/2023,10:08:00,1696.4000,1696.4000,1695.2500,1695.2500,6375,1404750,
BATAINDIA_F1,07/07/2023,10:09:00,1695.2500,1695.2500,1694.4000,1694.4000,1125,1404750,
BATAINDIA_F1,07/07/2023,10:10:00,1693.2000,1694.2000,1693.2000,1694.1000,3000,1404750,
BATAINDIA_F1,07/07/2023,10:11:00,1694.0000,1694.4500,1694.0000,1694.0000,3375,1407000,
BATAINDIA_F1,07/07/2023,10:12:00,1695.9000,1697.8000,1695.9000,1697.8000,4500,1407000,
BATAINDIA_F1,07/07/2023,10:13:00,1698.3000,1699.5000,1698.3000,1699.5000,5250,1407000,
BATAINDIA_F1,07/07/2023,10:14:00,1699.4500,1699.4500,1696.8000,1697.8000,6000,1412250,
BATAINDIA_F1,07/07/2023,10:15:00,1697.0500,1697.0500,1696.0000,1696.0000,1500,1412250,
BATAINDIA_F1,07/07/2023,10:16:00,1696.6500,1696.9500,1696.6500,1696.9500,750,1412250,
BATAINDIA_F1,07/07/2023,10:17:00,1695.3000,1698.1500,1695.3000,1698.1500,5250,1410000,
BATAINDIA_F1,07/07/2023,10:18:00,1699.9000,1699.9000,1699.4000,1699.9000,1500,1410000,
BATAINDIA_F1,07/07/2023,10:19:00,1700.7500,1701.5500,1700.7500,1701.0000,2625,1410000,
BATAINDIA_F1,07/07/2023,10:20:00,1700.4500,1700.6000,1699.5000,1700.6000,1875,1412250,
BATAINDIA_F1,07/07/2023,10:21:00,1701.6000,1701.6000,1697.4000,1697.4000,13875,1412250,
BATAINDIA_F1,07/07/2023,10:22:00,1700.8000,1700.8000,1700.8000,1700.8000,375,1412250,
BATAINDIA_F1,07/07/2023,10:23:00,1699.6000,1699.6000,1699.5000,1699.5000,1875,1417125,
BATAINDIA_F1,07/07/2023,10:25:00,1698.2500,1698.7000,1698.1500,1698.5500,1875,1417125,
BATAINDIA_F1,07/07/2023,10:26:00,1699.0000,1700.0000,1699.0000,1700.0000,750,1418625,
BATAINDIA_F1,07/07/2023,10:27:00,1700.6500,1701.1000,1700.6500,1701.1000,1125,1418625,
BATAINDIA_F1,07/07/2023,10:28:00,1698.1500,1698.1500,1696.3500,1696.3500,9375,1418625,
BATAINDIA_F1,07/07/2023,10:29:00,1696.9000,1696.9000,1696.9000,1696.9000,375,1418625,
BATAINDIA_F1,07/07/2023,10:30:00,1696.4000,1696.9000,1695.7500,1696.7500,1875,1417500,
BATAINDIA_F1,07/07/2023,10:31:00,1695.6500,1695.6500,1695.6500,1695.6500,375,1417500,
BATAINDIA_F1,07/07/2023,10:32:00,1696.1500,1696.1500,1695.4500,1695.4500,750,1417500,
BATAINDIA_F1,07/07/2023,10:33:00,1695.0500,1695.0500,1695.0500,1695.0500,375,1418250,
BATAINDIA_F1,07/07/2023,10:34:00,1694.6500,1694.6500,1693.6000,1694.6500,6750,1418250,
BATAINDIA_F1,07/07/2023,10:35:00,1695.5000,1695.5000,1695.5000,1695.5000,375,1418250,
BATAINDIA_F1,07/07/2023,10:36:00,1696.0000,1696.7000,1696.0000,1696.4500,1500,1421250,
BATAINDIA_F1,07/07/2023,10:37:00,1696.0000,1696.0000,1696.0000,1696.0000,375,1421250,
BATAINDIA_F1,07/07/2023,10:38:00,1695.0000,1695.0000,1695.0000,1695.0000,375,1421250,
BATAINDIA_F1,07/07/2023,10:39:00,1694.0000,1695.1500,1694.0000,1695.1500,1125,1422375,
BATAINDIA_F1,07/07/2023,10:40:00,1694.5500,1694.5500,1694.0000,1694.0000,1500,1422375,
BATAINDIA_F1,07/07/2023,10:41:00,1693.7000,1694.0000,1693.0000,1693.9500,4500,1419750,
BATAINDIA_F1,07/07/2023,10:42:00,1692.9000,1692.9000,1692.7000,1692.7000,2250,1419750,
BATAINDIA_F1,07/07/2023,10:43:00,1693.0500,1693.0500,1693.0500,1693.0500,1125,1419750,
BATAINDIA_F1,07/07/2023,10:44:00,1692.1000,1692.5000,1691.3000,1692.5000,3750,1419000,
BATAINDIA_F1,07/07/2023,10:45:00,1691.8500,1691.9500,1691.0000,1691.7500,2625,1419000,
BATAINDIA_F1,07/07/2023,10:46:00,1690.9500,1690.9500,1687.9000,1688.5500,13125,1419000,
BATAINDIA_F1,07/07/2023,10:47:00,1688.6000,1688.6000,1685.3500,1687.2500,10125,1416750,
BATAINDIA_F1,07/07/2023,10:48:00,1686.0000,1686.5500,1683.4000,1683.4000,13125,1416750,
BATAINDIA_F1,07/07/2023,10:49:00,1684.6500,1685.1500,1684.0000,1684.5500,6375,1416750,
BATAINDIA_F1,07/07/2023,10:50:00,1684.6500,1686.6000,1684.6000,1685.0000,12000,1416000,
BATAINDIA_F1,07/07/2023,10:51:00,1684.6000,1685.9500,1684.6000,1685.9500,3750,1416000,
BATAINDIA_F1,07/07/2023,10:52:00,1684.5500,1685.0000,1684.5500,1684.7500,1875,1416000,
BATAINDIA_F1,07/07/2023,10:53:00,1683.5500,1684.2500,1681.8000,1681.8000,7500,1418250,
BATAINDIA_F1,07/07/2023,10:54:00,1682.0000,1683.1000,1682.0000,1682.7500,2625,1418250,
BATAINDIA_F1,07/07/2023,10:55:00,1682.6500,1684.2500,1682.6500,1684.2500,4125,1418250,
BATAINDIA_F1,07/07/2023,10:56:00,1685.0500,1685.5500,1685.0500,1685.5500,1125,1419375,
BATAINDIA_F1,07/07/2023,10:57:00,1686.2500,1686.2500,1684.0500,1684.0500,3375,1419375,
BATAINDIA_F1,07/07/2023,10:58:00,1683.9500,1683.9500,1682.6000,1682.6000,1500,1419375,
BATAINDIA_F1,07/07/2023,10:59:00,1683.0000,1683.2500,1682.4500,1683.2500,1125,1420875,
BATAINDIA_F1,07/07/2023,11:00:00,1682.1500,1682.5500,1681.7000,1681.9500,2250,1420875,
BATAINDIA_F1,07/07/2023,11:01:00,1681.8000,1681.8000,1681.8000,1681.8000,1500,1420875,
BATAINDIA_F1,07/07/2023,11:02:00,1681.8000,1682.9000,1681.8000,1682.9000,2250,1420875,
BATAINDIA_F1,07/07/2023,11:03:00,1683.1000,1684.0000,1683.1000,1683.4500,2625,1422375,
BATAINDIA_F1,07/07/2023,11:04:00,1684.0000,1684.0000,1684.0000,1684.0000,1875,1422375,
BATAINDIA_F1,07/07/2023,11:06:00,1682.0500,1683.6500,1682.0500,1683.0000,1875,1424625,
BATAINDIA_F1,07/07/2023,11:07:00,1682.0000,1682.0000,1680.2000,1680.4000,2625,1424625,
BATAINDIA_F1,07/07/2023,11:08:00,1681.2500,1681.3500,1681.1500,1681.1500,4500,1430250,
BATAINDIA_F1,07/07/2023,11:09:00,1681.4500,1681.9500,1681.4500,1681.7500,5625,1430250,
BATAINDIA_F1,07/07/2023,11:10:00,1681.7500,1681.9000,1681.5000,1681.5000,2625,1430250,
BATAINDIA_F1,07/07/2023,11:11:00,1681.7000,1682.5000,1681.7000,1682.5000,2250,1433250,
BATAINDIA_F1,07/07/2023,11:12:00,1683.0000,1683.1000,1683.0000,1683.1000,1500,1433250,
BATAINDIA_F1,07/07/2023,11:13:00,1683.0000,1683.0000,1681.8000,1681.8000,1125,1433250,
BATAINDIA_F1,07/07/2023,11:14:00,1682.0000,1683.0000,1682.0000,1683.0000,750,1435125,
BATAINDIA_F1,07/07/2023,11:15:00,1683.0500,1684.4500,1683.0500,1683.9000,6000,1435125,
BATAINDIA_F1,07/07/2023,11:16:00,1684.0000,1684.0000,1683.9000,1683.9000,750,1435125,
BATAINDIA_F1,07/07/2023,11:18:00,1683.5000,1683.5000,1683.5000,1683.5000,750,1441125,
BATAINDIA_F1,07/07/2023,11:19:00,1684.3500,1684.4000,1683.1500,1683.4000,1875,1441125,
BATAINDIA_F1,07/07/2023,11:20:00,1683.0000,1683.0000,1683.0000,1683.0000,375,1441875,
BATAINDIA_F1,07/07/2023,11:22:00,1683.0000,1683.0000,1683.0000,1683.0000,3000,1441875,
BATAINDIA_F1,07/07/2023,11:24:00,1681.5000,1681.9000,1681.5000,1681.9000,2250,1445250,
BATAINDIA_F1,07/07/2023,11:26:00,1681.4500,1681.4500,1681.4500,1681.4500,375,1446375,
BATAINDIA_F1,07/07/2023,11:27:00,1681.0000,1681.0000,1681.0000,1681.0000,1500,1446375,
BATAINDIA_F1,07/07/2023,11:28:00,1680.6000,1680.6000,1680.6000,1680.6000,2625,1446375,
BATAINDIA_F1,07/07/2023,11:29:00,1680.5000,1680.5000,1679.5000,1679.5000,2625,1449750,
BATAINDIA_F1,07/07/2023,11:30:00,1679.8500,1679.8500,1679.8500,1679.8500,1500,1449750,
BATAINDIA_F1,07/07/2023,11:31:00,1679.3000,1681.5000,1679.3000,1681.5000,1875,1449750,
BATAINDIA_F1,07/07/2023,11:32:00,1681.5000,1682.6500,1681.5000,1682.6500,750,1447875,
BATAINDIA_F1,07/07/2023,11:34:00,1682.8000,1682.8000,1682.8000,1682.8000,375,1447875,
BATAINDIA_F1,07/07/2023,11:36:00,1683.6500,1683.6500,1682.0000,1682.0000,4125,1447500,
BATAINDIA_F1,07/07/2023,11:39:00,1681.4500,1681.4500,1681.0000,1681.0000,1500,1448625,
BATAINDIA_F1,07/07/2023,11:40:00,1679.6500,1679.6500,1679.6500,1679.6500,2250,1448625,
BATAINDIA_F1,07/07/2023,11:41:00,1679.8500,1679.9000,1679.8500,1679.9000,1500,1450125,
BATAINDIA_F1,07/07/2023,11:42:00,1679.5500,1679.5500,1679.5500,1679.5500,375,1450125,
BATAINDIA_F1,07/07/2023,11:43:00,1680.6500,1680.7000,1680.0000,1680.0000,1125,1450125,
BATAINDIA_F1,07/07/2023,11:45:00,1679.9000,1679.9000,1679.9000,1679.9000,375,1450875,
BATAINDIA_F1,07/07/2023,11:46:00,1680.8000,1680.8000,1680.8000,1680.8000,375,1450875,
BATAINDIA_F1,07/07/2023,11:47:00,1680.0000,1680.0000,1680.0000,1680.0000,1125,1449375,
BATAINDIA_F1,07/07/2023,11:48:00,1681.3500,1681.3500,1681.3500,1681.3500,375,1449375,
BATAINDIA_F1,07/07/2023,11:49:00,1681.3000,1681.3000,1681.3000,1681.3000,375,1449375,
BATAINDIA_F1,07/07/2023,11:50:00,1682.2000,1683.6000,1682.1500,1683.6000,3000,1449000,
BATAINDIA_F1,07/07/2023,11:51:00,1683.7000,1683.9000,1683.7000,1683.9000,1125,1449000,
BATAINDIA_F1,07/07/2023,11:52:00,1683.7500,1683.8500,1683.7500,1683.8000,1500,1449000,
BATAINDIA_F1,07/07/2023,11:53:00,1682.9000,1682.9000,1682.9000,1682.9000,375,1449000,
BATAINDIA_F1,07/07/2023,11:55:00,1683.5000,1683.5000,1683.5000,1683.5000,750,1451625,
BATAINDIA_F1,07/07/2023,11:56:00,1683.4000,1683.4000,1683.4000,1683.4000,375,1451625,
BATAINDIA_F1,07/07/2023,11:57:00,1684.4500,1684.4500,1684.4500,1684.4500,375,1451250,
BATAINDIA_F1,07/07/2023,11:58:00,1683.3500,1683.4000,1683.3500,1683.4000,6750,1451250,
BATAINDIA_F1,07/07/2023,11:59:00,1683.6000,1684.9500,1683.5500,1684.9500,7125,1458375,
BATAINDIA_F1,07/07/2023,12:00:00,1685.0000,1690.0000,1684.9500,1687.2500,16125,1458375,
BATAINDIA_F1,07/07/2023,12:01:00,1688.5000,1688.6000,1686.7500,1686.7500,3750,1458375,
BATAINDIA_F1,07/07/2023,12:02:00,1688.6500,1689.0000,1688.0000,1688.0000,3000,1436625,
BATAINDIA_F1,07/07/2023,12:03:00,1687.0000,1687.0000,1685.0000,1685.0000,1875,1436625,
BATAINDIA_F1,07/07/2023,12:04:00,1685.6000,1685.6000,1685.0500,1685.0500,750,1436625,
BATAINDIA_F1,07/07/2023,12:08:00,1686.0000,1686.7500,1686.0000,1686.7500,3750,1439625,
BATAINDIA_F1,07/07/2023,12:09:00,1685.5500,1685.5500,1685.5500,1685.5500,375,1440750,
BATAINDIA_F1,07/07/2023,12:11:00,1685.8000,1685.8000,1685.8000,1685.8000,375,1440750,
BATAINDIA_F1,07/07/2023,12:13:00,1685.0000,1685.0000,1685.0000,1685.0000,5625,1441125,
BATAINDIA_F1,07/07/2023,12:14:00,1684.0500,1686.1500,1683.9500,1685.5500,2625,1445625,
BATAINDIA_F1,07/07/2023,12:18:00,1687.8000,1687.8000,1686.5500,1687.3500,3000,1445625,
BATAINDIA_F1,07/07/2023,12:20:00,1685.3500,1685.3500,1685.0000,1685.0000,1125,1446375,
BATAINDIA_F1,07/07/2023,12:23:00,1684.0500,1684.0500,1684.0500,1684.0500,2250,1446375,
BATAINDIA_F1,07/07/2023,12:26:00,1682.5000,1682.5000,1682.5000,1682.5000,375,1449375,
BATAINDIA_F1,07/07/2023,12:27:00,1682.4000,1682.4000,1682.4000,1682.4000,375,1449750,
BATAINDIA_F1,07/07/2023,12:30:00,1682.6500,1682.6500,1682.6500,1682.6500,750,1450125,
BATAINDIA_F1,07/07/2023,12:31:00,1682.5500,1682.5500,1681.8000,1681.8000,1875,1450125,
BATAINDIA_F1,07/07/2023,12:34:00,1681.5000,1681.5000,1681.5000,1681.5000,750,1449750,
BATAINDIA_F1,07/07/2023,12:35:00,1681.0000,1681.0000,1680.4000,1680.4000,750,1449750,
BATAINDIA_F1,07/07/2023,12:36:00,1681.3500,1681.3500,1681.3500,1681.3500,750,1449375,
BATAINDIA_F1,07/07/2023,12:38:00,1680.2000,1682.2500,1680.2000,1682.2500,2250,1450500,
BATAINDIA_F1,07/07/2023,12:39:00,1682.0000,1682.6500,1681.7500,1682.6500,3375,1450500,
BATAINDIA_F1,07/07/2023,12:40:00,1682.0000,1682.5000,1682.0000,1682.5000,750,1450500,
BATAINDIA_F1,07/07/2023,12:42:00,1682.1500,1682.5500,1681.7500,1681.7500,1125,1452750,
BATAINDIA_F1,07/07/2023,12:43:00,1680.8000,1680.8000,1680.0500,1680.0500,1875,1452750,
BATAINDIA_F1,07/07/2023,12:44:00,1680.8000,1680.8000,1680.1000,1680.1000,750,1452750,
BATAINDIA_F1,07/07/2023,12:45:00,1682.3000,1682.3000,1682.3000,1682.3000,1875,1454625,
BATAINDIA_F1,07/07/2023,12:46:00,1682.6500,1682.6500,1682.6500,1682.6500,750,1454625,
BATAINDIA_F1,07/07/2023,12:48:00,1683.0500,1683.0500,1681.6000,1681.6000,1500,1454250,
BATAINDIA_F1,07/07/2023,12:50:00,1682.8500,1682.8500,1682.8500,1682.8500,375,1454250,
BATAINDIA_F1,07/07/2023,12:51:00,1682.5000,1682.5000,1682.5000,1682.5000,750,1455750,
BATAINDIA_F1,07/07/2023,12:52:00,1681.5500,1681.5500,1679.5000,1679.5000,2625,1455750,
BATAINDIA_F1,07/07/2023,12:53:00,1679.5000,1679.5000,1679.5000,1679.5000,375,1455750,
BATAINDIA_F1,07/07/2023,12:55:00,1680.8500,1680.8500,1680.8500,1680.8500,1125,1456125,
BATAINDIA_F1,07/07/2023,12:56:00,1679.7500,1680.7000,1679.5000,1680.7000,2625,1456125,
BATAINDIA_F1,07/07/2023,12:57:00,1680.4000,1680.4000,1680.4000,1680.4000,375,1457625,
BATAINDIA_F1,07/07/2023,12:59:00,1680.3500,1680.3500,1680.3500,1680.3500,375,1457625,
BATAINDIA_F1,07/07/2023,13:00:00,1680.7500,1680.7500,1679.5500,1679.5500,750,1458375,
BATAINDIA_F1,07/07/2023,13:01:00,1679.4000,1679.5500,1678.3000,1679.5500,3750,1458375,
BATAINDIA_F1,07/07/2023,13:06:00,1678.0000,1678.0000,1678.0000,1678.0000,750,1461000,
BATAINDIA_F1,07/07/2023,13:07:00,1676.0000,1676.0000,1675.6000,1675.6000,13500,1461000,
BATAINDIA_F1,07/07/2023,13:08:00,1678.0000,1678.0000,1678.0000,1678.0000,375,1461000,
BATAINDIA_F1,07/07/2023,13:09:00,1679.2500,1679.2500,1679.2500,1679.2500,750,1455375,
BATAINDIA_F1,07/07/2023,13:10:00,1676.4000,1676.4000,1675.6000,1675.8000,15000,1455375,
BATAINDIA_F1,07/07/2023,13:11:00,1675.0000,1675.0000,1674.0000,1674.0000,2250,1455000,
BATAINDIA_F1,07/07/2023,13:12:00,1675.4500,1675.4500,1674.7500,1674.7500,750,1455000,
BATAINDIA_F1,07/07/2023,13:13:00,1676.2500,1676.7000,1676.2500,1676.7000,1500,1455000,
BATAINDIA_F1,07/07/2023,13:15:00,1675.5500,1675.5500,1675.5500,1675.5500,375,1453875,
BATAINDIA_F1,07/07/2023,13:16:00,1676.7000,1676.7000,1676.7000,1676.7000,375,1453875,
BATAINDIA_F1,07/07/2023,13:18:00,1676.9500,1676.9500,1676.9500,1676.9500,375,1454250,
BATAINDIA_F1,07/07/2023,13:20:00,1678.0500,1678.7500,1678.0500,1678.7500,1125,1454250,
BATAINDIA_F1,07/07/2023,13:22:00,1678.5000,1678.5000,1678.5000,1678.5000,750,1455000,
BATAINDIA_F1,07/07/2023,13:23:00,1679.0000,1679.5500,1679.0000,1679.5500,1125,1455000,
BATAINDIA_F1,07/07/2023,13:24:00,1679.0000,1679.0000,1679.0000,1679.0000,375,1456500,
BATAINDIA_F1,07/07/2023,13:26:00,1679.5000,1679.5000,1679.0000,1679.0000,2625,1456500,
BATAINDIA_F1,07/07/2023,13:27:00,1678.9000,1679.9000,1678.9000,1679.9000,2625,1456125,
BATAINDIA_F1,07/07/2023,13:28:00,1680.3500,1681.5000,1680.3500,1681.5000,6750,1456125,
BATAINDIA_F1,07/07/2023,13:29:00,1680.3500,1680.3500,1680.3500,1680.3500,375,1456125,
BATAINDIA_F1,07/07/2023,13:30:00,1681.1500,1681.7000,1681.1500,1681.7000,1500,1456875,
BATAINDIA_F1,07/07/2023,13:31:00,1681.5500,1683.0000,1681.5500,1683.0000,1500,1456875,
BATAINDIA_F1,07/07/2023,13:32:00,1681.9500,1682.5500,1681.9500,1682.5500,2625,1456875,
BATAINDIA_F1,07/07/2023,13:33:00,1680.8500,1680.8500,1680.0000,1680.0000,1500,1458000,
BATAINDIA_F1,07/07/2023,13:34:00,1680.4000,1680.4000,1680.4000,1680.4000,375,1458000,
BATAINDIA_F1,07/07/2023,13:35:00,1679.6000,1679.6000,1679.6000,1679.6000,750,1458000,
BATAINDIA_F1,07/07/2023,13:37:00,1679.0000,1679.0000,1679.0000,1679.0000,375,1459125,
BATAINDIA_F1,07/07/2023,13:38:00,1679.5500,1679.5500,1679.5500,1679.5500,375,1459125,
BATAINDIA_F1,07/07/2023,13:42:00,1679.2000,1679.2000,1679.2000,1679.2000,375,1459125,
BATAINDIA_F1,07/07/2023,13:43:00,1679.6000,1679.6000,1679.6000,1679.6000,375,1459125,
BATAINDIA_F1,07/07/2023,13:44:00,1679.6000,1680.3500,1679.6000,1680.3500,750,1459500,
BATAINDIA_F1,07/07/2023,13:47:00,1680.2000,1681.7000,1680.2000,1680.5500,1875,1459500,
BATAINDIA_F1,07/07/2023,13:48:00,1681.6000,1681.6500,1681.0000,1681.6500,1125,1460625,
BATAINDIA_F1,07/07/2023,13:49:00,1681.4000,1682.0000,1681.0000,1682.0000,1875,1460625,
BATAINDIA_F1,07/07/2023,13:51:00,1683.3500,1683.3500,1681.8500,1681.8500,2625,1461375,
BATAINDIA_F1,07/07/2023,13:52:00,1680.7500,1681.8500,1680.7500,1681.7500,2625,1461375,
BATAINDIA_F1,07/07/2023,13:53:00,1681.7500,1681.7500,1681.1000,1681.1000,1875,1461375,
BATAINDIA_F1,07/07/2023,13:54:00,1681.1000,1681.1000,1681.1000,1681.1000,1125,1461000,
BATAINDIA_F1,07/07/2023,13:55:00,1682.2500,1682.3500,1682.2500,1682.3500,750,1461000,
BATAINDIA_F1,07/07/2023,13:56:00,1680.9500,1680.9500,1680.9500,1680.9500,1125,1461000,
BATAINDIA_F1,07/07/2023,13:57:00,1681.2500,1682.0500,1681.2500,1682.0500,750,1462125,
BATAINDIA_F1,07/07/2023,14:01:00,1680.6500,1680.8000,1680.5500,1680.8000,1500,1462500,
BATAINDIA_F1,07/07/2023,14:03:00,1679.2500,1680.0000,1677.8000,1677.8000,3375,1462125,
BATAINDIA_F1,07/07/2023,14:04:00,1678.8500,1678.8500,1678.0000,1678.0000,1125,1462125,
BATAINDIA_F1,07/07/2023,14:05:00,1678.0000,1678.0000,1678.0000,1678.0000,375,1462125,
BATAINDIA_F1,07/07/2023,14:06:00,1679.2500,1679.2500,1679.2500,1679.2500,375,1463250,
BATAINDIA_F1,07/07/2023,14:08:00,1679.9000,1679.9000,1679.9000,1679.9000,375,1463250,
BATAINDIA_F1,07/07/2023,14:13:00,1680.1000,1680.1000,1680.1000,1680.1000,375,1463250,
BATAINDIA_F1,07/07/2023,14:14:00,1679.0500,1679.0500,1679.0500,1679.0500,375,1463250,
BATAINDIA_F1,07/07/2023,14:15:00,1679.0500,1679.0500,1679.0500,1679.0500,375,1462875,
BATAINDIA_F1,07/07/2023,14:17:00,1681.0000,1681.0000,1679.3500,1679.5500,4500,1462875,
BATAINDIA_F1,07/07/2023,14:19:00,1680.0000,1680.0000,1680.0000,1680.0000,375,1464750,
BATAINDIA_F1,07/07/2023,14:20:00,1680.5500,1680.9500,1680.3000,1680.3000,6750,1464750,
BATAINDIA_F1,07/07/2023,14:24:00,1680.7000,1680.7000,1679.8500,1679.8500,1875,1461000,
BATAINDIA_F1,07/07/2023,14:27:00,1681.0000,1681.0000,1681.0000,1681.0000,375,1461000,
BATAINDIA_F1,07/07/2023,14:28:00,1681.8500,1681.8500,1680.2500,1680.2500,1125,1461000,
BATAINDIA_F1,07/07/2023,14:32:00,1682.1500,1682.3500,1682.1500,1682.3500,3750,1461750,
BATAINDIA_F1,07/07/2023,14:33:00,1682.3500,1682.3500,1680.9500,1680.9500,750,1461375,
BATAINDIA_F1,07/07/2023,14:35:00,1682.2000,1682.2500,1682.2000,1682.2500,750,1461375,
BATAINDIA_F1,07/07/2023,14:36:00,1682.3000,1682.3000,1680.8500,1680.8500,750,1461750,
BATAINDIA_F1,07/07/2023,14:37:00,1680.5000,1680.5000,1680.5000,1680.5000,1875,1461750,
BATAINDIA_F1,07/07/2023,14:40:00,1681.6000,1681.6000,1681.6000,1681.6000,375,1461750,
BATAINDIA_F1,07/07/2023,14:41:00,1680.2000,1680.9000,1680.2000,1680.9000,1125,1461750,
BATAINDIA_F1,07/07/2023,14:44:00,1681.8000,1681.8000,1681.8000,1681.8000,375,1462500,
BATAINDIA_F1,07/07/2023,14:45:00,1681.1000,1681.1000,1680.2000,1680.2000,750,1462500,
BATAINDIA_F1,07/07/2023,14:46:00,1680.9500,1680.9500,1680.5000,1680.5000,750,1462500,
BATAINDIA_F1,07/07/2023,14:47:00,1680.0000,1680.8000,1679.1000,1679.1000,3000,1462500,
BATAINDIA_F1,07/07/2023,14:50:00,1679.4500,1679.4500,1679.4500,1679.4500,1875,1463625,
BATAINDIA_F1,07/07/2023,14:51:00,1678.8000,1678.8000,1678.8000,1678.8000,375,1464375,
BATAINDIA_F1,07/07/2023,14:52:00,1680.8000,1680.8000,1680.8000,1680.8000,3375,1464375,
BATAINDIA_F1,07/07/2023,14:53:00,1680.3000,1681.0500,1680.3000,1681.0500,1875,1464375,
BATAINDIA_F1,07/07/2023,14:54:00,1680.5000,1680.9500,1680.5000,1680.9500,1875,1464000,
BATAINDIA_F1,07/07/2023,14:55:00,1680.4000,1681.0000,1680.4000,1681.0000,750,1464000,
BATAINDIA_F1,07/07/2023,14:56:00,1682.3500,1682.3500,1681.1500,1681.1500,2625,1464000,
BATAINDIA_F1,07/07/2023,14:57:00,1681.0000,1681.0000,1681.0000,1681.0000,375,1465875,
BATAINDIA_F1,07/07/2023,14:58:00,1681.5000,1681.5000,1681.5000,1681.5000,375,1465875,
BATAINDIA_F1,07/07/2023,14:59:00,1681.5000,1681.5000,1681.2500,1681.2500,750,1465875,
BATAINDIA_F1,07/07/2023,15:00:00,1681.0000,1681.0000,1678.5000,1679.0000,7500,1466250,
BATAINDIA_F1,07/07/2023,15:01:00,1679.0000,1679.0000,1676.5000,1677.5500,8250,1466250,
BATAINDIA_F1,07/07/2023,15:02:00,1675.0500,1675.0500,1675.0500,1675.0500,750,1466250,
BATAINDIA_F1,07/07/2023,15:03:00,1675.0500,1676.1500,1675.0500,1676.1500,750,1467000,
BATAINDIA_F1,07/07/2023,15:04:00,1676.1500,1676.5000,1675.3500,1676.5000,2250,1467000,
BATAINDIA_F1,07/07/2023,15:05:00,1676.9000,1676.9000,1676.1000,1676.2500,3750,1467000,
BATAINDIA_F1,07/07/2023,15:06:00,1676.0500,1676.0500,1675.0000,1675.8000,3000,1465125,
BATAINDIA_F1,07/07/2023,15:07:00,1675.0000,1675.5000,1673.5000,1673.5000,1875,1465125,
BATAINDIA_F1,07/07/2023,15:08:00,1673.5000,1675.6000,1673.5000,1674.9500,3000,1465125,
BATAINDIA_F1,07/07/2023,15:09:00,1673.5500,1674.8000,1672.9500,1672.9500,7125,1465500,
BATAINDIA_F1,07/07/2023,15:10:00,1672.9500,1675.4500,1672.9500,1674.9500,5625,1465500,
BATAINDIA_F1,07/07/2023,15:11:00,1674.3000,1674.3000,1671.0000,1673.0000,7125,1465500,
BATAINDIA_F1,07/07/2023,15:12:00,1673.7500,1673.7500,1673.0000,1673.0000,750,1464375,
BATAINDIA_F1,07/07/2023,15:13:00,1672.5500,1674.0000,1672.4000,1672.4000,3375,1464375,
BATAINDIA_F1,07/07/2023,15:14:00,1673.3000,1673.3000,1672.4000,1672.4000,1125,1464375,
BATAINDIA_F1,07/07/2023,15:15:00,1674.0500,1674.6500,1673.0500,1674.6500,2250,1462875,
BATAINDIA_F1,07/07/2023,15:16:00,1675.9500,1675.9500,1672.9500,1672.9500,2625,1462875,
BATAINDIA_F1,07/07/2023,15:17:00,1672.5000,1673.7000,1672.4500,1673.3500,1500,1462875,
BATAINDIA_F1,07/07/2023,15:18:00,1672.2500,1672.2500,1670.8500,1670.8500,5250,1463625,
BATAINDIA_F1,07/07/2023,15:19:00,1671.3500,1672.0000,1671.3500,1672.0000,750,1463625,
BATAINDIA_F1,07/07/2023,15:20:00,1671.1000,1671.9500,1670.7000,1670.7000,10875,1463625,
BATAINDIA_F1,07/07/2023,15:21:00,1670.7000,1674.9500,1670.7000,1674.9500,16875,1466250,
BATAINDIA_F1,07/07/2023,15:22:00,1675.0000,1675.9000,1674.2500,1674.2500,7500,1466250,
BATAINDIA_F1,07/07/2023,15:23:00,1674.1000,1677.9500,1674.1000,1677.9500,7875,1466250,
BATAINDIA_F1,07/07/2023,15:24:00,1677.0500,1677.0500,1675.1000,1675.8000,5625,1464375,
BATAINDIA_F1,07/07/2023,15:25:00,1675.7500,1677.4500,1675.7500,1677.0000,2625,1464375,
BATAINDIA_F1,07/07/2023,15:26:00,1677.0000,1677.0000,1675.9000,1676.8000,2250,1464375,
BATAINDIA_F1,07/07/2023,15:27:00,1675.0500,1677.0000,1675.0500,1676.0500,3000,1464375,
BATAINDIA_F1,07/07/2023,15:28:00,1676.0500,1676.0500,1675.1000,1675.2000,6375,1464375,
BATAINDIA_F1,07/07/2023,15:29:00,1675.5500,1677.0000,1675.5000,1675.5000,4125,1464375,
BATAINDIA_F1,07/10/2023,09:15:00,1676.5000,1681.4000,1676.4000,1680.0000,1502,1401000,
BATAINDIA_F1,07/10/2023,09:16:00,1675.5000,1675.5000,1675.0000,1675.0000,3375,1401000,
BATAINDIA_F1,07/10/2023,09:17:00,1675.9500,1675.9500,1674.0000,1674.0000,1500,1401000,
BATAINDIA_F1,07/10/2023,09:18:00,1670.0000,1670.9500,1670.0000,1670.0000,5250,1402500,
BATAINDIA_F1,07/10/2023,09:19:00,1669.9500,1669.9500,1668.4000,1668.4000,750,1402500,
BATAINDIA_F1,07/10/2023,09:20:00,1666.1000,1667.4000,1664.8000,1666.6000,4875,1401750,
BATAINDIA_F1,07/10/2023,09:21:00,1665.2500,1666.0000,1660.9000,1661.0000,9375,1401750,
BATAINDIA_F1,07/10/2023,09:22:00,1660.3500,1660.3500,1656.9500,1656.9500,3375,1401750,
BATAINDIA_F1,07/10/2023,09:23:00,1656.0000,1657.0000,1656.0000,1657.0000,1500,1401750,
BATAINDIA_F1,07/10/2023,09:24:00,1656.1500,1657.0000,1654.0000,1654.3500,9375,1396125,
BATAINDIA_F1,07/10/2023,09:25:00,1653.6000,1656.0500,1653.6000,1656.0500,1500,1396125,
BATAINDIA_F1,07/10/2023,09:26:00,1658.6000,1658.7000,1658.6000,1658.7000,1500,1394250,
BATAINDIA_F1,07/10/2023,09:27:00,1657.6000,1658.4500,1656.5500,1658.4500,2250,1394250,
BATAINDIA_F1,07/10/2023,09:28:00,1657.2500,1661.5000,1657.2500,1661.5000,2625,1394250,
BATAINDIA_F1,07/10/2023,09:29:00,1660.3500,1660.3500,1660.0000,1660.0000,750,1394625,
BATAINDIA_F1,07/10/2023,09:30:00,1656.8500,1658.6500,1656.8500,1658.6500,4500,1394625,
BATAINDIA_F1,07/10/2023,09:31:00,1659.0000,1659.0000,1659.0000,1659.0000,375,1394625,
BATAINDIA_F1,07/10/2023,09:32:00,1659.0000,1659.0000,1658.0500,1658.0500,2250,1394625,
BATAINDIA_F1,07/10/2023,09:33:00,1658.1000,1658.1000,1656.0000,1656.0000,2625,1396875,
BATAINDIA_F1,07/10/2023,09:34:00,1656.0000,1656.0000,1655.4500,1655.5500,1500,1396875,
BATAINDIA_F1,07/10/2023,09:35:00,1657.7000,1658.3500,1657.7000,1658.3500,1125,1396875,
BATAINDIA_F1,07/10/2023,09:36:00,1658.0000,1658.0000,1655.6000,1655.6000,7125,1396125,
BATAINDIA_F1,07/10/2023,09:37:00,1657.4500,1657.4500,1656.8000,1656.8000,1500,1396125,
BATAINDIA_F1,07/10/2023,09:38:00,1656.7000,1657.8000,1656.7000,1657.8000,750,1395750,
BATAINDIA_F1,07/10/2023,09:40:00,1654.5500,1654.9000,1653.8000,1654.6500,13125,1395750,
BATAINDIA_F1,07/10/2023,09:41:00,1655.3500,1655.3500,1654.0000,1654.0000,9750,1394250,
BATAINDIA_F1,07/10/2023,09:42:00,1652.0500,1652.0500,1650.0500,1650.9500,17625,1394250,
BATAINDIA_F1,07/10/2023,09:43:00,1652.2500,1653.0000,1651.8000,1651.8000,2250,1394250,
BATAINDIA_F1,07/10/2023,09:44:00,1652.8000,1652.8000,1652.8000,1652.8000,1500,1394250,
BATAINDIA_F1,07/10/2023,09:45:00,1653.1500,1653.1500,1652.0000,1652.0000,4875,1380750,
BATAINDIA_F1,07/10/2023,09:46:00,1651.0000,1652.1000,1651.0000,1652.1000,4500,1380750,
BATAINDIA_F1,07/10/2023,09:47:00,1653.1500,1655.0000,1652.3500,1653.8000,3750,1377000,
BATAINDIA_F1,07/10/2023,09:48:00,1653.4500,1653.4500,1653.3500,1653.3500,750,1377000,
BATAINDIA_F1,07/10/2023,09:50:00,1653.7500,1653.7500,1653.7500,1653.7500,375,1377000,
BATAINDIA_F1,07/10/2023,09:51:00,1654.9500,1655.3000,1654.9500,1655.3000,1125,1375875,
BATAINDIA_F1,07/10/2023,09:52:00,1655.5500,1655.5500,1655.5500,1655.5500,375,1375875,
BATAINDIA_F1,07/10/2023,09:53:00,1656.7000,1656.7000,1656.7000,1656.7000,375,1375875,
BATAINDIA_F1,07/10/2023,09:54:00,1658.6000,1658.6000,1658.6000,1658.6000,375,1374000,
BATAINDIA_F1,07/10/2023,09:55:00,1659.1000,1660.6500,1658.7000,1658.7000,3750,1374000,
BATAINDIA_F1,07/10/2023,09:56:00,1660.9500,1660.9500,1660.9500,1660.9500,3750,1374000,
BATAINDIA_F1,07/10/2023,09:57:00,1661.0000,1661.9000,1661.0000,1661.9000,2625,1374750,
BATAINDIA_F1,07/10/2023,09:58:00,1662.7000,1663.2500,1661.9500,1663.2500,1500,1374750,
BATAINDIA_F1,07/10/2023,09:59:00,1663.8500,1664.0000,1662.3000,1664.0000,5250,1377750,
BATAINDIA_F1,07/10/2023,10:00:00,1664.0000,1664.0000,1663.5000,1663.5000,1500,1377750,
BATAINDIA_F1,07/10/2023,10:01:00,1662.7000,1662.7000,1661.8000,1661.8000,1125,1377750,
BATAINDIA_F1,07/10/2023,10:02:00,1661.8000,1661.8000,1661.8000,1661.8000,375,1377000,
BATAINDIA_F1,07/10/2023,10:03:00,1660.9000,1661.0000,1660.0000,1661.0000,1125,1377000,
BATAINDIA_F1,07/10/2023,10:04:00,1663.0000,1665.7000,1662.0500,1662.2500,18000,1377000,
BATAINDIA_F1,07/10/2023,10:05:00,1665.1500,1666.5000,1663.6500,1664.7500,19500,1395375,
BATAINDIA_F1,07/10/2023,10:06:00,1666.4500,1666.4500,1666.4500,1666.4500,375,1395375,
BATAINDIA_F1,07/10/2023,10:07:00,1667.0000,1667.0000,1665.8500,1665.8500,4875,1395375,
BATAINDIA_F1,07/10/2023,10:08:00,1665.6000,1666.6000,1665.5000,1666.0500,2250,1396500,
BATAINDIA_F1,07/10/2023,10:10:00,1668.0000,1668.0000,1667.4000,1667.4000,9000,1396500,
BATAINDIA_F1,07/10/2023,10:13:00,1668.6500,1668.6500,1668.6500,1668.6500,1125,1400250,
BATAINDIA_F1,07/10/2023,10:14:00,1668.1000,1668.1000,1666.4500,1666.4500,1125,1400250,
BATAINDIA_F1,07/10/2023,10:19:00,1666.0000,1666.0000,1664.6000,1664.6000,1875,1400250,
BATAINDIA_F1,07/10/2023,10:20:00,1664.8000,1664.8000,1664.8000,1664.8000,375,1401750,
BATAINDIA_F1,07/10/2023,10:28:00,1667.5000,1667.5000,1667.5000,1667.5000,2625,1401375,
BATAINDIA_F1,07/10/2023,10:34:00,1668.1500,1668.1500,1668.1500,1668.1500,750,1401750,
BATAINDIA_F1,07/10/2023,10:35:00,1667.5000,1667.5000,1667.5000,1667.5000,750,1401750,
BATAINDIA_F1,07/10/2023,10:38:00,1667.5000,1667.5000,1666.0500,1666.0500,1125,1401750,
BATAINDIA_F1,07/10/2023,10:49:00,1664.4500,1664.4500,1664.4500,1664.4500,375,1402125,
BATAINDIA_F1,07/10/2023,10:50:00,1663.1000,1663.1000,1663.1000,1663.1000,375,1402125,
BATAINDIA_F1,07/10/2023,10:51:00,1662.6500,1662.6500,1661.5000,1661.5000,750,1402125,
BATAINDIA_F1,07/10/2023,10:56:00,1662.0000,1662.0000,1662.0000,1662.0000,375,1401750,
BATAINDIA_F1,07/10/2023,11:05:00,1661.0000,1661.0000,1661.0000,1661.0000,1125,1401750,
BATAINDIA_F1,07/10/2023,11:07:00,1659.6500,1659.6500,1659.6500,1659.6500,1500,1401750,
BATAINDIA_F1,07/10/2023,11:08:00,1658.1500,1658.1500,1658.1500,1658.1500,375,1402875,
BATAINDIA_F1,07/10/2023,11:09:00,1656.6000,1658.0000,1656.5500,1658.0000,1500,1404750,
BATAINDIA_F1,07/10/2023,11:10:00,1656.7000,1656.7000,1656.1500,1656.1500,750,1404750,
BATAINDIA_F1,07/10/2023,11:11:00,1655.0500,1656.2000,1655.0000,1655.0000,1500,1404750,
BATAINDIA_F1,07/10/2023,11:13:00,1654.8500,1654.8500,1654.2000,1654.2000,1500,1405500,
BATAINDIA_F1,07/10/2023,11:14:00,1655.0000,1655.6500,1655.0000,1655.6500,750,1405500,
BATAINDIA_F1,07/10/2023,11:15:00,1654.2500,1654.2500,1654.2500,1654.2500,2250,1403625,
BATAINDIA_F1,07/10/2023,11:19:00,1655.8500,1655.8500,1655.8500,1655.8500,375,1404000,
BATAINDIA_F1,07/10/2023,11:24:00,1654.0500,1654.0500,1654.0500,1654.0500,375,1404000,
BATAINDIA_F1,07/10/2023,11:25:00,1655.2500,1655.4500,1655.0000,1655.0000,1500,1404000,
BATAINDIA_F1,07/10/2023,11:28:00,1655.0000,1655.0000,1655.0000,1655.0000,375,1402875,
BATAINDIA_F1,07/10/2023,11:29:00,1653.6500,1653.6500,1653.6500,1653.6500,375,1402875,
BATAINDIA_F1,07/10/2023,11:33:00,1653.0000,1653.0000,1652.5000,1652.5000,750,1403250,
BATAINDIA_F1,07/10/2023,11:39:00,1652.5000,1652.6500,1651.2000,1652.6500,2250,1404000,
BATAINDIA_F1,07/10/2023,11:41:00,1651.3000,1651.3000,1651.3000,1651.3000,1125,1404000,
BATAINDIA_F1,07/10/2023,11:42:00,1651.4000,1651.4000,1651.4000,1651.4000,375,1405500,
BATAINDIA_F1,07/10/2023,11:45:00,1653.4000,1653.4000,1653.4000,1653.4000,1875,1405500,
BATAINDIA_F1,07/10/2023,11:46:00,1653.0500,1653.0500,1651.4500,1651.4500,1500,1405500,
BATAINDIA_F1,07/10/2023,11:50:00,1651.9000,1651.9000,1651.9000,1651.9000,375,1406625,
BATAINDIA_F1,07/10/2023,11:51:00,1652.2000,1652.2000,1652.2000,1652.2000,375,1407000,
BATAINDIA_F1,07/10/2023,11:52:00,1651.0000,1651.0000,1651.0000,1651.0000,1125,1407000,
BATAINDIA_F1,07/10/2023,11:53:00,1651.3000,1651.3000,1651.3000,1651.3000,375,1407375,
BATAINDIA_F1,07/10/2023,11:54:00,1651.0000,1651.0000,1651.0000,1651.0000,750,1407375,
BATAINDIA_F1,07/10/2023,11:56:00,1651.0000,1651.0000,1651.0000,1651.0000,375,1407375,
BATAINDIA_F1,07/10/2023,11:59:00,1651.4000,1651.4000,1651.4000,1651.4000,750,1408125,
BATAINDIA_F1,07/10/2023,12:01:00,1651.0000,1651.0000,1651.0000,1651.0000,375,1407750,
BATAINDIA_F1,07/10/2023,12:03:00,1650.0000,1650.0000,1650.0000,1650.0000,3750,1408125,
BATAINDIA_F1,07/10/2023,12:04:00,1647.2500,1647.3000,1646.9500,1646.9500,11625,1408125,
BATAINDIA_F1,07/10/2023,12:05:00,1646.9500,1646.9500,1646.4500,1646.4500,4875,1408125,
BATAINDIA_F1,07/10/2023,12:06:00,1649.8500,1650.0000,1649.7000,1650.0000,3750,1403250,
BATAINDIA_F1,07/10/2023,12:07:00,1651.0000,1651.0000,1651.0000,1651.0000,375,1403250,
BATAINDIA_F1,07/10/2023,12:08:00,1648.9000,1648.9000,1647.0000,1648.6000,3375,1403250,
BATAINDIA_F1,07/10/2023,12:09:00,1645.9500,1651.4500,1645.5000,1649.7500,9375,1403625,
BATAINDIA_F1,07/10/2023,12:10:00,1648.3000,1648.3000,1648.3000,1648.3000,750,1403625,
BATAINDIA_F1,07/10/2023,12:11:00,1648.3000,1649.1000,1647.6500,1647.6500,3375,1405125,
BATAINDIA_F1,07/10/2023,12:12:00,1647.5000,1648.0000,1647.5000,1648.0000,3750,1405125,
BATAINDIA_F1,07/10/2023,12:13:00,1647.6000,1648.1500,1643.4000,1644.6500,9375,1405125,
BATAINDIA_F1,07/10/2023,12:14:00,1644.3000,1647.4000,1644.3000,1647.4000,4875,1405125,
BATAINDIA_F1,07/10/2023,12:15:00,1647.3000,1647.3000,1647.3000,1647.3000,375,1405125,
BATAINDIA_F1,07/10/2023,12:16:00,1647.3000,1647.3000,1647.3000,1647.3000,375,1405125,
BATAINDIA_F1,07/10/2023,12:18:00,1645.0000,1645.0000,1645.0000,1645.0000,1875,1404375,
BATAINDIA_F1,07/10/2023,12:19:00,1646.4500,1647.7000,1646.4500,1647.7000,2250,1404375,
BATAINDIA_F1,07/10/2023,12:20:00,1647.9000,1647.9000,1647.9000,1647.9000,375,1404375,
BATAINDIA_F1,07/10/2023,12:21:00,1648.3500,1648.3500,1648.3500,1648.3500,1125,1401375,
BATAINDIA_F1,07/10/2023,12:22:00,1648.3500,1649.3000,1648.3500,1649.3000,1125,1401375,
BATAINDIA_F1,07/10/2023,12:25:00,1648.8000,1649.7500,1648.8000,1649.7500,750,1400250,
BATAINDIA_F1,07/10/2023,12:27:00,1647.5000,1647.5000,1646.7500,1646.7500,2625,1400250,
BATAINDIA_F1,07/10/2023,12:28:00,1647.5000,1647.5000,1647.5000,1647.5000,375,1400250,
BATAINDIA_F1,07/10/2023,12:30:00,1648.5000,1648.5000,1648.5000,1648.5000,750,1400625,
BATAINDIA_F1,07/10/2023,12:31:00,1649.8000,1650.3500,1649.8000,1650.3500,1500,1400625,
BATAINDIA_F1,07/10/2023,12:32:00,1651.0000,1651.0000,1651.0000,1651.0000,375,1400625,
BATAINDIA_F1,07/10/2023,12:35:00,1652.2000,1653.0000,1652.2000,1653.0000,2250,1399125,
BATAINDIA_F1,07/10/2023,12:36:00,1654.4000,1654.4000,1654.4000,1654.4000,1500,1398000,
BATAINDIA_F1,07/10/2023,12:37:00,1654.5000,1654.5000,1654.0000,1654.0000,750,1398000,
BATAINDIA_F1,07/10/2023,12:38:00,1655.3000,1655.3000,1654.5000,1654.5000,750,1398000,
BATAINDIA_F1,07/10/2023,12:41:00,1655.0000,1655.0000,1654.2500,1654.2500,1125,1397625,
BATAINDIA_F1,07/10/2023,12:42:00,1654.1500,1654.1500,1653.3000,1653.3000,750,1397250,
BATAINDIA_F1,07/10/2023,12:44:00,1653.4000,1653.4000,1653.4000,1653.4000,375,1397250,
BATAINDIA_F1,07/10/2023,12:45:00,1653.9000,1653.9000,1653.9000,1653.9000,750,1397625,
BATAINDIA_F1,07/10/2023,12:46:00,1654.1000,1654.1000,1654.1000,1654.1000,375,1397625,
BATAINDIA_F1,07/10/2023,12:47:00,1654.2500,1654.2500,1654.2500,1654.2500,750,1397625,
BATAINDIA_F1,07/10/2023,12:49:00,1654.1500,1654.1500,1654.1500,1654.1500,375,1397250,
BATAINDIA_F1,07/10/2023,12:50:00,1655.0500,1655.0500,1655.0500,1655.0500,375,1397250,
BATAINDIA_F1,07/10/2023,12:53:00,1653.7000,1653.7000,1653.7000,1653.7000,375,1397625,
BATAINDIA_F1,07/10/2023,12:54:00,1655.0000,1655.0000,1655.0000,1655.0000,4875,1398000,
BATAINDIA_F1,07/10/2023,12:55:00,1654.3000,1654.4000,1654.3000,1654.4000,1125,1398000,
BATAINDIA_F1,07/10/2023,12:56:00,1654.0000,1654.0000,1654.0000,1654.0000,375,1398000,
BATAINDIA_F1,07/10/2023,12:57:00,1655.0500,1655.0500,1655.0500,1655.0500,375,1398375,
BATAINDIA_F1,07/10/2023,12:59:00,1653.7000,1653.7000,1653.7000,1653.7000,375,1398375,
BATAINDIA_F1,07/10/2023,13:01:00,1657.3500,1657.3500,1657.3500,1657.3500,2250,1398750,
BATAINDIA_F1,07/10/2023,13:02:00,1656.1500,1656.1500,1656.1500,1656.1500,375,1398750,
BATAINDIA_F1,07/10/2023,13:03:00,1655.9500,1655.9500,1655.9500,1655.9500,375,1396875,
BATAINDIA_F1,07/10/2023,13:06:00,1656.2500,1656.2500,1656.2500,1656.2500,375,1397250,
BATAINDIA_F1,07/10/2023,13:07:00,1656.4500,1656.4500,1656.4500,1656.4500,1500,1397250,
BATAINDIA_F1,07/10/2023,13:09:00,1658.9000,1659.0000,1658.9000,1659.0000,3750,1397625,
BATAINDIA_F1,07/10/2023,13:11:00,1659.2500,1659.2500,1658.4500,1658.4500,1875,1397625,
BATAINDIA_F1,07/10/2023,13:12:00,1657.5500,1657.5500,1657.5500,1657.5500,375,1397625,
BATAINDIA_F1,07/10/2023,13:16:00,1659.5500,1659.5500,1659.5500,1659.5500,375,1396875,
BATAINDIA_F1,07/10/2023,13:19:00,1658.9500,1659.5500,1658.9500,1659.5500,750,1396875,
BATAINDIA_F1,07/10/2023,13:20:00,1659.5500,1659.5500,1659.5500,1659.5500,375,1396875,
BATAINDIA_F1,07/10/2023,13:21:00,1659.5500,1659.5500,1659.5500,1659.5500,375,1397625,
BATAINDIA_F1,07/10/2023,13:22:00,1660.0000,1660.0000,1659.0500,1659.0500,1125,1397625,
BATAINDIA_F1,07/10/2023,13:24:00,1659.6500,1659.6500,1659.6500,1659.6500,375,1397250,
BATAINDIA_F1,07/10/2023,13:25:00,1658.0500,1658.9000,1657.1000,1658.9000,9000,1397250,
BATAINDIA_F1,07/10/2023,13:26:00,1656.6000,1656.6000,1656.6000,1656.6000,375,1397250,
BATAINDIA_F1,07/10/2023,13:27:00,1657.0000,1657.0000,1656.5000,1656.5000,1500,1394250,
BATAINDIA_F1,07/10/2023,13:29:00,1656.5000,1656.8000,1656.5000,1656.8000,750,1394250,
BATAINDIA_F1,07/10/2023,13:32:00,1657.9500,1657.9500,1657.3500,1657.3500,750,1393875,
BATAINDIA_F1,07/10/2023,13:36:00,1659.7500,1659.7500,1659.7500,1659.7500,750,1393875,
BATAINDIA_F1,07/10/2023,13:37:00,1660.8000,1660.8000,1660.8000,1660.8000,1125,1393875,
BATAINDIA_F1,07/10/2023,13:39:00,1659.9000,1659.9000,1659.9000,1659.9000,375,1393875,
BATAINDIA_F1,07/10/2023,13:42:00,1660.3500,1660.3500,1660.3500,1660.3500,750,1394250,
BATAINDIA_F1,07/10/2023,13:46:00,1660.6000,1660.6000,1660.6000,1660.6000,375,1394625,
BATAINDIA_F1,07/10/2023,13:49:00,1660.6000,1660.6000,1660.6000,1660.6000,375,1395000,
BATAINDIA_F1,07/10/2023,13:50:00,1660.3000,1660.3000,1658.9500,1658.9500,1500,1395000,
BATAINDIA_F1,07/10/2023,13:52:00,1660.0000,1660.0000,1660.0000,1660.0000,375,1395000,
BATAINDIA_F1,07/10/2023,13:55:00,1660.4500,1660.4500,1660.4500,1660.4500,750,1396500,
BATAINDIA_F1,07/10/2023,13:56:00,1659.8000,1659.8000,1659.8000,1659.8000,375,1396500,
BATAINDIA_F1,07/10/2023,13:59:00,1661.5000,1661.5000,1660.5500,1660.5500,1875,1396875,
BATAINDIA_F1,07/10/2023,14:00:00,1661.4500,1661.9500,1661.4500,1661.9500,750,1396875,
BATAINDIA_F1,07/10/2023,14:01:00,1662.0000,1662.3000,1661.2000,1661.4000,3000,1396875,
BATAINDIA_F1,07/10/2023,14:02:00,1660.2500,1660.2500,1659.7000,1659.7000,1500,1396875,
BATAINDIA_F1,07/10/2023,14:03:00,1660.2000,1661.0500,1660.2000,1661.0500,5250,1398000,
BATAINDIA_F1,07/10/2023,14:05:00,1660.4000,1660.4000,1660.4000,1660.4000,375,1398000,
BATAINDIA_F1,07/10/2023,14:06:00,1659.1500,1659.6000,1659.1500,1659.6000,750,1399125,
BATAINDIA_F1,07/10/2023,14:07:00,1659.2500,1659.2500,1658.2500,1658.2500,3000,1399125,
BATAINDIA_F1,07/10/2023,14:09:00,1658.3500,1658.9500,1658.3500,1658.9500,750,1399875,
BATAINDIA_F1,07/10/2023,14:11:00,1659.2000,1659.2000,1659.2000,1659.2000,375,1399875,
BATAINDIA_F1,07/10/2023,14:12:00,1658.4500,1658.4500,1658.4500,1658.4500,375,1400250,
BATAINDIA_F1,07/10/2023,14:16:00,1659.0000,1660.9000,1659.0000,1660.9000,2625,1400625,
BATAINDIA_F1,07/10/2023,14:17:00,1659.6500,1659.6500,1659.6500,1659.6500,375,1400625,
BATAINDIA_F1,07/10/2023,14:19:00,1661.4500,1661.4500,1660.9000,1660.9000,750,1400250,
BATAINDIA_F1,07/10/2023,14:22:00,1662.6000,1664.3000,1662.6000,1664.3000,4125,1400625,
BATAINDIA_F1,07/10/2023,14:23:00,1663.6000,1663.6000,1663.6000,1663.6000,375,1400625,
BATAINDIA_F1,07/10/2023,14:24:00,1664.9500,1666.0000,1664.3500,1665.9500,3750,1398375,
BATAINDIA_F1,07/10/2023,14:26:00,1665.1000,1665.1000,1665.1000,1665.1000,375,1398375,
BATAINDIA_F1,07/10/2023,14:27:00,1663.8500,1665.5500,1663.8500,1665.5500,1125,1398000,
BATAINDIA_F1,07/10/2023,14:28:00,1665.2000,1665.2000,1665.2000,1665.2000,750,1398000,
BATAINDIA_F1,07/10/2023,14:29:00,1665.9000,1666.0000,1663.8000,1663.8000,3750,1398000,
BATAINDIA_F1,07/10/2023,14:31:00,1663.2000,1663.2000,1663.2000,1663.2000,750,1401000,
BATAINDIA_F1,07/10/2023,14:32:00,1663.0000,1663.0000,1663.0000,1663.0000,375,1401000,
BATAINDIA_F1,07/10/2023,14:33:00,1663.0000,1663.0000,1663.0000,1663.0000,375,1402125,
BATAINDIA_F1,07/10/2023,14:35:00,1665.5000,1666.4500,1665.5000,1666.4500,1500,1402125,
BATAINDIA_F1,07/10/2023,14:36:00,1667.0000,1668.4500,1665.6000,1667.7000,8250,1402500,
BATAINDIA_F1,07/10/2023,14:38:00,1666.2000,1666.2000,1666.2000,1666.2000,375,1402500,
BATAINDIA_F1,07/10/2023,14:39:00,1666.2500,1666.2500,1665.3500,1665.3500,750,1404750,
BATAINDIA_F1,07/10/2023,14:40:00,1667.0000,1667.0000,1667.0000,1667.0000,375,1404750,
BATAINDIA_F1,07/10/2023,14:42:00,1667.0000,1667.0000,1666.4500,1666.4500,1125,1404375,
BATAINDIA_F1,07/10/2023,14:44:00,1668.6000,1668.6000,1666.2000,1666.2000,2250,1404375,
BATAINDIA_F1,07/10/2023,14:46:00,1666.7500,1666.7500,1665.6000,1665.6000,1500,1405500,
BATAINDIA_F1,07/10/2023,14:47:00,1666.6500,1666.6500,1666.4500,1666.4500,1125,1405500,
BATAINDIA_F1,07/10/2023,14:49:00,1666.0000,1666.0000,1666.0000,1666.0000,375,1407375,
BATAINDIA_F1,07/10/2023,14:50:00,1665.9000,1665.9000,1665.2000,1665.2000,1125,1407375,
BATAINDIA_F1,07/10/2023,14:52:00,1666.6000,1667.0000,1666.1500,1667.0000,1125,1408500,
BATAINDIA_F1,07/10/2023,14:54:00,1666.0000,1666.0000,1666.0000,1666.0000,1500,1408875,
BATAINDIA_F1,07/10/2023,14:55:00,1666.0000,1667.0500,1665.3000,1667.0500,5625,1408875,
BATAINDIA_F1,07/10/2023,14:56:00,1666.4500,1666.4500,1664.2500,1665.5000,6375,1408875,
BATAINDIA_F1,07/10/2023,14:57:00,1664.2500,1665.5000,1664.2500,1665.5000,1500,1409625,
BATAINDIA_F1,07/10/2023,14:58:00,1665.5000,1665.5000,1665.4000,1665.4000,1125,1409625,
BATAINDIA_F1,07/10/2023,14:59:00,1665.0000,1665.5500,1665.0000,1665.0000,3375,1409625,
BATAINDIA_F1,07/10/2023,15:00:00,1665.0000,1665.9000,1663.7000,1665.5000,10875,1412625,
BATAINDIA_F1,07/10/2023,15:01:00,1665.4500,1665.4500,1664.0000,1664.8000,3000,1412625,
BATAINDIA_F1,07/10/2023,15:02:00,1663.8500,1663.8500,1663.8500,1663.8500,2250,1412625,
BATAINDIA_F1,07/10/2023,15:03:00,1663.3000,1664.9500,1663.3000,1664.9500,1875,1417875,
BATAINDIA_F1,07/10/2023,15:05:00,1664.0000,1664.5500,1664.0000,1664.5500,750,1417875,
BATAINDIA_F1,07/10/2023,15:06:00,1664.1500,1664.1500,1664.1500,1664.1500,1125,1417875,
BATAINDIA_F1,07/10/2023,15:07:00,1665.7000,1665.7000,1665.7000,1665.7000,375,1418250,
BATAINDIA_F1,07/10/2023,15:08:00,1666.2500,1666.2500,1666.2000,1666.2500,1500,1418250,
BATAINDIA_F1,07/10/2023,15:09:00,1665.0000,1666.2500,1665.0000,1666.2500,1125,1417500,
BATAINDIA_F1,07/10/2023,15:10:00,1665.9500,1666.3000,1665.9500,1666.3000,1125,1417500,
BATAINDIA_F1,07/10/2023,15:11:00,1665.9000,1667.8000,1665.9000,1667.8000,1500,1417500,
BATAINDIA_F1,07/10/2023,15:12:00,1667.4500,1668.7000,1666.7500,1667.2000,9750,1422750,
BATAINDIA_F1,07/10/2023,15:13:00,1668.1000,1668.1000,1666.1500,1668.0000,3375,1422750,
BATAINDIA_F1,07/10/2023,15:14:00,1668.0500,1668.0500,1666.8000,1667.3000,2250,1422750,
BATAINDIA_F1,07/10/2023,15:15:00,1666.4500,1666.4500,1665.7500,1665.7500,1500,1422375,
BATAINDIA_F1,07/10/2023,15:16:00,1666.4500,1666.6000,1666.4500,1666.6000,1875,1422375,
BATAINDIA_F1,07/10/2023,15:17:00,1666.1000,1667.0000,1666.1000,1667.0000,1500,1422375,
BATAINDIA_F1,07/10/2023,15:18:00,1666.9000,1666.9000,1664.5000,1666.3500,3375,1421625,
BATAINDIA_F1,07/10/2023,15:19:00,1666.7000,1666.7000,1664.9500,1666.6000,2250,1421625,
BATAINDIA_F1,07/10/2023,15:20:00,1665.4000,1667.2500,1665.4000,1667.2500,3750,1421625,
BATAINDIA_F1,07/10/2023,15:21:00,1667.0000,1667.7000,1667.0000,1667.7000,750,1422750,
BATAINDIA_F1,07/10/2023,15:22:00,1667.5500,1667.5500,1666.2000,1666.2000,1500,1422750,
BATAINDIA_F1,07/10/2023,15:23:00,1667.2000,1667.4000,1666.2000,1666.2000,1125,1422750,
BATAINDIA_F1,07/10/2023,15:24:00,1667.1000,1667.1000,1664.6000,1665.5000,4875,1422000,
BATAINDIA_F1,07/10/2023,15:25:00,1664.6500,1666.4500,1664.6500,1666.4500,7500,1422000,
BATAINDIA_F1,07/10/2023,15:26:00,1665.6000,1667.2500,1665.6000,1667.2500,2250,1422000,
BATAINDIA_F1,07/10/2023,15:27:00,1667.5000,1668.0500,1666.6000,1667.2000,2625,1422375,
BATAINDIA_F1,07/10/2023,15:29:00,1669.7000,1669.7000,1669.7000,1669.7000,4125,1422375,
BATAINDIA_F1,07/10/2023,15:30:00,1669.2000,1669.2000,1669.2000,1669.2000,1125,1422375,
BATAINDIA_F1,07/11/2023,09:15:00,1676.6000,1676.6000,1674.9500,1674.9500,751,1390125,
BATAINDIA_F1,07/11/2023,09:16:00,1672.7500,1675.2000,1672.7500,1675.2000,5625,1390125,
BATAINDIA_F1,07/11/2023,09:17:00,1677.7000,1677.7000,1677.7000,1677.7000,1500,1390125,
BATAINDIA_F1,07/11/2023,09:18:00,1675.3000,1675.3000,1673.8000,1673.8000,3375,1390125,
BATAINDIA_F1,07/11/2023,09:19:00,1676.1500,1676.1500,1676.1500,1676.1500,1500,1390125,
BATAINDIA_F1,07/11/2023,09:20:00,1676.7000,1677.0000,1676.1000,1676.9500,1500,1387500,
BATAINDIA_F1,07/11/2023,09:21:00,1677.0000,1679.9000,1677.0000,1679.9000,4500,1387500,
BATAINDIA_F1,07/11/2023,09:22:00,1679.9000,1679.9000,1678.1500,1678.1500,4875,1387500,
BATAINDIA_F1,07/11/2023,09:23:00,1677.8000,1678.1500,1677.8000,1678.1500,1500,1387500,
BATAINDIA_F1,07/11/2023,09:24:00,1678.4000,1678.6000,1678.4000,1678.5000,1500,1392000,
BATAINDIA_F1,07/11/2023,09:25:00,1678.2500,1678.2500,1675.6000,1676.0000,2250,1392000,
BATAINDIA_F1,07/11/2023,09:26:00,1675.9000,1676.4500,1675.9000,1676.4500,750,1392000,
BATAINDIA_F1,07/11/2023,09:27:00,1676.4500,1676.4500,1675.2500,1675.2500,1125,1391250,
BATAINDIA_F1,07/11/2023,09:28:00,1675.0000,1675.0000,1675.0000,1675.0000,375,1391250,
BATAINDIA_F1,07/11/2023,09:29:00,1675.0000,1675.0000,1672.2000,1672.2000,7875,1392375,
BATAINDIA_F1,07/11/2023,09:30:00,1672.2000,1674.4500,1672.2000,1674.4500,6750,1392375,
BATAINDIA_F1,07/11/2023,09:31:00,1673.8500,1673.8500,1673.8500,1673.8500,375,1392375,
BATAINDIA_F1,07/11/2023,09:32:00,1673.2000,1673.2000,1673.2000,1673.2000,375,1392375,
BATAINDIA_F1,07/11/2023,09:33:00,1673.1000,1674.5000,1673.1000,1674.5000,1125,1386000,
BATAINDIA_F1,07/11/2023,09:34:00,1675.9000,1675.9000,1675.9000,1675.9000,375,1386000,
BATAINDIA_F1,07/11/2023,09:35:00,1676.4500,1676.4500,1675.5500,1675.5500,1125,1386000,
BATAINDIA_F1,07/11/2023,09:37:00,1676.7000,1676.7000,1676.7000,1676.7000,375,1386000,
BATAINDIA_F1,07/11/2023,09:40:00,1676.2000,1676.7000,1676.2000,1676.7000,1875,1382625,
BATAINDIA_F1,07/11/2023,09:42:00,1675.3000,1675.3000,1675.0000,1675.0000,750,1380375,
BATAINDIA_F1,07/11/2023,09:43:00,1675.9500,1676.5500,1675.9500,1676.5500,750,1380375,
BATAINDIA_F1,07/11/2023,09:44:00,1676.9000,1676.9000,1676.9000,1676.9000,750,1380375,
BATAINDIA_F1,07/11/2023,09:45:00,1677.7500,1678.0000,1677.7500,1678.0000,2250,1379625,
BATAINDIA_F1,07/11/2023,09:47:00,1677.0000,1677.0000,1677.0000,1677.0000,375,1379625,
BATAINDIA_F1,07/11/2023,09:50:00,1676.3000,1676.3000,1674.5500,1676.0000,1875,1377000,
BATAINDIA_F1,07/11/2023,09:51:00,1674.7000,1674.7000,1674.7000,1674.7000,375,1377000,
BATAINDIA_F1,07/11/2023,09:53:00,1676.9000,1676.9000,1676.9000,1676.9000,375,1377000,
BATAINDIA_F1,07/11/2023,09:54:00,1677.0000,1677.0000,1675.6000,1675.6000,750,1377000,
BATAINDIA_F1,07/11/2023,09:55:00,1676.1500,1676.1500,1675.2000,1675.2000,1125,1377000,
BATAINDIA_F1,07/11/2023,09:57:00,1675.0000,1675.0000,1675.0000,1675.0000,1125,1377000,
BATAINDIA_F1,07/11/2023,09:59:00,1673.7500,1673.7500,1672.8500,1672.8500,1875,1377000,
BATAINDIA_F1,07/11/2023,10:00:00,1671.6000,1671.6000,1670.9500,1670.9500,1875,1377000,
BATAINDIA_F1,07/11/2023,10:03:00,1674.5500,1674.5500,1674.5500,1674.5500,375,1377000,
BATAINDIA_F1,07/11/2023,10:05:00,1674.8000,1675.0000,1674.8000,1675.0000,1125,1377000,
BATAINDIA_F1,07/11/2023,10:08:00,1675.9000,1675.9000,1675.7500,1675.7500,750,1377000,
BATAINDIA_F1,07/11/2023,10:10:00,1676.8000,1676.8000,1676.8000,1676.8000,750,1374375,
BATAINDIA_F1,07/11/2023,10:11:00,1677.5000,1678.0000,1677.5000,1678.0000,1125,1374375,
BATAINDIA_F1,07/11/2023,10:12:00,1678.7000,1679.0000,1678.7000,1679.0000,750,1374000,
BATAINDIA_F1,07/11/2023,10:13:00,1679.0000,1679.0000,1679.0000,1679.0000,375,1374000,
BATAINDIA_F1,07/11/2023,10:14:00,1679.9500,1680.4000,1679.1000,1679.1000,3375,1374375,
BATAINDIA_F1,07/11/2023,10:15:00,1676.6500,1677.7500,1675.6500,1677.7500,2250,1374375,
BATAINDIA_F1,07/11/2023,10:16:00,1678.9500,1678.9500,1678.9500,1678.9500,375,1374375,
BATAINDIA_F1,07/11/2023,10:17:00,1677.2000,1677.2000,1677.2000,1677.2000,375,1374375,
BATAINDIA_F1,07/11/2023,10:18:00,1678.5000,1678.5000,1678.5000,1678.5000,750,1374000,
BATAINDIA_F1,07/11/2023,10:20:00,1678.5000,1678.5000,1678.5000,1678.5000,375,1372875,
BATAINDIA_F1,07/11/2023,10:21:00,1678.3500,1678.3500,1678.3500,1678.3500,375,1372875,
BATAINDIA_F1,07/11/2023,10:22:00,1677.7500,1678.9000,1677.7500,1678.9000,750,1372875,
BATAINDIA_F1,07/11/2023,10:24:00,1678.9000,1678.9000,1678.9000,1678.9000,375,1374000,
BATAINDIA_F1,07/11/2023,10:25:00,1677.3500,1677.3500,1677.3500,1677.3500,375,1374000,
BATAINDIA_F1,07/11/2023,10:28:00,1677.7000,1677.7000,1677.7000,1677.7000,375,1374000,
BATAINDIA_F1,07/11/2023,10:29:00,1679.0500,1679.2500,1678.2000,1679.2500,3750,1374000,
BATAINDIA_F1,07/11/2023,10:31:00,1680.0000,1680.0000,1680.0000,1680.0000,1500,1373625,
BATAINDIA_F1,07/11/2023,10:32:00,1681.0000,1681.3500,1681.0000,1681.0500,1500,1374000,
BATAINDIA_F1,07/11/2023,10:33:00,1681.3500,1681.4500,1681.3500,1681.4500,750,1374000,
BATAINDIA_F1,07/11/2023,10:34:00,1681.5000,1683.5500,1680.0000,1681.3000,9750,1374000,
BATAINDIA_F1,07/11/2023,10:35:00,1680.7000,1681.3000,1680.7000,1681.3000,1125,1374000,
BATAINDIA_F1,07/11/2023,10:36:00,1682.0500,1682.3500,1682.0500,1682.3500,750,1376625,
BATAINDIA_F1,07/11/2023,10:37:00,1682.5000,1682.5000,1682.3000,1682.3000,1125,1376625,
BATAINDIA_F1,07/11/2023,10:38:00,1682.5000,1684.5500,1682.5000,1684.5500,1125,1376250,
BATAINDIA_F1,07/11/2023,10:39:00,1685.0000,1685.0000,1685.0000,1685.0000,1875,1376250,
BATAINDIA_F1,07/11/2023,10:41:00,1685.0000,1685.0000,1684.0000,1684.0000,9000,1373625,
BATAINDIA_F1,07/11/2023,10:42:00,1683.4500,1684.7000,1683.4000,1684.7000,10125,1373625,
BATAINDIA_F1,07/11/2023,10:43:00,1684.7500,1685.4000,1684.7500,1685.4000,3375,1373625,
BATAINDIA_F1,07/11/2023,10:46:00,1684.0000,1684.0000,1683.5500,1683.5500,1500,1369125,
BATAINDIA_F1,07/11/2023,10:47:00,1683.7000,1684.5000,1683.7000,1684.5000,750,1368000,
BATAINDIA_F1,07/11/2023,10:48:00,1684.6500,1684.6500,1684.6500,1684.6500,375,1368000,
BATAINDIA_F1,07/11/2023,10:49:00,1682.9500,1682.9500,1682.9500,1682.9500,375,1368000,
BATAINDIA_F1,07/11/2023,10:50:00,1684.6500,1684.6500,1684.6500,1684.6500,375,1368000,
BATAINDIA_F1,07/11/2023,10:51:00,1685.0000,1685.0000,1685.0000,1685.0000,1125,1367625,
BATAINDIA_F1,07/11/2023,10:53:00,1683.5500,1683.5500,1683.5500,1683.5500,3375,1367625,
BATAINDIA_F1,07/11/2023,10:54:00,1685.4000,1687.0000,1685.4000,1687.0000,7125,1367250,
BATAINDIA_F1,07/11/2023,10:55:00,1687.2500,1688.9500,1687.2500,1688.9500,9000,1367250,
BATAINDIA_F1,07/11/2023,10:56:00,1688.9500,1689.0000,1688.2000,1688.2000,1875,1367250,
BATAINDIA_F1,07/11/2023,10:58:00,1687.3000,1687.3000,1687.3000,1687.3000,1125,1369125,
BATAINDIA_F1,07/11/2023,11:00:00,1687.0000,1687.0000,1687.0000,1687.0000,375,1369125,
BATAINDIA_F1,07/11/2023,11:01:00,1688.0000,1688.0000,1688.0000,1688.0000,375,1369125,
BATAINDIA_F1,07/11/2023,11:02:00,1690.0000,1690.8500,1690.0000,1690.1000,8625,1367625,
BATAINDIA_F1,07/11/2023,11:03:00,1690.4000,1690.4000,1690.4000,1690.4000,375,1367625,
BATAINDIA_F1,07/11/2023,11:04:00,1689.0500,1689.0500,1688.4500,1688.4500,750,1367625,
BATAINDIA_F1,07/11/2023,11:05:00,1688.4500,1688.4500,1688.4500,1688.4500,375,1367625,
BATAINDIA_F1,07/11/2023,11:06:00,1689.6500,1689.6500,1689.6500,1689.6500,375,1368750,
BATAINDIA_F1,07/11/2023,11:08:00,1689.0000,1689.0000,1688.6000,1688.6000,1500,1368750,
BATAINDIA_F1,07/11/2023,11:09:00,1688.0500,1688.0500,1688.0500,1688.0500,375,1368375,
BATAINDIA_F1,07/11/2023,11:15:00,1688.0500,1688.2500,1688.0500,1688.2500,1875,1368375,
BATAINDIA_F1,07/11/2023,11:17:00,1688.5500,1688.5500,1688.5500,1688.5500,375,1368375,
BATAINDIA_F1,07/11/2023,11:18:00,1688.0000,1688.0000,1687.1000,1687.1000,1125,1366500,
BATAINDIA_F1,07/11/2023,11:19:00,1686.8500,1686.8500,1686.8500,1686.8500,375,1366500,
BATAINDIA_F1,07/11/2023,11:20:00,1687.5000,1687.5000,1686.9500,1686.9500,750,1366500,
BATAINDIA_F1,07/11/2023,11:21:00,1686.6000,1686.6000,1686.6000,1686.6000,375,1366125,
BATAINDIA_F1,07/11/2023,11:24:00,1688.0500,1688.0500,1687.0500,1687.0500,1500,1366125,
BATAINDIA_F1,07/11/2023,11:29:00,1686.7000,1686.7000,1686.7000,1686.7000,750,1365000,
BATAINDIA_F1,07/11/2023,11:31:00,1687.0000,1687.0000,1687.0000,1687.0000,375,1365375,
BATAINDIA_F1,07/11/2023,11:33:00,1686.8500,1686.8500,1686.8500,1686.8500,375,1365375,
BATAINDIA_F1,07/11/2023,11:34:00,1686.0000,1686.0000,1686.0000,1686.0000,375,1365375,
BATAINDIA_F1,07/11/2023,11:39:00,1686.4500,1686.4500,1686.4500,1686.4500,375,1364625,
BATAINDIA_F1,07/11/2023,11:42:00,1688.2000,1688.2000,1688.2000,1688.2000,375,1364625,
BATAINDIA_F1,07/11/2023,11:46:00,1688.6000,1688.6000,1688.6000,1688.6000,375,1364625,
BATAINDIA_F1,07/11/2023,11:47:00,1689.0000,1692.0000,1689.0000,1692.0000,5625,1364625,
BATAINDIA_F1,07/11/2023,11:48:00,1693.3000,1693.4000,1690.3000,1690.4500,8250,1365375,
BATAINDIA_F1,07/11/2023,11:49:00,1690.6000,1690.6000,1687.3000,1687.6500,3375,1365375,
BATAINDIA_F1,07/11/2023,11:50:00,1688.7500,1691.8000,1688.7500,1691.8000,1500,1368000,
BATAINDIA_F1,07/11/2023,11:51:00,1693.0000,1693.0000,1690.3500,1690.4500,3000,1368000,
BATAINDIA_F1,07/11/2023,11:52:00,1689.7500,1689.7500,1689.7500,1689.7500,375,1368000,
BATAINDIA_F1,07/11/2023,11:53:00,1690.3000,1690.3000,1690.3000,1690.3000,750,1368000,
BATAINDIA_F1,07/11/2023,11:57:00,1691.3500,1691.3500,1691.3500,1691.3500,375,1368000,
BATAINDIA_F1,07/11/2023,11:58:00,1692.6500,1692.6500,1692.6500,1692.6500,375,1368000,
BATAINDIA_F1,07/11/2023,12:00:00,1692.5500,1693.8500,1692.4500,1693.8500,4500,1366125,
BATAINDIA_F1,07/11/2023,12:01:00,1692.0500,1692.0500,1692.0500,1692.0500,375,1366125,
BATAINDIA_F1,07/11/2023,12:03:00,1692.1000,1692.1000,1691.8500,1691.8500,750,1366500,
BATAINDIA_F1,07/11/2023,12:04:00,1690.5000,1690.5000,1690.5000,1690.5000,375,1366500,
BATAINDIA_F1,07/11/2023,12:05:00,1688.8500,1688.8500,1688.8500,1688.8500,2250,1366500,
BATAINDIA_F1,07/11/2023,12:06:00,1689.3000,1689.3000,1689.3000,1689.3000,375,1365375,
BATAINDIA_F1,07/11/2023,12:10:00,1689.0000,1689.0000,1689.0000,1689.0000,375,1365375,
BATAINDIA_F1,07/11/2023,12:11:00,1689.5000,1689.5000,1689.5000,1689.5000,375,1362375,
BATAINDIA_F1,07/11/2023,12:12:00,1689.1000,1689.1000,1689.1000,1689.1000,750,1362375,
BATAINDIA_F1,07/11/2023,12:14:00,1688.6500,1688.6500,1688.6500,1688.6500,375,1362375,
BATAINDIA_F1,07/11/2023,12:15:00,1688.0500,1688.0500,1688.0500,1688.0500,375,1363125,
BATAINDIA_F1,07/11/2023,12:16:00,1688.3000,1688.3000,1688.3000,1688.3000,375,1363125,
BATAINDIA_F1,07/11/2023,12:19:00,1690.2000,1690.8000,1690.2000,1690.8000,750,1362375,
BATAINDIA_F1,07/11/2023,12:21:00,1688.6000,1688.9000,1688.2000,1688.2000,10875,1362000,
BATAINDIA_F1,07/11/2023,12:23:00,1688.8500,1688.8500,1688.8500,1688.8500,375,1362000,
BATAINDIA_F1,07/11/2023,12:24:00,1689.0000,1689.0000,1689.0000,1689.0000,750,1357875,
BATAINDIA_F1,07/11/2023,12:25:00,1689.8000,1690.0000,1689.8000,1690.0000,750,1357875,
BATAINDIA_F1,07/11/2023,12:29:00,1690.0000,1690.0000,1690.0000,1690.0000,375,1357875,
BATAINDIA_F1,07/11/2023,12:30:00,1689.9000,1689.9000,1689.2500,1689.2500,750,1357875,
BATAINDIA_F1,07/11/2023,12:31:00,1690.6500,1690.6500,1690.6500,1690.6500,375,1357875,
BATAINDIA_F1,07/11/2023,12:32:00,1689.1000,1689.1000,1688.6000,1688.6000,1125,1357875,
BATAINDIA_F1,07/11/2023,12:34:00,1688.7000,1688.7000,1688.7000,1688.7000,2625,1357875,
BATAINDIA_F1,07/11/2023,12:38:00,1690.0000,1690.0000,1690.0000,1690.0000,1500,1359375,
BATAINDIA_F1,07/11/2023,12:39:00,1690.0000,1690.6500,1690.0000,1690.6500,1125,1357125,
BATAINDIA_F1,07/11/2023,12:40:00,1692.1000,1692.1000,1691.0000,1691.0000,1125,1357125,
BATAINDIA_F1,07/11/2023,12:41:00,1689.9000,1689.9000,1689.9000,1689.9000,3375,1357125,
BATAINDIA_F1,07/11/2023,12:42:00,1689.9000,1689.9000,1689.9000,1689.9000,375,1356750,
BATAINDIA_F1,07/11/2023,12:44:00,1691.0500,1691.0500,1691.0500,1691.0500,375,1356750,
BATAINDIA_F1,07/11/2023,12:45:00,1691.9500,1691.9500,1691.9500,1691.9500,375,1356750,
BATAINDIA_F1,07/11/2023,12:46:00,1689.7500,1691.3500,1688.2500,1691.3500,7875,1357125,
BATAINDIA_F1,07/11/2023,12:47:00,1691.9000,1691.9000,1691.9000,1691.9000,375,1357125,
BATAINDIA_F1,07/11/2023,12:48:00,1691.1500,1691.1500,1691.1500,1691.1500,750,1358625,
BATAINDIA_F1,07/11/2023,12:49:00,1691.1500,1691.1500,1691.1500,1691.1500,375,1358625,
BATAINDIA_F1,07/11/2023,12:51:00,1691.7500,1691.7500,1690.9500,1691.4000,1875,1358625,
BATAINDIA_F1,07/11/2023,12:52:00,1690.9000,1690.9000,1690.9000,1690.9000,375,1358625,
BATAINDIA_F1,07/11/2023,12:53:00,1691.7000,1691.7000,1691.7000,1691.7000,750,1358625,
BATAINDIA_F1,07/11/2023,12:54:00,1691.7000,1691.7000,1691.7000,1691.7000,375,1357500,
BATAINDIA_F1,07/11/2023,12:55:00,1692.0000,1692.0000,1691.7000,1691.7000,1500,1357500,
BATAINDIA_F1,07/11/2023,13:01:00,1692.6500,1692.6500,1692.6500,1692.6500,750,1357500,
BATAINDIA_F1,07/11/2023,13:03:00,1691.7500,1692.0000,1691.7500,1692.0000,1125,1353750,
BATAINDIA_F1,07/11/2023,13:04:00,1691.7000,1691.7000,1691.7000,1691.7000,375,1353750,
BATAINDIA_F1,07/11/2023,13:06:00,1691.1000,1691.1000,1691.1000,1691.1000,375,1354125,
BATAINDIA_F1,07/11/2023,13:12:00,1692.0000,1692.0000,1691.4500,1691.4500,2625,1352250,
BATAINDIA_F1,07/11/2023,13:15:00,1692.0000,1692.0000,1692.0000,1692.0000,1500,1352250,
BATAINDIA_F1,07/11/2023,13:20:00,1692.4000,1692.4000,1692.4000,1692.4000,750,1351875,
BATAINDIA_F1,07/11/2023,13:21:00,1692.1000,1692.6500,1692.0000,1692.0000,1875,1351125,
BATAINDIA_F1,07/11/2023,13:22:00,1691.0000,1691.0000,1691.0000,1691.0000,375,1351125,
BATAINDIA_F1,07/11/2023,13:24:00,1692.0000,1693.7000,1691.8500,1693.7000,2250,1351500,
BATAINDIA_F1,07/11/2023,13:27:00,1692.8500,1692.8500,1692.8500,1692.8500,375,1351500,
BATAINDIA_F1,07/11/2023,13:28:00,1691.9000,1693.7000,1691.9000,1693.7000,1125,1349625,
BATAINDIA_F1,07/11/2023,13:29:00,1693.7000,1694.0000,1693.7000,1694.0000,1500,1349625,
BATAINDIA_F1,07/11/2023,13:30:00,1693.8500,1693.8500,1692.2000,1692.2000,2250,1350750,
BATAINDIA_F1,07/11/2023,13:31:00,1692.1500,1692.1500,1691.3000,1691.3000,1125,1350750,
BATAINDIA_F1,07/11/2023,13:32:00,1692.0000,1693.9500,1692.0000,1693.9500,2250,1350750,
BATAINDIA_F1,07/11/2023,13:33:00,1693.9000,1693.9000,1693.9000,1693.9000,375,1350750,
BATAINDIA_F1,07/11/2023,13:34:00,1694.0000,1695.0000,1694.0000,1695.0000,3750,1350750,
BATAINDIA_F1,07/11/2023,13:35:00,1695.0000,1695.0000,1695.0000,1695.0000,1125,1350750,
BATAINDIA_F1,07/11/2023,13:36:00,1694.7000,1694.7000,1694.7000,1694.7000,375,1351125,
BATAINDIA_F1,07/11/2023,13:38:00,1694.8000,1694.8000,1694.8000,1694.8000,1875,1351125,
BATAINDIA_F1,07/11/2023,13:39:00,1695.6500,1695.6500,1695.6500,1695.6500,2625,1348500,
BATAINDIA_F1,07/11/2023,13:40:00,1695.6500,1695.6500,1694.3000,1694.3000,1500,1348500,
BATAINDIA_F1,07/11/2023,13:41:00,1693.7500,1693.7500,1693.1500,1693.1500,750,1348500,
BATAINDIA_F1,07/11/2023,13:42:00,1693.1500,1693.1500,1693.1500,1693.1500,750,1347750,
BATAINDIA_F1,07/11/2023,13:46:00,1693.5000,1693.5000,1693.5000,1693.5000,375,1347750,
BATAINDIA_F1,07/11/2023,13:47:00,1693.8000,1694.3500,1693.8000,1694.3500,1875,1347750,
BATAINDIA_F1,07/11/2023,13:48:00,1694.2500,1694.2500,1693.9500,1693.9500,750,1344000,
BATAINDIA_F1,07/11/2023,13:52:00,1692.4500,1692.4500,1692.4500,1692.4500,375,1344000,
BATAINDIA_F1,07/11/2023,13:53:00,1692.4500,1692.4500,1692.4500,1692.4500,375,1344000,
BATAINDIA_F1,07/11/2023,13:54:00,1692.7500,1693.2500,1692.7500,1693.2500,750,1343625,
BATAINDIA_F1,07/11/2023,13:55:00,1694.4500,1695.0000,1694.4500,1695.0000,1125,1343625,
BATAINDIA_F1,07/11/2023,13:56:00,1696.0000,1698.0000,1696.0000,1698.0000,6000,1343625,
BATAINDIA_F1,07/11/2023,13:57:00,1696.5500,1696.5500,1696.2500,1696.2500,2625,1347750,
BATAINDIA_F1,07/11/2023,13:58:00,1695.5500,1695.5500,1695.5500,1695.5500,375,1347750,
BATAINDIA_F1,07/11/2023,13:59:00,1695.6500,1695.8500,1694.9500,1694.9500,2250,1347750,
BATAINDIA_F1,07/11/2023,14:00:00,1695.0000,1696.1500,1695.0000,1696.1500,750,1347750,
BATAINDIA_F1,07/11/2023,14:01:00,1698.1500,1698.2000,1698.1500,1698.2000,1500,1348125,
BATAINDIA_F1,07/11/2023,14:02:00,1698.4000,1698.7000,1698.4000,1698.7000,2250,1348125,
BATAINDIA_F1,07/11/2023,14:03:00,1698.7000,1698.7000,1698.4500,1698.4500,750,1348125,
BATAINDIA_F1,07/11/2023,14:04:00,1698.0000,1698.6500,1698.0000,1698.1500,1875,1348125,
BATAINDIA_F1,07/11/2023,14:06:00,1696.5500,1696.5500,1696.5500,1696.5500,3375,1348500,
BATAINDIA_F1,07/11/2023,14:07:00,1698.2000,1698.2000,1698.2000,1698.2000,375,1348500,
BATAINDIA_F1,07/11/2023,14:09:00,1697.0000,1697.0000,1697.0000,1697.0000,2250,1348125,
BATAINDIA_F1,07/11/2023,14:10:00,1696.9000,1697.0000,1696.9000,1697.0000,1500,1348125,
BATAINDIA_F1,07/11/2023,14:12:00,1697.0000,1697.0000,1696.5000,1696.5000,1125,1348500,
BATAINDIA_F1,07/11/2023,14:14:00,1696.9500,1696.9500,1696.9500,1696.9500,375,1348500,
BATAINDIA_F1,07/11/2023,14:15:00,1694.4000,1694.4000,1693.8000,1693.8000,4500,1348500,
BATAINDIA_F1,07/11/2023,14:17:00,1693.6500,1693.6500,1693.6500,1693.6500,750,1348500,
BATAINDIA_F1,07/11/2023,14:19:00,1695.4000,1695.4000,1693.8500,1693.8500,750,1345500,
BATAINDIA_F1,07/11/2023,14:21:00,1694.5000,1694.5000,1694.5000,1694.5000,375,1345500,
BATAINDIA_F1,07/11/2023,14:23:00,1695.0500,1695.0500,1693.6500,1693.6500,750,1345500,
BATAINDIA_F1,07/11/2023,14:25:00,1693.6000,1693.9500,1693.6000,1693.6000,3000,1346250,
BATAINDIA_F1,07/11/2023,14:26:00,1694.9500,1694.9500,1694.9500,1694.9500,375,1346250,
BATAINDIA_F1,07/11/2023,14:27:00,1695.0000,1695.0000,1695.0000,1695.0000,375,1346250,
BATAINDIA_F1,07/11/2023,14:28:00,1695.0000,1696.0000,1695.0000,1696.0000,750,1344375,
BATAINDIA_F1,07/11/2023,14:29:00,1696.8000,1696.8500,1696.8000,1696.8500,750,1344375,
BATAINDIA_F1,07/11/2023,14:32:00,1696.9500,1696.9500,1696.8000,1696.8000,1125,1342125,
BATAINDIA_F1,07/11/2023,14:33:00,1695.8000,1695.8000,1695.8000,1695.8000,375,1342125,
BATAINDIA_F1,07/11/2023,14:34:00,1695.8500,1696.8000,1695.8500,1696.8000,2250,1342125,
BATAINDIA_F1,07/11/2023,14:35:00,1697.4500,1697.9000,1697.4500,1697.9000,1125,1342125,
BATAINDIA_F1,07/11/2023,14:36:00,1698.0000,1698.0000,1696.9500,1696.9500,750,1343625,
BATAINDIA_F1,07/11/2023,14:37:00,1698.0000,1698.0000,1698.0000,1698.0000,750,1343625,
BATAINDIA_F1,07/11/2023,14:38:00,1698.0000,1698.0000,1698.0000,1698.0000,2250,1343625,
BATAINDIA_F1,07/11/2023,14:40:00,1697.8500,1697.8500,1697.8500,1697.8500,375,1342875,
BATAINDIA_F1,07/11/2023,14:41:00,1696.1000,1696.1000,1695.8500,1695.8500,16500,1342875,
BATAINDIA_F1,07/11/2023,14:42:00,1696.5000,1696.5000,1696.5000,1696.5000,375,1339125,
BATAINDIA_F1,07/11/2023,14:43:00,1695.9000,1695.9000,1695.9000,1695.9000,375,1339125,
BATAINDIA_F1,07/11/2023,14:45:00,1697.8000,1697.8000,1697.8000,1697.8000,375,1339125,
BATAINDIA_F1,07/11/2023,14:48:00,1696.8000,1696.8000,1696.8000,1696.8000,375,1337250,
BATAINDIA_F1,07/11/2023,14:49:00,1696.8000,1696.8500,1696.8000,1696.8500,750,1337250,
BATAINDIA_F1,07/11/2023,14:50:00,1696.8500,1696.8500,1696.8500,1696.8500,1125,1337250,
BATAINDIA_F1,07/11/2023,14:51:00,1696.4000,1697.9500,1696.4000,1697.9500,1500,1336125,
BATAINDIA_F1,07/11/2023,14:52:00,1698.2000,1698.2000,1698.2000,1698.2000,375,1336125,
BATAINDIA_F1,07/11/2023,14:54:00,1698.2000,1698.2000,1698.2000,1698.2000,375,1336875,
BATAINDIA_F1,07/11/2023,14:56:00,1698.2000,1698.2000,1698.0000,1698.0000,750,1336875,
BATAINDIA_F1,07/11/2023,14:57:00,1697.2000,1697.2000,1697.2000,1697.2000,1125,1336875,
BATAINDIA_F1,07/11/2023,14:58:00,1697.8500,1697.8500,1697.0000,1697.0000,750,1338375,
BATAINDIA_F1,07/11/2023,14:59:00,1697.5000,1697.5000,1697.5000,1697.5000,375,1338375,
BATAINDIA_F1,07/11/2023,15:00:00,1699.2000,1699.9000,1699.2000,1699.9000,4875,1334625,
BATAINDIA_F1,07/11/2023,15:01:00,1699.9500,1700.8500,1699.9500,1700.8500,5625,1334625,
BATAINDIA_F1,07/11/2023,15:02:00,1700.9500,1700.9500,1700.0000,1700.0000,1875,1334625,
BATAINDIA_F1,07/11/2023,15:03:00,1699.7000,1699.7000,1699.2000,1699.3000,6375,1331250,
BATAINDIA_F1,07/11/2023,15:04:00,1697.8000,1698.1500,1696.6500,1698.1500,1500,1331250,
BATAINDIA_F1,07/11/2023,15:05:00,1697.0000,1697.0000,1696.9500,1696.9500,1125,1331250,
BATAINDIA_F1,07/11/2023,15:06:00,1697.0000,1697.0000,1696.6000,1696.6000,1125,1330875,
BATAINDIA_F1,07/11/2023,15:07:00,1697.9500,1697.9500,1697.0000,1697.0000,750,1330875,
BATAINDIA_F1,07/11/2023,15:08:00,1696.3500,1696.7500,1695.2500,1696.7500,3000,1330875,
BATAINDIA_F1,07/11/2023,15:09:00,1695.0000,1695.0000,1695.0000,1695.0000,3750,1327500,
BATAINDIA_F1,07/11/2023,15:10:00,1695.2000,1696.3000,1695.0000,1695.0000,2625,1327500,
BATAINDIA_F1,07/11/2023,15:11:00,1695.1500,1696.8500,1695.1500,1696.8500,1125,1327500,
BATAINDIA_F1,07/11/2023,15:12:00,1697.0000,1697.1500,1697.0000,1697.1500,1500,1327500,
BATAINDIA_F1,07/11/2023,15:14:00,1697.1500,1697.1500,1697.1500,1697.1500,375,1325250,
BATAINDIA_F1,07/11/2023,15:15:00,1695.9000,1696.9500,1695.9000,1696.9500,1500,1324500,
BATAINDIA_F1,07/11/2023,15:16:00,1697.9000,1698.2500,1696.9000,1696.9000,6750,1324500,
BATAINDIA_F1,07/11/2023,15:17:00,1698.4000,1700.4000,1697.1500,1699.2000,14625,1324500,
BATAINDIA_F1,07/11/2023,15:18:00,1699.6500,1700.8500,1698.9000,1700.8500,12000,1330500,
BATAINDIA_F1,07/11/2023,15:19:00,1700.9500,1701.7000,1700.9500,1701.7000,3375,1330500,
BATAINDIA_F1,07/11/2023,15:20:00,1702.0000,1702.8000,1702.0000,1702.8000,1875,1330500,
BATAINDIA_F1,07/11/2023,15:21:00,1701.1500,1702.7500,1697.6000,1698.4500,12375,1332375,
BATAINDIA_F1,07/11/2023,15:22:00,1699.0000,1699.5000,1698.7500,1699.5000,1500,1332375,
BATAINDIA_F1,07/11/2023,15:23:00,1698.7500,1699.0000,1697.9000,1698.2500,5625,1332375,
BATAINDIA_F1,07/11/2023,15:24:00,1699.2000,1699.2000,1698.4000,1698.8000,2625,1334250,
BATAINDIA_F1,07/11/2023,15:25:00,1698.4000,1699.3500,1697.9500,1697.9500,3000,1334250,
BATAINDIA_F1,07/11/2023,15:26:00,1699.9000,1699.9000,1698.5000,1699.0000,2250,1334250,
BATAINDIA_F1,07/11/2023,15:27:00,1698.5000,1698.5000,1697.8500,1697.8500,2250,1334625,
BATAINDIA_F1,07/11/2023,15:28:00,1698.1500,1698.1500,1697.9000,1697.9000,1500,1334625,
BATAINDIA_F1,07/11/2023,15:29:00,1698.0000,1698.4000,1696.5000,1696.5000,3000,1334625,
BATAINDIA_F1,07/12/2023,09:15:00,1699.1000,1699.1000,1667.2000,1667.2000,35253,1332000,
BATAINDIA_F1,07/12/2023,09:16:00,1670.0000,1670.0000,1663.8000,1665.0000,44250,1332000,
BATAINDIA_F1,07/12/2023,09:17:00,1662.1500,1662.1500,1662.0500,1662.0500,20250,1351875,
BATAINDIA_F1,07/12/2023,09:18:00,1667.9500,1669.1500,1667.9500,1669.1500,30375,1351875,
BATAINDIA_F1,07/12/2023,09:19:00,1668.0000,1668.0000,1642.0500,1645.6000,98625,1351875,
BATAINDIA_F1,07/12/2023,09:20:00,1645.5500,1654.9500,1644.9500,1651.3000,55875,1420500,
BATAINDIA_F1,07/12/2023,09:21:00,1650.0000,1652.5500,1612.9500,1633.0500,167250,1420500,
BATAINDIA_F1,07/12/2023,09:22:00,1636.7500,1646.2000,1634.0000,1645.2500,67875,1420500,
BATAINDIA_F1,07/12/2023,09:23:00,1647.0000,1647.6000,1642.0500,1646.7500,17250,1499250,
BATAINDIA_F1,07/12/2023,09:24:00,1646.9500,1646.9500,1642.4500,1642.5500,14625,1499250,
BATAINDIA_F1,07/12/2023,09:25:00,1642.5500,1649.8500,1642.2500,1649.0500,9750,1499250,
BATAINDIA_F1,07/12/2023,09:26:00,1646.8500,1649.9000,1644.6000,1648.8500,8250,1512000,
BATAINDIA_F1,07/12/2023,09:27:00,1647.7000,1647.7000,1635.5000,1637.0500,24375,1512000,
BATAINDIA_F1,07/12/2023,09:28:00,1637.3000,1637.3000,1624.0000,1625.5500,47625,1512000,
BATAINDIA_F1,07/12/2023,09:29:00,1628.4500,1630.2000,1620.7500,1622.0000,50625,1499625,
BATAINDIA_F1,07/12/2023,09:30:00,1624.8500,1629.2500,1624.7000,1629.2000,20250,1499625,
BATAINDIA_F1,07/12/2023,09:31:00,1629.2500,1631.1500,1625.0000,1627.8000,22875,1499625,
BATAINDIA_F1,07/12/2023,09:32:00,1627.5500,1627.8000,1623.5000,1624.2500,22875,1534500,
BATAINDIA_F1,07/12/2023,09:33:00,1625.7000,1628.1500,1623.0000,1628.1500,11250,1534500,
BATAINDIA_F1,07/12/2023,09:34:00,1629.5500,1632.8500,1627.0500,1627.1000,21375,1534500,
BATAINDIA_F1,07/12/2023,09:35:00,1627.8000,1633.0000,1627.8000,1633.0000,6750,1542750,
BATAINDIA_F1,07/12/2023,09:36:00,1634.0000,1636.9000,1631.8000,1636.9000,12750,1542750,
BATAINDIA_F1,07/12/2023,09:37:00,1636.9500,1636.9500,1632.4000,1633.2000,15375,1542750,
BATAINDIA_F1,07/12/2023,09:38:00,1634.0000,1636.0000,1634.0000,1635.4500,3375,1550250,
BATAINDIA_F1,07/12/2023,09:39:00,1636.0000,1636.0000,1632.8000,1633.3500,4875,1550250,
BATAINDIA_F1,07/12/2023,09:40:00,1633.6500,1634.8500,1631.1000,1634.1000,9750,1550250,
BATAINDIA_F1,07/12/2023,09:41:00,1635.0500,1637.3500,1635.0500,1636.0500,9000,1554750,
BATAINDIA_F1,07/12/2023,09:42:00,1635.8500,1638.1500,1633.5000,1637.8500,13875,1554750,
BATAINDIA_F1,07/12/2023,09:43:00,1638.3000,1642.0000,1637.2500,1640.0500,26625,1554750,
BATAINDIA_F1,07/12/2023,09:44:00,1640.0500,1642.0000,1635.0000,1635.0000,38250,1582875,
BATAINDIA_F1,07/12/2023,09:45:00,1637.7500,1639.0500,1635.8500,1636.1500,19125,1582875,
BATAINDIA_F1,07/12/2023,09:46:00,1637.3000,1639.8500,1637.0000,1639.8500,10500,1582875,
BATAINDIA_F1,07/12/2023,09:47:00,1640.4000,1642.1000,1640.2000,1640.9000,11250,1601250,
BATAINDIA_F1,07/12/2023,09:48:00,1640.9500,1642.0000,1640.1000,1641.0500,13500,1601250,
BATAINDIA_F1,07/12/2023,09:49:00,1642.5000,1642.9000,1640.5500,1641.9500,7500,1601250,
BATAINDIA_F1,07/12/2023,09:50:00,1641.8500,1644.1000,1641.6500,1642.0500,8625,1605375,
BATAINDIA_F1,07/12/2023,09:51:00,1642.0500,1643.0000,1642.0500,1643.0000,3375,1605375,
BATAINDIA_F1,07/12/2023,09:52:00,1642.5000,1644.5000,1642.0000,1644.3000,7500,1605375,
BATAINDIA_F1,07/12/2023,09:53:00,1643.1000,1643.3500,1641.2000,1642.8500,6375,1607250,
BATAINDIA_F1,07/12/2023,09:54:00,1644.0000,1644.0000,1643.3000,1643.8500,1125,1607250,
BATAINDIA_F1,07/12/2023,09:55:00,1643.6500,1643.9500,1642.5000,1642.8000,8250,1607250,
BATAINDIA_F1,07/12/2023,09:56:00,1643.0000,1644.7500,1642.7000,1644.2000,10125,1603500,
BATAINDIA_F1,07/12/2023,09:57:00,1645.0000,1645.0000,1643.3000,1643.3000,5625,1603500,
BATAINDIA_F1,07/12/2023,09:58:00,1644.0000,1646.0000,1644.0000,1646.0000,7125,1603500,
BATAINDIA_F1,07/12/2023,09:59:00,1646.5000,1648.0000,1646.0000,1648.0000,10875,1604250,
BATAINDIA_F1,07/12/2023,10:00:00,1648.0000,1648.9500,1644.5000,1644.6500,9750,1604250,
BATAINDIA_F1,07/12/2023,10:01:00,1645.6500,1645.7000,1644.7000,1645.5000,3375,1604250,
BATAINDIA_F1,07/12/2023,10:02:00,1646.4000,1648.0000,1645.9500,1647.0500,3375,1608000,
BATAINDIA_F1,07/12/2023,10:03:00,1647.0500,1647.0500,1645.5500,1645.5500,7500,1608000,
BATAINDIA_F1,07/12/2023,10:04:00,1646.0000,1646.0000,1645.0000,1645.0500,5625,1608000,
BATAINDIA_F1,07/12/2023,10:05:00,1645.4000,1647.3500,1645.4000,1647.3500,2250,1612875,
BATAINDIA_F1,07/12/2023,10:06:00,1647.6500,1648.4000,1647.6500,1648.4000,1875,1612875,
BATAINDIA_F1,07/12/2023,10:07:00,1647.8500,1647.8500,1646.3500,1647.1000,3000,1612875,
BATAINDIA_F1,07/12/2023,10:08:00,1647.2000,1648.5000,1646.9500,1648.5000,3375,1614750,
BATAINDIA_F1,07/12/2023,10:09:00,1648.4500,1651.6000,1648.4500,1649.0000,8250,1614750,
BATAINDIA_F1,07/12/2023,10:10:00,1649.9000,1651.0000,1649.9000,1650.5500,3375,1614750,
BATAINDIA_F1,07/12/2023,10:11:00,1650.7000,1650.7000,1650.7000,1650.7000,2250,1614750,
BATAINDIA_F1,07/12/2023,10:12:00,1650.0000,1650.0000,1649.0000,1649.0000,2250,1612500,
BATAINDIA_F1,07/12/2023,10:13:00,1648.8500,1648.8500,1648.8500,1648.8500,375,1612500,
BATAINDIA_F1,07/12/2023,10:14:00,1649.0500,1649.0500,1649.0500,1649.0500,750,1612500,
BATAINDIA_F1,07/12/2023,10:15:00,1648.5000,1649.2500,1648.5000,1649.2500,1875,1612125,
BATAINDIA_F1,07/12/2023,10:16:00,1649.2500,1650.2000,1649.2500,1649.9000,2250,1612125,
BATAINDIA_F1,07/12/2023,10:17:00,1650.2000,1650.7500,1650.2000,1650.7500,750,1612125,
BATAINDIA_F1,07/12/2023,10:18:00,1650.7500,1650.7500,1648.5000,1648.5000,5625,1613250,
BATAINDIA_F1,07/12/2023,10:19:00,1649.3500,1649.3500,1649.3500,1649.3500,375,1613250,
BATAINDIA_F1,07/12/2023,10:20:00,1650.0000,1650.2500,1649.6500,1650.2000,2250,1609125,
BATAINDIA_F1,07/12/2023,10:21:00,1650.2500,1650.2500,1650.2500,1650.2500,1125,1609125,
BATAINDIA_F1,07/12/2023,10:22:00,1650.4000,1650.4000,1649.4000,1649.4000,2250,1609125,
BATAINDIA_F1,07/12/2023,10:23:00,1649.9000,1650.2000,1649.9000,1650.2000,1125,1609125,
BATAINDIA_F1,07/12/2023,10:25:00,1650.4000,1650.4000,1649.9500,1649.9500,1125,1609500,
BATAINDIA_F1,07/12/2023,10:27:00,1649.3500,1649.5000,1649.2000,1649.2000,1500,1609125,
BATAINDIA_F1,07/12/2023,10:28:00,1649.1000,1649.1000,1649.1000,1649.1000,750,1609125,
BATAINDIA_F1,07/12/2023,10:29:00,1648.6000,1649.3000,1648.5500,1649.3000,4125,1609125,
BATAINDIA_F1,07/12/2023,10:30:00,1649.3000,1649.3000,1649.3000,1649.3000,1125,1608750,
BATAINDIA_F1,07/12/2023,10:32:00,1649.3000,1650.0000,1648.9000,1650.0000,2250,1610250,
BATAINDIA_F1,07/12/2023,10:33:00,1651.0000,1651.2500,1650.4000,1650.4000,3000,1610250,
BATAINDIA_F1,07/12/2023,10:34:00,1650.3500,1652.5500,1649.9000,1652.5500,3000,1610250,
BATAINDIA_F1,07/12/2023,10:35:00,1653.0000,1653.0000,1651.4500,1651.4500,2625,1610250,
BATAINDIA_F1,07/12/2023,10:36:00,1651.8000,1652.0000,1651.8000,1652.0000,1500,1610250,
BATAINDIA_F1,07/12/2023,10:37:00,1652.0000,1652.0000,1652.0000,1652.0000,375,1610250,
BATAINDIA_F1,07/12/2023,10:39:00,1652.0500,1652.7000,1652.0500,1652.7000,1500,1610625,
BATAINDIA_F1,07/12/2023,10:40:00,1652.6500,1652.6500,1652.6500,1652.6500,750,1610625,
BATAINDIA_F1,07/12/2023,10:41:00,1652.7000,1652.9000,1652.7000,1652.9000,1500,1610625,
BATAINDIA_F1,07/12/2023,10:42:00,1653.0000,1655.0000,1653.0000,1655.0000,4125,1609125,
BATAINDIA_F1,07/12/2023,10:43:00,1653.0000,1654.9000,1653.0000,1654.9000,4125,1609125,
BATAINDIA_F1,07/12/2023,10:44:00,1655.0000,1655.7500,1654.8000,1655.7500,2250,1609500,
BATAINDIA_F1,07/12/2023,10:45:00,1655.7500,1657.7000,1655.6500,1657.0000,9000,1609500,
BATAINDIA_F1,07/12/2023,10:46:00,1656.4000,1656.4000,1656.4000,1656.4000,750,1609500,
BATAINDIA_F1,07/12/2023,10:48:00,1656.2500,1656.2500,1655.9500,1655.9500,1500,1609500,
BATAINDIA_F1,07/12/2023,10:49:00,1654.9000,1654.9000,1653.6500,1654.4500,2250,1609500,
BATAINDIA_F1,07/12/2023,10:50:00,1654.4000,1654.4000,1651.8000,1653.0000,9000,1609500,
BATAINDIA_F1,07/12/2023,10:51:00,1651.8500,1651.8500,1650.8500,1650.8500,2250,1609500,
BATAINDIA_F1,07/12/2023,10:52:00,1649.5000,1649.5000,1647.1500,1647.1500,2625,1609500,
BATAINDIA_F1,07/12/2023,10:53:00,1647.1500,1647.1500,1645.5000,1645.5000,1125,1609500,
BATAINDIA_F1,07/12/2023,10:54:00,1647.1500,1647.1500,1645.4000,1646.8000,8250,1609500,
BATAINDIA_F1,07/12/2023,10:55:00,1646.7500,1647.0000,1645.9000,1647.0000,3375,1609500,
BATAINDIA_F1,07/12/2023,10:56:00,1646.1500,1646.5000,1646.1500,1646.5000,1125,1609500,
BATAINDIA_F1,07/12/2023,10:57:00,1645.5000,1645.5000,1643.2000,1643.2000,6375,1612875,
BATAINDIA_F1,07/12/2023,10:58:00,1643.2500,1644.2500,1643.2000,1644.2500,1875,1612875,
BATAINDIA_F1,07/12/2023,10:59:00,1643.0500,1643.0500,1641.0000,1641.3000,5250,1612125,
BATAINDIA_F1,07/12/2023,11:00:00,1643.0000,1643.0000,1641.6000,1641.6000,1500,1612125,
BATAINDIA_F1,07/12/2023,11:01:00,1641.6000,1642.0000,1640.2500,1640.2500,4500,1612125,
BATAINDIA_F1,07/12/2023,11:02:00,1640.0000,1641.2000,1640.0000,1640.6000,4125,1612125,
BATAINDIA_F1,07/12/2023,11:03:00,1640.6000,1640.6000,1639.8000,1640.1500,2625,1614375,
BATAINDIA_F1,07/12/2023,11:04:00,1640.1000,1640.1000,1638.8000,1638.9500,4125,1614375,
BATAINDIA_F1,07/12/2023,11:05:00,1639.3500,1642.1500,1639.3500,1642.1500,3000,1618125,
BATAINDIA_F1,07/12/2023,11:06:00,1642.0000,1642.0000,1639.4000,1640.1000,5250,1618125,
BATAINDIA_F1,07/12/2023,11:07:00,1641.1000,1641.1000,1639.5500,1639.5500,750,1618125,
BATAINDIA_F1,07/12/2023,11:08:00,1640.2500,1640.2500,1640.2500,1640.2500,375,1618125,
BATAINDIA_F1,07/12/2023,11:09:00,1640.2000,1640.9500,1640.2000,1640.5000,2250,1622250,
BATAINDIA_F1,07/12/2023,11:10:00,1641.0500,1641.0500,1641.0500,1641.0500,1500,1622250,
BATAINDIA_F1,07/12/2023,11:11:00,1641.3000,1642.5500,1641.3000,1642.5500,5250,1622250,
BATAINDIA_F1,07/12/2023,11:12:00,1641.6000,1641.6000,1640.6500,1640.6500,1500,1624125,
BATAINDIA_F1,07/12/2023,11:13:00,1640.6500,1641.0000,1640.6000,1641.0000,1875,1624125,
BATAINDIA_F1,07/12/2023,11:14:00,1642.7000,1642.7000,1642.7000,1642.7000,375,1624125,
BATAINDIA_F1,07/12/2023,11:15:00,1642.9000,1642.9000,1641.3000,1641.3000,2250,1624875,
BATAINDIA_F1,07/12/2023,11:16:00,1641.3000,1642.5500,1641.3000,1642.5500,1500,1624875,
BATAINDIA_F1,07/12/2023,11:17:00,1642.1500,1642.1500,1641.7000,1641.7000,1500,1624875,
BATAINDIA_F1,07/12/2023,11:18:00,1642.6500,1642.6500,1641.9500,1641.9500,2250,1625250,
BATAINDIA_F1,07/12/2023,11:19:00,1643.5000,1643.5000,1643.5000,1643.5000,375,1625250,
BATAINDIA_F1,07/12/2023,11:21:00,1643.4000,1643.4000,1643.4000,1643.4000,750,1626000,
BATAINDIA_F1,07/12/2023,11:22:00,1644.5000,1646.0000,1644.5000,1644.9000,9750,1626000,
BATAINDIA_F1,07/12/2023,11:23:00,1645.0000,1647.0000,1644.0500,1645.7000,10125,1626000,
BATAINDIA_F1,07/12/2023,11:24:00,1644.5000,1644.5000,1644.5000,1644.5000,375,1638750,
BATAINDIA_F1,07/12/2023,11:25:00,1643.9000,1643.9000,1643.5000,1643.5000,750,1638750,
BATAINDIA_F1,07/12/2023,11:26:00,1643.9000,1643.9000,1643.9000,1643.9000,750,1639500,
BATAINDIA_F1,07/12/2023,11:27:00,1644.0000,1644.0000,1644.0000,1644.0000,1875,1639500,
BATAINDIA_F1,07/12/2023,11:28:00,1644.0500,1644.0500,1644.0500,1644.0500,375,1639500,
BATAINDIA_F1,07/12/2023,11:29:00,1643.5500,1643.5500,1643.5000,1643.5000,1125,1639500,
BATAINDIA_F1,07/12/2023,11:30:00,1643.4500,1643.4500,1643.4500,1643.4500,375,1641375,
BATAINDIA_F1,07/12/2023,11:31:00,1642.6000,1642.6000,1642.6000,1642.6000,750,1641375,
BATAINDIA_F1,07/12/2023,11:32:00,1641.2000,1641.2000,1639.9000,1640.2000,4125,1641375,
BATAINDIA_F1,07/12/2023,11:33:00,1640.0500,1643.4500,1640.0500,1643.4500,4125,1641375,
BATAINDIA_F1,07/12/2023,11:34:00,1642.5000,1642.5000,1642.5000,1642.5000,375,1641375,
BATAINDIA_F1,07/12/2023,11:35:00,1642.8500,1642.8500,1642.8500,1642.8500,1125,1641375,
BATAINDIA_F1,07/12/2023,11:36:00,1642.5000,1642.5000,1642.5000,1642.5000,2250,1645500,
BATAINDIA_F1,07/12/2023,11:37:00,1642.4500,1642.4500,1642.4500,1642.4500,375,1645500,
BATAINDIA_F1,07/12/2023,11:38:00,1641.7500,1641.7500,1641.0000,1641.6000,1125,1645875,
BATAINDIA_F1,07/12/2023,11:39:00,1641.6500,1642.4500,1641.6500,1642.4500,1875,1645875,
BATAINDIA_F1,07/12/2023,11:40:00,1643.9500,1643.9500,1643.5500,1643.5500,750,1645875,
BATAINDIA_F1,07/12/2023,11:41:00,1642.5000,1643.6000,1642.5000,1643.6000,2625,1645875,
BATAINDIA_F1,07/12/2023,11:42:00,1644.0000,1644.0000,1643.8500,1643.8500,1500,1649625,
BATAINDIA_F1,07/12/2023,11:43:00,1645.3000,1645.3000,1645.3000,1645.3000,375,1649625,
BATAINDIA_F1,07/12/2023,11:44:00,1644.9500,1645.2500,1644.9500,1645.2500,750,1649625,
BATAINDIA_F1,07/12/2023,11:45:00,1644.0000,1644.0000,1644.0000,1644.0000,375,1649250,
BATAINDIA_F1,07/12/2023,11:46:00,1644.0500,1644.8500,1644.0500,1644.8500,2625,1649250,
BATAINDIA_F1,07/12/2023,11:47:00,1644.9500,1644.9500,1644.9500,1644.9500,375,1649250,
BATAINDIA_F1,07/12/2023,11:49:00,1645.1500,1645.1500,1645.0500,1645.0500,750,1651500,
BATAINDIA_F1,07/12/2023,11:50:00,1644.4500,1644.4500,1644.4500,1644.4500,750,1651500,
BATAINDIA_F1,07/12/2023,11:52:00,1645.0500,1645.0500,1645.0500,1645.0500,750,1652625,
BATAINDIA_F1,07/12/2023,11:54:00,1644.6000,1644.6000,1644.6000,1644.6000,750,1653000,
BATAINDIA_F1,07/12/2023,11:55:00,1644.6000,1644.6000,1644.6000,1644.6000,375,1653000,
BATAINDIA_F1,07/12/2023,11:57:00,1644.0500,1644.0500,1644.0500,1644.0500,375,1653750,
BATAINDIA_F1,07/12/2023,11:59:00,1643.7500,1643.7500,1643.7500,1643.7500,375,1653750,
BATAINDIA_F1,07/12/2023,12:00:00,1643.7000,1643.7500,1643.7000,1643.7500,750,1653000,
BATAINDIA_F1,07/12/2023,12:01:00,1642.6000,1642.6000,1642.6000,1642.6000,1125,1653000,
BATAINDIA_F1,07/12/2023,12:02:00,1643.6000,1643.6000,1643.6000,1643.6000,2625,1653000,
BATAINDIA_F1,07/12/2023,12:04:00,1643.7000,1644.1500,1643.7000,1644.1500,3000,1655625,
BATAINDIA_F1,07/12/2023,12:05:00,1644.8500,1644.8500,1644.8500,1644.8500,750,1655625,
BATAINDIA_F1,07/12/2023,12:06:00,1645.3000,1646.1500,1645.3000,1646.1500,1125,1657500,
BATAINDIA_F1,07/12/2023,12:07:00,1647.9500,1647.9500,1645.9500,1646.4500,6750,1657500,
BATAINDIA_F1,07/12/2023,12:08:00,1644.8500,1644.8500,1644.8500,1644.8500,375,1657500,
BATAINDIA_F1,07/12/2023,12:09:00,1644.3000,1646.9500,1643.1000,1646.9500,3750,1657875,
BATAINDIA_F1,07/12/2023,12:10:00,1647.0000,1647.2500,1647.0000,1647.2500,1125,1657875,
BATAINDIA_F1,07/12/2023,12:11:00,1647.2500,1647.2500,1647.2500,1647.2500,750,1657875,
BATAINDIA_F1,07/12/2023,12:12:00,1647.6000,1648.0500,1647.6000,1648.0500,750,1660875,
BATAINDIA_F1,07/12/2023,12:13:00,1648.1000,1648.1000,1648.1000,1648.1000,375,1660875,
BATAINDIA_F1,07/12/2023,12:14:00,1648.1000,1648.1000,1648.1000,1648.1000,1875,1660875,
BATAINDIA_F1,07/12/2023,12:15:00,1648.0000,1648.0000,1648.0000,1648.0000,375,1662000,
BATAINDIA_F1,07/12/2023,12:16:00,1647.3000,1647.3000,1647.3000,1647.3000,2625,1662000,
BATAINDIA_F1,07/12/2023,12:17:00,1647.0500,1647.0500,1646.8500,1646.8500,750,1662000,
BATAINDIA_F1,07/12/2023,12:18:00,1645.0500,1646.4000,1645.0500,1646.2500,1875,1662375,
BATAINDIA_F1,07/12/2023,12:19:00,1646.4000,1647.5000,1646.4000,1647.5000,1500,1662375,
BATAINDIA_F1,07/12/2023,12:20:00,1648.0000,1648.0000,1648.0000,1648.0000,750,1662375,
BATAINDIA_F1,07/12/2023,12:21:00,1650.4000,1651.3000,1650.4000,1650.7500,7125,1664625,
BATAINDIA_F1,07/12/2023,12:24:00,1648.7000,1648.7000,1648.7000,1648.7000,375,1665000,
BATAINDIA_F1,07/12/2023,12:26:00,1649.0000,1649.0000,1649.0000,1649.0000,375,1665000,
BATAINDIA_F1,07/12/2023,12:29:00,1648.7000,1649.0000,1647.3500,1647.6000,5250,1665375,
BATAINDIA_F1,07/12/2023,12:30:00,1647.8000,1647.8000,1647.8000,1647.8000,375,1664625,
BATAINDIA_F1,07/12/2023,12:31:00,1647.5000,1647.5000,1646.9000,1646.9000,3375,1664625,
BATAINDIA_F1,07/12/2023,12:32:00,1646.8500,1646.8500,1646.0000,1646.0000,1125,1664625,
BATAINDIA_F1,07/12/2023,12:33:00,1646.3000,1647.7000,1646.3000,1647.7000,1500,1667250,
BATAINDIA_F1,07/12/2023,12:36:00,1645.9000,1647.2000,1645.9000,1647.2000,1125,1668375,
BATAINDIA_F1,07/12/2023,12:37:00,1647.0000,1647.2000,1646.9500,1646.9500,2625,1668375,
BATAINDIA_F1,07/12/2023,12:40:00,1649.9500,1650.6500,1648.9500,1650.6500,2625,1530375,
BATAINDIA_F1,07/12/2023,12:42:00,1650.6500,1650.6500,1650.6500,1650.6500,375,1530000,
BATAINDIA_F1,07/12/2023,12:43:00,1650.7500,1650.7500,1650.7500,1650.7500,375,1530000,
BATAINDIA_F1,07/12/2023,12:44:00,1651.1500,1651.1500,1649.5500,1649.8500,3750,1530000,
BATAINDIA_F1,07/12/2023,12:46:00,1649.9000,1649.9000,1649.9000,1649.9000,375,1530000,
BATAINDIA_F1,07/12/2023,12:47:00,1649.8500,1650.0000,1649.8500,1650.0000,2250,1530000,
BATAINDIA_F1,07/12/2023,12:49:00,1651.9500,1651.9500,1650.2000,1650.2000,2250,1530000,
BATAINDIA_F1,07/12/2023,12:50:00,1650.2000,1650.2000,1650.2000,1650.2000,375,1530000,
BATAINDIA_F1,07/12/2023,12:51:00,1650.1500,1650.1500,1650.1500,1650.1500,375,1530750,
BATAINDIA_F1,07/12/2023,12:52:00,1649.3000,1650.0000,1649.3000,1650.0000,750,1530750,
BATAINDIA_F1,07/12/2023,12:54:00,1649.9000,1649.9000,1648.3000,1648.7500,1500,1530000,
BATAINDIA_F1,07/12/2023,12:55:00,1649.1000,1649.1000,1648.2000,1648.2000,1875,1530000,
BATAINDIA_F1,07/12/2023,12:56:00,1649.5000,1649.5000,1649.5000,1649.5000,1125,1530000,
BATAINDIA_F1,07/12/2023,12:57:00,1649.3500,1649.3500,1649.3500,1649.3500,375,1529250,
BATAINDIA_F1,07/12/2023,12:58:00,1650.1500,1650.1500,1650.1500,1650.1500,375,1529250,
BATAINDIA_F1,07/12/2023,12:59:00,1650.5500,1650.5500,1650.0000,1650.0000,750,1529250,
BATAINDIA_F1,07/12/2023,13:01:00,1649.1500,1649.1500,1649.1500,1649.1500,375,1530375,
BATAINDIA_F1,07/12/2023,13:02:00,1649.2500,1650.0000,1649.2500,1650.0000,2625,1530375,
BATAINDIA_F1,07/12/2023,13:03:00,1648.4500,1648.6500,1648.4500,1648.6500,1875,1531500,
BATAINDIA_F1,07/12/2023,13:04:00,1649.0500,1649.0500,1649.0500,1649.0500,375,1531500,
BATAINDIA_F1,07/12/2023,13:05:00,1649.0500,1649.5000,1649.0500,1649.5000,1125,1531500,
BATAINDIA_F1,07/12/2023,13:08:00,1649.1000,1649.1000,1649.1000,1649.1000,1875,1531500,
BATAINDIA_F1,07/12/2023,13:09:00,1650.0000,1650.0000,1649.9500,1649.9500,1500,1532625,
BATAINDIA_F1,07/12/2023,13:13:00,1650.8500,1651.2000,1650.8500,1651.2000,1125,1533750,
BATAINDIA_F1,07/12/2023,13:14:00,1651.5500,1651.5500,1651.5500,1651.5500,375,1533750,
BATAINDIA_F1,07/12/2023,13:15:00,1651.8500,1651.8500,1651.8500,1651.8500,375,1533750,
BATAINDIA_F1,07/12/2023,13:17:00,1650.6000,1650.6000,1650.6000,1650.6000,750,1533750,
BATAINDIA_F1,07/12/2023,13:18:00,1650.6000,1650.6000,1650.6000,1650.6000,750,1534125,
BATAINDIA_F1,07/12/2023,13:20:00,1650.0000,1651.1000,1649.1000,1651.1000,4500,1534125,
BATAINDIA_F1,07/12/2023,13:21:00,1652.4500,1652.4500,1652.0000,1652.0000,750,1537500,
BATAINDIA_F1,07/12/2023,13:23:00,1651.9000,1651.9000,1651.9000,1651.9000,375,1537500,
BATAINDIA_F1,07/12/2023,13:24:00,1652.0500,1653.4500,1652.0500,1653.4500,2250,1537875,
BATAINDIA_F1,07/12/2023,13:25:00,1653.5000,1653.5000,1653.5000,1653.5000,750,1537875,
BATAINDIA_F1,07/12/2023,13:26:00,1653.1500,1653.1500,1653.1500,1653.1500,750,1537875,
BATAINDIA_F1,07/12/2023,13:27:00,1653.0500,1653.0500,1653.0500,1653.0500,1125,1539000,
BATAINDIA_F1,07/12/2023,13:28:00,1652.0000,1652.0000,1650.3500,1651.2500,1875,1539000,
BATAINDIA_F1,07/12/2023,13:29:00,1651.7500,1652.9500,1651.7500,1652.9500,1125,1539000,
BATAINDIA_F1,07/12/2023,13:30:00,1650.4000,1650.4000,1649.7000,1649.7000,2250,1539000,
BATAINDIA_F1,07/12/2023,13:31:00,1650.9500,1651.8000,1650.9500,1651.8000,1500,1539375,
BATAINDIA_F1,07/12/2023,13:33:00,1652.9000,1652.9000,1652.0500,1652.0500,1125,1540125,
BATAINDIA_F1,07/12/2023,13:34:00,1652.0000,1652.0000,1651.2000,1651.2000,750,1540125,
BATAINDIA_F1,07/12/2023,13:35:00,1652.1500,1652.5000,1652.1500,1652.5000,750,1540125,
BATAINDIA_F1,07/12/2023,13:36:00,1652.5500,1652.5500,1650.9500,1651.7000,3000,1540875,
BATAINDIA_F1,07/12/2023,13:37:00,1652.0000,1652.0000,1651.4000,1651.4000,1875,1540875,
BATAINDIA_F1,07/12/2023,13:38:00,1650.5500,1652.2000,1650.0000,1650.6500,4875,1540875,
BATAINDIA_F1,07/12/2023,13:39:00,1651.7500,1651.7500,1651.7500,1651.7500,375,1540875,
BATAINDIA_F1,07/12/2023,13:40:00,1652.1000,1652.1000,1652.0000,1652.0000,750,1543125,
BATAINDIA_F1,07/12/2023,13:41:00,1651.8500,1651.8500,1651.8500,1651.8500,1875,1543125,
BATAINDIA_F1,07/12/2023,13:42:00,1651.9500,1651.9500,1651.9500,1651.9500,375,1543125,
BATAINDIA_F1,07/12/2023,13:43:00,1651.9000,1653.6500,1651.9000,1653.6500,3000,1544250,
BATAINDIA_F1,07/12/2023,13:44:00,1653.6500,1654.2000,1652.6000,1654.2000,2625,1544250,
BATAINDIA_F1,07/12/2023,13:45:00,1654.3500,1655.2000,1654.3500,1655.2000,1875,1543875,
BATAINDIA_F1,07/12/2023,13:46:00,1654.9000,1654.9000,1654.9000,1654.9000,375,1543875,
BATAINDIA_F1,07/12/2023,13:47:00,1654.2500,1654.2500,1654.2500,1654.2500,750,1543875,
BATAINDIA_F1,07/12/2023,13:49:00,1654.8500,1654.8500,1652.7000,1652.7000,6000,1545375,
BATAINDIA_F1,07/12/2023,13:50:00,1653.7500,1653.7500,1651.8500,1651.8500,2625,1545375,
BATAINDIA_F1,07/12/2023,13:51:00,1653.3000,1653.5000,1653.3000,1653.5000,750,1544250,
BATAINDIA_F1,07/12/2023,13:52:00,1652.3500,1652.3500,1651.7500,1651.7500,1500,1544250,
BATAINDIA_F1,07/12/2023,13:53:00,1651.7000,1651.7000,1651.7000,1651.7000,375,1544250,
BATAINDIA_F1,07/12/2023,13:54:00,1652.4000,1652.4000,1652.4000,1652.4000,375,1545375,
BATAINDIA_F1,07/12/2023,13:56:00,1654.5500,1654.5500,1653.5000,1653.5000,1125,1545375,
BATAINDIA_F1,07/12/2023,13:58:00,1653.0000,1653.0000,1651.8000,1651.8000,2250,1544625,
BATAINDIA_F1,07/12/2023,13:59:00,1652.1000,1652.6000,1652.0500,1652.0500,3750,1544625,
BATAINDIA_F1,07/12/2023,14:00:00,1653.6500,1655.0000,1653.6500,1653.9000,1500,1545750,
BATAINDIA_F1,07/12/2023,14:01:00,1654.9000,1654.9000,1652.6500,1652.6500,3000,1545750,
BATAINDIA_F1,07/12/2023,14:02:00,1654.0000,1654.0000,1654.0000,1654.0000,375,1545750,
BATAINDIA_F1,07/12/2023,14:03:00,1653.7000,1653.7500,1653.4000,1653.4000,1500,1545750,
BATAINDIA_F1,07/12/2023,14:04:00,1653.7500,1653.7500,1653.7500,1653.7500,375,1543500,
BATAINDIA_F1,07/12/2023,14:05:00,1654.0000,1654.0000,1654.0000,1654.0000,375,1543500,
BATAINDIA_F1,07/12/2023,14:06:00,1655.0000,1655.9500,1655.0000,1655.2000,1875,1541625,
BATAINDIA_F1,07/12/2023,14:07:00,1655.4000,1655.4000,1654.7500,1654.7500,1125,1541625,
BATAINDIA_F1,07/12/2023,14:08:00,1654.9500,1654.9500,1654.9500,1654.9500,375,1541625,
BATAINDIA_F1,07/12/2023,14:09:00,1655.4000,1655.4000,1655.0000,1655.0000,1500,1542375,
BATAINDIA_F1,07/12/2023,14:10:00,1655.0000,1655.0000,1655.0000,1655.0000,375,1542375,
BATAINDIA_F1,07/12/2023,14:12:00,1654.2500,1656.2500,1654.2500,1655.6000,5250,1542000,
BATAINDIA_F1,07/12/2023,14:13:00,1654.7500,1654.7500,1654.7500,1654.7500,375,1542000,
BATAINDIA_F1,07/12/2023,14:14:00,1654.5000,1654.5000,1653.2500,1654.0500,1875,1542000,
BATAINDIA_F1,07/12/2023,14:15:00,1653.1500,1653.3500,1653.1500,1653.3500,750,1545375,
BATAINDIA_F1,07/12/2023,14:16:00,1653.6000,1653.6000,1653.0000,1653.0000,750,1545375,
BATAINDIA_F1,07/12/2023,14:17:00,1653.7000,1653.7000,1653.0000,1653.0000,1125,1545375,
BATAINDIA_F1,07/12/2023,14:18:00,1653.2500,1653.8500,1653.0000,1653.0000,1500,1546875,
BATAINDIA_F1,07/12/2023,14:19:00,1652.9500,1652.9500,1652.9500,1652.9500,375,1546875,
BATAINDIA_F1,07/12/2023,14:20:00,1653.1500,1654.2500,1653.1500,1653.2500,1875,1546875,
BATAINDIA_F1,07/12/2023,14:21:00,1654.4500,1654.4500,1654.0000,1654.0000,750,1549125,
BATAINDIA_F1,07/12/2023,14:22:00,1654.3500,1654.5000,1654.3500,1654.5000,1125,1549125,
BATAINDIA_F1,07/12/2023,14:23:00,1654.9500,1654.9500,1654.9500,1654.9500,375,1549125,
BATAINDIA_F1,07/12/2023,14:24:00,1655.3500,1656.2000,1655.3500,1655.3500,2250,1550625,
BATAINDIA_F1,07/12/2023,14:25:00,1655.5500,1656.0000,1655.5500,1656.0000,1875,1550625,
BATAINDIA_F1,07/12/2023,14:26:00,1655.9000,1655.9000,1655.2500,1655.2500,750,1550625,
BATAINDIA_F1,07/12/2023,14:27:00,1654.8500,1654.8500,1654.3000,1654.3000,750,1551375,
BATAINDIA_F1,07/12/2023,14:28:00,1654.0000,1654.1000,1653.1000,1653.1500,2250,1551375,
BATAINDIA_F1,07/12/2023,14:29:00,1653.5500,1654.9500,1653.5500,1654.9500,1125,1551375,
BATAINDIA_F1,07/12/2023,14:30:00,1653.8500,1654.5500,1653.8500,1654.5500,750,1552125,
BATAINDIA_F1,07/12/2023,14:31:00,1654.5500,1654.7500,1653.8500,1653.8500,1875,1552125,
BATAINDIA_F1,07/12/2023,14:32:00,1654.3500,1654.4500,1653.5000,1654.4500,5625,1552125,
BATAINDIA_F1,07/12/2023,14:33:00,1654.8000,1654.8000,1653.7000,1653.7000,4125,1552875,
BATAINDIA_F1,07/12/2023,14:34:00,1654.4000,1654.9500,1653.1000,1654.9500,2625,1552875,
BATAINDIA_F1,07/12/2023,14:35:00,1654.5500,1654.6000,1654.5500,1654.6000,750,1552875,
BATAINDIA_F1,07/12/2023,14:36:00,1655.4000,1655.4000,1655.2500,1655.2500,3375,1555500,
BATAINDIA_F1,07/12/2023,14:37:00,1655.3000,1655.3000,1654.6000,1655.2000,1500,1555500,
BATAINDIA_F1,07/12/2023,14:38:00,1654.4000,1654.4000,1653.3000,1653.3000,1125,1555500,
BATAINDIA_F1,07/12/2023,14:39:00,1654.3500,1654.3500,1654.3500,1654.3500,750,1557000,
BATAINDIA_F1,07/12/2023,14:40:00,1654.4500,1654.9000,1654.2000,1654.9000,3375,1557000,
BATAINDIA_F1,07/12/2023,14:41:00,1654.7500,1654.7500,1653.2500,1654.0000,9750,1557000,
BATAINDIA_F1,07/12/2023,14:42:00,1654.0000,1654.0000,1653.9500,1653.9500,1125,1557000,
BATAINDIA_F1,07/12/2023,14:43:00,1653.9500,1654.7500,1653.9000,1654.5500,3000,1556625,
BATAINDIA_F1,07/12/2023,14:44:00,1654.0500,1654.0500,1654.0500,1654.0500,375,1556625,
BATAINDIA_F1,07/12/2023,14:45:00,1654.0500,1655.4500,1653.8000,1653.8000,2250,1557375,
BATAINDIA_F1,07/12/2023,14:46:00,1653.6500,1655.1000,1653.5500,1655.1000,1125,1557375,
BATAINDIA_F1,07/12/2023,14:47:00,1654.6500,1654.6500,1654.6500,1654.6500,750,1557375,
BATAINDIA_F1,07/12/2023,14:48:00,1655.0000,1655.0000,1654.3500,1654.3500,1500,1559625,
BATAINDIA_F1,07/12/2023,14:49:00,1655.2000,1655.7000,1654.5500,1655.7000,1125,1559625,
BATAINDIA_F1,07/12/2023,14:50:00,1655.1000,1655.5000,1654.8000,1655.5000,3375,1559625,
BATAINDIA_F1,07/12/2023,14:51:00,1655.2000,1656.0000,1655.2000,1655.6500,1875,1562250,
BATAINDIA_F1,07/12/2023,14:52:00,1656.4500,1656.9500,1655.5500,1655.5500,1125,1562250,
BATAINDIA_F1,07/12/2023,14:53:00,1654.4000,1655.5500,1654.3000,1655.5500,2250,1562250,
BATAINDIA_F1,07/12/2023,14:54:00,1653.7500,1655.2500,1653.4500,1654.5500,3000,1562250,
BATAINDIA_F1,07/12/2023,14:55:00,1654.4500,1654.5000,1654.4500,1654.5000,1875,1562250,
BATAINDIA_F1,07/12/2023,14:56:00,1654.5000,1655.0000,1654.2500,1654.2500,1500,1562250,
BATAINDIA_F1,07/12/2023,14:57:00,1654.2500,1655.3500,1654.2500,1654.6500,1875,1563750,
BATAINDIA_F1,07/12/2023,14:58:00,1655.3500,1655.3500,1654.7500,1654.7500,1125,1563750,
BATAINDIA_F1,07/12/2023,14:59:00,1654.1500,1654.1500,1654.1500,1654.1500,375,1563750,
BATAINDIA_F1,07/12/2023,15:00:00,1655.3000,1655.7000,1654.8000,1655.2000,4125,1563750,
BATAINDIA_F1,07/12/2023,15:01:00,1655.0500,1655.4500,1654.7500,1654.7500,4125,1563750,
BATAINDIA_F1,07/12/2023,15:02:00,1654.7000,1654.8000,1654.7000,1654.8000,750,1563750,
BATAINDIA_F1,07/12/2023,15:03:00,1654.7500,1654.7500,1654.3000,1654.3000,1500,1565250,
BATAINDIA_F1,07/12/2023,15:04:00,1653.2500,1653.9500,1653.2500,1653.9500,4500,1565250,
BATAINDIA_F1,07/12/2023,15:05:00,1654.3500,1654.9000,1653.8000,1654.9000,3375,1565250,
BATAINDIA_F1,07/12/2023,15:06:00,1653.8000,1654.6000,1653.8000,1654.6000,750,1565250,
BATAINDIA_F1,07/12/2023,15:07:00,1653.8500,1654.5500,1652.7000,1652.7000,3750,1565250,
BATAINDIA_F1,07/12/2023,15:08:00,1653.8000,1654.3500,1653.0000,1653.0000,9750,1565250,
BATAINDIA_F1,07/12/2023,15:09:00,1653.9500,1654.0000,1653.0500,1654.0000,7875,1565250,
BATAINDIA_F1,07/12/2023,15:10:00,1653.9500,1654.0000,1653.4000,1653.4000,3000,1565250,
BATAINDIA_F1,07/12/2023,15:11:00,1654.0000,1654.0000,1653.0000,1653.0000,3000,1565250,
BATAINDIA_F1,07/12/2023,15:12:00,1654.1000,1654.1500,1652.9000,1653.5500,2250,1565250,
BATAINDIA_F1,07/12/2023,15:13:00,1653.7000,1653.7500,1652.5500,1653.2500,7125,1565625,
BATAINDIA_F1,07/12/2023,15:14:00,1653.8000,1653.8000,1652.5500,1653.0000,2250,1565625,
BATAINDIA_F1,07/12/2023,15:15:00,1653.5500,1653.5500,1651.8000,1653.1000,5625,1557375,
BATAINDIA_F1,07/12/2023,15:16:00,1653.3000,1653.3000,1652.9500,1653.3000,1125,1557375,
BATAINDIA_F1,07/12/2023,15:17:00,1652.9500,1652.9500,1652.0500,1652.0500,16500,1557375,
BATAINDIA_F1,07/12/2023,15:18:00,1652.1000,1653.7500,1652.1000,1653.6500,9750,1555875,
BATAINDIA_F1,07/12/2023,15:19:00,1652.4500,1653.0000,1652.4500,1653.0000,2625,1555875,
BATAINDIA_F1,07/12/2023,15:20:00,1651.8500,1653.6500,1650.6500,1650.6500,15000,1555875,
BATAINDIA_F1,07/12/2023,15:21:00,1651.9000,1651.9000,1649.1500,1649.6000,2250,1555875,
BATAINDIA_F1,07/12/2023,15:22:00,1650.0000,1650.0500,1649.1500,1649.1500,7500,1555875,
BATAINDIA_F1,07/12/2023,15:23:00,1649.0500,1650.1500,1648.1500,1648.9500,3750,1555875,
BATAINDIA_F1,07/12/2023,15:24:00,1649.0000,1650.3500,1649.0000,1649.2000,3750,1563375,
BATAINDIA_F1,07/12/2023,15:25:00,1649.8500,1650.2000,1648.6000,1649.6500,5625,1563375,
BATAINDIA_F1,07/12/2023,15:26:00,1648.6000,1649.0000,1648.5000,1649.0000,2625,1563375,
BATAINDIA_F1,07/12/2023,15:27:00,1650.4500,1650.4500,1648.5500,1648.5500,2625,1564875,
BATAINDIA_F1,07/12/2023,15:28:00,1649.0500,1649.0500,1648.5500,1648.5500,750,1564875,
BATAINDIA_F1,07/12/2023,15:29:00,1649.0000,1649.6500,1649.0000,1649.6500,3375,1564875,
BATAINDIA_F1,07/12/2023,15:30:00,1649.0500,1649.0500,1649.0500,1649.0500,2250,1564875,
BATAINDIA_F1,07/13/2023,09:15:00,1656.7500,1658.8000,1656.7500,1658.8000,1126,1436625,
BATAINDIA_F1,07/13/2023,09:16:00,1659.1500,1659.1500,1652.5000,1652.5000,2625,1436625,
BATAINDIA_F1,07/13/2023,09:17:00,1652.5000,1653.6000,1652.5000,1652.8500,1875,1435875,
BATAINDIA_F1,07/13/2023,09:18:00,1651.6500,1651.6500,1651.6500,1651.6500,750,1435875,
BATAINDIA_F1,07/13/2023,09:19:00,1652.7500,1652.7500,1651.6500,1651.6500,1500,1435875,
BATAINDIA_F1,07/13/2023,09:20:00,1651.3000,1651.3000,1642.7000,1642.7000,16875,1437000,
BATAINDIA_F1,07/13/2023,09:21:00,1645.6000,1649.1000,1645.6000,1649.1000,3000,1437000,
BATAINDIA_F1,07/13/2023,09:22:00,1647.1500,1648.0000,1647.1500,1648.0000,4125,1437000,
BATAINDIA_F1,07/13/2023,09:23:00,1648.3500,1648.3500,1647.0000,1647.8500,1125,1440375,
BATAINDIA_F1,07/13/2023,09:24:00,1648.4000,1648.4000,1648.4000,1648.4000,1125,1440375,
BATAINDIA_F1,07/13/2023,09:25:00,1645.8000,1648.8500,1645.8000,1648.8500,6750,1440375,
BATAINDIA_F1,07/13/2023,09:27:00,1647.7500,1647.7500,1646.8000,1646.8000,1125,1443375,
BATAINDIA_F1,07/13/2023,09:28:00,1647.7000,1648.9500,1647.3500,1647.3500,1875,1443375,
BATAINDIA_F1,07/13/2023,09:29:00,1648.0000,1648.0000,1648.0000,1648.0000,375,1443375,
BATAINDIA_F1,07/13/2023,09:30:00,1647.4500,1647.4500,1645.7000,1645.7000,1125,1444500,
BATAINDIA_F1,07/13/2023,09:31:00,1644.7500,1644.7500,1644.7500,1644.7500,1500,1444500,
BATAINDIA_F1,07/13/2023,09:32:00,1641.5000,1641.7000,1640.8000,1641.7000,11250,1446750,
BATAINDIA_F1,07/13/2023,09:33:00,1641.2000,1642.8000,1640.2000,1642.8000,7875,1446750,
BATAINDIA_F1,07/13/2023,09:35:00,1643.0000,1644.9500,1643.0000,1644.9500,4875,1446750,
BATAINDIA_F1,07/13/2023,09:36:00,1643.4000,1643.4000,1643.4000,1643.4000,750,1453875,
BATAINDIA_F1,07/13/2023,09:37:00,1642.6500,1643.7000,1642.6500,1643.7000,750,1453875,
BATAINDIA_F1,07/13/2023,09:38:00,1645.0500,1645.0500,1644.8000,1644.8000,2625,1453875,
BATAINDIA_F1,07/13/2023,09:39:00,1645.3000,1645.4000,1645.0000,1645.0000,1500,1453875,
BATAINDIA_F1,07/13/2023,09:40:00,1646.0000,1646.3000,1646.0000,1646.3000,750,1453875,
BATAINDIA_F1,07/13/2023,09:42:00,1645.0500,1647.5000,1645.0500,1647.0000,4500,1454250,
BATAINDIA_F1,07/13/2023,09:43:00,1647.7000,1647.7000,1647.7000,1647.7000,375,1454250,
BATAINDIA_F1,07/13/2023,09:45:00,1647.0000,1647.2000,1647.0000,1647.2000,1875,1455750,
BATAINDIA_F1,07/13/2023,09:46:00,1648.3500,1648.3500,1648.3500,1648.3500,375,1455750,
BATAINDIA_F1,07/13/2023,09:48:00,1647.4500,1647.4500,1647.4500,1647.4500,375,1455750,
BATAINDIA_F1,07/13/2023,09:50:00,1647.3000,1647.3000,1647.1000,1647.1000,1125,1455750,
BATAINDIA_F1,07/13/2023,09:51:00,1647.6500,1647.6500,1646.1000,1646.1000,750,1453500,
BATAINDIA_F1,07/13/2023,09:52:00,1645.0000,1645.0000,1645.0000,1645.0000,375,1453500,
BATAINDIA_F1,07/13/2023,09:53:00,1644.0000,1644.0000,1643.4500,1643.4500,750,1453875,
BATAINDIA_F1,07/13/2023,09:54:00,1643.5000,1644.9500,1643.5000,1644.3500,6000,1453875,
BATAINDIA_F1,07/13/2023,09:55:00,1643.0000,1643.0000,1643.0000,1643.0000,375,1453875,
BATAINDIA_F1,07/13/2023,09:56:00,1643.5500,1645.0000,1643.5500,1645.0000,1500,1456125,
BATAINDIA_F1,07/13/2023,09:57:00,1644.4500,1644.4500,1644.4500,1644.4500,750,1456125,
BATAINDIA_F1,07/13/2023,09:58:00,1645.1500,1645.1500,1645.1500,1645.1500,750,1456125,
BATAINDIA_F1,07/13/2023,09:59:00,1646.0000,1646.0000,1646.0000,1646.0000,375,1456125,
BATAINDIA_F1,07/13/2023,10:00:00,1646.4500,1646.4500,1646.4500,1646.4500,375,1457250,
BATAINDIA_F1,07/13/2023,10:01:00,1644.8000,1645.6000,1644.3000,1645.0000,2250,1457250,
BATAINDIA_F1,07/13/2023,10:02:00,1646.0500,1646.0500,1646.0500,1646.0500,375,1457250,
BATAINDIA_F1,07/13/2023,10:03:00,1646.0500,1646.0500,1644.3000,1644.3000,3000,1457625,
BATAINDIA_F1,07/13/2023,10:04:00,1644.4500,1644.4500,1644.4500,1644.4500,375,1457625,
BATAINDIA_F1,07/13/2023,10:06:00,1644.4000,1644.4000,1644.4000,1644.4000,375,1458750,
BATAINDIA_F1,07/13/2023,10:08:00,1645.7500,1645.7500,1645.7500,1645.7500,375,1458750,
BATAINDIA_F1,07/13/2023,10:09:00,1645.2500,1645.2500,1645.2500,1645.2500,375,1458375,
BATAINDIA_F1,07/13/2023,10:10:00,1645.8500,1645.8500,1645.0000,1645.0000,1500,1458375,
BATAINDIA_F1,07/13/2023,10:12:00,1644.7000,1644.7000,1644.7000,1644.7000,375,1458750,
BATAINDIA_F1,07/13/2023,10:13:00,1645.5000,1645.5000,1645.5000,1645.5000,750,1458750,
BATAINDIA_F1,07/13/2023,10:14:00,1646.9000,1647.6000,1646.9000,1647.6000,1125,1459500,
BATAINDIA_F1,07/13/2023,10:15:00,1647.0000,1647.0000,1647.0000,1647.0000,375,1459500,
BATAINDIA_F1,07/13/2023,10:16:00,1646.5000,1646.5000,1646.5000,1646.5000,750,1459500,
BATAINDIA_F1,07/13/2023,10:19:00,1647.0000,1647.0000,1644.8000,1646.0000,3375,1459500,
BATAINDIA_F1,07/13/2023,10:20:00,1646.0000,1646.0000,1646.0000,1646.0000,375,1459500,
BATAINDIA_F1,07/13/2023,10:21:00,1646.0000,1646.0000,1644.4000,1644.4000,2250,1461750,
BATAINDIA_F1,07/13/2023,10:23:00,1644.0000,1644.9500,1643.5500,1644.9500,4125,1464000,
BATAINDIA_F1,07/13/2023,10:25:00,1646.0000,1646.0000,1646.0000,1646.0000,1125,1464000,
BATAINDIA_F1,07/13/2023,10:27:00,1644.8000,1644.8000,1644.8000,1644.8000,1125,1465125,
BATAINDIA_F1,07/13/2023,10:28:00,1645.2000,1645.2000,1645.2000,1645.2000,375,1465125,
BATAINDIA_F1,07/13/2023,10:29:00,1645.6500,1646.0000,1645.6500,1646.0000,1875,1465500,
BATAINDIA_F1,07/13/2023,10:30:00,1647.3000,1647.3500,1645.7500,1645.7500,2250,1465500,
BATAINDIA_F1,07/13/2023,10:32:00,1645.0000,1645.0000,1645.0000,1645.0000,375,1465500,
BATAINDIA_F1,07/13/2023,10:33:00,1644.9500,1644.9500,1644.5500,1644.5500,1125,1467375,
BATAINDIA_F1,07/13/2023,10:36:00,1644.3000,1644.3500,1644.3000,1644.3500,1125,1467375,
BATAINDIA_F1,07/13/2023,10:37:00,1644.4500,1644.4500,1644.0000,1644.0000,750,1467375,
BATAINDIA_F1,07/13/2023,10:38:00,1643.5000,1643.5000,1642.6500,1643.0000,1125,1467375,
BATAINDIA_F1,07/13/2023,10:39:00,1641.4000,1642.0000,1640.5500,1640.5500,6375,1468875,
BATAINDIA_F1,07/13/2023,10:40:00,1640.7000,1643.0000,1640.7000,1640.7000,3750,1468875,
BATAINDIA_F1,07/13/2023,10:42:00,1642.5500,1643.3000,1642.5500,1642.9500,1500,1464750,
BATAINDIA_F1,07/13/2023,10:44:00,1642.2500,1642.2500,1642.2500,1642.2500,375,1464750,
BATAINDIA_F1,07/13/2023,10:46:00,1642.8000,1642.8000,1642.8000,1642.8000,375,1464750,
BATAINDIA_F1,07/13/2023,10:47:00,1643.0500,1643.0500,1643.0500,1643.0500,1125,1464750,
BATAINDIA_F1,07/13/2023,10:49:00,1641.9500,1641.9500,1641.9500,1641.9500,1500,1465875,
BATAINDIA_F1,07/13/2023,10:50:00,1642.4000,1642.4000,1642.0000,1642.0000,750,1465875,
BATAINDIA_F1,07/13/2023,10:51:00,1643.8500,1643.8500,1643.8500,1643.8500,1125,1466625,
BATAINDIA_F1,07/13/2023,10:53:00,1643.7500,1643.7500,1643.7500,1643.7500,375,1466625,
BATAINDIA_F1,07/13/2023,10:54:00,1644.5500,1644.5500,1644.5500,1644.5500,375,1467375,
BATAINDIA_F1,07/13/2023,10:57:00,1645.0500,1645.0500,1645.0500,1645.0500,375,1467000,
BATAINDIA_F1,07/13/2023,11:00:00,1643.9000,1643.9000,1643.9000,1643.9000,375,1467375,
BATAINDIA_F1,07/13/2023,11:07:00,1643.6500,1643.6500,1642.1000,1642.1000,1125,1467375,
BATAINDIA_F1,07/13/2023,11:09:00,1642.4000,1642.4000,1642.4000,1642.4000,750,1467375,
BATAINDIA_F1,07/13/2023,11:10:00,1643.4500,1643.9500,1643.4500,1643.9500,750,1467375,
BATAINDIA_F1,07/13/2023,11:14:00,1644.0000,1644.0000,1644.0000,1644.0000,375,1468125,
BATAINDIA_F1,07/13/2023,11:15:00,1645.1500,1645.1500,1645.1500,1645.1500,750,1468125,
BATAINDIA_F1,07/13/2023,11:21:00,1644.3000,1644.3000,1644.3000,1644.3000,750,1467750,
BATAINDIA_F1,07/13/2023,11:25:00,1643.6500,1643.6500,1643.6500,1643.6500,375,1468125,
BATAINDIA_F1,07/13/2023,11:26:00,1643.7000,1643.7000,1643.7000,1643.7000,2250,1468125,
BATAINDIA_F1,07/13/2023,11:30:00,1643.3000,1643.3000,1642.1000,1642.1000,1125,1466625,
BATAINDIA_F1,07/13/2023,11:31:00,1643.3500,1644.3500,1643.3500,1644.3500,2250,1466625,
BATAINDIA_F1,07/13/2023,11:35:00,1645.0500,1645.0500,1645.0500,1645.0500,750,1468875,
BATAINDIA_F1,07/13/2023,11:39:00,1645.0500,1645.0500,1645.0500,1645.0500,750,1469625,
BATAINDIA_F1,07/13/2023,11:42:00,1645.1000,1645.1500,1645.1000,1645.1500,750,1469250,
BATAINDIA_F1,07/13/2023,11:44:00,1646.0000,1647.3000,1646.0000,1647.3000,3000,1469250,
BATAINDIA_F1,07/13/2023,11:45:00,1646.9000,1648.0000,1646.9000,1648.0000,1125,1471125,
BATAINDIA_F1,07/13/2023,11:46:00,1646.8000,1646.8000,1646.8000,1646.8000,375,1471125,
BATAINDIA_F1,07/13/2023,11:47:00,1648.0000,1648.5000,1647.5000,1648.5000,1500,1471125,
BATAINDIA_F1,07/13/2023,11:48:00,1648.9000,1650.6000,1648.9000,1650.6000,2625,1471500,
BATAINDIA_F1,07/13/2023,11:49:00,1652.3000,1654.4000,1650.9500,1654.0000,7875,1471500,
BATAINDIA_F1,07/13/2023,11:50:00,1653.0000,1655.4000,1653.0000,1654.8000,10875,1471500,
BATAINDIA_F1,07/13/2023,11:51:00,1654.8000,1654.8000,1654.8000,1654.8000,375,1479000,
BATAINDIA_F1,07/13/2023,11:52:00,1654.9500,1654.9500,1654.0000,1654.4500,3375,1479000,
BATAINDIA_F1,07/13/2023,11:53:00,1654.5000,1654.5000,1654.0500,1654.0500,1500,1479000,
BATAINDIA_F1,07/13/2023,11:54:00,1654.9500,1656.5500,1654.9000,1656.5500,5250,1479750,
BATAINDIA_F1,07/13/2023,11:55:00,1656.2500,1657.2500,1656.2500,1657.2500,1875,1479750,
BATAINDIA_F1,07/13/2023,11:56:00,1655.5500,1655.5500,1653.0000,1653.0000,4500,1479750,
BATAINDIA_F1,07/13/2023,11:57:00,1653.0000,1653.0000,1650.5000,1650.5000,6375,1480125,
BATAINDIA_F1,07/13/2023,11:58:00,1650.4500,1650.4500,1650.3000,1650.3000,1500,1480125,
BATAINDIA_F1,07/13/2023,11:59:00,1650.1500,1650.1500,1648.4500,1648.4500,1875,1480125,
BATAINDIA_F1,07/13/2023,12:00:00,1648.0000,1648.0000,1648.0000,1648.0000,375,1480500,
BATAINDIA_F1,07/13/2023,12:01:00,1647.1500,1647.1500,1647.1500,1647.1500,375,1480500,
BATAINDIA_F1,07/13/2023,12:03:00,1647.0000,1647.0000,1647.0000,1647.0000,1500,1480500,
BATAINDIA_F1,07/13/2023,12:05:00,1646.4500,1646.4500,1646.3500,1646.3500,750,1480500,
BATAINDIA_F1,07/13/2023,12:06:00,1646.9500,1646.9500,1646.9500,1646.9500,2625,1482000,
BATAINDIA_F1,07/13/2023,12:07:00,1647.5000,1647.5000,1647.5000,1647.5000,1125,1482000,
BATAINDIA_F1,07/13/2023,12:08:00,1649.0500,1649.0500,1649.0500,1649.0500,1125,1482000,
BATAINDIA_F1,07/13/2023,12:09:00,1648.7000,1648.7000,1648.5500,1648.5500,1125,1481250,
BATAINDIA_F1,07/13/2023,12:12:00,1646.7000,1646.7000,1646.5000,1646.5000,750,1481250,
BATAINDIA_F1,07/13/2023,12:14:00,1647.2500,1647.2500,1646.2500,1646.2500,1125,1481250,
BATAINDIA_F1,07/13/2023,12:17:00,1645.4000,1646.0000,1645.4000,1646.0000,750,1481625,
BATAINDIA_F1,07/13/2023,12:18:00,1646.9500,1646.9500,1646.0500,1646.0500,1125,1482000,
BATAINDIA_F1,07/13/2023,12:21:00,1646.5500,1646.5500,1646.5500,1646.5500,750,1482000,
BATAINDIA_F1,07/13/2023,12:23:00,1647.0500,1647.0500,1647.0500,1647.0500,1500,1482000,
BATAINDIA_F1,07/13/2023,12:27:00,1646.2000,1646.2000,1646.0000,1646.0000,750,1482750,
BATAINDIA_F1,07/13/2023,12:30:00,1645.3500,1645.3500,1645.1000,1645.1000,750,1483500,
BATAINDIA_F1,07/13/2023,12:31:00,1644.3500,1644.3500,1644.3500,1644.3500,375,1483500,
BATAINDIA_F1,07/13/2023,12:33:00,1645.0000,1645.0000,1645.0000,1645.0000,375,1483500,
BATAINDIA_F1,07/13/2023,12:35:00,1645.3000,1645.3000,1645.3000,1645.3000,375,1483500,
BATAINDIA_F1,07/13/2023,12:36:00,1644.0500,1644.0500,1644.0500,1644.0500,375,1484250,
BATAINDIA_F1,07/13/2023,12:38:00,1645.5000,1645.5000,1645.5000,1645.5000,750,1484250,
BATAINDIA_F1,07/13/2023,12:42:00,1644.3000,1644.6500,1644.0000,1644.6500,1125,1483875,
BATAINDIA_F1,07/13/2023,12:44:00,1645.2000,1645.2000,1645.2000,1645.2000,375,1483875,
BATAINDIA_F1,07/13/2023,12:47:00,1645.0500,1645.0500,1644.0000,1644.0000,1875,1484250,
BATAINDIA_F1,07/13/2023,12:48:00,1645.2000,1645.2000,1645.2000,1645.2000,375,1484250,
BATAINDIA_F1,07/13/2023,12:55:00,1645.2000,1645.2000,1645.2000,1645.2000,375,1485000,
BATAINDIA_F1,07/13/2023,12:56:00,1644.5500,1644.5500,1644.5500,1644.5500,375,1485000,
BATAINDIA_F1,07/13/2023,13:00:00,1643.9500,1643.9500,1642.2500,1643.2500,2625,1486125,
BATAINDIA_F1,07/13/2023,13:01:00,1643.3000,1643.3000,1643.3000,1643.3000,1500,1486125,
BATAINDIA_F1,07/13/2023,13:02:00,1643.6000,1643.6000,1643.6000,1643.6000,750,1486125,
BATAINDIA_F1,07/13/2023,13:10:00,1642.5000,1642.5000,1642.5000,1642.5000,375,1486125,
BATAINDIA_F1,07/13/2023,13:11:00,1642.5000,1642.5000,1641.2500,1641.9000,3375,1486125,
BATAINDIA_F1,07/13/2023,13:15:00,1643.8000,1643.8000,1643.8000,1643.8000,1125,1488000,
BATAINDIA_F1,07/13/2023,13:17:00,1643.8000,1643.8000,1641.9000,1641.9000,5250,1488000,
BATAINDIA_F1,07/13/2023,13:18:00,1643.5500,1643.5500,1643.5500,1643.5500,2625,1488000,
BATAINDIA_F1,07/13/2023,13:22:00,1643.5000,1643.5000,1643.0000,1643.0000,750,1490250,
BATAINDIA_F1,07/13/2023,13:23:00,1643.0000,1643.0000,1642.8500,1642.8500,1125,1490250,
BATAINDIA_F1,07/13/2023,13:25:00,1641.4500,1642.5500,1641.4500,1642.5500,750,1491375,
BATAINDIA_F1,07/13/2023,13:28:00,1640.7000,1640.7000,1637.0000,1637.0000,13125,1491000,
BATAINDIA_F1,07/13/2023,13:29:00,1637.0000,1638.8000,1637.0000,1638.0000,8250,1491000,
BATAINDIA_F1,07/13/2023,13:30:00,1639.6000,1639.6000,1639.6000,1639.6000,375,1491000,
BATAINDIA_F1,07/13/2023,13:31:00,1637.5500,1637.5500,1637.5500,1637.5500,375,1490250,
BATAINDIA_F1,07/13/2023,13:33:00,1638.5000,1638.5000,1637.1000,1637.1000,1125,1489875,
BATAINDIA_F1,07/13/2023,13:34:00,1638.3000,1638.3000,1636.6500,1636.6500,4875,1489875,
BATAINDIA_F1,07/13/2023,13:35:00,1636.6500,1638.6000,1636.0500,1637.5000,9000,1489875,
BATAINDIA_F1,07/13/2023,13:39:00,1637.5000,1637.8500,1637.5000,1637.8500,750,1494375,
BATAINDIA_F1,07/13/2023,13:41:00,1636.4500,1636.4500,1636.4500,1636.4500,2250,1494375,
BATAINDIA_F1,07/13/2023,13:42:00,1637.1000,1638.0000,1637.1000,1638.0000,2625,1494375,
BATAINDIA_F1,07/13/2023,13:45:00,1637.2500,1637.4500,1636.1000,1636.1000,1500,1497000,
BATAINDIA_F1,07/13/2023,13:47:00,1635.4500,1635.4500,1635.4500,1635.4500,750,1497000,
BATAINDIA_F1,07/13/2023,13:48:00,1635.4500,1635.4500,1635.4500,1635.4500,375,1497750,
BATAINDIA_F1,07/13/2023,13:49:00,1635.2000,1635.2000,1635.1500,1635.1500,1125,1497750,
BATAINDIA_F1,07/13/2023,13:50:00,1635.0500,1635.0500,1635.0500,1635.0500,1125,1497750,
BATAINDIA_F1,07/13/2023,13:51:00,1635.5000,1635.5000,1634.9500,1634.9500,1500,1499625,
BATAINDIA_F1,07/13/2023,13:53:00,1634.8000,1634.8000,1634.8000,1634.8000,750,1499625,
BATAINDIA_F1,07/13/2023,13:57:00,1634.2000,1635.8000,1634.2000,1635.8000,2250,1501125,
BATAINDIA_F1,07/13/2023,13:58:00,1634.8000,1636.5500,1634.7500,1634.7500,3000,1501125,
BATAINDIA_F1,07/13/2023,13:59:00,1634.3000,1634.3000,1633.0000,1633.0000,2625,1501125,
BATAINDIA_F1,07/13/2023,14:00:00,1634.3000,1634.8500,1632.7000,1634.8500,10875,1504125,
BATAINDIA_F1,07/13/2023,14:01:00,1633.6000,1634.4000,1633.6000,1634.0000,3750,1504125,
BATAINDIA_F1,07/13/2023,14:02:00,1633.4500,1634.3500,1633.4500,1634.2000,1500,1504125,
BATAINDIA_F1,07/13/2023,14:03:00,1633.0000,1633.1500,1632.6500,1632.6500,2250,1509000,
BATAINDIA_F1,07/13/2023,14:04:00,1632.6500,1634.0000,1632.6500,1634.0000,2250,1509000,
BATAINDIA_F1,07/13/2023,14:05:00,1635.0000,1635.9000,1634.0000,1635.9000,1500,1509000,
BATAINDIA_F1,07/13/2023,14:06:00,1634.8000,1635.2000,1634.7500,1634.7500,1500,1509750,
BATAINDIA_F1,07/13/2023,14:07:00,1634.0500,1634.4000,1633.5000,1634.4000,7875,1509750,
BATAINDIA_F1,07/13/2023,14:08:00,1634.1000,1634.8000,1634.1000,1634.8000,1125,1509750,
BATAINDIA_F1,07/13/2023,14:09:00,1634.7000,1634.7000,1630.0000,1630.0000,13500,1513500,
BATAINDIA_F1,07/13/2023,14:10:00,1628.9500,1630.2000,1628.2000,1629.0000,9375,1513500,
BATAINDIA_F1,07/13/2023,14:11:00,1629.5000,1630.5000,1627.7000,1629.5000,4500,1513500,
BATAINDIA_F1,07/13/2023,14:12:00,1631.2000,1631.2000,1629.4000,1629.8500,2250,1518375,
BATAINDIA_F1,07/13/2023,14:13:00,1630.0000,1630.5000,1630.0000,1630.5000,750,1518375,
BATAINDIA_F1,07/13/2023,14:14:00,1629.9500,1630.9500,1629.2500,1630.9500,3000,1518375,
BATAINDIA_F1,07/13/2023,14:15:00,1630.0000,1631.0500,1629.9500,1630.8500,2625,1519875,
BATAINDIA_F1,07/13/2023,14:16:00,1630.2000,1630.2500,1630.2000,1630.2500,1125,1519875,
BATAINDIA_F1,07/13/2023,14:18:00,1629.3500,1631.1500,1629.3500,1631.1500,2250,1519875,
BATAINDIA_F1,07/13/2023,14:19:00,1629.7500,1629.7500,1629.7500,1629.7500,375,1518750,
BATAINDIA_F1,07/13/2023,14:20:00,1631.3500,1633.7000,1631.3500,1633.7000,1875,1518750,
BATAINDIA_F1,07/13/2023,14:21:00,1633.5000,1636.2500,1633.5000,1636.2500,1875,1519875,
BATAINDIA_F1,07/13/2023,14:22:00,1636.2500,1636.7000,1636.2500,1636.7000,1125,1519875,
BATAINDIA_F1,07/13/2023,14:23:00,1636.7000,1637.0000,1636.7000,1637.0000,1500,1519875,
BATAINDIA_F1,07/13/2023,14:24:00,1639.8500,1639.8500,1638.4000,1638.9500,4500,1522125,
BATAINDIA_F1,07/13/2023,14:25:00,1637.7000,1641.2000,1637.7000,1639.3000,6000,1522125,
BATAINDIA_F1,07/13/2023,14:26:00,1640.5500,1641.0500,1640.4500,1641.0500,2250,1522125,
BATAINDIA_F1,07/13/2023,14:27:00,1640.9500,1640.9500,1640.9500,1640.9500,375,1522125,
BATAINDIA_F1,07/13/2023,14:28:00,1640.9500,1641.0000,1639.9500,1639.9500,1500,1521000,
BATAINDIA_F1,07/13/2023,14:29:00,1641.4000,1642.4500,1641.4000,1641.6000,2625,1521000,
BATAINDIA_F1,07/13/2023,14:30:00,1641.0000,1641.0000,1641.0000,1641.0000,375,1522500,
BATAINDIA_F1,07/13/2023,14:32:00,1641.4000,1641.5000,1641.4000,1641.5000,750,1522500,
BATAINDIA_F1,07/13/2023,14:33:00,1642.1500,1642.4500,1640.8000,1642.4500,4500,1524000,
BATAINDIA_F1,07/13/2023,14:34:00,1641.7500,1642.7000,1641.3500,1641.3500,2250,1524000,
BATAINDIA_F1,07/13/2023,14:35:00,1642.6000,1642.6000,1642.5000,1642.5500,2625,1524000,
BATAINDIA_F1,07/13/2023,14:36:00,1642.9500,1643.5500,1641.8000,1641.8000,4500,1527375,
BATAINDIA_F1,07/13/2023,14:37:00,1642.7500,1642.8500,1641.6500,1642.7500,3375,1527375,
BATAINDIA_F1,07/13/2023,14:38:00,1641.9500,1641.9500,1641.9500,1641.9500,375,1527375,
BATAINDIA_F1,07/13/2023,14:40:00,1642.2000,1642.2000,1642.2000,1642.2000,375,1527375,
BATAINDIA_F1,07/13/2023,14:42:00,1641.8000,1643.0000,1641.8000,1643.0000,5625,1531875,
BATAINDIA_F1,07/13/2023,14:43:00,1642.7000,1644.9500,1642.7000,1643.7000,5250,1531875,
BATAINDIA_F1,07/13/2023,14:44:00,1642.2000,1642.2000,1642.0000,1642.0000,750,1531875,
BATAINDIA_F1,07/13/2023,14:45:00,1643.2500,1643.2500,1642.9500,1643.2500,5250,1538625,
BATAINDIA_F1,07/13/2023,14:46:00,1643.7500,1643.7500,1643.7500,1643.7500,1875,1538625,
BATAINDIA_F1,07/13/2023,14:48:00,1643.9000,1643.9000,1643.9000,1643.9000,750,1541625,
BATAINDIA_F1,07/13/2023,14:50:00,1644.0000,1644.0000,1644.0000,1644.0000,3000,1541625,
BATAINDIA_F1,07/13/2023,14:51:00,1644.0000,1644.0000,1642.9000,1643.4000,1125,1542750,
BATAINDIA_F1,07/13/2023,14:52:00,1643.1500,1643.1500,1643.1500,1643.1500,750,1542750,
BATAINDIA_F1,07/13/2023,14:53:00,1643.1500,1643.1500,1643.1500,1643.1500,1500,1542750,
BATAINDIA_F1,07/13/2023,14:54:00,1642.8500,1643.1000,1642.8500,1643.1000,1875,1543500,
BATAINDIA_F1,07/13/2023,14:55:00,1643.1500,1644.8000,1643.1500,1644.8000,1875,1543500,
BATAINDIA_F1,07/13/2023,14:57:00,1643.1000,1643.1000,1643.1000,1643.1000,375,1545000,
BATAINDIA_F1,07/13/2023,14:59:00,1643.0000,1643.1000,1642.7000,1642.7000,2250,1545000,
BATAINDIA_F1,07/13/2023,15:00:00,1642.0000,1644.8000,1642.0000,1644.8000,3375,1546875,
BATAINDIA_F1,07/13/2023,15:01:00,1644.8500,1645.1500,1644.2000,1645.1500,3375,1546875,
BATAINDIA_F1,07/13/2023,15:02:00,1645.0500,1645.3000,1643.7000,1645.2000,7875,1546875,
BATAINDIA_F1,07/13/2023,15:03:00,1645.2500,1645.2500,1644.8000,1644.8500,6375,1550250,
BATAINDIA_F1,07/13/2023,15:04:00,1643.1500,1644.4500,1643.0000,1644.2000,9750,1550250,
BATAINDIA_F1,07/13/2023,15:05:00,1644.1000,1644.1000,1644.0500,1644.0500,750,1550250,
BATAINDIA_F1,07/13/2023,15:06:00,1644.0500,1644.1000,1644.0500,1644.1000,1500,1554000,
BATAINDIA_F1,07/13/2023,15:08:00,1643.5000,1643.5000,1643.5000,1643.5000,750,1554000,
BATAINDIA_F1,07/13/2023,15:09:00,1642.8500,1643.9000,1642.0000,1643.9000,4125,1553250,
BATAINDIA_F1,07/13/2023,15:11:00,1644.1000,1644.1000,1644.1000,1644.1000,375,1553250,
BATAINDIA_F1,07/13/2023,15:12:00,1644.0000,1644.2500,1644.0000,1644.1000,5250,1553250,
BATAINDIA_F1,07/13/2023,15:13:00,1644.6500,1644.6500,1643.7500,1643.7500,1500,1555500,
BATAINDIA_F1,07/13/2023,15:14:00,1644.6000,1645.2500,1644.6000,1644.7000,3375,1555500,
BATAINDIA_F1,07/13/2023,15:15:00,1645.2500,1647.1500,1645.2500,1647.1500,12750,1559250,
BATAINDIA_F1,07/13/2023,15:16:00,1647.1500,1647.1500,1647.1500,1647.1500,750,1559250,
BATAINDIA_F1,07/13/2023,15:17:00,1647.1500,1648.6500,1646.0500,1648.3500,13125,1559250,
BATAINDIA_F1,07/13/2023,15:18:00,1648.2500,1648.4000,1646.5000,1648.4000,5250,1568625,
BATAINDIA_F1,07/13/2023,15:19:00,1646.6000,1646.6000,1646.1500,1646.1500,1875,1568625,
BATAINDIA_F1,07/13/2023,15:20:00,1645.1000,1646.0500,1645.1000,1646.0000,6000,1568625,
BATAINDIA_F1,07/13/2023,15:21:00,1646.0000,1646.0000,1646.0000,1646.0000,375,1568625,
BATAINDIA_F1,07/13/2023,15:22:00,1645.9500,1646.6000,1645.8000,1646.6000,7875,1574250,
BATAINDIA_F1,07/13/2023,15:24:00,1646.2000,1647.3000,1645.4500,1645.4500,2250,1575375,
BATAINDIA_F1,07/13/2023,15:25:00,1646.1500,1646.5000,1646.1500,1646.4500,5625,1575375,
BATAINDIA_F1,07/13/2023,15:26:00,1646.0000,1646.0000,1646.0000,1646.0000,750,1575375,
BATAINDIA_F1,07/13/2023,15:27:00,1645.3000,1646.4500,1644.6000,1646.4500,5250,1579125,
BATAINDIA_F1,07/13/2023,15:28:00,1645.3500,1646.6500,1645.3500,1646.6500,1125,1579125,
BATAINDIA_F1,07/13/2023,15:29:00,1644.9000,1646.9500,1644.2500,1646.9500,5250,1579125,
BATAINDIA_F1,07/14/2023,09:15:00,1645.5000,1650.4000,1645.5000,1650.3500,1128,1576125,
BATAINDIA_F1,07/14/2023,09:16:00,1646.6500,1646.6500,1646.6500,1646.6500,375,1576125,
BATAINDIA_F1,07/14/2023,09:17:00,1650.3500,1650.3500,1648.5000,1648.5000,1500,1576125,
BATAINDIA_F1,07/14/2023,09:18:00,1648.2500,1648.2500,1648.2500,1648.2500,375,1576125,
BATAINDIA_F1,07/14/2023,09:19:00,1647.6500,1650.0000,1647.6500,1648.3500,7125,1576125,
BATAINDIA_F1,07/14/2023,09:20:00,1647.9500,1647.9500,1647.9500,1647.9500,1500,1578375,
BATAINDIA_F1,07/14/2023,09:21:00,1649.1000,1651.8000,1649.1000,1651.8000,3750,1578375,
BATAINDIA_F1,07/14/2023,09:22:00,1651.8000,1651.8000,1645.9000,1646.1500,4875,1578375,
BATAINDIA_F1,07/14/2023,09:26:00,1646.2500,1646.2500,1646.2500,1646.2500,1875,1579125,
BATAINDIA_F1,07/14/2023,09:27:00,1647.0000,1647.6000,1647.0000,1647.6000,1500,1579125,
BATAINDIA_F1,07/14/2023,09:28:00,1647.6000,1647.6000,1647.6000,1647.6000,750,1579125,
BATAINDIA_F1,07/14/2023,09:29:00,1649.4500,1650.0000,1649.4500,1650.0000,1500,1577625,
BATAINDIA_F1,07/14/2023,09:30:00,1652.0000,1653.5000,1652.0000,1653.5000,13125,1577625,
BATAINDIA_F1,07/14/2023,09:31:00,1653.5000,1653.5000,1650.6500,1650.6500,3000,1577625,
BATAINDIA_F1,07/14/2023,09:32:00,1652.7500,1652.7500,1652.5000,1652.5000,750,1580625,
BATAINDIA_F1,07/14/2023,09:33:00,1651.6500,1653.5000,1651.6500,1653.5000,3000,1580625,
BATAINDIA_F1,07/14/2023,09:34:00,1653.9000,1653.9000,1652.7500,1652.7500,1875,1580625,
BATAINDIA_F1,07/14/2023,09:35:00,1654.5000,1656.0000,1654.5000,1656.0000,2250,1579125,
BATAINDIA_F1,07/14/2023,09:36:00,1657.4500,1657.4500,1657.4500,1657.4500,1125,1579125,
BATAINDIA_F1,07/14/2023,09:37:00,1657.4500,1658.2000,1657.1000,1658.2000,4500,1579125,
BATAINDIA_F1,07/14/2023,09:38:00,1658.2000,1658.2000,1657.6500,1657.8000,2250,1578000,
BATAINDIA_F1,07/14/2023,09:39:00,1658.7000,1661.0000,1657.6500,1661.0000,6375,1578000,
BATAINDIA_F1,07/14/2023,09:40:00,1661.0000,1661.0000,1657.9000,1659.0000,5250,1578000,
BATAINDIA_F1,07/14/2023,09:41:00,1660.2500,1661.7000,1660.2500,1660.7500,4125,1577625,
BATAINDIA_F1,07/14/2023,09:42:00,1662.2500,1663.8500,1662.2500,1663.4500,8625,1577625,
BATAINDIA_F1,07/14/2023,09:43:00,1662.0000,1662.0000,1659.6500,1660.0000,5250,1577625,
BATAINDIA_F1,07/14/2023,09:44:00,1660.0000,1660.0000,1660.0000,1660.0000,375,1577625,
BATAINDIA_F1,07/14/2023,09:45:00,1661.4500,1661.4500,1659.7000,1659.7000,2250,1577625,
BATAINDIA_F1,07/14/2023,09:47:00,1659.3500,1659.3500,1659.3500,1659.3500,375,1577625,
BATAINDIA_F1,07/14/2023,09:48:00,1658.0000,1658.0000,1656.0000,1656.0000,1125,1577625,
BATAINDIA_F1,07/14/2023,09:49:00,1654.7500,1654.7500,1654.7500,1654.7500,375,1577625,
BATAINDIA_F1,07/14/2023,09:50:00,1654.7500,1656.1000,1654.7500,1656.1000,6375,1577250,
BATAINDIA_F1,07/14/2023,09:51:00,1655.7500,1655.7500,1654.6000,1654.6000,1875,1577250,
BATAINDIA_F1,07/14/2023,09:52:00,1653.3000,1653.3000,1653.3000,1653.3000,375,1577250,
BATAINDIA_F1,07/14/2023,09:53:00,1652.0500,1652.0500,1652.0500,1652.0500,375,1577250,
BATAINDIA_F1,07/14/2023,09:55:00,1654.2000,1654.2000,1654.2000,1654.2000,375,1576125,
BATAINDIA_F1,07/14/2023,09:56:00,1654.0000,1655.1000,1654.0000,1655.1000,1125,1576125,
BATAINDIA_F1,07/14/2023,09:57:00,1653.7000,1653.7000,1652.8500,1652.8500,1500,1576125,
BATAINDIA_F1,07/14/2023,09:58:00,1652.2500,1652.2500,1652.2500,1652.2500,375,1576125,
BATAINDIA_F1,07/14/2023,10:00:00,1652.7000,1652.7000,1652.6500,1652.6500,750,1575750,
BATAINDIA_F1,07/14/2023,10:02:00,1653.3000,1653.3000,1652.0500,1652.0500,1875,1576500,
BATAINDIA_F1,07/14/2023,10:03:00,1649.1000,1649.1000,1646.1500,1647.0000,2250,1576500,
BATAINDIA_F1,07/14/2023,10:04:00,1646.3500,1646.3500,1646.0000,1646.0000,1500,1576500,
BATAINDIA_F1,07/14/2023,10:06:00,1644.0500,1644.0500,1644.0500,1644.0500,3000,1578000,
BATAINDIA_F1,07/14/2023,10:07:00,1645.3500,1645.3500,1643.0500,1644.6500,7125,1578000,
BATAINDIA_F1,07/14/2023,10:08:00,1643.5000,1644.2000,1643.5000,1644.2000,750,1577625,
BATAINDIA_F1,07/14/2023,10:09:00,1644.3500,1644.3500,1644.3500,1644.3500,375,1577625,
BATAINDIA_F1,07/14/2023,10:10:00,1642.7000,1642.7000,1642.1500,1642.1500,1500,1577625,
BATAINDIA_F1,07/14/2023,10:11:00,1644.1000,1644.1000,1644.1000,1644.1000,750,1578000,
BATAINDIA_F1,07/14/2023,10:12:00,1644.1000,1644.1000,1644.1000,1644.1000,375,1578000,
BATAINDIA_F1,07/14/2023,10:13:00,1646.7500,1646.7500,1646.7500,1646.7500,375,1578000,
BATAINDIA_F1,07/14/2023,10:15:00,1645.8500,1645.8500,1645.5000,1645.5000,1125,1577625,
BATAINDIA_F1,07/14/2023,10:16:00,1645.5000,1645.5000,1645.5000,1645.5000,750,1577625,
BATAINDIA_F1,07/14/2023,10:18:00,1644.5000,1644.5000,1644.5000,1644.5000,750,1578375,
BATAINDIA_F1,07/14/2023,10:19:00,1643.5500,1643.5500,1643.5500,1643.5500,375,1578375,
BATAINDIA_F1,07/14/2023,10:20:00,1642.9000,1643.9000,1642.5500,1643.9000,1125,1579875,
BATAINDIA_F1,07/14/2023,10:22:00,1643.8000,1643.8000,1643.8000,1643.8000,375,1579875,
BATAINDIA_F1,07/14/2023,10:23:00,1644.5500,1644.5500,1644.2000,1644.2000,750,1579875,
BATAINDIA_F1,07/14/2023,10:24:00,1644.4500,1644.4500,1641.2000,1641.2000,7125,1581000,
BATAINDIA_F1,07/14/2023,10:25:00,1641.2000,1644.0000,1641.2000,1644.0000,2250,1581000,
BATAINDIA_F1,07/14/2023,10:28:00,1645.2000,1645.9500,1645.2000,1645.9500,1500,1579875,
BATAINDIA_F1,07/14/2023,10:30:00,1645.7000,1645.7000,1645.7000,1645.7000,375,1580250,
BATAINDIA_F1,07/14/2023,10:31:00,1646.3000,1646.3000,1646.3000,1646.3000,750,1580250,
BATAINDIA_F1,07/14/2023,10:32:00,1646.5500,1646.5500,1646.5500,1646.5500,375,1579500,
BATAINDIA_F1,07/14/2023,10:33:00,1646.7000,1646.7000,1646.7000,1646.7000,750,1579500,
BATAINDIA_F1,07/14/2023,10:35:00,1646.5500,1646.5500,1646.3000,1646.3000,1500,1579875,
BATAINDIA_F1,07/14/2023,10:36:00,1646.5000,1647.2500,1646.5000,1647.2500,750,1579875,
BATAINDIA_F1,07/14/2023,10:37:00,1647.7000,1648.6500,1647.7000,1648.6500,1500,1579875,
BATAINDIA_F1,07/14/2023,10:38:00,1649.6500,1649.6500,1649.6500,1649.6500,375,1580625,
BATAINDIA_F1,07/14/2023,10:39:00,1648.4000,1648.4000,1648.4000,1648.4000,375,1580625,
BATAINDIA_F1,07/14/2023,10:40:00,1649.0000,1649.8500,1649.0000,1649.7000,1500,1580625,
BATAINDIA_F1,07/14/2023,10:41:00,1649.5000,1649.5000,1649.5000,1649.5000,375,1580625,
BATAINDIA_F1,07/14/2023,10:46:00,1648.8500,1648.8500,1647.0500,1647.0500,750,1581750,
BATAINDIA_F1,07/14/2023,10:48:00,1647.0500,1647.0500,1647.0500,1647.0500,375,1582500,
BATAINDIA_F1,07/14/2023,10:49:00,1647.2000,1647.2000,1647.2000,1647.2000,375,1582500,
BATAINDIA_F1,07/14/2023,10:54:00,1646.5000,1646.5000,1646.5000,1646.5000,375,1582500,
BATAINDIA_F1,07/14/2023,10:55:00,1647.0000,1647.0000,1647.0000,1647.0000,750,1582125,
BATAINDIA_F1,07/14/2023,11:00:00,1645.6000,1645.6000,1645.6000,1645.6000,750,1582875,
BATAINDIA_F1,07/14/2023,11:03:00,1646.6000,1646.6000,1646.6000,1646.6000,375,1583250,
BATAINDIA_F1,07/14/2023,11:05:00,1646.1500,1646.1500,1646.1500,1646.1500,375,1583250,
BATAINDIA_F1,07/14/2023,11:09:00,1646.0000,1646.0000,1646.0000,1646.0000,375,1583250,
BATAINDIA_F1,07/14/2023,11:12:00,1646.0000,1646.0000,1646.0000,1646.0000,375,1583625,
BATAINDIA_F1,07/14/2023,11:14:00,1645.8500,1645.8500,1645.8500,1645.8500,375,1583625,
BATAINDIA_F1,07/14/2023,11:15:00,1645.8000,1645.8000,1645.8000,1645.8000,750,1582875,
BATAINDIA_F1,07/14/2023,11:17:00,1646.5000,1646.5000,1646.5000,1646.5000,375,1582875,
BATAINDIA_F1,07/14/2023,11:18:00,1646.5000,1646.5000,1646.5000,1646.5000,375,1583625,
BATAINDIA_F1,07/14/2023,11:22:00,1645.3000,1645.3000,1643.8000,1643.8000,1500,1584000,
BATAINDIA_F1,07/14/2023,11:26:00,1644.2500,1644.2500,1644.2500,1644.2500,750,1584750,
BATAINDIA_F1,07/14/2023,11:30:00,1645.0000,1645.0000,1643.3000,1643.3000,6750,1584750,
BATAINDIA_F1,07/14/2023,11:31:00,1643.0000,1643.0000,1643.0000,1643.0000,375,1584750,
BATAINDIA_F1,07/14/2023,11:33:00,1643.0000,1643.0000,1643.0000,1643.0000,375,1589250,
BATAINDIA_F1,07/14/2023,11:34:00,1644.6000,1644.6000,1644.6000,1644.6000,375,1589250,
BATAINDIA_F1,07/14/2023,11:38:00,1644.7000,1644.7000,1644.7000,1644.7000,375,1589250,
BATAINDIA_F1,07/14/2023,11:42:00,1645.3500,1645.3500,1643.2500,1643.2500,2250,1589625,
BATAINDIA_F1,07/14/2023,11:44:00,1642.0500,1642.0500,1642.0500,1642.0500,1875,1589625,
BATAINDIA_F1,07/14/2023,11:45:00,1642.0000,1642.0000,1642.0000,1642.0000,375,1593000,
BATAINDIA_F1,07/14/2023,11:46:00,1640.5500,1640.5500,1640.5500,1640.5500,1875,1593000,
BATAINDIA_F1,07/14/2023,11:47:00,1641.3500,1643.5500,1641.3500,1643.2500,7875,1593375,
BATAINDIA_F1,07/14/2023,11:48:00,1642.4000,1642.4000,1642.4000,1642.4000,1875,1593375,
BATAINDIA_F1,07/14/2023,11:49:00,1642.6500,1642.6500,1642.6500,1642.6500,375,1593375,
BATAINDIA_F1,07/14/2023,11:51:00,1641.9000,1641.9000,1640.3000,1640.3000,4500,1594500,
BATAINDIA_F1,07/14/2023,11:52:00,1639.9500,1641.4500,1639.9500,1641.4500,5625,1594500,
BATAINDIA_F1,07/14/2023,11:53:00,1641.5500,1641.5500,1641.5500,1641.5500,375,1594500,
BATAINDIA_F1,07/14/2023,11:54:00,1641.6000,1641.6000,1641.6000,1641.6000,375,1594125,
BATAINDIA_F1,07/14/2023,11:55:00,1642.6000,1642.6000,1642.0000,1642.0000,750,1594125,
BATAINDIA_F1,07/14/2023,11:56:00,1641.7000,1641.7000,1641.7000,1641.7000,1125,1594125,
BATAINDIA_F1,07/14/2023,11:59:00,1641.1000,1641.4000,1641.1000,1641.4000,750,1596000,
BATAINDIA_F1,07/14/2023,12:00:00,1641.2500,1642.1000,1641.2500,1642.1000,3375,1597125,
BATAINDIA_F1,07/14/2023,12:01:00,1642.1500,1642.1500,1642.1500,1642.1500,375,1597125,
BATAINDIA_F1,07/14/2023,12:02:00,1643.0500,1643.0500,1643.0500,1643.0500,5250,1596750,
BATAINDIA_F1,07/14/2023,12:04:00,1643.8000,1643.8000,1643.8000,1643.8000,750,1596750,
BATAINDIA_F1,07/14/2023,12:05:00,1644.1500,1644.1500,1644.1500,1644.1500,375,1596750,
BATAINDIA_F1,07/14/2023,12:06:00,1647.1000,1647.4000,1647.1000,1647.4000,1125,1593000,
BATAINDIA_F1,07/14/2023,12:07:00,1649.7500,1649.9000,1649.7500,1649.9000,2250,1593000,
BATAINDIA_F1,07/14/2023,12:08:00,1649.9000,1649.9000,1649.9000,1649.9000,375,1593000,
BATAINDIA_F1,07/14/2023,12:09:00,1650.7500,1650.7500,1650.7500,1650.7500,2250,1591500,
BATAINDIA_F1,07/14/2023,12:11:00,1651.6000,1652.8000,1651.6000,1652.8000,1125,1592250,
BATAINDIA_F1,07/14/2023,12:12:00,1654.0000,1654.0000,1653.6500,1653.8500,1875,1592250,
BATAINDIA_F1,07/14/2023,12:13:00,1655.4000,1655.4000,1653.6000,1655.0000,3000,1592250,
BATAINDIA_F1,07/14/2023,12:14:00,1655.0000,1657.2500,1655.0000,1657.2500,1125,1591500,
BATAINDIA_F1,07/14/2023,12:15:00,1657.4000,1658.1500,1656.0500,1656.0500,3000,1591500,
BATAINDIA_F1,07/14/2023,12:16:00,1657.0000,1657.8000,1657.0000,1657.1500,1500,1591500,
BATAINDIA_F1,07/14/2023,12:17:00,1657.4500,1657.5500,1657.4500,1657.5500,750,1591875,
BATAINDIA_F1,07/14/2023,12:19:00,1657.4000,1657.4000,1656.6000,1656.6000,1500,1591875,
BATAINDIA_F1,07/14/2023,12:20:00,1657.6000,1658.1000,1657.6000,1658.1000,1125,1593000,
BATAINDIA_F1,07/14/2023,12:21:00,1658.0000,1659.7000,1658.0000,1658.1500,13500,1593000,
BATAINDIA_F1,07/14/2023,12:22:00,1658.1000,1658.1000,1657.0000,1657.2500,11250,1593000,
BATAINDIA_F1,07/14/2023,12:23:00,1659.0000,1659.0000,1659.0000,1659.0000,375,1583625,
BATAINDIA_F1,07/14/2023,12:24:00,1659.0000,1659.5500,1659.0000,1659.5500,750,1583625,
BATAINDIA_F1,07/14/2023,12:25:00,1658.5500,1658.5500,1658.5500,1658.5500,375,1583625,
BATAINDIA_F1,07/14/2023,12:26:00,1659.7000,1660.2500,1659.7000,1660.2500,2250,1582875,
BATAINDIA_F1,07/14/2023,12:27:00,1659.4500,1659.4500,1658.8500,1658.8500,1500,1582875,
BATAINDIA_F1,07/14/2023,12:28:00,1658.5000,1658.5000,1656.8500,1656.8500,1125,1582875,
BATAINDIA_F1,07/14/2023,12:29:00,1656.9000,1656.9000,1656.9000,1656.9000,375,1582875,
BATAINDIA_F1,07/14/2023,12:30:00,1658.4000,1659.7000,1658.4000,1659.7000,1500,1582875,
BATAINDIA_F1,07/14/2023,12:33:00,1659.9000,1659.9000,1658.4500,1658.4500,1875,1581750,
BATAINDIA_F1,07/14/2023,12:35:00,1659.5500,1659.5500,1658.2000,1658.2000,1125,1581750,
BATAINDIA_F1,07/14/2023,12:37:00,1659.0000,1659.7000,1659.0000,1659.7000,2625,1582500,
BATAINDIA_F1,07/14/2023,12:38:00,1659.7000,1659.7000,1659.3500,1659.3500,750,1582500,
BATAINDIA_F1,07/14/2023,12:40:00,1658.7000,1658.7000,1657.0500,1657.0500,2250,1582875,
BATAINDIA_F1,07/14/2023,12:41:00,1657.3000,1657.3000,1657.3000,1657.3000,375,1582875,
BATAINDIA_F1,07/14/2023,12:44:00,1659.3000,1659.3000,1659.3000,1659.3000,1125,1584000,
BATAINDIA_F1,07/14/2023,12:46:00,1659.4000,1659.4000,1659.4000,1659.4000,375,1583625,
BATAINDIA_F1,07/14/2023,12:49:00,1657.6500,1657.6500,1657.6500,1657.6500,2250,1583625,
BATAINDIA_F1,07/14/2023,12:50:00,1658.3500,1659.9000,1658.3500,1659.9000,2625,1584750,
BATAINDIA_F1,07/14/2023,12:51:00,1658.5500,1658.5500,1658.5500,1658.5500,750,1584750,
BATAINDIA_F1,07/14/2023,12:53:00,1659.0000,1659.0000,1659.0000,1659.0000,375,1584750,
BATAINDIA_F1,07/14/2023,12:54:00,1659.0000,1659.0000,1659.0000,1659.0000,375,1583625,
BATAINDIA_F1,07/14/2023,12:55:00,1660.0000,1660.0000,1660.0000,1660.0000,375,1583625,
BATAINDIA_F1,07/14/2023,12:56:00,1660.0000,1660.0000,1660.0000,1660.0000,1500,1583625,
BATAINDIA_F1,07/14/2023,12:57:00,1660.0000,1660.0000,1660.0000,1660.0000,375,1583625,
BATAINDIA_F1,07/14/2023,12:58:00,1661.0000,1661.0000,1661.0000,1661.0000,375,1583625,
BATAINDIA_F1,07/14/2023,12:59:00,1661.0000,1663.0000,1661.0000,1663.0000,3750,1583625,
BATAINDIA_F1,07/14/2023,13:00:00,1662.0500,1662.0500,1661.0000,1661.0000,1500,1584750,
BATAINDIA_F1,07/14/2023,13:06:00,1661.5500,1662.9500,1661.4500,1661.4500,5625,1584000,
BATAINDIA_F1,07/14/2023,13:07:00,1662.2500,1662.2500,1660.4500,1660.4500,1125,1584000,
BATAINDIA_F1,07/14/2023,13:08:00,1662.4000,1662.4000,1662.4000,1662.4000,375,1584000,
BATAINDIA_F1,07/14/2023,13:11:00,1662.0000,1662.0000,1662.0000,1662.0000,375,1584750,
BATAINDIA_F1,07/14/2023,13:13:00,1661.4000,1661.4000,1661.4000,1661.4000,750,1584750,
BATAINDIA_F1,07/14/2023,13:15:00,1663.0000,1663.0000,1663.0000,1663.0000,375,1584000,
BATAINDIA_F1,07/14/2023,13:17:00,1662.2500,1662.2500,1662.1000,1662.1000,1125,1584000,
BATAINDIA_F1,07/14/2023,13:18:00,1661.2500,1661.2500,1661.2500,1661.2500,750,1584000,
BATAINDIA_F1,07/14/2023,13:21:00,1662.5000,1663.7000,1662.5000,1663.7000,750,1584000,
BATAINDIA_F1,07/14/2023,13:22:00,1662.6500,1662.6500,1662.6500,1662.6500,750,1584000,
BATAINDIA_F1,07/14/2023,13:23:00,1663.0000,1663.0000,1663.0000,1663.0000,375,1584000,
BATAINDIA_F1,07/14/2023,13:25:00,1663.0000,1663.0000,1663.0000,1663.0000,750,1585125,
BATAINDIA_F1,07/14/2023,13:26:00,1662.9500,1663.7500,1662.9500,1663.7500,3750,1585125,
BATAINDIA_F1,07/14/2023,13:28:00,1662.8500,1662.8500,1662.8500,1662.8500,750,1585500,
BATAINDIA_F1,07/14/2023,13:30:00,1662.4000,1662.4000,1662.4000,1662.4000,375,1586250,
BATAINDIA_F1,07/14/2023,13:32:00,1663.4500,1663.5000,1663.4500,1663.5000,750,1586250,
BATAINDIA_F1,07/14/2023,13:33:00,1662.9000,1662.9000,1662.8500,1662.8500,1125,1587000,
BATAINDIA_F1,07/14/2023,13:34:00,1662.4000,1662.4000,1662.4000,1662.4000,375,1587000,
BATAINDIA_F1,07/14/2023,13:35:00,1662.0000,1662.0000,1662.0000,1662.0000,375,1587000,
BATAINDIA_F1,07/14/2023,13:36:00,1660.7000,1664.7000,1660.7000,1664.7000,12750,1586625,
BATAINDIA_F1,07/14/2023,13:37:00,1663.3500,1663.8500,1661.9000,1663.8500,2625,1586625,
BATAINDIA_F1,07/14/2023,13:38:00,1663.8500,1663.8500,1662.9500,1662.9500,750,1586625,
BATAINDIA_F1,07/14/2023,13:39:00,1664.0500,1664.0500,1664.0500,1664.0500,750,1585875,
BATAINDIA_F1,07/14/2023,13:40:00,1662.9000,1662.9000,1662.9000,1662.9000,1125,1585875,
BATAINDIA_F1,07/14/2023,13:41:00,1663.2500,1664.1000,1663.2500,1664.1000,1875,1587375,
BATAINDIA_F1,07/14/2023,13:42:00,1664.8000,1664.8000,1664.8000,1664.8000,375,1587375,
BATAINDIA_F1,07/14/2023,13:47:00,1664.8000,1664.8000,1660.9000,1660.9000,1500,1587000,
BATAINDIA_F1,07/14/2023,13:48:00,1663.2500,1663.2500,1663.2500,1663.2500,750,1586625,
BATAINDIA_F1,07/14/2023,13:50:00,1663.1500,1663.1500,1663.1500,1663.1500,375,1586625,
BATAINDIA_F1,07/14/2023,13:52:00,1663.5000,1663.5000,1663.5000,1663.5000,750,1586250,
BATAINDIA_F1,07/14/2023,13:53:00,1662.8500,1662.8500,1662.8500,1662.8500,1125,1586250,
BATAINDIA_F1,07/14/2023,13:58:00,1662.9500,1662.9500,1662.9500,1662.9500,1875,1586625,
BATAINDIA_F1,07/14/2023,14:00:00,1664.1500,1664.4500,1664.1500,1664.4500,1875,1587750,
BATAINDIA_F1,07/14/2023,14:01:00,1664.4500,1664.4500,1664.1000,1664.1000,1875,1587750,
BATAINDIA_F1,07/14/2023,14:03:00,1664.3500,1664.3500,1663.7000,1663.7000,4875,1589625,
BATAINDIA_F1,07/14/2023,14:05:00,1662.9500,1662.9500,1662.9500,1662.9500,375,1589625,
BATAINDIA_F1,07/14/2023,14:06:00,1663.1000,1663.1000,1663.1000,1663.1000,375,1592250,
BATAINDIA_F1,07/14/2023,14:07:00,1663.4000,1663.4000,1663.3500,1663.3500,750,1592250,
BATAINDIA_F1,07/14/2023,14:08:00,1662.9500,1662.9500,1662.6500,1662.6500,1125,1592250,
BATAINDIA_F1,07/14/2023,14:11:00,1664.0000,1664.0000,1664.0000,1664.0000,750,1594125,
BATAINDIA_F1,07/14/2023,14:12:00,1664.2000,1664.2000,1664.2000,1664.2000,750,1594125,
BATAINDIA_F1,07/14/2023,14:13:00,1664.5000,1667.6500,1664.5000,1667.6500,19125,1594125,
BATAINDIA_F1,07/14/2023,14:14:00,1665.6500,1669.4500,1665.6500,1668.0500,15375,1594125,
BATAINDIA_F1,07/14/2023,14:15:00,1667.7000,1668.0500,1667.7000,1668.0500,750,1597875,
BATAINDIA_F1,07/14/2023,14:16:00,1667.5500,1668.0000,1667.5500,1668.0000,1875,1597875,
BATAINDIA_F1,07/14/2023,14:17:00,1667.5000,1669.1000,1667.5000,1667.5000,1125,1597875,
BATAINDIA_F1,07/14/2023,14:18:00,1667.4500,1667.6000,1667.3500,1667.5000,1500,1597500,
BATAINDIA_F1,07/14/2023,14:19:00,1667.3000,1667.5000,1667.3000,1667.5000,1125,1597500,
BATAINDIA_F1,07/14/2023,14:20:00,1667.5000,1668.0000,1667.5000,1668.0000,1125,1597500,
BATAINDIA_F1,07/14/2023,14:21:00,1667.0000,1667.0000,1667.0000,1667.0000,2250,1596375,
BATAINDIA_F1,07/14/2023,14:22:00,1667.0000,1667.0000,1667.0000,1667.0000,4125,1596375,
BATAINDIA_F1,07/14/2023,14:23:00,1666.0500,1668.1000,1665.7500,1665.7500,6375,1596375,
BATAINDIA_F1,07/14/2023,14:24:00,1665.7000,1665.7000,1663.4500,1663.4500,4500,1596750,
BATAINDIA_F1,07/14/2023,14:25:00,1665.0000,1665.0000,1665.0000,1665.0000,375,1596750,
BATAINDIA_F1,07/14/2023,14:26:00,1664.4500,1664.4500,1664.0500,1664.0500,750,1596750,
BATAINDIA_F1,07/14/2023,14:27:00,1664.0000,1665.2000,1663.7000,1665.2000,1125,1595250,
BATAINDIA_F1,07/14/2023,14:29:00,1665.7000,1665.7000,1664.2500,1664.2500,1875,1595250,
BATAINDIA_F1,07/14/2023,14:30:00,1666.0000,1666.0000,1666.0000,1666.0000,750,1595250,
BATAINDIA_F1,07/14/2023,14:31:00,1667.0000,1667.0000,1667.0000,1667.0000,750,1595250,
BATAINDIA_F1,07/14/2023,14:33:00,1666.5000,1666.5000,1664.5000,1664.5000,1875,1595625,
BATAINDIA_F1,07/14/2023,14:34:00,1664.2000,1664.2000,1664.2000,1664.2000,750,1595625,
BATAINDIA_F1,07/14/2023,14:39:00,1663.8000,1664.9000,1663.8000,1664.9000,1125,1597500,
BATAINDIA_F1,07/14/2023,14:40:00,1664.4000,1664.4000,1664.4000,1664.4000,750,1597500,
BATAINDIA_F1,07/14/2023,14:41:00,1664.2000,1664.2000,1664.2000,1664.2000,750,1597500,
BATAINDIA_F1,07/14/2023,14:43:00,1664.9000,1665.8500,1664.9000,1665.8500,750,1597875,
BATAINDIA_F1,07/14/2023,14:44:00,1666.5000,1667.0000,1666.5000,1667.0000,1125,1597875,
BATAINDIA_F1,07/14/2023,14:45:00,1667.9000,1668.1000,1667.9000,1668.1000,2250,1597500,
BATAINDIA_F1,07/14/2023,14:46:00,1668.8000,1668.8000,1668.8000,1668.8000,375,1597500,
BATAINDIA_F1,07/14/2023,14:47:00,1666.7000,1666.7000,1666.1500,1666.1500,9750,1597500,
BATAINDIA_F1,07/14/2023,14:48:00,1667.7000,1667.7000,1667.7000,1667.7000,375,1596375,
BATAINDIA_F1,07/14/2023,14:49:00,1666.0000,1666.0000,1665.6500,1665.6500,3750,1596375,
BATAINDIA_F1,07/14/2023,14:51:00,1667.1500,1667.7000,1667.1500,1667.7000,2250,1594500,
BATAINDIA_F1,07/14/2023,14:53:00,1668.0500,1668.0500,1668.0500,1668.0500,375,1594500,
BATAINDIA_F1,07/14/2023,14:54:00,1666.7500,1666.7500,1666.7500,1666.7500,375,1595250,
BATAINDIA_F1,07/14/2023,14:55:00,1667.0500,1667.0500,1667.0000,1667.0000,1125,1595250,
BATAINDIA_F1,07/14/2023,14:57:00,1667.0000,1667.0000,1667.0000,1667.0000,750,1595250,
BATAINDIA_F1,07/14/2023,14:58:00,1668.4000,1669.4500,1668.4000,1669.4500,2250,1595250,
BATAINDIA_F1,07/14/2023,14:59:00,1668.5500,1668.5500,1668.5500,1668.5500,375,1595250,
BATAINDIA_F1,07/14/2023,15:00:00,1668.6000,1671.1000,1668.6000,1671.1000,4125,1594500,
BATAINDIA_F1,07/14/2023,15:01:00,1669.4500,1669.4500,1669.4500,1669.4500,3000,1594500,
BATAINDIA_F1,07/14/2023,15:02:00,1669.2000,1669.2000,1668.6500,1668.6500,1875,1594500,
BATAINDIA_F1,07/14/2023,15:05:00,1669.0000,1669.1000,1669.0000,1669.1000,1125,1594500,
BATAINDIA_F1,07/14/2023,15:06:00,1671.8500,1671.9000,1670.6500,1670.6500,8250,1594500,
BATAINDIA_F1,07/14/2023,15:07:00,1672.0000,1672.7500,1672.0000,1672.7500,7125,1594500,
BATAINDIA_F1,07/14/2023,15:08:00,1672.7500,1672.7500,1671.2500,1671.2500,1875,1594500,
BATAINDIA_F1,07/14/2023,15:09:00,1671.6000,1673.0000,1671.6000,1673.0000,8625,1596000,
BATAINDIA_F1,07/14/2023,15:10:00,1671.4500,1671.4500,1669.8500,1669.8500,2250,1596000,
BATAINDIA_F1,07/14/2023,15:11:00,1671.3500,1671.3500,1671.3500,1671.3500,375,1596000,
BATAINDIA_F1,07/14/2023,15:12:00,1671.2500,1671.2500,1671.2500,1671.2500,1125,1600875,
BATAINDIA_F1,07/14/2023,15:13:00,1671.3000,1671.3000,1671.3000,1671.3000,750,1600875,
BATAINDIA_F1,07/14/2023,15:14:00,1670.0500,1670.0500,1670.0500,1670.0500,2250,1600875,
BATAINDIA_F1,07/14/2023,15:15:00,1669.7500,1669.7500,1669.5000,1669.7000,1125,1602375,
BATAINDIA_F1,07/14/2023,15:16:00,1669.5000,1670.6500,1669.5000,1670.6500,3750,1602375,
BATAINDIA_F1,07/14/2023,15:17:00,1669.5000,1669.5500,1669.5000,1669.5500,1500,1602375,
BATAINDIA_F1,07/14/2023,15:19:00,1669.6000,1669.6000,1669.5500,1669.5500,750,1603125,
BATAINDIA_F1,07/14/2023,15:20:00,1670.4000,1670.9500,1670.4000,1670.9500,1875,1603125,
BATAINDIA_F1,07/14/2023,15:21:00,1670.7500,1671.3000,1669.9000,1670.1500,4125,1602375,
BATAINDIA_F1,07/14/2023,15:22:00,1670.0000,1670.0000,1670.0000,1670.0000,750,1602375,
BATAINDIA_F1,07/14/2023,15:24:00,1669.9500,1669.9500,1669.9500,1669.9500,1500,1602375,
BATAINDIA_F1,07/14/2023,15:25:00,1669.3000,1670.0000,1669.3000,1669.9500,3750,1605375,
BATAINDIA_F1,07/14/2023,15:26:00,1668.2000,1668.2000,1667.8500,1667.8500,4125,1605375,
BATAINDIA_F1,07/14/2023,15:27:00,1667.6500,1669.5000,1667.6500,1668.9500,2625,1606875,
BATAINDIA_F1,07/14/2023,15:28:00,1668.0000,1669.0000,1667.6000,1668.0000,4875,1606875,
BATAINDIA_F1,07/14/2023,15:29:00,1668.0000,1669.0000,1666.6000,1666.6000,4875,1606875,
BATAINDIA_F1,07/17/2023,09:15:00,1671.3000,1678.3500,1670.5500,1677.2000,6003,1579125,
BATAINDIA_F1,07/17/2023,09:16:00,1678.8000,1678.8000,1674.8500,1674.8500,3750,1579125,
BATAINDIA_F1,07/17/2023,09:17:00,1674.8500,1674.8500,1672.0000,1674.8000,5625,1581000,
BATAINDIA_F1,07/17/2023,09:18:00,1671.6500,1676.8000,1671.6500,1676.3000,3750,1581000,
BATAINDIA_F1,07/17/2023,09:19:00,1677.0000,1677.0000,1677.0000,1677.0000,2250,1581000,
BATAINDIA_F1,07/17/2023,09:20:00,1677.4000,1678.5000,1677.4000,1678.5000,750,1580250,
BATAINDIA_F1,07/17/2023,09:21:00,1679.8000,1679.9500,1679.8000,1679.9500,9375,1580250,
BATAINDIA_F1,07/17/2023,09:22:00,1680.0000,1680.0000,1680.0000,1680.0000,4500,1580250,
BATAINDIA_F1,07/17/2023,09:23:00,1675.0000,1675.0000,1668.9000,1668.9000,22500,1580250,
BATAINDIA_F1,07/17/2023,09:24:00,1668.9000,1670.9000,1668.9000,1669.1000,1125,1574250,
BATAINDIA_F1,07/17/2023,09:25:00,1669.1000,1673.0000,1669.1000,1673.0000,5250,1574250,
BATAINDIA_F1,07/17/2023,09:26:00,1674.2000,1676.8000,1674.2000,1676.8000,7500,1569750,
BATAINDIA_F1,07/17/2023,09:27:00,1675.3000,1675.3000,1672.2000,1672.2000,1875,1569750,
BATAINDIA_F1,07/17/2023,09:28:00,1673.6000,1673.6000,1673.6000,1673.6000,375,1569750,
BATAINDIA_F1,07/17/2023,09:29:00,1671.9500,1673.0000,1671.9500,1673.0000,1875,1569375,
BATAINDIA_F1,07/17/2023,09:30:00,1674.5000,1678.0500,1674.5000,1676.1000,8625,1569375,
BATAINDIA_F1,07/17/2023,09:31:00,1677.4000,1678.0500,1677.4000,1678.0500,750,1569375,
BATAINDIA_F1,07/17/2023,09:32:00,1679.1000,1679.1000,1679.0000,1679.0000,3000,1569375,
BATAINDIA_F1,07/17/2023,09:33:00,1678.2500,1678.2500,1676.9500,1676.9500,1500,1569375,
BATAINDIA_F1,07/17/2023,09:34:00,1678.6500,1681.7000,1678.6500,1681.7000,8250,1569375,
BATAINDIA_F1,07/17/2023,09:35:00,1681.7000,1681.7000,1680.2500,1680.2500,3375,1561500,
BATAINDIA_F1,07/17/2023,09:37:00,1682.0000,1682.0000,1682.0000,1682.0000,375,1561500,
BATAINDIA_F1,07/17/2023,09:38:00,1683.7000,1683.7000,1682.1000,1682.1000,1125,1560375,
BATAINDIA_F1,07/17/2023,09:39:00,1680.7000,1683.5000,1680.0000,1683.5000,6750,1560375,
BATAINDIA_F1,07/17/2023,09:40:00,1682.3500,1682.8000,1682.3500,1682.8000,1500,1560375,
BATAINDIA_F1,07/17/2023,09:41:00,1682.8500,1682.8500,1681.5000,1681.5000,1125,1560375,
BATAINDIA_F1,07/17/2023,09:42:00,1681.9500,1681.9500,1681.9500,1681.9500,750,1560375,
BATAINDIA_F1,07/17/2023,09:43:00,1681.9500,1684.0000,1681.1500,1684.0000,3375,1560375,
BATAINDIA_F1,07/17/2023,09:44:00,1684.0000,1684.0000,1683.6000,1683.6000,1875,1559250,
BATAINDIA_F1,07/17/2023,09:45:00,1684.6000,1684.6000,1684.6000,1684.6000,375,1559250,
BATAINDIA_F1,07/17/2023,09:46:00,1684.6000,1684.6000,1682.9000,1682.9000,1500,1559250,
BATAINDIA_F1,07/17/2023,09:48:00,1682.6500,1683.0000,1682.6500,1683.0000,1125,1558875,
BATAINDIA_F1,07/17/2023,09:49:00,1683.0500,1683.8000,1683.0000,1683.0000,1500,1558875,
BATAINDIA_F1,07/17/2023,09:50:00,1683.0000,1683.0000,1683.0000,1683.0000,375,1558875,
BATAINDIA_F1,07/17/2023,09:53:00,1681.6500,1681.6500,1681.6500,1681.6500,750,1558875,
BATAINDIA_F1,07/17/2023,09:54:00,1681.0500,1681.3000,1681.0000,1681.3000,1500,1557750,
BATAINDIA_F1,07/17/2023,09:55:00,1681.8500,1681.8500,1681.6500,1681.6500,3000,1557750,
BATAINDIA_F1,07/17/2023,09:56:00,1682.6000,1683.5000,1682.6000,1683.5000,1500,1558125,
BATAINDIA_F1,07/17/2023,09:57:00,1682.8000,1683.4500,1682.8000,1683.0000,1875,1558125,
BATAINDIA_F1,07/17/2023,09:58:00,1684.1000,1684.1000,1684.1000,1684.1000,375,1558125,
BATAINDIA_F1,07/17/2023,10:00:00,1684.6500,1685.0000,1684.6500,1685.0000,2250,1558125,
BATAINDIA_F1,07/17/2023,10:01:00,1685.1000,1685.1000,1685.1000,1685.1000,375,1558125,
BATAINDIA_F1,07/17/2023,10:02:00,1685.2500,1685.2500,1685.2500,1685.2500,7125,1559625,
BATAINDIA_F1,07/17/2023,10:03:00,1682.9500,1686.0000,1682.9500,1686.0000,6000,1559625,
BATAINDIA_F1,07/17/2023,10:04:00,1686.8500,1686.9000,1684.0000,1685.0500,9000,1559625,
BATAINDIA_F1,07/17/2023,10:05:00,1685.0000,1685.0000,1685.0000,1685.0000,1125,1559625,
BATAINDIA_F1,07/17/2023,10:06:00,1685.4500,1685.4500,1685.4500,1685.4500,750,1559625,
BATAINDIA_F1,07/17/2023,10:07:00,1684.3000,1684.3000,1684.0000,1684.0000,1875,1559625,
BATAINDIA_F1,07/17/2023,10:11:00,1683.7000,1683.7000,1683.2500,1683.2500,750,1559625,
BATAINDIA_F1,07/17/2023,10:13:00,1683.2500,1683.2500,1683.2500,1683.2500,375,1559625,
BATAINDIA_F1,07/17/2023,10:14:00,1683.8000,1683.8000,1683.8000,1683.8000,750,1559625,
BATAINDIA_F1,07/17/2023,10:16:00,1684.5000,1684.5000,1684.5000,1684.5000,1500,1559625,
BATAINDIA_F1,07/17/2023,10:17:00,1684.5000,1686.0000,1684.5000,1686.0000,1125,1560000,
BATAINDIA_F1,07/17/2023,10:18:00,1685.1500,1685.1500,1685.1500,1685.1500,750,1560000,
BATAINDIA_F1,07/17/2023,10:19:00,1686.4000,1686.4000,1684.0500,1684.0500,1500,1560000,
BATAINDIA_F1,07/17/2023,10:20:00,1684.0000,1684.0000,1683.0000,1684.0000,1500,1560000,
BATAINDIA_F1,07/17/2023,10:21:00,1682.6000,1682.6000,1682.6000,1682.6000,750,1560750,
BATAINDIA_F1,07/17/2023,10:22:00,1683.1000,1683.1000,1683.1000,1683.1000,375,1560750,
BATAINDIA_F1,07/17/2023,10:23:00,1681.9500,1681.9500,1681.9500,1681.9500,375,1560750,
BATAINDIA_F1,07/17/2023,10:24:00,1681.9000,1682.5000,1681.9000,1682.5000,750,1560000,
BATAINDIA_F1,07/17/2023,10:25:00,1681.5000,1681.5000,1681.4500,1681.4500,750,1560000,
BATAINDIA_F1,07/17/2023,10:27:00,1681.6000,1681.6000,1681.6000,1681.6000,375,1560000,
BATAINDIA_F1,07/17/2023,10:28:00,1681.7500,1681.7500,1681.7500,1681.7500,750,1560000,
BATAINDIA_F1,07/17/2023,10:29:00,1681.7500,1681.7500,1681.7500,1681.7500,375,1559625,
BATAINDIA_F1,07/17/2023,10:30:00,1681.7000,1681.7000,1680.0000,1680.0500,4500,1559625,
BATAINDIA_F1,07/17/2023,10:31:00,1681.0000,1681.0000,1679.7500,1679.7500,750,1559625,
BATAINDIA_F1,07/17/2023,10:32:00,1680.7500,1681.0000,1680.7500,1681.0000,3750,1558500,
BATAINDIA_F1,07/17/2023,10:33:00,1680.8500,1680.8500,1680.7500,1680.7500,2250,1558500,
BATAINDIA_F1,07/17/2023,10:34:00,1682.0000,1682.0000,1682.0000,1682.0000,750,1558500,
BATAINDIA_F1,07/17/2023,10:35:00,1681.9500,1681.9500,1681.9500,1681.9500,375,1558125,
BATAINDIA_F1,07/17/2023,10:36:00,1681.9000,1681.9000,1681.8500,1681.8500,1125,1558125,
BATAINDIA_F1,07/17/2023,10:37:00,1682.0000,1682.0000,1680.7000,1680.7000,1125,1558125,
BATAINDIA_F1,07/17/2023,10:39:00,1680.6500,1680.6500,1680.6500,1680.6500,375,1557750,
BATAINDIA_F1,07/17/2023,10:40:00,1682.0000,1682.0000,1682.0000,1682.0000,375,1557750,
BATAINDIA_F1,07/17/2023,10:41:00,1682.3500,1682.5000,1681.7500,1681.7500,1125,1557750,
BATAINDIA_F1,07/17/2023,10:42:00,1681.7500,1681.7500,1681.7500,1681.7500,375,1557750,
BATAINDIA_F1,07/17/2023,10:43:00,1681.7000,1681.7000,1680.6000,1680.6000,7875,1557750,
BATAINDIA_F1,07/17/2023,10:44:00,1682.0500,1682.0500,1682.0500,1682.0500,4500,1557750,
BATAINDIA_F1,07/17/2023,10:45:00,1681.2000,1681.2000,1681.2000,1681.2000,375,1552875,
BATAINDIA_F1,07/17/2023,10:47:00,1682.5000,1682.5000,1682.5000,1682.5000,375,1552875,
BATAINDIA_F1,07/17/2023,10:48:00,1682.4500,1682.4500,1682.4500,1682.4500,375,1552875,
BATAINDIA_F1,07/17/2023,10:49:00,1683.0000,1683.0000,1683.0000,1683.0000,375,1552875,
BATAINDIA_F1,07/17/2023,10:50:00,1681.8000,1684.3000,1681.8000,1684.3000,2625,1553250,
BATAINDIA_F1,07/17/2023,10:51:00,1684.9000,1685.9500,1684.9000,1685.1500,4125,1553250,
BATAINDIA_F1,07/17/2023,10:53:00,1686.9500,1686.9500,1686.9500,1686.9500,375,1553250,
BATAINDIA_F1,07/17/2023,10:54:00,1686.9500,1686.9500,1686.9500,1686.9500,375,1554375,
BATAINDIA_F1,07/17/2023,10:55:00,1685.6500,1685.6500,1685.6500,1685.6500,375,1554375,
BATAINDIA_F1,07/17/2023,10:56:00,1687.0000,1687.8000,1687.0000,1687.8000,1875,1554000,
BATAINDIA_F1,07/17/2023,10:57:00,1687.8000,1687.8000,1685.8000,1685.8000,1500,1554000,
BATAINDIA_F1,07/17/2023,10:58:00,1685.3500,1685.3500,1685.3500,1685.3500,375,1554000,
BATAINDIA_F1,07/17/2023,10:59:00,1684.8500,1686.3000,1684.5500,1686.3000,4875,1553250,
BATAINDIA_F1,07/17/2023,11:00:00,1684.9500,1685.1500,1684.9500,1685.1500,1125,1553250,
BATAINDIA_F1,07/17/2023,11:02:00,1685.0500,1686.0000,1685.0500,1685.0500,1875,1553250,
BATAINDIA_F1,07/17/2023,11:04:00,1685.2000,1685.2000,1685.2000,1685.2000,375,1553250,
BATAINDIA_F1,07/17/2023,11:06:00,1685.0500,1685.0500,1685.0500,1685.0500,750,1553625,
BATAINDIA_F1,07/17/2023,11:07:00,1687.3000,1688.8000,1687.3000,1688.8000,4500,1553625,
BATAINDIA_F1,07/17/2023,11:08:00,1687.1500,1688.1500,1686.5000,1687.0000,1875,1554375,
BATAINDIA_F1,07/17/2023,11:09:00,1687.0000,1687.0000,1687.0000,1687.0000,375,1554375,
BATAINDIA_F1,07/17/2023,11:10:00,1685.8000,1685.8000,1685.8000,1685.8000,375,1554375,
BATAINDIA_F1,07/17/2023,11:11:00,1685.7500,1685.7500,1685.5000,1685.5000,2625,1554000,
BATAINDIA_F1,07/17/2023,11:12:00,1685.0000,1685.0000,1685.0000,1685.0000,375,1554000,
BATAINDIA_F1,07/17/2023,11:14:00,1685.2000,1686.0000,1685.2000,1686.0000,750,1554000,
BATAINDIA_F1,07/17/2023,11:16:00,1685.1500,1686.0500,1685.1500,1686.0500,1125,1554375,
BATAINDIA_F1,07/17/2023,11:17:00,1686.2000,1686.4000,1686.2000,1686.4000,750,1554375,
BATAINDIA_F1,07/17/2023,11:18:00,1686.0000,1686.0000,1685.1500,1685.1500,750,1554375,
BATAINDIA_F1,07/17/2023,11:19:00,1685.1500,1685.1500,1685.1500,1685.1500,375,1554375,
BATAINDIA_F1,07/17/2023,11:20:00,1685.4000,1685.4000,1685.4000,1685.4000,1500,1554375,
BATAINDIA_F1,07/17/2023,11:22:00,1685.4000,1685.4000,1685.4000,1685.4000,750,1556250,
BATAINDIA_F1,07/17/2023,11:24:00,1684.8000,1684.8000,1684.8000,1684.8000,375,1556250,
BATAINDIA_F1,07/17/2023,11:26:00,1684.9000,1684.9000,1684.9000,1684.9000,375,1556250,
BATAINDIA_F1,07/17/2023,11:27:00,1686.0000,1686.0000,1686.0000,1686.0000,375,1556250,
BATAINDIA_F1,07/17/2023,11:28:00,1685.4500,1685.4500,1685.4500,1685.4500,375,1556250,
BATAINDIA_F1,07/17/2023,11:29:00,1686.6500,1687.0000,1686.6500,1687.0000,1500,1556250,
BATAINDIA_F1,07/17/2023,11:30:00,1688.5000,1688.5000,1687.1500,1687.1500,4500,1556250,
BATAINDIA_F1,07/17/2023,11:32:00,1689.4000,1689.4000,1689.4000,1689.4000,2250,1556250,
BATAINDIA_F1,07/17/2023,11:34:00,1688.5000,1688.5000,1688.5000,1688.5000,750,1558125,
BATAINDIA_F1,07/17/2023,11:35:00,1687.8500,1687.8500,1687.8500,1687.8500,750,1558875,
BATAINDIA_F1,07/17/2023,11:36:00,1687.6000,1687.6000,1687.1500,1687.1500,750,1558875,
BATAINDIA_F1,07/17/2023,11:37:00,1687.3500,1687.3500,1687.3500,1687.3500,750,1558875,
BATAINDIA_F1,07/17/2023,11:38:00,1688.6000,1688.6000,1685.6000,1686.5000,4125,1561500,
BATAINDIA_F1,07/17/2023,11:39:00,1685.9500,1685.9500,1685.9500,1685.9500,1125,1561500,
BATAINDIA_F1,07/17/2023,11:40:00,1685.8500,1685.8500,1684.8500,1684.8500,2250,1561500,
BATAINDIA_F1,07/17/2023,11:42:00,1685.7500,1685.7500,1685.4500,1685.4500,1125,1563000,
BATAINDIA_F1,07/17/2023,11:43:00,1687.0000,1687.0000,1687.0000,1687.0000,375,1563000,
BATAINDIA_F1,07/17/2023,11:44:00,1686.5000,1686.5000,1685.4500,1685.4500,750,1563750,
BATAINDIA_F1,07/17/2023,11:47:00,1684.8000,1684.8000,1684.8000,1684.8000,1125,1563750,
BATAINDIA_F1,07/17/2023,11:48:00,1686.0000,1686.0000,1685.1000,1685.1000,1125,1563375,
BATAINDIA_F1,07/17/2023,11:49:00,1686.0000,1686.0000,1686.0000,1686.0000,1500,1563375,
BATAINDIA_F1,07/17/2023,11:50:00,1684.6500,1684.8500,1683.2000,1683.2000,3000,1562625,
BATAINDIA_F1,07/17/2023,11:51:00,1682.2500,1682.2500,1680.0000,1680.0000,1875,1562625,
BATAINDIA_F1,07/17/2023,11:52:00,1678.8000,1678.8000,1678.8000,1678.8000,375,1562625,
BATAINDIA_F1,07/17/2023,11:53:00,1678.5500,1680.8500,1678.5500,1679.4500,3000,1561875,
BATAINDIA_F1,07/17/2023,11:54:00,1679.8000,1679.8000,1679.8000,1679.8000,375,1561875,
BATAINDIA_F1,07/17/2023,11:55:00,1678.1000,1679.0000,1678.1000,1679.0000,750,1561875,
BATAINDIA_F1,07/17/2023,11:57:00,1678.2500,1678.5000,1678.2000,1678.2000,1500,1562625,
BATAINDIA_F1,07/17/2023,11:58:00,1679.0500,1679.0500,1678.2000,1678.2000,1125,1562625,
BATAINDIA_F1,07/17/2023,11:59:00,1678.2500,1678.2500,1677.8000,1677.8000,1125,1562625,
BATAINDIA_F1,07/17/2023,12:00:00,1678.5000,1678.5000,1678.1000,1678.1000,1125,1562625,
BATAINDIA_F1,07/17/2023,12:01:00,1678.1500,1678.1500,1678.1500,1678.1500,375,1562625,
BATAINDIA_F1,07/17/2023,12:03:00,1678.1000,1679.0000,1678.1000,1679.0000,750,1562250,
BATAINDIA_F1,07/17/2023,12:04:00,1678.0000,1678.0000,1678.0000,1678.0000,375,1562250,
BATAINDIA_F1,07/17/2023,12:05:00,1676.0000,1677.2500,1676.0000,1677.2500,750,1562250,
BATAINDIA_F1,07/17/2023,12:06:00,1678.5500,1680.9500,1678.5500,1680.9500,3750,1563375,
BATAINDIA_F1,07/17/2023,12:07:00,1680.1000,1681.0000,1679.8500,1681.0000,1125,1563375,
BATAINDIA_F1,07/17/2023,12:09:00,1680.2000,1681.0000,1680.2000,1681.0000,750,1562625,
BATAINDIA_F1,07/17/2023,12:10:00,1681.1000,1681.1000,1681.1000,1681.1000,375,1562625,
BATAINDIA_F1,07/17/2023,12:11:00,1680.0500,1680.0500,1680.0500,1680.0500,375,1562625,
BATAINDIA_F1,07/17/2023,12:12:00,1680.0000,1680.0000,1680.0000,1680.0000,1875,1563750,
BATAINDIA_F1,07/17/2023,12:13:00,1679.4500,1679.4500,1679.4500,1679.4500,375,1563750,
BATAINDIA_F1,07/17/2023,12:15:00,1679.4500,1679.4500,1679.4500,1679.4500,750,1564875,
BATAINDIA_F1,07/17/2023,12:17:00,1679.8000,1679.8000,1679.8000,1679.8000,1125,1564875,
BATAINDIA_F1,07/17/2023,12:19:00,1679.7500,1680.4500,1679.7500,1680.4500,1125,1566750,
BATAINDIA_F1,07/17/2023,12:21:00,1679.3500,1679.3500,1679.3500,1679.3500,375,1567500,
BATAINDIA_F1,07/17/2023,12:23:00,1678.3500,1678.6500,1678.3500,1678.6500,1125,1567500,
BATAINDIA_F1,07/17/2023,12:26:00,1679.8500,1679.8500,1679.8500,1679.8500,375,1567875,
BATAINDIA_F1,07/17/2023,12:27:00,1679.8000,1679.8000,1679.8000,1679.8000,375,1567875,
BATAINDIA_F1,07/17/2023,12:30:00,1680.6500,1680.6500,1680.6500,1680.6500,750,1567875,
BATAINDIA_F1,07/17/2023,12:32:00,1680.7500,1680.7500,1680.7500,1680.7500,375,1567875,
BATAINDIA_F1,07/17/2023,12:37:00,1680.6500,1681.2500,1680.6500,1681.2500,1125,1568250,
BATAINDIA_F1,07/17/2023,12:39:00,1680.8000,1680.8000,1680.8000,1680.8000,375,1567875,
BATAINDIA_F1,07/17/2023,12:40:00,1680.2500,1680.2500,1680.2500,1680.2500,375,1567875,
BATAINDIA_F1,07/17/2023,12:41:00,1681.4500,1681.4500,1681.4500,1681.4500,750,1567875,
BATAINDIA_F1,07/17/2023,12:43:00,1681.4500,1681.5000,1681.4500,1681.5000,750,1568625,
BATAINDIA_F1,07/17/2023,12:51:00,1680.7500,1680.7500,1680.7500,1680.7500,750,1568625,
BATAINDIA_F1,07/17/2023,12:52:00,1680.5000,1680.5000,1680.5000,1680.5000,375,1568625,
BATAINDIA_F1,07/17/2023,12:55:00,1681.0000,1681.0000,1681.0000,1681.0000,375,1568250,
BATAINDIA_F1,07/17/2023,12:59:00,1681.0000,1681.0000,1681.0000,1681.0000,375,1567875,
BATAINDIA_F1,07/17/2023,13:00:00,1682.0000,1682.0000,1682.0000,1682.0000,1875,1567875,
BATAINDIA_F1,07/17/2023,13:01:00,1682.2000,1682.2000,1682.2000,1682.2000,1875,1567875,
BATAINDIA_F1,07/17/2023,13:04:00,1682.3000,1683.4000,1682.0000,1682.1000,3375,1567125,
BATAINDIA_F1,07/17/2023,13:05:00,1682.0500,1682.0500,1682.0500,1682.0500,375,1567125,
BATAINDIA_F1,07/17/2023,13:06:00,1682.5000,1682.5000,1682.5000,1682.5000,375,1567125,
BATAINDIA_F1,07/17/2023,13:11:00,1682.5500,1682.5500,1682.5500,1682.5500,375,1566000,
BATAINDIA_F1,07/17/2023,13:13:00,1682.5500,1682.5500,1682.5500,1682.5500,375,1566000,
BATAINDIA_F1,07/17/2023,13:16:00,1683.0000,1683.1000,1683.0000,1683.1000,750,1566375,
BATAINDIA_F1,07/17/2023,13:19:00,1683.0500,1683.0500,1683.0500,1683.0500,375,1567125,
BATAINDIA_F1,07/17/2023,13:20:00,1683.0500,1683.0500,1683.0500,1683.0500,375,1567125,
BATAINDIA_F1,07/17/2023,13:22:00,1683.3000,1683.3000,1683.3000,1683.3000,375,1567125,
BATAINDIA_F1,07/17/2023,13:23:00,1683.3000,1683.3000,1683.3000,1683.3000,375,1567125,
BATAINDIA_F1,07/17/2023,13:26:00,1683.0000,1683.0000,1683.0000,1683.0000,1875,1566750,
BATAINDIA_F1,07/17/2023,13:27:00,1682.0500,1682.0500,1682.0500,1682.0500,1125,1565625,
BATAINDIA_F1,07/17/2023,13:28:00,1682.0000,1682.6000,1681.1500,1681.1500,1875,1565625,
BATAINDIA_F1,07/17/2023,13:29:00,1682.0000,1682.1000,1680.7000,1681.1000,3375,1565625,
BATAINDIA_F1,07/17/2023,13:30:00,1682.1500,1682.1500,1682.1500,1682.1500,375,1565250,
BATAINDIA_F1,07/17/2023,13:31:00,1682.1500,1682.1500,1681.0000,1681.0000,2250,1565250,
BATAINDIA_F1,07/17/2023,13:32:00,1682.0000,1682.0000,1682.0000,1682.0000,375,1565250,
BATAINDIA_F1,07/17/2023,13:39:00,1681.4500,1681.4500,1681.4500,1681.4500,750,1566375,
BATAINDIA_F1,07/17/2023,13:40:00,1683.3500,1683.3500,1683.3500,1683.3500,375,1566375,
BATAINDIA_F1,07/17/2023,13:41:00,1682.0000,1682.0000,1680.5000,1680.5000,3375,1566375,
BATAINDIA_F1,07/17/2023,13:42:00,1682.0000,1682.0000,1682.0000,1682.0000,1500,1563750,
BATAINDIA_F1,07/17/2023,13:43:00,1681.4000,1681.5000,1681.4000,1681.5000,1500,1563750,
BATAINDIA_F1,07/17/2023,13:45:00,1681.5000,1681.5000,1681.0000,1681.0000,750,1562625,
BATAINDIA_F1,07/17/2023,13:46:00,1681.0000,1681.0000,1681.0000,1681.0000,1125,1562625,
BATAINDIA_F1,07/17/2023,13:47:00,1680.1000,1680.9500,1679.9000,1680.5000,3000,1562625,
BATAINDIA_F1,07/17/2023,13:49:00,1679.4000,1679.4000,1679.4000,1679.4000,3375,1561875,
BATAINDIA_F1,07/17/2023,13:50:00,1681.0000,1681.5500,1681.0000,1681.5500,1125,1561875,
BATAINDIA_F1,07/17/2023,13:53:00,1680.1500,1680.1500,1680.1500,1680.1500,375,1562625,
BATAINDIA_F1,07/17/2023,13:55:00,1679.1500,1679.1500,1677.6500,1678.3500,3750,1562250,
BATAINDIA_F1,07/17/2023,13:56:00,1679.2500,1680.0000,1678.3500,1679.6000,6000,1562250,
BATAINDIA_F1,07/17/2023,13:57:00,1678.5500,1679.8500,1676.7000,1676.7000,7500,1563375,
BATAINDIA_F1,07/17/2023,13:58:00,1676.3000,1677.9500,1676.2000,1677.9500,4500,1563375,
BATAINDIA_F1,07/17/2023,13:59:00,1677.9500,1678.0000,1677.9500,1678.0000,750,1563375,
BATAINDIA_F1,07/17/2023,14:00:00,1678.5000,1678.5000,1678.5000,1678.5000,375,1562250,
BATAINDIA_F1,07/17/2023,14:01:00,1678.6500,1678.6500,1678.6500,1678.6500,375,1562250,
BATAINDIA_F1,07/17/2023,14:02:00,1679.4000,1679.4000,1678.7000,1678.7000,1500,1562250,
BATAINDIA_F1,07/17/2023,14:03:00,1679.7500,1679.7500,1679.7500,1679.7500,750,1561875,
BATAINDIA_F1,07/17/2023,14:04:00,1679.7500,1679.7500,1679.7500,1679.7500,1500,1561875,
BATAINDIA_F1,07/17/2023,14:10:00,1678.7500,1678.7500,1678.7500,1678.7500,375,1561875,
BATAINDIA_F1,07/17/2023,14:12:00,1678.1000,1678.1000,1678.0500,1678.0500,750,1561875,
BATAINDIA_F1,07/17/2023,14:13:00,1677.5500,1677.5500,1677.0000,1677.0000,1125,1561875,
BATAINDIA_F1,07/17/2023,14:14:00,1676.9000,1678.3500,1676.9000,1677.6000,2625,1561875,
BATAINDIA_F1,07/17/2023,14:21:00,1677.6000,1677.6000,1677.6000,1677.6000,7500,1561500,
BATAINDIA_F1,07/17/2023,14:22:00,1677.6000,1677.6000,1677.6000,1677.6000,1125,1560750,
BATAINDIA_F1,07/17/2023,14:23:00,1678.4000,1678.4000,1678.0000,1678.0000,750,1560750,
BATAINDIA_F1,07/17/2023,14:26:00,1680.8000,1680.9000,1677.5000,1677.5000,22500,1560750,
BATAINDIA_F1,07/17/2023,14:28:00,1679.0000,1679.0000,1678.0500,1678.0500,1875,1560375,
BATAINDIA_F1,07/17/2023,14:29:00,1677.7000,1677.7000,1677.7000,1677.7000,750,1560375,
BATAINDIA_F1,07/17/2023,14:31:00,1679.0500,1679.0500,1679.0500,1679.0500,375,1560000,
BATAINDIA_F1,07/17/2023,14:32:00,1678.8000,1678.8000,1678.8000,1678.8000,375,1560000,
BATAINDIA_F1,07/17/2023,14:34:00,1678.4000,1678.4000,1678.4000,1678.4000,750,1559625,
BATAINDIA_F1,07/17/2023,14:37:00,1678.0500,1678.0500,1678.0500,1678.0500,375,1559625,
BATAINDIA_F1,07/17/2023,14:43:00,1677.5000,1677.5000,1677.5000,1677.5000,2250,1559625,
BATAINDIA_F1,07/17/2023,14:45:00,1677.4000,1678.1000,1677.4000,1678.1000,750,1559250,
BATAINDIA_F1,07/17/2023,14:46:00,1677.3500,1677.7500,1677.3500,1677.7500,2250,1559250,
BATAINDIA_F1,07/17/2023,14:47:00,1677.8000,1677.8000,1676.5500,1676.5500,750,1559250,
BATAINDIA_F1,07/17/2023,14:48:00,1676.2500,1676.4500,1676.2500,1676.4500,750,1559625,
BATAINDIA_F1,07/17/2023,14:49:00,1678.2500,1678.2500,1678.2500,1678.2500,375,1559625,
BATAINDIA_F1,07/17/2023,14:51:00,1678.0000,1678.3000,1678.0000,1678.3000,2250,1559625,
BATAINDIA_F1,07/17/2023,14:52:00,1678.5000,1678.9500,1678.1500,1678.1500,1500,1559625,
BATAINDIA_F1,07/17/2023,14:54:00,1678.1500,1678.1500,1678.1000,1678.1000,1500,1559250,
BATAINDIA_F1,07/17/2023,14:56:00,1678.6000,1679.0000,1678.6000,1678.8000,1125,1559250,
BATAINDIA_F1,07/17/2023,14:57:00,1678.7000,1678.7000,1677.9500,1677.9500,1125,1559250,
BATAINDIA_F1,07/17/2023,14:59:00,1679.4500,1679.4500,1678.3000,1678.3000,4500,1560000,
BATAINDIA_F1,07/17/2023,15:00:00,1680.1000,1680.7000,1679.9000,1680.7000,4125,1558875,
BATAINDIA_F1,07/17/2023,15:01:00,1679.7000,1679.7000,1679.7000,1679.7000,750,1558875,
BATAINDIA_F1,07/17/2023,15:03:00,1679.2000,1679.2000,1678.6000,1678.6000,1125,1559250,
BATAINDIA_F1,07/17/2023,15:06:00,1679.0000,1679.0000,1679.0000,1679.0000,1125,1559250,
BATAINDIA_F1,07/17/2023,15:07:00,1679.5000,1679.5000,1679.5000,1679.5000,750,1559250,
BATAINDIA_F1,07/17/2023,15:08:00,1679.9000,1679.9000,1679.9000,1679.9000,1125,1559250,
BATAINDIA_F1,07/17/2023,15:10:00,1678.7500,1678.7500,1678.7500,1678.7500,375,1559625,
BATAINDIA_F1,07/17/2023,15:12:00,1678.1000,1679.1000,1678.1000,1679.1000,1875,1559625,
BATAINDIA_F1,07/17/2023,15:13:00,1679.6000,1679.6000,1679.6000,1679.6000,750,1559625,
BATAINDIA_F1,07/17/2023,15:15:00,1680.2000,1680.2000,1680.2000,1680.2000,750,1560000,
BATAINDIA_F1,07/17/2023,15:16:00,1679.3500,1680.0000,1679.1000,1680.0000,6750,1560000,
BATAINDIA_F1,07/17/2023,15:18:00,1679.9000,1679.9000,1679.9000,1679.9000,1875,1560000,
BATAINDIA_F1,07/17/2023,15:20:00,1679.8000,1681.1000,1679.8000,1679.9500,9375,1554750,
BATAINDIA_F1,07/17/2023,15:21:00,1680.1000,1680.1000,1679.7000,1679.7000,3750,1552125,
BATAINDIA_F1,07/17/2023,15:22:00,1679.2000,1679.2000,1679.2000,1679.2000,2625,1552125,
BATAINDIA_F1,07/17/2023,15:23:00,1679.4000,1680.4000,1679.2000,1679.3500,6000,1552125,
BATAINDIA_F1,07/17/2023,15:24:00,1679.8000,1679.8000,1679.4000,1679.4000,1875,1551000,
BATAINDIA_F1,07/17/2023,15:25:00,1679.2000,1680.0000,1678.6500,1680.0000,4875,1551000,
BATAINDIA_F1,07/17/2023,15:26:00,1679.3000,1679.3000,1677.8500,1677.8500,1125,1551000,
BATAINDIA_F1,07/17/2023,15:27:00,1677.7000,1679.8500,1677.6000,1679.8500,3375,1552125,
BATAINDIA_F1,07/17/2023,15:28:00,1679.6500,1679.9000,1678.4000,1679.7500,5250,1552125,
BATAINDIA_F1,07/17/2023,15:29:00,1677.5500,1679.8500,1676.5500,1676.5500,3000,1552125,
BATAINDIA_F1,07/18/2023,09:15:00,1684.8500,1685.9500,1683.5500,1685.9500,1502,1548000,
BATAINDIA_F1,07/18/2023,09:16:00,1685.9500,1685.9500,1680.9500,1680.9500,750,1548000,
BATAINDIA_F1,07/18/2023,09:17:00,1680.9500,1683.1000,1680.9500,1683.1000,1125,1548375,
BATAINDIA_F1,07/18/2023,09:18:00,1682.1000,1685.4000,1679.9000,1685.4000,3000,1548375,
BATAINDIA_F1,07/18/2023,09:19:00,1682.8000,1683.7000,1682.8000,1683.0000,1500,1548375,
BATAINDIA_F1,07/18/2023,09:20:00,1681.4000,1681.4000,1681.4000,1681.4000,750,1548375,
BATAINDIA_F1,07/18/2023,09:23:00,1679.8000,1679.8000,1679.8000,1679.8000,375,1547625,
BATAINDIA_F1,07/18/2023,09:24:00,1679.8000,1679.8000,1679.8000,1679.8000,375,1547625,
BATAINDIA_F1,07/18/2023,09:27:00,1679.4500,1679.4500,1679.4500,1679.4500,375,1547625,
BATAINDIA_F1,07/18/2023,09:29:00,1678.2500,1678.2500,1676.3500,1676.3500,2625,1547625,
BATAINDIA_F1,07/18/2023,09:30:00,1677.5000,1677.5000,1677.5000,1677.5000,375,1548375,
BATAINDIA_F1,07/18/2023,09:31:00,1678.6500,1678.6500,1677.6000,1677.6000,1875,1548375,
BATAINDIA_F1,07/18/2023,09:32:00,1677.5500,1677.5500,1677.5500,1677.5500,375,1548375,
BATAINDIA_F1,07/18/2023,09:33:00,1677.5000,1677.5000,1677.5000,1677.5000,375,1548750,
BATAINDIA_F1,07/18/2023,09:34:00,1677.7000,1677.7000,1676.2000,1676.3500,3000,1548750,
BATAINDIA_F1,07/18/2023,09:40:00,1676.6000,1676.6000,1675.2500,1675.2500,2250,1548750,
BATAINDIA_F1,07/18/2023,09:41:00,1675.0000,1675.0000,1675.0000,1675.0000,1125,1548750,
BATAINDIA_F1,07/18/2023,09:42:00,1674.7000,1674.7000,1674.7000,1674.7000,750,1548750,
BATAINDIA_F1,07/18/2023,09:43:00,1674.7000,1678.3500,1674.7000,1678.3500,3750,1548750,
BATAINDIA_F1,07/18/2023,09:44:00,1677.9000,1677.9000,1677.9000,1677.9000,375,1548750,
BATAINDIA_F1,07/18/2023,09:45:00,1676.9500,1676.9500,1675.9000,1675.9000,3000,1546125,
BATAINDIA_F1,07/18/2023,09:46:00,1674.7000,1674.7000,1674.7000,1674.7000,375,1546125,
BATAINDIA_F1,07/18/2023,09:48:00,1672.5000,1675.7500,1672.5000,1675.0000,8625,1546875,
BATAINDIA_F1,07/18/2023,09:49:00,1674.8000,1674.8000,1674.8000,1674.8000,375,1546875,
BATAINDIA_F1,07/18/2023,09:51:00,1673.4500,1673.4500,1671.5500,1671.5500,5250,1547250,
BATAINDIA_F1,07/18/2023,09:52:00,1671.5500,1672.1500,1671.5500,1672.1500,750,1547250,
BATAINDIA_F1,07/18/2023,09:53:00,1671.4500,1671.9500,1671.3500,1671.9500,1875,1547250,
BATAINDIA_F1,07/18/2023,09:54:00,1672.0000,1672.0000,1672.0000,1672.0000,375,1547250,
BATAINDIA_F1,07/18/2023,09:56:00,1673.0000,1673.0000,1673.0000,1673.0000,750,1549125,
BATAINDIA_F1,07/18/2023,09:57:00,1673.2000,1673.2000,1673.2000,1673.2000,375,1549125,
BATAINDIA_F1,07/18/2023,09:58:00,1674.0500,1674.0500,1674.0500,1674.0500,750,1549125,
BATAINDIA_F1,07/18/2023,09:59:00,1674.0000,1674.0000,1674.0000,1674.0000,375,1549125,
BATAINDIA_F1,07/18/2023,10:00:00,1674.0000,1674.0000,1673.0500,1673.0500,750,1549875,
BATAINDIA_F1,07/18/2023,10:01:00,1673.6500,1673.6500,1673.6500,1673.6500,375,1549875,
BATAINDIA_F1,07/18/2023,10:02:00,1672.5500,1672.5500,1672.5500,1672.5500,1125,1549875,
BATAINDIA_F1,07/18/2023,10:03:00,1672.5500,1672.5500,1672.5500,1672.5500,750,1550625,
BATAINDIA_F1,07/18/2023,10:08:00,1674.0000,1674.0000,1674.0000,1674.0000,2250,1551375,
BATAINDIA_F1,07/18/2023,10:10:00,1675.0000,1675.0000,1675.0000,1675.0000,375,1550625,
BATAINDIA_F1,07/18/2023,10:11:00,1673.8000,1673.8000,1673.1000,1673.1000,1875,1550625,
BATAINDIA_F1,07/18/2023,10:13:00,1673.1000,1673.1000,1673.1000,1673.1000,375,1550625,
BATAINDIA_F1,07/18/2023,10:16:00,1672.3500,1672.3500,1672.3500,1672.3500,750,1550250,
BATAINDIA_F1,07/18/2023,10:17:00,1673.4000,1673.4000,1673.4000,1673.4000,375,1550250,
BATAINDIA_F1,07/18/2023,10:19:00,1673.5000,1673.5000,1673.5000,1673.5000,750,1550250,
BATAINDIA_F1,07/18/2023,10:22:00,1673.7500,1673.7500,1673.7500,1673.7500,750,1550625,
BATAINDIA_F1,07/18/2023,10:23:00,1674.7000,1674.7000,1674.7000,1674.7000,375,1550625,
BATAINDIA_F1,07/18/2023,10:26:00,1674.1000,1674.1000,1673.0500,1673.0500,1500,1550250,
BATAINDIA_F1,07/18/2023,10:29:00,1673.4000,1673.4000,1673.4000,1673.4000,375,1550250,
BATAINDIA_F1,07/18/2023,10:30:00,1672.1500,1672.1500,1670.8500,1670.8500,750,1551000,
BATAINDIA_F1,07/18/2023,10:31:00,1670.5000,1670.5000,1670.5000,1670.5000,750,1551000,
BATAINDIA_F1,07/18/2023,10:32:00,1670.5000,1670.5000,1670.0000,1670.0000,4125,1551000,
BATAINDIA_F1,07/18/2023,10:33:00,1667.6500,1668.2000,1667.6500,1668.2000,2625,1551750,
BATAINDIA_F1,07/18/2023,10:34:00,1670.0000,1670.0000,1670.0000,1670.0000,1500,1551750,
BATAINDIA_F1,07/18/2023,10:36:00,1669.7500,1670.6000,1669.7500,1670.6000,750,1552125,
BATAINDIA_F1,07/18/2023,10:37:00,1670.9000,1670.9000,1670.9000,1670.9000,375,1552125,
BATAINDIA_F1,07/18/2023,10:40:00,1669.0000,1669.0000,1669.0000,1669.0000,1500,1552125,
BATAINDIA_F1,07/18/2023,10:41:00,1667.8000,1667.8000,1667.2000,1667.2000,1500,1552125,
BATAINDIA_F1,07/18/2023,10:42:00,1666.4500,1670.1500,1666.2500,1668.7000,3750,1552125,
BATAINDIA_F1,07/18/2023,10:45:00,1667.2500,1667.2500,1667.2500,1667.2500,375,1552125,
BATAINDIA_F1,07/18/2023,10:46:00,1668.1000,1668.2000,1668.1000,1668.2000,1125,1552125,
BATAINDIA_F1,07/18/2023,10:49:00,1669.1000,1669.1000,1669.1000,1669.1000,375,1552500,
BATAINDIA_F1,07/18/2023,10:50:00,1669.9000,1669.9000,1669.7000,1669.7000,1500,1552500,
BATAINDIA_F1,07/18/2023,10:51:00,1668.6000,1668.6000,1668.6000,1668.6000,375,1553625,
BATAINDIA_F1,07/18/2023,10:52:00,1668.6000,1668.6000,1668.6000,1668.6000,375,1553625,
BATAINDIA_F1,07/18/2023,10:54:00,1668.8500,1668.8500,1668.8500,1668.8500,750,1553250,
BATAINDIA_F1,07/18/2023,10:55:00,1667.6500,1670.8000,1667.6500,1670.5500,3750,1553250,
BATAINDIA_F1,07/18/2023,11:06:00,1669.0000,1669.0000,1669.0000,1669.0000,750,1553250,
BATAINDIA_F1,07/18/2023,11:07:00,1668.6000,1668.6000,1668.6000,1668.6000,375,1553250,
BATAINDIA_F1,07/18/2023,11:08:00,1668.8000,1669.0000,1668.8000,1669.0000,750,1553250,
BATAINDIA_F1,07/18/2023,11:09:00,1669.0000,1669.0000,1668.8500,1668.8500,750,1553250,
BATAINDIA_F1,07/18/2023,11:10:00,1667.6500,1667.6500,1667.6500,1667.6500,1125,1553250,
BATAINDIA_F1,07/18/2023,11:11:00,1667.0000,1667.0000,1667.0000,1667.0000,375,1553250,
BATAINDIA_F1,07/18/2023,11:12:00,1666.7500,1666.7500,1666.7500,1666.7500,750,1554000,
BATAINDIA_F1,07/18/2023,11:13:00,1667.0000,1667.1500,1667.0000,1667.1500,750,1554000,
BATAINDIA_F1,07/18/2023,11:14:00,1667.1000,1667.1000,1666.7500,1666.7500,750,1554750,
BATAINDIA_F1,07/18/2023,11:15:00,1666.7500,1666.7500,1666.7500,1666.7500,375,1554750,
BATAINDIA_F1,07/18/2023,11:16:00,1666.0500,1666.0500,1663.9000,1663.9000,4875,1554750,
BATAINDIA_F1,07/18/2023,11:18:00,1663.3000,1663.3000,1663.3000,1663.3000,375,1554000,
BATAINDIA_F1,07/18/2023,11:19:00,1663.3000,1663.7000,1663.3000,1663.7000,1125,1554000,
BATAINDIA_F1,07/18/2023,11:20:00,1663.0000,1664.7000,1660.8500,1660.8500,5250,1554000,
BATAINDIA_F1,07/18/2023,11:21:00,1662.7500,1662.9000,1662.0000,1662.0000,1875,1557000,
BATAINDIA_F1,07/18/2023,11:22:00,1661.0500,1662.5500,1661.0500,1661.3000,3375,1557000,
BATAINDIA_F1,07/18/2023,11:23:00,1662.0000,1662.0000,1661.9500,1661.9500,1500,1557000,
BATAINDIA_F1,07/18/2023,11:24:00,1662.0000,1663.0000,1662.0000,1663.0000,1125,1557375,
BATAINDIA_F1,07/18/2023,11:25:00,1663.0000,1663.0500,1662.1000,1663.0500,2250,1557375,
BATAINDIA_F1,07/18/2023,11:26:00,1662.5000,1662.5000,1662.5000,1662.5000,750,1557375,
BATAINDIA_F1,07/18/2023,11:27:00,1662.3500,1662.3500,1662.3500,1662.3500,750,1558125,
BATAINDIA_F1,07/18/2023,11:30:00,1661.7000,1663.0000,1661.7000,1663.0000,1500,1558500,
BATAINDIA_F1,07/18/2023,11:31:00,1661.5000,1661.5000,1661.5000,1661.5000,375,1558500,
BATAINDIA_F1,07/18/2023,11:34:00,1661.4500,1661.7000,1661.3000,1661.7000,1125,1558875,
BATAINDIA_F1,07/18/2023,11:35:00,1661.2000,1661.2000,1661.0000,1661.0000,1500,1558875,
BATAINDIA_F1,07/18/2023,11:37:00,1661.9000,1661.9000,1661.0000,1661.0000,750,1560375,
BATAINDIA_F1,07/18/2023,11:38:00,1662.4000,1665.6000,1662.4000,1665.6000,7500,1560375,
BATAINDIA_F1,07/18/2023,11:39:00,1665.9500,1666.8000,1665.9500,1666.8000,750,1560375,
BATAINDIA_F1,07/18/2023,11:40:00,1666.0000,1666.0000,1666.0000,1666.0000,375,1560375,
BATAINDIA_F1,07/18/2023,11:42:00,1665.7500,1666.0000,1665.7500,1666.0000,750,1560750,
BATAINDIA_F1,07/18/2023,11:43:00,1666.7000,1666.7000,1665.9500,1665.9500,2250,1560750,
BATAINDIA_F1,07/18/2023,11:48:00,1665.6500,1665.6500,1665.6500,1665.6500,375,1560750,
BATAINDIA_F1,07/18/2023,11:49:00,1663.9500,1663.9500,1663.9500,1663.9500,375,1560750,
BATAINDIA_F1,07/18/2023,11:50:00,1665.7500,1665.7500,1664.2000,1664.2000,750,1560750,
BATAINDIA_F1,07/18/2023,11:51:00,1666.0000,1667.6500,1666.0000,1667.6500,1875,1561125,
BATAINDIA_F1,07/18/2023,11:56:00,1665.9000,1665.9000,1665.9000,1665.9000,750,1561125,
BATAINDIA_F1,07/18/2023,11:58:00,1665.9000,1665.9000,1665.9000,1665.9000,375,1560750,
BATAINDIA_F1,07/18/2023,12:05:00,1665.9000,1665.9000,1665.9000,1665.9000,375,1560750,
BATAINDIA_F1,07/18/2023,12:07:00,1667.4500,1668.7000,1667.4500,1668.1000,2625,1560750,
BATAINDIA_F1,07/18/2023,12:09:00,1667.9000,1667.9000,1667.9000,1667.9000,375,1560750,
BATAINDIA_F1,07/18/2023,12:10:00,1668.5500,1668.5500,1668.5500,1668.5500,375,1560750,
BATAINDIA_F1,07/18/2023,12:11:00,1666.9500,1666.9500,1666.9500,1666.9500,1500,1560750,
BATAINDIA_F1,07/18/2023,12:14:00,1668.7000,1668.7000,1668.7000,1668.7000,2250,1561125,
BATAINDIA_F1,07/18/2023,12:15:00,1668.1000,1669.5000,1668.1000,1669.5000,1875,1562625,
BATAINDIA_F1,07/18/2023,12:16:00,1668.6500,1668.6500,1668.6500,1668.6500,1125,1562625,
BATAINDIA_F1,07/18/2023,12:17:00,1670.5500,1670.5500,1670.5500,1670.5500,1875,1562625,
BATAINDIA_F1,07/18/2023,12:18:00,1671.0000,1671.0000,1669.0000,1669.1500,14625,1564125,
BATAINDIA_F1,07/18/2023,12:19:00,1669.1500,1669.1500,1669.1500,1669.1500,750,1564125,
BATAINDIA_F1,07/18/2023,12:20:00,1670.0500,1670.0500,1668.2500,1668.2500,3750,1564125,
BATAINDIA_F1,07/18/2023,12:24:00,1667.0000,1667.0000,1667.0000,1667.0000,375,1564875,
BATAINDIA_F1,07/18/2023,12:25:00,1667.7000,1667.8500,1667.7000,1667.8500,1500,1564125,
BATAINDIA_F1,07/18/2023,12:27:00,1668.5000,1668.5000,1668.5000,1668.5000,375,1564500,
BATAINDIA_F1,07/18/2023,12:29:00,1668.9000,1668.9000,1668.9000,1668.9000,375,1564500,
BATAINDIA_F1,07/18/2023,12:33:00,1669.5500,1669.5500,1669.5500,1669.5500,375,1564500,
BATAINDIA_F1,07/18/2023,12:37:00,1670.3500,1670.3500,1670.3500,1670.3500,1500,1555875,
BATAINDIA_F1,07/18/2023,12:38:00,1671.5000,1671.5000,1671.5000,1671.5000,375,1555875,
BATAINDIA_F1,07/18/2023,12:47:00,1669.6000,1670.5500,1669.6000,1670.5500,1125,1556250,
BATAINDIA_F1,07/18/2023,12:52:00,1670.7000,1670.7500,1670.7000,1670.7500,2250,1556250,
BATAINDIA_F1,07/18/2023,12:56:00,1670.8500,1672.0000,1670.8500,1672.0000,1500,1557000,
BATAINDIA_F1,07/18/2023,12:59:00,1673.0000,1673.0000,1673.0000,1673.0000,1500,1558125,
BATAINDIA_F1,07/18/2023,13:00:00,1673.5000,1673.8000,1672.9000,1673.8000,3000,1556250,
BATAINDIA_F1,07/18/2023,13:01:00,1672.8500,1673.7500,1671.8500,1672.7000,4125,1556250,
BATAINDIA_F1,07/18/2023,13:02:00,1672.6000,1673.3500,1671.7500,1671.7500,7125,1556250,
BATAINDIA_F1,07/18/2023,13:03:00,1672.8000,1672.8000,1672.8000,1672.8000,2250,1556250,
BATAINDIA_F1,07/18/2023,13:04:00,1671.9000,1672.0000,1671.9000,1672.0000,750,1557750,
BATAINDIA_F1,07/18/2023,13:05:00,1672.0000,1673.1000,1672.0000,1673.1000,1875,1557750,
BATAINDIA_F1,07/18/2023,13:07:00,1673.8000,1673.8000,1673.8000,1673.8000,375,1558875,
BATAINDIA_F1,07/18/2023,13:08:00,1672.5000,1672.5000,1672.4000,1672.4000,1125,1558875,
BATAINDIA_F1,07/18/2023,13:10:00,1671.5000,1673.3500,1671.5000,1673.3500,1125,1558500,
BATAINDIA_F1,07/18/2023,13:12:00,1673.5000,1673.5000,1673.5000,1673.5000,375,1558875,
BATAINDIA_F1,07/18/2023,13:13:00,1673.7000,1675.0000,1673.7000,1675.0000,2625,1558875,
BATAINDIA_F1,07/18/2023,13:14:00,1675.0000,1675.0000,1675.0000,1675.0000,1125,1558875,
BATAINDIA_F1,07/18/2023,13:16:00,1675.2000,1676.7500,1675.2000,1676.7500,750,1558125,
BATAINDIA_F1,07/18/2023,13:19:00,1675.5500,1675.5500,1675.5500,1675.5500,375,1558500,
BATAINDIA_F1,07/18/2023,13:20:00,1677.3000,1677.3000,1677.3000,1677.3000,1125,1558500,
BATAINDIA_F1,07/18/2023,13:21:00,1678.0500,1678.0500,1678.0500,1678.0500,750,1558500,
BATAINDIA_F1,07/18/2023,13:22:00,1678.0000,1678.0000,1678.0000,1678.0000,375,1558500,
BATAINDIA_F1,07/18/2023,13:23:00,1677.9500,1677.9500,1677.9500,1677.9500,375,1558500,
BATAINDIA_F1,07/18/2023,13:24:00,1678.0000,1678.0000,1677.6000,1677.6000,750,1558125,
BATAINDIA_F1,07/18/2023,13:25:00,1676.8000,1676.8000,1676.8000,1676.8000,375,1558125,
BATAINDIA_F1,07/18/2023,13:26:00,1676.0500,1676.0500,1676.0500,1676.0500,375,1558125,
BATAINDIA_F1,07/18/2023,13:28:00,1675.8500,1675.8500,1675.0500,1675.0500,750,1558125,
BATAINDIA_F1,07/18/2023,13:29:00,1675.4500,1675.4500,1675.4500,1675.4500,375,1558125,
BATAINDIA_F1,07/18/2023,13:33:00,1674.7000,1674.8500,1674.7000,1674.8500,1125,1558500,
BATAINDIA_F1,07/18/2023,13:34:00,1674.5000,1675.1000,1674.5000,1675.1000,1125,1558500,
BATAINDIA_F1,07/18/2023,13:36:00,1675.3000,1675.3000,1675.3000,1675.3000,1125,1560750,
BATAINDIA_F1,07/18/2023,13:37:00,1673.7000,1673.7000,1673.7000,1673.7000,375,1560750,
BATAINDIA_F1,07/18/2023,13:38:00,1674.5000,1674.5000,1674.5000,1674.5000,375,1560750,
BATAINDIA_F1,07/18/2023,13:39:00,1675.8500,1675.8500,1675.8500,1675.8500,375,1561125,
BATAINDIA_F1,07/18/2023,13:40:00,1675.9000,1675.9000,1675.9000,1675.9000,375,1561125,
BATAINDIA_F1,07/18/2023,13:42:00,1675.4500,1675.4500,1675.4500,1675.4500,375,1561125,
BATAINDIA_F1,07/18/2023,13:46:00,1674.1500,1674.1500,1674.1500,1674.1500,375,1561500,
BATAINDIA_F1,07/18/2023,13:48:00,1675.3500,1675.3500,1675.3500,1675.3500,375,1561500,
BATAINDIA_F1,07/18/2023,13:49:00,1675.4000,1675.4000,1675.4000,1675.4000,375,1561500,
BATAINDIA_F1,07/18/2023,13:55:00,1674.5000,1675.7000,1674.5000,1675.0000,1125,1561875,
BATAINDIA_F1,07/18/2023,13:56:00,1675.7500,1675.7500,1675.7500,1675.7500,750,1561875,
BATAINDIA_F1,07/18/2023,14:04:00,1675.7500,1675.7500,1675.7500,1675.7500,375,1563000,
BATAINDIA_F1,07/18/2023,14:05:00,1675.9500,1675.9500,1675.9500,1675.9500,375,1563000,
BATAINDIA_F1,07/18/2023,14:07:00,1676.0500,1676.1000,1676.0500,1676.1000,750,1563375,
BATAINDIA_F1,07/18/2023,14:08:00,1676.0000,1676.0000,1676.0000,1676.0000,750,1563375,
BATAINDIA_F1,07/18/2023,14:09:00,1674.7500,1674.7500,1674.7500,1674.7500,375,1563375,
BATAINDIA_F1,07/18/2023,14:10:00,1675.1000,1675.4000,1675.0000,1675.4000,1125,1564125,
BATAINDIA_F1,07/18/2023,14:11:00,1676.4000,1676.4000,1675.4000,1675.4000,750,1564125,
BATAINDIA_F1,07/18/2023,14:12:00,1674.6500,1674.6500,1674.4500,1674.4500,750,1564875,
BATAINDIA_F1,07/18/2023,14:13:00,1675.5000,1675.5000,1675.5000,1675.5000,375,1564875,
BATAINDIA_F1,07/18/2023,14:14:00,1675.6000,1675.6000,1675.6000,1675.6000,375,1564875,
BATAINDIA_F1,07/18/2023,14:15:00,1675.6000,1675.6000,1675.6000,1675.6000,375,1564875,
BATAINDIA_F1,07/18/2023,14:16:00,1674.4000,1674.4000,1673.7500,1673.7500,750,1566375,
BATAINDIA_F1,07/18/2023,14:18:00,1673.6500,1673.6500,1673.6500,1673.6500,375,1566375,
BATAINDIA_F1,07/18/2023,14:20:00,1673.6500,1673.6500,1673.6500,1673.6500,375,1567125,
BATAINDIA_F1,07/18/2023,14:21:00,1672.6000,1672.6000,1672.6000,1672.6000,375,1567500,
BATAINDIA_F1,07/18/2023,14:22:00,1673.5000,1673.5000,1673.5000,1673.5000,375,1567500,
BATAINDIA_F1,07/18/2023,14:28:00,1671.4500,1671.4500,1671.4500,1671.4500,375,1567875,
BATAINDIA_F1,07/18/2023,14:29:00,1671.4500,1673.4000,1671.4500,1673.4000,2250,1567875,
BATAINDIA_F1,07/18/2023,14:30:00,1673.4000,1673.9500,1672.9500,1672.9500,1125,1569000,
BATAINDIA_F1,07/18/2023,14:31:00,1673.9000,1674.2000,1673.9000,1674.2000,750,1569000,
BATAINDIA_F1,07/18/2023,14:33:00,1674.0000,1674.0000,1674.0000,1674.0000,375,1569000,
BATAINDIA_F1,07/18/2023,14:34:00,1673.5000,1673.5000,1673.5000,1673.5000,1875,1569375,
BATAINDIA_F1,07/18/2023,14:35:00,1675.1000,1675.1000,1675.1000,1675.1000,375,1569375,
BATAINDIA_F1,07/18/2023,14:39:00,1676.4000,1676.4000,1676.4000,1676.4000,375,1569000,
BATAINDIA_F1,07/18/2023,14:40:00,1677.0000,1677.0000,1677.0000,1677.0000,1125,1569000,
BATAINDIA_F1,07/18/2023,14:41:00,1676.9000,1676.9000,1676.3000,1676.3000,1125,1569000,
BATAINDIA_F1,07/18/2023,14:42:00,1675.4000,1675.4000,1674.7000,1675.1000,4500,1568625,
BATAINDIA_F1,07/18/2023,14:46:00,1675.1000,1675.1000,1674.8500,1674.8500,1500,1569000,
BATAINDIA_F1,07/18/2023,14:47:00,1674.8500,1674.8500,1674.8500,1674.8500,750,1569000,
BATAINDIA_F1,07/18/2023,14:48:00,1675.2000,1675.2000,1675.2000,1675.2000,375,1561875,
BATAINDIA_F1,07/18/2023,14:56:00,1675.1500,1675.5000,1675.1500,1675.5000,1500,1562250,
BATAINDIA_F1,07/18/2023,14:57:00,1676.4500,1676.4500,1675.3000,1675.3000,750,1561875,
BATAINDIA_F1,07/18/2023,15:00:00,1677.1000,1678.0000,1675.8000,1675.8000,3750,1562250,
BATAINDIA_F1,07/18/2023,15:03:00,1675.0000,1675.0000,1675.0000,1675.0000,750,1563375,
BATAINDIA_F1,07/18/2023,15:04:00,1675.4500,1675.4500,1674.9000,1675.2500,3000,1563375,
BATAINDIA_F1,07/18/2023,15:05:00,1676.2500,1676.2500,1676.2500,1676.2500,375,1563375,
BATAINDIA_F1,07/18/2023,15:06:00,1675.0000,1675.0000,1675.0000,1675.0000,375,1565625,
BATAINDIA_F1,07/18/2023,15:07:00,1674.0000,1674.0000,1672.6500,1672.6500,3375,1565625,
BATAINDIA_F1,07/18/2023,15:08:00,1673.0500,1674.1000,1673.0500,1674.1000,3750,1565625,
BATAINDIA_F1,07/18/2023,15:11:00,1674.1000,1674.1000,1674.1000,1674.1000,750,1566750,
BATAINDIA_F1,07/18/2023,15:13:00,1674.2000,1675.6500,1674.2000,1675.6500,750,1566375,
BATAINDIA_F1,07/18/2023,15:15:00,1675.5000,1676.4000,1675.4000,1676.0500,5625,1567125,
BATAINDIA_F1,07/18/2023,15:16:00,1676.9500,1682.0000,1676.9500,1680.3500,19125,1567125,
BATAINDIA_F1,07/18/2023,15:17:00,1680.0000,1682.2000,1679.7500,1681.5500,8250,1567125,
BATAINDIA_F1,07/18/2023,15:18:00,1680.0500,1681.3000,1679.5500,1681.3000,4500,1572375,
BATAINDIA_F1,07/18/2023,15:20:00,1681.2000,1681.2000,1681.1000,1681.1000,6375,1572375,
BATAINDIA_F1,07/18/2023,15:21:00,1680.8000,1681.3500,1680.2000,1680.2000,2250,1572375,
BATAINDIA_F1,07/18/2023,15:22:00,1681.2000,1681.2000,1679.9000,1681.0000,5250,1574625,
BATAINDIA_F1,07/18/2023,15:23:00,1680.1000,1680.8000,1679.8000,1680.8000,1125,1574625,
BATAINDIA_F1,07/18/2023,15:24:00,1680.0500,1680.0500,1679.6500,1680.0500,1875,1579125,
BATAINDIA_F1,07/18/2023,15:25:00,1680.3500,1680.3500,1680.0000,1680.0000,3750,1579125,
BATAINDIA_F1,07/18/2023,15:26:00,1680.2500,1680.2500,1680.2500,1680.2500,1500,1579125,
BATAINDIA_F1,07/18/2023,15:27:00,1679.5000,1680.9500,1679.4500,1680.9500,4125,1581375,
BATAINDIA_F1,07/18/2023,15:28:00,1681.0000,1681.6500,1680.3000,1681.2000,5250,1581375,
BATAINDIA_F1,07/18/2023,15:29:00,1682.4500,1682.4500,1679.6000,1681.4500,4875,1581375,
BATAINDIA_F1,07/19/2023,09:15:00,1679.2500,1688.0000,1679.2500,1688.0000,5252,1570500,
BATAINDIA_F1,07/19/2023,09:16:00,1688.0000,1688.0000,1688.0000,1688.0000,3000,1570500,
BATAINDIA_F1,07/19/2023,09:17:00,1681.6500,1683.9500,1679.0500,1680.6500,6000,1570500,
BATAINDIA_F1,07/19/2023,09:18:00,1678.2500,1678.2500,1674.9000,1676.2000,3375,1572750,
BATAINDIA_F1,07/19/2023,09:19:00,1676.5000,1679.6500,1676.5000,1679.6500,2625,1572750,
BATAINDIA_F1,07/19/2023,09:20:00,1680.0000,1680.0000,1678.0500,1678.0500,1500,1572750,
BATAINDIA_F1,07/19/2023,09:24:00,1675.8500,1675.8500,1675.8500,1675.8500,375,1572750,
BATAINDIA_F1,07/19/2023,09:25:00,1675.8500,1675.8500,1675.8500,1675.8500,375,1572375,
BATAINDIA_F1,07/19/2023,09:26:00,1677.1000,1677.1000,1677.1000,1677.1000,375,1572375,
BATAINDIA_F1,07/19/2023,09:27:00,1678.0000,1680.6000,1678.0000,1680.6000,2250,1572750,
BATAINDIA_F1,07/19/2023,09:28:00,1680.8000,1681.0000,1680.8000,1681.0000,750,1572750,
BATAINDIA_F1,07/19/2023,09:30:00,1684.7500,1686.0000,1684.7500,1686.0000,1500,1573125,
BATAINDIA_F1,07/19/2023,09:31:00,1684.6500,1684.6500,1684.6500,1684.6500,1500,1573125,
BATAINDIA_F1,07/19/2023,09:33:00,1679.7000,1679.7000,1679.7000,1679.7000,375,1573875,
BATAINDIA_F1,07/19/2023,09:34:00,1679.3500,1679.3500,1679.2500,1679.2500,750,1573875,
BATAINDIA_F1,07/19/2023,09:35:00,1680.2500,1680.2500,1680.2500,1680.2500,750,1573875,
BATAINDIA_F1,07/19/2023,09:37:00,1681.8000,1681.8000,1681.8000,1681.8000,750,1575000,
BATAINDIA_F1,07/19/2023,09:38:00,1681.8000,1681.8000,1681.0500,1681.0500,1875,1575000,
BATAINDIA_F1,07/19/2023,09:39:00,1680.0500,1680.0500,1680.0500,1680.0500,375,1575000,
BATAINDIA_F1,07/19/2023,09:40:00,1680.0000,1680.0000,1680.0000,1680.0000,375,1575000,
BATAINDIA_F1,07/19/2023,09:41:00,1679.6500,1679.6500,1679.6500,1679.6500,375,1575000,
BATAINDIA_F1,07/19/2023,09:42:00,1681.1500,1681.1500,1681.1500,1681.1500,375,1575375,
BATAINDIA_F1,07/19/2023,09:44:00,1681.3500,1681.3500,1680.2000,1680.2000,1125,1576500,
BATAINDIA_F1,07/19/2023,09:45:00,1680.9000,1684.0000,1680.9000,1684.0000,3000,1576500,
BATAINDIA_F1,07/19/2023,09:46:00,1685.1000,1685.1000,1685.1000,1685.1000,375,1576500,
BATAINDIA_F1,07/19/2023,09:48:00,1683.1500,1683.1500,1683.1500,1683.1500,375,1577250,
BATAINDIA_F1,07/19/2023,09:49:00,1684.6500,1690.0000,1684.6500,1688.7000,7500,1577250,
BATAINDIA_F1,07/19/2023,09:50:00,1687.2000,1688.5500,1687.2000,1688.5500,4125,1577250,
BATAINDIA_F1,07/19/2023,09:51:00,1688.2000,1688.2000,1687.0000,1687.5000,1875,1572750,
BATAINDIA_F1,07/19/2023,09:52:00,1687.0000,1688.0000,1687.0000,1687.6000,1875,1572750,
BATAINDIA_F1,07/19/2023,09:53:00,1688.1500,1688.2000,1688.1500,1688.2000,750,1574250,
BATAINDIA_F1,07/19/2023,09:54:00,1688.6000,1688.6000,1687.0500,1687.0500,4125,1574250,
BATAINDIA_F1,07/19/2023,09:56:00,1686.1500,1687.5000,1686.1500,1687.0000,1500,1574250,
BATAINDIA_F1,07/19/2023,09:57:00,1687.0000,1687.0000,1687.0000,1687.0000,375,1576875,
BATAINDIA_F1,07/19/2023,09:58:00,1685.7000,1685.7000,1685.7000,1685.7000,375,1576875,
BATAINDIA_F1,07/19/2023,09:59:00,1686.6500,1689.8500,1686.6500,1689.8500,3000,1576500,
BATAINDIA_F1,07/19/2023,10:00:00,1689.9000,1690.0000,1688.8000,1690.0000,2625,1576500,
BATAINDIA_F1,07/19/2023,10:01:00,1691.3500,1691.3500,1689.5000,1689.5000,4125,1576500,
BATAINDIA_F1,07/19/2023,10:02:00,1688.6500,1690.4500,1688.6500,1689.0000,1125,1576500,
BATAINDIA_F1,07/19/2023,10:03:00,1690.3500,1690.3500,1690.3500,1690.3500,375,1581375,
BATAINDIA_F1,07/19/2023,10:04:00,1690.4000,1690.4000,1690.4000,1690.4000,375,1581375,
BATAINDIA_F1,07/19/2023,10:05:00,1690.4000,1690.4000,1688.8000,1688.8000,750,1581000,
BATAINDIA_F1,07/19/2023,10:06:00,1688.0000,1688.9000,1687.8500,1688.9000,1125,1581000,
BATAINDIA_F1,07/19/2023,10:07:00,1690.2000,1690.2000,1690.2000,1690.2000,1125,1581000,
BATAINDIA_F1,07/19/2023,10:08:00,1690.6000,1690.6000,1690.0000,1690.0000,750,1580250,
BATAINDIA_F1,07/19/2023,10:09:00,1690.4000,1690.4000,1690.4000,1690.4000,375,1580250,
BATAINDIA_F1,07/19/2023,10:12:00,1689.7000,1689.7000,1689.7000,1689.7000,375,1579500,
BATAINDIA_F1,07/19/2023,10:13:00,1688.5000,1688.5000,1688.5000,1688.5000,375,1579500,
BATAINDIA_F1,07/19/2023,10:14:00,1690.7500,1694.0000,1690.7500,1694.0000,8250,1579500,
BATAINDIA_F1,07/19/2023,10:15:00,1694.0000,1694.0000,1690.5000,1692.3000,4125,1579875,
BATAINDIA_F1,07/19/2023,10:16:00,1693.4000,1696.0000,1693.0000,1693.9000,14250,1579875,
BATAINDIA_F1,07/19/2023,10:17:00,1695.8000,1695.8000,1690.9500,1691.5500,8250,1579875,
BATAINDIA_F1,07/19/2023,10:18:00,1691.0000,1692.5500,1691.0000,1692.5000,4500,1586625,
BATAINDIA_F1,07/19/2023,10:19:00,1692.0000,1692.0000,1692.0000,1692.0000,1125,1586625,
BATAINDIA_F1,07/19/2023,10:20:00,1691.1500,1691.1500,1691.1500,1691.1500,375,1586625,
BATAINDIA_F1,07/19/2023,10:21:00,1692.2000,1692.2000,1692.2000,1692.2000,375,1588500,
BATAINDIA_F1,07/19/2023,10:22:00,1692.2000,1692.2000,1691.0000,1691.9500,1875,1588500,
BATAINDIA_F1,07/19/2023,10:23:00,1691.4000,1691.4000,1691.4000,1691.4000,1125,1588500,
BATAINDIA_F1,07/19/2023,10:24:00,1691.4000,1691.4000,1691.4000,1691.4000,750,1587375,
BATAINDIA_F1,07/19/2023,10:25:00,1690.7500,1690.7500,1690.7500,1690.7500,375,1587375,
BATAINDIA_F1,07/19/2023,10:26:00,1690.3000,1690.3000,1689.0000,1689.9000,15000,1582125,
BATAINDIA_F1,07/19/2023,10:27:00,1689.9500,1690.0000,1689.9500,1690.0000,750,1582125,
BATAINDIA_F1,07/19/2023,10:28:00,1690.9000,1691.5000,1690.7000,1691.4500,6000,1582125,
BATAINDIA_F1,07/19/2023,10:29:00,1688.8500,1689.8500,1688.1500,1689.2500,13875,1582125,
BATAINDIA_F1,07/19/2023,10:31:00,1687.7000,1688.8000,1687.7000,1688.8000,750,1579125,
BATAINDIA_F1,07/19/2023,10:32:00,1688.0000,1688.8000,1688.0000,1688.8000,1125,1579125,
BATAINDIA_F1,07/19/2023,10:34:00,1687.4000,1687.4000,1687.4000,1687.4000,375,1579125,
BATAINDIA_F1,07/19/2023,10:35:00,1688.5500,1688.8000,1688.5500,1688.8000,750,1579125,
BATAINDIA_F1,07/19/2023,10:36:00,1689.1500,1689.1500,1687.4500,1687.4500,750,1578750,
BATAINDIA_F1,07/19/2023,10:40:00,1688.7000,1688.7000,1688.7000,1688.7000,375,1578000,
BATAINDIA_F1,07/19/2023,10:41:00,1687.6500,1687.7500,1687.6500,1687.7500,3750,1578000,
BATAINDIA_F1,07/19/2023,10:44:00,1687.1500,1687.1500,1686.8500,1686.8500,12375,1579875,
BATAINDIA_F1,07/19/2023,10:45:00,1686.8500,1687.0000,1686.3500,1687.0000,2625,1579875,
BATAINDIA_F1,07/19/2023,10:46:00,1686.0500,1688.3000,1686.0000,1687.0500,19500,1579875,
BATAINDIA_F1,07/19/2023,10:47:00,1685.3500,1685.3500,1685.3500,1685.3500,375,1579875,
BATAINDIA_F1,07/19/2023,10:49:00,1687.3500,1687.3500,1687.3500,1687.3500,750,1572000,
BATAINDIA_F1,07/19/2023,10:50:00,1687.4500,1687.4500,1686.2000,1686.2000,750,1572000,
BATAINDIA_F1,07/19/2023,10:51:00,1687.8500,1687.8500,1687.6500,1687.6500,750,1572375,
BATAINDIA_F1,07/19/2023,10:52:00,1687.8000,1687.8000,1686.2000,1686.2000,1875,1572375,
BATAINDIA_F1,07/19/2023,10:53:00,1687.1000,1687.1000,1686.3000,1686.3000,1500,1572375,
BATAINDIA_F1,07/19/2023,10:54:00,1687.5000,1687.5000,1686.6500,1686.6500,750,1571625,
BATAINDIA_F1,07/19/2023,10:55:00,1686.4500,1686.4500,1686.4500,1686.4500,375,1571625,
BATAINDIA_F1,07/19/2023,10:56:00,1686.4500,1686.4500,1686.4500,1686.4500,375,1571625,
BATAINDIA_F1,07/19/2023,10:57:00,1686.5500,1686.5500,1686.3000,1686.3000,1125,1571625,
BATAINDIA_F1,07/19/2023,10:58:00,1685.6000,1685.6000,1681.7000,1681.7000,1875,1571625,
BATAINDIA_F1,07/19/2023,10:59:00,1680.0000,1680.1500,1677.0000,1680.1500,11625,1571625,
BATAINDIA_F1,07/19/2023,11:00:00,1680.2000,1683.9000,1680.2000,1683.9000,7125,1571625,
BATAINDIA_F1,07/19/2023,11:01:00,1683.1000,1683.1000,1682.2500,1682.2500,2250,1571625,
BATAINDIA_F1,07/19/2023,11:02:00,1681.7500,1681.7500,1681.7500,1681.7500,375,1571625,
BATAINDIA_F1,07/19/2023,11:06:00,1681.7500,1681.7500,1681.7500,1681.7500,375,1572375,
BATAINDIA_F1,07/19/2023,11:09:00,1681.7500,1681.7500,1681.7500,1681.7500,375,1571625,
BATAINDIA_F1,07/19/2023,11:10:00,1681.7000,1682.4500,1681.7000,1682.4500,750,1571625,
BATAINDIA_F1,07/19/2023,11:11:00,1682.4500,1682.4500,1682.1500,1682.1500,750,1571625,
BATAINDIA_F1,07/19/2023,11:12:00,1682.1500,1682.1500,1682.1500,1682.1500,375,1571625,
BATAINDIA_F1,07/19/2023,11:14:00,1681.5000,1682.1000,1681.5000,1682.1000,750,1571625,
BATAINDIA_F1,07/19/2023,11:15:00,1682.2500,1682.2500,1682.2500,1682.2500,750,1572750,
BATAINDIA_F1,07/19/2023,11:16:00,1680.6500,1680.6500,1678.7500,1678.7500,1875,1572750,
BATAINDIA_F1,07/19/2023,11:17:00,1678.3500,1680.5500,1677.7500,1680.5500,2625,1572750,
BATAINDIA_F1,07/19/2023,11:18:00,1680.4500,1680.4500,1680.4500,1680.4500,750,1572375,
BATAINDIA_F1,07/19/2023,11:19:00,1680.4500,1680.4500,1680.4500,1680.4500,750,1572375,
BATAINDIA_F1,07/19/2023,11:20:00,1678.8500,1678.8500,1678.8500,1678.8500,375,1572375,
BATAINDIA_F1,07/19/2023,11:21:00,1680.0000,1680.0000,1680.0000,1680.0000,375,1572750,
BATAINDIA_F1,07/19/2023,11:22:00,1681.3000,1681.3000,1681.3000,1681.3000,375,1572750,
BATAINDIA_F1,07/19/2023,11:23:00,1681.5000,1681.5000,1681.5000,1681.5000,750,1572750,
BATAINDIA_F1,07/19/2023,11:24:00,1681.2000,1681.2000,1681.2000,1681.2000,375,1572750,
BATAINDIA_F1,07/19/2023,11:31:00,1682.0000,1682.5000,1682.0000,1682.5000,3375,1573125,
BATAINDIA_F1,07/19/2023,11:33:00,1682.6500,1682.6500,1682.6500,1682.6500,2250,1574250,
BATAINDIA_F1,07/19/2023,11:36:00,1681.7500,1681.7500,1681.7500,1681.7500,375,1575750,
BATAINDIA_F1,07/19/2023,11:37:00,1682.2000,1682.2000,1682.2000,1682.2000,375,1575750,
BATAINDIA_F1,07/19/2023,11:38:00,1682.3000,1682.3000,1682.3000,1682.3000,375,1575750,
BATAINDIA_F1,07/19/2023,11:39:00,1681.3500,1681.3500,1681.3500,1681.3500,375,1576125,
BATAINDIA_F1,07/19/2023,11:45:00,1681.3500,1681.3500,1681.3500,1681.3500,375,1576125,
BATAINDIA_F1,07/19/2023,11:52:00,1682.7500,1682.7500,1682.7500,1682.7500,375,1575375,
BATAINDIA_F1,07/19/2023,11:53:00,1681.5500,1681.5500,1681.5500,1681.5500,375,1575375,
BATAINDIA_F1,07/19/2023,11:54:00,1681.5000,1682.0500,1681.5000,1682.0500,750,1575750,
BATAINDIA_F1,07/19/2023,11:55:00,1682.1000,1682.1000,1682.1000,1682.1000,375,1575750,
BATAINDIA_F1,07/19/2023,11:57:00,1682.1000,1682.1000,1682.1000,1682.1000,1500,1575750,
BATAINDIA_F1,07/19/2023,11:58:00,1682.1000,1682.1000,1681.2500,1681.2500,750,1576125,
BATAINDIA_F1,07/19/2023,11:59:00,1681.6000,1681.6000,1681.6000,1681.6000,375,1576125,
BATAINDIA_F1,07/19/2023,12:01:00,1682.2000,1683.3500,1682.2000,1683.3500,1125,1576875,
BATAINDIA_F1,07/19/2023,12:02:00,1681.9500,1681.9500,1681.9500,1681.9500,375,1576875,
BATAINDIA_F1,07/19/2023,12:03:00,1683.4000,1683.4000,1683.4000,1683.4000,375,1576875,
BATAINDIA_F1,07/19/2023,12:05:00,1683.8000,1683.8000,1683.8000,1683.8000,750,1576875,
BATAINDIA_F1,07/19/2023,12:07:00,1683.3000,1683.3000,1683.3000,1683.3000,375,1577625,
BATAINDIA_F1,07/19/2023,12:08:00,1683.6000,1684.9500,1683.6000,1684.9500,1125,1577625,
BATAINDIA_F1,07/19/2023,12:11:00,1685.0000,1685.9500,1684.9500,1685.9000,2250,1578750,
BATAINDIA_F1,07/19/2023,12:13:00,1685.8000,1685.8000,1685.8000,1685.8000,750,1578000,
BATAINDIA_F1,07/19/2023,12:15:00,1685.6000,1687.1500,1685.6000,1687.1500,1875,1578375,
BATAINDIA_F1,07/19/2023,12:16:00,1687.0000,1687.0000,1686.9500,1686.9500,1125,1578375,
BATAINDIA_F1,07/19/2023,12:17:00,1686.9500,1686.9500,1686.0000,1686.0000,1500,1578375,
BATAINDIA_F1,07/19/2023,12:18:00,1688.0000,1688.0000,1688.0000,1688.0000,1125,1579500,
BATAINDIA_F1,07/19/2023,12:19:00,1688.7500,1689.1000,1688.7000,1688.7000,1500,1579500,
BATAINDIA_F1,07/19/2023,12:23:00,1686.1000,1686.1000,1686.1000,1686.1000,1500,1580625,
BATAINDIA_F1,07/19/2023,12:24:00,1686.0000,1686.0000,1686.0000,1686.0000,375,1580625,
BATAINDIA_F1,07/19/2023,12:26:00,1685.5000,1686.0500,1685.5000,1686.0500,1125,1581000,
BATAINDIA_F1,07/19/2023,12:27:00,1685.1500,1685.1500,1685.1500,1685.1500,375,1582500,
BATAINDIA_F1,07/19/2023,12:29:00,1686.2500,1686.2500,1685.4000,1685.4000,750,1582500,
BATAINDIA_F1,07/19/2023,12:34:00,1686.9500,1686.9500,1686.9500,1686.9500,750,1582500,
BATAINDIA_F1,07/19/2023,12:36:00,1685.6500,1685.6500,1685.6500,1685.6500,375,1582500,
BATAINDIA_F1,07/19/2023,12:42:00,1687.5000,1687.5000,1687.5000,1687.5000,375,1582500,
BATAINDIA_F1,07/19/2023,12:43:00,1685.6500,1685.6500,1685.6500,1685.6500,375,1582500,
BATAINDIA_F1,07/19/2023,12:44:00,1685.4000,1685.4000,1685.4000,1685.4000,375,1582500,
BATAINDIA_F1,07/19/2023,12:47:00,1685.1000,1685.1000,1685.1000,1685.1000,375,1582500,
BATAINDIA_F1,07/19/2023,12:57:00,1685.1000,1685.1000,1685.1000,1685.1000,1875,1582875,
BATAINDIA_F1,07/19/2023,12:58:00,1684.0000,1685.1500,1684.0000,1685.1500,750,1582875,
BATAINDIA_F1,07/19/2023,13:00:00,1684.8500,1684.8500,1684.8500,1684.8500,375,1582875,
BATAINDIA_F1,07/19/2023,13:01:00,1686.1000,1686.1000,1686.1000,1686.1000,375,1583250,
BATAINDIA_F1,07/19/2023,13:02:00,1686.1000,1686.1000,1684.8500,1684.8500,2250,1583250,
BATAINDIA_F1,07/19/2023,13:03:00,1684.4500,1684.4500,1684.4500,1684.4500,375,1584000,
BATAINDIA_F1,07/19/2023,13:05:00,1684.0500,1684.0500,1684.0500,1684.0500,375,1584000,
BATAINDIA_F1,07/19/2023,13:07:00,1684.0500,1684.0500,1684.0500,1684.0500,1125,1584375,
BATAINDIA_F1,07/19/2023,13:08:00,1685.0000,1686.1000,1685.0000,1686.1000,1125,1584375,
BATAINDIA_F1,07/19/2023,13:09:00,1686.1000,1686.1000,1686.1000,1686.1000,1500,1584750,
BATAINDIA_F1,07/19/2023,13:13:00,1685.7500,1685.7500,1685.7500,1685.7500,375,1584750,
BATAINDIA_F1,07/19/2023,13:14:00,1685.9000,1686.0000,1685.9000,1686.0000,2625,1584750,
BATAINDIA_F1,07/19/2023,13:15:00,1686.0000,1686.0000,1686.0000,1686.0000,375,1585875,
BATAINDIA_F1,07/19/2023,13:16:00,1686.0000,1686.0000,1686.0000,1686.0000,1125,1585875,
BATAINDIA_F1,07/19/2023,13:24:00,1686.0000,1686.0000,1686.0000,1686.0000,375,1586625,
BATAINDIA_F1,07/19/2023,13:26:00,1686.0000,1686.0000,1686.0000,1686.0000,375,1586625,
BATAINDIA_F1,07/19/2023,13:27:00,1686.0000,1686.0000,1686.0000,1686.0000,4125,1586625,
BATAINDIA_F1,07/19/2023,13:33:00,1687.3500,1687.3500,1686.4000,1686.4000,750,1586250,
BATAINDIA_F1,07/19/2023,13:35:00,1686.4000,1686.4000,1686.4000,1686.4000,1125,1586250,
BATAINDIA_F1,07/19/2023,13:37:00,1688.5500,1688.5500,1688.5500,1688.5500,375,1586625,
BATAINDIA_F1,07/19/2023,13:42:00,1688.5500,1688.5500,1688.5500,1688.5500,750,1587000,
BATAINDIA_F1,07/19/2023,13:43:00,1688.5500,1688.5500,1687.9500,1687.9500,1500,1587000,
BATAINDIA_F1,07/19/2023,13:44:00,1687.9500,1687.9500,1687.9500,1687.9500,3000,1587000,
BATAINDIA_F1,07/19/2023,13:45:00,1687.9500,1687.9500,1687.9500,1687.9500,375,1587000,
BATAINDIA_F1,07/19/2023,13:47:00,1687.9500,1687.9500,1687.3000,1687.3000,9750,1588875,
BATAINDIA_F1,07/19/2023,13:48:00,1686.5000,1687.3000,1686.5000,1687.3000,10125,1589250,
BATAINDIA_F1,07/19/2023,13:49:00,1687.3000,1687.3000,1687.3000,1687.3000,750,1589250,
BATAINDIA_F1,07/19/2023,13:50:00,1687.3000,1687.3000,1687.3000,1687.3000,750,1589250,
BATAINDIA_F1,07/19/2023,13:57:00,1686.9500,1686.9500,1686.9500,1686.9500,375,1589625,
BATAINDIA_F1,07/19/2023,13:58:00,1686.8500,1686.8500,1686.8500,1686.8500,375,1589625,
BATAINDIA_F1,07/19/2023,13:59:00,1686.3000,1686.3000,1686.3000,1686.3000,375,1589625,
BATAINDIA_F1,07/19/2023,14:00:00,1686.1500,1688.0500,1686.1500,1688.0500,3750,1589625,
BATAINDIA_F1,07/19/2023,14:01:00,1688.8000,1689.0000,1688.8000,1689.0000,750,1589625,
BATAINDIA_F1,07/19/2023,14:02:00,1688.6500,1688.6500,1687.5500,1687.5500,1500,1589625,
BATAINDIA_F1,07/19/2023,14:03:00,1687.5500,1687.5500,1687.5500,1687.5500,375,1591875,
BATAINDIA_F1,07/19/2023,14:04:00,1687.0000,1687.0000,1687.0000,1687.0000,375,1591875,
BATAINDIA_F1,07/19/2023,14:06:00,1687.8000,1687.8000,1687.8000,1687.8000,375,1591875,
BATAINDIA_F1,07/19/2023,14:08:00,1687.8000,1687.8000,1687.8000,1687.8000,750,1591875,
BATAINDIA_F1,07/19/2023,14:15:00,1688.0000,1688.0000,1688.0000,1688.0000,375,1589625,
BATAINDIA_F1,07/19/2023,14:16:00,1687.0000,1687.0000,1687.0000,1687.0000,375,1589625,
BATAINDIA_F1,07/19/2023,14:20:00,1687.0000,1687.0000,1687.0000,1687.0000,375,1589250,
BATAINDIA_F1,07/19/2023,14:23:00,1687.0000,1687.0000,1686.9500,1686.9500,1125,1589250,
BATAINDIA_F1,07/19/2023,14:24:00,1685.1000,1685.1000,1685.1000,1685.1000,375,1589625,
BATAINDIA_F1,07/19/2023,14:25:00,1685.6500,1685.6500,1685.6500,1685.6500,375,1589625,
BATAINDIA_F1,07/19/2023,14:28:00,1685.4000,1685.4000,1685.4000,1685.4000,375,1589250,
BATAINDIA_F1,07/19/2023,14:29:00,1684.7500,1684.7500,1684.7500,1684.7500,375,1589250,
BATAINDIA_F1,07/19/2023,14:30:00,1686.0000,1686.0000,1685.1500,1685.1500,4125,1590375,
BATAINDIA_F1,07/19/2023,14:31:00,1684.5000,1685.9000,1684.5000,1685.9000,750,1590375,
BATAINDIA_F1,07/19/2023,14:32:00,1684.9500,1685.9000,1684.9500,1685.9000,2625,1590375,
BATAINDIA_F1,07/19/2023,14:33:00,1685.0000,1686.4500,1685.0000,1686.4500,750,1590375,
BATAINDIA_F1,07/19/2023,14:34:00,1685.2000,1685.2000,1685.2000,1685.2000,375,1594875,
BATAINDIA_F1,07/19/2023,14:35:00,1687.0000,1687.0000,1687.0000,1687.0000,375,1594875,
BATAINDIA_F1,07/19/2023,14:36:00,1686.5500,1686.9500,1685.9500,1686.9500,1500,1595250,
BATAINDIA_F1,07/19/2023,14:39:00,1686.9500,1687.5000,1685.8000,1685.8000,4125,1594500,
BATAINDIA_F1,07/19/2023,14:40:00,1685.8000,1686.1000,1685.8000,1686.1000,4125,1594500,
BATAINDIA_F1,07/19/2023,14:41:00,1686.1000,1686.1000,1686.1000,1686.1000,1500,1594500,
BATAINDIA_F1,07/19/2023,14:42:00,1686.4500,1686.4500,1686.4500,1686.4500,375,1594500,
BATAINDIA_F1,07/19/2023,14:43:00,1686.8500,1686.8500,1686.8500,1686.8500,375,1596000,
BATAINDIA_F1,07/19/2023,14:44:00,1687.0000,1687.0000,1687.0000,1687.0000,750,1596000,
BATAINDIA_F1,07/19/2023,14:46:00,1687.0000,1687.9500,1687.0000,1687.9500,1125,1596375,
BATAINDIA_F1,07/19/2023,14:48:00,1686.1000,1686.1000,1686.1000,1686.1000,375,1597125,
BATAINDIA_F1,07/19/2023,14:50:00,1687.2500,1688.3500,1687.0500,1687.0500,1500,1597125,
BATAINDIA_F1,07/19/2023,14:52:00,1688.4500,1688.4500,1687.2000,1687.2000,750,1597500,
BATAINDIA_F1,07/19/2023,14:54:00,1687.2000,1687.2000,1687.2000,1687.2000,375,1597500,
BATAINDIA_F1,07/19/2023,14:55:00,1687.2000,1687.2000,1687.2000,1687.2000,750,1597500,
BATAINDIA_F1,07/19/2023,14:59:00,1687.0500,1687.0500,1687.0500,1687.0500,375,1598250,
BATAINDIA_F1,07/19/2023,15:00:00,1687.5000,1687.5000,1687.5000,1687.5000,375,1598250,
BATAINDIA_F1,07/19/2023,15:01:00,1687.4000,1687.4000,1687.4000,1687.4000,375,1598250,
BATAINDIA_F1,07/19/2023,15:02:00,1687.3500,1688.7500,1687.3500,1688.7500,750,1598250,
BATAINDIA_F1,07/19/2023,15:03:00,1688.8500,1688.8500,1687.5500,1688.2500,3750,1599750,
BATAINDIA_F1,07/19/2023,15:04:00,1686.3500,1687.9000,1686.3500,1687.9000,750,1599750,
BATAINDIA_F1,07/19/2023,15:05:00,1687.9500,1688.1000,1686.7500,1686.7500,1125,1599750,
BATAINDIA_F1,07/19/2023,15:07:00,1688.5500,1688.5500,1688.5500,1688.5500,375,1599750,
BATAINDIA_F1,07/19/2023,15:08:00,1687.7500,1687.8000,1687.5500,1687.5500,3750,1600125,
BATAINDIA_F1,07/19/2023,15:10:00,1688.4000,1688.4000,1688.4000,1688.4000,375,1601250,
BATAINDIA_F1,07/19/2023,15:11:00,1688.4000,1688.4000,1688.4000,1688.4000,2250,1601250,
BATAINDIA_F1,07/19/2023,15:13:00,1687.7500,1687.7500,1687.7500,1687.7500,750,1599750,
BATAINDIA_F1,07/19/2023,15:14:00,1687.1000,1687.1000,1686.7000,1686.7000,2250,1599750,
BATAINDIA_F1,07/19/2023,15:15:00,1686.7500,1688.0000,1686.7500,1688.0000,4875,1601625,
BATAINDIA_F1,07/19/2023,15:16:00,1688.3500,1688.4000,1688.3500,1688.4000,750,1601625,
BATAINDIA_F1,07/19/2023,15:17:00,1688.9000,1689.0000,1688.9000,1689.0000,750,1601625,
BATAINDIA_F1,07/19/2023,15:19:00,1688.0500,1688.0500,1687.5500,1687.5500,1125,1602750,
BATAINDIA_F1,07/19/2023,15:20:00,1687.5000,1687.5000,1687.1500,1687.1500,750,1602750,
BATAINDIA_F1,07/19/2023,15:22:00,1687.0500,1687.0500,1687.0500,1687.0500,1500,1599375,
BATAINDIA_F1,07/19/2023,15:23:00,1688.6500,1688.7500,1688.6500,1688.7500,1875,1599375,
BATAINDIA_F1,07/19/2023,15:24:00,1688.4000,1688.4500,1687.1500,1687.1500,2250,1600125,
BATAINDIA_F1,07/19/2023,15:26:00,1686.6500,1686.6500,1686.5000,1686.5000,1125,1600125,
BATAINDIA_F1,07/19/2023,15:27:00,1686.3500,1687.8500,1686.3500,1687.8500,1500,1600125,
BATAINDIA_F1,07/19/2023,15:28:00,1687.8500,1687.8500,1686.3500,1686.3500,1500,1600500,
BATAINDIA_F1,07/19/2023,15:29:00,1686.3500,1686.3500,1686.3500,1686.3500,750,1600500,
BATAINDIA_F1,07/19/2023,15:30:00,1687.4500,1687.4500,1687.4500,1687.4500,2625,1600500,
BATAINDIA_F1,07/20/2023,09:15:00,1688.1000,1688.1000,1672.5000,1672.5000,3752,1588125,
BATAINDIA_F1,07/20/2023,09:16:00,1679.9500,1681.3500,1679.9500,1681.3500,1500,1588125,
BATAINDIA_F1,07/20/2023,09:17:00,1679.8500,1680.2000,1679.8500,1680.2000,3375,1588125,
BATAINDIA_F1,07/20/2023,09:18:00,1680.6500,1680.6500,1680.6500,1680.6500,2250,1589625,
BATAINDIA_F1,07/20/2023,09:19:00,1679.1500,1682.8000,1679.1500,1682.7000,2625,1589625,
BATAINDIA_F1,07/20/2023,09:20:00,1683.5000,1683.5000,1682.1500,1682.1500,1500,1589625,
BATAINDIA_F1,07/20/2023,09:23:00,1683.9500,1683.9500,1683.9500,1683.9500,375,1593000,
BATAINDIA_F1,07/20/2023,09:25:00,1682.9000,1682.9000,1682.9000,1682.9000,375,1593000,
BATAINDIA_F1,07/20/2023,09:28:00,1682.8500,1682.8500,1682.8500,1682.8500,375,1592625,
BATAINDIA_F1,07/20/2023,09:29:00,1683.0000,1683.5500,1683.0000,1683.5500,750,1592625,
BATAINDIA_F1,07/20/2023,09:30:00,1681.5500,1681.6000,1681.5500,1681.6000,4125,1593375,
BATAINDIA_F1,07/20/2023,09:31:00,1682.6000,1682.6000,1681.4500,1681.4500,3750,1593375,
BATAINDIA_F1,07/20/2023,09:32:00,1681.5000,1681.5000,1681.5000,1681.5000,375,1593375,
BATAINDIA_F1,07/20/2023,09:33:00,1682.3500,1682.3500,1682.3500,1682.3500,375,1594500,
BATAINDIA_F1,07/20/2023,09:34:00,1683.5000,1684.0000,1683.5000,1684.0000,1125,1594500,
BATAINDIA_F1,07/20/2023,09:35:00,1683.5000,1683.5000,1683.5000,1683.5000,750,1594500,
BATAINDIA_F1,07/20/2023,09:36:00,1683.5000,1683.5000,1683.5000,1683.5000,375,1594500,
BATAINDIA_F1,07/20/2023,09:38:00,1686.9500,1686.9500,1686.9500,1686.9500,1125,1595625,
BATAINDIA_F1,07/20/2023,09:39:00,1687.0000,1687.0000,1687.0000,1687.0000,375,1593375,
BATAINDIA_F1,07/20/2023,09:40:00,1685.9500,1685.9500,1685.2000,1685.2000,750,1593375,
BATAINDIA_F1,07/20/2023,09:41:00,1685.0000,1685.0000,1685.0000,1685.0000,1125,1593375,
BATAINDIA_F1,07/20/2023,09:43:00,1684.3500,1684.3500,1684.3500,1684.3500,1125,1592250,
BATAINDIA_F1,07/20/2023,09:44:00,1683.5500,1683.5500,1683.5500,1683.5500,375,1592250,
BATAINDIA_F1,07/20/2023,09:45:00,1682.0000,1682.0000,1681.5000,1681.5000,1500,1593000,
BATAINDIA_F1,07/20/2023,09:46:00,1681.4000,1681.4000,1681.4000,1681.4000,375,1593000,
BATAINDIA_F1,07/20/2023,09:47:00,1681.4000,1681.4000,1679.2500,1679.2500,1500,1592250,
BATAINDIA_F1,07/20/2023,09:48:00,1677.6000,1678.7500,1677.0000,1677.0000,7875,1592250,
BATAINDIA_F1,07/20/2023,09:49:00,1677.3500,1678.4000,1677.3500,1678.4000,1125,1592250,
BATAINDIA_F1,07/20/2023,09:53:00,1677.2500,1677.2500,1677.1500,1677.1500,7875,1592250,
BATAINDIA_F1,07/20/2023,09:55:00,1678.1000,1678.1000,1678.1000,1678.1000,375,1592250,
BATAINDIA_F1,07/20/2023,09:56:00,1678.1000,1678.8500,1678.1000,1678.8000,1125,1595625,
BATAINDIA_F1,07/20/2023,09:58:00,1678.2500,1678.2500,1678.2500,1678.2500,375,1595625,
BATAINDIA_F1,07/20/2023,09:59:00,1679.4000,1679.4000,1678.0000,1678.0000,2250,1595625,
BATAINDIA_F1,07/20/2023,10:00:00,1677.5000,1679.5500,1677.1000,1679.5500,1500,1596750,
BATAINDIA_F1,07/20/2023,10:04:00,1678.6500,1678.6500,1678.6500,1678.6500,2250,1597125,
BATAINDIA_F1,07/20/2023,10:05:00,1676.9000,1676.9000,1676.9000,1676.9000,750,1597125,
BATAINDIA_F1,07/20/2023,10:06:00,1677.0000,1677.0000,1677.0000,1677.0000,375,1597500,
BATAINDIA_F1,07/20/2023,10:07:00,1678.1000,1678.1000,1678.1000,1678.1000,750,1597500,
BATAINDIA_F1,07/20/2023,10:09:00,1676.5500,1676.5500,1676.5500,1676.5500,750,1597500,
BATAINDIA_F1,07/20/2023,10:11:00,1675.5500,1675.5500,1674.0500,1674.0500,2250,1597500,
BATAINDIA_F1,07/20/2023,10:12:00,1674.3500,1674.3500,1674.3500,1674.3500,375,1597500,
BATAINDIA_F1,07/20/2023,10:15:00,1675.1500,1675.1500,1675.1500,1675.1500,375,1597500,
BATAINDIA_F1,07/20/2023,10:16:00,1673.1500,1673.1500,1671.4000,1673.1000,12750,1597500,
BATAINDIA_F1,07/20/2023,10:17:00,1672.9500,1672.9500,1671.6500,1672.7500,1125,1597500,
BATAINDIA_F1,07/20/2023,10:18:00,1672.7000,1672.7000,1672.6500,1672.6500,1125,1596750,
BATAINDIA_F1,07/20/2023,10:19:00,1672.1000,1672.1000,1672.1000,1672.1000,1500,1596750,
BATAINDIA_F1,07/20/2023,10:22:00,1672.8000,1672.8000,1672.8000,1672.8000,375,1597875,
BATAINDIA_F1,07/20/2023,10:23:00,1670.8000,1670.8000,1670.8000,1670.8000,7125,1597875,
BATAINDIA_F1,07/20/2023,10:25:00,1670.8000,1671.2000,1670.8000,1671.2000,750,1600875,
BATAINDIA_F1,07/20/2023,10:27:00,1674.0000,1675.3500,1673.5000,1675.3500,3000,1601250,
BATAINDIA_F1,07/20/2023,10:28:00,1675.3000,1675.3000,1673.5500,1673.5500,750,1601250,
BATAINDIA_F1,07/20/2023,10:30:00,1675.0500,1675.0500,1673.9500,1673.9500,1125,1603125,
BATAINDIA_F1,07/20/2023,10:31:00,1674.4000,1674.4000,1674.4000,1674.4000,375,1603125,
BATAINDIA_F1,07/20/2023,10:33:00,1675.0000,1675.0000,1675.0000,1675.0000,375,1603125,
BATAINDIA_F1,07/20/2023,10:35:00,1675.1000,1675.6000,1672.9000,1672.9000,4500,1604250,
BATAINDIA_F1,07/20/2023,10:37:00,1673.6500,1673.6500,1673.6500,1673.6500,375,1604250,
BATAINDIA_F1,07/20/2023,10:38:00,1673.6000,1673.6000,1673.6000,1673.6000,750,1608750,
BATAINDIA_F1,07/20/2023,10:39:00,1674.7500,1674.7500,1674.7500,1674.7500,375,1609875,
BATAINDIA_F1,07/20/2023,10:40:00,1675.6500,1675.6500,1674.3000,1674.3000,750,1609875,
BATAINDIA_F1,07/20/2023,10:41:00,1674.9500,1674.9500,1673.3000,1673.3000,3000,1609875,
BATAINDIA_F1,07/20/2023,10:45:00,1674.7500,1674.7500,1673.3500,1673.3500,2625,1610625,
BATAINDIA_F1,07/20/2023,10:46:00,1672.9000,1672.9000,1672.9000,1672.9000,750,1610625,
BATAINDIA_F1,07/20/2023,10:47:00,1673.0500,1673.6000,1672.5000,1672.5000,2625,1610625,
BATAINDIA_F1,07/20/2023,10:48:00,1674.0000,1674.0000,1672.1500,1672.1500,1125,1612875,
BATAINDIA_F1,07/20/2023,10:55:00,1673.9500,1674.8000,1673.9500,1673.9500,1125,1612875,
BATAINDIA_F1,07/20/2023,10:56:00,1674.7500,1674.7500,1674.7500,1674.7500,375,1612875,
BATAINDIA_F1,07/20/2023,10:57:00,1674.7500,1674.7500,1674.5000,1674.5000,1125,1613625,
BATAINDIA_F1,07/20/2023,10:58:00,1674.4000,1675.0000,1673.6000,1673.6000,2250,1613625,
BATAINDIA_F1,07/20/2023,11:00:00,1674.9500,1675.2500,1674.9500,1675.2500,750,1614375,
BATAINDIA_F1,07/20/2023,11:02:00,1677.1000,1677.6000,1676.3500,1676.5500,1875,1614375,
BATAINDIA_F1,07/20/2023,11:03:00,1676.6000,1676.6000,1676.6000,1676.6000,375,1614750,
BATAINDIA_F1,07/20/2023,11:05:00,1677.5500,1677.5500,1677.5500,1677.5500,375,1614750,
BATAINDIA_F1,07/20/2023,11:06:00,1676.5500,1676.5500,1673.8500,1674.5000,4500,1617000,
BATAINDIA_F1,07/20/2023,11:07:00,1674.5000,1674.5000,1673.0500,1673.0500,2250,1617000,
BATAINDIA_F1,07/20/2023,11:14:00,1674.3000,1674.3000,1674.3000,1674.3000,375,1617000,
BATAINDIA_F1,07/20/2023,11:16:00,1673.9000,1673.9000,1673.0500,1673.0500,750,1619625,
BATAINDIA_F1,07/20/2023,11:17:00,1673.0500,1673.0500,1673.0500,1673.0500,375,1619625,
BATAINDIA_F1,07/20/2023,11:20:00,1674.1000,1674.1000,1674.1000,1674.1000,375,1619625,
BATAINDIA_F1,07/20/2023,11:26:00,1674.1000,1674.4500,1673.2500,1674.4500,3375,1620000,
BATAINDIA_F1,07/20/2023,11:28:00,1673.3500,1673.3500,1673.3500,1673.3500,375,1621125,
BATAINDIA_F1,07/20/2023,11:30:00,1673.9500,1674.0000,1673.5500,1674.0000,1125,1621125,
BATAINDIA_F1,07/20/2023,11:31:00,1674.0500,1674.0500,1673.2000,1673.2000,1125,1621125,
BATAINDIA_F1,07/20/2023,11:33:00,1673.0000,1673.0000,1672.2500,1672.2500,2250,1621875,
BATAINDIA_F1,07/20/2023,11:34:00,1673.0500,1673.2000,1673.0500,1673.2000,1500,1621875,
BATAINDIA_F1,07/20/2023,11:35:00,1672.8000,1674.3000,1671.8000,1671.8000,4125,1621875,
BATAINDIA_F1,07/20/2023,11:38:00,1673.6500,1675.6000,1673.6500,1675.3000,1500,1625625,
BATAINDIA_F1,07/20/2023,11:42:00,1676.5000,1676.5000,1676.5000,1676.5000,375,1626000,
BATAINDIA_F1,07/20/2023,11:45:00,1676.5000,1676.5000,1676.5000,1676.5000,375,1626000,
BATAINDIA_F1,07/20/2023,11:48:00,1677.0000,1677.0000,1677.0000,1677.0000,375,1626000,
BATAINDIA_F1,07/20/2023,11:49:00,1677.8000,1678.5000,1677.8000,1678.5000,1875,1626000,
BATAINDIA_F1,07/20/2023,11:52:00,1677.1000,1677.1000,1675.9000,1675.9000,750,1627875,
BATAINDIA_F1,07/20/2023,11:54:00,1675.9000,1676.0500,1675.9000,1676.0500,750,1627875,
BATAINDIA_F1,07/20/2023,11:56:00,1677.2500,1678.7000,1677.2500,1678.7000,1875,1627875,
BATAINDIA_F1,07/20/2023,11:57:00,1679.2500,1679.2500,1678.8000,1678.8000,750,1627875,
BATAINDIA_F1,07/20/2023,11:58:00,1678.9000,1678.9000,1678.9000,1678.9000,375,1627875,
BATAINDIA_F1,07/20/2023,12:01:00,1680.0000,1681.0000,1680.0000,1680.5000,1500,1627875,
BATAINDIA_F1,07/20/2023,12:03:00,1680.6000,1680.6000,1680.0500,1680.0500,1500,1627875,
BATAINDIA_F1,07/20/2023,12:04:00,1680.5500,1680.5500,1680.5500,1680.5500,375,1627875,
BATAINDIA_F1,07/20/2023,12:05:00,1681.0000,1681.0000,1680.1500,1680.1500,1875,1627875,
BATAINDIA_F1,07/20/2023,12:06:00,1680.1500,1681.2000,1680.1500,1681.2000,4875,1627875,
BATAINDIA_F1,07/20/2023,12:07:00,1681.0000,1681.4500,1681.0000,1681.4500,750,1627875,
BATAINDIA_F1,07/20/2023,12:12:00,1681.4500,1681.4500,1681.4500,1681.4500,375,1622625,
BATAINDIA_F1,07/20/2023,12:15:00,1680.0000,1680.0000,1680.0000,1680.0000,1125,1622625,
BATAINDIA_F1,07/20/2023,12:18:00,1680.1500,1680.4000,1680.1500,1680.4000,750,1623375,
BATAINDIA_F1,07/20/2023,12:19:00,1680.4000,1680.4000,1679.2500,1679.2500,1125,1623375,
BATAINDIA_F1,07/20/2023,12:22:00,1679.2500,1679.2500,1679.2500,1679.2500,375,1624125,
BATAINDIA_F1,07/20/2023,12:23:00,1679.0500,1679.0500,1679.0500,1679.0500,375,1624125,
BATAINDIA_F1,07/20/2023,12:26:00,1679.0000,1679.0000,1679.0000,1679.0000,750,1624500,
BATAINDIA_F1,07/20/2023,12:27:00,1679.0000,1679.0000,1679.0000,1679.0000,375,1624500,
BATAINDIA_F1,07/20/2023,12:29:00,1677.9500,1678.0000,1677.9500,1678.0000,750,1623750,
BATAINDIA_F1,07/20/2023,12:31:00,1678.0000,1678.0000,1678.0000,1678.0000,375,1623750,
BATAINDIA_F1,07/20/2023,12:32:00,1678.4500,1678.4500,1678.4500,1678.4500,375,1623750,
BATAINDIA_F1,07/20/2023,12:35:00,1677.5000,1678.0500,1677.5000,1678.0500,1125,1624125,
BATAINDIA_F1,07/20/2023,12:38:00,1676.6000,1676.6000,1676.5500,1676.5500,1125,1625250,
BATAINDIA_F1,07/20/2023,12:39:00,1677.3000,1677.3000,1677.3000,1677.3000,375,1625250,
BATAINDIA_F1,07/20/2023,12:40:00,1677.3000,1677.3000,1677.3000,1677.3000,375,1625250,
BATAINDIA_F1,07/20/2023,12:41:00,1677.2500,1677.2500,1676.5500,1676.5500,750,1625250,
BATAINDIA_F1,07/20/2023,12:44:00,1677.9500,1677.9500,1677.9500,1677.9500,1125,1626000,
BATAINDIA_F1,07/20/2023,12:46:00,1678.8500,1678.8500,1678.0000,1678.0000,1500,1626375,
BATAINDIA_F1,07/20/2023,12:47:00,1678.0000,1678.8500,1677.9000,1677.9000,2625,1626375,
BATAINDIA_F1,07/20/2023,12:48:00,1676.2500,1676.2500,1676.1500,1676.1500,1500,1626375,
BATAINDIA_F1,07/20/2023,12:49:00,1675.0000,1676.6500,1675.0000,1675.0500,1875,1626375,
BATAINDIA_F1,07/20/2023,12:50:00,1675.0500,1676.9000,1675.0000,1675.0000,3000,1626375,
BATAINDIA_F1,07/20/2023,12:51:00,1675.4500,1675.4500,1674.3500,1674.3500,750,1626375,
BATAINDIA_F1,07/20/2023,12:53:00,1674.6000,1674.6000,1674.6000,1674.6000,375,1626750,
BATAINDIA_F1,07/20/2023,12:54:00,1676.1500,1676.8000,1676.1500,1676.8000,1500,1626750,
BATAINDIA_F1,07/20/2023,12:56:00,1675.0000,1677.0000,1675.0000,1677.0000,2250,1627125,
BATAINDIA_F1,07/20/2023,12:57:00,1676.0000,1676.0000,1676.0000,1676.0000,375,1627125,
BATAINDIA_F1,07/20/2023,12:59:00,1676.0000,1676.0000,1676.0000,1676.0000,375,1626000,
BATAINDIA_F1,07/20/2023,13:00:00,1677.0000,1677.0000,1677.0000,1677.0000,375,1626000,
BATAINDIA_F1,07/20/2023,13:01:00,1677.7000,1677.7000,1677.7000,1677.7000,375,1626000,
BATAINDIA_F1,07/20/2023,13:02:00,1676.3000,1676.3000,1676.3000,1676.3000,375,1626750,
BATAINDIA_F1,07/20/2023,13:03:00,1678.1000,1679.2000,1678.1000,1679.2000,1500,1626750,
BATAINDIA_F1,07/20/2023,13:05:00,1679.7000,1679.7000,1679.7000,1679.7000,375,1626000,
BATAINDIA_F1,07/20/2023,13:08:00,1679.7000,1679.7000,1679.7000,1679.7000,375,1626000,
BATAINDIA_F1,07/20/2023,13:11:00,1678.6000,1678.6000,1678.6000,1678.6000,375,1626375,
BATAINDIA_F1,07/20/2023,13:12:00,1677.7000,1677.8000,1677.7000,1677.8000,750,1626375,
BATAINDIA_F1,07/20/2023,13:15:00,1676.7500,1676.7500,1676.7500,1676.7500,750,1626375,
BATAINDIA_F1,07/20/2023,13:18:00,1676.7500,1676.7500,1676.7500,1676.7500,375,1626750,
BATAINDIA_F1,07/20/2023,13:19:00,1676.5500,1676.5500,1676.5500,1676.5500,375,1626750,
BATAINDIA_F1,07/20/2023,13:20:00,1676.5500,1676.5500,1676.5500,1676.5500,3750,1626750,
BATAINDIA_F1,07/20/2023,13:22:00,1676.4500,1677.5000,1676.4500,1677.5000,1875,1627875,
BATAINDIA_F1,07/20/2023,13:24:00,1677.5000,1677.5000,1677.5000,1677.5000,1875,1627875,
BATAINDIA_F1,07/20/2023,13:27:00,1677.5000,1677.5000,1677.5000,1677.5000,375,1627875,
BATAINDIA_F1,07/20/2023,13:29:00,1677.7000,1677.7000,1677.7000,1677.7000,375,1628250,
BATAINDIA_F1,07/20/2023,13:30:00,1677.7500,1677.7500,1677.7500,1677.7500,750,1628250,
BATAINDIA_F1,07/20/2023,13:31:00,1677.2000,1677.2000,1677.2000,1677.2000,750,1629000,
BATAINDIA_F1,07/20/2023,13:33:00,1676.6500,1676.6500,1676.6500,1676.6500,375,1629000,
BATAINDIA_F1,07/20/2023,13:34:00,1676.4500,1676.4500,1676.4500,1676.4500,750,1628250,
BATAINDIA_F1,07/20/2023,13:35:00,1676.9000,1676.9000,1676.9000,1676.9000,375,1628250,
BATAINDIA_F1,07/20/2023,13:36:00,1677.3500,1677.3500,1676.6500,1676.6500,1500,1628250,
BATAINDIA_F1,07/20/2023,13:37:00,1678.1000,1678.1000,1678.1000,1678.1000,750,1628625,
BATAINDIA_F1,07/20/2023,13:40:00,1677.3500,1677.5000,1677.3500,1677.5000,750,1628250,
BATAINDIA_F1,07/20/2023,13:44:00,1678.3000,1678.3000,1678.3000,1678.3000,375,1627125,
BATAINDIA_F1,07/20/2023,13:45:00,1678.3000,1678.3000,1678.3000,1678.3000,375,1627125,
BATAINDIA_F1,07/20/2023,13:46:00,1677.4500,1678.3000,1677.4500,1678.3000,750,1627500,
BATAINDIA_F1,07/20/2023,13:53:00,1677.9500,1677.9500,1677.9500,1677.9500,375,1627500,
BATAINDIA_F1,07/20/2023,13:54:00,1679.0500,1679.0500,1679.0500,1679.0500,375,1627500,
BATAINDIA_F1,07/20/2023,13:55:00,1679.0500,1679.0500,1679.0500,1679.0500,750,1627500,
BATAINDIA_F1,07/20/2023,13:59:00,1678.5000,1678.5000,1678.5000,1678.5000,1500,1627875,
BATAINDIA_F1,07/20/2023,14:00:00,1678.0500,1679.5500,1678.0500,1679.5500,1500,1627875,
BATAINDIA_F1,07/20/2023,14:01:00,1679.0500,1679.0500,1679.0500,1679.0500,750,1628625,
BATAINDIA_F1,07/20/2023,14:02:00,1678.5500,1678.5500,1678.5500,1678.5500,375,1628625,
BATAINDIA_F1,07/20/2023,14:03:00,1678.1500,1678.1500,1678.1500,1678.1500,375,1628625,
BATAINDIA_F1,07/20/2023,14:04:00,1678.1500,1678.1500,1678.1500,1678.1500,375,1628625,
BATAINDIA_F1,07/20/2023,14:06:00,1677.9000,1677.9000,1677.9000,1677.9000,375,1628625,
BATAINDIA_F1,07/20/2023,14:08:00,1677.9000,1677.9000,1677.9000,1677.9000,2250,1628625,
BATAINDIA_F1,07/20/2023,14:09:00,1677.9000,1677.9000,1677.9000,1677.9000,1500,1628625,
BATAINDIA_F1,07/20/2023,14:10:00,1677.5500,1677.5500,1677.0000,1677.0000,1125,1628625,
BATAINDIA_F1,07/20/2023,14:12:00,1677.0500,1677.0500,1677.0500,1677.0500,375,1628625,
BATAINDIA_F1,07/20/2023,14:13:00,1677.0500,1677.0500,1677.0500,1677.0500,375,1627500,
BATAINDIA_F1,07/20/2023,14:18:00,1676.8000,1676.8000,1676.8000,1676.8000,750,1627500,
BATAINDIA_F1,07/20/2023,14:19:00,1676.2000,1676.2000,1676.2000,1676.2000,1500,1627500,
BATAINDIA_F1,07/20/2023,14:20:00,1676.9500,1678.8000,1676.9500,1677.7000,1500,1626750,
BATAINDIA_F1,07/20/2023,14:21:00,1677.7000,1677.7000,1677.7000,1677.7000,1875,1626750,
BATAINDIA_F1,07/20/2023,14:22:00,1677.6500,1679.4000,1677.6500,1679.4000,1125,1626750,
BATAINDIA_F1,07/20/2023,14:23:00,1679.4000,1679.4000,1678.1000,1678.1000,750,1626750,
BATAINDIA_F1,07/20/2023,14:24:00,1678.0000,1678.0000,1678.0000,1678.0000,375,1626750,
BATAINDIA_F1,07/20/2023,14:25:00,1677.2000,1677.2500,1677.2000,1677.2500,2250,1626375,
BATAINDIA_F1,07/20/2023,14:28:00,1678.3000,1678.3000,1678.3000,1678.3000,375,1626375,
BATAINDIA_F1,07/20/2023,14:29:00,1677.0500,1677.0500,1677.0500,1677.0500,2250,1626375,
BATAINDIA_F1,07/20/2023,14:31:00,1678.0000,1678.0000,1678.0000,1678.0000,375,1627125,
BATAINDIA_F1,07/20/2023,14:32:00,1678.0000,1678.0000,1676.0000,1676.0000,3000,1627125,
BATAINDIA_F1,07/20/2023,14:33:00,1677.0000,1677.0000,1677.0000,1677.0000,375,1627125,
BATAINDIA_F1,07/20/2023,14:34:00,1676.3000,1676.3000,1676.3000,1676.3000,375,1627125,
BATAINDIA_F1,07/20/2023,14:36:00,1676.1500,1676.3000,1676.1500,1676.3000,1125,1627500,
BATAINDIA_F1,07/20/2023,14:38:00,1677.0000,1677.0000,1677.0000,1677.0000,1500,1627500,
BATAINDIA_F1,07/20/2023,14:41:00,1677.0000,1677.0000,1677.0000,1677.0000,375,1627875,
BATAINDIA_F1,07/20/2023,14:44:00,1676.3000,1676.3000,1676.0500,1676.0500,750,1627875,
BATAINDIA_F1,07/20/2023,14:46:00,1675.1000,1676.0000,1675.1000,1676.0000,1125,1627875,
BATAINDIA_F1,07/20/2023,14:47:00,1676.4500,1676.4500,1676.4500,1676.4500,750,1604625,
BATAINDIA_F1,07/20/2023,14:48:00,1676.8500,1676.8500,1676.8500,1676.8500,1875,1604625,
BATAINDIA_F1,07/20/2023,14:49:00,1676.0500,1676.0500,1676.0500,1676.0500,375,1604625,
BATAINDIA_F1,07/20/2023,14:51:00,1676.0500,1677.1500,1676.0500,1677.1500,1500,1603500,
BATAINDIA_F1,07/20/2023,14:52:00,1677.2000,1678.3500,1677.2000,1678.3500,1875,1604250,
BATAINDIA_F1,07/20/2023,14:53:00,1678.3500,1678.3500,1678.3500,1678.3500,375,1604250,
BATAINDIA_F1,07/20/2023,14:54:00,1679.9500,1681.0000,1679.9500,1681.0000,1875,1604250,
BATAINDIA_F1,07/20/2023,14:55:00,1679.4500,1679.8500,1679.4500,1679.8500,1500,1602000,
BATAINDIA_F1,07/20/2023,14:56:00,1680.9500,1680.9500,1678.9000,1678.9000,4875,1602000,
BATAINDIA_F1,07/20/2023,14:57:00,1678.9000,1679.0000,1678.8500,1679.0000,3750,1602000,
BATAINDIA_F1,07/20/2023,14:58:00,1679.9000,1679.9000,1679.0500,1679.0500,1125,1602000,
BATAINDIA_F1,07/20/2023,14:59:00,1679.9000,1679.9000,1679.9000,1679.9000,375,1602000,
BATAINDIA_F1,07/20/2023,15:00:00,1680.8000,1680.8000,1680.8000,1680.8000,375,1602000,
BATAINDIA_F1,07/20/2023,15:01:00,1680.6000,1680.6000,1680.6000,1680.6000,375,1602375,
BATAINDIA_F1,07/20/2023,15:02:00,1680.5000,1680.5000,1680.0500,1680.0500,1125,1602375,
BATAINDIA_F1,07/20/2023,15:03:00,1680.0000,1680.0000,1680.0000,1680.0000,375,1602375,
BATAINDIA_F1,07/20/2023,15:04:00,1680.0000,1680.0000,1680.0000,1680.0000,375,1601625,
BATAINDIA_F1,07/20/2023,15:06:00,1678.7000,1680.0500,1678.7000,1680.0500,1500,1601625,
BATAINDIA_F1,07/20/2023,15:07:00,1680.1000,1680.1000,1679.3500,1679.3500,1125,1601625,
BATAINDIA_F1,07/20/2023,15:09:00,1679.9000,1681.0000,1679.9000,1681.0000,750,1601625,
BATAINDIA_F1,07/20/2023,15:10:00,1681.6000,1681.6000,1680.1000,1680.1000,3750,1601250,
BATAINDIA_F1,07/20/2023,15:11:00,1679.8500,1679.8500,1679.8500,1679.8500,375,1601250,
BATAINDIA_F1,07/20/2023,15:13:00,1680.7000,1680.7000,1679.9000,1679.9000,750,1600125,
BATAINDIA_F1,07/20/2023,15:15:00,1681.1500,1682.1000,1681.1500,1681.5500,5625,1600125,
BATAINDIA_F1,07/20/2023,15:16:00,1681.9500,1681.9500,1680.6500,1681.0500,5250,1600125,
BATAINDIA_F1,07/20/2023,15:17:00,1679.8000,1679.8000,1679.8000,1679.8000,750,1597125,
BATAINDIA_F1,07/20/2023,15:18:00,1679.6000,1679.6000,1678.3500,1678.3500,750,1597125,
BATAINDIA_F1,07/20/2023,15:19:00,1679.3500,1679.3500,1677.6000,1678.3500,3000,1598625,
BATAINDIA_F1,07/20/2023,15:20:00,1678.7000,1678.7500,1678.7000,1678.7500,1875,1598625,
BATAINDIA_F1,07/20/2023,15:21:00,1678.2000,1679.5000,1678.2000,1678.9000,1500,1598625,
BATAINDIA_F1,07/20/2023,15:22:00,1678.8500,1680.4000,1677.3500,1678.2500,15375,1602000,
BATAINDIA_F1,07/20/2023,15:23:00,1678.1000,1678.1000,1673.7000,1673.7500,18375,1602000,
BATAINDIA_F1,07/20/2023,15:24:00,1673.7500,1673.7500,1670.0500,1670.0500,20625,1602000,
BATAINDIA_F1,07/20/2023,15:25:00,1670.0500,1672.5000,1670.0500,1670.0500,4875,1614750,
BATAINDIA_F1,07/20/2023,15:26:00,1669.7500,1671.5500,1669.7500,1671.3000,9375,1614750,
BATAINDIA_F1,07/20/2023,15:27:00,1671.0500,1671.4500,1669.9500,1670.2500,3375,1614750,
BATAINDIA_F1,07/20/2023,15:28:00,1671.2500,1679.9500,1671.2500,1676.5500,33000,1623000,
BATAINDIA_F1,07/20/2023,15:29:00,1679.3500,1679.6500,1673.7000,1673.7000,6000,1623000,
BATAINDIA_F1,07/21/2023,09:15:00,1671.9500,1672.0000,1667.8000,1668.6000,3003,1587000,
BATAINDIA_F1,07/21/2023,09:16:00,1670.3500,1681.6000,1670.3500,1681.6000,6750,1587000,
BATAINDIA_F1,07/21/2023,09:17:00,1680.5500,1680.5500,1680.5500,1680.5500,750,1587000,
BATAINDIA_F1,07/21/2023,09:18:00,1675.8000,1675.8000,1674.5000,1674.5000,1125,1591125,
BATAINDIA_F1,07/21/2023,09:19:00,1676.7000,1676.7000,1674.1000,1674.1000,1125,1591125,
BATAINDIA_F1,07/21/2023,09:21:00,1674.1000,1677.6500,1674.1000,1677.6500,1500,1590750,
BATAINDIA_F1,07/21/2023,09:22:00,1678.0000,1678.0000,1678.0000,1678.0000,750,1590750,
BATAINDIA_F1,07/21/2023,09:23:00,1678.1000,1679.2000,1678.1000,1679.2000,750,1591125,
BATAINDIA_F1,07/21/2023,09:24:00,1679.5500,1679.5500,1679.5500,1679.5500,375,1591125,
BATAINDIA_F1,07/21/2023,09:25:00,1680.9500,1680.9500,1680.1000,1680.1000,2250,1591125,
BATAINDIA_F1,07/21/2023,09:26:00,1678.4500,1678.4500,1678.4500,1678.4500,750,1591875,
BATAINDIA_F1,07/21/2023,09:27:00,1678.0000,1678.0000,1678.0000,1678.0000,375,1591875,
BATAINDIA_F1,07/21/2023,09:29:00,1677.3500,1677.6000,1677.3000,1677.3000,3375,1591875,
BATAINDIA_F1,07/21/2023,09:30:00,1677.3000,1677.3500,1673.9000,1673.9000,4875,1591875,
BATAINDIA_F1,07/21/2023,09:31:00,1674.0000,1674.0000,1673.1000,1673.2000,3000,1591875,
BATAINDIA_F1,07/21/2023,09:32:00,1672.0500,1673.2500,1672.0500,1673.2500,3375,1591875,
BATAINDIA_F1,07/21/2023,09:33:00,1673.7500,1673.7500,1673.7500,1673.7500,750,1594125,
BATAINDIA_F1,07/21/2023,09:34:00,1673.0500,1673.0500,1671.0500,1671.0500,2250,1594125,
BATAINDIA_F1,07/21/2023,09:35:00,1671.0500,1671.0500,1670.0000,1670.0000,1125,1595250,
BATAINDIA_F1,07/21/2023,09:36:00,1671.0500,1671.8000,1671.0500,1671.8000,1875,1595250,
BATAINDIA_F1,07/21/2023,09:37:00,1672.4000,1672.4000,1672.4000,1672.4000,1125,1595250,
BATAINDIA_F1,07/21/2023,09:38:00,1673.4000,1673.4000,1673.4000,1673.4000,750,1595250,
BATAINDIA_F1,07/21/2023,09:39:00,1672.1500,1672.1500,1672.1500,1672.1500,2625,1594875,
BATAINDIA_F1,07/21/2023,09:40:00,1671.5000,1671.5000,1671.5000,1671.5000,375,1594875,
BATAINDIA_F1,07/21/2023,09:41:00,1670.3000,1670.3000,1670.3000,1670.3000,375,1595625,
BATAINDIA_F1,07/21/2023,09:42:00,1670.3000,1670.3000,1669.8500,1670.0000,1875,1595625,
BATAINDIA_F1,07/21/2023,09:44:00,1670.0000,1670.0000,1670.0000,1670.0000,375,1595625,
BATAINDIA_F1,07/21/2023,09:45:00,1668.0000,1668.0000,1665.9000,1666.7000,8625,1594500,
BATAINDIA_F1,07/21/2023,09:46:00,1667.8000,1669.7000,1667.8000,1669.7000,2250,1594500,
BATAINDIA_F1,07/21/2023,09:48:00,1671.2500,1672.3500,1671.2500,1672.3500,1875,1587750,
BATAINDIA_F1,07/21/2023,09:49:00,1671.8000,1671.8000,1670.4000,1670.4000,1500,1587750,
BATAINDIA_F1,07/21/2023,09:50:00,1670.4000,1670.4000,1670.4000,1670.4000,375,1585875,
BATAINDIA_F1,07/21/2023,09:51:00,1671.1500,1671.1500,1671.1500,1671.1500,375,1585875,
BATAINDIA_F1,07/21/2023,09:52:00,1671.1500,1671.1500,1671.1500,1671.1500,375,1585875,
BATAINDIA_F1,07/21/2023,09:54:00,1670.8000,1670.8000,1670.8000,1670.8000,1125,1585875,
BATAINDIA_F1,07/21/2023,09:55:00,1670.8000,1670.8000,1670.8000,1670.8000,750,1585875,
BATAINDIA_F1,07/21/2023,09:56:00,1670.8000,1671.7500,1670.8000,1671.7500,2250,1584750,
BATAINDIA_F1,07/21/2023,09:57:00,1670.4000,1670.4000,1669.7500,1669.7500,1500,1584750,
BATAINDIA_F1,07/21/2023,09:58:00,1672.0500,1672.0500,1672.0500,1672.0500,1125,1584750,
BATAINDIA_F1,07/21/2023,09:59:00,1672.3000,1672.3000,1672.3000,1672.3000,1125,1584750,
BATAINDIA_F1,07/21/2023,10:00:00,1670.6000,1672.0000,1670.6000,1672.0000,1125,1584750,
BATAINDIA_F1,07/21/2023,10:01:00,1672.0500,1672.0500,1672.0500,1672.0500,375,1584750,
BATAINDIA_F1,07/21/2023,10:04:00,1672.0500,1672.0500,1672.0500,1672.0500,375,1586250,
BATAINDIA_F1,07/21/2023,10:05:00,1672.0500,1672.0500,1670.9500,1670.9500,1500,1585125,
BATAINDIA_F1,07/21/2023,10:06:00,1670.6500,1672.3500,1670.6500,1672.3500,1500,1585125,
BATAINDIA_F1,07/21/2023,10:07:00,1672.0500,1672.0500,1672.0500,1672.0500,750,1585125,
BATAINDIA_F1,07/21/2023,10:08:00,1672.0500,1672.0500,1672.0500,1672.0500,375,1585125,
BATAINDIA_F1,07/21/2023,10:09:00,1673.6000,1673.6000,1673.4000,1673.4000,1500,1585125,
BATAINDIA_F1,07/21/2023,10:10:00,1673.4000,1673.4000,1673.4000,1673.4000,375,1585125,
BATAINDIA_F1,07/21/2023,10:12:00,1673.4000,1673.4000,1673.4000,1673.4000,375,1585125,
BATAINDIA_F1,07/21/2023,10:13:00,1672.0000,1672.6500,1672.0000,1672.6500,750,1583625,
BATAINDIA_F1,07/21/2023,10:14:00,1672.6500,1672.6500,1672.6500,1672.6500,375,1582875,
BATAINDIA_F1,07/21/2023,10:15:00,1672.8500,1672.8500,1672.8500,1672.8500,375,1582875,
BATAINDIA_F1,07/21/2023,10:16:00,1672.8500,1672.8500,1672.8500,1672.8500,750,1582875,
BATAINDIA_F1,07/21/2023,10:17:00,1674.3500,1674.3500,1674.3500,1674.3500,375,1582875,
BATAINDIA_F1,07/21/2023,10:18:00,1673.2500,1673.2500,1673.2500,1673.2500,1125,1582875,
BATAINDIA_F1,07/21/2023,10:20:00,1675.7000,1675.7000,1675.7000,1675.7000,1125,1581750,
BATAINDIA_F1,07/21/2023,10:21:00,1675.2500,1675.2500,1675.2500,1675.2500,1125,1581750,
BATAINDIA_F1,07/21/2023,10:22:00,1675.2500,1675.2500,1675.2500,1675.2500,375,1581750,
BATAINDIA_F1,07/21/2023,10:23:00,1675.0000,1675.0000,1675.0000,1675.0000,375,1581750,
BATAINDIA_F1,07/21/2023,10:24:00,1675.0000,1675.0000,1675.0000,1675.0000,375,1582125,
BATAINDIA_F1,07/21/2023,10:25:00,1676.1000,1676.4000,1676.1000,1676.4000,750,1582125,
BATAINDIA_F1,07/21/2023,10:26:00,1676.4000,1676.4000,1676.4000,1676.4000,2625,1580250,
BATAINDIA_F1,07/21/2023,10:27:00,1676.0000,1677.0000,1676.0000,1677.0000,2625,1580250,
BATAINDIA_F1,07/21/2023,10:28:00,1677.0000,1677.0000,1677.0000,1677.0000,375,1580250,
BATAINDIA_F1,07/21/2023,10:29:00,1677.0000,1679.1500,1677.0000,1679.1500,2250,1581000,
BATAINDIA_F1,07/21/2023,10:30:00,1678.5000,1678.5000,1678.5000,1678.5000,750,1581000,
BATAINDIA_F1,07/21/2023,10:31:00,1678.4000,1678.4000,1678.4000,1678.4000,750,1581000,
BATAINDIA_F1,07/21/2023,10:32:00,1678.4000,1678.4000,1678.4000,1678.4000,750,1581000,
BATAINDIA_F1,07/21/2023,10:34:00,1678.4000,1678.4000,1673.6500,1673.6500,3375,1583250,
BATAINDIA_F1,07/21/2023,10:36:00,1673.6500,1673.6500,1673.6500,1673.6500,3000,1583250,
BATAINDIA_F1,07/21/2023,10:37:00,1673.6500,1673.6500,1673.6500,1673.6500,375,1583250,
BATAINDIA_F1,07/21/2023,10:39:00,1674.3500,1674.3500,1674.3500,1674.3500,750,1585875,
BATAINDIA_F1,07/21/2023,10:40:00,1674.4000,1674.4000,1674.4000,1674.4000,1500,1585875,
BATAINDIA_F1,07/21/2023,10:41:00,1674.4000,1674.4000,1674.4000,1674.4000,4125,1585125,
BATAINDIA_F1,07/21/2023,10:42:00,1674.4000,1674.4000,1674.4000,1674.4000,375,1585125,
BATAINDIA_F1,07/21/2023,10:43:00,1675.0000,1675.8000,1675.0000,1675.8000,1875,1585125,
BATAINDIA_F1,07/21/2023,10:44:00,1674.9500,1675.0000,1673.5500,1673.5500,3375,1584000,
BATAINDIA_F1,07/21/2023,10:45:00,1673.4500,1673.4500,1673.4500,1673.4500,2250,1584000,
BATAINDIA_F1,07/21/2023,10:46:00,1673.4500,1673.4500,1673.4500,1673.4500,7500,1584000,
BATAINDIA_F1,07/21/2023,10:47:00,1673.4500,1673.4500,1673.4500,1673.4500,1500,1584000,
BATAINDIA_F1,07/21/2023,10:48:00,1673.4500,1673.4500,1670.4000,1670.4000,6375,1583250,
BATAINDIA_F1,07/21/2023,10:49:00,1670.4000,1670.4000,1670.4000,1670.4000,2625,1583250,
BATAINDIA_F1,07/21/2023,10:50:00,1670.4000,1670.4000,1670.4000,1670.4000,2625,1582875,
BATAINDIA_F1,07/21/2023,10:51:00,1670.4000,1671.0000,1670.4000,1671.0000,12750,1582875,
BATAINDIA_F1,07/21/2023,10:53:00,1671.0000,1671.0000,1671.0000,1671.0000,375,1582875,
BATAINDIA_F1,07/21/2023,10:55:00,1671.0000,1671.0000,1671.0000,1671.0000,750,1581750,
BATAINDIA_F1,07/21/2023,10:56:00,1672.5500,1672.5500,1672.5500,1672.5500,375,1581750,
BATAINDIA_F1,07/21/2023,10:57:00,1672.5500,1672.5500,1672.5500,1672.5500,375,1581750,
BATAINDIA_F1,07/21/2023,10:59:00,1672.5500,1673.1000,1671.7000,1671.7000,1875,1581000,
BATAINDIA_F1,07/21/2023,11:00:00,1670.7500,1670.7500,1670.7500,1670.7500,1125,1581000,
BATAINDIA_F1,07/21/2023,11:01:00,1670.7500,1670.7500,1668.8000,1669.0000,1500,1581000,
BATAINDIA_F1,07/21/2023,11:02:00,1669.2000,1671.1500,1669.2000,1671.1500,1875,1581000,
BATAINDIA_F1,07/21/2023,11:03:00,1671.1500,1671.1500,1671.1500,1671.1500,375,1580250,
BATAINDIA_F1,07/21/2023,11:05:00,1671.1500,1671.1500,1671.1500,1671.1500,750,1580250,
BATAINDIA_F1,07/21/2023,11:06:00,1671.2000,1671.2000,1671.2000,1671.2000,375,1580250,
BATAINDIA_F1,07/21/2023,11:07:00,1671.2000,1671.2000,1671.2000,1671.2000,375,1580250,
BATAINDIA_F1,07/21/2023,11:09:00,1671.2000,1672.0500,1671.2000,1672.0500,750,1578750,
BATAINDIA_F1,07/21/2023,11:11:00,1672.0500,1672.0500,1672.0500,1672.0500,375,1578750,
BATAINDIA_F1,07/21/2023,11:13:00,1672.0500,1672.0500,1672.0500,1672.0500,375,1579125,
BATAINDIA_F1,07/21/2023,11:14:00,1671.4500,1671.4500,1670.3000,1670.3000,2625,1578375,
BATAINDIA_F1,07/21/2023,11:15:00,1670.3000,1670.3000,1670.3000,1670.3000,375,1578375,
BATAINDIA_F1,07/21/2023,11:17:00,1670.3000,1670.3000,1670.3000,1670.3000,375,1578375,
BATAINDIA_F1,07/21/2023,11:18:00,1669.7000,1671.2500,1669.7000,1671.2500,1500,1578000,
BATAINDIA_F1,07/21/2023,11:19:00,1671.2500,1671.2500,1671.2500,1671.2500,375,1578000,
BATAINDIA_F1,07/21/2023,11:20:00,1672.4000,1672.4000,1672.4000,1672.4000,750,1578000,
BATAINDIA_F1,07/21/2023,11:21:00,1672.4000,1672.4000,1671.5500,1671.5500,1125,1578375,
BATAINDIA_F1,07/21/2023,11:23:00,1671.5500,1671.5500,1671.5500,1671.5500,375,1578375,
BATAINDIA_F1,07/21/2023,11:25:00,1670.7500,1670.7500,1670.7500,1670.7500,1875,1576875,
BATAINDIA_F1,07/21/2023,11:27:00,1670.7500,1670.7500,1670.7500,1670.7500,375,1577250,
BATAINDIA_F1,07/21/2023,11:28:00,1672.0000,1672.0000,1672.0000,1672.0000,375,1577250,
BATAINDIA_F1,07/21/2023,11:29:00,1672.0000,1672.0000,1671.4000,1671.8000,3375,1576875,
BATAINDIA_F1,07/21/2023,11:30:00,1673.1000,1673.1000,1673.1000,1673.1000,750,1576875,
BATAINDIA_F1,07/21/2023,11:31:00,1673.1000,1673.1000,1673.1000,1673.1000,375,1576875,
BATAINDIA_F1,07/21/2023,11:33:00,1673.1000,1673.1000,1673.1000,1673.1000,750,1576125,
BATAINDIA_F1,07/21/2023,11:34:00,1673.2500,1673.2500,1673.2500,1673.2500,375,1576125,
BATAINDIA_F1,07/21/2023,11:35:00,1673.2500,1673.2500,1673.2500,1673.2500,375,1576125,
BATAINDIA_F1,07/21/2023,11:36:00,1673.2000,1673.2000,1673.2000,1673.2000,375,1576500,
BATAINDIA_F1,07/21/2023,11:37:00,1673.2000,1673.2000,1673.2000,1673.2000,375,1576500,
BATAINDIA_F1,07/21/2023,11:38:00,1673.7000,1674.0000,1673.7000,1674.0000,750,1576500,
BATAINDIA_F1,07/21/2023,11:39:00,1674.9500,1676.2500,1674.8000,1675.0500,3375,1575375,
BATAINDIA_F1,07/21/2023,11:40:00,1675.0500,1675.0500,1675.0500,1675.0500,375,1575375,
BATAINDIA_F1,07/21/2023,11:41:00,1675.0500,1675.4500,1675.0500,1675.4500,750,1575375,
BATAINDIA_F1,07/21/2023,11:43:00,1675.4500,1675.4500,1675.4500,1675.4500,375,1573875,
BATAINDIA_F1,07/21/2023,11:44:00,1675.2500,1675.2500,1675.2500,1675.2500,1875,1572000,
BATAINDIA_F1,07/21/2023,11:45:00,1675.2500,1675.2500,1675.2500,1675.2500,375,1572000,
BATAINDIA_F1,07/21/2023,11:46:00,1675.8000,1675.8000,1675.8000,1675.8000,375,1572000,
BATAINDIA_F1,07/21/2023,11:47:00,1674.0500,1674.0500,1674.0500,1674.0500,1125,1572000,
BATAINDIA_F1,07/21/2023,11:48:00,1674.8500,1674.8500,1674.8500,1674.8500,1125,1572000,
BATAINDIA_F1,07/21/2023,11:49:00,1674.8500,1674.8500,1674.8500,1674.8500,375,1572000,
BATAINDIA_F1,07/21/2023,11:51:00,1674.8500,1674.8500,1674.8500,1674.8500,375,1571625,
BATAINDIA_F1,07/21/2023,11:52:00,1675.8000,1675.8000,1675.8000,1675.8000,375,1571625,
BATAINDIA_F1,07/21/2023,11:53:00,1675.8000,1675.8000,1675.8000,1675.8000,375,1571625,
BATAINDIA_F1,07/21/2023,11:54:00,1676.1500,1676.1500,1676.1500,1676.1500,750,1570500,
BATAINDIA_F1,07/21/2023,11:55:00,1676.1500,1676.1500,1676.1500,1676.1500,375,1570500,
BATAINDIA_F1,07/21/2023,11:56:00,1676.1500,1676.1500,1676.1500,1676.1500,375,1570500,
BATAINDIA_F1,07/21/2023,11:58:00,1677.0000,1677.0000,1677.0000,1677.0000,750,1569750,
BATAINDIA_F1,07/21/2023,11:59:00,1677.0000,1677.0000,1676.7000,1676.7000,750,1569750,
BATAINDIA_F1,07/21/2023,12:00:00,1676.7000,1676.7000,1676.7000,1676.7000,375,1569750,
BATAINDIA_F1,07/21/2023,12:01:00,1676.6000,1676.6000,1676.6000,1676.6000,375,1569750,
BATAINDIA_F1,07/21/2023,12:02:00,1676.9500,1676.9500,1676.9500,1676.9500,750,1569750,
BATAINDIA_F1,07/21/2023,12:04:00,1676.9500,1677.9500,1676.9500,1677.3000,1875,1568625,
BATAINDIA_F1,07/21/2023,12:05:00,1676.9500,1678.3500,1676.9500,1678.3500,1500,1568625,
BATAINDIA_F1,07/21/2023,12:06:00,1678.4000,1678.4000,1678.4000,1678.4000,1125,1558875,
BATAINDIA_F1,07/21/2023,12:07:00,1678.4000,1678.4000,1678.4000,1678.4000,2250,1558875,
BATAINDIA_F1,07/21/2023,12:08:00,1678.7000,1678.7000,1677.1500,1677.1500,3375,1558875,
BATAINDIA_F1,07/21/2023,12:09:00,1677.8000,1677.8000,1677.8000,1677.8000,375,1558500,
BATAINDIA_F1,07/21/2023,12:10:00,1677.8000,1678.0000,1677.8000,1678.0000,2625,1558500,
BATAINDIA_F1,07/21/2023,12:12:00,1678.0000,1678.0000,1678.0000,1678.0000,1500,1557375,
BATAINDIA_F1,07/21/2023,12:13:00,1678.0000,1678.0000,1677.9500,1677.9500,750,1557375,
BATAINDIA_F1,07/21/2023,12:14:00,1678.3500,1678.3500,1677.0000,1677.0000,750,1557375,
BATAINDIA_F1,07/21/2023,12:15:00,1676.8000,1677.4000,1676.8000,1677.4000,1125,1556250,
BATAINDIA_F1,07/21/2023,12:16:00,1677.4000,1677.5000,1677.0000,1677.5000,1125,1556250,
BATAINDIA_F1,07/21/2023,12:17:00,1677.2500,1677.2500,1677.2500,1677.2500,375,1556250,
BATAINDIA_F1,07/21/2023,12:18:00,1677.2500,1677.2500,1677.2500,1677.2500,375,1554750,
BATAINDIA_F1,07/21/2023,12:19:00,1677.5000,1677.5000,1677.5000,1677.5000,375,1554750,
BATAINDIA_F1,07/21/2023,12:20:00,1677.5000,1677.5000,1677.4000,1677.4000,1125,1554750,
BATAINDIA_F1,07/21/2023,12:21:00,1677.3500,1677.3500,1677.3500,1677.3500,375,1554375,
BATAINDIA_F1,07/21/2023,12:22:00,1677.3500,1677.5500,1677.3500,1677.5500,750,1554375,
BATAINDIA_F1,07/21/2023,12:23:00,1676.6000,1678.2000,1676.6000,1678.2000,1125,1554375,
BATAINDIA_F1,07/21/2023,12:24:00,1678.2000,1678.2000,1678.2000,1678.2000,375,1552875,
BATAINDIA_F1,07/21/2023,12:25:00,1678.2500,1678.2500,1678.2500,1678.2500,1500,1552875,
BATAINDIA_F1,07/21/2023,12:26:00,1678.2500,1678.2500,1677.0500,1677.0500,750,1552875,
BATAINDIA_F1,07/21/2023,12:27:00,1676.3000,1676.3000,1676.0500,1676.0500,1500,1552125,
BATAINDIA_F1,07/21/2023,12:28:00,1676.0500,1676.0500,1676.0500,1676.0500,375,1552125,
BATAINDIA_F1,07/21/2023,12:29:00,1675.1500,1675.1500,1675.1500,1675.1500,375,1552125,
BATAINDIA_F1,07/21/2023,12:30:00,1675.1500,1675.1500,1675.1500,1675.1500,750,1552875,
BATAINDIA_F1,07/21/2023,12:32:00,1675.1500,1675.1500,1675.1500,1675.1500,375,1552875,
BATAINDIA_F1,07/21/2023,12:33:00,1677.3500,1677.3500,1677.3500,1677.3500,375,1552875,
BATAINDIA_F1,07/21/2023,12:34:00,1677.3500,1677.3500,1677.3500,1677.3500,375,1552875,
BATAINDIA_F1,07/21/2023,12:36:00,1677.3500,1678.6000,1677.3500,1678.6000,750,1552875,
BATAINDIA_F1,07/21/2023,12:38:00,1678.6000,1678.6000,1678.6000,1678.6000,375,1552875,
BATAINDIA_F1,07/21/2023,12:39:00,1677.4500,1677.4500,1677.4500,1677.4500,1125,1551750,
BATAINDIA_F1,07/21/2023,12:40:00,1677.4500,1677.4500,1677.4500,1677.4500,375,1551750,
BATAINDIA_F1,07/21/2023,12:42:00,1677.4500,1678.2000,1677.4500,1677.5000,1500,1551375,
BATAINDIA_F1,07/21/2023,12:44:00,1677.5000,1678.2500,1677.5000,1677.8000,1125,1551375,
BATAINDIA_F1,07/21/2023,12:45:00,1677.8000,1677.8000,1677.8000,1677.8000,375,1552875,
BATAINDIA_F1,07/21/2023,12:46:00,1677.8000,1677.8000,1677.8000,1677.8000,375,1552875,
BATAINDIA_F1,07/21/2023,12:48:00,1677.8000,1677.8000,1677.8000,1677.8000,375,1550625,
BATAINDIA_F1,07/21/2023,12:49:00,1678.6000,1678.6000,1678.6000,1678.6000,750,1550625,
BATAINDIA_F1,07/21/2023,12:50:00,1678.6000,1679.0000,1677.9500,1679.0000,1875,1550625,
BATAINDIA_F1,07/21/2023,12:52:00,1679.0000,1679.0000,1679.0000,1679.0000,375,1550250,
BATAINDIA_F1,07/21/2023,12:53:00,1679.0000,1679.0000,1679.0000,1679.0000,375,1550250,
BATAINDIA_F1,07/21/2023,12:54:00,1679.6500,1679.6500,1679.6500,1679.6500,375,1549500,
BATAINDIA_F1,07/21/2023,12:55:00,1679.6500,1679.6500,1679.6500,1679.6500,750,1549500,
BATAINDIA_F1,07/21/2023,12:57:00,1679.6500,1679.6500,1679.6500,1679.6500,375,1549125,
BATAINDIA_F1,07/21/2023,12:58:00,1679.6500,1679.6500,1678.1000,1678.1000,2625,1549125,
BATAINDIA_F1,07/21/2023,12:59:00,1678.1000,1678.1000,1678.1000,1678.1000,375,1549125,
BATAINDIA_F1,07/21/2023,13:00:00,1678.1000,1678.1000,1678.0000,1678.0000,1125,1550250,
BATAINDIA_F1,07/21/2023,13:02:00,1678.0000,1678.0000,1678.0000,1678.0000,375,1550250,
BATAINDIA_F1,07/21/2023,13:04:00,1678.0000,1678.0000,1678.0000,1678.0000,375,1549875,
BATAINDIA_F1,07/21/2023,13:05:00,1678.0000,1678.0000,1678.0000,1678.0000,375,1549875,
BATAINDIA_F1,07/21/2023,13:06:00,1678.0000,1678.0000,1678.0000,1678.0000,375,1549875,
BATAINDIA_F1,07/21/2023,13:08:00,1678.0000,1678.0000,1678.0000,1678.0000,375,1549875,
BATAINDIA_F1,07/21/2023,13:09:00,1678.0500,1678.0500,1678.0500,1678.0500,750,1548750,
BATAINDIA_F1,07/21/2023,13:10:00,1678.0500,1678.0500,1678.0500,1678.0500,375,1548750,
BATAINDIA_F1,07/21/2023,13:12:00,1678.0500,1678.0500,1678.0500,1678.0500,375,1546125,
BATAINDIA_F1,07/21/2023,13:14:00,1679.1500,1679.1500,1679.1500,1679.1500,2250,1546125,
BATAINDIA_F1,07/21/2023,13:15:00,1678.8000,1678.8000,1678.8000,1678.8000,375,1545375,
BATAINDIA_F1,07/21/2023,13:16:00,1678.8000,1678.8000,1677.3000,1678.3000,2250,1545375,
BATAINDIA_F1,07/21/2023,13:18:00,1678.3000,1678.3000,1678.3000,1678.3000,375,1545000,
BATAINDIA_F1,07/21/2023,13:19:00,1678.0000,1678.0000,1678.0000,1678.0000,375,1545000,
BATAINDIA_F1,07/21/2023,13:20:00,1678.0000,1678.0000,1678.0000,1678.0000,1500,1545000,
BATAINDIA_F1,07/21/2023,13:22:00,1678.0000,1678.0000,1678.0000,1678.0000,750,1545000,
BATAINDIA_F1,07/21/2023,13:24:00,1678.0000,1678.4500,1678.0000,1678.0000,1500,1543875,
BATAINDIA_F1,07/21/2023,13:25:00,1677.9000,1678.1000,1676.5000,1676.5000,5625,1543875,
BATAINDIA_F1,07/21/2023,13:26:00,1676.5000,1676.9000,1676.5000,1676.9000,750,1543875,
BATAINDIA_F1,07/21/2023,13:27:00,1678.5500,1678.5500,1678.5500,1678.5500,375,1541625,
BATAINDIA_F1,07/21/2023,13:28:00,1677.4500,1677.4500,1677.4500,1677.4500,375,1541625,
BATAINDIA_F1,07/21/2023,13:29:00,1677.4500,1677.4500,1677.3000,1677.3000,750,1541625,
BATAINDIA_F1,07/21/2023,13:30:00,1677.3000,1677.3000,1677.3000,1677.3000,750,1542000,
BATAINDIA_F1,07/21/2023,13:34:00,1677.3000,1677.3000,1677.3000,1677.3000,375,1540875,
BATAINDIA_F1,07/21/2023,13:35:00,1677.3000,1678.7500,1677.3000,1678.4500,1125,1540875,
BATAINDIA_F1,07/21/2023,13:36:00,1678.4500,1678.6000,1678.4500,1678.6000,1125,1540875,
BATAINDIA_F1,07/21/2023,13:38:00,1678.6000,1678.6000,1678.6000,1678.6000,750,1540875,
BATAINDIA_F1,07/21/2023,13:39:00,1678.7000,1678.7000,1678.7000,1678.7000,375,1540875,
BATAINDIA_F1,07/21/2023,13:40:00,1679.1500,1679.2000,1679.1500,1679.2000,750,1540125,
BATAINDIA_F1,07/21/2023,13:41:00,1678.4000,1678.4000,1678.4000,1678.4000,375,1540125,
BATAINDIA_F1,07/21/2023,13:42:00,1678.4000,1678.4000,1678.4000,1678.4000,375,1540125,
BATAINDIA_F1,07/21/2023,13:44:00,1678.4000,1678.4000,1678.3500,1678.3500,750,1540125,
BATAINDIA_F1,07/21/2023,13:45:00,1678.0500,1679.0000,1678.0500,1679.0000,1125,1539000,
BATAINDIA_F1,07/21/2023,13:46:00,1679.0000,1679.0000,1679.0000,1679.0000,375,1539000,
BATAINDIA_F1,07/21/2023,13:48:00,1679.0000,1679.0000,1679.0000,1679.0000,375,1537875,
BATAINDIA_F1,07/21/2023,13:50:00,1679.0000,1679.0000,1678.8000,1678.8000,1125,1537875,
BATAINDIA_F1,07/21/2023,13:51:00,1678.3000,1678.3000,1678.3000,1678.3000,1125,1537500,
BATAINDIA_F1,07/21/2023,13:52:00,1678.3000,1678.3000,1678.3000,1678.3000,375,1537500,
BATAINDIA_F1,07/21/2023,13:54:00,1678.3000,1678.3000,1678.0000,1678.0000,750,1537500,
BATAINDIA_F1,07/21/2023,13:55:00,1678.0000,1678.2500,1678.0000,1678.2500,750,1537500,
BATAINDIA_F1,07/21/2023,13:56:00,1678.2500,1678.2500,1677.0500,1677.0500,1875,1537500,
BATAINDIA_F1,07/21/2023,13:57:00,1676.8000,1676.8000,1676.8000,1676.8000,375,1536000,
BATAINDIA_F1,07/21/2023,13:58:00,1676.8000,1676.8000,1676.6500,1676.6500,1125,1536000,
BATAINDIA_F1,07/21/2023,13:59:00,1677.5000,1678.3500,1677.0000,1677.0000,2250,1536000,
BATAINDIA_F1,07/21/2023,14:00:00,1677.1000,1677.1000,1677.1000,1677.1000,750,1536000,
BATAINDIA_F1,07/21/2023,14:01:00,1677.1500,1677.1500,1677.1500,1677.1500,375,1536000,
BATAINDIA_F1,07/21/2023,14:02:00,1677.1500,1677.1500,1677.1500,1677.1500,375,1536000,
BATAINDIA_F1,07/21/2023,14:03:00,1677.1000,1677.1000,1677.1000,1677.1000,1875,1534875,
BATAINDIA_F1,07/21/2023,14:05:00,1676.5000,1676.5000,1676.5000,1676.5000,1125,1534875,
BATAINDIA_F1,07/21/2023,14:07:00,1676.5000,1676.5000,1676.5000,1676.5000,750,1535625,
BATAINDIA_F1,07/21/2023,14:08:00,1676.7000,1676.7000,1676.7000,1676.7000,375,1535625,
BATAINDIA_F1,07/21/2023,14:09:00,1676.7000,1677.3500,1676.7000,1677.3500,1500,1534875,
BATAINDIA_F1,07/21/2023,14:11:00,1677.3500,1677.7500,1677.3500,1677.7500,750,1534875,
BATAINDIA_F1,07/21/2023,14:12:00,1677.7500,1677.7500,1677.7500,1677.7500,1125,1534125,
BATAINDIA_F1,07/21/2023,14:13:00,1676.7000,1676.7500,1676.7000,1676.7500,1125,1534125,
BATAINDIA_F1,07/21/2023,14:14:00,1677.0000,1677.0000,1677.0000,1677.0000,375,1534125,
BATAINDIA_F1,07/21/2023,14:15:00,1677.2500,1677.2500,1677.2500,1677.2500,750,1533750,
BATAINDIA_F1,07/21/2023,14:16:00,1676.4000,1676.4000,1676.4000,1676.4000,375,1533750,
BATAINDIA_F1,07/21/2023,14:17:00,1676.4000,1676.4000,1676.4000,1676.4000,375,1533750,
BATAINDIA_F1,07/21/2023,14:19:00,1676.4000,1676.4000,1676.4000,1676.4000,375,1532250,
BATAINDIA_F1,07/21/2023,14:20:00,1676.4000,1677.0000,1676.4000,1677.0000,1125,1532250,
BATAINDIA_F1,07/21/2023,14:21:00,1674.6000,1674.6000,1674.6000,1674.6000,2625,1531875,
BATAINDIA_F1,07/21/2023,14:22:00,1675.9000,1675.9000,1675.9000,1675.9000,375,1531875,
BATAINDIA_F1,07/21/2023,14:23:00,1675.9000,1675.9000,1675.9000,1675.9000,13500,1531875,
BATAINDIA_F1,07/21/2023,14:24:00,1677.5000,1677.8500,1677.3500,1677.8500,2625,1528875,
BATAINDIA_F1,07/21/2023,14:25:00,1676.6500,1676.6500,1672.0500,1674.1000,9750,1528875,
BATAINDIA_F1,07/21/2023,14:27:00,1673.1500,1673.1500,1672.7500,1672.7500,1125,1527000,
BATAINDIA_F1,07/21/2023,14:28:00,1673.5000,1673.5000,1673.5000,1673.5000,1125,1527000,
BATAINDIA_F1,07/21/2023,14:29:00,1673.3000,1673.3000,1673.3000,1673.3000,750,1527000,
BATAINDIA_F1,07/21/2023,14:30:00,1673.3000,1673.3000,1673.3000,1673.3000,375,1527375,
BATAINDIA_F1,07/21/2023,14:32:00,1674.2000,1674.2000,1674.2000,1674.2000,375,1527375,
BATAINDIA_F1,07/21/2023,14:33:00,1673.9500,1673.9500,1673.0500,1673.0500,1500,1526250,
BATAINDIA_F1,07/21/2023,14:37:00,1672.0000,1672.0000,1672.0000,1672.0000,375,1526250,
BATAINDIA_F1,07/21/2023,14:40:00,1672.5000,1672.5000,1672.5000,1672.5000,375,1525500,
BATAINDIA_F1,07/21/2023,14:41:00,1672.5000,1672.5000,1672.5000,1672.5000,375,1525500,
BATAINDIA_F1,07/21/2023,14:42:00,1673.0000,1673.0000,1671.0000,1671.7500,4125,1524375,
BATAINDIA_F1,07/21/2023,14:43:00,1672.4000,1673.6500,1672.4000,1673.6500,2625,1524375,
BATAINDIA_F1,07/21/2023,14:44:00,1673.0000,1673.0000,1670.4500,1670.4500,2625,1524375,
BATAINDIA_F1,07/21/2023,14:45:00,1670.4500,1670.4500,1670.4500,1670.4500,375,1524750,
BATAINDIA_F1,07/21/2023,14:46:00,1670.4500,1670.4500,1670.4500,1670.4500,375,1524750,
BATAINDIA_F1,07/21/2023,14:47:00,1670.0000,1670.0000,1669.8500,1669.8500,1125,1524750,
BATAINDIA_F1,07/21/2023,14:48:00,1669.1000,1670.4500,1669.1000,1670.4500,2625,1524000,
BATAINDIA_F1,07/21/2023,14:50:00,1670.1000,1670.1000,1670.1000,1670.1000,375,1524000,
BATAINDIA_F1,07/21/2023,14:51:00,1671.7000,1672.6000,1671.6000,1672.6000,1500,1524000,
BATAINDIA_F1,07/21/2023,14:52:00,1672.6000,1672.7500,1672.6000,1672.7500,1125,1524000,
BATAINDIA_F1,07/21/2023,14:54:00,1673.0500,1673.9000,1673.0500,1673.9000,1125,1524375,
BATAINDIA_F1,07/21/2023,14:55:00,1674.8500,1675.0000,1674.8500,1675.0000,1500,1524375,
BATAINDIA_F1,07/21/2023,14:57:00,1677.2000,1677.2000,1677.2000,1677.2000,750,1523625,
BATAINDIA_F1,07/21/2023,14:58:00,1677.3500,1679.4000,1677.3500,1679.4000,2250,1523625,
BATAINDIA_F1,07/21/2023,14:59:00,1678.2500,1678.2500,1676.0500,1677.1000,5250,1523625,
BATAINDIA_F1,07/21/2023,15:00:00,1675.7000,1676.8500,1675.7000,1676.8500,1500,1522125,
BATAINDIA_F1,07/21/2023,15:02:00,1678.3500,1678.3500,1678.3500,1678.3500,375,1522125,
BATAINDIA_F1,07/21/2023,15:03:00,1677.1500,1677.1500,1677.1500,1677.1500,1500,1522125,
BATAINDIA_F1,07/21/2023,15:04:00,1678.0000,1678.0000,1678.0000,1678.0000,375,1522500,
BATAINDIA_F1,07/21/2023,15:05:00,1677.1000,1677.1000,1677.1000,1677.1000,1500,1522500,
BATAINDIA_F1,07/21/2023,15:06:00,1677.1000,1677.1000,1677.0000,1677.0000,4500,1522500,
BATAINDIA_F1,07/21/2023,15:07:00,1676.2500,1676.2500,1676.2500,1676.2500,4125,1522500,
BATAINDIA_F1,07/21/2023,15:08:00,1676.2500,1677.0000,1676.2500,1677.0000,1500,1522500,
BATAINDIA_F1,07/21/2023,15:09:00,1676.6500,1678.3500,1676.6500,1678.3500,2250,1522125,
BATAINDIA_F1,07/21/2023,15:10:00,1678.3500,1678.5500,1677.4000,1678.5500,1875,1522125,
BATAINDIA_F1,07/21/2023,15:11:00,1678.5500,1678.5500,1676.9500,1676.9500,2625,1522125,
BATAINDIA_F1,07/21/2023,15:12:00,1676.9500,1677.0000,1676.9500,1677.0000,750,1523625,
BATAINDIA_F1,07/21/2023,15:13:00,1677.0000,1677.0000,1677.0000,1677.0000,1500,1523625,
BATAINDIA_F1,07/21/2023,15:15:00,1677.2000,1677.2500,1677.1500,1677.2500,1500,1522500,
BATAINDIA_F1,07/21/2023,15:16:00,1677.6000,1677.6000,1677.6000,1677.6000,750,1522500,
BATAINDIA_F1,07/21/2023,15:17:00,1678.0000,1678.0000,1678.0000,1678.0000,6000,1522500,
BATAINDIA_F1,07/21/2023,15:18:00,1678.3000,1679.3500,1678.3000,1679.3500,6375,1519500,
BATAINDIA_F1,07/21/2023,15:19:00,1679.4000,1679.4000,1679.4000,1679.4000,750,1519500,
BATAINDIA_F1,07/21/2023,15:20:00,1679.4500,1679.4500,1678.6500,1678.6500,1500,1519500,
BATAINDIA_F1,07/21/2023,15:21:00,1679.0500,1679.0500,1678.1000,1678.1000,8625,1518750,
BATAINDIA_F1,07/21/2023,15:22:00,1679.4000,1679.4000,1679.4000,1679.4000,1875,1518750,
BATAINDIA_F1,07/21/2023,15:23:00,1678.5500,1678.5500,1678.5500,1678.5500,3000,1518750,
BATAINDIA_F1,07/21/2023,15:24:00,1678.2500,1678.7000,1678.1500,1678.1500,1500,1515750,
BATAINDIA_F1,07/21/2023,15:25:00,1677.4000,1677.4000,1676.7500,1676.7500,1125,1515750,
BATAINDIA_F1,07/21/2023,15:26:00,1676.6500,1676.6500,1676.6500,1676.6500,375,1515750,
BATAINDIA_F1,07/21/2023,15:27:00,1675.3000,1676.2000,1675.3000,1676.2000,5250,1514625,
BATAINDIA_F1,07/21/2023,15:28:00,1674.8500,1675.7500,1673.8500,1675.7500,20250,1514625,
BATAINDIA_F1,07/21/2023,15:29:00,1676.4500,1676.4500,1671.8000,1671.8000,6375,1514625,
BATAINDIA_F1,07/24/2023,09:15:00,1671.8000,1671.8000,1666.2500,1666.2500,3375,1458750,
BATAINDIA_F1,07/24/2023,09:16:00,1668.1000,1668.1000,1665.6500,1667.9000,2250,1458750,
BATAINDIA_F1,07/24/2023,09:17:00,1665.1000,1668.4500,1665.1000,1666.8500,5625,1458000,
BATAINDIA_F1,07/24/2023,09:18:00,1663.0500,1663.0500,1662.6000,1662.6000,3000,1458000,
BATAINDIA_F1,07/24/2023,09:19:00,1664.8000,1664.8000,1664.8000,1664.8000,750,1458000,
BATAINDIA_F1,07/24/2023,09:20:00,1665.0000,1665.0000,1665.0000,1665.0000,375,1460250,
BATAINDIA_F1,07/24/2023,09:21:00,1665.9000,1665.9000,1665.9000,1665.9000,1125,1460250,
BATAINDIA_F1,07/24/2023,09:22:00,1667.1000,1667.1000,1665.9000,1665.9000,2625,1460250,
BATAINDIA_F1,07/24/2023,09:23:00,1665.9000,1665.9000,1665.9000,1665.9000,750,1460250,
BATAINDIA_F1,07/24/2023,09:24:00,1666.0000,1666.0000,1666.0000,1666.0000,1500,1460625,
BATAINDIA_F1,07/24/2023,09:25:00,1666.0000,1666.0000,1665.1500,1665.1500,7500,1460625,
BATAINDIA_F1,07/24/2023,09:26:00,1662.5500,1664.4500,1662.4500,1664.4500,6750,1460625,
BATAINDIA_F1,07/24/2023,09:27:00,1660.7500,1660.7500,1660.7500,1660.7500,375,1462125,
BATAINDIA_F1,07/24/2023,09:28:00,1660.0500,1661.1500,1657.8000,1658.2000,12750,1462125,
BATAINDIA_F1,07/24/2023,09:29:00,1659.8000,1662.6000,1659.8000,1660.4500,3750,1456500,
BATAINDIA_F1,07/24/2023,09:30:00,1661.5000,1661.5000,1659.1500,1659.1500,1500,1456500,
BATAINDIA_F1,07/24/2023,09:31:00,1658.0000,1658.3500,1658.0000,1658.3500,3000,1456500,
BATAINDIA_F1,07/24/2023,09:32:00,1658.3500,1658.3500,1655.2500,1655.2500,6000,1456500,
BATAINDIA_F1,07/24/2023,09:33:00,1656.8000,1658.1000,1656.8000,1658.1000,1125,1456500,
BATAINDIA_F1,07/24/2023,09:35:00,1657.0000,1658.0000,1656.6500,1658.0000,7125,1455000,
BATAINDIA_F1,07/24/2023,09:36:00,1659.3000,1659.3000,1658.0500,1658.0500,3750,1455000,
BATAINDIA_F1,07/24/2023,09:38:00,1658.1000,1658.1000,1658.1000,1658.1000,1125,1455000,
BATAINDIA_F1,07/24/2023,09:39:00,1657.3500,1659.1500,1657.3500,1659.1500,1500,1456875,
BATAINDIA_F1,07/24/2023,09:40:00,1659.9000,1662.0000,1659.9000,1662.0000,1875,1456875,
BATAINDIA_F1,07/24/2023,09:41:00,1662.0000,1662.3000,1661.5000,1662.3000,7500,1453125,
BATAINDIA_F1,07/24/2023,09:42:00,1660.7000,1660.7000,1660.7000,1660.7000,750,1453125,
BATAINDIA_F1,07/24/2023,09:44:00,1660.1500,1662.4500,1660.1500,1662.4500,4500,1454625,
BATAINDIA_F1,07/24/2023,09:45:00,1662.4500,1663.4500,1662.4500,1663.4500,2250,1454625,
BATAINDIA_F1,07/24/2023,09:46:00,1663.2500,1663.2500,1663.2500,1663.2500,3375,1454625,
BATAINDIA_F1,07/24/2023,09:47:00,1663.2500,1663.2500,1663.2500,1663.2500,375,1454625,
BATAINDIA_F1,07/24/2023,09:48:00,1663.2500,1663.2500,1663.2500,1663.2500,3000,1453875,
BATAINDIA_F1,07/24/2023,09:49:00,1663.9000,1665.7000,1663.9000,1665.7000,9750,1453875,
BATAINDIA_F1,07/24/2023,09:50:00,1665.7500,1666.2000,1665.7500,1666.2000,3375,1456875,
BATAINDIA_F1,07/24/2023,09:51:00,1666.2000,1669.4500,1666.2000,1669.4500,3750,1456875,
BATAINDIA_F1,07/24/2023,09:52:00,1668.0500,1668.0500,1666.4500,1666.4500,2250,1456875,
BATAINDIA_F1,07/24/2023,09:53:00,1667.0000,1667.0000,1667.0000,1667.0000,375,1455000,
BATAINDIA_F1,07/24/2023,09:54:00,1667.0000,1668.2000,1667.0000,1667.7500,2625,1455000,
BATAINDIA_F1,07/24/2023,09:55:00,1667.7500,1669.4500,1667.7500,1669.4500,1125,1455000,
BATAINDIA_F1,07/24/2023,09:56:00,1668.0500,1668.0500,1667.3000,1667.3000,1500,1452000,
BATAINDIA_F1,07/24/2023,09:57:00,1667.1500,1667.1500,1667.1500,1667.1500,375,1452000,
BATAINDIA_F1,07/24/2023,09:58:00,1667.1500,1667.1500,1666.5000,1666.5000,2625,1452000,
BATAINDIA_F1,07/24/2023,09:59:00,1665.8000,1667.5500,1665.8000,1667.5500,2250,1452000,
BATAINDIA_F1,07/24/2023,10:00:00,1667.5500,1669.4000,1667.5500,1668.1500,4875,1449375,
BATAINDIA_F1,07/24/2023,10:01:00,1668.5500,1669.4500,1668.0500,1669.0000,1875,1449375,
BATAINDIA_F1,07/24/2023,10:02:00,1668.1000,1668.1000,1668.0000,1668.0500,3000,1447500,
BATAINDIA_F1,07/24/2023,10:03:00,1667.6000,1667.6000,1667.6000,1667.6000,750,1447500,
BATAINDIA_F1,07/24/2023,10:04:00,1667.6000,1667.6000,1667.6000,1667.6000,1500,1447500,
BATAINDIA_F1,07/24/2023,10:05:00,1667.6000,1667.6000,1667.6000,1667.6000,1125,1447875,
BATAINDIA_F1,07/24/2023,10:06:00,1667.6000,1667.6000,1667.6000,1667.6000,375,1447875,
BATAINDIA_F1,07/24/2023,10:07:00,1667.5000,1667.8500,1667.5000,1667.8500,3375,1447875,
BATAINDIA_F1,07/24/2023,10:08:00,1667.8500,1667.8500,1666.7000,1666.7000,1125,1449000,
BATAINDIA_F1,07/24/2023,10:09:00,1665.9500,1665.9500,1665.9500,1665.9500,1500,1449000,
BATAINDIA_F1,07/24/2023,10:11:00,1665.9500,1665.9500,1664.1000,1664.1000,2250,1448250,
BATAINDIA_F1,07/24/2023,10:13:00,1664.0000,1664.0000,1664.0000,1664.0000,2625,1448250,
BATAINDIA_F1,07/24/2023,10:14:00,1664.1000,1664.1000,1664.1000,1664.1000,375,1448250,
BATAINDIA_F1,07/24/2023,10:15:00,1664.1000,1665.0000,1664.1000,1665.0000,3375,1438125,
BATAINDIA_F1,07/24/2023,10:16:00,1665.5000,1666.7000,1665.5000,1666.0000,4500,1438125,
BATAINDIA_F1,07/24/2023,10:17:00,1666.0000,1666.0000,1666.0000,1666.0000,2250,1441125,
BATAINDIA_F1,07/24/2023,10:18:00,1667.1000,1667.1000,1667.1000,1667.1000,375,1441125,
BATAINDIA_F1,07/24/2023,10:19:00,1668.0000,1668.0000,1668.0000,1668.0000,1125,1441125,
BATAINDIA_F1,07/24/2023,10:20:00,1668.0000,1668.0000,1666.4000,1666.4000,2250,1441875,
BATAINDIA_F1,07/24/2023,10:21:00,1666.2000,1666.2000,1666.2000,1666.2000,1500,1441875,
BATAINDIA_F1,07/24/2023,10:23:00,1666.2000,1666.2000,1666.2000,1666.2000,375,1443000,
BATAINDIA_F1,07/24/2023,10:24:00,1666.8500,1666.8500,1666.8500,1666.8500,1875,1443000,
BATAINDIA_F1,07/24/2023,10:25:00,1666.8500,1666.8500,1666.8500,1666.8500,750,1443000,
BATAINDIA_F1,07/24/2023,10:27:00,1666.8500,1666.8500,1666.8500,1666.8500,1500,1442625,
BATAINDIA_F1,07/24/2023,10:28:00,1666.8500,1667.5000,1666.8500,1667.5000,1500,1442625,
BATAINDIA_F1,07/24/2023,10:29:00,1667.5000,1667.5000,1667.5000,1667.5000,4500,1445625,
BATAINDIA_F1,07/24/2023,10:30:00,1667.5000,1667.5000,1667.5000,1667.5000,1875,1445625,
BATAINDIA_F1,07/24/2023,10:31:00,1667.5000,1668.0000,1667.5000,1668.0000,1500,1445625,
BATAINDIA_F1,07/24/2023,10:32:00,1668.1500,1669.0000,1668.1500,1669.0000,1875,1447500,
BATAINDIA_F1,07/24/2023,10:33:00,1669.0000,1669.0000,1669.0000,1669.0000,1875,1447500,
BATAINDIA_F1,07/24/2023,10:34:00,1669.0000,1669.0000,1669.0000,1669.0000,3000,1447500,
BATAINDIA_F1,07/24/2023,10:35:00,1669.0000,1669.3000,1666.5500,1667.6500,4875,1448625,
BATAINDIA_F1,07/24/2023,10:36:00,1667.6500,1668.3500,1667.6500,1667.8500,1125,1448625,
BATAINDIA_F1,07/24/2023,10:37:00,1667.8500,1667.8500,1667.1500,1667.1500,3375,1448625,
BATAINDIA_F1,07/24/2023,10:38:00,1667.1500,1667.1500,1667.1500,1667.1500,1125,1447875,
BATAINDIA_F1,07/24/2023,10:39:00,1667.1500,1668.4500,1666.7000,1666.7000,3750,1447875,
BATAINDIA_F1,07/24/2023,10:40:00,1666.7000,1666.7000,1666.7000,1666.7000,1875,1447875,
BATAINDIA_F1,07/24/2023,10:41:00,1666.7000,1666.7000,1666.7000,1666.7000,3000,1452000,
BATAINDIA_F1,07/24/2023,10:42:00,1666.7000,1666.7000,1666.7000,1666.7000,2625,1452000,
BATAINDIA_F1,07/24/2023,10:43:00,1666.7000,1669.3000,1666.7000,1669.3000,3750,1452000,
BATAINDIA_F1,07/24/2023,10:44:00,1669.3000,1669.3000,1669.3000,1669.3000,1875,1450875,
BATAINDIA_F1,07/24/2023,10:45:00,1669.3000,1669.3000,1669.3000,1669.3000,1875,1450875,
BATAINDIA_F1,07/24/2023,10:46:00,1669.3000,1670.2500,1669.3000,1670.2500,4875,1450875,
BATAINDIA_F1,07/24/2023,10:47:00,1670.2500,1670.2500,1670.2500,1670.2500,2625,1450875,
BATAINDIA_F1,07/24/2023,10:48:00,1670.2500,1673.5000,1670.2500,1672.3500,12375,1450875,
BATAINDIA_F1,07/24/2023,10:49:00,1672.3500,1672.3500,1672.3500,1672.3500,1875,1450875,
BATAINDIA_F1,07/24/2023,10:50:00,1672.3500,1672.3500,1671.4500,1671.4500,1875,1452750,
BATAINDIA_F1,07/24/2023,10:51:00,1671.4500,1671.4500,1671.4500,1671.4500,1500,1452750,
BATAINDIA_F1,07/24/2023,10:52:00,1671.4500,1671.4500,1671.3000,1671.3000,4125,1452750,
BATAINDIA_F1,07/24/2023,10:53:00,1671.3000,1671.9500,1671.3000,1671.9500,1500,1455000,
BATAINDIA_F1,07/24/2023,10:54:00,1671.9500,1671.9500,1671.4500,1671.4500,2250,1455000,
BATAINDIA_F1,07/24/2023,10:55:00,1671.4500,1671.4500,1670.8000,1670.8000,1875,1455000,
BATAINDIA_F1,07/24/2023,10:56:00,1670.8000,1670.8500,1670.8000,1670.8500,1500,1454625,
BATAINDIA_F1,07/24/2023,10:57:00,1670.8500,1670.8500,1670.8500,1670.8500,2625,1454625,
BATAINDIA_F1,07/24/2023,10:58:00,1670.9000,1670.9000,1670.9000,1670.9000,1500,1454625,
BATAINDIA_F1,07/24/2023,10:59:00,1670.9000,1670.9000,1670.9000,1670.9000,3000,1454625,
BATAINDIA_F1,07/24/2023,11:00:00,1670.9000,1671.7500,1670.2000,1671.7500,1875,1458375,
BATAINDIA_F1,07/24/2023,11:01:00,1671.7500,1671.7500,1670.8500,1670.8500,3375,1458375,
BATAINDIA_F1,07/24/2023,11:02:00,1670.8500,1670.8500,1670.6000,1670.7500,1875,1459500,
BATAINDIA_F1,07/24/2023,11:03:00,1670.7500,1670.7500,1670.7000,1670.7000,3000,1459500,
BATAINDIA_F1,07/24/2023,11:04:00,1670.7000,1671.9500,1670.7000,1671.9500,1500,1459500,
BATAINDIA_F1,07/24/2023,11:05:00,1671.9500,1672.6500,1671.3000,1672.6500,2250,1460625,
BATAINDIA_F1,07/24/2023,11:06:00,1672.6500,1672.9000,1672.6500,1672.9000,1875,1460625,
BATAINDIA_F1,07/24/2023,11:07:00,1672.9000,1672.9000,1672.9000,1672.9000,2250,1460625,
BATAINDIA_F1,07/24/2023,11:08:00,1672.9000,1672.9500,1671.7000,1671.7000,2625,1461375,
BATAINDIA_F1,07/24/2023,11:09:00,1671.7000,1674.0000,1671.7000,1674.0000,5250,1461375,
BATAINDIA_F1,07/24/2023,11:10:00,1674.0000,1674.0000,1674.0000,1674.0000,2625,1461375,
BATAINDIA_F1,07/24/2023,11:11:00,1673.8000,1673.8000,1673.8000,1673.8000,1875,1464750,
BATAINDIA_F1,07/24/2023,11:12:00,1673.8000,1676.7000,1673.8000,1676.7000,3375,1464750,
BATAINDIA_F1,07/24/2023,11:13:00,1676.7000,1676.7000,1676.7000,1676.7000,1125,1464750,
BATAINDIA_F1,07/24/2023,11:14:00,1674.7500,1674.7500,1673.7000,1673.7000,3750,1464750,
BATAINDIA_F1,07/24/2023,11:15:00,1673.7000,1676.0500,1673.7000,1676.0500,97125,1461000,
BATAINDIA_F1,07/24/2023,11:16:00,1676.0500,1676.0500,1673.3000,1673.3000,3375,1461000,
BATAINDIA_F1,07/24/2023,11:17:00,1674.1000,1674.1000,1673.5000,1673.5000,3000,1461000,
BATAINDIA_F1,07/24/2023,11:18:00,1673.5000,1673.5000,1672.3000,1672.3000,1500,1537500,
BATAINDIA_F1,07/24/2023,11:19:00,1672.3000,1672.7000,1672.3000,1672.7000,2250,1537500,
BATAINDIA_F1,07/24/2023,11:20:00,1672.7000,1672.7000,1671.0000,1671.0000,1500,1537500,
BATAINDIA_F1,07/24/2023,11:21:00,1672.4000,1672.4000,1672.3500,1672.3500,750,1538625,
BATAINDIA_F1,07/24/2023,11:22:00,1672.3500,1672.3500,1672.3500,1672.3500,1875,1538625,
BATAINDIA_F1,07/24/2023,11:23:00,1672.3500,1672.3500,1672.3500,1672.3500,1875,1538625,
BATAINDIA_F1,07/24/2023,11:24:00,1672.3500,1672.3500,1672.3500,1672.3500,750,1538625,
BATAINDIA_F1,07/24/2023,11:25:00,1672.3500,1672.3500,1672.3500,1672.3500,1125,1538625,
BATAINDIA_F1,07/24/2023,11:26:00,1672.3500,1672.3500,1672.3500,1672.3500,1500,1538625,
BATAINDIA_F1,07/24/2023,11:27:00,1672.2000,1672.2000,1672.2000,1672.2000,375,1540125,
BATAINDIA_F1,07/24/2023,11:28:00,1672.2000,1672.2000,1670.9500,1670.9500,1125,1540125,
BATAINDIA_F1,07/24/2023,11:29:00,1670.9500,1670.9500,1670.9500,1670.9500,1125,1540125,
BATAINDIA_F1,07/24/2023,11:30:00,1670.5000,1670.5000,1669.6000,1669.6000,1875,1540875,
BATAINDIA_F1,07/24/2023,11:31:00,1670.0000,1670.0000,1670.0000,1670.0000,1125,1540875,
BATAINDIA_F1,07/24/2023,11:32:00,1670.4000,1670.4000,1670.4000,1670.4000,1500,1539375,
BATAINDIA_F1,07/24/2023,11:33:00,1670.2500,1670.2500,1670.2500,1670.2500,750,1539375,
BATAINDIA_F1,07/24/2023,11:34:00,1670.2500,1670.2500,1670.2500,1670.2500,375,1539375,
BATAINDIA_F1,07/24/2023,11:35:00,1670.2500,1671.8500,1670.2500,1671.8500,1125,1539375,
BATAINDIA_F1,07/24/2023,11:36:00,1671.8500,1672.0000,1671.8500,1672.0000,1875,1539375,
BATAINDIA_F1,07/24/2023,11:37:00,1672.3500,1672.3500,1672.3500,1672.3500,1500,1539375,
BATAINDIA_F1,07/24/2023,11:38:00,1672.3500,1672.3500,1672.3500,1672.3500,3375,1541625,
BATAINDIA_F1,07/24/2023,11:39:00,1672.3500,1672.3500,1671.9500,1671.9500,1125,1541625,
BATAINDIA_F1,07/24/2023,11:40:00,1670.0500,1670.0500,1670.0500,1670.0500,750,1541625,
BATAINDIA_F1,07/24/2023,11:41:00,1670.0500,1670.0500,1668.4500,1669.7500,3375,1541625,
BATAINDIA_F1,07/24/2023,11:42:00,1670.0500,1670.0500,1670.0500,1670.0500,1875,1534875,
BATAINDIA_F1,07/24/2023,11:43:00,1670.2500,1670.2500,1670.2500,1670.2500,750,1534875,
BATAINDIA_F1,07/24/2023,11:44:00,1670.2500,1670.2500,1670.2500,1670.2500,1125,1534875,
BATAINDIA_F1,07/24/2023,11:45:00,1670.2500,1670.2500,1670.2500,1670.2500,1500,1537875,
BATAINDIA_F1,07/24/2023,11:46:00,1670.2500,1670.2500,1670.2500,1670.2500,1125,1537875,
BATAINDIA_F1,07/24/2023,11:47:00,1670.5500,1670.7500,1670.4500,1670.4500,3000,1537875,
BATAINDIA_F1,07/24/2023,11:48:00,1670.4500,1670.4500,1670.4500,1670.4500,4125,1539750,
BATAINDIA_F1,07/24/2023,11:49:00,1670.4500,1670.4500,1670.4500,1670.4500,1500,1539750,
BATAINDIA_F1,07/24/2023,11:50:00,1670.4500,1670.4500,1670.4500,1670.4500,1125,1539750,
BATAINDIA_F1,07/24/2023,11:51:00,1670.4500,1670.4500,1670.4500,1670.4500,750,1538625,
BATAINDIA_F1,07/24/2023,11:52:00,1670.4500,1670.4500,1669.8000,1669.8000,2250,1538625,
BATAINDIA_F1,07/24/2023,11:53:00,1669.8000,1669.8000,1669.8000,1669.8000,2250,1538625,
BATAINDIA_F1,07/24/2023,11:54:00,1669.8000,1670.0000,1669.8000,1670.0000,3750,1540875,
BATAINDIA_F1,07/24/2023,11:55:00,1670.0000,1670.4500,1670.0000,1670.4500,1875,1540875,
BATAINDIA_F1,07/24/2023,11:56:00,1671.4500,1671.4500,1671.4500,1671.4500,1500,1540875,
BATAINDIA_F1,07/24/2023,11:57:00,1671.4500,1671.5000,1669.4000,1669.4000,3375,1541250,
BATAINDIA_F1,07/24/2023,11:58:00,1669.4000,1669.4000,1668.7500,1668.7500,2250,1541250,
BATAINDIA_F1,07/24/2023,11:59:00,1668.7500,1668.7500,1668.7500,1668.7500,1125,1541250,
BATAINDIA_F1,07/24/2023,12:00:00,1668.7500,1668.7500,1668.7500,1668.7500,750,1501125,
BATAINDIA_F1,07/24/2023,12:01:00,1669.2500,1669.2500,1669.2500,1669.2500,1125,1501125,
BATAINDIA_F1,07/24/2023,12:02:00,1669.2500,1669.2500,1669.2500,1669.2500,2250,1501125,
BATAINDIA_F1,07/24/2023,12:03:00,1669.2500,1669.2500,1669.2500,1669.2500,3375,1501875,
BATAINDIA_F1,07/24/2023,12:04:00,1669.3500,1669.4000,1669.3500,1669.4000,1500,1501875,
BATAINDIA_F1,07/24/2023,12:05:00,1669.4000,1669.4000,1669.4000,1669.4000,1125,1501875,
BATAINDIA_F1,07/24/2023,12:06:00,1669.4000,1669.5500,1669.4000,1669.5500,1125,1503000,
BATAINDIA_F1,07/24/2023,12:07:00,1668.3000,1668.3000,1668.3000,1668.3000,2250,1503000,
BATAINDIA_F1,07/24/2023,12:08:00,1669.5000,1669.9500,1669.4000,1669.9500,3000,1503000,
BATAINDIA_F1,07/24/2023,12:09:00,1669.9500,1669.9500,1669.9500,1669.9500,2625,1504125,
BATAINDIA_F1,07/24/2023,12:10:00,1669.9500,1669.9500,1669.9500,1669.9500,750,1504125,
BATAINDIA_F1,07/24/2023,12:11:00,1669.9500,1671.0000,1669.9500,1671.0000,1875,1504125,
BATAINDIA_F1,07/24/2023,12:12:00,1671.0000,1671.0000,1671.0000,1671.0000,1125,1502625,
BATAINDIA_F1,07/24/2023,12:13:00,1671.5000,1672.5000,1671.5000,1672.5000,2625,1502625,
BATAINDIA_F1,07/24/2023,12:14:00,1673.3000,1675.4000,1673.3000,1675.4000,1875,1502625,
BATAINDIA_F1,07/24/2023,12:15:00,1675.4000,1675.4000,1675.4000,1675.4000,2625,1501875,
BATAINDIA_F1,07/24/2023,12:16:00,1675.4000,1676.0000,1675.4000,1676.0000,1500,1501875,
BATAINDIA_F1,07/24/2023,12:17:00,1675.6500,1675.6500,1674.8000,1674.8000,1875,1501875,
BATAINDIA_F1,07/24/2023,12:18:00,1674.8000,1674.8000,1673.9500,1673.9500,3375,1503000,
BATAINDIA_F1,07/24/2023,12:19:00,1673.9500,1673.9500,1673.9500,1673.9500,1500,1503000,
BATAINDIA_F1,07/24/2023,12:20:00,1673.9500,1673.9500,1673.9500,1673.9500,1125,1503000,
BATAINDIA_F1,07/24/2023,12:21:00,1673.9500,1673.9500,1673.9500,1673.9500,1875,1501125,
BATAINDIA_F1,07/24/2023,12:22:00,1673.9500,1673.9500,1673.0000,1673.0000,1875,1501125,
BATAINDIA_F1,07/24/2023,12:23:00,1673.0000,1673.0000,1673.0000,1673.0000,1500,1501125,
BATAINDIA_F1,07/24/2023,12:24:00,1673.0000,1673.0000,1673.0000,1673.0000,1875,1503000,
BATAINDIA_F1,07/24/2023,12:25:00,1673.0000,1673.0000,1673.0000,1673.0000,1500,1503000,
BATAINDIA_F1,07/24/2023,12:26:00,1673.0000,1673.0000,1673.0000,1673.0000,1125,1503000,
BATAINDIA_F1,07/24/2023,12:27:00,1673.0000,1673.0000,1672.9000,1672.9000,2625,1502625,
BATAINDIA_F1,07/24/2023,12:28:00,1672.9000,1672.9000,1672.9000,1672.9000,1500,1502625,
BATAINDIA_F1,07/24/2023,12:29:00,1672.9000,1672.9000,1672.9000,1672.9000,2250,1502625,
BATAINDIA_F1,07/24/2023,12:30:00,1672.9000,1672.9000,1672.9000,1672.9000,375,1501125,
BATAINDIA_F1,07/24/2023,12:31:00,1672.9000,1673.4000,1672.9000,1673.4000,1875,1501125,
BATAINDIA_F1,07/24/2023,12:32:00,1673.4000,1673.6000,1673.4000,1673.6000,2625,1501125,
BATAINDIA_F1,07/24/2023,12:33:00,1673.6000,1675.7500,1673.6000,1675.7500,2250,1492500,
BATAINDIA_F1,07/24/2023,12:34:00,1675.7500,1675.7500,1674.2500,1675.1000,6750,1492500,
BATAINDIA_F1,07/24/2023,12:35:00,1673.8500,1674.4000,1673.8500,1674.4000,1875,1492500,
BATAINDIA_F1,07/24/2023,12:36:00,1674.4000,1675.3000,1674.4000,1675.3000,750,1491375,
BATAINDIA_F1,07/24/2023,12:37:00,1675.3000,1675.8500,1675.3000,1675.8500,2625,1491375,
BATAINDIA_F1,07/24/2023,12:38:00,1675.8500,1675.8500,1675.8500,1675.8500,1500,1491375,
BATAINDIA_F1,07/24/2023,12:39:00,1675.8500,1675.9500,1674.7000,1675.9500,1500,1492500,
BATAINDIA_F1,07/24/2023,12:40:00,1675.9500,1675.9500,1675.9500,1675.9500,1125,1492500,
BATAINDIA_F1,07/24/2023,12:41:00,1674.9500,1674.9500,1674.9500,1674.9500,2625,1492500,
BATAINDIA_F1,07/24/2023,12:42:00,1674.9500,1674.9500,1674.9500,1674.9500,750,1486875,
BATAINDIA_F1,07/24/2023,12:43:00,1674.9500,1674.9500,1674.9500,1674.9500,1125,1486875,
BATAINDIA_F1,07/24/2023,12:44:00,1674.9500,1674.9500,1674.9500,1674.9500,375,1486875,
BATAINDIA_F1,07/24/2023,12:45:00,1674.9500,1676.8500,1674.9500,1676.8500,3000,1486500,
BATAINDIA_F1,07/24/2023,12:46:00,1676.8500,1678.1000,1676.8500,1678.1000,20625,1486500,
BATAINDIA_F1,07/24/2023,12:47:00,1675.7000,1676.0500,1675.7000,1676.0500,10125,1486500,
BATAINDIA_F1,07/24/2023,12:48:00,1675.2500,1675.3500,1675.2500,1675.3500,2250,1479375,
BATAINDIA_F1,07/24/2023,12:49:00,1675.3500,1675.3500,1674.8500,1674.8500,1500,1479375,
BATAINDIA_F1,07/24/2023,12:50:00,1675.2000,1675.2000,1674.2500,1674.2500,3750,1479375,
BATAINDIA_F1,07/24/2023,12:51:00,1675.2000,1675.6000,1674.8500,1675.2000,3375,1478625,
BATAINDIA_F1,07/24/2023,12:52:00,1674.1000,1674.1000,1674.1000,1674.1000,750,1478625,
BATAINDIA_F1,07/24/2023,12:53:00,1674.1000,1674.1000,1674.1000,1674.1000,1125,1478625,
BATAINDIA_F1,07/24/2023,12:54:00,1674.1000,1674.1000,1674.1000,1674.1000,750,1481625,
BATAINDIA_F1,07/24/2023,12:55:00,1673.5500,1673.5500,1673.5500,1673.5500,375,1481625,
BATAINDIA_F1,07/24/2023,12:56:00,1673.5500,1673.5500,1672.2000,1672.2000,1500,1481625,
BATAINDIA_F1,07/24/2023,12:57:00,1672.9500,1674.1000,1672.9500,1674.1000,3375,1482375,
BATAINDIA_F1,07/24/2023,12:58:00,1674.1000,1674.1000,1674.1000,1674.1000,375,1482375,
BATAINDIA_F1,07/24/2023,12:59:00,1674.1000,1674.5000,1674.1000,1674.5000,750,1482375,
BATAINDIA_F1,07/24/2023,13:00:00,1674.5000,1674.5000,1674.5000,1674.5000,375,1484625,
BATAINDIA_F1,07/24/2023,13:01:00,1674.5000,1674.5000,1674.0000,1674.0000,750,1484625,
BATAINDIA_F1,07/24/2023,13:02:00,1674.0000,1674.0000,1674.0000,1674.0000,1125,1484625,
BATAINDIA_F1,07/24/2023,13:03:00,1674.0000,1674.0000,1674.0000,1674.0000,1125,1486500,
BATAINDIA_F1,07/24/2023,13:04:00,1674.0000,1674.0000,1673.6500,1673.6500,7500,1486500,
BATAINDIA_F1,07/24/2023,13:05:00,1675.6000,1676.6500,1675.6000,1676.6500,7125,1486500,
BATAINDIA_F1,07/24/2023,13:06:00,1676.6500,1676.6500,1675.5000,1675.5000,4500,1487250,
BATAINDIA_F1,07/24/2023,13:07:00,1675.5000,1676.3500,1675.5000,1676.3500,3000,1487250,
BATAINDIA_F1,07/24/2023,13:08:00,1676.3500,1676.3500,1674.8500,1675.7500,1500,1487250,
BATAINDIA_F1,07/24/2023,13:09:00,1676.0000,1676.0000,1676.0000,1676.0000,1875,1486500,
BATAINDIA_F1,07/24/2023,13:10:00,1676.0000,1676.7000,1676.0000,1676.7000,1500,1486500,
BATAINDIA_F1,07/24/2023,13:11:00,1676.7000,1676.7000,1676.3000,1676.7000,2625,1486500,
BATAINDIA_F1,07/24/2023,13:12:00,1676.7000,1677.2500,1676.7000,1677.2500,3750,1481625,
BATAINDIA_F1,07/24/2023,13:13:00,1677.2500,1677.2500,1676.3500,1676.3500,5625,1481625,
BATAINDIA_F1,07/24/2023,13:14:00,1676.3500,1677.2500,1676.3500,1677.2500,1875,1481625,
BATAINDIA_F1,07/24/2023,13:15:00,1677.2500,1677.2500,1677.2500,1677.2500,4500,1482375,
BATAINDIA_F1,07/24/2023,13:16:00,1677.2500,1677.2500,1676.4000,1676.4000,2250,1482375,
BATAINDIA_F1,07/24/2023,13:17:00,1676.4000,1676.4000,1675.6500,1675.6500,2625,1482375,
BATAINDIA_F1,07/24/2023,13:18:00,1675.6500,1675.6500,1675.6500,1675.6500,3000,1482000,
BATAINDIA_F1,07/24/2023,13:19:00,1675.6500,1675.6500,1675.6500,1675.6500,2250,1482000,
BATAINDIA_F1,07/24/2023,13:20:00,1675.6500,1675.6500,1675.6500,1675.6500,750,1482000,
BATAINDIA_F1,07/24/2023,13:21:00,1675.6500,1675.6500,1675.6500,1675.6500,2250,1481250,
BATAINDIA_F1,07/24/2023,13:22:00,1674.9000,1674.9000,1674.9000,1674.9000,2625,1481250,
BATAINDIA_F1,07/24/2023,13:23:00,1674.9000,1675.1000,1674.9000,1675.1000,2250,1481250,
BATAINDIA_F1,07/24/2023,13:24:00,1675.4000,1675.4000,1675.4000,1675.4000,1500,1482750,
BATAINDIA_F1,07/24/2023,13:25:00,1675.4000,1675.4000,1675.4000,1675.4000,375,1482750,
BATAINDIA_F1,07/24/2023,13:26:00,1675.4000,1675.4000,1674.8000,1674.8000,1500,1482750,
BATAINDIA_F1,07/24/2023,13:27:00,1674.8000,1674.8000,1674.4000,1674.4000,5250,1484250,
BATAINDIA_F1,07/24/2023,13:28:00,1674.4000,1674.4000,1674.4000,1674.4000,750,1484250,
BATAINDIA_F1,07/24/2023,13:29:00,1674.4000,1674.4000,1674.4000,1674.4000,3000,1484250,
BATAINDIA_F1,07/24/2023,13:30:00,1674.4000,1674.4000,1674.4000,1674.4000,1500,1482750,
BATAINDIA_F1,07/24/2023,13:31:00,1674.4000,1674.4000,1674.4000,1674.4000,3000,1482750,
BATAINDIA_F1,07/24/2023,13:32:00,1674.4000,1674.4000,1674.4000,1674.4000,375,1482750,
BATAINDIA_F1,07/24/2023,13:33:00,1674.4000,1674.4000,1672.6500,1672.6500,4875,1483875,
BATAINDIA_F1,07/24/2023,13:34:00,1672.6500,1673.0000,1672.6500,1673.0000,1500,1483875,
BATAINDIA_F1,07/24/2023,13:35:00,1673.0000,1673.5000,1673.0000,1673.5000,1500,1483875,
BATAINDIA_F1,07/24/2023,13:36:00,1673.5000,1673.5000,1671.4000,1671.4000,3750,1483125,
BATAINDIA_F1,07/24/2023,13:37:00,1671.4000,1673.1500,1671.4000,1673.1500,2250,1483125,
BATAINDIA_F1,07/24/2023,13:38:00,1673.1500,1673.1500,1673.1000,1673.1000,1875,1483125,
BATAINDIA_F1,07/24/2023,13:39:00,1673.1000,1673.1000,1673.1000,1673.1000,375,1483125,
BATAINDIA_F1,07/24/2023,13:40:00,1673.1000,1673.1000,1673.1000,1673.1000,1125,1484250,
BATAINDIA_F1,07/24/2023,13:41:00,1673.1000,1673.1000,1673.1000,1673.1000,6750,1484250,
BATAINDIA_F1,07/24/2023,13:42:00,1673.1000,1673.1000,1673.1000,1673.1000,4500,1481250,
BATAINDIA_F1,07/24/2023,13:43:00,1673.1000,1673.1000,1673.1000,1673.1000,3375,1481250,
BATAINDIA_F1,07/24/2023,13:44:00,1672.0500,1672.0500,1672.0500,1672.0500,3750,1481250,
BATAINDIA_F1,07/24/2023,13:45:00,1672.0500,1672.0500,1672.0500,1672.0500,4875,1458375,
BATAINDIA_F1,07/24/2023,13:46:00,1672.0500,1672.9500,1672.0500,1672.9500,4875,1458375,
BATAINDIA_F1,07/24/2023,13:47:00,1672.9500,1672.9500,1672.9500,1672.9500,3000,1458375,
BATAINDIA_F1,07/24/2023,13:48:00,1672.9500,1672.9500,1672.9500,1672.9500,3375,1457625,
BATAINDIA_F1,07/24/2023,13:49:00,1672.9500,1672.9500,1672.9500,1672.9500,2250,1457625,
BATAINDIA_F1,07/24/2023,13:50:00,1672.1000,1673.2000,1672.1000,1673.2000,3750,1457625,
BATAINDIA_F1,07/24/2023,13:51:00,1673.2000,1673.2000,1673.2000,1673.2000,1875,1457250,
BATAINDIA_F1,07/24/2023,13:52:00,1673.2000,1673.2000,1672.9000,1672.9000,1875,1457250,
BATAINDIA_F1,07/24/2023,13:53:00,1672.9000,1673.9000,1668.0000,1670.0000,21375,1457250,
BATAINDIA_F1,07/24/2023,13:54:00,1670.0000,1671.8500,1670.0000,1671.8500,2250,1452750,
BATAINDIA_F1,07/24/2023,13:55:00,1671.8500,1671.8500,1671.8500,1671.8500,2250,1452750,
BATAINDIA_F1,07/24/2023,13:56:00,1672.9500,1672.9500,1672.0000,1672.0000,2250,1452750,
BATAINDIA_F1,07/24/2023,13:57:00,1672.0000,1672.0000,1672.0000,1672.0000,750,1456500,
BATAINDIA_F1,07/24/2023,13:58:00,1672.0000,1672.0000,1672.0000,1672.0000,1500,1456500,
BATAINDIA_F1,07/24/2023,13:59:00,1672.0000,1672.0000,1672.0000,1672.0000,1875,1456500,
BATAINDIA_F1,07/24/2023,14:00:00,1671.5000,1674.0500,1671.5000,1674.0500,3000,1361250,
BATAINDIA_F1,07/24/2023,14:01:00,1674.0500,1674.0500,1674.0500,1674.0500,6750,1361250,
BATAINDIA_F1,07/24/2023,14:02:00,1674.3000,1674.3000,1674.3000,1674.3000,2625,1361250,
BATAINDIA_F1,07/24/2023,14:03:00,1674.2000,1674.2000,1673.6500,1673.6500,2625,1360125,
BATAINDIA_F1,07/24/2023,14:04:00,1673.6500,1674.7000,1673.6500,1674.7000,2250,1360125,
BATAINDIA_F1,07/24/2023,14:05:00,1674.6500,1674.6500,1674.6500,1674.6500,2250,1360125,
BATAINDIA_F1,07/24/2023,14:06:00,1674.6500,1674.6500,1673.3000,1673.3000,2625,1362375,
BATAINDIA_F1,07/24/2023,14:07:00,1673.3000,1673.3000,1671.5500,1672.8500,3375,1362375,
BATAINDIA_F1,07/24/2023,14:08:00,1672.8500,1672.8500,1672.8500,1672.8500,2625,1362375,
BATAINDIA_F1,07/24/2023,14:09:00,1672.8500,1672.8500,1670.6500,1672.5000,3375,1366125,
BATAINDIA_F1,07/24/2023,14:10:00,1674.6500,1674.6500,1674.3500,1674.3500,4875,1366125,
BATAINDIA_F1,07/24/2023,14:11:00,1674.3500,1674.3500,1674.3500,1674.3500,1125,1366125,
BATAINDIA_F1,07/24/2023,14:12:00,1674.3500,1676.1000,1674.3500,1676.0000,2250,1362750,
BATAINDIA_F1,07/24/2023,14:13:00,1676.0000,1676.4500,1676.0000,1676.0500,2250,1362750,
BATAINDIA_F1,07/24/2023,14:14:00,1676.0000,1676.0000,1676.0000,1676.0000,1500,1362750,
BATAINDIA_F1,07/24/2023,14:15:00,1676.0000,1676.0000,1675.4500,1675.5000,2250,1362750,
BATAINDIA_F1,07/24/2023,14:16:00,1673.0500,1673.0500,1673.0500,1673.0500,3375,1363125,
BATAINDIA_F1,07/24/2023,14:17:00,1673.0500,1675.0500,1673.0500,1675.0000,2625,1363125,
BATAINDIA_F1,07/24/2023,14:18:00,1675.0000,1675.0000,1674.0500,1674.0500,1500,1365750,
BATAINDIA_F1,07/24/2023,14:19:00,1674.0500,1674.0500,1674.0500,1674.0500,1500,1365750,
BATAINDIA_F1,07/24/2023,14:20:00,1674.0500,1674.0500,1674.0500,1674.0500,375,1365750,
BATAINDIA_F1,07/24/2023,14:21:00,1674.0500,1674.0500,1674.0500,1674.0500,1500,1365750,
BATAINDIA_F1,07/24/2023,14:22:00,1674.5000,1674.5000,1674.5000,1674.5000,375,1365750,
BATAINDIA_F1,07/24/2023,14:23:00,1674.5000,1674.5000,1674.0000,1674.0000,1500,1365750,
BATAINDIA_F1,07/24/2023,14:24:00,1674.0000,1675.6000,1674.0000,1675.6000,1875,1365750,
BATAINDIA_F1,07/24/2023,14:25:00,1675.6000,1675.6000,1675.5000,1675.5000,1125,1365750,
BATAINDIA_F1,07/24/2023,14:26:00,1675.5000,1675.5000,1675.5000,1675.5000,750,1365750,
BATAINDIA_F1,07/24/2023,14:27:00,1675.5500,1675.5500,1675.4000,1675.4000,3000,1369875,
BATAINDIA_F1,07/24/2023,14:28:00,1675.4000,1675.4000,1675.4000,1675.4000,2625,1369875,
BATAINDIA_F1,07/24/2023,14:29:00,1675.4000,1675.4000,1675.4000,1675.4000,3375,1369875,
BATAINDIA_F1,07/24/2023,14:30:00,1675.4000,1675.4000,1675.4000,1675.4000,375,1373625,
BATAINDIA_F1,07/24/2023,14:31:00,1675.4000,1675.4000,1675.4000,1675.4000,1500,1373625,
BATAINDIA_F1,07/24/2023,14:32:00,1675.4000,1676.8000,1675.4000,1676.0000,2625,1373625,
BATAINDIA_F1,07/24/2023,14:33:00,1675.7000,1676.6000,1675.7000,1676.6000,1500,1376250,
BATAINDIA_F1,07/24/2023,14:34:00,1675.2500,1675.2500,1675.2500,1675.2500,1500,1376250,
BATAINDIA_F1,07/24/2023,14:35:00,1675.2500,1675.5000,1675.2500,1675.5000,3375,1376250,
BATAINDIA_F1,07/24/2023,14:36:00,1675.5000,1676.0000,1675.5000,1676.0000,2250,1377000,
BATAINDIA_F1,07/24/2023,14:37:00,1676.0000,1676.0000,1675.5000,1675.5000,2250,1377000,
BATAINDIA_F1,07/24/2023,14:38:00,1676.0000,1676.0000,1676.0000,1676.0000,2625,1377000,
BATAINDIA_F1,07/24/2023,14:39:00,1675.5000,1675.5000,1675.5000,1675.5000,1125,1377000,
BATAINDIA_F1,07/24/2023,14:40:00,1675.5000,1675.5000,1675.5000,1675.5000,1125,1377000,
BATAINDIA_F1,07/24/2023,14:41:00,1676.0000,1676.0000,1676.0000,1676.0000,2625,1377000,
BATAINDIA_F1,07/24/2023,14:42:00,1676.0000,1676.0000,1675.0000,1675.0000,6000,1375875,
BATAINDIA_F1,07/24/2023,14:43:00,1675.0000,1676.7000,1675.0000,1676.7000,8250,1375875,
BATAINDIA_F1,07/24/2023,14:44:00,1676.7000,1676.7500,1676.0000,1676.6000,5250,1375875,
BATAINDIA_F1,07/24/2023,14:45:00,1676.6000,1676.6000,1676.6000,1676.6000,5250,1372500,
BATAINDIA_F1,07/24/2023,14:46:00,1676.9000,1678.0500,1676.3000,1677.0000,7875,1372500,
BATAINDIA_F1,07/24/2023,14:47:00,1677.0000,1677.8000,1676.7000,1677.8000,4125,1372500,
BATAINDIA_F1,07/24/2023,14:48:00,1677.8000,1677.8000,1677.8000,1677.8000,4125,1375875,
BATAINDIA_F1,07/24/2023,14:49:00,1677.8000,1678.0000,1677.8000,1678.0000,4125,1375875,
BATAINDIA_F1,07/24/2023,14:50:00,1678.2000,1678.2000,1676.9500,1677.7000,4500,1375875,
BATAINDIA_F1,07/24/2023,14:51:00,1677.7000,1677.7000,1677.7000,1677.7000,4500,1382250,
BATAINDIA_F1,07/24/2023,14:52:00,1677.7000,1677.7000,1677.7000,1677.7000,4125,1382250,
BATAINDIA_F1,07/24/2023,14:53:00,1677.7000,1680.0000,1677.7000,1680.0000,4500,1382250,
BATAINDIA_F1,07/24/2023,14:54:00,1680.0000,1680.0000,1680.0000,1680.0000,4125,1390500,
BATAINDIA_F1,07/24/2023,14:55:00,1680.0000,1680.2500,1678.7000,1680.2500,5625,1390500,
BATAINDIA_F1,07/24/2023,14:56:00,1680.2500,1681.2000,1680.2500,1681.2000,4875,1390500,
BATAINDIA_F1,07/24/2023,14:57:00,1681.2000,1682.6000,1681.2000,1682.6000,5250,1398750,
BATAINDIA_F1,07/24/2023,14:58:00,1682.6000,1683.5000,1681.9000,1681.9000,6375,1398750,
BATAINDIA_F1,07/24/2023,14:59:00,1681.9000,1682.8500,1681.3500,1682.8000,10125,1398750,
BATAINDIA_F1,07/24/2023,15:00:00,1681.6000,1681.6000,1681.6000,1681.6000,2250,1406250,
BATAINDIA_F1,07/24/2023,15:01:00,1681.6000,1681.6000,1681.6000,1681.6000,750,1406250,
BATAINDIA_F1,07/24/2023,15:02:00,1681.7500,1681.7500,1681.0000,1681.0000,3000,1406250,
BATAINDIA_F1,07/24/2023,15:03:00,1680.2000,1680.3000,1680.2000,1680.3000,1125,1408500,
BATAINDIA_F1,07/24/2023,15:04:00,1680.3000,1680.3000,1680.3000,1680.3000,750,1408500,
BATAINDIA_F1,07/24/2023,15:05:00,1679.4500,1681.0000,1679.4500,1681.0000,3750,1408500,
BATAINDIA_F1,07/24/2023,15:06:00,1681.0000,1681.0000,1679.5500,1679.5500,1500,1408875,
BATAINDIA_F1,07/24/2023,15:07:00,1679.5500,1679.5500,1679.5500,1679.5500,750,1408875,
BATAINDIA_F1,07/24/2023,15:08:00,1681.2000,1681.2000,1681.0000,1681.0000,3000,1408875,
BATAINDIA_F1,07/24/2023,15:09:00,1680.4500,1681.7500,1680.4500,1680.5000,3375,1408500,
BATAINDIA_F1,07/24/2023,15:10:00,1679.3000,1679.3000,1679.3000,1679.3000,1875,1408500,
BATAINDIA_F1,07/24/2023,15:11:00,1679.3000,1679.3000,1678.6500,1678.7000,2625,1408500,
BATAINDIA_F1,07/24/2023,15:13:00,1678.7000,1678.7000,1678.1500,1678.1500,1500,1390125,
BATAINDIA_F1,07/24/2023,15:14:00,1678.1500,1679.8500,1678.1500,1679.3500,6000,1390125,
BATAINDIA_F1,07/24/2023,15:15:00,1678.4500,1678.4500,1678.4500,1678.4500,750,1392000,
BATAINDIA_F1,07/24/2023,15:16:00,1678.4500,1679.8000,1678.4500,1679.8000,4125,1392000,
BATAINDIA_F1,07/24/2023,15:17:00,1680.6500,1681.1500,1678.9000,1680.8500,5625,1392000,
BATAINDIA_F1,07/24/2023,15:18:00,1680.8500,1681.3000,1679.6000,1681.3000,12750,1396500,
BATAINDIA_F1,07/24/2023,15:19:00,1681.3000,1681.4000,1680.4500,1681.0000,5250,1396500,
BATAINDIA_F1,07/24/2023,15:20:00,1681.4500,1681.4500,1681.4500,1681.4500,1875,1396500,
BATAINDIA_F1,07/24/2023,15:21:00,1681.0500,1682.0500,1681.0500,1682.0500,3000,1397625,
BATAINDIA_F1,07/24/2023,15:22:00,1682.0500,1682.0500,1681.4500,1681.4500,1125,1397625,
BATAINDIA_F1,07/24/2023,15:23:00,1681.4500,1683.8500,1681.4500,1683.8500,7875,1397625,
BATAINDIA_F1,07/24/2023,15:24:00,1682.5000,1684.7000,1682.5000,1684.7000,7500,1401750,
BATAINDIA_F1,07/24/2023,15:25:00,1685.4000,1685.7000,1685.4000,1685.7000,7125,1401750,
BATAINDIA_F1,07/24/2023,15:26:00,1684.3500,1684.3500,1682.9500,1683.5000,5625,1401750,
BATAINDIA_F1,07/24/2023,15:27:00,1683.5500,1683.5500,1682.0000,1682.0000,1500,1396500,
BATAINDIA_F1,07/24/2023,15:28:00,1683.4000,1683.4000,1681.5000,1682.5000,2625,1396500,
BATAINDIA_F1,07/24/2023,15:29:00,1683.0000,1684.7500,1681.1500,1681.1500,10875,1396500,
BATAINDIA_F1,07/25/2023,09:15:00,1681.0000,1681.0000,1662.5000,1663.4500,11252,892500,
BATAINDIA_F1,07/25/2023,09:16:00,1671.5000,1678.0000,1671.5000,1678.0000,3375,892500,
BATAINDIA_F1,07/25/2023,09:17:00,1672.3500,1672.3500,1671.1000,1671.1000,6000,893250,
BATAINDIA_F1,07/25/2023,09:18:00,1671.0000,1674.5500,1671.0000,1673.4500,4500,893250,
BATAINDIA_F1,07/25/2023,09:19:00,1675.9500,1677.1000,1675.9500,1677.1000,2250,893250,
BATAINDIA_F1,07/25/2023,09:20:00,1677.1000,1679.8500,1675.1500,1679.8500,7125,893250,
BATAINDIA_F1,07/25/2023,09:21:00,1679.8500,1679.8500,1679.5500,1679.5500,1875,893250,
BATAINDIA_F1,07/25/2023,09:22:00,1679.7000,1680.5000,1679.7000,1680.5000,3375,893250,
BATAINDIA_F1,07/25/2023,09:23:00,1678.7500,1682.8000,1678.7500,1682.8000,7875,898875,
BATAINDIA_F1,07/25/2023,09:24:00,1682.8000,1682.8000,1679.5500,1679.5500,5250,898875,
BATAINDIA_F1,07/25/2023,09:25:00,1679.5500,1679.5500,1679.5500,1679.5500,1125,898875,
BATAINDIA_F1,07/25/2023,09:26:00,1680.0500,1680.0500,1680.0500,1680.0500,1875,903375,
BATAINDIA_F1,07/25/2023,09:27:00,1679.1000,1679.1000,1679.1000,1679.1000,1875,903375,
BATAINDIA_F1,07/25/2023,09:28:00,1677.4000,1677.4000,1677.4000,1677.4000,1875,903375,
BATAINDIA_F1,07/25/2023,09:29:00,1678.9500,1680.5000,1678.9500,1680.5000,2625,904875,
BATAINDIA_F1,07/25/2023,09:30:00,1680.5000,1680.5000,1680.5000,1680.5000,2250,904875,
BATAINDIA_F1,07/25/2023,09:32:00,1679.7500,1679.7500,1679.7500,1679.7500,5625,903750,
BATAINDIA_F1,07/25/2023,09:33:00,1679.9000,1679.9000,1679.9000,1679.9000,750,903750,
BATAINDIA_F1,07/25/2023,09:34:00,1679.9000,1679.9000,1679.9000,1679.9000,750,903750,
BATAINDIA_F1,07/25/2023,09:35:00,1681.0000,1681.5000,1681.0000,1681.5000,4875,903750,
BATAINDIA_F1,07/25/2023,09:36:00,1681.5000,1681.5000,1681.5000,1681.5000,1500,903375,
BATAINDIA_F1,07/25/2023,09:37:00,1681.5000,1681.5000,1681.0000,1681.0000,3000,903375,
BATAINDIA_F1,07/25/2023,09:38:00,1681.7000,1681.7000,1681.7000,1681.7000,3375,903375,
BATAINDIA_F1,07/25/2023,09:39:00,1685.0000,1685.0000,1684.2500,1684.2500,4500,900000,
BATAINDIA_F1,07/25/2023,09:40:00,1681.6500,1681.6500,1681.6500,1681.6500,4875,900000,
BATAINDIA_F1,07/25/2023,09:41:00,1681.6500,1681.6500,1681.6500,1681.6500,750,900000,
BATAINDIA_F1,07/25/2023,09:42:00,1681.6500,1682.9000,1681.6500,1682.9000,2250,879000,
BATAINDIA_F1,07/25/2023,09:43:00,1684.0000,1685.4500,1684.0000,1685.4500,3375,879000,
BATAINDIA_F1,07/25/2023,09:44:00,1685.4500,1685.4500,1685.4500,1685.4500,2625,879000,
BATAINDIA_F1,07/25/2023,09:45:00,1685.0000,1685.0000,1685.0000,1685.0000,2250,878250,
BATAINDIA_F1,07/25/2023,09:46:00,1685.9000,1685.9000,1683.4500,1685.0500,7500,878250,
BATAINDIA_F1,07/25/2023,09:47:00,1685.1000,1685.2000,1684.1500,1684.1500,4500,878250,
BATAINDIA_F1,07/25/2023,09:48:00,1684.1500,1684.1500,1682.0500,1682.0500,1875,879000,
BATAINDIA_F1,07/25/2023,09:49:00,1682.0500,1682.0500,1679.0000,1679.0000,11625,879000,
BATAINDIA_F1,07/25/2023,09:50:00,1679.0000,1679.0000,1679.0000,1679.0000,4500,874500,
BATAINDIA_F1,07/25/2023,09:51:00,1679.0000,1679.0000,1679.0000,1679.0000,750,874500,
BATAINDIA_F1,07/25/2023,09:52:00,1678.9000,1684.0000,1678.7500,1684.0000,7875,874500,
BATAINDIA_F1,07/25/2023,09:53:00,1684.0000,1684.0000,1683.3500,1683.3500,3375,870750,
BATAINDIA_F1,07/25/2023,09:54:00,1683.3500,1684.0000,1683.3500,1684.0000,1875,870750,
BATAINDIA_F1,07/25/2023,09:55:00,1684.0000,1684.0000,1684.0000,1684.0000,1125,870750,
BATAINDIA_F1,07/25/2023,09:56:00,1684.0000,1684.0000,1684.0000,1684.0000,750,870750,
BATAINDIA_F1,07/25/2023,09:57:00,1684.7500,1686.1000,1684.7500,1686.1000,5250,865500,
BATAINDIA_F1,07/25/2023,09:58:00,1687.0500,1687.0500,1685.5000,1685.5000,4875,865500,
BATAINDIA_F1,07/25/2023,09:59:00,1685.5000,1685.5000,1684.1000,1684.1000,3000,865500,
BATAINDIA_F1,07/25/2023,10:00:00,1684.1000,1684.1000,1684.1000,1684.1000,2250,867375,
BATAINDIA_F1,07/25/2023,10:01:00,1684.1000,1684.1000,1683.3500,1683.3500,1500,867375,
BATAINDIA_F1,07/25/2023,10:02:00,1683.3500,1683.3500,1681.9000,1681.9000,4125,870000,
BATAINDIA_F1,07/25/2023,10:03:00,1681.9000,1681.9000,1681.9000,1681.9000,1875,870000,
BATAINDIA_F1,07/25/2023,10:04:00,1681.4500,1681.4500,1681.4500,1681.4500,1125,870000,
BATAINDIA_F1,07/25/2023,10:05:00,1681.4500,1682.8000,1681.4500,1682.8000,750,867750,
BATAINDIA_F1,07/25/2023,10:06:00,1682.8000,1682.8000,1682.8000,1682.8000,1125,867750,
BATAINDIA_F1,07/25/2023,10:07:00,1682.8000,1682.8000,1682.8000,1682.8000,2250,867750,
BATAINDIA_F1,07/25/2023,10:08:00,1682.8000,1683.0000,1682.8000,1683.0000,2625,864000,
BATAINDIA_F1,07/25/2023,10:09:00,1682.6000,1682.6000,1682.0000,1682.0000,1875,864000,
BATAINDIA_F1,07/25/2023,10:10:00,1682.0000,1682.0000,1679.7000,1679.7000,1125,864000,
BATAINDIA_F1,07/25/2023,10:11:00,1679.7000,1679.7000,1679.7000,1679.7000,1125,864000,
BATAINDIA_F1,07/25/2023,10:12:00,1679.7000,1679.7000,1679.7000,1679.7000,1125,840375,
BATAINDIA_F1,07/25/2023,10:13:00,1679.7000,1679.7000,1679.7000,1679.7000,2250,840375,
BATAINDIA_F1,07/25/2023,10:14:00,1679.4000,1679.4000,1679.4000,1679.4000,1125,840375,
BATAINDIA_F1,07/25/2023,10:15:00,1679.4000,1679.4000,1679.4000,1679.4000,1125,840750,
BATAINDIA_F1,07/25/2023,10:16:00,1679.4000,1679.4000,1679.4000,1679.4000,375,840750,
BATAINDIA_F1,07/25/2023,10:17:00,1679.4000,1679.4000,1679.4000,1679.4000,1875,842625,
BATAINDIA_F1,07/25/2023,10:18:00,1679.4000,1679.4000,1676.9500,1676.9500,1500,842625,
BATAINDIA_F1,07/25/2023,10:19:00,1676.9500,1676.9500,1676.9500,1676.9500,1875,842625,
BATAINDIA_F1,07/25/2023,10:20:00,1677.4000,1677.4000,1677.4000,1677.4000,1875,840375,
BATAINDIA_F1,07/25/2023,10:21:00,1677.4000,1677.6500,1677.4000,1677.6500,1500,840375,
BATAINDIA_F1,07/25/2023,10:22:00,1677.6500,1677.6500,1677.6500,1677.6500,1125,840375,
BATAINDIA_F1,07/25/2023,10:23:00,1677.6500,1677.6500,1677.3000,1677.3000,2625,841500,
BATAINDIA_F1,07/25/2023,10:24:00,1678.8000,1678.8000,1678.8000,1678.8000,2625,841500,
BATAINDIA_F1,07/25/2023,10:25:00,1678.8000,1678.8000,1678.8000,1678.8000,1875,841500,
BATAINDIA_F1,07/25/2023,10:26:00,1678.8000,1678.8000,1678.8000,1678.8000,1125,838875,
BATAINDIA_F1,07/25/2023,10:27:00,1678.8000,1678.8000,1678.8000,1678.8000,375,838875,
BATAINDIA_F1,07/25/2023,10:28:00,1679.0000,1679.0000,1679.0000,1679.0000,1125,838875,
BATAINDIA_F1,07/25/2023,10:29:00,1679.0000,1679.0000,1679.0000,1679.0000,1875,838875,
BATAINDIA_F1,07/25/2023,10:30:00,1679.2000,1679.2000,1678.8500,1678.8500,3000,839625,
BATAINDIA_F1,07/25/2023,10:31:00,1678.8500,1678.8500,1678.8500,1678.8500,750,839625,
BATAINDIA_F1,07/25/2023,10:32:00,1678.8500,1678.8500,1678.8500,1678.8500,1875,840750,
BATAINDIA_F1,07/25/2023,10:33:00,1678.8500,1678.8500,1678.8500,1678.8500,1125,840750,
BATAINDIA_F1,07/25/2023,10:34:00,1679.5000,1679.5000,1679.5000,1679.5000,1500,840750,
BATAINDIA_F1,07/25/2023,10:35:00,1679.5000,1679.5000,1678.1500,1678.1500,1500,841875,
BATAINDIA_F1,07/25/2023,10:36:00,1678.1500,1678.1500,1678.1500,1678.1500,750,841875,
BATAINDIA_F1,07/25/2023,10:37:00,1678.1500,1678.1500,1678.1500,1678.1500,1500,841875,
BATAINDIA_F1,07/25/2023,10:38:00,1678.1500,1678.1500,1678.1500,1678.1500,750,841875,
BATAINDIA_F1,07/25/2023,10:39:00,1678.1500,1678.1500,1678.1500,1678.1500,1500,838125,
BATAINDIA_F1,07/25/2023,10:40:00,1678.1500,1678.7000,1678.1500,1678.7000,2625,838125,
BATAINDIA_F1,07/25/2023,10:41:00,1678.7000,1679.0500,1675.7000,1675.7000,3375,832125,
BATAINDIA_F1,07/25/2023,10:42:00,1672.7500,1672.7500,1671.0500,1671.0500,2250,832125,
BATAINDIA_F1,07/25/2023,10:43:00,1671.0500,1671.0500,1670.0500,1670.0500,7500,832125,
BATAINDIA_F1,07/25/2023,10:44:00,1670.0500,1670.0500,1670.0500,1670.0500,750,832125,
BATAINDIA_F1,07/25/2023,10:45:00,1670.0500,1670.0500,1670.0500,1670.0500,375,830250,
BATAINDIA_F1,07/25/2023,10:46:00,1670.0500,1670.0500,1670.0500,1670.0500,1500,830250,
BATAINDIA_F1,07/25/2023,10:47:00,1670.0500,1670.0500,1670.0500,1670.0500,1500,830250,
BATAINDIA_F1,07/25/2023,10:48:00,1669.0000,1669.0000,1669.0000,1669.0000,1875,827625,
BATAINDIA_F1,07/25/2023,10:49:00,1669.0000,1669.0000,1669.0000,1669.0000,1125,827625,
BATAINDIA_F1,07/25/2023,10:50:00,1669.0500,1669.0500,1669.0500,1669.0500,1125,827625,
BATAINDIA_F1,07/25/2023,10:51:00,1669.0500,1669.9000,1669.0500,1669.9000,4875,828375,
BATAINDIA_F1,07/25/2023,10:52:00,1668.6000,1668.6000,1668.2000,1668.2000,3750,828375,
BATAINDIA_F1,07/25/2023,10:53:00,1668.2000,1668.2000,1668.2000,1668.2000,1125,828375,
BATAINDIA_F1,07/25/2023,10:54:00,1668.2000,1668.2000,1666.8500,1666.8500,1125,830625,
BATAINDIA_F1,07/25/2023,10:55:00,1668.0000,1668.0000,1665.7500,1665.7500,1875,830625,
BATAINDIA_F1,07/25/2023,10:56:00,1666.4500,1666.4500,1665.3500,1665.3500,4500,830625,
BATAINDIA_F1,07/25/2023,10:57:00,1665.3500,1665.3500,1665.3500,1665.3500,375,825375,
BATAINDIA_F1,07/25/2023,10:58:00,1665.3500,1665.3500,1665.3500,1665.3500,1500,825375,
BATAINDIA_F1,07/25/2023,10:59:00,1665.3500,1665.3500,1665.3500,1665.3500,1875,825375,
BATAINDIA_F1,07/25/2023,11:00:00,1665.3500,1667.6500,1665.3500,1667.6500,1875,825375,
BATAINDIA_F1,07/25/2023,11:01:00,1667.6500,1667.6500,1667.6500,1667.6500,1125,825375,
BATAINDIA_F1,07/25/2023,11:02:00,1666.2500,1666.2500,1665.5000,1665.5000,3375,825375,
BATAINDIA_F1,07/25/2023,11:03:00,1665.5000,1665.5000,1665.5000,1665.5000,375,825750,
BATAINDIA_F1,07/25/2023,11:04:00,1665.5000,1667.3500,1665.5000,1667.3500,2625,825750,
BATAINDIA_F1,07/25/2023,11:05:00,1667.3500,1667.3500,1666.3500,1666.3500,2625,825750,
BATAINDIA_F1,07/25/2023,11:06:00,1668.9500,1669.0000,1668.9500,1669.0000,4500,826875,
BATAINDIA_F1,07/25/2023,11:07:00,1669.0000,1670.5500,1669.0000,1670.5500,3750,826875,
BATAINDIA_F1,07/25/2023,11:08:00,1670.7000,1670.7000,1670.7000,1670.7000,1500,826875,
BATAINDIA_F1,07/25/2023,11:09:00,1670.7000,1670.7000,1670.7000,1670.7000,375,823125,
BATAINDIA_F1,07/25/2023,11:10:00,1670.2000,1670.2000,1669.9000,1669.9000,2250,823125,
BATAINDIA_F1,07/25/2023,11:11:00,1671.4000,1671.8500,1671.4000,1671.8500,2625,823125,
BATAINDIA_F1,07/25/2023,11:12:00,1670.3000,1670.3000,1670.3000,1670.3000,375,819000,
BATAINDIA_F1,07/25/2023,11:13:00,1668.9000,1668.9000,1668.9000,1668.9000,1875,819000,
BATAINDIA_F1,07/25/2023,11:14:00,1668.9000,1668.9000,1668.9000,1668.9000,375,819000,
BATAINDIA_F1,07/25/2023,11:15:00,1668.9000,1668.9000,1668.9000,1668.9000,1125,819000,
BATAINDIA_F1,07/25/2023,11:16:00,1668.9000,1668.9000,1667.0000,1667.0000,1500,819000,
BATAINDIA_F1,07/25/2023,11:17:00,1667.0000,1667.0500,1667.0000,1667.0500,2625,819000,
BATAINDIA_F1,07/25/2023,11:18:00,1667.0500,1669.8000,1667.0500,1669.8000,2625,814500,
BATAINDIA_F1,07/25/2023,11:19:00,1669.1000,1669.1000,1669.1000,1669.1000,750,814500,
BATAINDIA_F1,07/25/2023,11:20:00,1669.1000,1669.1000,1669.1000,1669.1000,1125,814500,
BATAINDIA_F1,07/25/2023,11:21:00,1669.1000,1669.1000,1669.1000,1669.1000,1125,814875,
BATAINDIA_F1,07/25/2023,11:22:00,1669.1000,1669.1000,1669.1000,1669.1000,375,814875,
BATAINDIA_F1,07/25/2023,11:23:00,1669.1000,1669.1000,1666.7000,1666.7000,1125,814875,
BATAINDIA_F1,07/25/2023,11:24:00,1666.7000,1666.7000,1666.7000,1666.7000,750,816000,
BATAINDIA_F1,07/25/2023,11:25:00,1666.7000,1666.7000,1666.7000,1666.7000,750,816000,
BATAINDIA_F1,07/25/2023,11:26:00,1666.7000,1666.7000,1666.7000,1666.7000,1125,816000,
BATAINDIA_F1,07/25/2023,11:27:00,1666.7000,1666.7000,1666.7000,1666.7000,1125,810375,
BATAINDIA_F1,07/25/2023,11:28:00,1666.7000,1666.7000,1666.7000,1666.7000,750,810375,
BATAINDIA_F1,07/25/2023,11:29:00,1669.0500,1669.0500,1669.0500,1669.0500,1875,810375,
BATAINDIA_F1,07/25/2023,11:31:00,1669.0500,1671.9000,1669.0500,1671.9000,5250,808875,
BATAINDIA_F1,07/25/2023,11:32:00,1671.9000,1673.6500,1671.9000,1672.8000,3375,808875,
BATAINDIA_F1,07/25/2023,11:33:00,1675.0000,1675.3000,1675.0000,1675.3000,3750,810750,
BATAINDIA_F1,07/25/2023,11:34:00,1675.8000,1675.8000,1674.7000,1674.7000,2250,810750,
BATAINDIA_F1,07/25/2023,11:35:00,1674.7000,1674.7000,1674.7000,1674.7000,1500,810750,
BATAINDIA_F1,07/25/2023,11:36:00,1674.7000,1676.0500,1674.6500,1676.0500,2625,811500,
BATAINDIA_F1,07/25/2023,11:38:00,1676.0500,1676.0500,1676.0500,1676.0500,1500,811500,
BATAINDIA_F1,07/25/2023,11:39:00,1676.0500,1677.0500,1676.0500,1677.0500,2250,809625,
BATAINDIA_F1,07/25/2023,11:40:00,1678.9000,1678.9000,1678.9000,1678.9000,1500,809625,
BATAINDIA_F1,07/25/2023,11:41:00,1679.1000,1679.1000,1677.8500,1679.0000,2625,809625,
BATAINDIA_F1,07/25/2023,11:42:00,1679.0000,1679.0000,1679.0000,1679.0000,2250,809625,
BATAINDIA_F1,07/25/2023,11:43:00,1678.5000,1680.9000,1678.5000,1680.9000,1500,809625,
BATAINDIA_F1,07/25/2023,11:44:00,1680.9000,1680.9000,1680.9000,1680.9000,1500,809625,
BATAINDIA_F1,07/25/2023,11:45:00,1680.2000,1680.2000,1679.4500,1679.4500,3375,797625,
BATAINDIA_F1,07/25/2023,11:46:00,1679.4500,1679.4500,1679.4500,1679.4500,1125,797625,
BATAINDIA_F1,07/25/2023,11:47:00,1679.8000,1679.8000,1679.8000,1679.8000,2625,797625,
BATAINDIA_F1,07/25/2023,11:48:00,1678.2500,1678.2500,1678.2500,1678.2500,1875,795000,
BATAINDIA_F1,07/25/2023,11:49:00,1678.2500,1678.2500,1678.2500,1678.2500,750,795000,
BATAINDIA_F1,07/25/2023,11:50:00,1678.2500,1678.2500,1678.2500,1678.2500,375,795000,
BATAINDIA_F1,07/25/2023,11:51:00,1678.2500,1678.4500,1678.2500,1678.4500,2625,794250,
BATAINDIA_F1,07/25/2023,11:52:00,1679.2500,1679.2500,1679.2500,1679.2500,750,794250,
BATAINDIA_F1,07/25/2023,11:53:00,1679.2500,1679.2500,1679.2500,1679.2500,750,794250,
BATAINDIA_F1,07/25/2023,11:54:00,1679.2500,1679.2500,1679.2500,1679.2500,1500,795000,
BATAINDIA_F1,07/25/2023,11:55:00,1679.3500,1679.3500,1679.2500,1679.2500,1500,795000,
BATAINDIA_F1,07/25/2023,11:56:00,1679.2500,1679.2500,1679.2500,1679.2500,1500,795000,
BATAINDIA_F1,07/25/2023,11:57:00,1679.2500,1679.2500,1679.2500,1679.2500,1125,791625,
BATAINDIA_F1,07/25/2023,11:58:00,1679.2500,1679.2500,1679.2500,1679.2500,375,791625,
BATAINDIA_F1,07/25/2023,11:59:00,1679.2500,1679.2500,1678.8000,1679.0000,1500,791625,
BATAINDIA_F1,07/25/2023,12:00:00,1679.0000,1679.0000,1679.0000,1679.0000,1125,792375,
BATAINDIA_F1,07/25/2023,12:01:00,1679.8500,1679.8500,1679.8500,1679.8500,750,792375,
BATAINDIA_F1,07/25/2023,12:02:00,1681.5000,1681.6000,1681.5000,1681.6000,1500,792375,
BATAINDIA_F1,07/25/2023,12:03:00,1681.6000,1683.1000,1681.6000,1683.1000,3750,794625,
BATAINDIA_F1,07/25/2023,12:04:00,1682.4500,1682.4500,1682.4500,1682.4500,2625,794625,
BATAINDIA_F1,07/25/2023,12:05:00,1682.4500,1683.4500,1682.4500,1683.4500,1875,794625,
BATAINDIA_F1,07/25/2023,12:06:00,1683.4500,1683.4500,1683.4500,1683.4500,375,793875,
BATAINDIA_F1,07/25/2023,12:07:00,1683.4500,1683.6500,1681.9500,1683.6500,1875,793875,
BATAINDIA_F1,07/25/2023,12:08:00,1683.6500,1684.0000,1683.6500,1684.0000,3000,793875,
BATAINDIA_F1,07/25/2023,12:09:00,1684.0000,1684.0000,1684.0000,1684.0000,1125,795750,
BATAINDIA_F1,07/25/2023,12:10:00,1683.5500,1683.5500,1683.0000,1683.0000,3000,795750,
BATAINDIA_F1,07/25/2023,12:11:00,1683.0000,1683.0500,1683.0000,1683.0500,1500,795750,
BATAINDIA_F1,07/25/2023,12:12:00,1683.0500,1683.0500,1683.0500,1683.0500,750,791250,
BATAINDIA_F1,07/25/2023,12:14:00,1683.0500,1683.0500,1683.0500,1683.0500,750,791250,
BATAINDIA_F1,07/25/2023,12:15:00,1683.0500,1683.0500,1683.0500,1683.0500,1500,791250,
BATAINDIA_F1,07/25/2023,12:16:00,1683.0500,1683.0500,1683.0500,1683.0500,1125,791250,
BATAINDIA_F1,07/25/2023,12:17:00,1683.2500,1683.2500,1683.2500,1683.2500,1500,791250,
BATAINDIA_F1,07/25/2023,12:18:00,1683.0500,1683.0500,1681.5500,1681.5500,3000,789750,
BATAINDIA_F1,07/25/2023,12:19:00,1681.5500,1681.5500,1681.5500,1681.5500,750,789750,
BATAINDIA_F1,07/25/2023,12:20:00,1681.5500,1681.5500,1681.5500,1681.5500,375,789750,
BATAINDIA_F1,07/25/2023,12:21:00,1681.5500,1681.5500,1681.5500,1681.5500,1875,785625,
BATAINDIA_F1,07/25/2023,12:22:00,1681.5500,1681.5500,1681.5500,1681.5500,750,785625,
BATAINDIA_F1,07/25/2023,12:23:00,1681.5500,1681.5500,1681.0000,1681.0000,1500,785625,
BATAINDIA_F1,07/25/2023,12:24:00,1682.0000,1682.0000,1681.1000,1681.1000,1875,789000,
BATAINDIA_F1,07/25/2023,12:25:00,1681.1000,1682.9000,1681.1000,1682.9000,3000,789000,
BATAINDIA_F1,07/25/2023,12:26:00,1683.0000,1683.0000,1683.0000,1683.0000,750,789000,
BATAINDIA_F1,07/25/2023,12:27:00,1684.0500,1684.9000,1683.6000,1683.6000,2625,787875,
BATAINDIA_F1,07/25/2023,12:28:00,1684.7500,1684.7500,1684.7500,1684.7500,375,787875,
BATAINDIA_F1,07/25/2023,12:29:00,1686.4000,1686.4000,1686.4000,1686.4000,3000,787875,
BATAINDIA_F1,07/25/2023,12:30:00,1686.4000,1686.4000,1686.4000,1686.4000,1500,771000,
BATAINDIA_F1,07/25/2023,12:32:00,1686.8000,1686.8000,1686.8000,1686.8000,1500,771000,
BATAINDIA_F1,07/25/2023,12:33:00,1686.9000,1686.9000,1685.0500,1685.0500,4500,771750,
BATAINDIA_F1,07/25/2023,12:34:00,1683.0500,1683.0500,1683.0500,1683.0500,1500,771750,
BATAINDIA_F1,07/25/2023,12:35:00,1682.4500,1682.4500,1682.4500,1682.4500,1500,771750,
BATAINDIA_F1,07/25/2023,12:36:00,1680.7000,1680.7000,1680.6000,1680.6000,1500,773250,
BATAINDIA_F1,07/25/2023,12:37:00,1680.6000,1681.5000,1680.6000,1681.5000,2625,773250,
BATAINDIA_F1,07/25/2023,12:39:00,1681.5000,1681.5000,1681.3500,1681.3500,3000,765750,
BATAINDIA_F1,07/25/2023,12:41:00,1681.3500,1685.1500,1681.3500,1685.1500,2625,765750,
BATAINDIA_F1,07/25/2023,12:42:00,1686.0000,1686.0000,1686.0000,1686.0000,1125,766500,
BATAINDIA_F1,07/25/2023,12:43:00,1686.0000,1686.0000,1684.8500,1684.8500,1500,766500,
BATAINDIA_F1,07/25/2023,12:44:00,1684.8500,1685.2000,1684.8500,1685.2000,1125,766500,
BATAINDIA_F1,07/25/2023,12:45:00,1685.2000,1685.2000,1685.2000,1685.2000,1500,766500,
BATAINDIA_F1,07/25/2023,12:46:00,1685.2000,1685.2000,1685.2000,1685.2000,375,766500,
BATAINDIA_F1,07/25/2023,12:47:00,1685.2000,1685.2000,1684.9500,1684.9500,2625,766500,
BATAINDIA_F1,07/25/2023,12:48:00,1684.9500,1685.0000,1684.9500,1685.0000,1875,767250,
BATAINDIA_F1,07/25/2023,12:49:00,1685.0000,1685.0000,1685.0000,1685.0000,1875,767250,
BATAINDIA_F1,07/25/2023,12:50:00,1684.7000,1685.2000,1684.7000,1685.2000,2250,767250,
BATAINDIA_F1,07/25/2023,12:51:00,1685.2000,1685.2000,1685.2000,1685.2000,1500,762750,
BATAINDIA_F1,07/25/2023,12:52:00,1684.4000,1685.4500,1684.4000,1685.4500,1500,762750,
BATAINDIA_F1,07/25/2023,12:53:00,1685.1000,1685.1000,1685.1000,1685.1000,750,762750,
BATAINDIA_F1,07/25/2023,12:54:00,1685.1000,1685.1000,1685.1000,1685.1000,750,763875,
BATAINDIA_F1,07/25/2023,12:55:00,1685.3500,1685.3500,1685.3500,1685.3500,1875,763875,
BATAINDIA_F1,07/25/2023,12:56:00,1685.3500,1685.3500,1685.0000,1685.0000,750,763875,
BATAINDIA_F1,07/25/2023,12:57:00,1685.0000,1685.0000,1685.0000,1685.0000,750,763125,
BATAINDIA_F1,07/25/2023,12:58:00,1685.0000,1685.0000,1685.0000,1685.0000,750,763125,
BATAINDIA_F1,07/25/2023,12:59:00,1685.0000,1685.0000,1685.0000,1685.0000,2250,763125,
BATAINDIA_F1,07/25/2023,13:00:00,1685.0000,1685.0000,1685.0000,1685.0000,375,763125,
BATAINDIA_F1,07/25/2023,13:01:00,1685.0000,1685.0000,1685.0000,1685.0000,750,759375,
BATAINDIA_F1,07/25/2023,13:02:00,1684.3500,1684.3500,1684.3500,1684.3500,1500,759375,
BATAINDIA_F1,07/25/2023,13:03:00,1686.5500,1686.5500,1686.5500,1686.5500,2250,759000,
BATAINDIA_F1,07/25/2023,13:04:00,1686.5500,1689.0000,1686.5500,1689.0000,4125,759000,
BATAINDIA_F1,07/25/2023,13:05:00,1689.0000,1689.5000,1688.8500,1689.5000,3000,759000,
BATAINDIA_F1,07/25/2023,13:06:00,1690.0000,1691.0000,1690.0000,1691.0000,5625,756375,
BATAINDIA_F1,07/25/2023,13:07:00,1691.0000,1693.0000,1691.0000,1693.0000,7875,756375,
BATAINDIA_F1,07/25/2023,13:08:00,1693.8000,1693.8000,1693.8000,1693.8000,1500,756375,
BATAINDIA_F1,07/25/2023,13:09:00,1693.8000,1693.8000,1690.8000,1692.2500,3750,759375,
BATAINDIA_F1,07/25/2023,13:10:00,1692.1000,1692.1000,1688.5000,1688.5000,7500,759375,
BATAINDIA_F1,07/25/2023,13:11:00,1689.1000,1689.1000,1686.6500,1686.6500,3000,759375,
BATAINDIA_F1,07/25/2023,13:12:00,1686.4500,1686.4500,1686.4500,1686.4500,1875,750375,
BATAINDIA_F1,07/25/2023,13:13:00,1686.4500,1686.4500,1686.4500,1686.4500,1500,750375,
BATAINDIA_F1,07/25/2023,13:14:00,1686.1500,1686.1500,1686.1500,1686.1500,2250,750375,
BATAINDIA_F1,07/25/2023,13:15:00,1686.1500,1686.1500,1686.1500,1686.1500,750,748500,
BATAINDIA_F1,07/25/2023,13:16:00,1686.1500,1686.9000,1686.1500,1686.9000,1125,748500,
BATAINDIA_F1,07/25/2023,13:17:00,1686.9000,1686.9000,1686.9000,1686.9000,1125,748500,
BATAINDIA_F1,07/25/2023,13:18:00,1686.2500,1686.2500,1686.2500,1686.2500,750,749250,
BATAINDIA_F1,07/25/2023,13:19:00,1686.2500,1686.2500,1685.9500,1685.9500,1500,749250,
BATAINDIA_F1,07/25/2023,13:20:00,1685.9500,1685.9500,1685.9500,1685.9500,750,749250,
BATAINDIA_F1,07/25/2023,13:21:00,1685.9500,1685.9500,1685.9500,1685.9500,375,749625,
BATAINDIA_F1,07/25/2023,13:22:00,1685.9500,1685.9500,1683.0000,1683.0000,1500,749625,
BATAINDIA_F1,07/25/2023,13:23:00,1684.9000,1684.9000,1684.9000,1684.9000,1875,749625,
BATAINDIA_F1,07/25/2023,13:24:00,1684.9000,1684.9000,1684.9000,1684.9000,750,750375,
BATAINDIA_F1,07/25/2023,13:25:00,1684.9000,1684.9000,1684.9000,1684.9000,750,750375,
BATAINDIA_F1,07/25/2023,13:27:00,1684.9000,1684.9000,1684.9000,1684.9000,1125,750375,
BATAINDIA_F1,07/25/2023,13:28:00,1684.9000,1684.9000,1684.9000,1684.9000,1875,752250,
BATAINDIA_F1,07/25/2023,13:29:00,1684.9000,1685.2000,1684.9000,1685.2000,1125,752250,
BATAINDIA_F1,07/25/2023,13:30:00,1685.8500,1685.9000,1685.8500,1685.9000,1125,752250,
BATAINDIA_F1,07/25/2023,13:31:00,1686.6000,1686.6000,1686.6000,1686.6000,1875,753000,
BATAINDIA_F1,07/25/2023,13:32:00,1685.8500,1685.8500,1683.7000,1683.7000,4875,753000,
BATAINDIA_F1,07/25/2023,13:33:00,1683.7000,1683.7000,1683.7000,1683.7000,750,755250,
BATAINDIA_F1,07/25/2023,13:34:00,1683.7000,1683.7000,1683.7000,1683.7000,2250,755250,
BATAINDIA_F1,07/25/2023,13:35:00,1683.7000,1683.7000,1683.7000,1683.7000,1875,755250,
BATAINDIA_F1,07/25/2023,13:36:00,1683.7000,1685.3000,1683.7000,1685.3000,750,757500,
BATAINDIA_F1,07/25/2023,13:37:00,1685.3000,1685.3000,1685.3000,1685.3000,1125,757500,
BATAINDIA_F1,07/25/2023,13:38:00,1685.3000,1685.3000,1685.3000,1685.3000,750,757500,
BATAINDIA_F1,07/25/2023,13:39:00,1685.3500,1685.4000,1685.3500,1685.4000,2250,759375,
BATAINDIA_F1,07/25/2023,13:40:00,1685.4000,1686.2000,1685.4000,1685.8000,3000,759375,
BATAINDIA_F1,07/25/2023,13:41:00,1685.8000,1685.8000,1685.8000,1685.8000,1125,759375,
BATAINDIA_F1,07/25/2023,13:42:00,1685.8000,1685.8000,1685.8000,1685.8000,750,761625,
BATAINDIA_F1,07/25/2023,13:43:00,1685.8000,1687.5000,1685.0000,1687.5000,3000,761625,
BATAINDIA_F1,07/25/2023,13:44:00,1687.1500,1687.1500,1687.1500,1687.1500,1125,761625,
BATAINDIA_F1,07/25/2023,13:45:00,1687.9500,1688.9000,1687.9500,1688.9000,1125,761625,
BATAINDIA_F1,07/25/2023,13:46:00,1689.1000,1689.1000,1689.1000,1689.1000,1500,761625,
BATAINDIA_F1,07/25/2023,13:47:00,1689.1000,1690.0000,1688.0000,1690.0000,2625,761625,
BATAINDIA_F1,07/25/2023,13:48:00,1690.8000,1690.8000,1690.5000,1690.5000,2250,761625,
BATAINDIA_F1,07/25/2023,13:49:00,1690.5000,1693.0000,1690.5000,1693.0000,3000,763500,
BATAINDIA_F1,07/25/2023,13:50:00,1693.0000,1693.0000,1691.6000,1691.6000,1875,763500,
BATAINDIA_F1,07/25/2023,13:51:00,1691.6000,1691.6000,1691.1000,1691.1000,1125,763500,
BATAINDIA_F1,07/25/2023,13:52:00,1691.1000,1691.1000,1690.0000,1690.0000,1500,763500,
BATAINDIA_F1,07/25/2023,13:53:00,1690.6000,1690.6000,1690.6000,1690.6000,3000,763500,
BATAINDIA_F1,07/25/2023,13:54:00,1690.1000,1690.1000,1690.1000,1690.1000,750,765375,
BATAINDIA_F1,07/25/2023,13:55:00,1690.1000,1690.1000,1690.1000,1690.1000,750,765375,
BATAINDIA_F1,07/25/2023,13:56:00,1691.8000,1691.8000,1691.8000,1691.8000,1500,765375,
BATAINDIA_F1,07/25/2023,13:57:00,1691.0500,1691.0500,1691.0500,1691.0500,1125,765375,
BATAINDIA_F1,07/25/2023,13:58:00,1691.0500,1691.0500,1690.0000,1690.0000,2250,766125,
BATAINDIA_F1,07/25/2023,13:59:00,1690.0500,1691.4500,1690.0500,1691.4500,2250,766125,
BATAINDIA_F1,07/25/2023,14:00:00,1691.4500,1691.4500,1691.4500,1691.4500,375,766500,
BATAINDIA_F1,07/25/2023,14:01:00,1691.4500,1691.4500,1691.4500,1691.4500,1500,766500,
BATAINDIA_F1,07/25/2023,14:02:00,1691.4500,1691.4500,1691.4500,1691.4500,750,766500,
BATAINDIA_F1,07/25/2023,14:03:00,1690.7500,1690.8500,1690.7500,1690.8500,2625,755250,
BATAINDIA_F1,07/25/2023,14:04:00,1690.8500,1690.8500,1690.8500,1690.8500,1500,755250,
BATAINDIA_F1,07/25/2023,14:05:00,1690.8500,1690.8500,1689.5500,1689.5500,1125,755250,
BATAINDIA_F1,07/25/2023,14:06:00,1690.4500,1690.4500,1689.9000,1689.9000,750,754125,
BATAINDIA_F1,07/25/2023,14:07:00,1689.9500,1690.5000,1689.9500,1690.5000,3750,754125,
BATAINDIA_F1,07/25/2023,14:08:00,1690.5000,1690.5000,1690.5000,1690.5000,750,754125,
BATAINDIA_F1,07/25/2023,14:09:00,1690.5000,1690.5000,1690.5000,1690.5000,375,754125,
BATAINDIA_F1,07/25/2023,14:10:00,1691.0000,1691.0000,1691.0000,1691.0000,2625,752250,
BATAINDIA_F1,07/25/2023,14:11:00,1691.0000,1691.0000,1691.0000,1691.0000,375,752250,
BATAINDIA_F1,07/25/2023,14:12:00,1691.0000,1691.0000,1691.0000,1691.0000,750,750000,
BATAINDIA_F1,07/25/2023,14:13:00,1691.0000,1691.0000,1691.0000,1691.0000,2250,750000,
BATAINDIA_F1,07/25/2023,14:14:00,1689.3500,1689.3500,1686.3000,1686.3000,18000,750000,
BATAINDIA_F1,07/25/2023,14:15:00,1686.3000,1686.3000,1686.3000,1686.3000,2625,744750,
BATAINDIA_F1,07/25/2023,14:16:00,1686.9500,1688.2500,1686.9500,1688.1500,3000,744750,
BATAINDIA_F1,07/25/2023,14:17:00,1687.6500,1687.6500,1686.2500,1686.2500,2625,744750,
BATAINDIA_F1,07/25/2023,14:19:00,1686.2500,1686.2500,1686.2500,1686.2500,1125,744375,
BATAINDIA_F1,07/25/2023,14:20:00,1684.9500,1684.9500,1684.9500,1684.9500,5625,744375,
BATAINDIA_F1,07/25/2023,14:21:00,1685.0000,1685.0000,1685.0000,1685.0000,750,744375,
BATAINDIA_F1,07/25/2023,14:22:00,1685.0000,1685.0000,1685.0000,1685.0000,1500,742875,
BATAINDIA_F1,07/25/2023,14:23:00,1686.1500,1686.1500,1686.1500,1686.1500,750,742875,
BATAINDIA_F1,07/25/2023,14:24:00,1686.1500,1686.1500,1686.1500,1686.1500,375,742875,
BATAINDIA_F1,07/25/2023,14:25:00,1686.1500,1686.1500,1686.1500,1686.1500,750,743250,
BATAINDIA_F1,07/25/2023,14:26:00,1686.1500,1688.3500,1686.1500,1688.3500,1125,743250,
BATAINDIA_F1,07/25/2023,14:27:00,1688.3500,1688.3500,1688.3500,1688.3500,1875,743250,
BATAINDIA_F1,07/25/2023,14:28:00,1688.3500,1688.3500,1688.3500,1688.3500,375,743250,
BATAINDIA_F1,07/25/2023,14:29:00,1688.3500,1689.8000,1688.3500,1688.8000,1875,743250,
BATAINDIA_F1,07/25/2023,14:30:00,1688.8000,1688.8000,1688.3000,1688.3500,3000,743250,
BATAINDIA_F1,07/25/2023,14:31:00,1689.0500,1689.0500,1687.5000,1687.5000,1500,743250,
BATAINDIA_F1,07/25/2023,14:32:00,1687.5000,1687.5000,1687.3000,1687.3000,1125,743250,
BATAINDIA_F1,07/25/2023,14:33:00,1687.3000,1687.3000,1687.3000,1687.3000,1500,745500,
BATAINDIA_F1,07/25/2023,14:35:00,1687.3000,1688.1000,1687.3000,1688.1000,3000,745500,
BATAINDIA_F1,07/25/2023,14:36:00,1688.1000,1688.1000,1688.1000,1688.1000,750,745500,
BATAINDIA_F1,07/25/2023,14:37:00,1688.9000,1688.9000,1688.9000,1688.9000,750,745500,
BATAINDIA_F1,07/25/2023,14:38:00,1688.9000,1688.9000,1688.9000,1688.9000,1500,745500,
BATAINDIA_F1,07/25/2023,14:39:00,1689.6000,1689.6000,1689.6000,1689.6000,750,747375,
BATAINDIA_F1,07/25/2023,14:40:00,1689.6000,1689.6000,1688.1500,1688.1500,1125,747375,
BATAINDIA_F1,07/25/2023,14:41:00,1688.1500,1688.1500,1688.1500,1688.1500,1875,747375,
BATAINDIA_F1,07/25/2023,14:42:00,1688.1500,1688.1500,1688.1500,1688.1500,750,748875,
BATAINDIA_F1,07/25/2023,14:43:00,1689.6500,1689.6500,1689.6500,1689.6500,750,748875,
BATAINDIA_F1,07/25/2023,14:44:00,1689.6500,1689.6500,1689.6000,1689.6000,750,748875,
BATAINDIA_F1,07/25/2023,14:45:00,1691.4500,1691.4500,1691.4500,1691.4500,3750,738750,
BATAINDIA_F1,07/25/2023,14:46:00,1690.8000,1690.8000,1690.8000,1690.8000,2250,738750,
BATAINDIA_F1,07/25/2023,14:47:00,1690.1000,1690.1000,1689.7500,1689.7500,1500,738750,
BATAINDIA_F1,07/25/2023,14:48:00,1688.6000,1688.6000,1688.6000,1688.6000,1500,740250,
BATAINDIA_F1,07/25/2023,14:49:00,1690.0000,1690.0000,1690.0000,1690.0000,750,740250,
BATAINDIA_F1,07/25/2023,14:50:00,1690.0000,1690.0000,1688.4000,1688.4000,1500,740250,
BATAINDIA_F1,07/25/2023,14:51:00,1689.6000,1690.3000,1689.6000,1689.7500,2250,739500,
BATAINDIA_F1,07/25/2023,14:52:00,1689.7500,1690.5000,1689.7500,1690.5000,750,739500,
BATAINDIA_F1,07/25/2023,14:53:00,1690.5000,1690.5000,1690.5000,1690.5000,1875,739500,
BATAINDIA_F1,07/25/2023,14:54:00,1690.9500,1691.5000,1690.9500,1691.5000,1875,739500,
BATAINDIA_F1,07/25/2023,14:55:00,1691.2500,1691.2500,1691.2500,1691.2500,1500,739125,
BATAINDIA_F1,07/25/2023,14:56:00,1691.2500,1691.9000,1690.5500,1690.5500,1500,739125,
BATAINDIA_F1,07/25/2023,14:57:00,1690.5500,1692.4000,1690.5500,1692.4000,2250,739875,
BATAINDIA_F1,07/25/2023,14:59:00,1692.4000,1692.4000,1692.4000,1692.4000,1125,739875,
BATAINDIA_F1,07/25/2023,15:00:00,1692.4000,1692.4000,1692.4000,1692.4000,1125,739875,
BATAINDIA_F1,07/25/2023,15:01:00,1692.3000,1692.3000,1692.3000,1692.3000,750,741000,
BATAINDIA_F1,07/25/2023,15:02:00,1692.3000,1692.3000,1692.3000,1692.3000,750,741000,
BATAINDIA_F1,07/25/2023,15:03:00,1692.4000,1693.0000,1692.4000,1693.0000,1875,741000,
BATAINDIA_F1,07/25/2023,15:04:00,1692.0500,1692.0500,1691.7500,1691.7500,5625,741000,
BATAINDIA_F1,07/25/2023,15:05:00,1691.3500,1691.3500,1691.3500,1691.3500,750,741000,
BATAINDIA_F1,07/25/2023,15:06:00,1691.3500,1691.3500,1691.3500,1691.3500,1125,739125,
BATAINDIA_F1,07/25/2023,15:07:00,1690.0500,1691.2000,1689.7500,1691.2000,2250,739125,
BATAINDIA_F1,07/25/2023,15:08:00,1690.6500,1690.6500,1690.6500,1690.6500,375,739125,
BATAINDIA_F1,07/25/2023,15:09:00,1691.0000,1691.0000,1691.0000,1691.0000,1125,739875,
BATAINDIA_F1,07/25/2023,15:10:00,1692.0000,1692.0000,1691.4500,1691.4500,3000,739875,
BATAINDIA_F1,07/25/2023,15:12:00,1691.4500,1692.0000,1691.4500,1692.0000,2250,731625,
BATAINDIA_F1,07/25/2023,15:13:00,1692.3000,1692.3000,1692.3000,1692.3000,1125,731625,
BATAINDIA_F1,07/25/2023,15:15:00,1693.2000,1693.6500,1693.2000,1693.6500,9000,731250,
BATAINDIA_F1,07/25/2023,15:16:00,1693.6000,1693.6000,1693.6000,1693.6000,750,731250,
BATAINDIA_F1,07/25/2023,15:17:00,1692.6000,1693.5500,1692.5500,1693.5500,3750,731250,
BATAINDIA_F1,07/25/2023,15:18:00,1694.8000,1694.8000,1694.8000,1694.8000,3375,737250,
BATAINDIA_F1,07/25/2023,15:19:00,1694.8000,1694.8000,1694.7000,1694.7000,750,737250,
BATAINDIA_F1,07/25/2023,15:20:00,1694.8000,1694.8000,1694.8000,1694.8000,1500,737250,
BATAINDIA_F1,07/25/2023,15:21:00,1694.1000,1694.6000,1694.1000,1694.6000,2250,738375,
BATAINDIA_F1,07/25/2023,15:22:00,1695.0000,1695.0000,1695.0000,1695.0000,2250,738375,
BATAINDIA_F1,07/25/2023,15:23:00,1695.2000,1695.2000,1695.2000,1695.2000,4125,738375,
BATAINDIA_F1,07/25/2023,15:24:00,1694.5000,1695.8500,1693.5500,1693.5500,9000,735750,
BATAINDIA_F1,07/25/2023,15:25:00,1693.2500,1695.2000,1693.2500,1694.6000,4125,735750,
BATAINDIA_F1,07/25/2023,15:26:00,1694.5000,1696.5500,1694.5000,1696.5500,6750,735750,
BATAINDIA_F1,07/25/2023,15:27:00,1696.5500,1696.5500,1694.8000,1695.7000,9000,733500,
BATAINDIA_F1,07/25/2023,15:28:00,1695.7000,1695.7000,1695.0000,1695.5500,1500,733500,
BATAINDIA_F1,07/25/2023,15:29:00,1695.6000,1697.0000,1695.6000,1697.0000,3750,733500,
BATAINDIA_F1,07/26/2023,09:15:00,1702.3500,1703.3000,1702.3500,1703.3000,752,541125,
BATAINDIA_F1,07/26/2023,09:16:00,1695.3000,1695.3000,1695.3000,1695.3000,1875,541125,
BATAINDIA_F1,07/26/2023,09:18:00,1692.1500,1692.1500,1691.0000,1691.0000,2625,540750,
BATAINDIA_F1,07/26/2023,09:19:00,1692.9500,1692.9500,1692.9500,1692.9500,3000,540750,
BATAINDIA_F1,07/26/2023,09:20:00,1693.2000,1693.2000,1692.3500,1692.3500,1125,539625,
BATAINDIA_F1,07/26/2023,09:21:00,1692.8500,1692.8500,1690.0500,1690.0500,1125,539625,
BATAINDIA_F1,07/26/2023,09:22:00,1690.0500,1691.9500,1688.7500,1691.9500,11625,539625,
BATAINDIA_F1,07/26/2023,09:23:00,1691.4000,1691.4000,1690.6000,1690.6000,1500,539625,
BATAINDIA_F1,07/26/2023,09:24:00,1690.1500,1692.7000,1690.1500,1692.7000,1875,539625,
BATAINDIA_F1,07/26/2023,09:25:00,1692.0500,1692.9500,1690.8500,1690.8500,1875,539625,
BATAINDIA_F1,07/26/2023,09:26:00,1690.8500,1690.8500,1690.8500,1690.8500,375,539625,
BATAINDIA_F1,07/26/2023,09:27:00,1693.0000,1695.0000,1693.0000,1695.0000,2625,540375,
BATAINDIA_F1,07/26/2023,09:28:00,1694.5000,1696.0000,1694.1500,1696.0000,1500,540375,
BATAINDIA_F1,07/26/2023,09:29:00,1697.4000,1697.4000,1696.3000,1696.3000,2250,540375,
BATAINDIA_F1,07/26/2023,09:30:00,1696.3000,1697.6500,1696.3000,1697.1000,3750,541500,
BATAINDIA_F1,07/26/2023,09:31:00,1698.0000,1698.7500,1697.1500,1697.1500,4875,541500,
BATAINDIA_F1,07/26/2023,09:32:00,1698.6500,1698.6500,1698.6500,1698.6500,375,541500,
BATAINDIA_F1,07/26/2023,09:33:00,1696.9000,1696.9000,1696.9000,1696.9000,375,542250,
BATAINDIA_F1,07/26/2023,09:34:00,1696.9000,1696.9000,1696.9000,1696.9000,375,542250,
BATAINDIA_F1,07/26/2023,09:35:00,1697.5000,1697.5000,1696.2500,1696.2500,750,542250,
BATAINDIA_F1,07/26/2023,09:36:00,1696.2500,1696.9000,1695.4000,1696.9000,4875,541500,
BATAINDIA_F1,07/26/2023,09:37:00,1695.5000,1696.8500,1695.5000,1696.8500,1500,541500,
BATAINDIA_F1,07/26/2023,09:38:00,1695.9000,1695.9000,1695.8500,1695.8500,1500,541500,
BATAINDIA_F1,07/26/2023,09:39:00,1695.0000,1695.0000,1693.6500,1693.6500,1500,539250,
BATAINDIA_F1,07/26/2023,09:40:00,1693.1500,1693.1500,1693.1500,1693.1500,375,539250,
BATAINDIA_F1,07/26/2023,09:41:00,1694.0000,1694.0000,1694.0000,1694.0000,750,539250,
BATAINDIA_F1,07/26/2023,09:42:00,1694.0000,1694.0000,1694.0000,1694.0000,375,538125,
BATAINDIA_F1,07/26/2023,09:43:00,1694.0000,1694.0000,1694.0000,1694.0000,1875,538125,
BATAINDIA_F1,07/26/2023,09:45:00,1694.0000,1694.8500,1694.0000,1694.8500,4875,537375,
BATAINDIA_F1,07/26/2023,09:46:00,1695.0500,1697.1500,1695.0500,1697.1500,3375,537375,
BATAINDIA_F1,07/26/2023,09:47:00,1697.5000,1697.5000,1697.5000,1697.5000,375,537375,
BATAINDIA_F1,07/26/2023,09:48:00,1697.5000,1697.5000,1697.5000,1697.5000,375,536625,
BATAINDIA_F1,07/26/2023,09:49:00,1696.0500,1696.0500,1695.7000,1695.7000,3000,536625,
BATAINDIA_F1,07/26/2023,09:50:00,1696.9000,1696.9000,1696.8000,1696.8000,1875,535500,
BATAINDIA_F1,07/26/2023,09:51:00,1696.8000,1696.8000,1695.4000,1695.4000,1875,535500,
BATAINDIA_F1,07/26/2023,09:52:00,1694.7000,1694.7000,1694.7000,1694.7000,375,535500,
BATAINDIA_F1,07/26/2023,09:54:00,1694.7000,1694.7000,1694.7000,1694.7000,375,536625,
BATAINDIA_F1,07/26/2023,09:55:00,1695.1500,1695.1500,1695.1500,1695.1500,750,536625,
BATAINDIA_F1,07/26/2023,09:56:00,1695.1500,1695.1500,1694.9000,1694.9000,1500,536625,
BATAINDIA_F1,07/26/2023,09:57:00,1695.7500,1695.7500,1695.7500,1695.7500,1125,536625,
BATAINDIA_F1,07/26/2023,09:58:00,1695.7500,1695.7500,1694.4000,1695.6500,1875,536625,
BATAINDIA_F1,07/26/2023,09:59:00,1695.6500,1695.6500,1695.6500,1695.6500,375,536625,
BATAINDIA_F1,07/26/2023,10:00:00,1695.7000,1695.7000,1694.7500,1694.7500,1125,537000,
BATAINDIA_F1,07/26/2023,10:01:00,1694.0000,1695.5000,1694.0000,1694.8500,6000,537000,
BATAINDIA_F1,07/26/2023,10:02:00,1693.5500,1695.6500,1693.5500,1695.6500,6375,537000,
BATAINDIA_F1,07/26/2023,10:03:00,1695.6500,1697.5000,1695.6500,1697.2000,3750,533625,
BATAINDIA_F1,07/26/2023,10:04:00,1697.2000,1697.2000,1696.3500,1696.3500,2250,533625,
BATAINDIA_F1,07/26/2023,10:05:00,1696.3500,1696.7000,1696.3500,1696.7000,750,533625,
BATAINDIA_F1,07/26/2023,10:06:00,1698.0000,1699.8500,1698.0000,1698.6500,2625,530625,
BATAINDIA_F1,07/26/2023,10:07:00,1699.9500,1700.0000,1699.2000,1700.0000,4125,530625,
BATAINDIA_F1,07/26/2023,10:08:00,1700.0000,1700.0000,1700.0000,1700.0000,375,530625,
BATAINDIA_F1,07/26/2023,10:09:00,1699.5000,1699.5000,1698.4500,1699.5000,1875,520125,
BATAINDIA_F1,07/26/2023,10:10:00,1699.5000,1700.7000,1699.5000,1700.7000,4125,520125,
BATAINDIA_F1,07/26/2023,10:11:00,1700.7000,1700.7000,1698.8500,1698.8500,3750,520125,
BATAINDIA_F1,07/26/2023,10:12:00,1698.1000,1698.1000,1695.5500,1695.5500,7125,514500,
BATAINDIA_F1,07/26/2023,10:13:00,1695.5500,1695.5500,1692.9000,1692.9000,3375,514500,
BATAINDIA_F1,07/26/2023,10:14:00,1690.8000,1692.8000,1690.8000,1692.8000,2250,514500,
BATAINDIA_F1,07/26/2023,10:15:00,1692.8000,1692.8000,1690.8500,1690.8500,3750,514125,
BATAINDIA_F1,07/26/2023,10:16:00,1690.8500,1691.6500,1690.8500,1690.9000,2250,514125,
BATAINDIA_F1,07/26/2023,10:17:00,1690.5000,1691.0000,1690.5000,1691.0000,3000,514125,
BATAINDIA_F1,07/26/2023,10:18:00,1692.3000,1692.8500,1691.2500,1691.2500,6000,508875,
BATAINDIA_F1,07/26/2023,10:19:00,1691.2500,1691.2500,1691.2500,1691.2500,4875,508875,
BATAINDIA_F1,07/26/2023,10:20:00,1690.6000,1690.6000,1690.6000,1690.6000,375,508875,
BATAINDIA_F1,07/26/2023,10:21:00,1690.6000,1690.6000,1685.9500,1685.9500,9750,511500,
BATAINDIA_F1,07/26/2023,10:22:00,1685.9500,1687.0500,1685.9500,1686.6500,1500,511500,
BATAINDIA_F1,07/26/2023,10:23:00,1686.6500,1686.6500,1686.6500,1686.6500,375,511500,
BATAINDIA_F1,07/26/2023,10:25:00,1685.9000,1687.5500,1685.5500,1685.5500,6000,509250,
BATAINDIA_F1,07/26/2023,10:26:00,1685.5500,1687.1000,1684.9000,1684.9000,7125,509250,
BATAINDIA_F1,07/26/2023,10:27:00,1684.2000,1686.0000,1683.2000,1684.6500,18000,509250,
BATAINDIA_F1,07/26/2023,10:28:00,1686.1000,1687.6500,1684.9000,1687.6500,6375,509250,
BATAINDIA_F1,07/26/2023,10:29:00,1687.6500,1687.6500,1687.0000,1687.0000,1500,502500,
BATAINDIA_F1,07/26/2023,10:30:00,1688.9000,1688.9000,1686.4500,1686.4500,3750,502500,
BATAINDIA_F1,07/26/2023,10:31:00,1686.4500,1688.1000,1686.4500,1688.1000,1500,502500,
BATAINDIA_F1,07/26/2023,10:32:00,1688.1000,1688.4500,1686.6500,1688.4500,1125,502500,
BATAINDIA_F1,07/26/2023,10:33:00,1688.4500,1689.8500,1687.3000,1688.7000,7500,501375,
BATAINDIA_F1,07/26/2023,10:34:00,1688.7000,1689.0000,1688.0000,1688.0000,6375,501375,
BATAINDIA_F1,07/26/2023,10:35:00,1687.2000,1688.4500,1687.0500,1687.9500,3000,501375,
BATAINDIA_F1,07/26/2023,10:36:00,1687.9500,1688.5500,1687.0000,1688.5500,3750,497625,
BATAINDIA_F1,07/26/2023,10:37:00,1688.5500,1691.3000,1688.5500,1691.3000,1125,497625,
BATAINDIA_F1,07/26/2023,10:38:00,1691.3000,1691.3000,1691.3000,1691.3000,375,498375,
BATAINDIA_F1,07/26/2023,10:39:00,1691.3000,1691.7000,1690.5000,1691.1000,2625,498375,
BATAINDIA_F1,07/26/2023,10:40:00,1691.1500,1691.6000,1690.3000,1691.6000,3000,498375,
BATAINDIA_F1,07/26/2023,10:41:00,1691.6000,1691.6000,1690.5500,1690.5500,1875,498375,
BATAINDIA_F1,07/26/2023,10:42:00,1690.5500,1690.5500,1690.5500,1690.5500,375,496500,
BATAINDIA_F1,07/26/2023,10:43:00,1690.5500,1691.4500,1690.5500,1691.4500,2250,496500,
BATAINDIA_F1,07/26/2023,10:45:00,1691.4500,1692.4000,1691.4500,1692.4000,1125,497250,
BATAINDIA_F1,07/26/2023,10:46:00,1692.4000,1695.8000,1692.4000,1694.8000,16875,497250,
BATAINDIA_F1,07/26/2023,10:47:00,1694.8000,1697.4500,1694.8000,1696.1500,1500,497250,
BATAINDIA_F1,07/26/2023,10:48:00,1698.0000,1698.0000,1698.0000,1698.0000,1500,494250,
BATAINDIA_F1,07/26/2023,10:49:00,1698.0000,1698.0000,1698.0000,1698.0000,1125,494250,
BATAINDIA_F1,07/26/2023,10:50:00,1698.0000,1698.0000,1698.0000,1698.0000,1500,494625,
BATAINDIA_F1,07/26/2023,10:51:00,1698.0000,1698.0000,1698.0000,1698.0000,1500,494625,
BATAINDIA_F1,07/26/2023,10:52:00,1697.8000,1697.8000,1697.0500,1697.6000,2625,494625,
BATAINDIA_F1,07/26/2023,10:53:00,1697.6000,1701.9500,1697.6000,1701.9500,13125,489000,
BATAINDIA_F1,07/26/2023,10:54:00,1701.0500,1701.9500,1701.0500,1701.9500,2625,489000,
BATAINDIA_F1,07/26/2023,10:55:00,1701.9500,1702.2000,1700.2000,1700.2000,12750,489000,
BATAINDIA_F1,07/26/2023,10:56:00,1700.2000,1704.2500,1700.2000,1703.8500,8625,482250,
BATAINDIA_F1,07/26/2023,10:57:00,1705.0000,1707.2000,1704.0000,1704.0500,20250,482250,
BATAINDIA_F1,07/26/2023,10:58:00,1703.0000,1703.0000,1696.9500,1697.4500,19875,482250,
BATAINDIA_F1,07/26/2023,10:59:00,1697.4500,1698.2500,1697.0000,1698.2500,1500,482250,
BATAINDIA_F1,07/26/2023,11:00:00,1696.7000,1697.3500,1695.4500,1696.4500,5625,472500,
BATAINDIA_F1,07/26/2023,11:01:00,1696.4500,1698.7500,1696.4500,1698.7500,4125,472500,
BATAINDIA_F1,07/26/2023,11:02:00,1699.5000,1699.5000,1699.5000,1699.5000,375,472500,
BATAINDIA_F1,07/26/2023,11:03:00,1699.0000,1700.1500,1699.0000,1700.1500,6000,469875,
BATAINDIA_F1,07/26/2023,11:04:00,1700.2000,1700.2000,1699.9000,1699.9000,1500,469875,
BATAINDIA_F1,07/26/2023,11:05:00,1699.9000,1700.7000,1699.0000,1700.5000,2250,470625,
BATAINDIA_F1,07/26/2023,11:06:00,1700.5000,1700.5000,1700.0000,1700.0000,1875,470625,
BATAINDIA_F1,07/26/2023,11:07:00,1700.0000,1700.0000,1698.7500,1698.7500,2625,470625,
BATAINDIA_F1,07/26/2023,11:08:00,1698.0000,1698.5000,1698.0000,1698.5000,1125,470625,
BATAINDIA_F1,07/26/2023,11:09:00,1698.5000,1699.4500,1698.5000,1699.4500,1875,471375,
BATAINDIA_F1,07/26/2023,11:10:00,1699.4500,1699.6000,1699.4500,1699.6000,1875,471375,
BATAINDIA_F1,07/26/2023,11:11:00,1699.6000,1699.6000,1698.9000,1698.9000,2250,471375,
BATAINDIA_F1,07/26/2023,11:12:00,1698.9500,1698.9500,1698.9500,1698.9500,375,472125,
BATAINDIA_F1,07/26/2023,11:13:00,1698.9500,1700.3500,1698.9500,1700.3500,2625,472125,
BATAINDIA_F1,07/26/2023,11:14:00,1702.0000,1702.0000,1702.0000,1702.0000,750,472125,
BATAINDIA_F1,07/26/2023,11:15:00,1702.0000,1702.0000,1702.0000,1702.0000,750,466500,
BATAINDIA_F1,07/26/2023,11:16:00,1701.2000,1702.1000,1701.2000,1702.1000,1875,466500,
BATAINDIA_F1,07/26/2023,11:17:00,1702.1000,1702.2000,1702.1000,1702.2000,1125,466500,
BATAINDIA_F1,07/26/2023,11:18:00,1702.2000,1702.2000,1702.2000,1702.2000,750,468000,
BATAINDIA_F1,07/26/2023,11:19:00,1702.2000,1702.2000,1699.2500,1699.2500,3000,468000,
BATAINDIA_F1,07/26/2023,11:20:00,1699.2500,1700.5000,1699.2500,1700.5000,1125,468000,
BATAINDIA_F1,07/26/2023,11:21:00,1700.9500,1700.9500,1700.9500,1700.9500,2250,466875,
BATAINDIA_F1,07/26/2023,11:23:00,1700.9500,1701.1000,1700.9500,1701.1000,1500,466875,
BATAINDIA_F1,07/26/2023,11:24:00,1701.1000,1701.1000,1701.1000,1701.1000,1500,469125,
BATAINDIA_F1,07/26/2023,11:25:00,1701.1000,1702.3000,1701.1000,1702.2500,3750,469125,
BATAINDIA_F1,07/26/2023,11:26:00,1702.2500,1702.2500,1702.2500,1702.2500,375,469125,
BATAINDIA_F1,07/26/2023,11:27:00,1700.1000,1700.1000,1700.1000,1700.1000,1125,469875,
BATAINDIA_F1,07/26/2023,11:28:00,1700.1500,1701.0000,1700.1500,1701.0000,1875,469875,
BATAINDIA_F1,07/26/2023,11:29:00,1701.0000,1701.5000,1701.0000,1701.5000,1125,469875,
BATAINDIA_F1,07/26/2023,11:30:00,1702.2500,1702.2500,1702.2500,1702.2500,1125,469875,
BATAINDIA_F1,07/26/2023,11:31:00,1702.2500,1703.0000,1702.2500,1702.3000,2625,469875,
BATAINDIA_F1,07/26/2023,11:32:00,1702.2500,1703.6000,1702.2500,1703.5000,3000,469875,
BATAINDIA_F1,07/26/2023,11:33:00,1703.5000,1704.5000,1703.5000,1704.5000,1500,472125,
BATAINDIA_F1,07/26/2023,11:34:00,1705.4000,1705.4000,1704.1000,1704.1000,3750,472125,
BATAINDIA_F1,07/26/2023,11:35:00,1704.1000,1705.4500,1704.1000,1705.4500,1875,472125,
BATAINDIA_F1,07/26/2023,11:36:00,1704.6500,1705.0000,1704.6000,1705.0000,2625,473250,
BATAINDIA_F1,07/26/2023,11:37:00,1704.3500,1705.8000,1704.0500,1705.8000,6750,473250,
BATAINDIA_F1,07/26/2023,11:38:00,1705.8000,1705.9500,1705.8000,1705.9500,3000,473250,
BATAINDIA_F1,07/26/2023,11:39:00,1705.9500,1706.0000,1705.9500,1706.0000,1875,473250,
BATAINDIA_F1,07/26/2023,11:40:00,1707.3000,1707.3000,1705.6500,1705.6500,2625,473250,
BATAINDIA_F1,07/26/2023,11:41:00,1705.6500,1705.7500,1705.6500,1705.7500,1875,473250,
BATAINDIA_F1,07/26/2023,11:42:00,1705.7500,1707.6500,1705.7500,1707.6500,5250,474375,
BATAINDIA_F1,07/26/2023,11:43:00,1707.6500,1707.6500,1707.6500,1707.6500,1500,474375,
BATAINDIA_F1,07/26/2023,11:44:00,1707.3500,1707.4000,1707.3500,1707.4000,1125,474375,
BATAINDIA_F1,07/26/2023,11:45:00,1705.9500,1706.8500,1705.7000,1706.7500,5625,469875,
BATAINDIA_F1,07/26/2023,11:47:00,1706.7500,1706.7500,1706.2500,1706.5000,2625,469875,
BATAINDIA_F1,07/26/2023,11:49:00,1706.5000,1707.0000,1706.5000,1707.0000,1875,470625,
BATAINDIA_F1,07/26/2023,11:50:00,1707.0000,1707.5500,1706.6500,1706.7000,3000,470625,
BATAINDIA_F1,07/26/2023,11:51:00,1706.7000,1706.8500,1706.0000,1706.0000,1500,471750,
BATAINDIA_F1,07/26/2023,11:52:00,1706.0000,1706.0000,1705.1000,1705.1000,1875,471750,
BATAINDIA_F1,07/26/2023,11:53:00,1705.1000,1705.9500,1704.6000,1704.6000,1875,471750,
BATAINDIA_F1,07/26/2023,11:54:00,1705.0000,1705.0000,1705.0000,1705.0000,375,474000,
BATAINDIA_F1,07/26/2023,11:55:00,1705.0000,1705.0000,1704.9500,1704.9500,1875,474000,
BATAINDIA_F1,07/26/2023,11:56:00,1705.0000,1705.0000,1704.1000,1704.1000,1875,474000,
BATAINDIA_F1,07/26/2023,11:57:00,1704.1000,1704.1000,1704.1000,1704.1000,750,475500,
BATAINDIA_F1,07/26/2023,11:58:00,1704.1000,1704.1000,1704.1000,1704.1000,1125,475500,
BATAINDIA_F1,07/26/2023,11:59:00,1703.8000,1704.0000,1703.8000,1703.8000,2625,475500,
BATAINDIA_F1,07/26/2023,12:00:00,1704.0000,1704.9500,1703.8000,1704.0000,4500,476250,
BATAINDIA_F1,07/26/2023,12:01:00,1704.0000,1705.0000,1704.0000,1705.0000,1500,476250,
BATAINDIA_F1,07/26/2023,12:02:00,1705.0000,1705.0000,1705.0000,1705.0000,750,476250,
BATAINDIA_F1,07/26/2023,12:03:00,1705.0000,1705.0000,1705.0000,1705.0000,375,476625,
BATAINDIA_F1,07/26/2023,12:04:00,1705.0500,1705.0500,1705.0500,1705.0500,1500,476625,
BATAINDIA_F1,07/26/2023,12:05:00,1705.0500,1705.0500,1704.8000,1704.8000,2250,476625,
BATAINDIA_F1,07/26/2023,12:06:00,1704.8000,1704.8000,1704.8000,1704.8000,1500,478125,
BATAINDIA_F1,07/26/2023,12:07:00,1704.8000,1704.8000,1704.8000,1704.8000,750,478125,
BATAINDIA_F1,07/26/2023,12:08:00,1704.8000,1705.7500,1704.8000,1705.6500,3000,478125,
BATAINDIA_F1,07/26/2023,12:09:00,1705.6500,1705.6500,1705.6500,1705.6500,1125,481125,
BATAINDIA_F1,07/26/2023,12:10:00,1705.6500,1705.6500,1705.6500,1705.6500,1125,481125,
BATAINDIA_F1,07/26/2023,12:11:00,1705.6500,1705.6500,1705.2000,1705.2000,1500,481125,
BATAINDIA_F1,07/26/2023,12:12:00,1705.2000,1706.1000,1705.2000,1706.1000,1500,482250,
BATAINDIA_F1,07/26/2023,12:13:00,1706.1000,1706.1000,1705.6000,1705.6000,1500,482250,
BATAINDIA_F1,07/26/2023,12:14:00,1705.6000,1706.1500,1705.6000,1706.1500,3000,482250,
BATAINDIA_F1,07/26/2023,12:15:00,1706.1500,1706.1500,1704.9500,1705.3000,2250,484125,
BATAINDIA_F1,07/26/2023,12:16:00,1705.3000,1705.3000,1705.3000,1705.3000,750,484125,
BATAINDIA_F1,07/26/2023,12:17:00,1705.3000,1705.5000,1705.3000,1705.5000,1500,484125,
BATAINDIA_F1,07/26/2023,12:18:00,1706.8500,1709.5500,1706.8500,1709.5500,4875,483375,
BATAINDIA_F1,07/26/2023,12:19:00,1709.5500,1709.5500,1708.4000,1709.2000,4875,483375,
BATAINDIA_F1,07/26/2023,12:20:00,1709.2000,1709.2000,1709.2000,1709.2000,750,483375,
BATAINDIA_F1,07/26/2023,12:21:00,1709.2000,1709.2000,1709.2000,1709.2000,1875,484125,
BATAINDIA_F1,07/26/2023,12:22:00,1709.2000,1711.6500,1709.0500,1711.6500,7125,484125,
BATAINDIA_F1,07/26/2023,12:23:00,1712.6500,1712.6500,1710.5000,1710.5000,2625,484125,
BATAINDIA_F1,07/26/2023,12:24:00,1710.5000,1710.5000,1710.5000,1710.5000,750,471375,
BATAINDIA_F1,07/26/2023,12:25:00,1711.6000,1712.4000,1711.6000,1711.7000,4125,471375,
BATAINDIA_F1,07/26/2023,12:26:00,1710.9500,1711.7000,1709.9500,1709.9500,2625,471375,
BATAINDIA_F1,07/26/2023,12:27:00,1709.9500,1709.9500,1709.9500,1709.9500,750,473625,
BATAINDIA_F1,07/26/2023,12:28:00,1709.8500,1709.8500,1709.4500,1709.4500,3000,473625,
BATAINDIA_F1,07/26/2023,12:29:00,1710.2500,1710.2500,1710.2500,1710.2500,1500,473625,
BATAINDIA_F1,07/26/2023,12:30:00,1710.2500,1710.2500,1710.2500,1710.2500,750,475875,
BATAINDIA_F1,07/26/2023,12:31:00,1709.9500,1709.9500,1709.9500,1709.9500,1125,475875,
BATAINDIA_F1,07/26/2023,12:32:00,1710.0000,1710.0000,1710.0000,1710.0000,1125,475875,
BATAINDIA_F1,07/26/2023,12:33:00,1709.0500,1709.0500,1707.2000,1707.6000,3750,477750,
BATAINDIA_F1,07/26/2023,12:34:00,1707.0500,1708.4500,1707.0500,1708.4500,1875,477750,
BATAINDIA_F1,07/26/2023,12:35:00,1708.4500,1708.5000,1708.4500,1708.5000,3375,477750,
BATAINDIA_F1,07/26/2023,12:36:00,1708.5000,1708.5000,1708.5000,1708.5000,1125,478125,
BATAINDIA_F1,07/26/2023,12:37:00,1708.5000,1708.5000,1708.5000,1708.5000,1500,478125,
BATAINDIA_F1,07/26/2023,12:38:00,1708.5000,1708.5000,1707.1000,1707.1000,4125,478125,
BATAINDIA_F1,07/26/2023,12:39:00,1707.1000,1708.4000,1707.1000,1708.3500,1500,474750,
BATAINDIA_F1,07/26/2023,12:40:00,1708.2500,1710.5000,1708.2500,1710.5000,4500,474750,
BATAINDIA_F1,07/26/2023,12:41:00,1710.5000,1710.8000,1710.5000,1710.8000,1125,474750,
BATAINDIA_F1,07/26/2023,12:42:00,1711.5500,1711.5500,1711.5500,1711.5500,1875,480375,
BATAINDIA_F1,07/26/2023,12:43:00,1711.6000,1711.6000,1710.5500,1711.4500,1875,480375,
BATAINDIA_F1,07/26/2023,12:44:00,1711.4500,1711.4500,1711.4500,1711.4500,750,480375,
BATAINDIA_F1,07/26/2023,12:45:00,1711.5000,1711.5000,1711.5000,1711.5000,750,480750,
BATAINDIA_F1,07/26/2023,12:46:00,1709.2500,1709.2500,1709.2500,1709.2500,6000,480750,
BATAINDIA_F1,07/26/2023,12:47:00,1711.1000,1711.5500,1710.0000,1710.0000,7125,480750,
BATAINDIA_F1,07/26/2023,12:48:00,1710.9000,1710.9000,1710.2500,1710.2500,2250,483000,
BATAINDIA_F1,07/26/2023,12:49:00,1709.3500,1709.3500,1709.3500,1709.3500,375,483000,
BATAINDIA_F1,07/26/2023,12:50:00,1709.3500,1709.3500,1709.3500,1709.3500,1500,483000,
BATAINDIA_F1,07/26/2023,12:51:00,1709.3500,1709.3500,1709.3500,1709.3500,750,483750,
BATAINDIA_F1,07/26/2023,12:52:00,1709.0500,1710.0500,1709.0500,1710.0500,3000,483750,
BATAINDIA_F1,07/26/2023,12:53:00,1711.3000,1711.3000,1710.1000,1710.1000,1125,483750,
BATAINDIA_F1,07/26/2023,12:54:00,1709.6000,1709.8500,1709.6000,1709.8500,2625,485625,
BATAINDIA_F1,07/26/2023,12:56:00,1709.8500,1709.8500,1708.6500,1708.6500,1875,485625,
BATAINDIA_F1,07/26/2023,12:57:00,1708.6500,1708.6500,1708.6500,1708.6500,1125,487125,
BATAINDIA_F1,07/26/2023,12:58:00,1708.4000,1708.4000,1708.4000,1708.4000,2250,487125,
BATAINDIA_F1,07/26/2023,12:59:00,1708.8000,1708.8000,1708.8000,1708.8000,2625,487125,
BATAINDIA_F1,07/26/2023,13:00:00,1708.8000,1708.8000,1708.8000,1708.8000,750,490125,
BATAINDIA_F1,07/26/2023,13:01:00,1707.5000,1707.5000,1707.5000,1707.5000,1875,490125,
BATAINDIA_F1,07/26/2023,13:02:00,1707.5000,1708.6000,1706.8000,1708.1500,2625,490125,
BATAINDIA_F1,07/26/2023,13:03:00,1708.1500,1708.1500,1706.8500,1706.8500,2250,490875,
BATAINDIA_F1,07/26/2023,13:04:00,1706.8500,1706.8500,1706.8500,1706.8500,1125,490875,
BATAINDIA_F1,07/26/2023,13:05:00,1708.1500,1708.1500,1708.1500,1708.1500,375,490875,
BATAINDIA_F1,07/26/2023,13:06:00,1708.1500,1708.1500,1708.1500,1708.1500,750,491625,
BATAINDIA_F1,07/26/2023,13:07:00,1708.0000,1708.2500,1708.0000,1708.2500,1500,491625,
BATAINDIA_F1,07/26/2023,13:08:00,1707.5500,1707.5500,1707.5500,1707.5500,1500,491625,
BATAINDIA_F1,07/26/2023,13:09:00,1707.3000,1707.3000,1706.9500,1706.9500,1125,492375,
BATAINDIA_F1,07/26/2023,13:10:00,1707.1000,1707.1000,1707.1000,1707.1000,375,492375,
BATAINDIA_F1,07/26/2023,13:11:00,1707.8000,1707.8000,1706.5000,1706.5000,2625,492375,
BATAINDIA_F1,07/26/2023,13:12:00,1706.7500,1707.2000,1706.7500,1707.2000,3750,492750,
BATAINDIA_F1,07/26/2023,13:13:00,1706.0000,1706.0000,1704.0000,1704.0000,2250,492750,
BATAINDIA_F1,07/26/2023,13:14:00,1705.9500,1708.4500,1705.9500,1708.4500,4500,492750,
BATAINDIA_F1,07/26/2023,13:15:00,1708.0000,1708.2500,1708.0000,1708.2500,1125,472875,
BATAINDIA_F1,07/26/2023,13:16:00,1707.8000,1708.5500,1707.8000,1708.5500,1875,472875,
BATAINDIA_F1,07/26/2023,13:17:00,1707.2000,1707.2000,1707.2000,1707.2000,1125,472875,
BATAINDIA_F1,07/26/2023,13:18:00,1707.2000,1707.2000,1707.2000,1707.2000,1125,476625,
BATAINDIA_F1,07/26/2023,13:19:00,1707.2000,1707.2000,1707.2000,1707.2000,375,476625,
BATAINDIA_F1,07/26/2023,13:20:00,1708.0500,1708.0500,1708.0500,1708.0500,750,476625,
BATAINDIA_F1,07/26/2023,13:21:00,1707.3500,1707.3500,1707.3500,1707.3500,3000,477750,
BATAINDIA_F1,07/26/2023,13:22:00,1705.8000,1705.8000,1705.8000,1705.8000,750,477750,
BATAINDIA_F1,07/26/2023,13:23:00,1705.8000,1705.8000,1705.8000,1705.8000,375,477750,
BATAINDIA_F1,07/26/2023,13:24:00,1705.8000,1705.8000,1705.8000,1705.8000,750,479625,
BATAINDIA_F1,07/26/2023,13:25:00,1705.8000,1707.6000,1705.8000,1707.5000,2250,479625,
BATAINDIA_F1,07/26/2023,13:26:00,1707.5500,1707.5500,1706.7000,1706.7000,1500,479625,
BATAINDIA_F1,07/26/2023,13:27:00,1706.7000,1707.5000,1706.7000,1707.5000,1500,481875,
BATAINDIA_F1,07/26/2023,13:28:00,1707.5000,1707.5000,1707.5000,1707.5000,750,481875,
BATAINDIA_F1,07/26/2023,13:29:00,1706.8500,1706.8500,1706.8500,1706.8500,1125,481875,
BATAINDIA_F1,07/26/2023,13:30:00,1707.7500,1707.7500,1707.7500,1707.7500,750,481875,
BATAINDIA_F1,07/26/2023,13:31:00,1707.7500,1708.3000,1707.7500,1708.3000,2250,483000,
BATAINDIA_F1,07/26/2023,13:32:00,1708.3000,1708.3000,1708.3000,1708.3000,375,483000,
BATAINDIA_F1,07/26/2023,13:33:00,1708.3000,1708.3000,1708.3000,1708.3000,375,483000,
BATAINDIA_F1,07/26/2023,13:34:00,1709.8500,1709.8500,1708.3000,1708.6000,3375,485250,
BATAINDIA_F1,07/26/2023,13:35:00,1708.9500,1708.9500,1708.9500,1708.9500,1875,485250,
BATAINDIA_F1,07/26/2023,13:36:00,1708.8000,1709.3500,1708.8000,1709.3000,3000,486750,
BATAINDIA_F1,07/26/2023,13:37:00,1709.3000,1709.8500,1709.3000,1709.8500,1875,486750,
BATAINDIA_F1,07/26/2023,13:38:00,1709.9500,1709.9500,1709.9000,1709.9000,2250,486750,
BATAINDIA_F1,07/26/2023,13:39:00,1709.1000,1709.2500,1709.1000,1709.2500,750,489375,
BATAINDIA_F1,07/26/2023,13:40:00,1709.2500,1710.0000,1709.2500,1710.0000,2250,489375,
BATAINDIA_F1,07/26/2023,13:41:00,1710.3500,1710.5000,1710.3000,1710.5000,2250,489375,
BATAINDIA_F1,07/26/2023,13:42:00,1709.0000,1709.2500,1709.0000,1709.2500,2625,490875,
BATAINDIA_F1,07/26/2023,13:43:00,1708.0000,1708.0000,1708.0000,1708.0000,3750,490875,
BATAINDIA_F1,07/26/2023,13:44:00,1708.0000,1708.0000,1708.0000,1708.0000,1125,490875,
BATAINDIA_F1,07/26/2023,13:45:00,1707.5000,1707.5000,1707.5000,1707.5000,375,490875,
BATAINDIA_F1,07/26/2023,13:46:00,1707.5000,1707.5000,1706.9500,1706.9500,1125,480375,
BATAINDIA_F1,07/26/2023,13:47:00,1706.9500,1706.9500,1706.9500,1706.9500,1875,480375,
BATAINDIA_F1,07/26/2023,13:48:00,1706.9500,1706.9500,1706.9500,1706.9500,375,476625,
BATAINDIA_F1,07/26/2023,13:49:00,1706.9500,1707.5000,1706.9500,1707.5000,1500,476625,
BATAINDIA_F1,07/26/2023,13:50:00,1708.2500,1709.2500,1708.2500,1709.2500,1875,476625,
BATAINDIA_F1,07/26/2023,13:51:00,1708.5000,1708.5000,1708.5000,1708.5000,1125,478125,
BATAINDIA_F1,07/26/2023,13:52:00,1708.5000,1708.5000,1708.5000,1708.5000,750,478125,
BATAINDIA_F1,07/26/2023,13:53:00,1708.8000,1708.8000,1708.7000,1708.7500,1875,478125,
BATAINDIA_F1,07/26/2023,13:54:00,1708.5000,1708.5000,1708.0000,1708.0000,3000,480000,
BATAINDIA_F1,07/26/2023,13:55:00,1708.0000,1708.0000,1708.0000,1708.0000,375,480000,
BATAINDIA_F1,07/26/2023,13:56:00,1708.0000,1708.0000,1708.0000,1708.0000,375,480000,
BATAINDIA_F1,07/26/2023,13:57:00,1708.0000,1708.0000,1707.7000,1707.7000,1500,481500,
BATAINDIA_F1,07/26/2023,13:58:00,1707.6500,1707.6500,1707.0000,1707.0000,2625,481500,
BATAINDIA_F1,07/26/2023,13:59:00,1707.0000,1707.0000,1707.0000,1707.0000,1125,481500,
BATAINDIA_F1,07/26/2023,14:00:00,1707.0000,1707.1000,1707.0000,1707.1000,1875,481500,
BATAINDIA_F1,07/26/2023,14:01:00,1707.1000,1707.4500,1707.1000,1707.4500,1125,481500,
BATAINDIA_F1,07/26/2023,14:02:00,1707.4500,1707.5000,1707.4500,1707.5000,1125,481500,
BATAINDIA_F1,07/26/2023,14:03:00,1707.5000,1707.5000,1707.5000,1707.5000,750,481500,
BATAINDIA_F1,07/26/2023,14:04:00,1707.4000,1707.4000,1707.4000,1707.4000,750,484125,
BATAINDIA_F1,07/26/2023,14:05:00,1707.4000,1707.4000,1707.4000,1707.4000,375,484125,
BATAINDIA_F1,07/26/2023,14:06:00,1707.9500,1707.9500,1707.9500,1707.9500,750,484875,
BATAINDIA_F1,07/26/2023,14:07:00,1707.9500,1708.8500,1707.9500,1708.8500,1500,484875,
BATAINDIA_F1,07/26/2023,14:08:00,1708.8500,1708.8500,1708.8500,1708.8500,1125,484875,
BATAINDIA_F1,07/26/2023,14:09:00,1708.8500,1708.8500,1708.2500,1708.2500,2250,476625,
BATAINDIA_F1,07/26/2023,14:10:00,1708.2500,1708.2500,1708.2500,1708.2500,1125,476625,
BATAINDIA_F1,07/26/2023,14:11:00,1707.1500,1707.1500,1707.1500,1707.1500,1125,476625,
BATAINDIA_F1,07/26/2023,14:12:00,1707.1500,1707.1500,1707.1500,1707.1500,1125,479250,
BATAINDIA_F1,07/26/2023,14:13:00,1707.1500,1707.2000,1707.1500,1707.2000,1125,479250,
BATAINDIA_F1,07/26/2023,14:14:00,1707.2000,1707.2000,1706.7000,1706.7000,2250,479250,
BATAINDIA_F1,07/26/2023,14:16:00,1706.7000,1707.0500,1706.7000,1707.0500,1875,483750,
BATAINDIA_F1,07/26/2023,14:17:00,1706.9500,1707.1500,1706.9500,1707.1500,1125,483750,
BATAINDIA_F1,07/26/2023,14:18:00,1706.3000,1706.3000,1706.3000,1706.3000,750,485250,
BATAINDIA_F1,07/26/2023,14:19:00,1707.2500,1707.2500,1707.2500,1707.2500,750,485250,
BATAINDIA_F1,07/26/2023,14:20:00,1707.2500,1707.5500,1707.2500,1707.5500,1500,485250,
BATAINDIA_F1,07/26/2023,14:21:00,1707.5500,1707.5500,1707.5500,1707.5500,750,486750,
BATAINDIA_F1,07/26/2023,14:22:00,1707.5500,1707.5500,1707.5500,1707.5500,375,486750,
BATAINDIA_F1,07/26/2023,14:23:00,1707.5500,1707.5500,1707.5500,1707.5500,750,486750,
BATAINDIA_F1,07/26/2023,14:24:00,1707.5500,1708.2500,1707.5500,1708.2500,1875,488250,
BATAINDIA_F1,07/26/2023,14:25:00,1708.5000,1708.5000,1708.5000,1708.5000,1875,488250,
BATAINDIA_F1,07/26/2023,14:26:00,1708.5000,1710.2000,1708.5000,1710.2000,1875,488250,
BATAINDIA_F1,07/26/2023,14:27:00,1710.2000,1710.2000,1709.9500,1709.9500,1125,488250,
BATAINDIA_F1,07/26/2023,14:28:00,1709.9500,1709.9500,1709.4000,1709.4000,1125,492375,
BATAINDIA_F1,07/26/2023,14:29:00,1709.4000,1709.4000,1709.4000,1709.4000,375,492375,
BATAINDIA_F1,07/26/2023,14:30:00,1710.2000,1710.2000,1710.0000,1710.0000,4125,496125,
BATAINDIA_F1,07/26/2023,14:31:00,1710.0000,1710.0000,1708.8000,1708.8000,750,496125,
BATAINDIA_F1,07/26/2023,14:33:00,1708.8000,1708.8000,1708.8000,1708.8000,750,496125,
BATAINDIA_F1,07/26/2023,14:35:00,1708.8000,1708.8000,1708.8000,1708.8000,750,496500,
BATAINDIA_F1,07/26/2023,14:36:00,1708.0000,1708.0000,1708.0000,1708.0000,1500,496875,
BATAINDIA_F1,07/26/2023,14:37:00,1708.0000,1708.0000,1708.0000,1708.0000,1500,496875,
BATAINDIA_F1,07/26/2023,14:39:00,1708.4000,1708.7000,1708.4000,1708.7000,1500,485250,
BATAINDIA_F1,07/26/2023,14:40:00,1707.9000,1707.9000,1707.9000,1707.9000,375,485250,
BATAINDIA_F1,07/26/2023,14:41:00,1707.9000,1707.9000,1707.0500,1707.0500,5250,485250,
BATAINDIA_F1,07/26/2023,14:42:00,1707.0500,1707.0500,1706.5000,1706.5000,2250,487500,
BATAINDIA_F1,07/26/2023,14:43:00,1705.6500,1706.9500,1705.6500,1706.9500,2625,487500,
BATAINDIA_F1,07/26/2023,14:44:00,1706.9500,1707.9000,1706.9500,1707.9000,2250,487500,
BATAINDIA_F1,07/26/2023,14:45:00,1707.9000,1708.2000,1707.9000,1708.2000,1500,487125,
BATAINDIA_F1,07/26/2023,14:47:00,1708.2000,1708.2000,1708.2000,1708.2000,750,487125,
BATAINDIA_F1,07/26/2023,14:48:00,1708.2000,1708.2000,1708.2000,1708.2000,375,487125,
BATAINDIA_F1,07/26/2023,14:49:00,1706.9000,1706.9000,1706.9000,1706.9000,375,487500,
BATAINDIA_F1,07/26/2023,14:50:00,1706.9000,1706.9000,1706.9000,1706.9000,375,487500,
BATAINDIA_F1,07/26/2023,14:51:00,1706.9000,1706.9000,1706.9000,1706.9000,2625,489000,
BATAINDIA_F1,07/26/2023,14:52:00,1705.9500,1705.9500,1705.9500,1705.9500,2625,489000,
BATAINDIA_F1,07/26/2023,14:53:00,1705.9500,1705.9500,1705.4500,1705.4500,1125,489000,
BATAINDIA_F1,07/26/2023,14:54:00,1705.2500,1705.2500,1704.6000,1704.9500,27750,491250,
BATAINDIA_F1,07/26/2023,14:55:00,1704.9500,1704.9500,1704.9500,1704.9500,750,491250,
BATAINDIA_F1,07/26/2023,14:56:00,1704.9500,1704.9500,1704.9500,1704.9500,375,491250,
BATAINDIA_F1,07/26/2023,14:57:00,1705.0000,1705.0000,1705.0000,1705.0000,1125,492000,
BATAINDIA_F1,07/26/2023,14:58:00,1705.0000,1705.0000,1705.0000,1705.0000,375,492000,
BATAINDIA_F1,07/26/2023,14:59:00,1705.0000,1705.0000,1705.0000,1705.0000,750,492000,
BATAINDIA_F1,07/26/2023,15:00:00,1705.0000,1705.0000,1705.0000,1705.0000,375,492000,
BATAINDIA_F1,07/26/2023,15:02:00,1705.0000,1705.0000,1705.0000,1705.0000,375,493500,
BATAINDIA_F1,07/26/2023,15:03:00,1705.0000,1705.0000,1704.0500,1704.0500,750,493500,
BATAINDIA_F1,07/26/2023,15:04:00,1704.0500,1704.0500,1704.0500,1704.0500,1875,479250,
BATAINDIA_F1,07/26/2023,15:06:00,1704.0500,1704.0500,1704.0500,1704.0500,1500,479250,
BATAINDIA_F1,07/26/2023,15:07:00,1704.0000,1704.0000,1704.0000,1704.0000,1125,481875,
BATAINDIA_F1,07/26/2023,15:08:00,1704.0000,1704.0000,1704.0000,1704.0000,3750,481875,
BATAINDIA_F1,07/26/2023,15:09:00,1704.5000,1704.5000,1704.1000,1704.1000,1500,481875,
BATAINDIA_F1,07/26/2023,15:10:00,1705.9000,1705.9500,1704.8000,1704.8000,4500,483750,
BATAINDIA_F1,07/26/2023,15:11:00,1704.8000,1704.8000,1704.8000,1704.8000,1875,483750,
BATAINDIA_F1,07/26/2023,15:12:00,1705.9500,1705.9500,1705.9500,1705.9500,375,484125,
BATAINDIA_F1,07/26/2023,15:13:00,1705.9500,1705.9500,1705.9500,1705.9500,1125,484125,
BATAINDIA_F1,07/26/2023,15:14:00,1705.9500,1705.9500,1705.9500,1705.9500,750,484125,
BATAINDIA_F1,07/26/2023,15:15:00,1705.0000,1705.0000,1704.0000,1704.0000,2250,485625,
BATAINDIA_F1,07/26/2023,15:16:00,1704.7000,1704.7000,1702.4000,1702.4000,2250,485625,
BATAINDIA_F1,07/26/2023,15:17:00,1703.3000,1703.3000,1701.9500,1701.9500,1125,485625,
BATAINDIA_F1,07/26/2023,15:18:00,1702.1500,1702.1500,1702.1500,1702.1500,750,483750,
BATAINDIA_F1,07/26/2023,15:19:00,1700.8000,1700.8000,1700.8000,1700.8000,375,483750,
BATAINDIA_F1,07/26/2023,15:20:00,1702.0000,1702.3000,1701.5000,1702.3000,1875,483750,
BATAINDIA_F1,07/26/2023,15:21:00,1702.5500,1703.2000,1702.5500,1703.2000,1125,483750,
BATAINDIA_F1,07/26/2023,15:22:00,1703.2000,1703.2000,1703.2000,1703.2000,8625,483750,
BATAINDIA_F1,07/26/2023,15:24:00,1702.6500,1702.6500,1702.6500,1702.6500,750,492750,
BATAINDIA_F1,07/26/2023,15:25:00,1700.7000,1702.6500,1700.7000,1701.5500,4875,492750,
BATAINDIA_F1,07/26/2023,15:26:00,1702.0500,1703.2000,1702.0500,1703.2000,750,492750,
BATAINDIA_F1,07/26/2023,15:27:00,1704.5000,1704.5000,1702.9500,1702.9500,750,492750,
BATAINDIA_F1,07/26/2023,15:28:00,1704.0000,1704.8500,1704.0000,1704.8500,1500,492375,
BATAINDIA_F1,07/26/2023,15:29:00,1702.2000,1705.8500,1701.3500,1705.8500,5250,492375,
BATAINDIA_F1,07/27/2023,09:16:00,1701.9000,1701.9000,1701.9000,1701.9000,376,276375,
BATAINDIA_F1,07/27/2023,09:18:00,1705.8500,1705.8500,1705.8500,1705.8500,375,276375,
BATAINDIA_F1,07/27/2023,09:19:00,1705.8500,1705.8500,1705.4000,1705.4000,750,276375,
BATAINDIA_F1,07/27/2023,09:20:00,1707.0500,1711.9500,1707.0500,1710.3000,18750,276375,
BATAINDIA_F1,07/27/2023,09:21:00,1709.1500,1709.1500,1706.2000,1706.2000,750,268125,
BATAINDIA_F1,07/27/2023,09:22:00,1706.5500,1710.0000,1706.5500,1710.0000,1125,268125,
BATAINDIA_F1,07/27/2023,09:23:00,1710.0000,1710.0000,1709.0500,1710.0000,1500,266250,
BATAINDIA_F1,07/27/2023,09:24:00,1710.0000,1710.0000,1706.3500,1706.3500,1875,266250,
BATAINDIA_F1,07/27/2023,09:25:00,1706.0000,1707.1500,1706.0000,1707.1500,1500,266250,
BATAINDIA_F1,07/27/2023,09:26:00,1707.4500,1707.4500,1707.4500,1707.4500,375,266250,
BATAINDIA_F1,07/27/2023,09:28:00,1709.0000,1709.0000,1709.0000,1709.0000,1875,265125,
BATAINDIA_F1,07/27/2023,09:29:00,1709.2000,1709.2000,1709.2000,1709.2000,375,265875,
BATAINDIA_F1,07/27/2023,09:30:00,1709.2000,1709.2000,1709.2000,1709.2000,750,265875,
BATAINDIA_F1,07/27/2023,09:31:00,1707.8000,1707.8000,1706.1500,1706.1500,750,265875,
BATAINDIA_F1,07/27/2023,09:32:00,1706.0500,1706.0500,1706.0500,1706.0500,1125,265875,
BATAINDIA_F1,07/27/2023,09:33:00,1707.5500,1707.5500,1707.5500,1707.5500,375,265875,
BATAINDIA_F1,07/27/2023,09:34:00,1707.5500,1707.6000,1704.8000,1704.8000,1125,264000,
BATAINDIA_F1,07/27/2023,09:35:00,1707.8500,1707.9500,1707.8500,1707.9500,750,264000,
BATAINDIA_F1,07/27/2023,09:36:00,1706.2000,1707.8500,1705.9500,1705.9500,6750,263625,
BATAINDIA_F1,07/27/2023,09:37:00,1705.9500,1705.9500,1705.9500,1705.9500,750,263625,
BATAINDIA_F1,07/27/2023,09:38:00,1706.5000,1708.9500,1706.0500,1707.8500,2625,263625,
BATAINDIA_F1,07/27/2023,09:39:00,1705.8000,1705.8000,1705.1000,1705.1000,1500,261000,
BATAINDIA_F1,07/27/2023,09:40:00,1704.7500,1704.7500,1704.7500,1704.7500,375,261000,
BATAINDIA_F1,07/27/2023,09:41:00,1704.7500,1704.7500,1702.7000,1704.6000,1500,261000,
BATAINDIA_F1,07/27/2023,09:42:00,1704.6000,1704.6000,1704.6000,1704.6000,375,261000,
BATAINDIA_F1,07/27/2023,09:43:00,1704.6000,1704.7500,1704.6000,1704.7500,750,261000,
BATAINDIA_F1,07/27/2023,09:44:00,1704.7500,1704.7500,1704.7500,1704.7500,375,261000,
BATAINDIA_F1,07/27/2023,09:45:00,1703.6500,1703.9500,1703.6500,1703.9500,1125,258750,
BATAINDIA_F1,07/27/2023,09:46:00,1704.7500,1704.7500,1703.1000,1703.1000,1500,258750,
BATAINDIA_F1,07/27/2023,09:47:00,1703.1000,1704.8000,1703.1000,1704.8000,1500,258750,
BATAINDIA_F1,07/27/2023,09:48:00,1703.6500,1703.6500,1703.6500,1703.6500,750,257250,
BATAINDIA_F1,07/27/2023,09:49:00,1704.4500,1704.5000,1704.4500,1704.5000,1125,257250,
BATAINDIA_F1,07/27/2023,09:50:00,1703.5000,1703.9000,1703.0000,1703.9000,2250,257250,
BATAINDIA_F1,07/27/2023,09:51:00,1701.8500,1701.8500,1701.8500,1701.8500,1125,256875,
BATAINDIA_F1,07/27/2023,09:52:00,1701.8500,1703.9000,1701.8500,1703.9000,1500,256875,
BATAINDIA_F1,07/27/2023,09:53:00,1705.3500,1705.3500,1705.3500,1705.3500,375,256875,
BATAINDIA_F1,07/27/2023,09:55:00,1705.9500,1705.9500,1704.1000,1704.1000,1125,255375,
BATAINDIA_F1,07/27/2023,09:56:00,1704.1000,1704.1000,1704.1000,1704.1000,3000,255375,
BATAINDIA_F1,07/27/2023,09:57:00,1704.6500,1704.6500,1704.6500,1704.6500,1500,253125,
BATAINDIA_F1,07/27/2023,09:58:00,1703.0000,1703.0000,1703.0000,1703.0000,750,253125,
BATAINDIA_F1,07/27/2023,09:59:00,1703.0000,1703.0000,1701.6000,1701.6000,1125,253125,
BATAINDIA_F1,07/27/2023,10:00:00,1701.6000,1701.7000,1700.1000,1701.7000,3750,252000,
BATAINDIA_F1,07/27/2023,10:01:00,1701.7000,1701.7000,1701.7000,1701.7000,6375,252000,
BATAINDIA_F1,07/27/2023,10:02:00,1701.7000,1701.9500,1701.7000,1701.9500,4125,252000,
BATAINDIA_F1,07/27/2023,10:03:00,1701.9500,1702.5000,1700.0000,1702.5000,3750,255000,
BATAINDIA_F1,07/27/2023,10:04:00,1705.3000,1705.3000,1705.3000,1705.3000,375,255000,
BATAINDIA_F1,07/27/2023,10:05:00,1705.3000,1705.3000,1701.1500,1703.7500,1875,255000,
BATAINDIA_F1,07/27/2023,10:06:00,1703.7500,1703.7500,1700.3000,1700.3000,1125,256500,
BATAINDIA_F1,07/27/2023,10:07:00,1700.3000,1701.6500,1699.8500,1699.8500,1500,256500,
BATAINDIA_F1,07/27/2023,10:08:00,1699.2000,1699.2000,1698.2500,1698.2500,8625,256500,
BATAINDIA_F1,07/27/2023,10:09:00,1698.0500,1698.8000,1698.0500,1698.8000,1875,253500,
BATAINDIA_F1,07/27/2023,10:10:00,1698.8000,1698.8000,1698.0500,1698.7000,1125,253500,
BATAINDIA_F1,07/27/2023,10:11:00,1700.8000,1700.8000,1700.8000,1700.8000,750,253500,
BATAINDIA_F1,07/27/2023,10:12:00,1700.8000,1700.8000,1700.7500,1700.7500,750,252375,
BATAINDIA_F1,07/27/2023,10:13:00,1701.0000,1701.0000,1701.0000,1701.0000,1500,252375,
BATAINDIA_F1,07/27/2023,10:14:00,1701.5500,1701.5500,1701.5500,1701.5500,1125,252375,
BATAINDIA_F1,07/27/2023,10:15:00,1701.9500,1701.9500,1701.9500,1701.9500,1500,252000,
BATAINDIA_F1,07/27/2023,10:16:00,1701.9500,1702.6000,1699.2500,1699.2500,2250,252000,
BATAINDIA_F1,07/27/2023,10:17:00,1699.2500,1699.2500,1699.2500,1699.2500,375,252000,
BATAINDIA_F1,07/27/2023,10:18:00,1699.2500,1700.7000,1699.2500,1700.7000,1125,251625,
BATAINDIA_F1,07/27/2023,10:19:00,1701.5500,1701.5500,1701.5500,1701.5500,1500,251625,
BATAINDIA_F1,07/27/2023,10:20:00,1701.5500,1701.5500,1701.5500,1701.5500,375,251625,
BATAINDIA_F1,07/27/2023,10:21:00,1701.5500,1701.5500,1701.5500,1701.5500,750,253500,
BATAINDIA_F1,07/27/2023,10:23:00,1701.5500,1701.5500,1701.5500,1701.5500,750,253500,
BATAINDIA_F1,07/27/2023,10:24:00,1701.5500,1701.5500,1701.5500,1701.5500,375,254250,
BATAINDIA_F1,07/27/2023,10:25:00,1701.5500,1701.5500,1701.5500,1701.5500,375,254250,
BATAINDIA_F1,07/27/2023,10:26:00,1699.0500,1699.0500,1699.0500,1699.0500,750,254250,
BATAINDIA_F1,07/27/2023,10:27:00,1699.0500,1699.0500,1699.0500,1699.0500,375,254250,
BATAINDIA_F1,07/27/2023,10:28:00,1698.7000,1700.6500,1698.7000,1700.6500,750,254250,
BATAINDIA_F1,07/27/2023,10:29:00,1700.6500,1700.6500,1698.3500,1698.3500,1125,254250,
BATAINDIA_F1,07/27/2023,10:30:00,1698.3500,1698.3500,1698.3500,1698.3500,750,254250,
BATAINDIA_F1,07/27/2023,10:31:00,1698.3500,1698.3500,1698.3500,1698.3500,375,254250,
BATAINDIA_F1,07/27/2023,10:32:00,1698.1500,1698.1500,1698.1500,1698.1500,750,254250,
BATAINDIA_F1,07/27/2023,10:33:00,1698.9500,1698.9500,1698.9500,1698.9500,750,253875,
BATAINDIA_F1,07/27/2023,10:35:00,1698.9500,1698.9500,1698.9500,1698.9500,375,253875,
BATAINDIA_F1,07/27/2023,10:36:00,1698.9500,1698.9500,1698.0000,1698.0000,3375,253500,
BATAINDIA_F1,07/27/2023,10:37:00,1696.8000,1696.8000,1696.8000,1696.8000,5250,253500,
BATAINDIA_F1,07/27/2023,10:38:00,1696.8000,1696.8000,1696.8000,1696.8000,375,253500,
BATAINDIA_F1,07/27/2023,10:39:00,1696.8000,1696.8000,1696.8000,1696.8000,750,251250,
BATAINDIA_F1,07/27/2023,10:40:00,1696.8000,1696.8000,1696.8000,1696.8000,15375,251250,
BATAINDIA_F1,07/27/2023,10:41:00,1696.8000,1696.8000,1696.8000,1696.8000,375,251250,
BATAINDIA_F1,07/27/2023,10:42:00,1696.8000,1696.8000,1696.8000,1696.8000,375,264000,
BATAINDIA_F1,07/27/2023,10:43:00,1696.8000,1696.8000,1696.8000,1696.8000,375,264000,
BATAINDIA_F1,07/27/2023,10:44:00,1696.8000,1696.8000,1696.8000,1696.8000,1500,264000,
BATAINDIA_F1,07/27/2023,10:45:00,1696.8000,1696.8000,1696.8000,1696.8000,375,262875,
BATAINDIA_F1,07/27/2023,10:47:00,1696.8000,1696.8000,1696.8000,1696.8000,375,262875,
BATAINDIA_F1,07/27/2023,10:48:00,1696.8000,1696.8000,1696.8000,1696.8000,750,262875,
BATAINDIA_F1,07/27/2023,10:49:00,1696.8000,1696.8000,1696.3500,1696.3500,750,262875,
BATAINDIA_F1,07/27/2023,10:50:00,1696.3500,1698.4000,1696.3500,1698.4000,750,262875,
BATAINDIA_F1,07/27/2023,10:51:00,1698.4000,1698.4000,1698.4000,1698.4000,375,262500,
BATAINDIA_F1,07/27/2023,10:52:00,1699.3500,1699.3500,1699.3500,1699.3500,375,262500,
BATAINDIA_F1,07/27/2023,10:53:00,1699.3500,1699.3500,1699.3500,1699.3500,375,262500,
BATAINDIA_F1,07/27/2023,10:54:00,1699.3500,1699.3500,1699.3500,1699.3500,750,262500,
BATAINDIA_F1,07/27/2023,10:55:00,1699.3500,1699.3500,1699.3500,1699.3500,750,262125,
BATAINDIA_F1,07/27/2023,10:56:00,1699.3500,1699.3500,1699.3500,1699.3500,375,262125,
BATAINDIA_F1,07/27/2023,10:57:00,1699.3500,1699.3500,1699.3500,1699.3500,375,262125,
BATAINDIA_F1,07/27/2023,10:58:00,1700.5000,1700.5000,1700.5000,1700.5000,375,262125,
BATAINDIA_F1,07/27/2023,10:59:00,1700.5000,1700.5000,1700.5000,1700.5000,375,262125,
BATAINDIA_F1,07/27/2023,11:00:00,1699.0000,1699.0000,1697.7000,1697.7000,1125,262125,
BATAINDIA_F1,07/27/2023,11:01:00,1697.7000,1701.2000,1697.7000,1701.2000,750,262125,
BATAINDIA_F1,07/27/2023,11:02:00,1701.2000,1701.2000,1701.2000,1701.2000,750,262125,
BATAINDIA_F1,07/27/2023,11:03:00,1701.2000,1701.2000,1701.2000,1701.2000,375,262125,
BATAINDIA_F1,07/27/2023,11:05:00,1701.2000,1701.2000,1701.2000,1701.2000,375,262125,
BATAINDIA_F1,07/27/2023,11:06:00,1701.2000,1701.2000,1698.1000,1698.1000,750,262125,
BATAINDIA_F1,07/27/2023,11:07:00,1698.1000,1698.1000,1698.1000,1698.1000,375,262125,
BATAINDIA_F1,07/27/2023,11:08:00,1698.1000,1698.1000,1698.1000,1698.1000,375,262125,
BATAINDIA_F1,07/27/2023,11:09:00,1698.5000,1698.5000,1698.5000,1698.5000,750,261750,
BATAINDIA_F1,07/27/2023,11:10:00,1700.0000,1700.0000,1698.3500,1698.3500,750,261750,
BATAINDIA_F1,07/27/2023,11:11:00,1698.3500,1699.7000,1698.2000,1699.7000,1500,261750,
BATAINDIA_F1,07/27/2023,11:12:00,1699.7000,1699.7000,1698.7500,1698.7500,1875,261000,
BATAINDIA_F1,07/27/2023,11:13:00,1698.7500,1700.0000,1698.7500,1700.0000,750,261000,
BATAINDIA_F1,07/27/2023,11:14:00,1700.2000,1700.2000,1700.0000,1700.0000,1125,261000,
BATAINDIA_F1,07/27/2023,11:15:00,1700.0000,1700.0000,1696.2000,1699.0500,2625,261000,
BATAINDIA_F1,07/27/2023,11:17:00,1699.0500,1699.0500,1696.2000,1696.2000,1500,261000,
BATAINDIA_F1,07/27/2023,11:18:00,1696.8000,1696.8000,1696.8000,1696.8000,3000,259125,
BATAINDIA_F1,07/27/2023,11:19:00,1696.5500,1697.0500,1696.5500,1697.0500,1125,259125,
BATAINDIA_F1,07/27/2023,11:20:00,1697.0500,1697.0500,1697.0500,1697.0500,750,259125,
BATAINDIA_F1,07/27/2023,11:21:00,1697.0500,1697.0500,1697.0500,1697.0500,375,258750,
BATAINDIA_F1,07/27/2023,11:22:00,1698.0000,1698.0000,1698.0000,1698.0000,750,258750,
BATAINDIA_F1,07/27/2023,11:23:00,1698.0000,1698.0000,1697.0000,1697.0000,1125,258750,
BATAINDIA_F1,07/27/2023,11:24:00,1697.0000,1697.0000,1697.0000,1697.0000,2250,257625,
BATAINDIA_F1,07/27/2023,11:25:00,1696.6000,1696.7000,1696.2500,1696.2500,2250,257625,
BATAINDIA_F1,07/27/2023,11:26:00,1695.7000,1696.0000,1694.0000,1694.0000,2625,257625,
BATAINDIA_F1,07/27/2023,11:27:00,1693.7000,1693.7000,1693.7000,1693.7000,3375,256500,
BATAINDIA_F1,07/27/2023,11:28:00,1693.7000,1693.7000,1691.8000,1691.8000,4875,256500,
BATAINDIA_F1,07/27/2023,11:29:00,1691.8000,1691.9000,1691.8000,1691.9000,1125,256500,
BATAINDIA_F1,07/27/2023,11:30:00,1691.9000,1694.6500,1691.9000,1694.6500,750,252750,
BATAINDIA_F1,07/27/2023,11:31:00,1694.6500,1694.6500,1693.8000,1693.8000,750,252750,
BATAINDIA_F1,07/27/2023,11:32:00,1693.8000,1693.8000,1693.8000,1693.8000,750,252750,
BATAINDIA_F1,07/27/2023,11:33:00,1693.8000,1693.8000,1693.8000,1693.8000,375,252375,
BATAINDIA_F1,07/27/2023,11:34:00,1693.8000,1693.8000,1693.8000,1693.8000,750,252375,
BATAINDIA_F1,07/27/2023,11:35:00,1693.8000,1693.8000,1693.8000,1693.8000,375,252375,
BATAINDIA_F1,07/27/2023,11:36:00,1693.8000,1693.8000,1693.8000,1693.8000,750,252375,
BATAINDIA_F1,07/27/2023,11:37:00,1693.8000,1693.8000,1693.8000,1693.8000,2625,250875,
BATAINDIA_F1,07/27/2023,11:38:00,1693.8000,1693.8000,1693.8000,1693.8000,1125,250875,
BATAINDIA_F1,07/27/2023,11:39:00,1695.6000,1695.6000,1695.6000,1695.6000,750,249000,
BATAINDIA_F1,07/27/2023,11:40:00,1695.1000,1695.1000,1695.1000,1695.1000,1125,249000,
BATAINDIA_F1,07/27/2023,11:41:00,1695.1000,1696.4000,1695.1000,1696.4000,1125,249000,
BATAINDIA_F1,07/27/2023,11:42:00,1696.4000,1696.4000,1696.4000,1696.4000,375,249000,
BATAINDIA_F1,07/27/2023,11:43:00,1696.4000,1696.4000,1696.4000,1696.4000,3000,219375,
BATAINDIA_F1,07/27/2023,11:44:00,1696.4000,1696.4000,1696.4000,1696.4000,375,219375,
BATAINDIA_F1,07/27/2023,11:45:00,1696.4000,1698.1500,1696.4000,1698.1500,2625,219750,
BATAINDIA_F1,07/27/2023,11:47:00,1699.0000,1699.0000,1699.0000,1699.0000,2250,219750,
BATAINDIA_F1,07/27/2023,11:48:00,1699.0000,1699.0000,1699.0000,1699.0000,375,219750,
BATAINDIA_F1,07/27/2023,11:49:00,1698.7000,1698.7000,1698.5500,1698.5500,6750,218250,
BATAINDIA_F1,07/27/2023,11:50:00,1698.5500,1698.5500,1698.5500,1698.5500,375,218250,
BATAINDIA_F1,07/27/2023,11:51:00,1698.5500,1698.5500,1698.5500,1698.5500,375,216000,
BATAINDIA_F1,07/27/2023,11:53:00,1698.5500,1698.5500,1697.9500,1697.9500,1875,216000,
BATAINDIA_F1,07/27/2023,11:54:00,1697.9500,1697.9500,1697.9500,1697.9500,2250,216000,
BATAINDIA_F1,07/27/2023,11:55:00,1698.1000,1698.1000,1698.1000,1698.1000,1125,216000,
BATAINDIA_F1,07/27/2023,11:56:00,1698.1000,1698.1000,1698.1000,1698.1000,375,216000,
BATAINDIA_F1,07/27/2023,11:57:00,1698.1000,1698.1000,1698.1000,1698.1000,1875,214500,
BATAINDIA_F1,07/27/2023,11:58:00,1698.8500,1699.7500,1698.8500,1699.7500,3000,214500,
BATAINDIA_F1,07/27/2023,11:59:00,1700.3500,1700.3500,1700.3500,1700.3500,750,214500,
BATAINDIA_F1,07/27/2023,12:00:00,1700.3500,1700.3500,1700.3500,1700.3500,750,210375,
BATAINDIA_F1,07/27/2023,12:01:00,1698.2500,1698.2500,1697.4500,1697.4500,3375,210375,
BATAINDIA_F1,07/27/2023,12:02:00,1697.4500,1697.4500,1697.1500,1697.1500,1875,210375,
BATAINDIA_F1,07/27/2023,12:03:00,1697.1500,1697.1500,1697.1500,1697.1500,375,197625,
BATAINDIA_F1,07/27/2023,12:04:00,1697.1500,1697.1500,1697.1500,1697.1500,750,197625,
BATAINDIA_F1,07/27/2023,12:05:00,1697.1500,1697.1500,1696.0000,1696.0000,750,197625,
BATAINDIA_F1,07/27/2023,12:06:00,1696.0000,1697.4500,1696.0000,1697.4500,1125,197250,
BATAINDIA_F1,07/27/2023,12:07:00,1697.4500,1697.4500,1697.4500,1697.4500,375,197250,
BATAINDIA_F1,07/27/2023,12:08:00,1697.4500,1697.4500,1697.4500,1697.4500,1125,197250,
BATAINDIA_F1,07/27/2023,12:09:00,1697.4500,1697.4500,1697.4500,1697.4500,3750,198000,
BATAINDIA_F1,07/27/2023,12:10:00,1697.4500,1697.4500,1697.4500,1697.4500,750,198000,
BATAINDIA_F1,07/27/2023,12:11:00,1697.4500,1697.4500,1697.4500,1697.4500,375,198000,
BATAINDIA_F1,07/27/2023,12:12:00,1697.4500,1697.4500,1697.4500,1697.4500,750,198375,
BATAINDIA_F1,07/27/2023,12:13:00,1697.5000,1697.5000,1697.5000,1697.5000,3375,198375,
BATAINDIA_F1,07/27/2023,12:14:00,1697.5000,1697.5000,1697.5000,1697.5000,750,198375,
BATAINDIA_F1,07/27/2023,12:15:00,1698.0000,1698.0000,1698.0000,1698.0000,375,198375,
BATAINDIA_F1,07/27/2023,12:17:00,1698.0000,1698.0000,1698.0000,1698.0000,1125,198000,
BATAINDIA_F1,07/27/2023,12:19:00,1697.3500,1697.3500,1694.8500,1694.8500,750,198000,
BATAINDIA_F1,07/27/2023,12:20:00,1694.5000,1694.5000,1694.0000,1694.0000,750,198000,
BATAINDIA_F1,07/27/2023,12:24:00,1694.3000,1694.6000,1694.3000,1694.5500,1125,196875,
BATAINDIA_F1,07/27/2023,12:25:00,1695.0000,1695.0000,1695.0000,1695.0000,375,196875,
BATAINDIA_F1,07/27/2023,12:27:00,1695.6000,1695.6000,1695.6000,1695.6000,375,196875,
BATAINDIA_F1,07/27/2023,12:28:00,1695.7500,1695.7500,1695.7500,1695.7500,375,196875,
BATAINDIA_F1,07/27/2023,12:29:00,1696.0000,1696.4500,1696.0000,1696.2500,6750,196875,
BATAINDIA_F1,07/27/2023,12:30:00,1696.2500,1696.2500,1696.2500,1696.2500,375,196500,
BATAINDIA_F1,07/27/2023,12:31:00,1696.2500,1696.2500,1696.2500,1696.2500,1500,196500,
BATAINDIA_F1,07/27/2023,12:34:00,1696.2500,1696.2500,1696.2500,1696.2500,375,196875,
BATAINDIA_F1,07/27/2023,12:35:00,1696.5000,1696.5000,1696.5000,1696.5000,375,196875,
BATAINDIA_F1,07/27/2023,12:39:00,1697.1500,1697.1500,1696.5500,1696.5500,1125,196500,
BATAINDIA_F1,07/27/2023,12:40:00,1696.5500,1696.5500,1696.5500,1696.5500,1500,196500,
BATAINDIA_F1,07/27/2023,12:41:00,1696.5500,1696.5500,1696.5500,1696.5500,750,196500,
BATAINDIA_F1,07/27/2023,12:43:00,1697.8500,1697.8500,1696.6500,1696.6500,750,196500,
BATAINDIA_F1,07/27/2023,12:45:00,1696.6500,1696.6500,1696.6500,1696.6500,750,196125,
BATAINDIA_F1,07/27/2023,12:51:00,1697.6000,1697.6000,1697.4500,1697.4500,1125,196500,
BATAINDIA_F1,07/27/2023,12:59:00,1696.6500,1696.6500,1696.6500,1696.6500,375,196125,
BATAINDIA_F1,07/27/2023,13:05:00,1696.6500,1696.6500,1696.6500,1696.6500,375,195750,
BATAINDIA_F1,07/27/2023,13:09:00,1696.6500,1696.6500,1696.6500,1696.6500,375,195750,
BATAINDIA_F1,07/27/2023,13:10:00,1697.0500,1697.0500,1697.0500,1697.0500,375,195750,
BATAINDIA_F1,07/27/2023,13:13:00,1697.0500,1697.0500,1697.0500,1697.0500,3375,195375,
BATAINDIA_F1,07/27/2023,13:14:00,1697.9000,1697.9000,1697.9000,1697.9000,750,195375,
BATAINDIA_F1,07/27/2023,13:15:00,1698.0000,1698.0000,1698.0000,1698.0000,375,194625,
BATAINDIA_F1,07/27/2023,13:16:00,1698.1000,1698.1000,1698.1000,1698.1000,375,194625,
BATAINDIA_F1,07/27/2023,13:19:00,1698.5000,1698.5000,1698.5000,1698.5000,375,195000,
BATAINDIA_F1,07/27/2023,13:20:00,1699.9500,1699.9500,1699.9500,1699.9500,375,195000,
BATAINDIA_F1,07/27/2023,13:21:00,1700.8000,1700.8000,1699.5000,1700.4000,4500,194625,
BATAINDIA_F1,07/27/2023,13:22:00,1700.4000,1700.4000,1700.4000,1700.4000,4125,194625,
BATAINDIA_F1,07/27/2023,13:23:00,1700.4000,1700.4000,1699.4500,1699.4500,9750,194625,
BATAINDIA_F1,07/27/2023,13:24:00,1699.4500,1699.4500,1699.4500,1699.4500,3375,194625,
BATAINDIA_F1,07/27/2023,13:25:00,1699.0000,1701.1500,1699.0000,1701.1500,750,193500,
BATAINDIA_F1,07/27/2023,13:27:00,1701.1500,1701.1500,1701.1500,1701.1500,1875,193125,
BATAINDIA_F1,07/27/2023,13:28:00,1700.4000,1700.4000,1700.4000,1700.4000,375,193125,
BATAINDIA_F1,07/27/2023,13:29:00,1700.4000,1702.0000,1699.1500,1699.1500,5250,193125,
BATAINDIA_F1,07/27/2023,13:30:00,1699.6500,1699.6500,1699.6500,1699.6500,375,192375,
BATAINDIA_F1,07/27/2023,13:31:00,1701.9500,1701.9500,1701.6500,1701.6500,750,192375,
BATAINDIA_F1,07/27/2023,13:32:00,1701.7000,1701.7000,1701.7000,1701.7000,375,192375,
BATAINDIA_F1,07/27/2023,13:33:00,1700.9500,1700.9500,1700.9500,1700.9500,375,192375,
BATAINDIA_F1,07/27/2023,13:34:00,1700.9500,1700.9500,1700.9500,1700.9500,3750,192000,
BATAINDIA_F1,07/27/2023,13:35:00,1698.8000,1699.2500,1698.8000,1699.2500,1875,192000,
BATAINDIA_F1,07/27/2023,13:36:00,1699.2500,1699.2500,1699.2500,1699.2500,1875,192000,
BATAINDIA_F1,07/27/2023,13:39:00,1699.2500,1699.2500,1699.2500,1699.2500,2250,193875,
BATAINDIA_F1,07/27/2023,13:42:00,1700.3000,1700.3000,1700.3000,1700.3000,750,194250,
BATAINDIA_F1,07/27/2023,13:44:00,1701.0000,1701.0000,1701.0000,1701.0000,375,194250,
BATAINDIA_F1,07/27/2023,13:45:00,1700.6500,1700.6500,1700.6500,1700.6500,1875,194250,
BATAINDIA_F1,07/27/2023,13:49:00,1700.4000,1700.9500,1700.4000,1700.9500,750,193500,
BATAINDIA_F1,07/27/2023,13:50:00,1702.0000,1702.0000,1702.0000,1702.0000,750,193500,
BATAINDIA_F1,07/27/2023,13:52:00,1700.9500,1700.9500,1700.9500,1700.9500,375,192750,
BATAINDIA_F1,07/27/2023,13:53:00,1701.0000,1701.0000,1701.0000,1701.0000,375,192750,
BATAINDIA_F1,07/27/2023,13:54:00,1702.2500,1702.2500,1702.0500,1702.0500,750,192000,
BATAINDIA_F1,07/27/2023,13:55:00,1702.0500,1702.0500,1701.0500,1701.0500,2250,192000,
BATAINDIA_F1,07/27/2023,13:56:00,1701.0500,1701.0500,1701.0500,1701.0500,750,192000,
BATAINDIA_F1,07/27/2023,13:57:00,1701.0500,1701.0500,1701.0500,1701.0500,375,192000,
BATAINDIA_F1,07/27/2023,13:58:00,1701.0500,1701.0500,1700.1000,1700.1000,1875,192000,
BATAINDIA_F1,07/27/2023,13:59:00,1700.1000,1700.1000,1700.1000,1700.1000,1500,192000,
BATAINDIA_F1,07/27/2023,14:00:00,1701.9500,1701.9500,1699.7000,1700.9500,1500,189750,
BATAINDIA_F1,07/27/2023,14:01:00,1701.3000,1701.3000,1699.2500,1699.2500,1500,189750,
BATAINDIA_F1,07/27/2023,14:02:00,1699.9500,1699.9500,1699.9500,1699.9500,375,189750,
BATAINDIA_F1,07/27/2023,14:03:00,1701.7500,1701.7500,1701.7500,1701.7500,1125,189750,
BATAINDIA_F1,07/27/2023,14:12:00,1701.7500,1701.7500,1701.7500,1701.7500,2250,188250,
BATAINDIA_F1,07/27/2023,14:13:00,1700.6000,1701.3000,1700.6000,1701.3000,1125,190125,
BATAINDIA_F1,07/27/2023,14:14:00,1701.3000,1701.3000,1701.3000,1701.3000,375,190125,
BATAINDIA_F1,07/27/2023,14:15:00,1701.3000,1701.3000,1701.3000,1701.3000,750,190125,
BATAINDIA_F1,07/27/2023,14:16:00,1701.3000,1701.3000,1701.3000,1701.3000,5625,190125,
BATAINDIA_F1,07/27/2023,14:18:00,1700.9000,1700.9000,1700.9000,1700.9000,375,195375,
BATAINDIA_F1,07/27/2023,14:19:00,1700.9000,1700.9000,1700.9000,1700.9000,375,195375,
BATAINDIA_F1,07/27/2023,14:20:00,1699.8500,1699.8500,1699.8500,1699.8500,1875,195375,
BATAINDIA_F1,07/27/2023,14:21:00,1698.9500,1698.9500,1698.9500,1698.9500,750,195375,
BATAINDIA_F1,07/27/2023,14:25:00,1698.9500,1698.9500,1698.9500,1698.9500,375,195750,
BATAINDIA_F1,07/27/2023,14:26:00,1698.5000,1698.5000,1698.5000,1698.5000,750,195750,
BATAINDIA_F1,07/27/2023,14:30:00,1698.5000,1698.5000,1698.5000,1698.5000,375,196125,
BATAINDIA_F1,07/27/2023,14:31:00,1697.5500,1697.5500,1697.2500,1697.2500,750,195750,
BATAINDIA_F1,07/27/2023,14:32:00,1697.8500,1697.8500,1697.3000,1697.3000,1500,195750,
BATAINDIA_F1,07/27/2023,14:33:00,1697.7500,1697.7500,1696.0500,1696.0500,3000,195750,
BATAINDIA_F1,07/27/2023,14:37:00,1696.7500,1696.7500,1696.7500,1696.7500,375,191625,
BATAINDIA_F1,07/27/2023,14:38:00,1696.4500,1696.5500,1696.4500,1696.5500,1500,191625,
BATAINDIA_F1,07/27/2023,14:39:00,1696.5000,1696.5000,1696.0000,1696.0000,1125,191625,
BATAINDIA_F1,07/27/2023,14:40:00,1696.1500,1696.2000,1696.1500,1696.2000,1500,192000,
BATAINDIA_F1,07/27/2023,14:41:00,1695.8000,1697.3000,1695.8000,1697.2500,3375,192000,
BATAINDIA_F1,07/27/2023,14:42:00,1696.9000,1696.9000,1696.9000,1696.9000,375,192000,
BATAINDIA_F1,07/27/2023,14:44:00,1695.3000,1695.3000,1694.4000,1695.3000,10125,192375,
BATAINDIA_F1,07/27/2023,14:45:00,1695.2500,1695.7000,1695.0500,1695.7000,1500,192750,
BATAINDIA_F1,07/27/2023,14:46:00,1695.2500,1695.3000,1695.2500,1695.3000,2250,192750,
BATAINDIA_F1,07/27/2023,14:47:00,1695.3000,1695.7000,1695.2500,1695.7000,1500,192750,
BATAINDIA_F1,07/27/2023,14:48:00,1696.0000,1696.0000,1696.0000,1696.0000,1125,192750,
BATAINDIA_F1,07/27/2023,14:49:00,1696.9500,1698.1000,1696.9500,1697.8000,1875,195375,
BATAINDIA_F1,07/27/2023,14:50:00,1698.8000,1698.8000,1698.8000,1698.8000,375,195375,
BATAINDIA_F1,07/27/2023,14:51:00,1698.8000,1701.4000,1698.8000,1700.8000,8250,195750,
BATAINDIA_F1,07/27/2023,14:52:00,1698.1000,1700.3000,1698.1000,1700.3000,3375,195750,
BATAINDIA_F1,07/27/2023,14:53:00,1700.3000,1700.3000,1700.3000,1700.3000,1500,195750,
BATAINDIA_F1,07/27/2023,14:54:00,1699.9500,1699.9500,1699.5500,1699.5500,750,195750,
BATAINDIA_F1,07/27/2023,14:55:00,1699.4000,1699.4000,1698.0500,1698.7000,2625,199500,
BATAINDIA_F1,07/27/2023,14:56:00,1698.6000,1698.6000,1698.6000,1698.6000,375,199500,
BATAINDIA_F1,07/27/2023,14:59:00,1699.5500,1699.5500,1699.5500,1699.5500,3750,199875,
BATAINDIA_F1,07/27/2023,15:00:00,1704.5500,1704.5500,1693.5000,1695.1000,15375,205125,
BATAINDIA_F1,07/27/2023,15:01:00,1694.8000,1696.9000,1693.2000,1696.9000,12375,205125,
BATAINDIA_F1,07/27/2023,15:02:00,1696.1000,1696.1000,1695.0000,1695.3000,2625,205125,
BATAINDIA_F1,07/27/2023,15:03:00,1695.3500,1697.1500,1694.9500,1695.4500,3000,205125,
BATAINDIA_F1,07/27/2023,15:04:00,1695.3500,1696.6500,1695.3500,1696.6500,1125,210750,
BATAINDIA_F1,07/27/2023,15:05:00,1696.7000,1697.3000,1695.3000,1695.5500,1500,210750,
BATAINDIA_F1,07/27/2023,15:06:00,1697.4000,1698.3500,1696.0000,1697.3500,1500,210750,
BATAINDIA_F1,07/27/2023,15:07:00,1694.6500,1694.6500,1694.6500,1694.6500,375,210750,
BATAINDIA_F1,07/27/2023,15:08:00,1698.0000,1698.0000,1698.0000,1698.0000,375,212250,
BATAINDIA_F1,07/27/2023,15:10:00,1700.4500,1700.4500,1699.9000,1699.9000,1500,212625,
BATAINDIA_F1,07/27/2023,15:11:00,1701.5500,1703.9000,1701.5500,1703.9000,5250,212625,
BATAINDIA_F1,07/27/2023,15:12:00,1701.5500,1704.7500,1701.5500,1704.7000,17250,212625,
BATAINDIA_F1,07/27/2023,15:13:00,1701.5000,1701.5000,1701.5000,1701.5000,375,222375,
BATAINDIA_F1,07/27/2023,15:14:00,1700.0000,1700.0000,1700.0000,1700.0000,375,222375,
BATAINDIA_F1,07/27/2023,15:15:00,1700.0000,1700.0000,1700.0000,1700.0000,1500,222375,
BATAINDIA_F1,07/27/2023,15:16:00,1702.2500,1703.3500,1700.0000,1700.0000,3375,223500,
BATAINDIA_F1,07/27/2023,15:17:00,1701.7500,1704.6000,1700.8000,1704.6000,7875,223500,
BATAINDIA_F1,07/27/2023,15:21:00,1702.5500,1705.2000,1702.5500,1705.2000,1875,226500,
BATAINDIA_F1,07/27/2023,15:23:00,1705.3000,1705.3000,1705.2500,1705.2500,2250,226500,
BATAINDIA_F1,07/27/2023,15:24:00,1703.6000,1705.1000,1703.6000,1705.1000,1500,226500,
BATAINDIA_F1,07/27/2023,15:25:00,1705.1500,1705.3000,1705.0000,1705.3000,6375,226500,
BATAINDIA_F1,07/27/2023,15:26:00,1705.3000,1709.0000,1705.3000,1708.0500,4875,226500,
BATAINDIA_F1,07/27/2023,15:27:00,1708.1000,1708.6500,1708.1000,1708.6500,1875,226500,
BATAINDIA_F1,07/27/2023,15:28:00,1708.1500,1708.1500,1708.1500,1708.1500,750,228000,
BATAINDIA_F1,07/27/2023,15:29:00,1709.4500,1711.7000,1709.4500,1711.7000,3000,228000,
BATAINDIA_F1,07/28/2023,09:15:00,1674.8500,1674.8500,1670.3000,1670.3000,1126,1623375,
BATAINDIA_F1,07/28/2023,09:16:00,1670.3000,1671.9000,1670.3000,1671.0000,3000,1623375,
BATAINDIA_F1,07/28/2023,09:17:00,1671.0000,1679.0000,1669.8000,1679.0000,16500,1623750,
BATAINDIA_F1,07/28/2023,09:18:00,1679.0000,1685.0000,1679.0000,1685.0000,22500,1623750,
BATAINDIA_F1,07/28/2023,09:19:00,1681.2000,1681.2000,1680.0000,1680.9500,1875,1623750,
BATAINDIA_F1,07/28/2023,09:20:00,1680.5500,1680.5500,1677.8000,1679.2000,2250,1648125,
BATAINDIA_F1,07/28/2023,09:21:00,1678.9500,1679.0000,1677.8000,1679.0000,1875,1648125,
BATAINDIA_F1,07/28/2023,09:22:00,1678.2000,1678.2000,1678.0000,1678.0000,1125,1648125,
BATAINDIA_F1,07/28/2023,09:23:00,1677.3500,1677.3500,1677.3500,1677.3500,375,1649625,
BATAINDIA_F1,07/28/2023,09:24:00,1677.3500,1677.6500,1677.3500,1677.6500,750,1649625,
BATAINDIA_F1,07/28/2023,09:25:00,1678.9500,1683.4000,1678.9500,1683.4000,3375,1649625,
BATAINDIA_F1,07/28/2023,09:26:00,1682.0000,1683.1000,1681.1500,1681.9500,2625,1650000,
BATAINDIA_F1,07/28/2023,09:27:00,1681.9500,1682.4500,1681.9500,1681.9500,1875,1650000,
BATAINDIA_F1,07/28/2023,09:28:00,1681.9500,1681.9500,1679.0000,1679.0000,1125,1650000,
BATAINDIA_F1,07/28/2023,09:29:00,1678.0500,1678.7000,1678.0500,1678.7000,1125,1649625,
BATAINDIA_F1,07/28/2023,09:30:00,1677.6000,1677.6000,1677.6000,1677.6000,750,1649625,
BATAINDIA_F1,07/28/2023,09:31:00,1678.0500,1678.0500,1674.3000,1674.3000,4500,1649625,
BATAINDIA_F1,07/28/2023,09:32:00,1675.0500,1677.7000,1675.0500,1675.0500,3000,1648875,
BATAINDIA_F1,07/28/2023,09:33:00,1673.7500,1674.7500,1673.7500,1673.8000,1875,1648875,
BATAINDIA_F1,07/28/2023,09:34:00,1673.8000,1673.8000,1673.8000,1673.8000,750,1648875,
BATAINDIA_F1,07/28/2023,09:35:00,1676.1500,1676.1500,1673.9500,1673.9500,1125,1649625,
BATAINDIA_F1,07/28/2023,09:36:00,1675.5500,1675.5500,1675.5500,1675.5500,375,1649625,
BATAINDIA_F1,07/28/2023,09:39:00,1674.2500,1674.2500,1673.9500,1673.9500,4125,1647000,
BATAINDIA_F1,07/28/2023,09:40:00,1674.1000,1674.1500,1674.1000,1674.1500,1125,1647000,
BATAINDIA_F1,07/28/2023,09:41:00,1676.0000,1676.6000,1675.7000,1676.6000,1875,1647000,
BATAINDIA_F1,07/28/2023,09:42:00,1676.5000,1676.5000,1674.4500,1674.9500,1500,1648500,
BATAINDIA_F1,07/28/2023,09:43:00,1674.2000,1674.3500,1674.2000,1674.3500,750,1648500,
BATAINDIA_F1,07/28/2023,09:44:00,1675.5000,1675.5000,1674.3000,1674.3000,750,1647375,
BATAINDIA_F1,07/28/2023,09:46:00,1674.3000,1674.3000,1674.3000,1674.3000,375,1647375,
BATAINDIA_F1,07/28/2023,09:47:00,1674.5000,1674.5000,1674.5000,1674.5000,375,1646250,
BATAINDIA_F1,07/28/2023,09:48:00,1674.2000,1675.7000,1674.2000,1674.3000,1875,1646250,
BATAINDIA_F1,07/28/2023,09:54:00,1674.2500,1674.2500,1674.2500,1674.2500,375,1646250,
BATAINDIA_F1,07/28/2023,09:56:00,1674.3500,1674.3500,1674.3500,1674.3500,375,1646250,
BATAINDIA_F1,07/28/2023,09:57:00,1675.0000,1675.0000,1675.0000,1675.0000,750,1646250,
BATAINDIA_F1,07/28/2023,09:58:00,1676.4000,1676.4000,1675.5000,1675.5000,2250,1646250,
BATAINDIA_F1,07/28/2023,10:02:00,1675.5500,1675.5500,1675.5500,1675.5500,375,1646250,
BATAINDIA_F1,07/28/2023,10:04:00,1675.6000,1675.6000,1674.2500,1674.2500,3000,1646250,
BATAINDIA_F1,07/28/2023,10:05:00,1674.4000,1675.9500,1674.4000,1675.9500,1125,1646625,
BATAINDIA_F1,07/28/2023,10:06:00,1674.3500,1674.3500,1674.3500,1674.3500,375,1646625,
BATAINDIA_F1,07/28/2023,10:07:00,1674.4000,1674.4000,1673.0500,1673.0500,4125,1646625,
BATAINDIA_F1,07/28/2023,10:08:00,1673.1000,1673.1000,1673.1000,1673.1000,375,1646625,
BATAINDIA_F1,07/28/2023,10:10:00,1673.1000,1673.1000,1673.0500,1673.0500,1500,1644375,
BATAINDIA_F1,07/28/2023,10:11:00,1673.1500,1673.1500,1673.1500,1673.1500,375,1644375,
BATAINDIA_F1,07/28/2023,10:12:00,1673.3500,1673.3500,1673.3500,1673.3500,750,1644375,
BATAINDIA_F1,07/28/2023,10:13:00,1672.1000,1672.1000,1672.0000,1672.0000,5625,1644375,
BATAINDIA_F1,07/28/2023,10:14:00,1673.0000,1673.0000,1673.0000,1673.0000,375,1644375,
BATAINDIA_F1,07/28/2023,10:15:00,1671.6000,1671.6000,1671.6000,1671.6000,750,1645875,
BATAINDIA_F1,07/28/2023,10:16:00,1671.4000,1671.4000,1671.4000,1671.4000,375,1645875,
BATAINDIA_F1,07/28/2023,10:17:00,1672.3500,1672.3500,1671.7000,1671.7000,750,1646625,
BATAINDIA_F1,07/28/2023,10:18:00,1673.1500,1673.1500,1673.1500,1673.1500,375,1646625,
BATAINDIA_F1,07/28/2023,10:20:00,1673.2500,1673.2500,1672.1000,1672.1000,2250,1646250,
BATAINDIA_F1,07/28/2023,10:22:00,1673.1500,1673.1500,1673.1500,1673.1500,375,1646250,
BATAINDIA_F1,07/28/2023,10:23:00,1670.7500,1672.0000,1670.1000,1670.1000,7125,1645500,
BATAINDIA_F1,07/28/2023,10:24:00,1669.1500,1669.1500,1669.0000,1669.0000,4125,1645500,
BATAINDIA_F1,07/28/2023,10:25:00,1669.0000,1671.5000,1669.0000,1670.3000,3375,1645500,
BATAINDIA_F1,07/28/2023,10:27:00,1671.6500,1671.6500,1671.6500,1671.6500,375,1643625,
BATAINDIA_F1,07/28/2023,10:29:00,1673.3000,1673.3000,1673.3000,1673.3000,375,1640625,
BATAINDIA_F1,07/28/2023,10:30:00,1673.7000,1674.1000,1673.7000,1674.1000,750,1640625,
BATAINDIA_F1,07/28/2023,10:33:00,1674.9000,1674.9000,1674.9000,1674.9000,375,1639875,
BATAINDIA_F1,07/28/2023,10:34:00,1675.9000,1676.0000,1675.9000,1676.0000,3000,1639875,
BATAINDIA_F1,07/28/2023,10:36:00,1676.4500,1676.4500,1676.4500,1676.4500,1125,1638750,
BATAINDIA_F1,07/28/2023,10:39:00,1675.6000,1675.6000,1675.6000,1675.6000,375,1639125,
BATAINDIA_F1,07/28/2023,10:40:00,1675.5000,1675.5000,1675.5000,1675.5000,375,1639125,
BATAINDIA_F1,07/28/2023,10:41:00,1675.5000,1675.5000,1675.5000,1675.5000,375,1639125,
BATAINDIA_F1,07/28/2023,10:42:00,1675.5500,1675.5500,1675.5500,1675.5500,375,1640250,
BATAINDIA_F1,07/28/2023,10:43:00,1675.3500,1675.3500,1675.3500,1675.3500,2250,1640250,
BATAINDIA_F1,07/28/2023,10:46:00,1675.7500,1675.7500,1675.7500,1675.7500,1125,1641750,
BATAINDIA_F1,07/28/2023,10:47:00,1679.7000,1679.7000,1678.8500,1678.8500,8250,1639875,
BATAINDIA_F1,07/28/2023,10:49:00,1679.5500,1679.5500,1678.9500,1679.5000,1125,1639875,
BATAINDIA_F1,07/28/2023,10:50:00,1679.5500,1679.5500,1679.5500,1679.5500,375,1634625,
BATAINDIA_F1,07/28/2023,10:51:00,1679.5000,1679.5000,1679.4500,1679.4500,750,1634625,
BATAINDIA_F1,07/28/2023,10:52:00,1679.5000,1679.5000,1679.5000,1679.5000,375,1634625,
BATAINDIA_F1,07/28/2023,10:53:00,1679.5000,1679.5000,1679.5000,1679.5000,375,1634625,
BATAINDIA_F1,07/28/2023,10:54:00,1679.7500,1679.7500,1679.7500,1679.7500,375,1634625,
BATAINDIA_F1,07/28/2023,10:55:00,1678.9000,1678.9000,1678.9000,1678.9000,750,1634625,
BATAINDIA_F1,07/28/2023,10:58:00,1682.0000,1682.7000,1682.0000,1682.7000,12750,1634250,
BATAINDIA_F1,07/28/2023,10:59:00,1682.7000,1682.7000,1682.7000,1682.7000,375,1629375,
BATAINDIA_F1,07/28/2023,11:00:00,1683.5000,1683.5000,1683.5000,1683.5000,1500,1629375,
BATAINDIA_F1,07/28/2023,11:01:00,1682.7500,1682.7500,1682.7500,1682.7500,1125,1629375,
BATAINDIA_F1,07/28/2023,11:02:00,1682.1000,1682.1000,1682.0000,1682.0000,1125,1628625,
BATAINDIA_F1,07/28/2023,11:03:00,1682.0000,1682.0000,1682.0000,1682.0000,1500,1628625,
BATAINDIA_F1,07/28/2023,11:05:00,1682.1500,1682.1500,1682.1500,1682.1500,375,1628625,
BATAINDIA_F1,07/28/2023,11:06:00,1682.7500,1683.5000,1682.7500,1683.0000,1500,1628625,
BATAINDIA_F1,07/28/2023,11:07:00,1683.0000,1683.4500,1683.0000,1683.4500,750,1628625,
BATAINDIA_F1,07/28/2023,11:08:00,1682.6000,1682.6000,1682.6000,1682.6000,375,1628625,
BATAINDIA_F1,07/28/2023,11:09:00,1681.4500,1681.4500,1681.4500,1681.4500,375,1629000,
BATAINDIA_F1,07/28/2023,11:11:00,1681.5000,1681.5000,1681.5000,1681.5000,375,1629000,
BATAINDIA_F1,07/28/2023,11:12:00,1683.0000,1683.4500,1683.0000,1683.4500,2250,1628250,
BATAINDIA_F1,07/28/2023,11:14:00,1682.2500,1682.5500,1682.2500,1682.5500,750,1627500,
BATAINDIA_F1,07/28/2023,11:15:00,1682.4000,1682.4000,1681.5500,1681.5500,1500,1627500,
BATAINDIA_F1,07/28/2023,11:17:00,1681.6000,1681.6000,1681.5500,1681.5500,1125,1627500,
BATAINDIA_F1,07/28/2023,11:18:00,1681.0500,1681.0500,1677.2500,1677.2500,1500,1627500,
BATAINDIA_F1,07/28/2023,11:20:00,1678.8500,1678.8500,1678.8500,1678.8500,375,1627500,
BATAINDIA_F1,07/28/2023,11:23:00,1680.6500,1680.7500,1680.6500,1680.7500,750,1628250,
BATAINDIA_F1,07/28/2023,11:25:00,1678.9500,1678.9500,1678.9500,1678.9500,375,1628250,
BATAINDIA_F1,07/28/2023,11:27:00,1680.7000,1680.7000,1680.0000,1680.0000,1500,1628250,
BATAINDIA_F1,07/28/2023,11:29:00,1681.0000,1681.9500,1681.0000,1681.9500,1125,1628250,
BATAINDIA_F1,07/28/2023,11:31:00,1680.6000,1680.6000,1680.6000,1680.6000,375,1629750,
BATAINDIA_F1,07/28/2023,11:32:00,1679.9500,1681.9500,1679.9500,1680.2500,1125,1629750,
BATAINDIA_F1,07/28/2023,11:33:00,1682.5000,1682.5000,1681.2500,1681.2500,2625,1629750,
BATAINDIA_F1,07/28/2023,11:34:00,1680.5000,1680.5000,1680.5000,1680.5000,375,1629750,
BATAINDIA_F1,07/28/2023,11:38:00,1680.3000,1680.3000,1680.3000,1680.3000,375,1630500,
BATAINDIA_F1,07/28/2023,11:40:00,1679.5000,1681.5500,1679.5000,1681.5500,1125,1630875,
BATAINDIA_F1,07/28/2023,11:41:00,1681.0000,1681.0000,1681.0000,1681.0000,375,1630875,
BATAINDIA_F1,07/28/2023,11:42:00,1681.8000,1681.8000,1681.8000,1681.8000,375,1630875,
BATAINDIA_F1,07/28/2023,11:43:00,1681.9500,1683.4000,1681.9500,1683.4000,1500,1630875,
BATAINDIA_F1,07/28/2023,11:44:00,1681.7000,1683.5500,1681.7000,1683.5500,750,1631625,
BATAINDIA_F1,07/28/2023,11:48:00,1681.5000,1681.5000,1681.5000,1681.5000,375,1632000,
BATAINDIA_F1,07/28/2023,11:51:00,1682.0000,1682.0000,1682.0000,1682.0000,750,1631625,
BATAINDIA_F1,07/28/2023,11:53:00,1682.1000,1682.1000,1682.1000,1682.1000,375,1631625,
BATAINDIA_F1,07/28/2023,11:54:00,1681.7500,1681.8500,1681.7500,1681.8500,2250,1631625,
BATAINDIA_F1,07/28/2023,11:58:00,1682.1000,1683.3500,1682.1000,1683.3500,1500,1632750,
BATAINDIA_F1,07/28/2023,11:59:00,1683.7000,1683.7000,1683.7000,1683.7000,1875,1632750,
BATAINDIA_F1,07/28/2023,12:01:00,1683.7000,1683.7000,1682.1500,1682.1500,4875,1632000,
BATAINDIA_F1,07/28/2023,12:02:00,1682.4500,1682.4500,1682.4500,1682.4500,375,1632000,
BATAINDIA_F1,07/28/2023,12:03:00,1682.0000,1682.0000,1682.0000,1682.0000,375,1632000,
BATAINDIA_F1,07/28/2023,12:04:00,1682.0500,1682.0500,1682.0000,1682.0000,5250,1632000,
BATAINDIA_F1,07/28/2023,12:07:00,1680.4000,1680.4000,1680.4000,1680.4000,1500,1627500,
BATAINDIA_F1,07/28/2023,12:08:00,1681.0000,1681.0000,1681.0000,1681.0000,375,1627500,
BATAINDIA_F1,07/28/2023,12:11:00,1682.1000,1683.9500,1682.1000,1682.7500,2625,1628250,
BATAINDIA_F1,07/28/2023,12:15:00,1683.1500,1683.1500,1683.1500,1683.1500,1500,1629375,
BATAINDIA_F1,07/28/2023,12:20:00,1683.1000,1683.1000,1683.1000,1683.1000,375,1630500,
BATAINDIA_F1,07/28/2023,12:22:00,1683.5000,1684.0000,1683.5000,1684.0000,1125,1630500,
BATAINDIA_F1,07/28/2023,12:23:00,1684.0000,1684.0000,1684.0000,1684.0000,375,1630500,
BATAINDIA_F1,07/28/2023,12:24:00,1683.3500,1683.3500,1683.3500,1683.3500,375,1630500,
BATAINDIA_F1,07/28/2023,12:27:00,1682.6500,1682.6500,1682.6500,1682.6500,375,1630500,
BATAINDIA_F1,07/28/2023,12:29:00,1683.1000,1683.5000,1683.0500,1683.0500,1500,1630875,
BATAINDIA_F1,07/28/2023,12:30:00,1684.0000,1684.0000,1684.0000,1684.0000,750,1630875,
BATAINDIA_F1,07/28/2023,12:32:00,1684.5000,1684.5000,1683.0000,1683.0000,1500,1631250,
BATAINDIA_F1,07/28/2023,12:33:00,1683.9500,1683.9500,1683.6000,1683.6000,1125,1631250,
BATAINDIA_F1,07/28/2023,12:36:00,1683.8500,1684.0000,1683.8500,1684.0000,750,1632000,
BATAINDIA_F1,07/28/2023,12:38:00,1684.9500,1684.9500,1684.9500,1684.9500,1125,1632375,
BATAINDIA_F1,07/28/2023,12:39:00,1684.9500,1684.9500,1683.2000,1683.2000,1125,1632375,
BATAINDIA_F1,07/28/2023,12:40:00,1684.0000,1684.0000,1684.0000,1684.0000,750,1632375,
BATAINDIA_F1,07/28/2023,12:41:00,1684.4500,1684.4500,1684.4500,1684.4500,750,1633875,
BATAINDIA_F1,07/28/2023,12:44:00,1684.9500,1685.0000,1684.9500,1685.0000,1125,1633875,
BATAINDIA_F1,07/28/2023,12:46:00,1686.3000,1686.3000,1686.3000,1686.3000,3000,1633875,
BATAINDIA_F1,07/28/2023,12:48:00,1686.3000,1686.3000,1686.3000,1686.3000,1125,1635000,
BATAINDIA_F1,07/28/2023,12:51:00,1685.2500,1685.2500,1685.2500,1685.2500,375,1635000,
BATAINDIA_F1,07/28/2023,12:52:00,1685.2500,1685.2500,1685.2500,1685.2500,750,1635000,
BATAINDIA_F1,07/28/2023,12:53:00,1685.7500,1685.7500,1685.7500,1685.7500,750,1635000,
BATAINDIA_F1,07/28/2023,12:55:00,1684.8500,1684.8500,1684.8500,1684.8500,375,1635750,
BATAINDIA_F1,07/28/2023,12:56:00,1685.3000,1685.3000,1685.3000,1685.3000,375,1635750,
BATAINDIA_F1,07/28/2023,12:58:00,1684.9500,1684.9500,1684.9500,1684.9500,375,1635750,
BATAINDIA_F1,07/28/2023,12:59:00,1685.5000,1690.0000,1685.5000,1686.4000,20625,1631625,
BATAINDIA_F1,07/28/2023,13:01:00,1688.0000,1688.0000,1688.0000,1688.0000,750,1631625,
BATAINDIA_F1,07/28/2023,13:02:00,1687.0500,1687.0500,1686.4500,1686.4500,1125,1631625,
BATAINDIA_F1,07/28/2023,13:06:00,1686.4500,1686.4500,1686.4500,1686.4500,375,1628250,
BATAINDIA_F1,07/28/2023,13:08:00,1686.9000,1686.9000,1686.4500,1686.4500,750,1628625,
BATAINDIA_F1,07/28/2023,13:09:00,1686.4500,1686.9000,1686.2000,1686.2000,6375,1628625,
BATAINDIA_F1,07/28/2023,13:12:00,1685.8000,1685.8000,1685.8000,1685.8000,375,1629375,
BATAINDIA_F1,07/28/2023,13:15:00,1688.1000,1688.1000,1688.1000,1688.1000,3000,1629375,
BATAINDIA_F1,07/28/2023,13:16:00,1688.9500,1689.0000,1684.3500,1686.6000,10875,1629375,
BATAINDIA_F1,07/28/2023,13:24:00,1684.2000,1684.2000,1683.8500,1683.8500,4125,1632000,
BATAINDIA_F1,07/28/2023,13:27:00,1684.0000,1684.5500,1684.0000,1684.5500,1125,1633125,
BATAINDIA_F1,07/28/2023,13:28:00,1685.2000,1685.2000,1685.0000,1685.0000,750,1633125,
BATAINDIA_F1,07/28/2023,13:29:00,1684.9500,1684.9500,1684.9500,1684.9500,375,1633500,
BATAINDIA_F1,07/28/2023,13:30:00,1684.2500,1685.9000,1684.2500,1685.9000,1125,1633500,
BATAINDIA_F1,07/28/2023,13:32:00,1685.8500,1685.8500,1685.8500,1685.8500,750,1633500,
BATAINDIA_F1,07/28/2023,13:33:00,1686.0000,1686.0000,1686.0000,1686.0000,1125,1633500,
BATAINDIA_F1,07/28/2023,13:37:00,1686.0000,1686.0000,1686.0000,1686.0000,375,1633500,
BATAINDIA_F1,07/28/2023,13:39:00,1685.0000,1686.0000,1685.0000,1686.0000,1500,1634250,
BATAINDIA_F1,07/28/2023,13:40:00,1684.7500,1684.7500,1684.7500,1684.7500,375,1634250,
BATAINDIA_F1,07/28/2023,13:41:00,1686.5500,1686.5500,1686.5500,1686.5500,375,1634250,
BATAINDIA_F1,07/28/2023,13:42:00,1685.1000,1685.1000,1685.0500,1685.0500,750,1634250,
BATAINDIA_F1,07/28/2023,13:43:00,1686.6500,1686.6500,1686.6500,1686.6500,375,1634250,
BATAINDIA_F1,07/28/2023,13:46:00,1685.8000,1686.6500,1685.8000,1686.6500,750,1633875,
BATAINDIA_F1,07/28/2023,13:47:00,1686.5500,1686.5500,1686.5500,1686.5500,1125,1633500,
BATAINDIA_F1,07/28/2023,13:48:00,1685.9500,1685.9500,1685.9500,1685.9500,375,1633500,
BATAINDIA_F1,07/28/2023,13:49:00,1685.9500,1685.9500,1685.9500,1685.9500,375,1633500,
BATAINDIA_F1,07/28/2023,13:52:00,1687.0000,1688.7000,1687.0000,1688.7000,1500,1633500,
BATAINDIA_F1,07/28/2023,13:54:00,1687.4500,1687.4500,1687.4500,1687.4500,375,1633875,
BATAINDIA_F1,07/28/2023,13:59:00,1687.7000,1687.7000,1687.7000,1687.7000,375,1633875,
BATAINDIA_F1,07/28/2023,14:00:00,1687.4000,1688.2500,1687.4000,1688.2500,1875,1634250,
BATAINDIA_F1,07/28/2023,14:02:00,1688.8500,1688.8500,1688.8500,1688.8500,750,1636125,
BATAINDIA_F1,07/28/2023,14:03:00,1688.7000,1689.0000,1685.1500,1685.1500,6750,1636125,
BATAINDIA_F1,07/28/2023,14:05:00,1686.7500,1686.7500,1686.7500,1686.7500,375,1636125,
BATAINDIA_F1,07/28/2023,14:07:00,1689.0000,1689.0000,1688.8000,1688.8000,2250,1638750,
BATAINDIA_F1,07/28/2023,14:10:00,1689.2000,1690.4500,1689.2000,1690.4500,6375,1638375,
BATAINDIA_F1,07/28/2023,14:11:00,1690.4500,1690.4500,1690.4500,1690.4500,375,1638375,
BATAINDIA_F1,07/28/2023,14:12:00,1690.4500,1690.4500,1690.2500,1690.2500,750,1637625,
BATAINDIA_F1,07/28/2023,14:14:00,1690.7500,1690.9500,1690.7500,1690.9500,1125,1637250,
BATAINDIA_F1,07/28/2023,14:16:00,1690.9500,1690.9500,1690.9500,1690.9500,375,1637250,
BATAINDIA_F1,07/28/2023,14:18:00,1690.0000,1690.0000,1690.0000,1690.0000,1125,1637250,
BATAINDIA_F1,07/28/2023,14:24:00,1689.6500,1689.6500,1689.6500,1689.6500,750,1638375,
BATAINDIA_F1,07/28/2023,14:26:00,1690.1500,1690.9500,1690.1000,1690.1000,3375,1638375,
BATAINDIA_F1,07/28/2023,14:27:00,1691.0000,1691.4500,1691.0000,1691.4500,7125,1641000,
BATAINDIA_F1,07/28/2023,14:28:00,1691.4500,1691.4500,1689.2500,1689.9000,3375,1641000,
BATAINDIA_F1,07/28/2023,14:29:00,1689.8500,1689.8500,1688.1000,1688.1000,5625,1641000,
BATAINDIA_F1,07/28/2023,14:30:00,1688.2000,1688.2000,1688.2000,1688.2000,375,1642875,
BATAINDIA_F1,07/28/2023,14:31:00,1689.4500,1689.4500,1689.4500,1689.4500,750,1642875,
BATAINDIA_F1,07/28/2023,14:33:00,1688.8000,1688.8000,1686.3000,1686.3000,4875,1643250,
BATAINDIA_F1,07/28/2023,14:34:00,1686.3000,1686.3000,1686.3000,1686.3000,375,1643250,
BATAINDIA_F1,07/28/2023,14:35:00,1685.0500,1685.1000,1685.0500,1685.1000,1125,1643250,
BATAINDIA_F1,07/28/2023,14:36:00,1685.0000,1685.0000,1685.0000,1685.0000,375,1646625,
BATAINDIA_F1,07/28/2023,14:39:00,1685.5000,1686.6000,1685.5000,1686.6000,1500,1647000,
BATAINDIA_F1,07/28/2023,14:43:00,1685.4500,1685.4500,1685.0500,1685.0500,1125,1647750,
BATAINDIA_F1,07/28/2023,14:44:00,1686.7000,1686.7000,1686.7000,1686.7000,375,1647750,
BATAINDIA_F1,07/28/2023,14:46:00,1687.2000,1687.2000,1687.1000,1687.1000,750,1647750,
BATAINDIA_F1,07/28/2023,14:47:00,1687.0500,1687.0500,1686.5500,1686.5500,750,1647750,
BATAINDIA_F1,07/28/2023,14:48:00,1687.9500,1688.1500,1687.9500,1688.1500,2625,1648500,
BATAINDIA_F1,07/28/2023,14:49:00,1689.0000,1689.0000,1689.0000,1689.0000,375,1648500,
BATAINDIA_F1,07/28/2023,14:50:00,1688.5000,1688.5000,1688.5000,1688.5000,750,1648500,
BATAINDIA_F1,07/28/2023,14:51:00,1688.5500,1688.5500,1688.5500,1688.5500,375,1649625,
BATAINDIA_F1,07/28/2023,14:52:00,1688.4000,1688.4000,1687.6000,1687.6000,1500,1649625,
BATAINDIA_F1,07/28/2023,14:53:00,1688.5000,1688.5000,1688.5000,1688.5000,1125,1649625,
BATAINDIA_F1,07/28/2023,14:54:00,1689.9000,1689.9000,1689.1000,1689.1000,750,1650750,
BATAINDIA_F1,07/28/2023,14:55:00,1690.5500,1691.5000,1690.5500,1691.5000,3375,1650750,
BATAINDIA_F1,07/28/2023,14:56:00,1693.4000,1693.4000,1692.0000,1692.0000,3000,1650750,
BATAINDIA_F1,07/28/2023,14:57:00,1692.9500,1693.0000,1692.9500,1693.0000,750,1649625,
BATAINDIA_F1,07/28/2023,14:58:00,1692.1500,1692.1500,1690.2500,1690.2500,3000,1649625,
BATAINDIA_F1,07/28/2023,14:59:00,1687.2500,1690.0000,1687.2500,1690.0000,2625,1649625,
BATAINDIA_F1,07/28/2023,15:00:00,1691.9500,1693.0000,1691.9500,1693.0000,3375,1651125,
BATAINDIA_F1,07/28/2023,15:01:00,1693.6000,1693.6000,1693.6000,1693.6000,1500,1651125,
BATAINDIA_F1,07/28/2023,15:02:00,1693.0000,1693.0000,1693.0000,1693.0000,375,1651125,
BATAINDIA_F1,07/28/2023,15:03:00,1693.1000,1693.7000,1693.1000,1693.7000,2250,1652625,
BATAINDIA_F1,07/28/2023,15:06:00,1693.7000,1693.7000,1692.8500,1692.8500,750,1653750,
BATAINDIA_F1,07/28/2023,15:07:00,1691.9500,1693.0000,1691.9500,1693.0000,1500,1653750,
BATAINDIA_F1,07/28/2023,15:08:00,1693.0000,1693.0000,1693.0000,1693.0000,375,1653750,
BATAINDIA_F1,07/28/2023,15:09:00,1692.9000,1692.9000,1691.0000,1691.0000,3375,1653375,
BATAINDIA_F1,07/28/2023,15:11:00,1691.2500,1691.2500,1691.2500,1691.2500,375,1653375,
BATAINDIA_F1,07/28/2023,15:12:00,1690.3500,1690.5500,1690.3000,1690.3000,1125,1653000,
BATAINDIA_F1,07/28/2023,15:13:00,1691.0000,1691.0000,1691.0000,1691.0000,1125,1653000,
BATAINDIA_F1,07/28/2023,15:14:00,1690.2500,1690.2500,1689.6500,1689.7500,1875,1653000,
BATAINDIA_F1,07/28/2023,15:16:00,1691.2500,1691.8500,1691.2500,1691.8500,2625,1651500,
BATAINDIA_F1,07/28/2023,15:17:00,1691.7000,1691.7000,1691.7000,1691.7000,750,1651500,
BATAINDIA_F1,07/28/2023,15:18:00,1692.7500,1692.7500,1691.1500,1691.1500,3375,1653375,
BATAINDIA_F1,07/28/2023,15:19:00,1691.5000,1691.9000,1691.1500,1691.1500,1875,1653375,
BATAINDIA_F1,07/28/2023,15:20:00,1692.6500,1692.6500,1690.8500,1691.0000,1125,1653375,
BATAINDIA_F1,07/28/2023,15:21:00,1691.0000,1691.0000,1690.6000,1690.6000,1125,1653375,
BATAINDIA_F1,07/28/2023,15:22:00,1690.6000,1690.6000,1690.6000,1690.6000,375,1653375,
BATAINDIA_F1,07/28/2023,15:23:00,1690.0000,1690.4000,1690.0000,1690.4000,1125,1653375,
BATAINDIA_F1,07/28/2023,15:24:00,1689.1500,1689.1500,1689.1500,1689.1500,375,1653375,
BATAINDIA_F1,07/28/2023,15:25:00,1688.1000,1689.3000,1688.0000,1689.3000,1500,1653750,
BATAINDIA_F1,07/28/2023,15:26:00,1689.5500,1689.5500,1688.0500,1688.0500,1500,1653750,
BATAINDIA_F1,07/28/2023,15:27:00,1688.1500,1690.5500,1688.1500,1689.0000,3000,1653375,
BATAINDIA_F1,07/28/2023,15:28:00,1688.9000,1690.3000,1688.8500,1689.1000,2250,1653375,
BATAINDIA_F1,07/28/2023,15:29:00,1690.6500,1692.2000,1690.6500,1691.6000,3375,1653375,
BATAINDIA_F1,07/31/2023,09:15:00,1682.0500,1695.7500,1682.0500,1695.7500,2251,1654500,
BATAINDIA_F1,07/31/2023,09:16:00,1693.3500,1693.3500,1688.2000,1688.2000,1500,1654500,
BATAINDIA_F1,07/31/2023,09:17:00,1690.0000,1692.6000,1690.0000,1692.1500,4875,1656750,
BATAINDIA_F1,07/31/2023,09:18:00,1694.8000,1697.3000,1692.1500,1697.3000,4875,1656750,
BATAINDIA_F1,07/31/2023,09:19:00,1694.9500,1698.8500,1694.9500,1697.9000,3750,1656750,
BATAINDIA_F1,07/31/2023,09:20:00,1697.8000,1697.8000,1697.8000,1697.8000,375,1660500,
BATAINDIA_F1,07/31/2023,09:21:00,1696.5000,1697.8000,1696.0000,1697.7000,2250,1660500,
BATAINDIA_F1,07/31/2023,09:22:00,1696.6500,1696.6500,1695.0500,1695.0500,750,1660500,
BATAINDIA_F1,07/31/2023,09:23:00,1696.7500,1696.7500,1696.7500,1696.7500,375,1662000,
BATAINDIA_F1,07/31/2023,09:25:00,1698.4500,1701.8000,1698.4500,1701.8000,7500,1662000,
BATAINDIA_F1,07/31/2023,09:26:00,1701.8000,1702.7500,1700.4000,1702.7500,6375,1660500,
BATAINDIA_F1,07/31/2023,09:27:00,1701.0000,1702.4500,1700.0000,1700.0000,4125,1660500,
BATAINDIA_F1,07/31/2023,09:28:00,1701.8500,1701.8500,1701.8500,1701.8500,375,1660500,
BATAINDIA_F1,07/31/2023,09:29:00,1701.0000,1701.0000,1696.5000,1696.5000,7875,1662000,
BATAINDIA_F1,07/31/2023,09:30:00,1695.0000,1695.0000,1690.7000,1692.2500,6000,1662000,
BATAINDIA_F1,07/31/2023,09:31:00,1692.4500,1692.5000,1689.8000,1689.8000,2625,1662000,
BATAINDIA_F1,07/31/2023,09:32:00,1690.0500,1690.0500,1687.4000,1687.4000,2625,1657500,
BATAINDIA_F1,07/31/2023,09:33:00,1691.4000,1691.4500,1687.6000,1687.6000,3000,1657500,
BATAINDIA_F1,07/31/2023,09:34:00,1689.1000,1689.8500,1689.1000,1689.8500,750,1657500,
BATAINDIA_F1,07/31/2023,09:35:00,1688.9500,1688.9500,1687.2000,1688.9500,1125,1657125,
BATAINDIA_F1,07/31/2023,09:36:00,1688.1000,1688.1000,1688.1000,1688.1000,750,1657125,
BATAINDIA_F1,07/31/2023,09:37:00,1687.1500,1687.1500,1687.1500,1687.1500,375,1657125,
BATAINDIA_F1,07/31/2023,09:38:00,1689.2500,1689.8000,1689.2500,1689.8000,1125,1656750,
BATAINDIA_F1,07/31/2023,09:39:00,1691.7500,1691.7500,1691.7500,1691.7500,750,1656750,
BATAINDIA_F1,07/31/2023,09:40:00,1689.8000,1692.0000,1689.8000,1692.0000,6375,1656750,
BATAINDIA_F1,07/31/2023,09:41:00,1695.0000,1695.5000,1695.0000,1695.5000,8250,1659375,
BATAINDIA_F1,07/31/2023,09:42:00,1694.0000,1695.2500,1694.0000,1695.2500,1125,1659375,
BATAINDIA_F1,07/31/2023,09:45:00,1697.1000,1698.0000,1697.1000,1697.9500,5250,1664625,
BATAINDIA_F1,07/31/2023,09:46:00,1697.9500,1700.0000,1697.9500,1700.0000,1125,1664625,
BATAINDIA_F1,07/31/2023,09:47:00,1698.3500,1700.0000,1698.3500,1700.0000,3750,1660500,
BATAINDIA_F1,07/31/2023,09:48:00,1701.0000,1701.2500,1701.0000,1701.0000,1500,1660500,
BATAINDIA_F1,07/31/2023,09:49:00,1702.0000,1706.6500,1702.0000,1706.6500,3375,1660500,
BATAINDIA_F1,07/31/2023,09:50:00,1706.6500,1706.6500,1698.5000,1699.7500,9750,1662375,
BATAINDIA_F1,07/31/2023,09:52:00,1699.0000,1699.0000,1699.0000,1699.0000,375,1662375,
BATAINDIA_F1,07/31/2023,09:53:00,1698.0500,1698.2000,1698.0500,1698.2000,750,1659750,
BATAINDIA_F1,07/31/2023,09:54:00,1700.4500,1700.4500,1700.4500,1700.4500,750,1659750,
BATAINDIA_F1,07/31/2023,09:55:00,1701.4500,1701.6000,1701.4500,1701.6000,1125,1659750,
BATAINDIA_F1,07/31/2023,09:56:00,1701.0000,1702.7000,1701.0000,1702.7000,750,1660500,
BATAINDIA_F1,07/31/2023,09:57:00,1702.7000,1702.7000,1702.7000,1702.7000,375,1660500,
BATAINDIA_F1,07/31/2023,09:58:00,1702.8000,1702.8000,1702.8000,1702.8000,375,1660500,
BATAINDIA_F1,07/31/2023,09:59:00,1700.7500,1700.7500,1700.7500,1700.7500,1875,1658625,
BATAINDIA_F1,07/31/2023,10:00:00,1702.0500,1702.5500,1702.0500,1702.5500,2250,1658625,
BATAINDIA_F1,07/31/2023,10:01:00,1702.8500,1704.9000,1702.7000,1704.0000,3750,1658625,
BATAINDIA_F1,07/31/2023,10:02:00,1704.0000,1704.0000,1703.8000,1703.8000,2625,1657500,
BATAINDIA_F1,07/31/2023,10:03:00,1703.8000,1704.7500,1703.8000,1704.7500,750,1657500,
BATAINDIA_F1,07/31/2023,10:04:00,1704.7500,1704.7500,1704.7500,1704.7500,1125,1657500,
BATAINDIA_F1,07/31/2023,10:05:00,1704.5000,1705.0000,1704.5000,1705.0000,2625,1657500,
BATAINDIA_F1,07/31/2023,10:06:00,1705.1000,1705.1000,1705.1000,1705.1000,1875,1656000,
BATAINDIA_F1,07/31/2023,10:07:00,1703.8000,1703.8000,1703.8000,1703.8000,750,1656000,
BATAINDIA_F1,07/31/2023,10:08:00,1701.9500,1701.9500,1701.9500,1701.9500,750,1658250,
BATAINDIA_F1,07/31/2023,10:09:00,1702.0000,1704.0500,1702.0000,1704.0500,750,1658250,
BATAINDIA_F1,07/31/2023,10:10:00,1701.0500,1701.0500,1701.0500,1701.0500,1125,1658250,
BATAINDIA_F1,07/31/2023,10:11:00,1701.6000,1701.6000,1701.6000,1701.6000,375,1658250,
BATAINDIA_F1,07/31/2023,10:12:00,1703.1000,1705.7000,1702.9000,1705.7000,3000,1657875,
BATAINDIA_F1,07/31/2023,10:15:00,1704.3000,1704.3000,1704.3000,1704.3000,375,1657875,
BATAINDIA_F1,07/31/2023,10:16:00,1706.0000,1706.0000,1704.7000,1704.7000,1125,1656750,
BATAINDIA_F1,07/31/2023,10:17:00,1706.7000,1706.7000,1706.7000,1706.7000,750,1656750,
BATAINDIA_F1,07/31/2023,10:18:00,1706.6000,1706.7000,1706.6000,1706.7000,1875,1656750,
BATAINDIA_F1,07/31/2023,10:19:00,1706.9000,1707.7000,1706.9000,1707.7000,1500,1656750,
BATAINDIA_F1,07/31/2023,10:20:00,1707.7000,1707.7000,1707.5000,1707.5000,750,1656750,
BATAINDIA_F1,07/31/2023,10:21:00,1705.6500,1705.6500,1705.6500,1705.6500,375,1658625,
BATAINDIA_F1,07/31/2023,10:22:00,1706.6500,1706.6500,1706.6500,1706.6500,375,1658625,
BATAINDIA_F1,07/31/2023,10:23:00,1706.8500,1706.8500,1706.8500,1706.8500,375,1656750,
BATAINDIA_F1,07/31/2023,10:25:00,1705.8500,1705.8500,1705.6000,1705.6000,1500,1656750,
BATAINDIA_F1,07/31/2023,10:27:00,1703.8000,1703.8000,1702.4500,1702.4500,750,1655625,
BATAINDIA_F1,07/31/2023,10:29:00,1702.5500,1702.5500,1702.5500,1702.5500,375,1655625,
BATAINDIA_F1,07/31/2023,10:32:00,1704.9000,1706.8500,1704.9000,1706.0000,3750,1654875,
BATAINDIA_F1,07/31/2023,10:34:00,1704.2500,1704.2500,1704.2500,1704.2500,1125,1654875,
BATAINDIA_F1,07/31/2023,10:35:00,1705.0500,1706.4000,1705.0500,1706.4000,2250,1655250,
BATAINDIA_F1,07/31/2023,10:36:00,1706.3500,1706.3500,1706.3500,1706.3500,375,1655250,
BATAINDIA_F1,07/31/2023,10:37:00,1706.0000,1706.0000,1706.0000,1706.0000,375,1655250,
BATAINDIA_F1,07/31/2023,10:38:00,1706.3500,1706.3500,1706.3500,1706.3500,375,1653000,
BATAINDIA_F1,07/31/2023,10:40:00,1706.3500,1706.3500,1706.3500,1706.3500,375,1653000,
BATAINDIA_F1,07/31/2023,10:41:00,1707.2000,1707.2000,1707.2000,1707.2000,375,1653000,
BATAINDIA_F1,07/31/2023,10:42:00,1706.0000,1706.0000,1706.0000,1706.0000,375,1653000,
BATAINDIA_F1,07/31/2023,10:43:00,1706.1500,1706.1500,1706.1500,1706.1500,375,1653000,
BATAINDIA_F1,07/31/2023,10:44:00,1706.2000,1708.0000,1706.2000,1708.0000,1500,1653000,
BATAINDIA_F1,07/31/2023,10:45:00,1708.1500,1709.2500,1708.1500,1709.2500,3000,1652250,
BATAINDIA_F1,07/31/2023,10:46:00,1709.2500,1712.0000,1709.2500,1712.0000,10125,1652250,
BATAINDIA_F1,07/31/2023,10:47:00,1712.0000,1712.0000,1710.4500,1710.4500,1125,1652250,
BATAINDIA_F1,07/31/2023,10:48:00,1711.9500,1714.0000,1711.9500,1714.0000,6375,1649250,
BATAINDIA_F1,07/31/2023,10:49:00,1713.9000,1724.0000,1710.7000,1724.0000,33375,1649250,
BATAINDIA_F1,07/31/2023,10:50:00,1724.0000,1724.0000,1715.9500,1715.9500,3375,1659750,
BATAINDIA_F1,07/31/2023,10:51:00,1716.1500,1716.9000,1714.9500,1714.9500,5625,1659750,
BATAINDIA_F1,07/31/2023,10:52:00,1717.0000,1717.0000,1714.2500,1714.6000,2625,1659750,
BATAINDIA_F1,07/31/2023,10:53:00,1714.4500,1714.4500,1713.1000,1713.1500,1875,1658625,
BATAINDIA_F1,07/31/2023,10:54:00,1713.0000,1715.5500,1713.0000,1715.5500,1500,1658625,
BATAINDIA_F1,07/31/2023,10:55:00,1715.1000,1715.1000,1715.0000,1715.0000,750,1658625,
BATAINDIA_F1,07/31/2023,10:56:00,1713.8000,1714.0000,1713.8000,1714.0000,750,1654500,
BATAINDIA_F1,07/31/2023,10:57:00,1712.4500,1714.4500,1712.4500,1714.0000,2250,1654500,
BATAINDIA_F1,07/31/2023,10:58:00,1714.9500,1714.9500,1713.7000,1713.7000,1500,1654500,
BATAINDIA_F1,07/31/2023,10:59:00,1714.1000,1714.1000,1714.1000,1714.1000,375,1654500,
BATAINDIA_F1,07/31/2023,11:00:00,1715.0000,1717.1000,1715.0000,1717.1000,1875,1656375,
BATAINDIA_F1,07/31/2023,11:01:00,1717.8500,1717.8500,1717.8500,1717.8500,750,1656375,
BATAINDIA_F1,07/31/2023,11:02:00,1717.0000,1718.1000,1717.0000,1718.1000,1875,1659375,
BATAINDIA_F1,07/31/2023,11:03:00,1717.9500,1718.0000,1717.9500,1718.0000,1875,1659375,
BATAINDIA_F1,07/31/2023,11:04:00,1717.9000,1718.0000,1716.0500,1716.0500,1500,1659375,
BATAINDIA_F1,07/31/2023,11:05:00,1716.9000,1716.9000,1716.9000,1716.9000,1125,1659375,
BATAINDIA_F1,07/31/2023,11:06:00,1717.6000,1718.8500,1717.6000,1718.8500,1875,1662000,
BATAINDIA_F1,07/31/2023,11:07:00,1718.9500,1720.0000,1718.9500,1720.0000,1875,1662000,
BATAINDIA_F1,07/31/2023,11:08:00,1719.4000,1719.4000,1719.4000,1719.4000,375,1662375,
BATAINDIA_F1,07/31/2023,11:09:00,1719.4500,1719.4500,1719.4500,1719.4500,750,1662375,
BATAINDIA_F1,07/31/2023,11:10:00,1719.0000,1719.0000,1718.0000,1718.0000,1875,1662375,
BATAINDIA_F1,07/31/2023,11:11:00,1718.3500,1718.3500,1717.7500,1717.7500,750,1662375,
BATAINDIA_F1,07/31/2023,11:12:00,1718.5000,1720.0000,1718.5000,1720.0000,750,1662375,
BATAINDIA_F1,07/31/2023,11:13:00,1720.0000,1720.9000,1720.0000,1720.7000,3375,1662375,
BATAINDIA_F1,07/31/2023,11:14:00,1721.9000,1721.9000,1721.0000,1721.0000,750,1662375,
BATAINDIA_F1,07/31/2023,11:15:00,1721.2000,1722.0000,1721.2000,1722.0000,1125,1661250,
BATAINDIA_F1,07/31/2023,11:16:00,1721.0000,1723.9500,1721.0000,1723.9500,1500,1661250,
BATAINDIA_F1,07/31/2023,11:17:00,1722.3500,1722.9500,1722.0000,1722.9500,2250,1658625,
BATAINDIA_F1,07/31/2023,11:19:00,1720.6000,1721.0000,1720.6000,1721.0000,1125,1658625,
BATAINDIA_F1,07/31/2023,11:20:00,1721.7000,1721.7000,1721.7000,1721.7000,375,1658625,
BATAINDIA_F1,07/31/2023,11:21:00,1720.4500,1720.4500,1720.4500,1720.4500,375,1659750,
BATAINDIA_F1,07/31/2023,11:22:00,1720.0000,1721.6500,1720.0000,1721.6500,750,1659750,
BATAINDIA_F1,07/31/2023,11:23:00,1720.4000,1720.4000,1720.4000,1720.4000,750,1659750,
BATAINDIA_F1,07/31/2023,11:24:00,1719.3500,1719.3500,1719.3500,1719.3500,750,1659000,
BATAINDIA_F1,07/31/2023,11:25:00,1719.9000,1719.9000,1719.9000,1719.9000,375,1659000,
BATAINDIA_F1,07/31/2023,11:26:00,1719.6500,1719.6500,1719.3500,1719.3500,750,1659750,
BATAINDIA_F1,07/31/2023,11:27:00,1719.3500,1719.3500,1719.3500,1719.3500,750,1659750,
BATAINDIA_F1,07/31/2023,11:29:00,1718.9500,1719.9000,1718.9500,1719.0500,1125,1659750,
BATAINDIA_F1,07/31/2023,11:30:00,1719.0000,1719.0000,1719.0000,1719.0000,375,1661250,
BATAINDIA_F1,07/31/2023,11:31:00,1718.4500,1718.4500,1718.0000,1718.0000,1500,1661250,
BATAINDIA_F1,07/31/2023,11:32:00,1718.0000,1718.0000,1716.8000,1716.9000,1875,1661250,
BATAINDIA_F1,07/31/2023,11:33:00,1715.4000,1715.4000,1714.1000,1714.1000,2250,1661250,
BATAINDIA_F1,07/31/2023,11:34:00,1716.1000,1716.1000,1716.1000,1716.1000,375,1661250,
BATAINDIA_F1,07/31/2023,11:35:00,1716.1500,1717.2500,1716.1500,1717.2500,1875,1661250,
BATAINDIA_F1,07/31/2023,11:36:00,1715.4500,1715.4500,1714.7500,1714.7500,750,1662375,
BATAINDIA_F1,07/31/2023,11:37:00,1714.0000,1714.0000,1710.9500,1712.5000,6000,1662375,
BATAINDIA_F1,07/31/2023,11:38:00,1712.0500,1712.0500,1712.0500,1712.0500,375,1662375,
BATAINDIA_F1,07/31/2023,11:39:00,1713.1000,1713.1000,1712.0000,1712.6000,1125,1664250,
BATAINDIA_F1,07/31/2023,11:40:00,1713.0500,1714.0000,1712.1500,1712.1500,1500,1664250,
BATAINDIA_F1,07/31/2023,11:41:00,1711.1000,1714.0000,1711.1000,1714.0000,1125,1665750,
BATAINDIA_F1,07/31/2023,11:42:00,1712.6500,1715.1000,1712.6500,1715.1000,1500,1665750,
BATAINDIA_F1,07/31/2023,11:43:00,1715.0000,1715.0000,1715.0000,1715.0000,750,1665750,
BATAINDIA_F1,07/31/2023,11:44:00,1717.1000,1717.1000,1717.1000,1717.1000,750,1665750,
BATAINDIA_F1,07/31/2023,11:45:00,1717.9500,1717.9500,1717.9500,1717.9500,375,1665750,
BATAINDIA_F1,07/31/2023,11:46:00,1715.0000,1716.1500,1714.7000,1714.7000,1125,1665750,
BATAINDIA_F1,07/31/2023,11:47:00,1714.4000,1715.6500,1713.0000,1715.6500,1875,1664625,
BATAINDIA_F1,07/31/2023,11:48:00,1713.0000,1713.0000,1713.0000,1713.0000,750,1664625,
BATAINDIA_F1,07/31/2023,11:49:00,1712.2500,1716.0500,1712.2500,1715.2500,4125,1664625,
BATAINDIA_F1,07/31/2023,11:50:00,1715.1500,1715.6500,1713.2500,1714.6500,2625,1665375,
BATAINDIA_F1,07/31/2023,11:51:00,1715.0000,1716.9500,1715.0000,1716.9500,750,1665375,
BATAINDIA_F1,07/31/2023,11:52:00,1715.0000,1716.8500,1715.0000,1716.0000,1125,1665375,
BATAINDIA_F1,07/31/2023,11:54:00,1715.6000,1715.6000,1715.6000,1715.6000,375,1666125,
BATAINDIA_F1,07/31/2023,11:55:00,1714.3500,1716.2000,1714.1500,1714.1500,2625,1666125,
BATAINDIA_F1,07/31/2023,11:56:00,1716.6500,1716.6500,1716.6500,1716.6500,375,1666125,
BATAINDIA_F1,07/31/2023,11:57:00,1714.3000,1714.3000,1711.3000,1713.8500,4875,1668000,
BATAINDIA_F1,07/31/2023,11:58:00,1714.0000,1714.9000,1709.6000,1709.6000,3375,1668000,
BATAINDIA_F1,07/31/2023,11:59:00,1711.2500,1713.0000,1711.2500,1712.4000,1875,1668000,
BATAINDIA_F1,07/31/2023,12:00:00,1710.6000,1711.9500,1708.3500,1708.3500,1875,1669500,
BATAINDIA_F1,07/31/2023,12:01:00,1712.7000,1717.0000,1712.7000,1717.0000,1875,1669500,
BATAINDIA_F1,07/31/2023,12:02:00,1717.9500,1717.9500,1717.9500,1717.9500,375,1669875,
BATAINDIA_F1,07/31/2023,12:04:00,1719.0000,1719.0000,1717.6500,1717.6500,750,1669875,
BATAINDIA_F1,07/31/2023,12:05:00,1720.1500,1720.1500,1717.7500,1719.0000,1875,1669875,
BATAINDIA_F1,07/31/2023,12:06:00,1718.9000,1719.5000,1718.0500,1718.1500,1875,1669500,
BATAINDIA_F1,07/31/2023,12:07:00,1717.8500,1717.8500,1717.8500,1717.8500,750,1669500,
BATAINDIA_F1,07/31/2023,12:09:00,1716.7500,1717.8000,1716.7500,1717.8000,750,1669125,
BATAINDIA_F1,07/31/2023,12:10:00,1719.9500,1719.9500,1719.9500,1719.9500,375,1669125,
BATAINDIA_F1,07/31/2023,12:11:00,1719.9500,1719.9500,1717.0000,1717.0000,1125,1669125,
BATAINDIA_F1,07/31/2023,12:12:00,1714.6500,1714.6500,1714.6500,1714.6500,375,1668750,
BATAINDIA_F1,07/31/2023,12:14:00,1714.0000,1715.3000,1714.0000,1715.3000,1125,1668750,
BATAINDIA_F1,07/31/2023,12:16:00,1714.9000,1714.9000,1714.9000,1714.9000,375,1669500,
BATAINDIA_F1,07/31/2023,12:17:00,1713.7000,1713.7000,1713.7000,1713.7000,375,1669500,
BATAINDIA_F1,07/31/2023,12:22:00,1713.0000,1715.3000,1713.0000,1715.3000,1500,1669875,
BATAINDIA_F1,07/31/2023,12:23:00,1713.4500,1714.9000,1713.4500,1714.9000,750,1671000,
BATAINDIA_F1,07/31/2023,12:30:00,1713.5000,1715.0000,1713.5000,1715.0000,4125,1671000,
BATAINDIA_F1,07/31/2023,12:31:00,1713.8000,1714.9500,1713.8000,1714.9500,750,1671000,
BATAINDIA_F1,07/31/2023,12:32:00,1714.9000,1714.9500,1714.9000,1714.9500,750,1669500,
BATAINDIA_F1,07/31/2023,12:33:00,1714.1500,1715.0000,1714.1500,1715.0000,1875,1669500,
BATAINDIA_F1,07/31/2023,12:34:00,1714.0000,1714.0000,1714.0000,1714.0000,375,1669500,
BATAINDIA_F1,07/31/2023,12:35:00,1714.0000,1714.0000,1714.0000,1714.0000,750,1669500,
BATAINDIA_F1,07/31/2023,12:36:00,1714.0000,1714.0000,1714.0000,1714.0000,750,1670250,
BATAINDIA_F1,07/31/2023,12:37:00,1711.9000,1712.5000,1711.9000,1712.5000,1125,1670250,
BATAINDIA_F1,07/31/2023,12:39:00,1711.3500,1712.0000,1711.3500,1712.0000,1125,1669875,
BATAINDIA_F1,07/31/2023,12:40:00,1713.8500,1713.8500,1713.8500,1713.8500,375,1669875,
BATAINDIA_F1,07/31/2023,12:42:00,1712.0000,1713.8500,1712.0000,1713.8500,750,1669875,
BATAINDIA_F1,07/31/2023,12:43:00,1713.8500,1713.8500,1713.8500,1713.8500,750,1669875,
BATAINDIA_F1,07/31/2023,12:44:00,1713.8500,1713.8500,1713.8500,1713.8500,750,1669125,
BATAINDIA_F1,07/31/2023,12:45:00,1713.8500,1713.8500,1713.8500,1713.8500,375,1669125,
BATAINDIA_F1,07/31/2023,12:46:00,1714.0000,1715.6000,1714.0000,1715.6000,3375,1669125,
BATAINDIA_F1,07/31/2023,12:47:00,1716.3500,1716.3500,1716.3500,1716.3500,375,1668375,
BATAINDIA_F1,07/31/2023,12:49:00,1713.2000,1715.0000,1713.2000,1715.0000,3375,1668375,
BATAINDIA_F1,07/31/2023,12:50:00,1713.5000,1713.5000,1713.5000,1713.5000,375,1668375,
BATAINDIA_F1,07/31/2023,12:52:00,1713.0000,1715.0000,1713.0000,1715.0000,750,1669125,
BATAINDIA_F1,07/31/2023,12:53:00,1715.0000,1715.0000,1715.0000,1715.0000,375,1669125,
BATAINDIA_F1,07/31/2023,12:54:00,1716.0000,1716.0000,1716.0000,1716.0000,375,1668750,
BATAINDIA_F1,07/31/2023,12:56:00,1717.6000,1717.6000,1715.6000,1715.6000,750,1668750,
BATAINDIA_F1,07/31/2023,12:57:00,1717.2000,1718.2500,1717.2000,1718.2500,750,1669500,
BATAINDIA_F1,07/31/2023,12:58:00,1718.3500,1718.3500,1718.3500,1718.3500,375,1669500,
BATAINDIA_F1,07/31/2023,12:59:00,1718.3500,1718.3500,1718.3500,1718.3500,375,1669500,
BATAINDIA_F1,07/31/2023,13:00:00,1716.9000,1716.9000,1716.9000,1716.9000,375,1670625,
BATAINDIA_F1,07/31/2023,13:01:00,1715.2500,1715.9000,1715.0000,1715.0000,1500,1670625,
BATAINDIA_F1,07/31/2023,13:02:00,1716.0000,1716.0000,1716.0000,1716.0000,750,1670625,
BATAINDIA_F1,07/31/2023,13:04:00,1718.0000,1718.0000,1716.7500,1716.7500,750,1670250,
BATAINDIA_F1,07/31/2023,13:05:00,1718.0000,1718.0000,1716.9500,1716.9500,750,1670250,
BATAINDIA_F1,07/31/2023,13:06:00,1716.1500,1716.1500,1716.1500,1716.1500,375,1671000,
BATAINDIA_F1,07/31/2023,13:12:00,1713.9500,1713.9500,1713.9500,1713.9500,375,1671000,
BATAINDIA_F1,07/31/2023,13:19:00,1712.0000,1712.0000,1712.0000,1712.0000,375,1670625,
BATAINDIA_F1,07/31/2023,13:20:00,1714.9500,1714.9500,1712.4500,1712.4500,750,1670625,
BATAINDIA_F1,07/31/2023,13:21:00,1715.4000,1716.0000,1715.4000,1716.0000,1125,1670250,
BATAINDIA_F1,07/31/2023,13:25:00,1714.8500,1714.8500,1714.8500,1714.8500,375,1670625,
BATAINDIA_F1,07/31/2023,13:26:00,1716.0000,1717.9000,1716.0000,1717.9000,750,1670625,
BATAINDIA_F1,07/31/2023,13:27:00,1715.9000,1715.9000,1715.9000,1715.9000,375,1671375,
BATAINDIA_F1,07/31/2023,13:28:00,1716.9500,1716.9500,1716.9500,1716.9500,375,1671375,
BATAINDIA_F1,07/31/2023,13:30:00,1716.9500,1716.9500,1716.9500,1716.9500,375,1672125,
BATAINDIA_F1,07/31/2023,13:31:00,1716.9500,1717.5000,1716.9500,1717.5000,750,1672125,
BATAINDIA_F1,07/31/2023,13:32:00,1717.5000,1717.5000,1717.5000,1717.5000,750,1672125,
BATAINDIA_F1,07/31/2023,13:34:00,1717.6000,1717.6000,1717.6000,1717.6000,375,1672125,
BATAINDIA_F1,07/31/2023,13:35:00,1716.7000,1716.7000,1716.7000,1716.7000,375,1672125,
BATAINDIA_F1,07/31/2023,13:36:00,1716.0000,1717.7000,1716.0000,1717.7000,750,1672500,
BATAINDIA_F1,07/31/2023,13:38:00,1715.5000,1715.5000,1715.5000,1715.5000,1125,1672500,
BATAINDIA_F1,07/31/2023,13:39:00,1716.0000,1716.0000,1716.0000,1716.0000,375,1672500,
BATAINDIA_F1,07/31/2023,13:43:00,1716.0000,1716.6000,1716.0000,1716.6000,750,1672125,
BATAINDIA_F1,07/31/2023,13:44:00,1718.0000,1718.0000,1718.0000,1718.0000,375,1672125,
BATAINDIA_F1,07/31/2023,13:46:00,1717.0000,1717.0000,1717.0000,1717.0000,375,1672125,
BATAINDIA_F1,07/31/2023,13:47:00,1717.0000,1717.0000,1717.0000,1717.0000,375,1672500,
BATAINDIA_F1,07/31/2023,13:54:00,1717.0000,1717.0000,1716.0500,1716.9000,1500,1672500,
BATAINDIA_F1,07/31/2023,13:55:00,1716.0500,1716.0500,1716.0500,1716.0500,375,1672500,
BATAINDIA_F1,07/31/2023,13:56:00,1716.0000,1716.0000,1716.0000,1716.0000,375,1672500,
BATAINDIA_F1,07/31/2023,13:58:00,1715.8000,1716.8000,1715.8000,1716.8000,1875,1672875,
BATAINDIA_F1,07/31/2023,13:59:00,1716.8000,1716.8000,1716.8000,1716.8000,375,1672875,
BATAINDIA_F1,07/31/2023,14:00:00,1718.0500,1718.0500,1718.0500,1718.0500,1500,1674000,
BATAINDIA_F1,07/31/2023,14:01:00,1717.0000,1717.0000,1717.0000,1717.0000,375,1674000,
BATAINDIA_F1,07/31/2023,14:02:00,1717.0000,1717.8500,1717.0000,1717.8500,1125,1674000,
BATAINDIA_F1,07/31/2023,14:03:00,1716.0500,1716.9500,1716.0500,1716.9500,1500,1674750,
BATAINDIA_F1,07/31/2023,14:04:00,1717.6500,1717.9500,1717.6500,1717.9500,750,1674750,
BATAINDIA_F1,07/31/2023,14:05:00,1717.6500,1717.6500,1717.6500,1717.6500,1125,1674750,
BATAINDIA_F1,07/31/2023,14:06:00,1717.0000,1719.7500,1717.0000,1719.7500,3750,1675875,
BATAINDIA_F1,07/31/2023,14:09:00,1719.6500,1719.6500,1719.6500,1719.6500,1125,1677375,
BATAINDIA_F1,07/31/2023,14:10:00,1720.0000,1721.0000,1719.1500,1719.1500,1125,1677375,
BATAINDIA_F1,07/31/2023,14:12:00,1720.0000,1720.3000,1720.0000,1720.3000,2625,1677000,
BATAINDIA_F1,07/31/2023,14:13:00,1719.1500,1720.8500,1719.1500,1720.8500,1875,1677000,
BATAINDIA_F1,07/31/2023,14:14:00,1719.2500,1721.1500,1719.2500,1721.1500,750,1677000,
BATAINDIA_F1,07/31/2023,14:15:00,1719.6500,1719.6500,1719.6500,1719.6500,375,1677750,
BATAINDIA_F1,07/31/2023,14:17:00,1720.1000,1720.1000,1720.1000,1720.1000,375,1677750,
BATAINDIA_F1,07/31/2023,14:18:00,1720.0000,1720.0000,1720.0000,1720.0000,375,1678125,
BATAINDIA_F1,07/31/2023,14:20:00,1719.0000,1720.4500,1719.0000,1720.4500,1500,1678125,
BATAINDIA_F1,07/31/2023,14:22:00,1721.6000,1722.0500,1721.6000,1722.0500,3000,1678875,
BATAINDIA_F1,07/31/2023,14:23:00,1722.5000,1722.5000,1722.5000,1722.5000,375,1678875,
BATAINDIA_F1,07/31/2023,14:24:00,1721.8000,1721.8000,1721.8000,1721.8000,750,1680375,
BATAINDIA_F1,07/31/2023,14:25:00,1720.7000,1721.6000,1720.0000,1720.0000,2250,1680375,
BATAINDIA_F1,07/31/2023,14:26:00,1720.0000,1721.4000,1720.0000,1721.4000,750,1680375,
BATAINDIA_F1,07/31/2023,14:27:00,1720.5500,1720.5500,1720.5500,1720.5500,375,1680375,
BATAINDIA_F1,07/31/2023,14:28:00,1720.0000,1720.0000,1720.0000,1720.0000,375,1680000,
BATAINDIA_F1,07/31/2023,14:29:00,1720.0000,1721.0000,1720.0000,1721.0000,750,1680000,
BATAINDIA_F1,07/31/2023,14:31:00,1721.0000,1722.0000,1721.0000,1722.0000,750,1680375,
BATAINDIA_F1,07/31/2023,14:32:00,1721.8500,1724.7500,1721.8500,1724.7500,5625,1680375,
BATAINDIA_F1,07/31/2023,14:33:00,1724.9000,1726.2500,1724.9000,1726.2500,5250,1681875,
BATAINDIA_F1,07/31/2023,14:34:00,1724.1000,1724.5500,1724.0500,1724.0500,1125,1681875,
BATAINDIA_F1,07/31/2023,14:35:00,1723.8500,1723.8500,1723.8500,1723.8500,750,1681875,
BATAINDIA_F1,07/31/2023,14:39:00,1724.5000,1724.5000,1724.5000,1724.5000,1125,1683375,
BATAINDIA_F1,07/31/2023,14:40:00,1723.7000,1723.7000,1722.5000,1722.5000,1125,1683375,
BATAINDIA_F1,07/31/2023,14:43:00,1723.7500,1725.2500,1722.8000,1722.8000,2625,1684500,
BATAINDIA_F1,07/31/2023,14:44:00,1724.0000,1724.0000,1724.0000,1724.0000,375,1684500,
BATAINDIA_F1,07/31/2023,14:46:00,1724.0500,1724.5000,1724.0500,1724.5000,750,1684875,
BATAINDIA_F1,07/31/2023,14:47:00,1724.9500,1724.9500,1724.9500,1724.9500,375,1684875,
BATAINDIA_F1,07/31/2023,14:48:00,1724.0000,1724.0000,1724.0000,1724.0000,1125,1685250,
BATAINDIA_F1,07/31/2023,14:49:00,1723.5000,1723.5000,1723.5000,1723.5000,375,1685250,
BATAINDIA_F1,07/31/2023,14:50:00,1723.8000,1725.0000,1723.8000,1724.0500,1875,1685250,
BATAINDIA_F1,07/31/2023,14:51:00,1723.8000,1724.0500,1723.8000,1724.0500,1500,1685250,
BATAINDIA_F1,07/31/2023,14:52:00,1724.1000,1724.1000,1723.2500,1723.5000,2625,1685250,
BATAINDIA_F1,07/31/2023,14:53:00,1724.1000,1724.1000,1724.1000,1724.1000,750,1685250,
BATAINDIA_F1,07/31/2023,14:55:00,1724.2000,1724.2000,1724.2000,1724.2000,750,1686750,
BATAINDIA_F1,07/31/2023,14:57:00,1724.3000,1724.3000,1723.8000,1723.8000,2250,1686375,
BATAINDIA_F1,07/31/2023,14:58:00,1724.0000,1724.0000,1724.0000,1724.0000,375,1686375,
BATAINDIA_F1,07/31/2023,14:59:00,1722.5000,1723.1000,1722.5000,1723.1000,1125,1686375,
BATAINDIA_F1,07/31/2023,15:00:00,1722.9500,1724.3500,1721.0500,1721.0500,2250,1687500,
BATAINDIA_F1,07/31/2023,15:01:00,1721.0000,1722.2500,1721.0000,1722.0000,3000,1687500,
BATAINDIA_F1,07/31/2023,15:02:00,1721.9500,1722.9500,1721.9500,1722.9500,1500,1687500,
BATAINDIA_F1,07/31/2023,15:03:00,1721.2000,1721.9500,1721.0000,1721.0000,1875,1689750,
BATAINDIA_F1,07/31/2023,15:04:00,1721.0000,1721.0000,1719.0000,1719.5500,3000,1689750,
BATAINDIA_F1,07/31/2023,15:05:00,1720.5000,1722.4500,1720.4500,1722.4500,3375,1689750,
BATAINDIA_F1,07/31/2023,15:06:00,1722.5000,1723.6500,1721.5000,1722.3000,5250,1690125,
BATAINDIA_F1,07/31/2023,15:07:00,1721.8000,1724.0500,1721.8000,1724.0000,1125,1690125,
BATAINDIA_F1,07/31/2023,15:08:00,1722.6500,1722.6500,1721.6000,1721.7500,2250,1690125,
BATAINDIA_F1,07/31/2023,15:09:00,1723.7000,1723.7000,1723.7000,1723.7000,750,1688250,
BATAINDIA_F1,07/31/2023,15:10:00,1724.0500,1724.0500,1724.0500,1724.0500,375,1688250,
BATAINDIA_F1,07/31/2023,15:11:00,1722.8000,1723.4500,1722.8000,1723.4500,1875,1688250,
BATAINDIA_F1,07/31/2023,15:12:00,1721.6500,1722.0000,1721.1500,1721.6000,2625,1689000,
BATAINDIA_F1,07/31/2023,15:14:00,1719.0000,1721.0500,1719.0000,1721.0500,1875,1689000,
BATAINDIA_F1,07/31/2023,15:15:00,1718.8000,1720.7500,1718.8000,1720.7500,5625,1690500,
BATAINDIA_F1,07/31/2023,15:16:00,1720.6000,1720.6000,1716.8000,1716.8000,12375,1690500,
BATAINDIA_F1,07/31/2023,15:17:00,1718.2000,1720.9500,1718.2000,1719.6500,7875,1690500,
BATAINDIA_F1,07/31/2023,15:18:00,1720.0000,1720.8500,1720.0000,1720.8500,1500,1697250,
BATAINDIA_F1,07/31/2023,15:19:00,1720.9500,1720.9500,1720.9500,1720.9500,375,1697250,
BATAINDIA_F1,07/31/2023,15:20:00,1721.0000,1721.9500,1720.7000,1720.7000,3375,1697250,
BATAINDIA_F1,07/31/2023,15:22:00,1721.1000,1722.2000,1721.1000,1722.2000,1875,1695375,
BATAINDIA_F1,07/31/2023,15:23:00,1722.4000,1724.0000,1721.6000,1722.8000,8250,1695375,
BATAINDIA_F1,07/31/2023,15:24:00,1724.8500,1725.0000,1722.8500,1722.8500,3750,1694625,
BATAINDIA_F1,07/31/2023,15:25:00,1721.2500,1724.1000,1721.2500,1722.9500,10500,1694625,
BATAINDIA_F1,07/31/2023,15:26:00,1723.9500,1724.9500,1723.0000,1724.9500,3750,1694625,
BATAINDIA_F1,07/31/2023,15:27:00,1724.9500,1724.9500,1724.9500,1724.9500,1125,1702125,
BATAINDIA_F1,07/31/2023,15:28:00,1724.1500,1724.1500,1724.1500,1724.1500,750,1702125,
BATAINDIA_F1,07/31/2023,15:29:00,1725.0000,1725.9000,1722.5500,1725.9000,5625,1702125,
