<ticker>,<date>,<time>,<open>,<high>,<low>,<close>,<volume>,<OI> 
SAIL_F1,01-12-2023,09:15:00,93.4,93.65,93.3,93.65,416002,133568000
SAIL_F1,01-12-2023,09:16:00,93.75,94.3,93.75,94.3,1168000,133568000
SAIL_F1,01-12-2023,09:17:00,94.0,94.0,93.6,93.6,688000,133680000
SAIL_F1,01-12-2023,09:18:00,93.6,93.65,93.45,93.45,440000,133680000
SAIL_F1,01-12-2023,09:19:00,93.25,93.4,93.25,93.3,408000,133680000
SAIL_F1,01-12-2023,09:20:00,93.45,93.45,93.35,93.4,528000,133560000
SAIL_F1,01-12-2023,09:21:00,93.5,93.5,93.2,93.35,576000,133560000
SAIL_F1,01-12-2023,09:22:00,93.45,93.45,93.4,93.4,128000,133560000
SAIL_F1,01-12-2023,09:23:00,93.5,93.5,93.3,93.3,296000,133712000
SAIL_F1,01-12-2023,09:24:00,93.4,93.45,93.4,93.45,72000,133712000
SAIL_F1,01-12-2023,09:25:00,93.35,93.45,93.35,93.45,88000,133712000
SAIL_F1,01-12-2023,09:26:00,93.5,93.5,93.5,93.5,96000,133648000
SAIL_F1,01-12-2023,09:27:00,93.55,93.7,93.5,93.7,192000,133648000
SAIL_F1,01-12-2023,09:28:00,93.65,93.65,93.6,93.6,136000,133648000
SAIL_F1,01-12-2023,09:29:00,93.65,93.65,93.4,93.4,224000,133704000
SAIL_F1,01-12-2023,09:30:00,93.5,93.55,93.5,93.55,40000,133704000
SAIL_F1,01-12-2023,09:31:00,93.55,93.6,93.55,93.55,96000,133704000
SAIL_F1,01-12-2023,09:32:00,93.55,93.6,93.55,93.6,72000,133664000
SAIL_F1,01-12-2023,09:33:00,93.55,93.65,93.55,93.65,96000,133664000
SAIL_F1,01-12-2023,09:34:00,93.45,93.55,93.45,93.55,128000,133664000
SAIL_F1,01-12-2023,09:35:00,93.6,93.6,93.5,93.5,248000,133616000
SAIL_F1,01-12-2023,09:36:00,93.4,93.45,93.4,93.4,64000,133616000
SAIL_F1,01-12-2023,09:37:00,93.45,93.45,93.35,93.35,32000,133616000
SAIL_F1,01-12-2023,09:38:00,93.4,93.4,93.4,93.4,8000,133592000
SAIL_F1,01-12-2023,09:39:00,93.5,93.6,93.5,93.6,72000,133592000
SAIL_F1,01-12-2023,09:40:00,93.55,93.65,93.55,93.65,48000,133592000
SAIL_F1,01-12-2023,09:41:00,93.6,93.6,93.55,93.6,56000,133600000
SAIL_F1,01-12-2023,09:42:00,93.6,93.6,93.55,93.6,128000,133600000
SAIL_F1,01-12-2023,09:43:00,93.6,93.6,93.6,93.6,40000,133600000
SAIL_F1,01-12-2023,09:44:00,93.6,93.65,93.6,93.65,184000,133640000
SAIL_F1,01-12-2023,09:45:00,93.65,93.85,93.65,93.85,184000,133640000
SAIL_F1,01-12-2023,09:46:00,93.8,93.85,93.8,93.8,552000,133640000
SAIL_F1,01-12-2023,09:47:00,93.75,93.75,93.65,93.65,72000,133752000
SAIL_F1,01-12-2023,09:48:00,93.65,93.65,93.6,93.6,232000,133752000
SAIL_F1,01-12-2023,09:49:00,93.55,93.55,93.55,93.55,112000,133752000
SAIL_F1,01-12-2023,09:50:00,93.5,93.5,93.4,93.45,64000,133680000
SAIL_F1,01-12-2023,09:51:00,93.5,93.5,93.4,93.45,32000,133680000
SAIL_F1,01-12-2023,09:52:00,93.35,93.35,93.3,93.3,184000,133680000
SAIL_F1,01-12-2023,09:53:00,93.5,93.5,93.5,93.5,40000,133688000
SAIL_F1,01-12-2023,09:54:00,93.5,93.5,93.3,93.3,32000,133688000
SAIL_F1,01-12-2023,09:55:00,93.35,93.35,93.3,93.35,48000,133688000
SAIL_F1,01-12-2023,09:56:00,93.45,93.45,93.4,93.4,304000,133688000
SAIL_F1,01-12-2023,09:57:00,93.4,93.45,93.4,93.4,80000,133688000
SAIL_F1,01-12-2023,09:58:00,93.35,93.35,93.35,93.35,24000,133688000
SAIL_F1,01-12-2023,09:59:00,93.4,93.4,93.4,93.4,8000,133600000
SAIL_F1,01-12-2023,10:00:00,93.4,93.5,93.4,93.5,120000,133600000
SAIL_F1,01-12-2023,10:01:00,93.45,93.45,93.45,93.45,216000,133600000
SAIL_F1,01-12-2023,10:02:00,93.5,93.5,93.45,93.45,24000,133576000
SAIL_F1,01-12-2023,10:03:00,93.5,93.5,93.5,93.5,40000,133576000
SAIL_F1,01-12-2023,10:04:00,93.45,93.5,93.45,93.5,16000,133576000
SAIL_F1,01-12-2023,10:05:00,93.55,93.55,93.5,93.5,32000,133568000
SAIL_F1,01-12-2023,10:06:00,93.55,93.6,93.55,93.6,48000,133568000
SAIL_F1,01-12-2023,10:07:00,93.6,93.6,93.6,93.6,16000,133568000
SAIL_F1,01-12-2023,10:08:00,93.65,93.65,93.65,93.65,336000,133552000
SAIL_F1,01-12-2023,10:09:00,93.5,93.6,93.5,93.6,40000,133552000
SAIL_F1,01-12-2023,10:10:00,93.6,93.6,93.5,93.5,96000,133552000
SAIL_F1,01-12-2023,10:11:00,93.5,93.5,93.5,93.5,32000,133552000
SAIL_F1,01-12-2023,10:14:00,93.35,93.35,93.35,93.35,552000,133752000
SAIL_F1,01-12-2023,10:15:00,93.45,93.45,93.35,93.35,48000,133752000
SAIL_F1,01-12-2023,10:16:00,93.4,93.45,93.4,93.45,40000,133752000
SAIL_F1,01-12-2023,10:17:00,93.3,93.3,93.3,93.3,40000,133752000
SAIL_F1,01-12-2023,10:18:00,93.35,93.4,93.3,93.4,56000,133752000
SAIL_F1,01-12-2023,10:19:00,93.4,93.4,93.4,93.4,16000,133752000
SAIL_F1,01-12-2023,10:20:00,93.45,93.45,93.4,93.4,136000,133776000
SAIL_F1,01-12-2023,10:22:00,93.4,93.4,93.3,93.3,32000,133776000
SAIL_F1,01-12-2023,10:23:00,93.3,93.3,93.3,93.3,16000,133752000
SAIL_F1,01-12-2023,10:24:00,93.3,93.35,93.25,93.25,128000,133752000
SAIL_F1,01-12-2023,10:25:00,93.25,93.35,93.25,93.35,56000,133752000
SAIL_F1,01-12-2023,10:26:00,93.4,93.4,93.3,93.3,112000,133736000
SAIL_F1,01-12-2023,10:27:00,93.35,93.35,93.25,93.25,16000,133736000
SAIL_F1,01-12-2023,10:29:00,93.3,93.3,93.25,93.25,120000,133736000
SAIL_F1,01-12-2023,10:30:00,93.3,93.35,93.3,93.35,32000,133736000
SAIL_F1,01-12-2023,10:31:00,93.35,93.45,93.35,93.45,184000,133736000
SAIL_F1,01-12-2023,10:32:00,93.45,93.5,93.45,93.5,16000,133744000
SAIL_F1,01-12-2023,10:33:00,93.55,93.8,93.55,93.8,328000,133744000
SAIL_F1,01-12-2023,10:34:00,93.8,93.85,93.8,93.85,80000,133744000
SAIL_F1,01-12-2023,10:35:00,93.8,93.8,93.7,93.7,48000,133744000
SAIL_F1,01-12-2023,10:36:00,93.7,93.75,93.7,93.75,24000,133744000
SAIL_F1,01-12-2023,10:37:00,93.75,93.75,93.75,93.75,16000,133744000
SAIL_F1,01-12-2023,10:38:00,93.7,93.85,93.7,93.8,56000,133736000
SAIL_F1,01-12-2023,10:39:00,93.8,93.85,93.8,93.85,16000,133736000
SAIL_F1,01-12-2023,10:40:00,93.75,93.75,93.7,93.7,40000,133736000
SAIL_F1,01-12-2023,10:41:00,93.7,93.7,93.65,93.65,56000,133792000
SAIL_F1,01-12-2023,10:42:00,93.7,93.7,93.7,93.7,8000,133792000
SAIL_F1,01-12-2023,10:43:00,93.75,93.75,93.75,93.75,8000,133792000
SAIL_F1,01-12-2023,10:44:00,93.8,93.8,93.7,93.75,104000,133808000
SAIL_F1,01-12-2023,10:45:00,93.7,93.7,93.7,93.7,56000,133808000
SAIL_F1,01-12-2023,10:46:00,93.7,93.8,93.7,93.8,32000,133808000
SAIL_F1,01-12-2023,10:47:00,93.8,93.8,93.75,93.8,56000,133808000
SAIL_F1,01-12-2023,10:49:00,93.8,93.95,93.8,93.95,264000,133808000
SAIL_F1,01-12-2023,10:50:00,94.2,94.2,94.15,94.15,488000,133928000
SAIL_F1,01-12-2023,10:51:00,94.15,94.15,94.0,94.05,112000,133928000
SAIL_F1,01-12-2023,10:52:00,94.1,94.1,94.05,94.05,112000,133928000
SAIL_F1,01-12-2023,10:53:00,94.15,94.2,94.15,94.15,312000,133952000
SAIL_F1,01-12-2023,10:54:00,94.25,94.25,94.1,94.1,96000,133952000
SAIL_F1,01-12-2023,10:55:00,94.05,94.05,94.05,94.05,40000,133952000
SAIL_F1,01-12-2023,10:56:00,94.1,94.15,94.05,94.05,72000,134032000
SAIL_F1,01-12-2023,10:57:00,94.05,94.05,94.0,94.0,88000,134032000
SAIL_F1,01-12-2023,10:58:00,94.0,94.15,94.0,94.1,104000,134032000
SAIL_F1,01-12-2023,10:59:00,94.1,94.1,94.0,94.0,72000,134112000
SAIL_F1,01-12-2023,11:00:00,94.0,94.0,94.0,94.0,64000,134112000
SAIL_F1,01-12-2023,11:01:00,94.0,94.0,93.95,93.95,104000,134112000
SAIL_F1,01-12-2023,11:02:00,93.95,93.95,93.95,93.95,48000,134112000
SAIL_F1,01-12-2023,11:03:00,93.95,93.95,93.9,93.9,144000,134120000
SAIL_F1,01-12-2023,11:04:00,93.9,93.9,93.9,93.9,8000,134120000
SAIL_F1,01-12-2023,11:05:00,93.95,93.95,93.95,93.95,40000,134120000
SAIL_F1,01-12-2023,11:06:00,93.85,93.85,93.75,93.75,112000,134120000
SAIL_F1,01-12-2023,11:08:00,93.8,93.8,93.8,93.8,16000,134120000
SAIL_F1,01-12-2023,11:09:00,93.75,93.75,93.75,93.75,24000,134080000
SAIL_F1,01-12-2023,11:10:00,93.8,93.8,93.7,93.7,16000,134080000
SAIL_F1,01-12-2023,11:11:00,93.7,93.75,93.7,93.7,56000,134088000
SAIL_F1,01-12-2023,11:12:00,93.7,93.7,93.7,93.7,24000,134088000
SAIL_F1,01-12-2023,11:13:00,93.65,93.75,93.65,93.75,64000,134088000
SAIL_F1,01-12-2023,11:15:00,93.75,93.75,93.65,93.65,168000,134040000
SAIL_F1,01-12-2023,11:16:00,93.6,93.7,93.6,93.7,48000,134040000
SAIL_F1,01-12-2023,11:17:00,93.6,93.6,93.6,93.6,32000,134040000
SAIL_F1,01-12-2023,11:18:00,93.7,93.85,93.7,93.75,168000,133952000
SAIL_F1,01-12-2023,11:19:00,93.8,93.8,93.75,93.75,72000,133952000
SAIL_F1,01-12-2023,11:20:00,93.7,93.7,93.7,93.7,24000,134048000
SAIL_F1,01-12-2023,11:21:00,93.7,93.7,93.65,93.65,16000,134048000
SAIL_F1,01-12-2023,11:22:00,93.7,93.7,93.65,93.65,40000,134048000
SAIL_F1,01-12-2023,11:23:00,93.65,93.65,93.65,93.65,24000,133968000
SAIL_F1,01-12-2023,11:24:00,93.55,93.55,93.55,93.55,40000,133968000
SAIL_F1,01-12-2023,11:25:00,93.6,93.6,93.55,93.55,16000,133968000
SAIL_F1,01-12-2023,11:26:00,93.55,93.55,93.55,93.55,40000,133960000
SAIL_F1,01-12-2023,11:27:00,93.6,93.65,93.6,93.65,48000,133960000
SAIL_F1,01-12-2023,11:29:00,93.7,93.7,93.7,93.7,24000,134000000
SAIL_F1,01-12-2023,11:30:00,93.7,93.7,93.7,93.7,8000,134000000
SAIL_F1,01-12-2023,11:31:00,93.65,93.7,93.65,93.7,24000,134000000
SAIL_F1,01-12-2023,11:32:00,93.65,93.65,93.65,93.65,40000,134000000
SAIL_F1,01-12-2023,11:33:00,93.6,93.6,93.6,93.6,48000,134000000
SAIL_F1,01-12-2023,11:34:00,93.65,93.7,93.65,93.65,72000,134000000
SAIL_F1,01-12-2023,11:35:00,93.65,93.7,93.65,93.7,24000,134008000
SAIL_F1,01-12-2023,11:36:00,93.7,93.7,93.7,93.7,24000,134008000
SAIL_F1,01-12-2023,11:37:00,93.65,93.65,93.65,93.65,16000,134008000
SAIL_F1,01-12-2023,11:39:00,93.6,93.65,93.6,93.65,48000,133992000
SAIL_F1,01-12-2023,11:40:00,93.55,93.6,93.55,93.6,16000,133992000
SAIL_F1,01-12-2023,11:41:00,93.6,93.6,93.55,93.55,32000,133992000
SAIL_F1,01-12-2023,11:43:00,93.55,93.55,93.55,93.55,8000,134008000
SAIL_F1,01-12-2023,11:44:00,93.6,93.6,93.6,93.6,8000,134008000
SAIL_F1,01-12-2023,11:46:00,93.6,93.6,93.6,93.6,8000,134008000
SAIL_F1,01-12-2023,11:48:00,93.6,93.6,93.6,93.6,8000,134016000
SAIL_F1,01-12-2023,11:50:00,93.6,93.6,93.6,93.6,16000,134016000
SAIL_F1,01-12-2023,11:51:00,93.6,93.6,93.6,93.6,16000,134032000
SAIL_F1,01-12-2023,11:53:00,93.5,93.5,93.5,93.5,80000,134040000
SAIL_F1,01-12-2023,11:54:00,93.45,93.45,93.45,93.45,56000,134040000
SAIL_F1,01-12-2023,11:55:00,93.45,93.6,93.45,93.6,104000,134040000
SAIL_F1,01-12-2023,11:56:00,93.5,93.5,93.5,93.5,32000,134000000
SAIL_F1,01-12-2023,11:57:00,93.55,93.55,93.45,93.5,368000,134000000
SAIL_F1,01-12-2023,11:58:00,93.55,93.55,93.55,93.55,8000,134000000
SAIL_F1,01-12-2023,11:59:00,93.55,93.55,93.55,93.55,40000,134000000
SAIL_F1,01-12-2023,12:00:00,93.6,93.65,93.6,93.65,40000,133680000
SAIL_F1,01-12-2023,12:01:00,93.65,93.7,93.65,93.7,88000,133680000
SAIL_F1,01-12-2023,12:02:00,93.65,93.65,93.65,93.65,16000,133680000
SAIL_F1,01-12-2023,12:04:00,93.65,93.65,93.65,93.65,16000,133784000
SAIL_F1,01-12-2023,12:07:00,93.65,93.65,93.65,93.65,72000,133792000
SAIL_F1,01-12-2023,12:08:00,93.6,93.6,93.55,93.6,96000,133792000
SAIL_F1,01-12-2023,12:10:00,93.55,93.65,93.55,93.65,120000,133864000
SAIL_F1,01-12-2023,12:11:00,93.6,93.6,93.6,93.6,8000,133864000
SAIL_F1,01-12-2023,12:12:00,93.6,93.6,93.6,93.6,8000,133872000
SAIL_F1,01-12-2023,12:13:00,93.55,93.55,93.55,93.55,32000,133872000
SAIL_F1,01-12-2023,12:14:00,93.5,93.5,93.5,93.5,40000,133688000
SAIL_F1,01-12-2023,12:15:00,93.4,93.4,93.4,93.4,64000,133688000
SAIL_F1,01-12-2023,12:18:00,93.4,93.4,93.35,93.35,112000,133664000
SAIL_F1,01-12-2023,12:19:00,93.25,93.25,93.25,93.25,320000,133664000
SAIL_F1,01-12-2023,12:20:00,93.05,93.15,93.05,93.1,624000,133960000
SAIL_F1,01-12-2023,12:21:00,93.1,93.2,93.1,93.2,240000,133960000
SAIL_F1,01-12-2023,12:22:00,93.2,93.2,93.2,93.2,32000,133960000
SAIL_F1,01-12-2023,12:23:00,93.25,93.25,93.2,93.2,64000,133960000
SAIL_F1,01-12-2023,12:24:00,93.2,93.2,93.2,93.2,72000,133992000
SAIL_F1,01-12-2023,12:25:00,93.25,93.25,93.2,93.2,48000,133992000
SAIL_F1,01-12-2023,12:26:00,93.1,93.1,93.1,93.1,32000,133992000
SAIL_F1,01-12-2023,12:27:00,93.1,93.15,93.1,93.15,64000,134016000
SAIL_F1,01-12-2023,12:28:00,93.15,93.15,93.15,93.15,32000,134016000
SAIL_F1,01-12-2023,12:29:00,93.2,93.2,93.2,93.2,16000,134016000
SAIL_F1,01-12-2023,12:30:00,93.2,93.2,93.15,93.15,16000,133992000
SAIL_F1,01-12-2023,12:31:00,93.2,93.2,93.2,93.2,8000,133992000
SAIL_F1,01-12-2023,12:32:00,93.15,93.15,93.15,93.15,8000,133992000
SAIL_F1,01-12-2023,12:33:00,93.2,93.2,93.2,93.2,40000,133888000
SAIL_F1,01-12-2023,12:34:00,93.2,93.2,93.1,93.1,48000,133888000
SAIL_F1,01-12-2023,12:35:00,93.1,93.1,93.05,93.05,32000,133888000
SAIL_F1,01-12-2023,12:36:00,92.9,93.0,92.9,92.95,344000,133960000
SAIL_F1,01-12-2023,12:37:00,93.0,93.0,93.0,93.0,16000,133960000
SAIL_F1,01-12-2023,12:38:00,93.05,93.05,93.05,93.05,64000,133960000
SAIL_F1,01-12-2023,12:39:00,93.05,93.05,93.05,93.05,48000,134008000
SAIL_F1,01-12-2023,12:40:00,93.05,93.05,93.05,93.05,80000,134008000
SAIL_F1,01-12-2023,12:41:00,93.05,93.05,93.0,93.05,48000,134008000
SAIL_F1,01-12-2023,12:42:00,93.05,93.05,93.05,93.05,232000,134096000
SAIL_F1,01-12-2023,12:43:00,93.0,93.05,93.0,93.0,112000,134096000
SAIL_F1,01-12-2023,12:44:00,93.0,93.0,93.0,93.0,56000,134096000
SAIL_F1,01-12-2023,12:45:00,92.95,92.95,92.95,92.95,96000,134192000
SAIL_F1,01-12-2023,12:46:00,93.0,93.0,93.0,93.0,56000,134192000
SAIL_F1,01-12-2023,12:47:00,92.95,93.05,92.95,93.05,104000,134192000
SAIL_F1,01-12-2023,12:48:00,93.05,93.15,93.05,93.15,40000,134272000
SAIL_F1,01-12-2023,12:49:00,93.15,93.15,93.15,93.15,64000,134272000
SAIL_F1,01-12-2023,12:51:00,93.15,93.15,93.15,93.15,8000,134288000
SAIL_F1,01-12-2023,12:52:00,93.25,93.25,93.25,93.25,64000,134288000
SAIL_F1,01-12-2023,12:53:00,93.35,93.35,93.35,93.35,16000,134288000
SAIL_F1,01-12-2023,12:54:00,93.3,93.35,93.3,93.35,16000,134328000
SAIL_F1,01-12-2023,12:55:00,93.35,93.35,93.35,93.35,16000,134328000
SAIL_F1,01-12-2023,12:58:00,93.3,93.35,93.3,93.35,48000,134328000
SAIL_F1,01-12-2023,12:59:00,93.35,93.35,93.35,93.35,8000,134328000
SAIL_F1,01-12-2023,13:01:00,93.35,93.45,93.35,93.45,144000,134312000
SAIL_F1,01-12-2023,13:02:00,93.45,93.45,93.45,93.45,16000,134312000
SAIL_F1,01-12-2023,13:03:00,93.45,93.45,93.45,93.45,32000,134352000
SAIL_F1,01-12-2023,13:04:00,93.5,93.6,93.5,93.6,136000,134352000
SAIL_F1,01-12-2023,13:05:00,93.65,93.65,93.55,93.55,64000,134352000
SAIL_F1,01-12-2023,13:06:00,93.6,93.6,93.6,93.6,16000,134280000
SAIL_F1,01-12-2023,13:07:00,93.5,93.5,93.5,93.5,48000,134280000
SAIL_F1,01-12-2023,13:08:00,93.55,93.55,93.5,93.5,80000,134280000
SAIL_F1,01-12-2023,13:09:00,93.6,93.6,93.55,93.55,592000,134320000
SAIL_F1,01-12-2023,13:10:00,93.5,93.55,93.5,93.5,136000,134320000
SAIL_F1,01-12-2023,13:12:00,93.5,93.55,93.5,93.55,16000,134768000
SAIL_F1,01-12-2023,13:13:00,93.5,93.5,93.5,93.5,72000,134768000
SAIL_F1,01-12-2023,13:14:00,93.5,93.5,93.5,93.5,40000,134696000
SAIL_F1,01-12-2023,13:15:00,93.5,93.5,93.5,93.5,32000,134696000
SAIL_F1,01-12-2023,13:16:00,93.45,93.55,93.45,93.55,72000,134696000
SAIL_F1,01-12-2023,13:17:00,93.55,93.55,93.5,93.5,16000,134696000
SAIL_F1,01-12-2023,13:18:00,93.5,93.5,93.5,93.5,8000,134824000
SAIL_F1,01-12-2023,13:19:00,93.5,93.5,93.45,93.45,24000,134824000
SAIL_F1,01-12-2023,13:20:00,93.3,93.3,93.3,93.3,360000,134824000
SAIL_F1,01-12-2023,13:21:00,93.3,93.35,93.3,93.35,64000,135096000
SAIL_F1,01-12-2023,13:22:00,93.4,93.4,93.4,93.4,8000,135096000
SAIL_F1,01-12-2023,13:23:00,93.3,93.4,93.3,93.4,32000,135120000
SAIL_F1,01-12-2023,13:24:00,93.35,93.35,93.35,93.35,16000,135120000
SAIL_F1,01-12-2023,13:25:00,93.35,93.35,93.3,93.3,120000,135120000
SAIL_F1,01-12-2023,13:26:00,93.3,93.3,93.25,93.25,88000,135120000
SAIL_F1,01-12-2023,13:27:00,93.2,93.2,93.2,93.2,32000,135232000
SAIL_F1,01-12-2023,13:28:00,93.2,93.2,93.2,93.2,88000,135232000
SAIL_F1,01-12-2023,13:29:00,93.4,93.45,93.35,93.35,200000,135104000
SAIL_F1,01-12-2023,13:31:00,93.3,93.3,93.3,93.3,72000,135104000
SAIL_F1,01-12-2023,13:32:00,93.3,93.3,93.3,93.3,48000,135104000
SAIL_F1,01-12-2023,13:33:00,93.3,93.3,93.3,93.3,24000,135112000
SAIL_F1,01-12-2023,13:34:00,93.35,93.35,93.25,93.25,112000,135112000
SAIL_F1,01-12-2023,13:35:00,93.2,93.2,93.2,93.2,88000,135112000
SAIL_F1,01-12-2023,13:36:00,93.25,93.25,93.25,93.25,32000,135088000
SAIL_F1,01-12-2023,13:37:00,93.25,93.25,93.25,93.25,40000,135088000
SAIL_F1,01-12-2023,13:38:00,93.25,93.25,93.25,93.25,96000,135088000
SAIL_F1,01-12-2023,13:39:00,93.25,93.25,93.25,93.25,32000,135104000
SAIL_F1,01-12-2023,13:40:00,93.25,93.3,93.25,93.3,40000,135104000
SAIL_F1,01-12-2023,13:41:00,93.3,93.3,93.3,93.3,16000,135104000
SAIL_F1,01-12-2023,13:42:00,93.3,93.3,93.3,93.3,24000,135152000
SAIL_F1,01-12-2023,13:43:00,93.35,93.35,93.3,93.3,40000,135152000
SAIL_F1,01-12-2023,13:44:00,93.4,93.4,93.35,93.35,16000,135152000
SAIL_F1,01-12-2023,13:45:00,93.35,93.4,93.35,93.4,56000,135008000
SAIL_F1,01-12-2023,13:46:00,93.45,93.45,93.45,93.45,80000,135008000
SAIL_F1,01-12-2023,13:47:00,93.5,93.5,93.45,93.45,64000,135008000
SAIL_F1,01-12-2023,13:48:00,93.5,93.6,93.5,93.6,200000,135088000
SAIL_F1,01-12-2023,13:49:00,93.6,93.9,93.6,93.9,512000,135088000
SAIL_F1,01-12-2023,13:50:00,93.85,94.15,93.85,94.1,1784000,135496000
SAIL_F1,01-12-2023,13:51:00,94.1,94.25,94.05,94.15,584000,135496000
SAIL_F1,01-12-2023,13:52:00,94.2,94.25,94.2,94.25,568000,135496000
SAIL_F1,01-12-2023,13:53:00,94.2,94.5,94.1,94.5,744000,135496000
SAIL_F1,01-12-2023,13:54:00,94.35,94.4,94.3,94.4,768000,136216000
SAIL_F1,01-12-2023,13:55:00,94.3,94.45,94.3,94.45,352000,136216000
SAIL_F1,01-12-2023,13:56:00,94.5,94.75,94.5,94.75,1552000,136704000
SAIL_F1,01-12-2023,13:57:00,94.65,94.7,94.6,94.6,1104000,136704000
SAIL_F1,01-12-2023,13:58:00,94.65,94.8,94.6,94.65,472000,136704000
SAIL_F1,01-12-2023,13:59:00,94.75,94.75,94.6,94.6,368000,136704000
SAIL_F1,01-12-2023,14:00:00,94.65,94.9,94.65,94.75,1216000,137200000
SAIL_F1,01-12-2023,14:01:00,94.7,94.75,94.65,94.7,160000,137200000
SAIL_F1,01-12-2023,14:02:00,94.7,94.8,94.7,94.8,128000,137200000
SAIL_F1,01-12-2023,14:03:00,94.75,94.75,94.75,94.75,864000,137536000
SAIL_F1,01-12-2023,14:04:00,94.9,94.9,94.8,94.8,464000,137536000
SAIL_F1,01-12-2023,14:05:00,94.8,94.8,94.75,94.75,256000,137536000
SAIL_F1,01-12-2023,14:06:00,94.75,94.75,94.6,94.6,192000,137784000
SAIL_F1,01-12-2023,14:07:00,94.5,94.5,94.4,94.4,240000,137784000
SAIL_F1,01-12-2023,14:08:00,94.45,94.45,94.4,94.4,176000,137784000
SAIL_F1,01-12-2023,14:09:00,94.4,94.5,94.4,94.5,152000,137808000
SAIL_F1,01-12-2023,14:10:00,94.45,94.45,94.4,94.45,280000,137808000
SAIL_F1,01-12-2023,14:11:00,94.5,94.5,94.4,94.4,280000,137808000
SAIL_F1,01-12-2023,14:12:00,94.5,94.5,94.4,94.4,56000,137880000
SAIL_F1,01-12-2023,14:13:00,94.35,94.4,94.35,94.4,200000,137880000
SAIL_F1,01-12-2023,14:14:00,94.4,94.5,94.4,94.5,120000,137880000
SAIL_F1,01-12-2023,14:15:00,94.45,94.55,94.45,94.55,216000,137824000
SAIL_F1,01-12-2023,14:16:00,94.5,94.6,94.5,94.6,320000,137824000
SAIL_F1,01-12-2023,14:17:00,94.5,94.6,94.5,94.6,72000,137824000
SAIL_F1,01-12-2023,14:18:00,94.5,94.55,94.5,94.55,88000,138008000
SAIL_F1,01-12-2023,14:19:00,94.55,94.6,94.55,94.6,80000,138008000
SAIL_F1,01-12-2023,14:20:00,94.55,94.7,94.55,94.7,200000,138008000
SAIL_F1,01-12-2023,14:21:00,94.7,94.75,94.7,94.7,448000,138208000
SAIL_F1,01-12-2023,14:22:00,94.65,94.7,94.65,94.65,144000,138208000
SAIL_F1,01-12-2023,14:23:00,94.7,94.7,94.6,94.7,160000,138208000
SAIL_F1,01-12-2023,14:24:00,94.7,94.75,94.7,94.7,88000,138232000
SAIL_F1,01-12-2023,14:25:00,94.65,94.9,94.65,94.9,960000,138232000
SAIL_F1,01-12-2023,14:26:00,94.85,94.95,94.85,94.95,808000,138232000
SAIL_F1,01-12-2023,14:27:00,94.85,95.0,94.7,94.7,848000,138928000
SAIL_F1,01-12-2023,14:28:00,94.85,94.85,94.7,94.7,224000,138928000
SAIL_F1,01-12-2023,14:29:00,94.7,94.7,94.65,94.65,72000,138928000
SAIL_F1,01-12-2023,14:30:00,94.6,94.6,94.5,94.5,192000,138488000
SAIL_F1,01-12-2023,14:31:00,94.45,94.5,94.45,94.5,208000,138488000
SAIL_F1,01-12-2023,14:32:00,94.5,94.5,94.35,94.35,232000,138488000
SAIL_F1,01-12-2023,14:33:00,94.3,94.3,94.2,94.3,256000,138376000
SAIL_F1,01-12-2023,14:34:00,94.3,94.3,94.3,94.3,32000,138376000
SAIL_F1,01-12-2023,14:35:00,94.25,94.3,94.25,94.3,64000,138376000
SAIL_F1,01-12-2023,14:36:00,94.3,94.35,94.3,94.3,72000,138120000
SAIL_F1,01-12-2023,14:37:00,94.3,94.3,94.2,94.2,136000,138120000
SAIL_F1,01-12-2023,14:38:00,94.2,94.2,94.15,94.2,144000,138120000
SAIL_F1,01-12-2023,14:39:00,94.25,94.25,94.15,94.15,24000,138096000
SAIL_F1,01-12-2023,14:40:00,94.15,94.15,94.15,94.15,72000,138096000
SAIL_F1,01-12-2023,14:41:00,94.15,94.15,94.1,94.1,32000,138096000
SAIL_F1,01-12-2023,14:42:00,94.1,94.1,94.05,94.1,128000,138064000
SAIL_F1,01-12-2023,14:43:00,93.95,94.0,93.95,94.0,264000,138064000
SAIL_F1,01-12-2023,14:44:00,94.0,94.0,93.9,93.9,176000,138064000
SAIL_F1,01-12-2023,14:45:00,93.95,94.0,93.95,94.0,40000,138024000
SAIL_F1,01-12-2023,14:46:00,93.95,94.0,93.95,94.0,240000,138024000
SAIL_F1,01-12-2023,14:47:00,94.0,94.3,94.0,94.15,496000,138024000
SAIL_F1,01-12-2023,14:48:00,94.2,94.2,94.1,94.2,168000,138104000
SAIL_F1,01-12-2023,14:49:00,94.2,94.25,94.2,94.25,112000,138104000
SAIL_F1,01-12-2023,14:50:00,94.2,94.2,94.2,94.2,40000,138104000
SAIL_F1,01-12-2023,14:51:00,94.2,94.2,94.15,94.2,216000,138128000
SAIL_F1,01-12-2023,14:52:00,94.2,94.2,94.2,94.2,40000,138128000
SAIL_F1,01-12-2023,14:53:00,94.1,94.1,94.1,94.1,112000,138128000
SAIL_F1,01-12-2023,14:54:00,94.05,94.05,94.05,94.05,120000,138160000
SAIL_F1,01-12-2023,14:55:00,94.0,94.0,94.0,94.0,40000,138160000
SAIL_F1,01-12-2023,14:56:00,94.0,94.1,93.95,94.1,104000,138160000
SAIL_F1,01-12-2023,14:57:00,94.15,94.15,94.1,94.1,136000,138248000
SAIL_F1,01-12-2023,14:58:00,94.1,94.1,94.1,94.1,16000,138248000
SAIL_F1,01-12-2023,14:59:00,94.05,94.05,94.0,94.0,160000,138248000
SAIL_F1,01-12-2023,15:00:00,94.1,94.1,94.05,94.05,160000,138240000
SAIL_F1,01-12-2023,15:01:00,94.05,94.1,94.05,94.1,152000,138240000
SAIL_F1,01-12-2023,15:02:00,94.05,94.1,94.0,94.1,296000,138240000
SAIL_F1,01-12-2023,15:03:00,94.2,94.2,94.15,94.15,624000,138088000
SAIL_F1,01-12-2023,15:04:00,94.1,94.15,94.1,94.15,64000,138088000
SAIL_F1,01-12-2023,15:05:00,94.1,94.1,94.1,94.1,32000,138088000
SAIL_F1,01-12-2023,15:06:00,94.1,94.1,94.05,94.05,24000,138312000
SAIL_F1,01-12-2023,15:07:00,94.05,94.1,94.05,94.1,96000,138312000
SAIL_F1,01-12-2023,15:08:00,94.1,94.1,94.05,94.05,24000,138312000
SAIL_F1,01-12-2023,15:09:00,94.1,94.1,94.05,94.05,200000,138248000
SAIL_F1,01-12-2023,15:10:00,94.0,94.05,94.0,94.0,152000,138248000
SAIL_F1,01-12-2023,15:11:00,94.0,94.05,94.0,94.0,464000,138248000
SAIL_F1,01-12-2023,15:12:00,94.0,94.0,94.0,94.0,216000,138144000
SAIL_F1,01-12-2023,15:13:00,94.0,94.0,93.95,93.95,136000,138144000
SAIL_F1,01-12-2023,15:14:00,93.95,94.05,93.95,94.05,384000,138144000
SAIL_F1,01-12-2023,15:15:00,94.0,94.0,93.95,94.0,272000,137456000
SAIL_F1,01-12-2023,15:16:00,94.0,94.0,93.95,93.95,176000,137456000
SAIL_F1,01-12-2023,15:17:00,93.95,94.0,93.9,93.95,64000,137456000
SAIL_F1,01-12-2023,15:18:00,93.95,94.0,93.95,93.95,72000,137392000
SAIL_F1,01-12-2023,15:19:00,93.95,94.0,93.95,94.0,136000,137392000
SAIL_F1,01-12-2023,15:20:00,93.95,94.0,93.95,94.0,160000,137392000
SAIL_F1,01-12-2023,15:21:00,93.95,94.0,93.95,93.95,96000,137512000
SAIL_F1,01-12-2023,15:22:00,93.95,93.95,93.95,93.95,88000,137512000
SAIL_F1,01-12-2023,15:23:00,94.0,94.0,94.0,94.0,232000,137512000
SAIL_F1,01-12-2023,15:24:00,93.95,93.95,93.95,93.95,208000,137480000
SAIL_F1,01-12-2023,15:25:00,93.95,93.95,93.9,93.9,256000,137480000
SAIL_F1,01-12-2023,15:26:00,93.9,93.9,93.9,93.9,136000,137480000
SAIL_F1,01-12-2023,15:27:00,93.85,93.9,93.8,93.8,232000,137688000
SAIL_F1,01-12-2023,15:28:00,93.8,93.9,93.8,93.8,440000,137688000
SAIL_F1,01-12-2023,15:29:00,93.7,93.8,93.7,93.8,432000,137688000
SAIL_F1,04-12-2023,09:15:00,95.5,96.0,94.9,94.9,1176003,136168000
SAIL_F1,04-12-2023,09:16:00,95.1,95.1,94.7,94.7,576000,136168000
SAIL_F1,04-12-2023,09:17:00,95.0,95.0,94.95,95.0,488000,136288000
SAIL_F1,04-12-2023,09:18:00,95.05,95.05,94.9,94.9,408000,136288000
SAIL_F1,04-12-2023,09:19:00,94.85,94.9,94.8,94.8,320000,136288000
SAIL_F1,04-12-2023,09:20:00,94.6,94.8,94.6,94.8,432000,136280000
SAIL_F1,04-12-2023,09:21:00,94.8,94.8,94.75,94.75,224000,136280000
SAIL_F1,04-12-2023,09:22:00,94.8,94.85,94.7,94.85,456000,136280000
SAIL_F1,04-12-2023,09:23:00,94.7,94.7,94.6,94.7,400000,136400000
SAIL_F1,04-12-2023,09:24:00,94.75,94.75,94.75,94.75,192000,136400000
SAIL_F1,04-12-2023,09:25:00,94.75,94.75,94.65,94.65,216000,136400000
SAIL_F1,04-12-2023,09:26:00,94.65,94.65,94.55,94.65,304000,136368000
SAIL_F1,04-12-2023,09:27:00,94.7,94.7,94.55,94.55,40000,136368000
SAIL_F1,04-12-2023,09:28:00,94.7,94.95,94.7,94.9,512000,136368000
SAIL_F1,04-12-2023,09:29:00,94.85,94.9,94.85,94.9,80000,136448000
SAIL_F1,04-12-2023,09:30:00,94.6,94.6,94.5,94.5,240000,136448000
SAIL_F1,04-12-2023,09:31:00,94.65,94.7,94.65,94.7,256000,136448000
SAIL_F1,04-12-2023,09:32:00,94.55,94.55,94.55,94.55,136000,136496000
SAIL_F1,04-12-2023,09:33:00,94.65,94.65,94.65,94.65,112000,136496000
SAIL_F1,04-12-2023,09:34:00,94.6,94.9,94.6,94.9,368000,136496000
SAIL_F1,04-12-2023,09:35:00,94.75,94.9,94.75,94.85,184000,136552000
SAIL_F1,04-12-2023,09:36:00,94.9,95.0,94.9,95.0,360000,136552000
SAIL_F1,04-12-2023,09:37:00,94.95,95.05,94.95,95.05,216000,136552000
SAIL_F1,04-12-2023,09:38:00,94.95,94.95,94.75,94.75,472000,136672000
SAIL_F1,04-12-2023,09:39:00,94.8,95.0,94.8,95.0,264000,136672000
SAIL_F1,04-12-2023,09:40:00,95.0,95.05,94.9,95.0,216000,136672000
SAIL_F1,04-12-2023,09:41:00,95.0,95.05,95.0,95.05,24000,136736000
SAIL_F1,04-12-2023,09:42:00,95.0,95.0,95.0,95.0,64000,136736000
SAIL_F1,04-12-2023,09:43:00,95.0,95.0,94.85,94.85,248000,136736000
SAIL_F1,04-12-2023,09:44:00,95.0,95.0,94.9,94.9,80000,136672000
SAIL_F1,04-12-2023,09:45:00,94.75,94.85,94.75,94.85,104000,136672000
SAIL_F1,04-12-2023,09:46:00,95.0,95.0,94.95,95.0,816000,136672000
SAIL_F1,04-12-2023,09:47:00,95.0,95.25,95.0,95.25,304000,136904000
SAIL_F1,04-12-2023,09:48:00,95.25,95.5,95.25,95.45,768000,136904000
SAIL_F1,04-12-2023,09:49:00,95.5,95.5,95.35,95.35,504000,136904000
SAIL_F1,04-12-2023,09:50:00,95.4,95.4,95.25,95.25,400000,136808000
SAIL_F1,04-12-2023,09:51:00,95.15,95.2,95.15,95.2,104000,136808000
SAIL_F1,04-12-2023,09:52:00,95.15,95.2,95.15,95.2,56000,136808000
SAIL_F1,04-12-2023,09:53:00,95.1,95.15,95.1,95.15,152000,137056000
SAIL_F1,04-12-2023,09:54:00,95.3,95.3,95.2,95.2,192000,137056000
SAIL_F1,04-12-2023,09:55:00,95.15,95.25,95.15,95.2,80000,137056000
SAIL_F1,04-12-2023,09:56:00,95.25,95.35,95.2,95.35,328000,136896000
SAIL_F1,04-12-2023,09:57:00,95.25,95.25,95.25,95.25,160000,136896000
SAIL_F1,04-12-2023,09:58:00,95.35,95.35,95.25,95.3,248000,136896000
SAIL_F1,04-12-2023,09:59:00,95.25,95.35,95.25,95.3,128000,136976000
SAIL_F1,04-12-2023,10:00:00,95.25,95.3,95.25,95.3,128000,136976000
SAIL_F1,04-12-2023,10:01:00,95.4,95.55,95.4,95.55,328000,136976000
SAIL_F1,04-12-2023,10:02:00,95.45,95.5,95.45,95.5,120000,137064000
SAIL_F1,04-12-2023,10:03:00,95.45,95.45,95.4,95.4,176000,137064000
SAIL_F1,04-12-2023,10:04:00,95.35,95.35,95.35,95.35,48000,137064000
SAIL_F1,04-12-2023,10:05:00,95.35,95.35,95.3,95.35,120000,137096000
SAIL_F1,04-12-2023,10:06:00,95.3,95.5,95.3,95.5,264000,137096000
SAIL_F1,04-12-2023,10:07:00,95.5,95.5,95.4,95.45,96000,137096000
SAIL_F1,04-12-2023,10:08:00,95.4,95.45,95.4,95.45,40000,137248000
SAIL_F1,04-12-2023,10:09:00,95.45,95.55,95.45,95.55,104000,137248000
SAIL_F1,04-12-2023,10:10:00,95.5,95.5,95.5,95.5,112000,137248000
SAIL_F1,04-12-2023,10:11:00,95.55,95.55,95.45,95.55,224000,137320000
SAIL_F1,04-12-2023,10:12:00,95.45,95.45,95.35,95.45,480000,137320000
SAIL_F1,04-12-2023,10:13:00,95.55,95.55,95.45,95.45,168000,137320000
SAIL_F1,04-12-2023,10:14:00,95.5,95.5,95.45,95.45,40000,137328000
SAIL_F1,04-12-2023,10:15:00,95.5,95.55,95.45,95.45,144000,137328000
SAIL_F1,04-12-2023,10:16:00,95.55,95.75,95.55,95.75,608000,137328000
SAIL_F1,04-12-2023,10:17:00,95.8,95.8,95.75,95.8,528000,137312000
SAIL_F1,04-12-2023,10:18:00,95.8,95.8,95.7,95.7,48000,137312000
SAIL_F1,04-12-2023,10:19:00,95.65,95.65,95.6,95.6,168000,137312000
SAIL_F1,04-12-2023,10:20:00,95.6,95.6,95.6,95.6,8000,137312000
SAIL_F1,04-12-2023,10:21:00,95.45,95.45,95.45,95.45,160000,137392000
SAIL_F1,04-12-2023,10:22:00,95.4,95.55,95.4,95.55,216000,137392000
SAIL_F1,04-12-2023,10:23:00,95.55,95.6,95.55,95.6,72000,137608000
SAIL_F1,04-12-2023,10:24:00,95.4,95.45,95.4,95.45,128000,137608000
SAIL_F1,04-12-2023,10:25:00,95.4,95.4,95.3,95.3,64000,137608000
SAIL_F1,04-12-2023,10:26:00,95.3,95.35,95.3,95.35,48000,137608000
SAIL_F1,04-12-2023,10:27:00,95.35,95.55,95.35,95.55,184000,137632000
SAIL_F1,04-12-2023,10:28:00,95.45,95.45,95.45,95.45,8000,137632000
SAIL_F1,04-12-2023,10:29:00,95.5,95.6,95.5,95.6,520000,137720000
SAIL_F1,04-12-2023,10:30:00,95.5,95.5,95.35,95.35,104000,137720000
SAIL_F1,04-12-2023,10:31:00,95.4,95.4,95.4,95.4,8000,137720000
SAIL_F1,04-12-2023,10:32:00,95.35,95.4,95.35,95.35,288000,137800000
SAIL_F1,04-12-2023,10:33:00,95.4,95.4,95.4,95.4,208000,137800000
SAIL_F1,04-12-2023,10:34:00,95.4,95.45,95.4,95.45,24000,137800000
SAIL_F1,04-12-2023,10:35:00,95.4,95.4,95.35,95.35,48000,137912000
SAIL_F1,04-12-2023,10:36:00,95.35,95.4,95.35,95.4,48000,137912000
SAIL_F1,04-12-2023,10:37:00,95.4,95.4,95.4,95.4,32000,137912000
SAIL_F1,04-12-2023,10:38:00,95.35,95.55,95.35,95.55,240000,137936000
SAIL_F1,04-12-2023,10:39:00,95.55,95.55,95.55,95.55,16000,137936000
SAIL_F1,04-12-2023,10:40:00,95.55,95.6,95.55,95.6,32000,137936000
SAIL_F1,04-12-2023,10:41:00,95.55,95.55,95.45,95.45,104000,137840000
SAIL_F1,04-12-2023,10:42:00,95.45,95.5,95.45,95.5,64000,137840000
SAIL_F1,04-12-2023,10:43:00,95.45,95.45,95.4,95.4,392000,137840000
SAIL_F1,04-12-2023,10:44:00,95.35,95.35,95.35,95.35,8000,137760000
SAIL_F1,04-12-2023,10:45:00,95.4,95.4,95.4,95.4,8000,137760000
SAIL_F1,04-12-2023,10:46:00,95.4,95.45,95.4,95.4,32000,137760000
SAIL_F1,04-12-2023,10:48:00,95.45,95.45,95.45,95.45,64000,137768000
SAIL_F1,04-12-2023,10:49:00,95.4,95.4,95.3,95.3,136000,137768000
SAIL_F1,04-12-2023,10:50:00,95.4,95.4,95.4,95.4,56000,137824000
SAIL_F1,04-12-2023,10:51:00,95.35,95.4,95.35,95.4,152000,137824000
SAIL_F1,04-12-2023,10:52:00,95.4,95.4,95.35,95.35,56000,137824000
SAIL_F1,04-12-2023,10:53:00,95.3,95.3,95.2,95.2,128000,137968000
SAIL_F1,04-12-2023,10:54:00,95.3,95.3,95.25,95.25,64000,137968000
SAIL_F1,04-12-2023,10:55:00,95.2,95.2,95.2,95.2,40000,137968000
SAIL_F1,04-12-2023,10:56:00,95.25,95.3,95.2,95.3,224000,138136000
SAIL_F1,04-12-2023,10:57:00,95.35,95.35,95.3,95.3,24000,138136000
SAIL_F1,04-12-2023,10:58:00,95.3,95.3,95.3,95.3,16000,138136000
SAIL_F1,04-12-2023,10:59:00,95.4,95.4,95.4,95.4,88000,138136000
SAIL_F1,04-12-2023,11:00:00,95.45,95.45,95.45,95.45,16000,138072000
SAIL_F1,04-12-2023,11:01:00,95.5,95.65,95.5,95.65,240000,138072000
SAIL_F1,04-12-2023,11:02:00,95.65,95.65,95.65,95.65,8000,138072000
SAIL_F1,04-12-2023,11:03:00,95.55,95.65,95.55,95.65,192000,138128000
SAIL_F1,04-12-2023,11:04:00,95.75,95.75,95.75,95.75,256000,138128000
SAIL_F1,04-12-2023,11:05:00,95.75,95.8,95.75,95.75,120000,138432000
SAIL_F1,04-12-2023,11:06:00,95.8,95.85,95.75,95.75,88000,138432000
SAIL_F1,04-12-2023,11:07:00,95.8,95.95,95.8,95.95,496000,138432000
SAIL_F1,04-12-2023,11:08:00,95.95,96.35,95.95,96.35,1568000,138456000
SAIL_F1,04-12-2023,11:09:00,96.2,96.25,96.2,96.2,672000,138456000
SAIL_F1,04-12-2023,11:10:00,96.1,96.2,96.05,96.05,176000,138456000
SAIL_F1,04-12-2023,11:11:00,96.05,96.05,96.05,96.05,168000,138304000
SAIL_F1,04-12-2023,11:12:00,96.05,96.05,96.0,96.0,104000,138304000
SAIL_F1,04-12-2023,11:13:00,95.95,96.0,95.95,95.95,80000,138304000
SAIL_F1,04-12-2023,11:14:00,95.95,95.95,95.95,95.95,56000,138304000
SAIL_F1,04-12-2023,11:15:00,95.95,96.0,95.95,95.95,40000,138384000
SAIL_F1,04-12-2023,11:16:00,95.95,95.95,95.9,95.9,208000,138384000
SAIL_F1,04-12-2023,11:17:00,95.75,95.8,95.75,95.8,64000,138384000
SAIL_F1,04-12-2023,11:18:00,95.75,95.75,95.75,95.75,56000,138456000
SAIL_F1,04-12-2023,11:19:00,95.75,95.9,95.75,95.9,104000,138456000
SAIL_F1,04-12-2023,11:20:00,95.85,95.9,95.8,95.9,72000,138512000
SAIL_F1,04-12-2023,11:21:00,95.7,95.7,95.55,95.55,336000,138512000
SAIL_F1,04-12-2023,11:22:00,95.55,95.6,95.55,95.6,96000,138512000
SAIL_F1,04-12-2023,11:23:00,95.65,95.65,95.6,95.6,280000,138752000
SAIL_F1,04-12-2023,11:24:00,95.6,95.6,95.45,95.45,192000,138752000
SAIL_F1,04-12-2023,11:25:00,95.4,95.5,95.4,95.45,344000,138752000
SAIL_F1,04-12-2023,11:26:00,95.5,95.6,95.5,95.55,88000,138992000
SAIL_F1,04-12-2023,11:27:00,95.55,95.6,95.55,95.6,40000,138992000
SAIL_F1,04-12-2023,11:28:00,95.5,95.5,95.45,95.45,104000,138992000
SAIL_F1,04-12-2023,11:30:00,95.5,95.5,95.5,95.5,112000,139088000
SAIL_F1,04-12-2023,11:31:00,95.45,95.45,95.4,95.4,144000,139088000
SAIL_F1,04-12-2023,11:32:00,95.35,95.35,95.25,95.25,176000,139264000
SAIL_F1,04-12-2023,11:33:00,95.25,95.35,95.25,95.35,112000,139264000
SAIL_F1,04-12-2023,11:34:00,95.35,95.35,95.1,95.1,632000,139264000
SAIL_F1,04-12-2023,11:35:00,95.15,95.2,95.15,95.2,120000,139264000
SAIL_F1,04-12-2023,11:36:00,95.2,95.2,95.2,95.2,16000,139496000
SAIL_F1,04-12-2023,11:37:00,95.2,95.2,95.15,95.15,24000,139496000
SAIL_F1,04-12-2023,11:38:00,95.1,95.15,95.1,95.1,40000,139528000
SAIL_F1,04-12-2023,11:39:00,95.05,95.05,95.0,95.0,56000,139528000
SAIL_F1,04-12-2023,11:40:00,95.05,95.05,95.0,95.05,104000,139528000
SAIL_F1,04-12-2023,11:41:00,95.0,95.0,94.9,94.9,640000,139624000
SAIL_F1,04-12-2023,11:42:00,94.95,95.0,94.9,94.9,192000,139624000
SAIL_F1,04-12-2023,11:43:00,94.9,94.9,94.85,94.85,24000,139624000
SAIL_F1,04-12-2023,11:44:00,94.85,94.9,94.85,94.9,48000,139800000
SAIL_F1,04-12-2023,11:45:00,94.85,94.9,94.85,94.9,56000,139800000
SAIL_F1,04-12-2023,11:46:00,94.75,94.9,94.75,94.8,536000,139800000
SAIL_F1,04-12-2023,11:47:00,94.8,94.8,94.75,94.8,32000,140128000
SAIL_F1,04-12-2023,11:48:00,94.8,94.8,94.8,94.8,16000,140128000
SAIL_F1,04-12-2023,11:50:00,94.95,94.95,94.9,94.9,176000,140176000
SAIL_F1,04-12-2023,11:51:00,94.9,94.95,94.9,94.95,64000,140176000
SAIL_F1,04-12-2023,11:52:00,94.95,94.95,94.95,94.95,48000,140176000
SAIL_F1,04-12-2023,11:53:00,94.85,94.95,94.85,94.95,48000,140176000
SAIL_F1,04-12-2023,11:54:00,94.95,94.95,94.95,94.95,16000,140304000
SAIL_F1,04-12-2023,11:55:00,95.0,95.0,94.9,94.9,32000,140304000
SAIL_F1,04-12-2023,11:57:00,94.9,94.9,94.85,94.9,64000,140280000
SAIL_F1,04-12-2023,11:58:00,94.85,94.85,94.85,94.85,48000,140280000
SAIL_F1,04-12-2023,11:59:00,94.9,94.9,94.8,94.8,48000,140280000
SAIL_F1,04-12-2023,12:00:00,94.8,94.8,94.75,94.8,328000,140304000
SAIL_F1,04-12-2023,12:01:00,94.8,94.8,94.8,94.8,32000,140304000
SAIL_F1,04-12-2023,12:02:00,94.8,94.8,94.8,94.8,24000,140304000
SAIL_F1,04-12-2023,12:03:00,94.8,94.8,94.8,94.8,88000,140168000
SAIL_F1,04-12-2023,12:04:00,94.8,94.8,94.8,94.8,16000,140168000
SAIL_F1,04-12-2023,12:05:00,94.85,94.85,94.85,94.85,16000,140168000
SAIL_F1,04-12-2023,12:06:00,94.95,94.95,94.95,94.95,8000,140208000
SAIL_F1,04-12-2023,12:07:00,94.95,94.95,94.9,94.9,152000,140208000
SAIL_F1,04-12-2023,12:08:00,94.9,94.9,94.9,94.9,8000,140208000
SAIL_F1,04-12-2023,12:09:00,94.8,94.9,94.8,94.9,80000,140240000
SAIL_F1,04-12-2023,12:10:00,94.95,94.95,94.95,94.95,16000,140240000
SAIL_F1,04-12-2023,12:11:00,94.95,94.95,94.9,94.9,32000,140240000
SAIL_F1,04-12-2023,12:12:00,94.95,94.95,94.9,94.9,24000,140304000
SAIL_F1,04-12-2023,12:15:00,94.95,95.0,94.95,95.0,24000,140304000
SAIL_F1,04-12-2023,12:16:00,94.95,94.95,94.95,94.95,16000,140304000
SAIL_F1,04-12-2023,12:17:00,94.95,94.95,94.9,94.9,16000,140304000
SAIL_F1,04-12-2023,12:18:00,94.9,94.9,94.9,94.9,56000,140320000
SAIL_F1,04-12-2023,12:20:00,94.9,94.9,94.9,94.9,24000,140320000
SAIL_F1,04-12-2023,12:21:00,94.9,94.95,94.9,94.95,48000,140320000
SAIL_F1,04-12-2023,12:22:00,94.95,94.95,94.9,94.9,48000,140320000
SAIL_F1,04-12-2023,12:23:00,94.9,94.9,94.9,94.9,8000,140320000
SAIL_F1,04-12-2023,12:24:00,94.95,94.95,94.95,94.95,16000,140344000
SAIL_F1,04-12-2023,12:25:00,94.8,94.9,94.8,94.8,160000,140344000
SAIL_F1,04-12-2023,12:26:00,94.8,94.8,94.75,94.75,56000,140344000
SAIL_F1,04-12-2023,12:27:00,94.75,94.75,94.7,94.7,256000,140400000
SAIL_F1,04-12-2023,12:28:00,94.65,94.75,94.65,94.7,64000,140400000
SAIL_F1,04-12-2023,12:29:00,94.65,94.65,94.6,94.6,120000,140400000
SAIL_F1,04-12-2023,12:30:00,94.65,94.65,94.6,94.6,152000,140744000
SAIL_F1,04-12-2023,12:31:00,94.65,94.65,94.6,94.6,32000,140744000
SAIL_F1,04-12-2023,12:32:00,94.6,94.65,94.6,94.6,80000,140744000
SAIL_F1,04-12-2023,12:33:00,94.65,94.7,94.65,94.7,56000,140808000
SAIL_F1,04-12-2023,12:34:00,94.7,94.7,94.65,94.65,40000,140808000
SAIL_F1,04-12-2023,12:35:00,94.7,94.7,94.65,94.65,40000,140808000
SAIL_F1,04-12-2023,12:36:00,94.6,94.6,94.6,94.6,24000,140864000
SAIL_F1,04-12-2023,12:37:00,94.6,94.6,94.6,94.6,40000,140864000
SAIL_F1,04-12-2023,12:38:00,94.7,94.7,94.7,94.7,8000,140864000
SAIL_F1,04-12-2023,12:39:00,94.75,94.75,94.75,94.75,56000,140888000
SAIL_F1,04-12-2023,12:40:00,94.75,94.75,94.75,94.75,24000,140888000
SAIL_F1,04-12-2023,12:41:00,94.7,94.75,94.7,94.75,16000,140888000
SAIL_F1,04-12-2023,12:42:00,94.75,94.95,94.75,94.95,152000,140880000
SAIL_F1,04-12-2023,12:43:00,94.9,94.9,94.9,94.9,136000,140880000
SAIL_F1,04-12-2023,12:44:00,94.95,94.95,94.95,94.95,32000,140880000
SAIL_F1,04-12-2023,12:45:00,94.9,94.9,94.9,94.9,40000,140896000
SAIL_F1,04-12-2023,12:46:00,94.95,94.95,94.95,94.95,8000,140896000
SAIL_F1,04-12-2023,12:47:00,94.85,94.9,94.85,94.9,88000,140896000
SAIL_F1,04-12-2023,12:48:00,94.9,94.9,94.9,94.9,8000,140936000
SAIL_F1,04-12-2023,12:49:00,94.95,94.95,94.95,94.95,8000,140936000
SAIL_F1,04-12-2023,12:50:00,94.9,94.9,94.9,94.9,32000,140944000
SAIL_F1,04-12-2023,12:51:00,95.0,95.0,95.0,95.0,24000,140944000
SAIL_F1,04-12-2023,12:52:00,94.95,94.95,94.95,94.95,8000,140944000
SAIL_F1,04-12-2023,12:53:00,95.05,95.1,95.05,95.1,88000,140944000
SAIL_F1,04-12-2023,12:54:00,95.05,95.05,95.05,95.05,8000,141000000
SAIL_F1,04-12-2023,12:55:00,95.1,95.15,95.1,95.15,32000,141000000
SAIL_F1,04-12-2023,12:56:00,95.2,95.2,95.2,95.2,24000,141000000
SAIL_F1,04-12-2023,12:57:00,95.15,95.15,95.1,95.1,104000,141016000
SAIL_F1,04-12-2023,12:58:00,95.1,95.15,95.1,95.15,40000,141016000
SAIL_F1,04-12-2023,12:59:00,95.15,95.15,95.15,95.15,8000,141016000
SAIL_F1,04-12-2023,13:00:00,95.1,95.1,95.1,95.1,8000,141056000
SAIL_F1,04-12-2023,13:01:00,95.15,95.15,95.1,95.15,64000,141056000
SAIL_F1,04-12-2023,13:02:00,95.15,95.15,95.1,95.1,264000,141056000
SAIL_F1,04-12-2023,13:03:00,95.05,95.05,95.0,95.0,48000,141152000
SAIL_F1,04-12-2023,13:04:00,95.0,95.1,95.0,95.1,72000,141152000
SAIL_F1,04-12-2023,13:05:00,95.15,95.15,95.1,95.1,24000,141152000
SAIL_F1,04-12-2023,13:06:00,95.15,95.15,95.15,95.15,40000,141208000
SAIL_F1,04-12-2023,13:07:00,95.1,95.1,95.05,95.05,48000,141208000
SAIL_F1,04-12-2023,13:08:00,95.15,95.15,95.05,95.05,32000,141208000
SAIL_F1,04-12-2023,13:09:00,95.05,95.05,95.0,95.0,72000,141208000
SAIL_F1,04-12-2023,13:10:00,95.05,95.1,95.05,95.1,32000,141208000
SAIL_F1,04-12-2023,13:12:00,95.2,95.2,95.2,95.2,32000,141256000
SAIL_F1,04-12-2023,13:13:00,95.1,95.15,95.1,95.15,136000,141256000
SAIL_F1,04-12-2023,13:14:00,95.15,95.15,95.15,95.15,16000,141256000
SAIL_F1,04-12-2023,13:15:00,95.15,95.15,95.1,95.1,48000,141232000
SAIL_F1,04-12-2023,13:17:00,95.15,95.15,95.15,95.15,24000,141232000
SAIL_F1,04-12-2023,13:18:00,95.15,95.15,95.15,95.15,40000,141216000
SAIL_F1,04-12-2023,13:20:00,95.1,95.1,95.1,95.1,24000,141216000
SAIL_F1,04-12-2023,13:21:00,95.15,95.2,95.1,95.2,48000,141240000
SAIL_F1,04-12-2023,13:22:00,95.1,95.15,95.1,95.1,152000,141240000
SAIL_F1,04-12-2023,13:23:00,95.05,95.05,95.0,95.0,88000,141240000
SAIL_F1,04-12-2023,13:24:00,95.0,95.0,95.0,95.0,72000,141296000
SAIL_F1,04-12-2023,13:25:00,95.1,95.1,95.1,95.1,8000,141296000
SAIL_F1,04-12-2023,13:26:00,95.1,95.1,95.05,95.05,232000,141296000
SAIL_F1,04-12-2023,13:27:00,95.15,95.15,94.85,94.9,1048000,141464000
SAIL_F1,04-12-2023,13:28:00,94.9,94.95,94.85,94.95,72000,141464000
SAIL_F1,04-12-2023,13:29:00,95.0,95.0,95.0,95.0,288000,141464000
SAIL_F1,04-12-2023,13:30:00,95.0,95.0,95.0,95.0,48000,142336000
SAIL_F1,04-12-2023,13:31:00,95.0,95.05,95.0,95.05,32000,142336000
SAIL_F1,04-12-2023,13:32:00,95.05,95.1,95.05,95.1,16000,142336000
SAIL_F1,04-12-2023,13:33:00,95.1,95.1,94.95,94.95,272000,142336000
SAIL_F1,04-12-2023,13:34:00,95.1,95.2,95.1,95.2,160000,142336000
SAIL_F1,04-12-2023,13:35:00,95.05,95.1,95.0,95.0,208000,142336000
SAIL_F1,04-12-2023,13:36:00,94.75,94.9,94.75,94.9,768000,142664000
SAIL_F1,04-12-2023,13:37:00,94.85,94.85,94.7,94.8,696000,142664000
SAIL_F1,04-12-2023,13:38:00,94.8,94.85,94.7,94.85,64000,142664000
SAIL_F1,04-12-2023,13:39:00,94.8,94.8,94.8,94.8,40000,142592000
SAIL_F1,04-12-2023,13:40:00,94.8,94.8,94.8,94.8,48000,142592000
SAIL_F1,04-12-2023,13:41:00,94.75,94.75,94.65,94.65,408000,142592000
SAIL_F1,04-12-2023,13:42:00,94.7,94.75,94.7,94.75,72000,142832000
SAIL_F1,04-12-2023,13:43:00,94.7,94.8,94.7,94.8,56000,142832000
SAIL_F1,04-12-2023,13:44:00,94.85,94.85,94.7,94.7,72000,142832000
SAIL_F1,04-12-2023,13:45:00,94.55,94.55,94.55,94.55,536000,142816000
SAIL_F1,04-12-2023,13:46:00,94.55,94.55,94.55,94.55,88000,142816000
SAIL_F1,04-12-2023,13:47:00,94.55,94.55,94.35,94.4,480000,142816000
SAIL_F1,04-12-2023,13:48:00,94.4,94.5,94.4,94.5,272000,142832000
SAIL_F1,04-12-2023,13:49:00,94.45,94.45,94.45,94.45,192000,142832000
SAIL_F1,04-12-2023,13:50:00,94.5,94.65,94.5,94.65,72000,142832000
SAIL_F1,04-12-2023,13:51:00,94.6,94.6,94.6,94.6,40000,142856000
SAIL_F1,04-12-2023,13:52:00,94.65,94.7,94.65,94.65,248000,142856000
SAIL_F1,04-12-2023,13:53:00,94.7,94.7,94.7,94.7,24000,142856000
SAIL_F1,04-12-2023,13:54:00,94.6,94.6,94.55,94.55,144000,142904000
SAIL_F1,04-12-2023,13:55:00,94.55,94.6,94.55,94.6,16000,142904000
SAIL_F1,04-12-2023,13:56:00,94.65,94.65,94.65,94.65,40000,142904000
SAIL_F1,04-12-2023,13:57:00,94.6,94.6,94.6,94.6,48000,142840000
SAIL_F1,04-12-2023,13:58:00,94.55,94.6,94.55,94.6,32000,142840000
SAIL_F1,04-12-2023,13:59:00,94.55,94.6,94.55,94.6,48000,142840000
SAIL_F1,04-12-2023,14:00:00,94.6,94.6,94.55,94.55,368000,142816000
SAIL_F1,04-12-2023,14:01:00,94.55,94.65,94.55,94.65,80000,142816000
SAIL_F1,04-12-2023,14:02:00,94.6,94.65,94.6,94.65,32000,142816000
SAIL_F1,04-12-2023,14:03:00,94.6,94.6,94.6,94.6,32000,143024000
SAIL_F1,04-12-2023,14:04:00,94.65,94.65,94.65,94.65,40000,143024000
SAIL_F1,04-12-2023,14:05:00,94.55,94.65,94.55,94.65,72000,143024000
SAIL_F1,04-12-2023,14:06:00,94.55,94.6,94.55,94.6,128000,143064000
SAIL_F1,04-12-2023,14:07:00,94.55,94.6,94.55,94.6,24000,143064000
SAIL_F1,04-12-2023,14:08:00,94.65,94.65,94.65,94.65,32000,143064000
SAIL_F1,04-12-2023,14:09:00,94.7,94.75,94.7,94.75,48000,143120000
SAIL_F1,04-12-2023,14:10:00,94.7,94.7,94.7,94.7,32000,143120000
SAIL_F1,04-12-2023,14:11:00,94.7,94.7,94.65,94.65,136000,143120000
SAIL_F1,04-12-2023,14:12:00,94.75,94.75,94.75,94.75,64000,143192000
SAIL_F1,04-12-2023,14:13:00,94.7,94.75,94.7,94.75,24000,143192000
SAIL_F1,04-12-2023,14:14:00,94.55,94.55,94.5,94.5,680000,143192000
SAIL_F1,04-12-2023,14:15:00,94.45,94.5,94.45,94.45,72000,143128000
SAIL_F1,04-12-2023,14:16:00,94.5,94.5,94.5,94.5,40000,143128000
SAIL_F1,04-12-2023,14:17:00,94.55,94.6,94.55,94.6,16000,143128000
SAIL_F1,04-12-2023,14:18:00,94.55,94.55,94.55,94.55,48000,143120000
SAIL_F1,04-12-2023,14:19:00,94.5,94.55,94.5,94.55,80000,143120000
SAIL_F1,04-12-2023,14:20:00,94.55,94.65,94.55,94.65,64000,143120000
SAIL_F1,04-12-2023,14:21:00,94.6,94.6,94.55,94.55,48000,143120000
SAIL_F1,04-12-2023,14:22:00,94.6,94.6,94.55,94.6,40000,143120000
SAIL_F1,04-12-2023,14:24:00,94.65,94.65,94.65,94.65,8000,143120000
SAIL_F1,04-12-2023,14:25:00,94.7,94.7,94.7,94.7,16000,143120000
SAIL_F1,04-12-2023,14:26:00,94.7,94.7,94.7,94.7,32000,143120000
SAIL_F1,04-12-2023,14:27:00,94.65,94.8,94.65,94.8,40000,143112000
SAIL_F1,04-12-2023,14:28:00,94.85,94.85,94.75,94.8,136000,143112000
SAIL_F1,04-12-2023,14:29:00,94.8,94.85,94.8,94.85,40000,143112000
SAIL_F1,04-12-2023,14:30:00,94.85,94.9,94.85,94.85,40000,143104000
SAIL_F1,04-12-2023,14:31:00,94.75,94.75,94.75,94.75,48000,143104000
SAIL_F1,04-12-2023,14:32:00,94.7,94.7,94.65,94.65,56000,143104000
SAIL_F1,04-12-2023,14:33:00,94.75,94.75,94.65,94.65,72000,143112000
SAIL_F1,04-12-2023,14:34:00,94.7,94.7,94.7,94.7,24000,143112000
SAIL_F1,04-12-2023,14:35:00,94.7,94.7,94.65,94.65,48000,143112000
SAIL_F1,04-12-2023,14:36:00,94.5,94.5,94.45,94.5,456000,143064000
SAIL_F1,04-12-2023,14:37:00,94.45,94.45,94.45,94.45,40000,143064000
SAIL_F1,04-12-2023,14:38:00,94.45,94.45,94.45,94.45,80000,143064000
SAIL_F1,04-12-2023,14:39:00,94.45,94.45,94.45,94.45,32000,143056000
SAIL_F1,04-12-2023,14:40:00,94.5,94.5,94.45,94.45,48000,143056000
SAIL_F1,04-12-2023,14:41:00,94.5,94.5,94.4,94.4,336000,143056000
SAIL_F1,04-12-2023,14:42:00,94.45,94.45,94.35,94.35,40000,143208000
SAIL_F1,04-12-2023,14:43:00,94.25,94.35,94.25,94.35,232000,143208000
SAIL_F1,04-12-2023,14:45:00,94.45,94.45,94.4,94.4,64000,143192000
SAIL_F1,04-12-2023,14:46:00,94.45,94.45,94.45,94.45,16000,143192000
SAIL_F1,04-12-2023,14:47:00,94.35,94.4,94.3,94.4,144000,143192000
SAIL_F1,04-12-2023,14:48:00,94.4,94.4,94.4,94.4,24000,143200000
SAIL_F1,04-12-2023,14:49:00,94.4,94.45,94.4,94.45,80000,143200000
SAIL_F1,04-12-2023,14:50:00,94.45,94.45,94.4,94.4,64000,143200000
SAIL_F1,04-12-2023,14:51:00,94.4,94.4,94.35,94.35,128000,143232000
SAIL_F1,04-12-2023,14:53:00,94.4,94.4,94.3,94.3,104000,143232000
SAIL_F1,04-12-2023,14:54:00,94.3,94.35,94.3,94.35,40000,143240000
SAIL_F1,04-12-2023,14:55:00,94.4,94.4,94.35,94.4,56000,143240000
SAIL_F1,04-12-2023,14:56:00,94.4,94.4,94.3,94.3,24000,143240000
SAIL_F1,04-12-2023,14:57:00,94.3,94.3,94.3,94.3,32000,143232000
SAIL_F1,04-12-2023,14:58:00,94.3,94.35,94.3,94.35,16000,143232000
SAIL_F1,04-12-2023,14:59:00,94.3,94.4,94.3,94.4,80000,143232000
SAIL_F1,04-12-2023,15:00:00,94.45,94.5,94.45,94.5,136000,143160000
SAIL_F1,04-12-2023,15:01:00,94.55,94.6,94.55,94.6,152000,143160000
SAIL_F1,04-12-2023,15:02:00,94.6,94.6,94.5,94.5,144000,143160000
SAIL_F1,04-12-2023,15:03:00,94.4,94.45,94.4,94.45,120000,143272000
SAIL_F1,04-12-2023,15:04:00,94.35,94.35,94.35,94.35,144000,143272000
SAIL_F1,04-12-2023,15:05:00,94.35,94.35,94.3,94.3,40000,143272000
SAIL_F1,04-12-2023,15:06:00,94.45,94.45,94.4,94.4,48000,143232000
SAIL_F1,04-12-2023,15:07:00,94.45,94.45,94.4,94.45,152000,143232000
SAIL_F1,04-12-2023,15:08:00,94.45,94.45,94.45,94.45,56000,143232000
SAIL_F1,04-12-2023,15:09:00,94.45,94.45,94.45,94.45,128000,143256000
SAIL_F1,04-12-2023,15:10:00,94.4,94.5,94.4,94.5,72000,143256000
SAIL_F1,04-12-2023,15:11:00,94.45,94.45,94.35,94.35,152000,143256000
SAIL_F1,04-12-2023,15:12:00,94.5,94.5,94.4,94.4,80000,143296000
SAIL_F1,04-12-2023,15:14:00,94.45,94.45,94.4,94.4,24000,143296000
SAIL_F1,04-12-2023,15:15:00,94.45,94.45,94.45,94.45,48000,143264000
SAIL_F1,04-12-2023,15:16:00,94.45,94.45,94.45,94.45,8000,143264000
SAIL_F1,04-12-2023,15:17:00,94.45,94.45,94.4,94.45,32000,143264000
SAIL_F1,04-12-2023,15:18:00,94.45,94.45,94.4,94.4,56000,143280000
SAIL_F1,04-12-2023,15:19:00,94.45,94.45,94.4,94.4,136000,143280000
SAIL_F1,04-12-2023,15:20:00,94.35,94.45,94.35,94.4,208000,143280000
SAIL_F1,04-12-2023,15:21:00,94.4,94.5,94.4,94.5,216000,143224000
SAIL_F1,04-12-2023,15:22:00,94.55,94.55,94.5,94.5,96000,143224000
SAIL_F1,04-12-2023,15:23:00,94.5,94.55,94.45,94.55,112000,143224000
SAIL_F1,04-12-2023,15:24:00,94.5,94.5,94.5,94.5,104000,143192000
SAIL_F1,04-12-2023,15:25:00,94.5,94.6,94.5,94.6,168000,143192000
SAIL_F1,04-12-2023,15:26:00,94.55,94.6,94.55,94.6,264000,143192000
SAIL_F1,04-12-2023,15:27:00,94.5,94.6,94.5,94.6,32000,143224000
SAIL_F1,04-12-2023,15:28:00,94.55,94.55,94.45,94.55,128000,143224000
SAIL_F1,04-12-2023,15:29:00,94.5,94.65,94.5,94.65,280000,143224000
SAIL_F1,04-12-2023,15:30:00,94.65,94.65,94.65,94.65,8000,143224000
SAIL_F1,05-12-2023,09:15:00,94.55,94.7,94.2,94.2,416003,143040000
SAIL_F1,05-12-2023,09:16:00,93.9,93.95,93.85,93.85,632000,143040000
SAIL_F1,05-12-2023,09:17:00,94.1,94.15,94.1,94.1,248000,143616000
SAIL_F1,05-12-2023,09:18:00,94.3,94.3,94.1,94.1,224000,143616000
SAIL_F1,05-12-2023,09:19:00,94.2,94.2,94.1,94.1,344000,143616000
SAIL_F1,05-12-2023,09:20:00,94.1,94.1,94.0,94.0,176000,143880000
SAIL_F1,05-12-2023,09:21:00,94.0,94.0,94.0,94.0,256000,143880000
SAIL_F1,05-12-2023,09:22:00,94.05,94.15,94.05,94.15,136000,143880000
SAIL_F1,05-12-2023,09:23:00,94.25,94.3,94.05,94.05,176000,143792000
SAIL_F1,05-12-2023,09:24:00,94.05,94.05,94.05,94.05,40000,143792000
SAIL_F1,05-12-2023,09:25:00,94.0,94.0,93.95,93.95,296000,143792000
SAIL_F1,05-12-2023,09:26:00,93.95,93.95,93.95,93.95,264000,143792000
SAIL_F1,05-12-2023,09:27:00,94.0,94.05,93.9,94.05,136000,144016000
SAIL_F1,05-12-2023,09:28:00,94.15,94.3,94.15,94.3,184000,144016000
SAIL_F1,05-12-2023,09:29:00,94.35,94.4,94.35,94.35,128000,144120000
SAIL_F1,05-12-2023,09:30:00,94.35,94.35,94.35,94.35,144000,144120000
SAIL_F1,05-12-2023,09:31:00,94.25,94.25,94.25,94.25,16000,144120000
SAIL_F1,05-12-2023,09:32:00,94.3,94.3,94.3,94.3,144000,144184000
SAIL_F1,05-12-2023,09:33:00,94.35,94.4,94.3,94.3,168000,144184000
SAIL_F1,05-12-2023,09:34:00,94.25,94.35,94.25,94.35,248000,144184000
SAIL_F1,05-12-2023,09:35:00,94.35,94.4,94.35,94.4,32000,144360000
SAIL_F1,05-12-2023,09:36:00,94.35,94.65,94.35,94.65,448000,144360000
SAIL_F1,05-12-2023,09:37:00,94.8,94.8,94.6,94.6,784000,144360000
SAIL_F1,05-12-2023,09:38:00,94.65,94.65,94.55,94.55,176000,144816000
SAIL_F1,05-12-2023,09:39:00,94.55,94.9,94.55,94.9,704000,144816000
SAIL_F1,05-12-2023,09:40:00,94.9,94.9,94.9,94.9,232000,144816000
SAIL_F1,05-12-2023,09:41:00,94.9,95.05,94.85,94.85,856000,145272000
SAIL_F1,05-12-2023,09:42:00,94.85,94.95,94.85,94.95,360000,145272000
SAIL_F1,05-12-2023,09:43:00,94.85,94.95,94.85,94.95,392000,145272000
SAIL_F1,05-12-2023,09:44:00,94.95,94.95,94.95,94.95,96000,145688000
SAIL_F1,05-12-2023,09:45:00,95.1,95.1,95.0,95.05,192000,145688000
SAIL_F1,05-12-2023,09:46:00,95.0,95.0,94.9,95.0,264000,145688000
SAIL_F1,05-12-2023,09:47:00,94.9,95.05,94.9,95.0,320000,145440000
SAIL_F1,05-12-2023,09:48:00,95.05,95.05,95.0,95.0,128000,145440000
SAIL_F1,05-12-2023,09:49:00,95.0,95.0,94.9,94.9,64000,145440000
SAIL_F1,05-12-2023,09:50:00,94.95,95.0,94.95,95.0,144000,145624000
SAIL_F1,05-12-2023,09:51:00,95.1,95.1,95.05,95.05,80000,145624000
SAIL_F1,05-12-2023,09:52:00,95.0,95.1,95.0,95.1,80000,145624000
SAIL_F1,05-12-2023,09:53:00,95.05,95.05,95.05,95.05,40000,145624000
SAIL_F1,05-12-2023,09:54:00,95.05,95.2,95.05,95.2,424000,145600000
SAIL_F1,05-12-2023,09:55:00,95.2,95.2,95.0,95.05,136000,145600000
SAIL_F1,05-12-2023,09:56:00,95.05,95.05,95.05,95.05,48000,145600000
SAIL_F1,05-12-2023,09:57:00,95.05,95.05,95.05,95.05,64000,145704000
SAIL_F1,05-12-2023,09:58:00,94.95,95.1,94.95,95.1,56000,145704000
SAIL_F1,05-12-2023,09:59:00,95.1,95.1,94.95,95.05,144000,145640000
SAIL_F1,05-12-2023,10:00:00,95.1,95.1,95.05,95.05,48000,145640000
SAIL_F1,05-12-2023,10:01:00,95.1,95.15,95.1,95.15,88000,145640000
SAIL_F1,05-12-2023,10:02:00,95.05,95.05,95.0,95.0,120000,145696000
SAIL_F1,05-12-2023,10:03:00,94.95,95.0,94.95,95.0,72000,145696000
SAIL_F1,05-12-2023,10:04:00,95.0,95.0,95.0,95.0,40000,145696000
SAIL_F1,05-12-2023,10:05:00,95.0,95.0,95.0,95.0,8000,145696000
SAIL_F1,05-12-2023,10:06:00,95.0,95.0,94.95,94.95,112000,145768000
SAIL_F1,05-12-2023,10:07:00,95.05,95.05,95.0,95.0,72000,145768000
SAIL_F1,05-12-2023,10:08:00,95.05,95.15,95.0,95.15,256000,145848000
SAIL_F1,05-12-2023,10:09:00,95.2,95.4,95.2,95.35,264000,145848000
SAIL_F1,05-12-2023,10:10:00,95.3,95.4,95.3,95.4,248000,145848000
SAIL_F1,05-12-2023,10:11:00,95.25,95.35,95.25,95.35,248000,145848000
SAIL_F1,05-12-2023,10:12:00,95.45,95.6,95.45,95.6,480000,145672000
SAIL_F1,05-12-2023,10:13:00,95.6,95.6,95.5,95.5,432000,145672000
SAIL_F1,05-12-2023,10:14:00,95.45,95.45,95.45,95.45,56000,145816000
SAIL_F1,05-12-2023,10:15:00,95.5,95.55,95.5,95.55,80000,145816000
SAIL_F1,05-12-2023,10:16:00,95.6,95.6,95.45,95.45,104000,145816000
SAIL_F1,05-12-2023,10:17:00,95.55,95.55,95.5,95.5,144000,145816000
SAIL_F1,05-12-2023,10:18:00,95.45,95.45,95.45,95.45,96000,145784000
SAIL_F1,05-12-2023,10:19:00,95.45,95.45,95.45,95.45,64000,145784000
SAIL_F1,05-12-2023,10:20:00,95.55,95.55,95.55,95.55,48000,145784000
SAIL_F1,05-12-2023,10:21:00,95.5,95.5,95.45,95.45,72000,145840000
SAIL_F1,05-12-2023,10:22:00,95.5,95.5,95.4,95.4,128000,145840000
SAIL_F1,05-12-2023,10:23:00,95.55,95.55,95.55,95.55,160000,145888000
SAIL_F1,05-12-2023,10:24:00,95.6,95.6,95.45,95.45,200000,145888000
SAIL_F1,05-12-2023,10:25:00,95.4,95.4,95.4,95.4,8000,145888000
SAIL_F1,05-12-2023,10:26:00,95.4,95.4,95.4,95.4,48000,145904000
SAIL_F1,05-12-2023,10:27:00,95.45,95.45,95.35,95.35,88000,145904000
SAIL_F1,05-12-2023,10:28:00,95.3,95.35,95.3,95.35,16000,145904000
SAIL_F1,05-12-2023,10:29:00,95.3,95.35,95.3,95.35,56000,145728000
SAIL_F1,05-12-2023,10:30:00,95.35,95.4,95.35,95.4,24000,145728000
SAIL_F1,05-12-2023,10:31:00,95.35,95.35,95.25,95.25,216000,145728000
SAIL_F1,05-12-2023,10:32:00,95.25,95.25,95.25,95.25,80000,145800000
SAIL_F1,05-12-2023,10:33:00,95.3,95.3,95.2,95.2,64000,145800000
SAIL_F1,05-12-2023,10:34:00,95.3,95.3,95.2,95.2,88000,145800000
SAIL_F1,05-12-2023,10:35:00,95.2,95.2,95.2,95.2,8000,145800000
SAIL_F1,05-12-2023,10:36:00,95.2,95.2,95.15,95.15,296000,145720000
SAIL_F1,05-12-2023,10:37:00,95.2,95.25,95.2,95.25,72000,145720000
SAIL_F1,05-12-2023,10:38:00,95.15,95.15,95.15,95.15,200000,145632000
SAIL_F1,05-12-2023,10:39:00,95.15,95.15,95.1,95.1,16000,145632000
SAIL_F1,05-12-2023,10:40:00,95.2,95.2,95.2,95.2,48000,145632000
SAIL_F1,05-12-2023,10:42:00,95.2,95.2,95.2,95.2,72000,145656000
SAIL_F1,05-12-2023,10:43:00,95.25,95.25,95.15,95.15,72000,145656000
SAIL_F1,05-12-2023,10:44:00,95.25,95.25,95.25,95.25,96000,145656000
SAIL_F1,05-12-2023,10:45:00,95.3,95.3,95.25,95.3,56000,145600000
SAIL_F1,05-12-2023,10:46:00,95.3,95.35,95.3,95.35,64000,145600000
SAIL_F1,05-12-2023,10:48:00,95.35,95.4,95.35,95.4,120000,145576000
SAIL_F1,05-12-2023,10:49:00,95.55,95.55,95.55,95.55,528000,145576000
SAIL_F1,05-12-2023,10:51:00,95.5,95.65,95.5,95.65,272000,145584000
SAIL_F1,05-12-2023,10:52:00,95.95,96.1,95.95,96.1,2416000,145584000
SAIL_F1,05-12-2023,10:53:00,96.05,96.1,95.95,96.1,1192000,146448000
SAIL_F1,05-12-2023,10:54:00,96.05,96.05,95.9,95.9,584000,146448000
SAIL_F1,05-12-2023,10:55:00,95.95,96.15,95.95,96.15,512000,146448000
SAIL_F1,05-12-2023,10:56:00,96.15,96.3,96.15,96.3,864000,146464000
SAIL_F1,05-12-2023,10:57:00,96.2,96.2,96.15,96.2,240000,146464000
SAIL_F1,05-12-2023,10:58:00,96.2,96.3,96.2,96.25,376000,146464000
SAIL_F1,05-12-2023,10:59:00,96.2,96.25,96.05,96.25,536000,146624000
SAIL_F1,05-12-2023,11:00:00,96.4,96.7,96.4,96.7,1208000,146624000
SAIL_F1,05-12-2023,11:01:00,96.75,97.0,96.75,96.85,2416000,146624000
SAIL_F1,05-12-2023,11:02:00,96.8,96.95,96.65,96.95,1168000,147200000
SAIL_F1,05-12-2023,11:03:00,96.9,97.45,96.85,97.45,1864000,147200000
SAIL_F1,05-12-2023,11:04:00,97.1,97.1,96.8,96.8,680000,147200000
SAIL_F1,05-12-2023,11:05:00,96.8,96.9,96.7,96.85,816000,146736000
SAIL_F1,05-12-2023,11:06:00,96.9,96.9,96.7,96.75,192000,146736000
SAIL_F1,05-12-2023,11:07:00,96.8,96.8,96.65,96.7,176000,146736000
SAIL_F1,05-12-2023,11:08:00,96.8,96.85,96.8,96.85,128000,146752000
SAIL_F1,05-12-2023,11:09:00,96.8,96.8,96.7,96.7,144000,146752000
SAIL_F1,05-12-2023,11:10:00,96.7,96.7,96.55,96.55,240000,146752000
SAIL_F1,05-12-2023,11:11:00,96.6,96.6,96.45,96.45,216000,146792000
SAIL_F1,05-12-2023,11:12:00,96.35,96.5,96.35,96.5,432000,146792000
SAIL_F1,05-12-2023,11:13:00,96.45,96.5,96.4,96.5,64000,146792000
SAIL_F1,05-12-2023,11:14:00,96.55,96.55,96.5,96.55,128000,146792000
SAIL_F1,05-12-2023,11:15:00,96.5,96.55,96.5,96.5,48000,146672000
SAIL_F1,05-12-2023,11:16:00,96.45,96.45,96.4,96.4,232000,146672000
SAIL_F1,05-12-2023,11:17:00,96.5,96.5,96.25,96.25,184000,146552000
SAIL_F1,05-12-2023,11:18:00,96.3,96.45,96.3,96.4,248000,146552000
SAIL_F1,05-12-2023,11:19:00,96.3,96.3,96.1,96.1,200000,146552000
SAIL_F1,05-12-2023,11:20:00,96.0,96.0,96.0,96.0,200000,146552000
SAIL_F1,05-12-2023,11:21:00,96.0,96.1,95.95,96.1,272000,146648000
SAIL_F1,05-12-2023,11:22:00,96.15,96.15,96.15,96.15,104000,146648000
SAIL_F1,05-12-2023,11:23:00,96.1,96.1,96.05,96.1,64000,146648000
SAIL_F1,05-12-2023,11:24:00,96.1,96.25,96.1,96.25,96000,146536000
SAIL_F1,05-12-2023,11:25:00,96.25,96.25,96.25,96.25,56000,146536000
SAIL_F1,05-12-2023,11:26:00,96.35,96.35,96.35,96.35,64000,146536000
SAIL_F1,05-12-2023,11:27:00,96.4,96.4,96.35,96.35,128000,146512000
SAIL_F1,05-12-2023,11:28:00,96.25,96.25,96.15,96.15,160000,146512000
SAIL_F1,05-12-2023,11:29:00,96.05,96.1,96.05,96.05,96000,146512000
SAIL_F1,05-12-2023,11:30:00,96.1,96.1,96.0,96.0,136000,146632000
SAIL_F1,05-12-2023,11:31:00,96.0,96.0,95.8,95.8,208000,146632000
SAIL_F1,05-12-2023,11:32:00,95.8,95.8,95.8,95.8,144000,146632000
SAIL_F1,05-12-2023,11:33:00,95.75,95.75,95.65,95.7,88000,146744000
SAIL_F1,05-12-2023,11:34:00,95.5,95.6,95.5,95.5,456000,146744000
SAIL_F1,05-12-2023,11:35:00,95.5,95.5,95.45,95.45,192000,146744000
SAIL_F1,05-12-2023,11:36:00,95.5,95.5,95.5,95.5,144000,146696000
SAIL_F1,05-12-2023,11:37:00,95.45,95.5,95.4,95.5,144000,146696000
SAIL_F1,05-12-2023,11:38:00,95.4,95.4,95.3,95.3,224000,146736000
SAIL_F1,05-12-2023,11:39:00,95.3,95.4,95.3,95.4,176000,146736000
SAIL_F1,05-12-2023,11:40:00,95.4,95.55,95.4,95.45,280000,146736000
SAIL_F1,05-12-2023,11:41:00,95.45,95.45,95.35,95.35,264000,146704000
SAIL_F1,05-12-2023,11:42:00,95.35,95.4,95.35,95.4,88000,146704000
SAIL_F1,05-12-2023,11:43:00,95.4,95.4,95.3,95.3,184000,146704000
SAIL_F1,05-12-2023,11:44:00,95.4,95.45,95.3,95.3,312000,146832000
SAIL_F1,05-12-2023,11:45:00,95.3,95.3,95.3,95.3,8000,146832000
SAIL_F1,05-12-2023,11:46:00,95.25,95.25,95.1,95.1,256000,146832000
SAIL_F1,05-12-2023,11:47:00,95.2,95.2,95.1,95.1,768000,147448000
SAIL_F1,05-12-2023,11:48:00,94.95,95.05,94.95,95.05,248000,147448000
SAIL_F1,05-12-2023,11:49:00,94.95,95.2,94.95,95.2,544000,147448000
SAIL_F1,05-12-2023,11:50:00,95.15,95.15,95.1,95.1,128000,147448000
SAIL_F1,05-12-2023,11:51:00,95.05,95.1,95.0,95.1,96000,147320000
SAIL_F1,05-12-2023,11:52:00,95.1,95.1,95.0,95.0,56000,147320000
SAIL_F1,05-12-2023,11:53:00,95.0,95.05,95.0,95.05,96000,147320000
SAIL_F1,05-12-2023,11:54:00,95.0,95.05,95.0,95.0,72000,147264000
SAIL_F1,05-12-2023,11:55:00,94.95,95.2,94.95,95.2,176000,147264000
SAIL_F1,05-12-2023,11:56:00,95.2,95.2,95.2,95.2,96000,147264000
SAIL_F1,05-12-2023,11:57:00,95.25,95.25,95.15,95.15,112000,147216000
SAIL_F1,05-12-2023,11:58:00,95.15,95.25,95.15,95.25,40000,147216000
SAIL_F1,05-12-2023,11:59:00,95.25,95.25,95.25,95.25,32000,147216000
SAIL_F1,05-12-2023,12:00:00,95.3,95.3,95.3,95.3,160000,147184000
SAIL_F1,05-12-2023,12:01:00,95.3,95.4,95.3,95.4,224000,147184000
SAIL_F1,05-12-2023,12:02:00,95.45,95.5,95.45,95.5,136000,147184000
SAIL_F1,05-12-2023,12:03:00,95.55,95.6,95.5,95.6,880000,147352000
SAIL_F1,05-12-2023,12:04:00,95.65,95.65,95.6,95.6,1072000,147352000
SAIL_F1,05-12-2023,12:05:00,95.5,95.6,95.5,95.5,816000,147352000
SAIL_F1,05-12-2023,12:06:00,95.3,95.55,95.3,95.55,160000,149256000
SAIL_F1,05-12-2023,12:07:00,95.5,95.55,95.5,95.55,48000,149256000
SAIL_F1,05-12-2023,12:08:00,95.55,95.55,95.4,95.4,56000,149256000
SAIL_F1,05-12-2023,12:10:00,95.35,95.35,95.35,95.35,24000,149168000
SAIL_F1,05-12-2023,12:11:00,95.35,95.35,95.3,95.3,16000,149168000
SAIL_F1,05-12-2023,12:12:00,95.35,95.35,95.35,95.35,24000,149072000
SAIL_F1,05-12-2023,12:13:00,95.35,95.4,95.35,95.35,80000,149072000
SAIL_F1,05-12-2023,12:14:00,95.35,95.35,95.3,95.3,352000,149072000
SAIL_F1,05-12-2023,12:15:00,95.25,95.25,95.2,95.2,128000,149144000
SAIL_F1,05-12-2023,12:16:00,95.25,95.25,95.2,95.2,160000,149144000
SAIL_F1,05-12-2023,12:17:00,95.25,95.3,95.25,95.3,40000,149144000
SAIL_F1,05-12-2023,12:18:00,95.25,95.25,95.25,95.25,32000,149224000
SAIL_F1,05-12-2023,12:19:00,95.25,95.25,95.25,95.25,32000,149224000
SAIL_F1,05-12-2023,12:20:00,95.2,95.3,95.2,95.3,32000,149224000
SAIL_F1,05-12-2023,12:22:00,95.25,95.25,95.25,95.25,24000,149272000
SAIL_F1,05-12-2023,12:23:00,95.2,95.2,95.2,95.2,16000,149272000
SAIL_F1,05-12-2023,12:24:00,95.25,95.25,95.25,95.25,8000,149296000
SAIL_F1,05-12-2023,12:25:00,95.25,95.25,95.25,95.25,24000,149296000
SAIL_F1,05-12-2023,12:26:00,95.25,95.25,95.25,95.25,8000,149296000
SAIL_F1,05-12-2023,12:27:00,95.25,95.25,95.2,95.25,24000,149328000
SAIL_F1,05-12-2023,12:28:00,95.3,95.3,95.3,95.3,80000,149328000
SAIL_F1,05-12-2023,12:29:00,95.25,95.25,95.25,95.25,32000,149328000
SAIL_F1,05-12-2023,12:30:00,95.2,95.2,95.2,95.2,24000,149440000
SAIL_F1,05-12-2023,12:31:00,95.25,95.25,95.25,95.25,32000,149440000
SAIL_F1,05-12-2023,12:32:00,95.2,95.25,95.2,95.25,32000,149440000
SAIL_F1,05-12-2023,12:33:00,95.25,95.3,95.25,95.3,40000,149472000
SAIL_F1,05-12-2023,12:34:00,95.3,95.3,95.3,95.3,64000,149472000
SAIL_F1,05-12-2023,12:35:00,95.2,95.25,95.2,95.25,32000,149472000
SAIL_F1,05-12-2023,12:38:00,95.15,95.15,95.15,95.15,176000,149512000
SAIL_F1,05-12-2023,12:39:00,95.15,95.25,95.15,95.25,112000,149592000
SAIL_F1,05-12-2023,12:41:00,95.3,95.3,95.3,95.3,8000,149592000
SAIL_F1,05-12-2023,12:42:00,95.3,95.3,95.25,95.25,24000,149600000
SAIL_F1,05-12-2023,12:43:00,95.25,95.4,95.25,95.4,104000,149600000
SAIL_F1,05-12-2023,12:44:00,95.3,95.3,95.3,95.3,8000,149600000
SAIL_F1,05-12-2023,12:47:00,95.3,95.45,95.3,95.45,72000,149696000
SAIL_F1,05-12-2023,12:48:00,95.45,95.5,95.45,95.5,96000,149688000
SAIL_F1,05-12-2023,12:49:00,95.5,95.5,95.25,95.3,304000,149688000
SAIL_F1,05-12-2023,12:50:00,95.35,95.45,95.35,95.45,408000,149688000
SAIL_F1,05-12-2023,12:51:00,95.45,95.5,95.4,95.5,64000,149856000
SAIL_F1,05-12-2023,12:52:00,95.5,95.5,95.5,95.5,104000,149856000
SAIL_F1,05-12-2023,12:53:00,95.45,95.6,95.4,95.6,96000,149856000
SAIL_F1,05-12-2023,12:54:00,95.6,95.6,95.5,95.5,48000,149912000
SAIL_F1,05-12-2023,12:55:00,95.45,95.55,95.45,95.55,64000,149912000
SAIL_F1,05-12-2023,12:56:00,95.6,95.6,95.6,95.6,24000,149912000
SAIL_F1,05-12-2023,12:57:00,95.65,95.65,95.6,95.65,24000,149920000
SAIL_F1,05-12-2023,12:58:00,95.7,95.7,95.7,95.7,32000,149920000
SAIL_F1,05-12-2023,12:59:00,95.75,95.75,95.7,95.7,32000,149920000
SAIL_F1,05-12-2023,13:00:00,95.75,95.8,95.75,95.8,80000,149920000
SAIL_F1,05-12-2023,13:01:00,95.8,95.85,95.75,95.75,208000,149920000
SAIL_F1,05-12-2023,13:02:00,95.75,95.8,95.75,95.75,88000,149920000
SAIL_F1,05-12-2023,13:03:00,95.75,95.75,95.65,95.65,16000,150168000
SAIL_F1,05-12-2023,13:04:00,95.65,95.65,95.65,95.65,472000,150168000
SAIL_F1,05-12-2023,13:05:00,95.65,95.65,95.6,95.6,24000,150168000
SAIL_F1,05-12-2023,13:06:00,95.6,95.65,95.6,95.65,32000,150456000
SAIL_F1,05-12-2023,13:07:00,95.6,95.65,95.55,95.65,280000,150456000
SAIL_F1,05-12-2023,13:08:00,95.7,95.7,95.65,95.7,136000,150456000
SAIL_F1,05-12-2023,13:09:00,95.7,95.85,95.7,95.85,160000,150808000
SAIL_F1,05-12-2023,13:10:00,95.75,95.75,95.75,95.75,40000,150808000
SAIL_F1,05-12-2023,13:11:00,95.8,95.8,95.6,95.6,32000,150808000
SAIL_F1,05-12-2023,13:12:00,95.65,95.65,95.65,95.65,24000,150936000
SAIL_F1,05-12-2023,13:13:00,95.6,95.75,95.6,95.75,152000,150936000
SAIL_F1,05-12-2023,13:15:00,95.75,95.75,95.7,95.7,24000,150880000
SAIL_F1,05-12-2023,13:16:00,95.7,95.7,95.65,95.65,72000,150880000
SAIL_F1,05-12-2023,13:17:00,95.65,95.65,95.55,95.55,64000,150880000
SAIL_F1,05-12-2023,13:18:00,95.45,95.45,95.45,95.45,40000,150728000
SAIL_F1,05-12-2023,13:19:00,95.45,95.45,95.45,95.45,16000,150728000
SAIL_F1,05-12-2023,13:20:00,95.5,95.5,95.5,95.5,8000,150728000
SAIL_F1,05-12-2023,13:21:00,95.45,95.5,95.45,95.45,96000,150720000
SAIL_F1,05-12-2023,13:22:00,95.45,95.45,95.45,95.45,16000,150720000
SAIL_F1,05-12-2023,13:23:00,95.45,95.45,95.4,95.4,40000,150720000
SAIL_F1,05-12-2023,13:25:00,95.45,95.45,95.45,95.45,8000,150728000
SAIL_F1,05-12-2023,13:26:00,95.45,95.5,95.45,95.5,64000,150728000
SAIL_F1,05-12-2023,13:28:00,95.45,95.45,95.45,95.45,8000,150768000
SAIL_F1,05-12-2023,13:29:00,95.5,95.5,95.45,95.45,32000,150768000
SAIL_F1,05-12-2023,13:31:00,95.5,95.55,95.5,95.55,16000,150776000
SAIL_F1,05-12-2023,13:32:00,95.6,95.6,95.6,95.6,24000,150776000
SAIL_F1,05-12-2023,13:34:00,95.55,95.55,95.55,95.55,48000,150800000
SAIL_F1,05-12-2023,13:35:00,95.4,95.45,95.4,95.45,224000,150800000
SAIL_F1,05-12-2023,13:36:00,95.6,95.6,95.55,95.55,40000,150568000
SAIL_F1,05-12-2023,13:37:00,95.55,95.6,95.55,95.6,32000,150568000
SAIL_F1,05-12-2023,13:39:00,95.5,95.5,95.35,95.5,240000,150568000
SAIL_F1,05-12-2023,13:40:00,95.5,95.5,95.5,95.5,240000,150568000
SAIL_F1,05-12-2023,13:42:00,95.55,95.55,95.55,95.55,24000,150400000
SAIL_F1,05-12-2023,13:43:00,95.5,95.7,95.5,95.7,272000,150400000
SAIL_F1,05-12-2023,13:44:00,95.7,95.7,95.7,95.7,96000,150400000
SAIL_F1,05-12-2023,13:45:00,95.7,95.7,95.7,95.7,56000,150480000
SAIL_F1,05-12-2023,13:46:00,95.65,95.7,95.65,95.7,32000,150480000
SAIL_F1,05-12-2023,13:48:00,95.75,95.75,95.75,95.75,296000,150488000
SAIL_F1,05-12-2023,13:49:00,95.85,95.9,95.85,95.9,240000,150488000
SAIL_F1,05-12-2023,13:50:00,95.95,95.95,95.85,95.85,128000,150488000
SAIL_F1,05-12-2023,13:51:00,95.8,95.85,95.8,95.85,40000,150760000
SAIL_F1,05-12-2023,13:52:00,95.75,95.9,95.75,95.9,104000,150760000
SAIL_F1,05-12-2023,13:54:00,96.0,96.1,96.0,96.1,328000,150872000
SAIL_F1,05-12-2023,13:55:00,96.05,96.1,96.0,96.0,80000,150872000
SAIL_F1,05-12-2023,13:57:00,96.0,96.0,95.95,95.95,88000,150920000
SAIL_F1,05-12-2023,13:58:00,95.95,96.0,95.95,96.0,80000,150920000
SAIL_F1,05-12-2023,13:59:00,95.95,95.95,95.95,95.95,24000,150920000
SAIL_F1,05-12-2023,14:00:00,95.95,96.0,95.95,96.0,48000,151064000
SAIL_F1,05-12-2023,14:01:00,96.0,96.0,96.0,96.0,16000,151064000
SAIL_F1,05-12-2023,14:02:00,95.95,95.95,95.95,95.95,24000,151064000
SAIL_F1,05-12-2023,14:03:00,95.9,96.0,95.9,96.0,32000,151056000
SAIL_F1,05-12-2023,14:04:00,95.9,95.9,95.9,95.9,80000,151056000
SAIL_F1,05-12-2023,14:05:00,95.85,95.9,95.85,95.9,136000,151056000
SAIL_F1,05-12-2023,14:06:00,95.9,95.9,95.9,95.9,8000,151176000
SAIL_F1,05-12-2023,14:08:00,95.9,95.9,95.9,95.9,72000,151176000
SAIL_F1,05-12-2023,14:10:00,95.9,95.9,95.9,95.9,16000,151168000
SAIL_F1,05-12-2023,14:11:00,95.95,95.95,95.95,95.95,32000,151168000
SAIL_F1,05-12-2023,14:12:00,96.0,96.0,96.0,96.0,8000,151184000
SAIL_F1,05-12-2023,14:13:00,95.95,96.0,95.95,96.0,24000,151184000
SAIL_F1,05-12-2023,14:14:00,95.95,96.0,95.95,96.0,96000,151184000
SAIL_F1,05-12-2023,14:15:00,95.85,95.85,95.85,95.85,40000,151216000
SAIL_F1,05-12-2023,14:16:00,95.9,95.9,95.9,95.9,56000,151216000
SAIL_F1,05-12-2023,14:18:00,95.9,95.9,95.8,95.8,80000,151240000
SAIL_F1,05-12-2023,14:19:00,95.8,95.8,95.8,95.8,32000,151240000
SAIL_F1,05-12-2023,14:20:00,95.8,95.8,95.8,95.8,8000,151240000
SAIL_F1,05-12-2023,14:21:00,95.85,95.85,95.85,95.85,40000,151240000
SAIL_F1,05-12-2023,14:22:00,95.8,95.8,95.8,95.8,16000,151240000
SAIL_F1,05-12-2023,14:23:00,95.8,95.8,95.8,95.8,16000,151240000
SAIL_F1,05-12-2023,14:24:00,95.75,95.85,95.75,95.85,96000,151240000
SAIL_F1,05-12-2023,14:25:00,95.8,95.85,95.8,95.85,40000,151240000
SAIL_F1,05-12-2023,14:28:00,95.85,95.85,95.85,95.85,32000,151232000
SAIL_F1,05-12-2023,14:29:00,96.0,96.0,96.0,96.0,240000,151232000
SAIL_F1,05-12-2023,14:30:00,95.95,96.05,95.95,96.05,24000,151360000
SAIL_F1,05-12-2023,14:31:00,96.05,96.05,96.05,96.05,48000,151360000
SAIL_F1,05-12-2023,14:32:00,96.1,96.1,96.1,96.1,8000,151360000
SAIL_F1,05-12-2023,14:33:00,96.1,96.1,96.0,96.0,120000,151456000
SAIL_F1,05-12-2023,14:34:00,96.05,96.05,96.05,96.05,112000,151456000
SAIL_F1,05-12-2023,14:35:00,96.1,96.1,96.1,96.1,216000,151456000
SAIL_F1,05-12-2023,14:36:00,96.0,96.0,96.0,96.0,8000,151480000
SAIL_F1,05-12-2023,14:37:00,96.0,96.0,96.0,96.0,32000,151480000
SAIL_F1,05-12-2023,14:38:00,96.0,96.0,96.0,96.0,24000,151480000
SAIL_F1,05-12-2023,14:39:00,96.15,96.15,96.15,96.15,104000,151480000
SAIL_F1,05-12-2023,14:40:00,96.0,96.1,96.0,96.1,120000,151480000
SAIL_F1,05-12-2023,14:41:00,96.05,96.05,96.05,96.05,24000,151480000
SAIL_F1,05-12-2023,14:42:00,96.0,96.1,96.0,96.1,288000,151552000
SAIL_F1,05-12-2023,14:43:00,96.15,96.15,96.15,96.15,48000,151552000
SAIL_F1,05-12-2023,14:44:00,96.05,96.1,96.05,96.05,152000,151552000
SAIL_F1,05-12-2023,14:45:00,96.0,96.05,96.0,96.05,280000,151680000
SAIL_F1,05-12-2023,14:46:00,96.0,96.0,95.9,95.9,48000,151680000
SAIL_F1,05-12-2023,14:47:00,95.9,95.9,95.9,95.9,32000,151680000
SAIL_F1,05-12-2023,14:48:00,95.9,95.9,95.9,95.9,8000,151680000
SAIL_F1,05-12-2023,14:49:00,95.95,95.95,95.9,95.9,80000,151552000
SAIL_F1,05-12-2023,14:50:00,95.9,95.95,95.9,95.95,16000,151552000
SAIL_F1,05-12-2023,14:51:00,95.9,95.9,95.9,95.9,32000,151544000
SAIL_F1,05-12-2023,14:52:00,95.9,96.0,95.9,96.0,64000,151544000
SAIL_F1,05-12-2023,14:53:00,96.0,96.0,96.0,96.0,80000,151544000
SAIL_F1,05-12-2023,14:54:00,96.05,96.05,96.05,96.05,72000,151584000
SAIL_F1,05-12-2023,14:55:00,96.05,96.05,96.0,96.05,40000,151584000
SAIL_F1,05-12-2023,14:56:00,96.05,96.05,96.05,96.05,24000,151584000
SAIL_F1,05-12-2023,14:57:00,96.05,96.05,96.05,96.05,40000,151512000
SAIL_F1,05-12-2023,14:58:00,96.05,96.05,96.05,96.05,16000,151512000
SAIL_F1,05-12-2023,14:59:00,96.05,96.05,96.05,96.05,32000,151512000
SAIL_F1,05-12-2023,15:00:00,96.0,96.05,95.9,95.9,576000,151648000
SAIL_F1,05-12-2023,15:01:00,95.9,95.95,95.9,95.9,136000,151648000
SAIL_F1,05-12-2023,15:02:00,95.85,96.05,95.85,96.05,176000,151648000
SAIL_F1,05-12-2023,15:04:00,96.05,96.2,96.05,96.2,448000,151640000
SAIL_F1,05-12-2023,15:05:00,96.15,96.15,96.15,96.15,24000,151640000
SAIL_F1,05-12-2023,15:06:00,96.1,96.2,96.1,96.15,328000,151864000
SAIL_F1,05-12-2023,15:07:00,96.2,96.3,96.2,96.3,600000,151864000
SAIL_F1,05-12-2023,15:08:00,96.3,96.3,96.3,96.3,40000,151864000
SAIL_F1,05-12-2023,15:09:00,96.3,96.3,96.3,96.3,64000,151968000
SAIL_F1,05-12-2023,15:10:00,96.35,96.35,96.3,96.3,184000,151968000
SAIL_F1,05-12-2023,15:11:00,96.3,96.35,96.3,96.35,56000,151968000
SAIL_F1,05-12-2023,15:12:00,96.3,96.35,96.3,96.35,184000,152040000
SAIL_F1,05-12-2023,15:13:00,96.35,96.35,96.3,96.3,232000,152040000
SAIL_F1,05-12-2023,15:14:00,96.3,96.3,96.25,96.25,80000,152040000
SAIL_F1,05-12-2023,15:15:00,96.25,96.3,96.25,96.3,80000,152112000
SAIL_F1,05-12-2023,15:16:00,96.25,96.25,96.25,96.25,336000,152112000
SAIL_F1,05-12-2023,15:17:00,96.25,96.45,96.25,96.4,728000,152112000
SAIL_F1,05-12-2023,15:18:00,96.4,96.55,96.4,96.55,904000,152672000
SAIL_F1,05-12-2023,15:19:00,96.6,96.6,96.45,96.5,312000,152672000
SAIL_F1,05-12-2023,15:20:00,96.6,96.6,96.5,96.5,192000,152672000
SAIL_F1,05-12-2023,15:21:00,96.45,96.5,96.4,96.4,224000,153048000
SAIL_F1,05-12-2023,15:22:00,96.45,96.5,96.4,96.45,64000,153048000
SAIL_F1,05-12-2023,15:23:00,96.4,96.4,96.35,96.35,184000,153048000
SAIL_F1,05-12-2023,15:24:00,96.4,96.45,96.4,96.45,328000,153064000
SAIL_F1,05-12-2023,15:25:00,96.35,96.45,96.35,96.45,104000,153064000
SAIL_F1,05-12-2023,15:26:00,96.45,96.5,96.4,96.5,584000,153064000
SAIL_F1,05-12-2023,15:27:00,96.45,96.5,96.45,96.45,256000,153296000
SAIL_F1,05-12-2023,15:28:00,96.5,96.55,96.5,96.55,368000,153296000
SAIL_F1,05-12-2023,15:29:00,96.5,96.5,96.45,96.45,264000,153296000
SAIL_F1,05-12-2023,15:30:00,96.45,96.45,96.45,96.45,72000,153296000
SAIL_F1,06-12-2023,09:15:00,96.95,97.05,96.75,96.75,504003,152880000
SAIL_F1,06-12-2023,09:16:00,96.8,96.8,96.5,96.5,272000,152880000
SAIL_F1,06-12-2023,09:17:00,96.45,96.6,96.45,96.55,104000,152936000
SAIL_F1,06-12-2023,09:18:00,96.5,96.55,96.3,96.3,248000,152936000
SAIL_F1,06-12-2023,09:19:00,96.25,96.35,96.1,96.35,632000,152936000
SAIL_F1,06-12-2023,09:20:00,96.05,96.2,96.05,96.2,576000,153232000
SAIL_F1,06-12-2023,09:21:00,96.3,96.35,96.3,96.35,96000,153232000
SAIL_F1,06-12-2023,09:22:00,96.4,96.45,96.4,96.45,120000,153232000
SAIL_F1,06-12-2023,09:23:00,96.5,96.5,96.5,96.5,184000,153144000
SAIL_F1,06-12-2023,09:24:00,96.5,96.55,96.5,96.5,96000,153144000
SAIL_F1,06-12-2023,09:25:00,96.5,96.5,96.5,96.5,32000,153144000
SAIL_F1,06-12-2023,09:26:00,96.55,96.55,96.5,96.55,112000,153072000
SAIL_F1,06-12-2023,09:27:00,96.5,96.55,96.5,96.55,120000,153072000
SAIL_F1,06-12-2023,09:28:00,96.5,96.5,96.5,96.5,32000,153072000
SAIL_F1,06-12-2023,09:29:00,96.5,96.5,96.4,96.4,48000,153072000
SAIL_F1,06-12-2023,09:30:00,96.55,96.55,96.4,96.4,104000,152992000
SAIL_F1,06-12-2023,09:31:00,96.35,96.35,96.2,96.2,96000,152992000
SAIL_F1,06-12-2023,09:32:00,96.25,96.25,96.2,96.2,64000,152992000
SAIL_F1,06-12-2023,09:33:00,96.2,96.25,96.2,96.2,152000,152984000
SAIL_F1,06-12-2023,09:34:00,96.3,96.3,96.15,96.15,128000,152984000
SAIL_F1,06-12-2023,09:35:00,96.05,96.05,96.0,96.0,120000,152936000
SAIL_F1,06-12-2023,09:36:00,95.9,96.05,95.9,96.05,184000,152936000
SAIL_F1,06-12-2023,09:37:00,96.1,96.1,96.0,96.0,120000,152936000
SAIL_F1,06-12-2023,09:38:00,95.9,96.0,95.9,95.95,136000,152936000
SAIL_F1,06-12-2023,09:39:00,95.9,96.05,95.9,96.05,64000,152904000
SAIL_F1,06-12-2023,09:40:00,96.35,96.35,96.25,96.25,128000,152904000
SAIL_F1,06-12-2023,09:41:00,96.2,96.2,96.2,96.2,32000,152896000
SAIL_F1,06-12-2023,09:42:00,96.2,96.2,96.1,96.1,80000,152896000
SAIL_F1,06-12-2023,09:43:00,96.0,96.0,96.0,96.0,72000,152896000
SAIL_F1,06-12-2023,09:44:00,96.0,96.1,96.0,96.1,40000,152896000
SAIL_F1,06-12-2023,09:45:00,96.05,96.1,96.05,96.1,72000,152976000
SAIL_F1,06-12-2023,09:46:00,96.15,96.2,96.15,96.2,88000,152976000
SAIL_F1,06-12-2023,09:47:00,96.2,96.2,96.2,96.2,8000,152976000
SAIL_F1,06-12-2023,09:48:00,96.25,96.25,96.25,96.25,112000,153040000
SAIL_F1,06-12-2023,09:49:00,96.25,96.25,96.2,96.2,80000,153040000
SAIL_F1,06-12-2023,09:50:00,96.2,96.2,96.2,96.2,80000,153040000
SAIL_F1,06-12-2023,09:51:00,96.15,96.15,96.0,96.1,136000,153112000
SAIL_F1,06-12-2023,09:52:00,96.3,96.3,96.25,96.25,384000,153112000
SAIL_F1,06-12-2023,09:53:00,96.25,96.25,96.2,96.25,80000,153112000
SAIL_F1,06-12-2023,09:54:00,96.25,96.3,96.25,96.3,48000,153336000
SAIL_F1,06-12-2023,09:55:00,96.3,96.35,96.3,96.35,24000,153336000
SAIL_F1,06-12-2023,09:56:00,96.4,96.4,96.4,96.4,136000,153368000
SAIL_F1,06-12-2023,09:57:00,96.4,96.45,96.35,96.45,64000,153368000
SAIL_F1,06-12-2023,09:58:00,96.45,96.5,96.45,96.5,24000,153368000
SAIL_F1,06-12-2023,09:59:00,96.35,96.35,96.3,96.3,88000,153368000
SAIL_F1,06-12-2023,10:00:00,96.35,96.45,96.35,96.45,40000,153344000
SAIL_F1,06-12-2023,10:01:00,96.55,96.55,96.55,96.55,8000,153344000
SAIL_F1,06-12-2023,10:02:00,96.55,96.55,96.55,96.55,16000,153344000
SAIL_F1,06-12-2023,10:03:00,96.35,96.35,96.3,96.35,96000,153360000
SAIL_F1,06-12-2023,10:04:00,96.3,96.3,96.3,96.3,8000,153360000
SAIL_F1,06-12-2023,10:05:00,96.4,96.45,96.4,96.45,40000,153360000
SAIL_F1,06-12-2023,10:06:00,96.35,96.4,96.35,96.4,24000,153384000
SAIL_F1,06-12-2023,10:07:00,96.4,96.4,96.4,96.4,24000,153384000
SAIL_F1,06-12-2023,10:08:00,96.35,96.35,96.35,96.35,16000,153384000
SAIL_F1,06-12-2023,10:09:00,96.35,96.35,96.35,96.35,112000,153392000
SAIL_F1,06-12-2023,10:10:00,96.4,96.5,96.4,96.5,72000,153392000
SAIL_F1,06-12-2023,10:11:00,96.55,96.55,96.45,96.45,32000,153392000
SAIL_F1,06-12-2023,10:12:00,96.5,96.55,96.5,96.55,64000,153400000
SAIL_F1,06-12-2023,10:13:00,96.45,96.45,96.45,96.45,280000,153400000
SAIL_F1,06-12-2023,10:14:00,96.45,96.55,96.45,96.55,232000,153400000
SAIL_F1,06-12-2023,10:15:00,96.75,96.75,96.7,96.7,232000,153344000
SAIL_F1,06-12-2023,10:16:00,96.75,96.8,96.7,96.7,192000,153344000
SAIL_F1,06-12-2023,10:17:00,96.65,96.65,96.65,96.65,80000,153344000
SAIL_F1,06-12-2023,10:18:00,96.7,96.7,96.7,96.7,56000,153320000
SAIL_F1,06-12-2023,10:19:00,96.7,96.75,96.7,96.75,32000,153320000
SAIL_F1,06-12-2023,10:20:00,96.75,96.75,96.65,96.7,176000,153320000
SAIL_F1,06-12-2023,10:21:00,96.8,96.8,96.75,96.75,24000,153248000
SAIL_F1,06-12-2023,10:22:00,96.8,96.8,96.8,96.8,128000,153248000
SAIL_F1,06-12-2023,10:23:00,96.75,96.75,96.75,96.75,96000,153248000
SAIL_F1,06-12-2023,10:24:00,96.75,96.75,96.75,96.75,24000,153328000
SAIL_F1,06-12-2023,10:25:00,96.75,96.75,96.7,96.7,80000,153328000
SAIL_F1,06-12-2023,10:26:00,96.7,96.7,96.65,96.65,32000,153328000
SAIL_F1,06-12-2023,10:27:00,96.6,96.6,96.6,96.6,24000,153336000
SAIL_F1,06-12-2023,10:28:00,96.65,96.65,96.65,96.65,24000,153336000
SAIL_F1,06-12-2023,10:29:00,96.6,96.6,96.6,96.6,16000,153336000
SAIL_F1,06-12-2023,10:30:00,96.7,96.7,96.7,96.7,80000,153312000
SAIL_F1,06-12-2023,10:31:00,96.75,96.8,96.75,96.8,288000,153312000
SAIL_F1,06-12-2023,10:32:00,96.8,96.85,96.8,96.85,112000,153312000
SAIL_F1,06-12-2023,10:33:00,96.8,97.0,96.8,97.0,584000,153376000
SAIL_F1,06-12-2023,10:34:00,96.8,96.8,96.8,96.8,184000,153376000
SAIL_F1,06-12-2023,10:35:00,96.85,96.85,96.85,96.85,128000,153376000
SAIL_F1,06-12-2023,10:36:00,96.85,96.85,96.85,96.85,8000,153328000
SAIL_F1,06-12-2023,10:37:00,96.9,96.9,96.9,96.9,16000,153328000
SAIL_F1,06-12-2023,10:38:00,96.9,96.9,96.85,96.85,32000,153328000
SAIL_F1,06-12-2023,10:39:00,96.85,96.9,96.8,96.9,24000,153344000
SAIL_F1,06-12-2023,10:40:00,96.85,96.85,96.85,96.85,32000,153344000
SAIL_F1,06-12-2023,10:41:00,96.9,96.9,96.85,96.85,32000,153344000
SAIL_F1,06-12-2023,10:42:00,96.95,96.95,96.95,96.95,72000,153336000
SAIL_F1,06-12-2023,10:43:00,96.9,96.9,96.9,96.9,16000,153336000
SAIL_F1,06-12-2023,10:45:00,96.85,96.85,96.85,96.85,320000,153368000
SAIL_F1,06-12-2023,10:46:00,96.75,96.85,96.75,96.85,128000,153368000
SAIL_F1,06-12-2023,10:47:00,96.8,96.8,96.8,96.8,16000,153368000
SAIL_F1,06-12-2023,10:48:00,96.8,96.85,96.75,96.75,48000,153376000
SAIL_F1,06-12-2023,10:49:00,96.75,96.75,96.75,96.75,40000,153376000
SAIL_F1,06-12-2023,10:51:00,96.75,96.75,96.75,96.75,48000,153360000
SAIL_F1,06-12-2023,10:52:00,96.85,96.85,96.85,96.85,32000,153360000
SAIL_F1,06-12-2023,10:53:00,96.85,96.85,96.8,96.8,32000,153360000
SAIL_F1,06-12-2023,10:54:00,96.8,96.8,96.75,96.75,96000,153336000
SAIL_F1,06-12-2023,10:55:00,96.8,96.8,96.8,96.8,24000,153336000
SAIL_F1,06-12-2023,10:56:00,96.9,96.9,96.85,96.85,48000,153336000
SAIL_F1,06-12-2023,10:57:00,96.85,96.85,96.85,96.85,16000,153320000
SAIL_F1,06-12-2023,10:58:00,96.85,96.85,96.85,96.85,56000,153320000
SAIL_F1,06-12-2023,10:59:00,96.85,96.85,96.85,96.85,32000,153320000
SAIL_F1,06-12-2023,11:00:00,96.8,96.9,96.8,96.9,136000,153320000
SAIL_F1,06-12-2023,11:01:00,96.95,97.15,96.95,97.15,496000,153320000
SAIL_F1,06-12-2023,11:02:00,97.1,97.15,97.1,97.15,64000,153320000
SAIL_F1,06-12-2023,11:03:00,97.1,97.15,97.05,97.05,128000,153528000
SAIL_F1,06-12-2023,11:04:00,97.0,97.0,97.0,97.0,128000,153528000
SAIL_F1,06-12-2023,11:05:00,97.0,97.0,96.95,96.95,168000,153528000
SAIL_F1,06-12-2023,11:06:00,97.0,97.0,96.95,97.0,112000,153768000
SAIL_F1,06-12-2023,11:07:00,96.95,97.1,96.95,97.1,160000,153768000
SAIL_F1,06-12-2023,11:08:00,97.1,97.25,97.1,97.25,448000,153768000
SAIL_F1,06-12-2023,11:09:00,97.25,97.65,97.25,97.65,1248000,153896000
SAIL_F1,06-12-2023,11:10:00,97.7,97.7,97.6,97.65,984000,153896000
SAIL_F1,06-12-2023,11:11:00,97.85,98.0,97.85,97.85,1744000,153896000
SAIL_F1,06-12-2023,11:12:00,97.8,97.8,97.6,97.65,264000,154096000
SAIL_F1,06-12-2023,11:13:00,97.7,98.0,97.65,98.0,888000,154096000
SAIL_F1,06-12-2023,11:14:00,98.15,98.45,98.15,98.25,2368000,154096000
SAIL_F1,06-12-2023,11:15:00,98.3,98.55,98.3,98.35,1736000,154600000
SAIL_F1,06-12-2023,11:16:00,98.35,98.35,98.15,98.15,656000,154600000
SAIL_F1,06-12-2023,11:17:00,98.15,98.45,98.15,98.35,368000,154600000
SAIL_F1,06-12-2023,11:18:00,98.3,98.3,98.2,98.25,240000,154832000
SAIL_F1,06-12-2023,11:19:00,98.1,98.1,98.05,98.1,448000,154832000
SAIL_F1,06-12-2023,11:20:00,98.05,98.1,98.05,98.05,152000,154832000
SAIL_F1,06-12-2023,11:21:00,98.2,98.2,98.15,98.2,240000,154664000
SAIL_F1,06-12-2023,11:22:00,98.3,98.3,98.1,98.2,184000,154664000
SAIL_F1,06-12-2023,11:23:00,98.1,98.1,98.05,98.1,328000,154664000
SAIL_F1,06-12-2023,11:24:00,98.1,98.1,98.1,98.1,192000,154768000
SAIL_F1,06-12-2023,11:25:00,98.1,98.1,98.0,98.05,64000,154768000
SAIL_F1,06-12-2023,11:26:00,97.95,98.0,97.95,98.0,88000,154768000
SAIL_F1,06-12-2023,11:27:00,98.0,98.0,97.9,97.9,48000,154760000
SAIL_F1,06-12-2023,11:28:00,97.9,97.95,97.9,97.9,88000,154760000
SAIL_F1,06-12-2023,11:29:00,98.0,98.1,97.95,98.1,200000,154760000
SAIL_F1,06-12-2023,11:30:00,98.1,98.1,98.0,98.0,80000,154728000
SAIL_F1,06-12-2023,11:31:00,98.1,98.1,98.0,98.05,112000,154728000
SAIL_F1,06-12-2023,11:32:00,98.0,98.05,98.0,98.05,40000,154728000
SAIL_F1,06-12-2023,11:33:00,98.1,98.1,98.05,98.05,48000,154832000
SAIL_F1,06-12-2023,11:34:00,98.1,98.15,98.1,98.15,128000,154832000
SAIL_F1,06-12-2023,11:35:00,98.25,98.5,98.25,98.5,976000,154832000
SAIL_F1,06-12-2023,11:36:00,98.6,98.6,98.6,98.6,728000,155448000
SAIL_F1,06-12-2023,11:37:00,98.7,98.9,98.7,98.9,1144000,155448000
SAIL_F1,06-12-2023,11:38:00,98.7,98.95,98.7,98.95,752000,155448000
SAIL_F1,06-12-2023,11:39:00,98.8,98.85,98.8,98.8,544000,155880000
SAIL_F1,06-12-2023,11:40:00,98.85,98.95,98.85,98.85,216000,155880000
SAIL_F1,06-12-2023,11:41:00,98.75,98.8,98.75,98.8,192000,155880000
SAIL_F1,06-12-2023,11:42:00,98.7,98.75,98.65,98.7,80000,156144000
SAIL_F1,06-12-2023,11:43:00,98.65,98.8,98.65,98.8,272000,156144000
SAIL_F1,06-12-2023,11:44:00,98.7,98.75,98.6,98.75,136000,156144000
SAIL_F1,06-12-2023,11:45:00,98.7,98.7,98.65,98.65,192000,156192000
SAIL_F1,06-12-2023,11:46:00,98.6,98.75,98.6,98.7,296000,156192000
SAIL_F1,06-12-2023,11:47:00,98.65,98.7,98.6,98.7,224000,156192000
SAIL_F1,06-12-2023,11:48:00,98.7,98.8,98.7,98.75,184000,156208000
SAIL_F1,06-12-2023,11:49:00,98.85,98.85,98.85,98.85,56000,156208000
SAIL_F1,06-12-2023,11:50:00,98.75,98.8,98.7,98.7,472000,156208000
SAIL_F1,06-12-2023,11:51:00,98.7,98.8,98.7,98.8,136000,156552000
SAIL_F1,06-12-2023,11:52:00,98.7,98.7,98.65,98.65,264000,156552000
SAIL_F1,06-12-2023,11:53:00,98.7,98.8,98.7,98.8,456000,156552000
SAIL_F1,06-12-2023,11:54:00,98.85,98.85,98.65,98.8,344000,156912000
SAIL_F1,06-12-2023,11:55:00,98.7,98.7,98.65,98.65,288000,156912000
SAIL_F1,06-12-2023,11:56:00,98.65,98.65,98.6,98.6,152000,156912000
SAIL_F1,06-12-2023,11:57:00,98.65,98.7,98.6,98.7,88000,156976000
SAIL_F1,06-12-2023,11:58:00,98.7,98.75,98.65,98.7,200000,156976000
SAIL_F1,06-12-2023,11:59:00,98.65,98.65,98.6,98.6,120000,156976000
SAIL_F1,06-12-2023,12:00:00,98.6,98.6,98.5,98.5,88000,156928000
SAIL_F1,06-12-2023,12:01:00,98.5,98.5,98.5,98.5,256000,156928000
SAIL_F1,06-12-2023,12:02:00,98.5,98.5,98.45,98.5,288000,156928000
SAIL_F1,06-12-2023,12:03:00,98.45,98.6,98.45,98.6,392000,157112000
SAIL_F1,06-12-2023,12:04:00,98.6,98.6,98.45,98.5,344000,157112000
SAIL_F1,06-12-2023,12:05:00,98.5,98.65,98.5,98.65,312000,157112000
SAIL_F1,06-12-2023,12:06:00,98.6,98.6,98.55,98.55,104000,157024000
SAIL_F1,06-12-2023,12:07:00,98.5,98.55,98.5,98.55,72000,157024000
SAIL_F1,06-12-2023,12:08:00,98.6,98.6,98.5,98.6,112000,157024000
SAIL_F1,06-12-2023,12:09:00,98.5,98.6,98.5,98.6,128000,157128000
SAIL_F1,06-12-2023,12:10:00,98.6,98.7,98.6,98.7,344000,157128000
SAIL_F1,06-12-2023,12:11:00,98.75,98.75,98.65,98.65,144000,157128000
SAIL_F1,06-12-2023,12:12:00,98.8,98.8,98.7,98.75,176000,157160000
SAIL_F1,06-12-2023,12:13:00,98.75,98.8,98.75,98.75,168000,157160000
SAIL_F1,06-12-2023,12:14:00,98.75,98.75,98.7,98.7,256000,157160000
SAIL_F1,06-12-2023,12:15:00,98.65,98.75,98.65,98.75,232000,157240000
SAIL_F1,06-12-2023,12:16:00,98.75,98.8,98.75,98.8,48000,157240000
SAIL_F1,06-12-2023,12:17:00,98.85,99.25,98.75,99.25,1544000,157240000
SAIL_F1,06-12-2023,12:18:00,99.3,99.3,99.1,99.15,768000,158032000
SAIL_F1,06-12-2023,12:19:00,99.15,99.3,99.1,99.1,920000,158032000
SAIL_F1,06-12-2023,12:20:00,99.15,99.15,98.95,98.95,336000,158032000
SAIL_F1,06-12-2023,12:21:00,98.9,98.9,98.8,98.85,392000,158664000
SAIL_F1,06-12-2023,12:22:00,98.8,98.8,98.7,98.7,208000,158664000
SAIL_F1,06-12-2023,12:23:00,98.75,98.75,98.75,98.75,48000,158664000
SAIL_F1,06-12-2023,12:24:00,98.7,98.8,98.7,98.8,112000,158640000
SAIL_F1,06-12-2023,12:25:00,98.7,98.7,98.65,98.65,88000,158640000
SAIL_F1,06-12-2023,12:26:00,98.55,98.55,98.35,98.35,160000,158640000
SAIL_F1,06-12-2023,12:27:00,98.3,98.3,98.3,98.3,168000,158624000
SAIL_F1,06-12-2023,12:28:00,98.5,98.6,98.5,98.5,432000,158624000
SAIL_F1,06-12-2023,12:29:00,98.5,98.5,98.5,98.5,136000,158624000
SAIL_F1,06-12-2023,12:30:00,98.55,98.65,98.55,98.65,128000,158512000
SAIL_F1,06-12-2023,12:31:00,98.65,98.65,98.6,98.6,72000,158512000
SAIL_F1,06-12-2023,12:32:00,98.6,98.6,98.5,98.5,24000,158512000
SAIL_F1,06-12-2023,12:33:00,98.5,98.5,98.4,98.4,88000,158568000
SAIL_F1,06-12-2023,12:34:00,98.4,98.4,98.25,98.3,120000,158568000
SAIL_F1,06-12-2023,12:35:00,98.1,98.15,98.1,98.1,352000,158568000
SAIL_F1,06-12-2023,12:36:00,98.2,98.4,98.2,98.4,784000,158648000
SAIL_F1,06-12-2023,12:37:00,98.45,98.45,98.45,98.45,56000,158648000
SAIL_F1,06-12-2023,12:38:00,98.55,98.55,98.5,98.5,136000,158648000
SAIL_F1,06-12-2023,12:39:00,98.7,98.7,98.7,98.7,176000,158888000
SAIL_F1,06-12-2023,12:40:00,98.9,99.15,98.9,99.1,768000,158888000
SAIL_F1,06-12-2023,12:41:00,99.15,99.15,99.05,99.1,1112000,158888000
SAIL_F1,06-12-2023,12:42:00,99.05,99.05,99.0,99.05,128000,159840000
SAIL_F1,06-12-2023,12:43:00,99.0,99.05,99.0,99.0,56000,159840000
SAIL_F1,06-12-2023,12:44:00,99.0,99.05,99.0,99.0,192000,159840000
SAIL_F1,06-12-2023,12:45:00,99.0,99.0,99.0,99.0,104000,159992000
SAIL_F1,06-12-2023,12:46:00,98.95,99.2,98.95,99.2,544000,159992000
SAIL_F1,06-12-2023,12:47:00,99.5,99.5,99.4,99.4,1096000,159992000
SAIL_F1,06-12-2023,12:48:00,99.45,99.45,99.45,99.45,664000,160408000
SAIL_F1,06-12-2023,12:49:00,99.5,99.5,99.25,99.45,576000,160408000
SAIL_F1,06-12-2023,12:50:00,99.6,99.6,99.5,99.5,800000,160408000
SAIL_F1,06-12-2023,12:51:00,99.55,99.55,99.4,99.4,320000,161232000
SAIL_F1,06-12-2023,12:52:00,99.35,99.35,99.25,99.25,256000,161232000
SAIL_F1,06-12-2023,12:53:00,99.3,99.3,99.15,99.25,248000,161232000
SAIL_F1,06-12-2023,12:54:00,99.05,99.2,99.05,99.2,808000,161424000
SAIL_F1,06-12-2023,12:55:00,99.25,99.35,99.25,99.35,176000,161424000
SAIL_F1,06-12-2023,12:56:00,99.35,99.35,99.3,99.3,144000,161424000
SAIL_F1,06-12-2023,12:57:00,99.35,99.35,99.25,99.35,584000,161872000
SAIL_F1,06-12-2023,12:58:00,99.5,99.5,99.45,99.45,464000,161872000
SAIL_F1,06-12-2023,12:59:00,99.45,99.45,99.4,99.45,240000,161872000
SAIL_F1,06-12-2023,13:00:00,99.5,99.5,99.45,99.5,96000,162480000
SAIL_F1,06-12-2023,13:01:00,99.5,99.6,99.5,99.6,264000,162480000
SAIL_F1,06-12-2023,13:02:00,99.6,99.6,99.6,99.6,216000,162480000
SAIL_F1,06-12-2023,13:03:00,99.5,99.5,99.45,99.45,136000,162640000
SAIL_F1,06-12-2023,13:04:00,99.45,99.45,99.3,99.3,272000,162640000
SAIL_F1,06-12-2023,13:05:00,99.2,99.35,99.2,99.35,120000,162640000
SAIL_F1,06-12-2023,13:06:00,99.3,99.3,99.2,99.2,128000,162000000
SAIL_F1,06-12-2023,13:07:00,99.15,99.2,99.0,99.0,104000,162000000
SAIL_F1,06-12-2023,13:08:00,99.0,99.0,98.85,98.85,336000,162000000
SAIL_F1,06-12-2023,13:09:00,98.85,99.05,98.85,99.05,368000,161904000
SAIL_F1,06-12-2023,13:10:00,99.0,99.0,98.9,98.9,176000,161904000
SAIL_F1,06-12-2023,13:11:00,98.85,98.95,98.85,98.95,32000,161904000
SAIL_F1,06-12-2023,13:12:00,98.9,98.9,98.85,98.9,80000,162048000
SAIL_F1,06-12-2023,13:13:00,98.85,98.85,98.8,98.8,32000,162048000
SAIL_F1,06-12-2023,13:14:00,98.85,98.85,98.75,98.75,104000,162048000
SAIL_F1,06-12-2023,13:15:00,98.8,98.8,98.8,98.8,152000,162104000
SAIL_F1,06-12-2023,13:16:00,98.8,98.8,98.7,98.7,120000,162104000
SAIL_F1,06-12-2023,13:17:00,98.75,98.85,98.75,98.8,160000,162104000
SAIL_F1,06-12-2023,13:18:00,98.75,98.75,98.75,98.75,48000,162072000
SAIL_F1,06-12-2023,13:19:00,98.8,98.8,98.75,98.8,152000,162072000
SAIL_F1,06-12-2023,13:20:00,98.8,98.8,98.8,98.8,24000,162072000
SAIL_F1,06-12-2023,13:21:00,98.75,98.8,98.65,98.8,256000,162128000
SAIL_F1,06-12-2023,13:22:00,98.75,98.75,98.75,98.75,48000,162128000
SAIL_F1,06-12-2023,13:23:00,98.65,98.65,98.65,98.65,56000,162128000
SAIL_F1,06-12-2023,13:24:00,98.65,98.65,98.6,98.6,104000,161968000
SAIL_F1,06-12-2023,13:25:00,98.45,98.45,98.4,98.45,432000,161968000
SAIL_F1,06-12-2023,13:26:00,98.4,98.4,98.35,98.4,240000,161968000
SAIL_F1,06-12-2023,13:27:00,98.4,98.55,98.4,98.45,224000,162008000
SAIL_F1,06-12-2023,13:28:00,98.55,98.75,98.55,98.55,464000,162008000
SAIL_F1,06-12-2023,13:29:00,98.55,98.6,98.55,98.6,24000,162008000
SAIL_F1,06-12-2023,13:30:00,98.55,98.7,98.55,98.7,168000,162096000
SAIL_F1,06-12-2023,13:31:00,98.7,98.8,98.7,98.8,192000,162096000
SAIL_F1,06-12-2023,13:32:00,98.75,98.75,98.65,98.65,296000,162096000
SAIL_F1,06-12-2023,13:33:00,98.7,98.7,98.65,98.7,32000,162104000
SAIL_F1,06-12-2023,13:34:00,98.65,98.7,98.65,98.7,40000,162104000
SAIL_F1,06-12-2023,13:35:00,98.7,98.7,98.7,98.7,104000,162104000
SAIL_F1,06-12-2023,13:36:00,98.75,98.8,98.7,98.8,72000,162128000
SAIL_F1,06-12-2023,13:37:00,98.75,98.75,98.75,98.75,40000,162128000
SAIL_F1,06-12-2023,13:38:00,98.6,98.6,98.6,98.6,368000,162128000
SAIL_F1,06-12-2023,13:39:00,98.6,98.6,98.55,98.6,224000,162384000
SAIL_F1,06-12-2023,13:40:00,98.45,98.45,98.45,98.45,632000,162384000
SAIL_F1,06-12-2023,13:41:00,98.55,98.55,98.55,98.55,120000,162384000
SAIL_F1,06-12-2023,13:42:00,98.6,98.6,98.5,98.5,160000,162416000
SAIL_F1,06-12-2023,13:43:00,98.45,98.5,98.45,98.5,120000,162416000
SAIL_F1,06-12-2023,13:44:00,98.55,98.6,98.55,98.6,152000,162416000
SAIL_F1,06-12-2023,13:45:00,98.6,98.6,98.6,98.6,8000,162416000
SAIL_F1,06-12-2023,13:46:00,98.95,100.1,98.95,100.0,7752000,162480000
SAIL_F1,06-12-2023,13:47:00,99.95,100.35,99.85,100.0,1856000,162480000
SAIL_F1,06-12-2023,13:48:00,100.0,100.15,99.9,100.0,1360000,166080000
SAIL_F1,06-12-2023,13:49:00,100.0,100.4,100.0,100.25,1448000,166080000
SAIL_F1,06-12-2023,13:50:00,100.3,100.65,100.3,100.45,1616000,166080000
SAIL_F1,06-12-2023,13:51:00,100.55,100.65,100.45,100.55,760000,167464000
SAIL_F1,06-12-2023,13:52:00,100.55,101.05,100.45,101.0,3232000,167464000
SAIL_F1,06-12-2023,13:53:00,100.9,101.15,100.9,101.1,1568000,167464000
SAIL_F1,06-12-2023,13:54:00,101.1,101.5,101.1,101.45,1456000,168432000
SAIL_F1,06-12-2023,13:55:00,101.45,101.45,101.0,101.2,1192000,168432000
SAIL_F1,06-12-2023,13:56:00,101.35,101.65,101.15,101.25,2136000,168432000
SAIL_F1,06-12-2023,13:57:00,101.2,101.3,100.95,101.0,1432000,168992000
SAIL_F1,06-12-2023,13:58:00,101.0,101.3,101.0,101.1,824000,168992000
SAIL_F1,06-12-2023,13:59:00,101.05,101.15,100.9,101.05,856000,168992000
SAIL_F1,06-12-2023,14:00:00,101.05,101.15,100.8,100.8,1208000,169080000
SAIL_F1,06-12-2023,14:01:00,100.75,101.15,100.75,101.05,1264000,169080000
SAIL_F1,06-12-2023,14:02:00,101.05,101.1,101.0,101.1,352000,169080000
SAIL_F1,06-12-2023,14:03:00,101.2,101.75,101.05,101.65,2768000,169440000
SAIL_F1,06-12-2023,14:04:00,101.55,101.65,101.4,101.5,1200000,169440000
SAIL_F1,06-12-2023,14:05:00,101.5,101.5,101.3,101.5,680000,169440000
SAIL_F1,06-12-2023,14:06:00,101.5,101.5,101.2,101.4,520000,170928000
SAIL_F1,06-12-2023,14:07:00,101.3,101.4,101.15,101.15,384000,170928000
SAIL_F1,06-12-2023,14:08:00,101.05,101.05,100.8,100.8,1336000,170928000
SAIL_F1,06-12-2023,14:09:00,100.75,100.85,100.7,100.7,608000,170648000
SAIL_F1,06-12-2023,14:10:00,100.75,100.85,100.75,100.85,464000,170648000
SAIL_F1,06-12-2023,14:11:00,101.0,101.0,100.95,101.0,320000,170648000
SAIL_F1,06-12-2023,14:12:00,100.95,101.05,100.8,100.8,584000,170984000
SAIL_F1,06-12-2023,14:13:00,100.9,101.05,100.9,101.05,392000,170984000
SAIL_F1,06-12-2023,14:14:00,100.9,100.9,100.65,100.65,632000,170984000
SAIL_F1,06-12-2023,14:15:00,100.65,101.2,100.65,101.0,752000,171208000
SAIL_F1,06-12-2023,14:16:00,101.05,101.05,100.95,101.05,240000,171208000
SAIL_F1,06-12-2023,14:17:00,101.0,101.0,100.9,100.9,400000,171208000
SAIL_F1,06-12-2023,14:18:00,100.75,100.9,100.75,100.8,1080000,171376000
SAIL_F1,06-12-2023,14:19:00,100.75,100.85,100.75,100.75,248000,171376000
SAIL_F1,06-12-2023,14:20:00,100.75,101.0,100.75,101.0,456000,171376000
SAIL_F1,06-12-2023,14:21:00,100.85,100.85,100.7,100.7,256000,171320000
SAIL_F1,06-12-2023,14:22:00,100.4,100.5,100.4,100.4,872000,171320000
SAIL_F1,06-12-2023,14:23:00,100.45,100.45,100.35,100.45,104000,171320000
SAIL_F1,06-12-2023,14:24:00,100.3,100.35,100.05,100.2,1504000,171912000
SAIL_F1,06-12-2023,14:25:00,100.25,100.5,100.25,100.45,384000,171912000
SAIL_F1,06-12-2023,14:26:00,100.4,100.5,100.35,100.35,152000,171912000
SAIL_F1,06-12-2023,14:27:00,100.35,100.45,100.35,100.45,144000,172016000
SAIL_F1,06-12-2023,14:28:00,100.5,100.5,100.4,100.4,104000,172016000
SAIL_F1,06-12-2023,14:29:00,100.45,100.5,100.45,100.45,80000,172016000
SAIL_F1,06-12-2023,14:30:00,100.45,100.45,100.4,100.4,128000,171992000
SAIL_F1,06-12-2023,14:31:00,100.4,100.45,100.4,100.45,112000,171992000
SAIL_F1,06-12-2023,14:32:00,100.45,100.6,100.45,100.6,248000,171992000
SAIL_F1,06-12-2023,14:33:00,100.55,100.55,100.25,100.25,960000,172056000
SAIL_F1,06-12-2023,14:34:00,100.3,100.35,100.25,100.3,200000,172056000
SAIL_F1,06-12-2023,14:35:00,100.4,100.4,100.4,100.4,176000,172056000
SAIL_F1,06-12-2023,14:36:00,100.35,100.35,100.3,100.3,88000,172096000
SAIL_F1,06-12-2023,14:37:00,100.3,100.3,100.3,100.3,48000,172096000
SAIL_F1,06-12-2023,14:38:00,100.25,100.35,100.25,100.35,120000,172096000
SAIL_F1,06-12-2023,14:39:00,100.25,100.3,100.25,100.3,136000,172048000
SAIL_F1,06-12-2023,14:40:00,100.4,100.4,100.35,100.35,88000,172048000
SAIL_F1,06-12-2023,14:41:00,100.25,100.35,100.15,100.35,344000,172048000
SAIL_F1,06-12-2023,14:42:00,100.45,100.5,100.45,100.5,280000,172056000
SAIL_F1,06-12-2023,14:43:00,100.5,100.5,100.45,100.45,208000,172056000
SAIL_F1,06-12-2023,14:44:00,100.45,100.45,100.4,100.45,56000,172056000
SAIL_F1,06-12-2023,14:45:00,100.45,100.45,100.35,100.35,72000,172096000
SAIL_F1,06-12-2023,14:46:00,100.3,100.35,100.3,100.35,72000,172096000
SAIL_F1,06-12-2023,14:47:00,100.35,100.4,100.35,100.35,128000,172096000
SAIL_F1,06-12-2023,14:48:00,100.4,100.4,100.25,100.25,104000,172272000
SAIL_F1,06-12-2023,14:49:00,100.3,100.3,100.2,100.25,144000,172272000
SAIL_F1,06-12-2023,14:50:00,100.25,100.25,100.2,100.2,160000,172272000
SAIL_F1,06-12-2023,14:51:00,100.15,100.2,100.15,100.2,176000,172296000
SAIL_F1,06-12-2023,14:52:00,100.2,100.25,100.2,100.25,64000,172296000
SAIL_F1,06-12-2023,14:53:00,100.25,100.25,100.25,100.25,72000,172296000
SAIL_F1,06-12-2023,14:54:00,100.15,100.15,100.05,100.05,304000,172248000
SAIL_F1,06-12-2023,14:55:00,100.05,100.05,100.0,100.0,160000,172248000
SAIL_F1,06-12-2023,14:56:00,100.0,100.1,100.0,100.1,96000,172248000
SAIL_F1,06-12-2023,14:57:00,100.15,100.2,100.15,100.15,152000,172216000
SAIL_F1,06-12-2023,14:58:00,100.15,100.25,100.15,100.25,200000,172216000
SAIL_F1,06-12-2023,14:59:00,100.3,100.4,100.25,100.4,408000,172216000
SAIL_F1,06-12-2023,15:00:00,100.35,100.55,100.35,100.55,328000,172592000
SAIL_F1,06-12-2023,15:01:00,100.5,100.55,100.45,100.45,152000,172592000
SAIL_F1,06-12-2023,15:02:00,100.3,100.3,100.15,100.15,344000,172592000
SAIL_F1,06-12-2023,15:03:00,100.15,100.15,100.05,100.05,416000,172592000
SAIL_F1,06-12-2023,15:04:00,100.1,100.1,100.05,100.1,272000,172896000
SAIL_F1,06-12-2023,15:05:00,100.1,100.1,100.05,100.05,352000,172896000
SAIL_F1,06-12-2023,15:06:00,100.05,100.05,99.95,99.95,80000,172848000
SAIL_F1,06-12-2023,15:07:00,99.9,100.0,99.9,100.0,392000,172848000
SAIL_F1,06-12-2023,15:08:00,99.95,99.95,99.8,99.8,216000,172848000
SAIL_F1,06-12-2023,15:09:00,99.85,99.9,99.85,99.85,224000,172856000
SAIL_F1,06-12-2023,15:10:00,100.0,100.0,100.0,100.0,240000,172856000
SAIL_F1,06-12-2023,15:11:00,100.05,100.05,100.05,100.05,104000,172856000
SAIL_F1,06-12-2023,15:12:00,100.15,100.15,100.05,100.05,632000,173056000
SAIL_F1,06-12-2023,15:13:00,100.1,100.1,100.05,100.05,336000,173056000
SAIL_F1,06-12-2023,15:14:00,100.0,100.05,100.0,100.05,152000,173056000
SAIL_F1,06-12-2023,15:15:00,100.1,100.1,99.9,99.9,496000,173152000
SAIL_F1,06-12-2023,15:16:00,99.9,99.95,99.9,99.95,296000,173152000
SAIL_F1,06-12-2023,15:17:00,99.95,100.0,99.95,100.0,432000,173152000
SAIL_F1,06-12-2023,15:18:00,100.0,100.0,100.0,100.0,152000,173424000
SAIL_F1,06-12-2023,15:19:00,99.95,99.95,99.9,99.95,288000,173424000
SAIL_F1,06-12-2023,15:20:00,99.9,99.9,99.8,99.8,392000,173424000
SAIL_F1,06-12-2023,15:21:00,99.75,99.8,99.75,99.8,416000,173304000
SAIL_F1,06-12-2023,15:22:00,99.85,99.9,99.85,99.9,232000,173304000
SAIL_F1,06-12-2023,15:23:00,99.9,99.95,99.9,99.95,320000,173304000
SAIL_F1,06-12-2023,15:24:00,100.0,100.0,99.8,99.85,576000,173616000
SAIL_F1,06-12-2023,15:25:00,99.85,99.85,99.8,99.8,752000,173616000
SAIL_F1,06-12-2023,15:26:00,99.9,100.0,99.9,100.0,952000,173616000
SAIL_F1,06-12-2023,15:27:00,99.9,99.95,99.85,99.95,472000,174016000
SAIL_F1,06-12-2023,15:28:00,100.0,100.0,99.9,99.95,344000,174016000
SAIL_F1,06-12-2023,15:29:00,100.0,100.1,99.9,100.1,640000,174016000
SAIL_F1,06-12-2023,15:30:00,100.1,100.1,100.1,100.1,72000,174016000
SAIL_F1,07-12-2023,09:15:00,100.5,100.5,99.85,99.85,88001,171856000
SAIL_F1,07-12-2023,09:16:00,99.8,99.8,99.45,99.45,232000,171856000
SAIL_F1,07-12-2023,09:17:00,99.45,99.5,99.35,99.45,120000,171592000
SAIL_F1,07-12-2023,09:18:00,99.45,99.45,99.1,99.1,304000,171592000
SAIL_F1,07-12-2023,09:19:00,99.05,99.25,99.0,99.0,456000,171592000
SAIL_F1,07-12-2023,09:20:00,99.15,99.2,99.15,99.2,48000,171000000
SAIL_F1,07-12-2023,09:21:00,99.05,99.05,99.0,99.0,48000,171000000
SAIL_F1,07-12-2023,09:22:00,98.85,98.9,98.85,98.9,248000,171000000
SAIL_F1,07-12-2023,09:23:00,98.9,98.9,98.7,98.7,256000,170576000
SAIL_F1,07-12-2023,09:24:00,98.5,98.75,98.5,98.75,176000,170576000
SAIL_F1,07-12-2023,09:25:00,98.6,98.6,98.6,98.6,200000,170576000
SAIL_F1,07-12-2023,09:26:00,98.6,98.7,98.6,98.6,32000,170128000
SAIL_F1,07-12-2023,09:27:00,98.6,98.7,98.6,98.65,40000,170128000
SAIL_F1,07-12-2023,09:28:00,98.55,98.55,98.5,98.5,96000,170128000
SAIL_F1,07-12-2023,09:29:00,98.85,98.85,98.85,98.85,128000,169896000
SAIL_F1,07-12-2023,09:30:00,98.75,98.75,98.4,98.4,216000,169896000
SAIL_F1,07-12-2023,09:31:00,98.95,99.1,98.95,99.1,80000,169896000
SAIL_F1,07-12-2023,09:32:00,99.05,99.2,99.0,99.0,80000,169464000
SAIL_F1,07-12-2023,09:33:00,99.0,99.0,99.0,99.0,16000,169464000
SAIL_F1,07-12-2023,09:34:00,99.0,99.0,98.9,98.9,40000,169464000
SAIL_F1,07-12-2023,09:35:00,99.0,99.05,99.0,99.05,64000,169464000
SAIL_F1,07-12-2023,09:36:00,99.1,99.1,99.1,99.1,16000,169264000
SAIL_F1,07-12-2023,09:37:00,99.25,99.25,99.25,99.25,32000,169264000
SAIL_F1,07-12-2023,09:39:00,99.25,99.4,99.25,99.4,16000,169224000
SAIL_F1,07-12-2023,09:40:00,99.4,99.4,99.3,99.3,40000,169224000
SAIL_F1,07-12-2023,09:41:00,99.4,99.4,99.4,99.4,24000,169072000
SAIL_F1,07-12-2023,09:42:00,99.4,99.45,99.4,99.45,40000,169072000
SAIL_F1,07-12-2023,09:43:00,99.5,99.55,99.5,99.55,120000,169072000
SAIL_F1,07-12-2023,09:44:00,99.6,99.6,99.6,99.6,32000,168896000
SAIL_F1,07-12-2023,09:45:00,99.7,99.7,99.65,99.7,56000,168896000
SAIL_F1,07-12-2023,09:46:00,99.65,99.7,99.65,99.7,56000,168896000
SAIL_F1,07-12-2023,09:47:00,99.75,99.8,99.7,99.8,32000,168776000
SAIL_F1,07-12-2023,09:48:00,99.8,99.8,99.8,99.8,48000,168776000
SAIL_F1,07-12-2023,09:49:00,99.8,99.8,99.75,99.75,24000,168776000
SAIL_F1,07-12-2023,09:50:00,99.75,99.75,99.75,99.75,16000,168680000
SAIL_F1,07-12-2023,09:51:00,99.7,99.7,99.7,99.7,32000,168680000
SAIL_F1,07-12-2023,09:52:00,99.7,99.7,99.7,99.7,8000,168680000
SAIL_F1,07-12-2023,09:53:00,99.7,99.7,99.65,99.65,16000,168680000
SAIL_F1,07-12-2023,09:54:00,99.65,99.65,99.65,99.65,8000,168568000
SAIL_F1,07-12-2023,09:55:00,99.7,99.7,99.7,99.7,24000,168568000
SAIL_F1,07-12-2023,09:56:00,99.7,99.7,99.7,99.7,8000,168568000
SAIL_F1,07-12-2023,09:57:00,99.65,99.65,99.6,99.6,24000,168528000
SAIL_F1,07-12-2023,09:58:00,99.5,99.5,99.5,99.5,48000,168528000
SAIL_F1,07-12-2023,09:59:00,99.35,99.35,99.35,99.35,32000,168528000
SAIL_F1,07-12-2023,10:00:00,99.3,99.4,99.3,99.4,72000,168464000
SAIL_F1,07-12-2023,10:02:00,99.35,99.35,99.35,99.35,8000,168464000
SAIL_F1,07-12-2023,10:04:00,99.35,99.35,99.35,99.35,8000,168392000
SAIL_F1,07-12-2023,10:05:00,99.3,99.3,99.3,99.3,8000,168376000
SAIL_F1,07-12-2023,10:06:00,99.3,99.3,99.3,99.3,24000,168376000
SAIL_F1,07-12-2023,10:07:00,99.5,99.5,99.5,99.5,40000,168376000
SAIL_F1,07-12-2023,10:08:00,99.5,99.5,99.5,99.5,8000,168376000
SAIL_F1,07-12-2023,10:09:00,99.55,99.55,99.55,99.55,8000,168296000
SAIL_F1,07-12-2023,10:11:00,99.65,99.65,99.65,99.65,72000,168296000
SAIL_F1,07-12-2023,10:14:00,99.5,99.5,99.5,99.5,8000,168216000
SAIL_F1,07-12-2023,10:16:00,99.65,99.65,99.65,99.65,32000,168208000
SAIL_F1,07-12-2023,10:17:00,99.7,99.7,99.7,99.7,16000,168208000
SAIL_F1,07-12-2023,10:18:00,99.75,99.75,99.75,99.75,8000,168160000
SAIL_F1,07-12-2023,10:20:00,99.65,99.65,99.65,99.65,8000,168160000
SAIL_F1,07-12-2023,10:21:00,99.6,99.6,99.6,99.6,16000,168144000
SAIL_F1,07-12-2023,10:22:00,99.6,99.6,99.6,99.6,8000,168144000
SAIL_F1,07-12-2023,10:23:00,99.65,99.65,99.65,99.65,8000,168128000
SAIL_F1,07-12-2023,10:24:00,99.65,99.7,99.65,99.7,40000,168128000
SAIL_F1,07-12-2023,10:25:00,99.6,99.6,99.6,99.6,8000,168128000
SAIL_F1,07-12-2023,10:27:00,99.75,99.75,99.75,99.75,8000,168088000
SAIL_F1,07-12-2023,10:29:00,99.9,99.9,99.85,99.9,136000,167992000
SAIL_F1,07-12-2023,10:30:00,99.9,99.9,99.9,99.9,24000,167992000
SAIL_F1,07-12-2023,10:31:00,99.9,99.9,99.9,99.9,16000,167992000
SAIL_F1,07-12-2023,10:34:00,100.0,100.0,100.0,100.0,40000,167920000
SAIL_F1,07-12-2023,10:35:00,100.1,100.1,100.1,100.1,24000,167920000
SAIL_F1,07-12-2023,10:37:00,100.1,100.1,100.1,100.1,8000,167872000
SAIL_F1,07-12-2023,10:38:00,100.15,100.3,100.15,100.3,40000,167872000
SAIL_F1,07-12-2023,10:40:00,100.3,100.35,100.3,100.35,32000,167824000
SAIL_F1,07-12-2023,10:41:00,100.3,100.3,100.3,100.3,8000,167824000
SAIL_F1,07-12-2023,10:42:00,100.3,100.3,100.3,100.3,8000,167792000
SAIL_F1,07-12-2023,10:43:00,100.45,100.45,100.45,100.45,32000,167792000
SAIL_F1,07-12-2023,10:44:00,100.5,100.6,100.5,100.6,56000,167792000
SAIL_F1,07-12-2023,10:45:00,100.45,100.45,100.4,100.4,40000,167752000
SAIL_F1,07-12-2023,10:46:00,100.15,100.15,100.0,100.0,200000,167752000
SAIL_F1,07-12-2023,10:47:00,99.8,99.8,99.8,99.8,16000,167752000
SAIL_F1,07-12-2023,10:48:00,100.15,100.15,100.15,100.15,8000,167656000
SAIL_F1,07-12-2023,10:49:00,100.2,100.2,100.2,100.2,8000,167656000
SAIL_F1,07-12-2023,10:55:00,99.85,100.0,99.85,100.0,120000,167520000
SAIL_F1,07-12-2023,10:56:00,99.8,99.8,99.75,99.75,88000,167520000
SAIL_F1,07-12-2023,11:01:00,99.95,99.95,99.95,99.95,8000,167448000
SAIL_F1,07-12-2023,11:05:00,99.95,99.95,99.95,99.95,16000,167448000
SAIL_F1,07-12-2023,11:07:00,99.9,99.9,99.9,99.9,16000,167424000
SAIL_F1,07-12-2023,11:08:00,99.85,99.85,99.85,99.85,24000,167424000
SAIL_F1,07-12-2023,11:09:00,99.85,99.85,99.8,99.85,32000,167392000
SAIL_F1,07-12-2023,11:10:00,99.9,99.9,99.9,99.9,16000,167392000
SAIL_F1,07-12-2023,11:14:00,99.8,99.8,99.7,99.7,32000,167392000
SAIL_F1,07-12-2023,11:15:00,99.65,99.65,99.65,99.65,8000,167384000
SAIL_F1,07-12-2023,11:17:00,99.7,99.75,99.7,99.75,16000,167384000
SAIL_F1,07-12-2023,11:21:00,99.85,99.85,99.85,99.85,16000,167240000
SAIL_F1,07-12-2023,11:23:00,99.85,99.85,99.85,99.85,24000,167240000
SAIL_F1,07-12-2023,11:30:00,99.7,99.7,99.7,99.7,8000,167224000
SAIL_F1,07-12-2023,11:31:00,99.7,99.7,99.7,99.7,8000,167224000
SAIL_F1,07-12-2023,11:35:00,99.65,99.65,99.65,99.65,8000,167216000
SAIL_F1,07-12-2023,11:36:00,99.6,99.75,99.6,99.75,48000,167192000
SAIL_F1,07-12-2023,11:45:00,99.8,99.8,99.8,99.8,8000,167160000
SAIL_F1,07-12-2023,11:46:00,99.9,99.9,99.9,99.9,24000,167160000
SAIL_F1,07-12-2023,11:48:00,99.85,99.85,99.85,99.85,8000,167160000
SAIL_F1,07-12-2023,11:49:00,99.85,99.85,99.85,99.85,24000,167160000
SAIL_F1,07-12-2023,11:51:00,99.75,99.75,99.75,99.75,16000,167168000
SAIL_F1,07-12-2023,11:54:00,99.8,99.8,99.8,99.8,8000,167160000
SAIL_F1,07-12-2023,11:55:00,99.85,99.85,99.85,99.85,24000,167160000
SAIL_F1,07-12-2023,11:56:00,99.85,99.85,99.85,99.85,8000,167160000
SAIL_F1,07-12-2023,11:59:00,99.65,99.8,99.65,99.8,16000,167136000
SAIL_F1,07-12-2023,12:00:00,99.75,99.75,99.75,99.75,24000,167040000
SAIL_F1,07-12-2023,12:01:00,99.75,99.75,99.75,99.75,8000,167040000
SAIL_F1,07-12-2023,12:03:00,99.75,99.75,99.7,99.7,16000,167056000
SAIL_F1,07-12-2023,12:04:00,99.75,99.75,99.75,99.75,8000,167056000
SAIL_F1,07-12-2023,12:05:00,99.65,99.65,99.65,99.65,16000,167056000
SAIL_F1,07-12-2023,12:06:00,99.65,99.65,99.65,99.65,16000,167048000
SAIL_F1,07-12-2023,12:08:00,99.6,99.6,99.6,99.6,8000,167048000
SAIL_F1,07-12-2023,12:10:00,99.5,99.5,99.5,99.5,24000,167024000
SAIL_F1,07-12-2023,12:11:00,99.35,99.4,99.3,99.4,56000,167024000
SAIL_F1,07-12-2023,12:14:00,99.35,99.35,99.35,99.35,8000,166992000
SAIL_F1,07-12-2023,12:15:00,99.2,99.2,99.2,99.2,32000,166984000
SAIL_F1,07-12-2023,12:16:00,99.25,99.25,99.1,99.1,24000,166984000
SAIL_F1,07-12-2023,12:17:00,99.3,99.3,99.3,99.3,24000,166984000
SAIL_F1,07-12-2023,12:18:00,99.15,99.15,99.15,99.15,8000,166880000
SAIL_F1,07-12-2023,12:19:00,99.15,99.15,99.1,99.1,24000,166880000
SAIL_F1,07-12-2023,12:20:00,99.1,99.1,99.1,99.1,8000,166880000
SAIL_F1,07-12-2023,12:21:00,99.1,99.1,99.1,99.1,8000,166872000
SAIL_F1,07-12-2023,12:24:00,99.15,99.15,99.15,99.15,16000,166856000
SAIL_F1,07-12-2023,12:25:00,99.1,99.2,99.1,99.2,16000,166856000
SAIL_F1,07-12-2023,12:27:00,99.25,99.25,99.25,99.25,16000,166832000
SAIL_F1,07-12-2023,12:28:00,99.3,99.3,99.3,99.3,8000,166832000
SAIL_F1,07-12-2023,12:29:00,99.3,99.3,99.3,99.3,8000,166832000
SAIL_F1,07-12-2023,12:30:00,99.3,99.3,99.3,99.3,16000,166776000
SAIL_F1,07-12-2023,12:32:00,99.35,99.6,99.2,99.6,144000,166776000
SAIL_F1,07-12-2023,12:40:00,99.5,99.5,99.5,99.5,8000,166584000
SAIL_F1,07-12-2023,12:41:00,99.55,99.55,99.55,99.55,8000,166584000
SAIL_F1,07-12-2023,12:42:00,99.6,99.6,99.6,99.6,8000,166584000
SAIL_F1,07-12-2023,12:47:00,99.65,99.65,99.65,99.65,8000,166520000
SAIL_F1,07-12-2023,12:52:00,99.6,99.6,99.6,99.6,8000,166512000
SAIL_F1,07-12-2023,12:54:00,99.45,99.5,99.45,99.5,32000,166496000
SAIL_F1,07-12-2023,13:02:00,99.45,99.45,99.45,99.45,16000,166496000
SAIL_F1,07-12-2023,13:04:00,99.35,99.35,99.35,99.35,8000,166488000
SAIL_F1,07-12-2023,13:05:00,99.35,99.35,99.35,99.35,8000,166488000
SAIL_F1,07-12-2023,13:09:00,99.3,99.3,99.3,99.3,8000,166488000
SAIL_F1,07-12-2023,13:15:00,99.4,99.4,99.4,99.4,8000,166448000
SAIL_F1,07-12-2023,13:21:00,99.4,99.4,99.35,99.35,24000,166424000
SAIL_F1,07-12-2023,13:22:00,99.4,99.4,99.4,99.4,8000,166424000
SAIL_F1,07-12-2023,13:25:00,99.35,99.35,99.35,99.35,8000,166400000
SAIL_F1,07-12-2023,13:26:00,99.3,99.3,99.3,99.3,8000,166400000
SAIL_F1,07-12-2023,13:27:00,99.3,99.3,99.15,99.15,56000,166392000
SAIL_F1,07-12-2023,13:28:00,99.1,99.1,99.1,99.1,16000,166392000
SAIL_F1,07-12-2023,13:30:00,99.3,99.35,99.3,99.35,40000,166384000
SAIL_F1,07-12-2023,13:33:00,99.5,99.5,99.5,99.5,8000,166392000
SAIL_F1,07-12-2023,13:34:00,99.55,99.75,99.55,99.75,16000,166392000
SAIL_F1,07-12-2023,13:36:00,99.75,99.75,99.75,99.75,8000,166392000
SAIL_F1,07-12-2023,13:41:00,99.6,99.6,99.6,99.6,8000,166328000
SAIL_F1,07-12-2023,13:45:00,99.55,99.55,99.55,99.55,8000,166320000
SAIL_F1,07-12-2023,13:46:00,99.45,99.45,99.45,99.45,8000,166320000
SAIL_F1,07-12-2023,13:47:00,99.45,99.45,99.45,99.45,8000,166320000
SAIL_F1,07-12-2023,13:53:00,99.45,99.45,99.45,99.45,8000,166312000
SAIL_F1,07-12-2023,13:54:00,99.4,99.4,99.4,99.4,8000,166312000
SAIL_F1,07-12-2023,13:56:00,99.45,99.45,99.45,99.45,8000,166304000
SAIL_F1,07-12-2023,13:58:00,99.45,99.5,99.45,99.5,24000,166304000
SAIL_F1,07-12-2023,14:02:00,99.6,99.6,99.6,99.6,16000,166304000
SAIL_F1,07-12-2023,14:04:00,99.45,99.45,99.4,99.4,104000,166304000
SAIL_F1,07-12-2023,14:05:00,99.4,99.4,99.4,99.4,104000,166304000
SAIL_F1,07-12-2023,14:12:00,99.5,99.5,99.5,99.5,8000,166264000
SAIL_F1,07-12-2023,14:19:00,99.5,99.5,99.5,99.5,8000,166088000
SAIL_F1,07-12-2023,14:22:00,99.5,99.5,99.5,99.5,8000,166088000
SAIL_F1,07-12-2023,14:26:00,99.4,99.4,99.4,99.4,8000,166088000
SAIL_F1,07-12-2023,14:28:00,99.55,99.55,99.55,99.55,8000,166088000
SAIL_F1,07-12-2023,14:32:00,99.65,99.65,99.65,99.65,8000,166088000
SAIL_F1,07-12-2023,14:34:00,99.55,99.55,99.55,99.55,40000,166088000
SAIL_F1,07-12-2023,14:35:00,99.55,99.55,99.55,99.55,32000,166088000
SAIL_F1,07-12-2023,14:36:00,99.55,99.55,99.55,99.55,8000,166072000
SAIL_F1,07-12-2023,14:37:00,99.45,99.45,99.45,99.45,8000,166072000
SAIL_F1,07-12-2023,14:40:00,99.75,99.75,99.75,99.75,8000,165992000
SAIL_F1,07-12-2023,14:42:00,99.45,99.45,99.45,99.45,8000,165976000
SAIL_F1,07-12-2023,14:45:00,99.4,99.4,99.4,99.4,8000,165976000
SAIL_F1,07-12-2023,14:47:00,99.35,99.35,99.35,99.35,24000,165976000
SAIL_F1,07-12-2023,14:49:00,99.3,99.3,99.25,99.25,16000,165968000
SAIL_F1,07-12-2023,14:50:00,99.2,99.3,99.2,99.3,24000,165968000
SAIL_F1,07-12-2023,14:52:00,99.3,99.3,99.3,99.3,8000,165952000
SAIL_F1,07-12-2023,15:00:00,99.5,99.5,99.4,99.4,56000,165928000
SAIL_F1,07-12-2023,15:01:00,99.25,99.4,99.25,99.4,72000,165928000
SAIL_F1,07-12-2023,15:03:00,99.2,99.2,99.2,99.2,56000,165920000
SAIL_F1,07-12-2023,15:04:00,99.15,99.2,99.15,99.2,64000,165920000
SAIL_F1,07-12-2023,15:05:00,99.2,99.2,99.2,99.2,8000,165920000
SAIL_F1,07-12-2023,15:07:00,99.3,99.3,99.3,99.3,8000,165760000
SAIL_F1,07-12-2023,15:08:00,99.25,99.25,99.25,99.25,8000,165760000
SAIL_F1,07-12-2023,15:09:00,99.2,99.2,99.2,99.2,8000,165760000
SAIL_F1,07-12-2023,15:12:00,99.4,99.5,99.4,99.5,56000,165664000
SAIL_F1,07-12-2023,15:13:00,99.55,99.55,99.55,99.55,8000,165664000
SAIL_F1,07-12-2023,15:15:00,99.65,99.65,99.65,99.65,8000,165664000
SAIL_F1,07-12-2023,15:16:00,99.55,99.55,99.55,99.55,48000,165640000
SAIL_F1,07-12-2023,15:23:00,99.25,99.45,99.25,99.45,24000,165656000
SAIL_F1,07-12-2023,15:25:00,99.45,99.45,99.45,99.45,8000,165616000
SAIL_F1,07-12-2023,15:26:00,99.25,99.25,99.25,99.25,8000,165616000
SAIL_F1,07-12-2023,15:27:00,99.25,99.25,99.25,99.25,8000,165616000
SAIL_F1,07-12-2023,15:29:00,99.35,99.35,99.35,99.35,16000,165600000
SAIL_F1,08-12-2023,09:16:00,99.4,99.4,99.4,99.4,8001,164632000
SAIL_F1,08-12-2023,09:17:00,99.8,99.8,99.55,99.55,64000,164600000
SAIL_F1,08-12-2023,09:18:00,99.55,99.7,99.55,99.7,64000,164600000
SAIL_F1,08-12-2023,09:19:00,99.7,99.75,99.7,99.75,32000,164600000
SAIL_F1,08-12-2023,09:20:00,99.75,99.8,99.75,99.8,32000,164512000
SAIL_F1,08-12-2023,09:21:00,99.85,99.9,99.85,99.9,48000,164512000
SAIL_F1,08-12-2023,09:22:00,99.9,99.9,99.8,99.8,32000,164512000
SAIL_F1,08-12-2023,09:24:00,100.05,100.15,100.05,100.15,88000,164496000
SAIL_F1,08-12-2023,09:25:00,100.15,100.15,100.15,100.15,64000,164496000
SAIL_F1,08-12-2023,09:26:00,100.1,100.45,99.3,99.3,264000,164360000
SAIL_F1,08-12-2023,09:27:00,100.1,100.1,100.1,100.1,48000,164360000
SAIL_F1,08-12-2023,09:28:00,100.2,100.2,100.2,100.2,8000,164360000
SAIL_F1,08-12-2023,09:29:00,100.25,100.35,100.25,100.35,104000,164280000
SAIL_F1,08-12-2023,09:30:00,100.35,100.35,100.3,100.3,104000,164280000
SAIL_F1,08-12-2023,09:31:00,100.3,100.3,100.3,100.3,32000,164280000
SAIL_F1,08-12-2023,09:33:00,100.35,100.35,100.1,100.1,96000,164168000
SAIL_F1,08-12-2023,09:34:00,100.2,100.3,100.2,100.3,32000,164168000
SAIL_F1,08-12-2023,09:35:00,100.15,100.2,100.15,100.2,16000,164104000
SAIL_F1,08-12-2023,09:37:00,100.0,100.0,99.9,99.9,24000,164104000
SAIL_F1,08-12-2023,09:38:00,100.0,100.0,100.0,100.0,8000,164104000
SAIL_F1,08-12-2023,09:39:00,99.95,99.95,99.95,99.95,16000,164080000
SAIL_F1,08-12-2023,09:40:00,100.0,100.0,100.0,100.0,8000,164080000
SAIL_F1,08-12-2023,09:42:00,100.15,100.15,100.15,100.15,24000,164080000
SAIL_F1,08-12-2023,09:43:00,100.15,100.2,100.15,100.2,24000,164080000
SAIL_F1,08-12-2023,09:45:00,100.15,100.15,100.15,100.15,8000,164040000
SAIL_F1,08-12-2023,09:46:00,100.3,100.35,100.3,100.35,40000,164040000
SAIL_F1,08-12-2023,09:47:00,100.35,100.35,100.25,100.25,32000,164000000
SAIL_F1,08-12-2023,09:48:00,100.4,100.5,100.4,100.5,32000,164000000
SAIL_F1,08-12-2023,09:50:00,100.55,100.55,100.5,100.5,24000,163960000
SAIL_F1,08-12-2023,09:51:00,100.5,100.5,100.25,100.25,248000,163960000
SAIL_F1,08-12-2023,09:52:00,100.35,100.35,100.35,100.35,8000,163960000
SAIL_F1,08-12-2023,09:53:00,100.4,100.4,100.4,100.4,24000,163856000
SAIL_F1,08-12-2023,09:54:00,100.3,100.3,100.3,100.3,8000,163856000
SAIL_F1,08-12-2023,09:55:00,100.3,100.4,100.3,100.4,16000,163856000
SAIL_F1,08-12-2023,09:56:00,100.3,100.3,100.3,100.3,200000,163824000
SAIL_F1,08-12-2023,09:57:00,100.45,100.45,100.45,100.45,8000,163824000
SAIL_F1,08-12-2023,09:59:00,99.95,99.95,99.9,99.95,96000,163824000
SAIL_F1,08-12-2023,10:00:00,99.75,99.75,99.75,99.75,248000,163632000
SAIL_F1,08-12-2023,10:02:00,100.3,100.3,100.3,100.3,40000,163632000
SAIL_F1,08-12-2023,10:03:00,100.05,100.05,100.05,100.05,16000,163544000
SAIL_F1,08-12-2023,10:04:00,100.0,100.0,100.0,100.0,8000,163544000
SAIL_F1,08-12-2023,10:05:00,99.95,99.95,99.95,99.95,8000,163536000
SAIL_F1,08-12-2023,10:06:00,100.0,100.0,100.0,100.0,8000,163536000
SAIL_F1,08-12-2023,10:07:00,99.95,99.95,99.95,99.95,24000,163536000
SAIL_F1,08-12-2023,10:08:00,99.8,99.8,99.8,99.8,24000,163536000
SAIL_F1,08-12-2023,10:09:00,99.8,99.8,99.8,99.8,8000,163512000
SAIL_F1,08-12-2023,10:11:00,99.75,99.75,99.7,99.7,32000,163512000
SAIL_F1,08-12-2023,10:12:00,99.75,99.75,99.75,99.75,8000,163456000
SAIL_F1,08-12-2023,10:17:00,99.75,99.75,99.75,99.75,8000,163456000
SAIL_F1,08-12-2023,10:21:00,99.75,99.75,99.75,99.75,16000,163456000
SAIL_F1,08-12-2023,10:24:00,99.6,99.6,99.6,99.6,8000,163464000
SAIL_F1,08-12-2023,10:25:00,99.75,99.75,99.75,99.75,8000,163464000
SAIL_F1,08-12-2023,10:26:00,100.0,100.0,100.0,100.0,24000,163464000
SAIL_F1,08-12-2023,10:27:00,100.05,100.05,100.05,100.05,8000,163440000
SAIL_F1,08-12-2023,10:29:00,100.05,100.05,100.05,100.05,8000,163440000
SAIL_F1,08-12-2023,10:31:00,100.0,100.0,100.0,100.0,8000,163416000
SAIL_F1,08-12-2023,10:32:00,100.0,100.0,100.0,100.0,24000,163416000
SAIL_F1,08-12-2023,10:34:00,100.0,100.0,100.0,100.0,88000,163384000
SAIL_F1,08-12-2023,10:35:00,100.0,100.0,100.0,100.0,40000,163288000
SAIL_F1,08-12-2023,10:36:00,99.85,99.85,99.8,99.8,48000,163288000
SAIL_F1,08-12-2023,10:37:00,99.7,99.7,99.6,99.6,80000,163288000
SAIL_F1,08-12-2023,10:38:00,99.5,99.5,99.5,99.5,152000,163224000
SAIL_F1,08-12-2023,10:39:00,99.5,99.95,99.5,99.95,64000,163224000
SAIL_F1,08-12-2023,10:41:00,99.55,99.55,99.55,99.55,8000,163224000
SAIL_F1,08-12-2023,10:43:00,99.5,99.5,99.5,99.5,8000,163224000
SAIL_F1,08-12-2023,10:47:00,99.5,99.5,99.5,99.5,32000,163224000
SAIL_F1,08-12-2023,10:49:00,99.55,99.55,99.55,99.55,8000,163216000
SAIL_F1,08-12-2023,10:51:00,99.5,99.5,99.5,99.5,8000,163216000
SAIL_F1,08-12-2023,10:54:00,99.5,99.5,99.5,99.5,80000,163208000
SAIL_F1,08-12-2023,10:57:00,99.4,99.4,99.3,99.3,32000,163168000
SAIL_F1,08-12-2023,10:59:00,99.4,99.4,99.4,99.4,24000,163168000
SAIL_F1,08-12-2023,11:01:00,99.5,99.5,99.4,99.4,16000,163136000
SAIL_F1,08-12-2023,11:03:00,99.4,99.4,99.3,99.3,104000,163144000
SAIL_F1,08-12-2023,11:04:00,99.25,99.25,99.25,99.25,216000,163144000
SAIL_F1,08-12-2023,11:05:00,99.25,99.25,98.85,98.85,168000,162840000
SAIL_F1,08-12-2023,11:06:00,98.5,98.8,98.5,98.8,312000,162840000
SAIL_F1,08-12-2023,11:07:00,98.7,98.7,98.7,98.7,8000,162840000
SAIL_F1,08-12-2023,11:08:00,98.9,98.9,98.35,98.35,96000,162840000
SAIL_F1,08-12-2023,11:09:00,98.7,98.75,98.6,98.6,32000,162688000
SAIL_F1,08-12-2023,11:10:00,98.5,98.5,98.5,98.5,16000,162688000
SAIL_F1,08-12-2023,11:11:00,98.75,98.75,98.6,98.6,24000,162688000
SAIL_F1,08-12-2023,11:12:00,98.55,98.75,98.55,98.75,88000,162616000
SAIL_F1,08-12-2023,11:13:00,98.85,98.85,98.8,98.8,16000,162616000
SAIL_F1,08-12-2023,11:14:00,99.1,99.1,99.1,99.1,24000,162616000
SAIL_F1,08-12-2023,11:15:00,99.0,99.0,99.0,99.0,8000,162440000
SAIL_F1,08-12-2023,11:16:00,98.9,98.9,98.9,98.9,24000,162440000
SAIL_F1,08-12-2023,11:17:00,98.85,98.85,98.85,98.85,24000,162440000
SAIL_F1,08-12-2023,11:20:00,99.0,99.0,99.0,99.0,8000,162416000
SAIL_F1,08-12-2023,11:23:00,98.7,98.7,98.6,98.6,64000,162400000
SAIL_F1,08-12-2023,11:24:00,98.55,98.55,98.55,98.55,32000,162376000
SAIL_F1,08-12-2023,11:25:00,98.55,98.55,98.55,98.55,16000,162376000
SAIL_F1,08-12-2023,11:27:00,98.55,98.55,98.55,98.55,8000,162368000
SAIL_F1,08-12-2023,11:28:00,98.75,98.75,98.75,98.75,8000,162368000
SAIL_F1,08-12-2023,11:29:00,98.65,98.65,98.65,98.65,16000,162368000
SAIL_F1,08-12-2023,11:30:00,98.5,98.5,98.5,98.5,8000,162368000
SAIL_F1,08-12-2023,11:31:00,98.5,98.7,98.4,98.7,80000,162368000
SAIL_F1,08-12-2023,11:39:00,98.7,98.7,98.7,98.7,40000,162352000
SAIL_F1,08-12-2023,11:41:00,98.65,98.65,98.65,98.65,8000,162320000
SAIL_F1,08-12-2023,11:43:00,98.6,98.6,98.6,98.6,8000,162320000
SAIL_F1,08-12-2023,11:45:00,98.5,98.5,98.5,98.5,8000,162312000
SAIL_F1,08-12-2023,11:46:00,98.45,98.45,98.45,98.45,8000,162312000
SAIL_F1,08-12-2023,11:47:00,98.35,98.35,98.2,98.2,112000,162312000
SAIL_F1,08-12-2023,11:48:00,98.2,98.2,98.2,98.2,48000,162280000
SAIL_F1,08-12-2023,11:49:00,98.2,98.2,98.2,98.2,16000,162280000
SAIL_F1,08-12-2023,11:50:00,98.65,98.65,98.65,98.65,16000,162280000
SAIL_F1,08-12-2023,11:51:00,98.3,98.3,98.3,98.3,32000,162248000
SAIL_F1,08-12-2023,11:57:00,98.55,98.55,98.55,98.55,16000,162248000
SAIL_F1,08-12-2023,11:59:00,98.45,98.45,98.45,98.45,8000,162248000
SAIL_F1,08-12-2023,12:02:00,98.45,98.6,98.45,98.6,32000,162200000
SAIL_F1,08-12-2023,12:06:00,98.65,98.65,98.65,98.65,8000,162224000
SAIL_F1,08-12-2023,12:12:00,98.7,98.7,98.7,98.7,8000,162192000
SAIL_F1,08-12-2023,12:13:00,98.7,98.7,98.7,98.7,8000,162192000
SAIL_F1,08-12-2023,12:15:00,98.75,98.75,98.75,98.75,8000,162184000
SAIL_F1,08-12-2023,12:17:00,98.6,98.6,98.6,98.6,8000,162184000
SAIL_F1,08-12-2023,12:18:00,98.5,98.5,98.5,98.5,32000,162168000
SAIL_F1,08-12-2023,12:20:00,98.45,98.45,98.45,98.45,8000,162168000
SAIL_F1,08-12-2023,12:21:00,98.85,98.85,98.85,98.85,96000,162160000
SAIL_F1,08-12-2023,12:22:00,98.9,98.9,98.85,98.85,16000,162160000
SAIL_F1,08-12-2023,12:32:00,98.6,98.6,98.6,98.6,16000,161984000
SAIL_F1,08-12-2023,12:37:00,98.45,98.45,98.45,98.45,8000,161984000
SAIL_F1,08-12-2023,12:39:00,98.65,98.65,98.65,98.65,16000,161984000
SAIL_F1,08-12-2023,12:40:00,98.6,98.6,98.35,98.35,16000,161984000
SAIL_F1,08-12-2023,12:41:00,98.3,98.3,98.3,98.3,16000,161984000
SAIL_F1,08-12-2023,12:42:00,98.15,98.15,98.15,98.15,64000,161984000
SAIL_F1,08-12-2023,12:43:00,98.15,98.15,98.15,98.15,8000,161920000
SAIL_F1,08-12-2023,12:45:00,98.2,98.2,98.2,98.2,32000,161904000
SAIL_F1,08-12-2023,12:46:00,98.1,98.1,97.85,97.85,184000,161904000
SAIL_F1,08-12-2023,12:47:00,97.85,97.85,97.8,97.8,40000,161904000
SAIL_F1,08-12-2023,12:48:00,97.8,97.8,97.7,97.7,80000,161848000
SAIL_F1,08-12-2023,12:49:00,97.35,97.35,97.35,97.35,48000,161848000
SAIL_F1,08-12-2023,12:50:00,97.35,97.45,97.35,97.45,16000,161848000
SAIL_F1,08-12-2023,12:51:00,97.5,97.7,97.5,97.7,16000,161760000
SAIL_F1,08-12-2023,12:53:00,97.65,97.65,97.65,97.65,16000,161760000
SAIL_F1,08-12-2023,12:54:00,97.6,97.6,97.55,97.55,72000,161720000
SAIL_F1,08-12-2023,12:55:00,97.5,97.5,97.5,97.5,24000,161720000
SAIL_F1,08-12-2023,12:56:00,97.5,97.6,97.5,97.6,48000,161720000
SAIL_F1,08-12-2023,12:57:00,97.85,97.85,97.65,97.65,32000,161560000
SAIL_F1,08-12-2023,12:58:00,97.5,97.5,97.5,97.5,56000,161560000
SAIL_F1,08-12-2023,13:00:00,97.5,97.5,97.4,97.4,72000,161552000
SAIL_F1,08-12-2023,13:01:00,97.25,97.25,97.2,97.2,88000,161552000
SAIL_F1,08-12-2023,13:02:00,97.3,97.3,97.0,97.0,240000,161552000
SAIL_F1,08-12-2023,13:03:00,96.95,96.95,96.95,96.95,48000,161432000
SAIL_F1,08-12-2023,13:05:00,96.95,96.95,96.95,96.95,8000,161432000
SAIL_F1,08-12-2023,13:06:00,96.9,96.9,96.9,96.9,24000,161432000
SAIL_F1,08-12-2023,13:07:00,96.9,97.25,96.9,97.25,56000,161432000
SAIL_F1,08-12-2023,13:08:00,97.05,97.05,97.05,97.05,72000,161432000
SAIL_F1,08-12-2023,13:09:00,97.0,97.0,97.0,97.0,16000,161400000
SAIL_F1,08-12-2023,13:10:00,97.1,97.1,97.1,97.1,8000,161400000
SAIL_F1,08-12-2023,13:11:00,97.2,97.2,97.2,97.2,16000,161400000
SAIL_F1,08-12-2023,13:13:00,97.15,97.15,97.15,97.15,8000,161296000
SAIL_F1,08-12-2023,13:14:00,97.2,97.5,97.2,97.5,72000,161296000
SAIL_F1,08-12-2023,13:15:00,97.5,97.5,97.4,97.4,24000,161296000
SAIL_F1,08-12-2023,13:17:00,97.3,97.3,97.3,97.3,8000,161296000
SAIL_F1,08-12-2023,13:23:00,97.7,97.7,97.7,97.7,16000,161296000
SAIL_F1,08-12-2023,13:33:00,97.35,97.35,97.35,97.35,8000,161248000
SAIL_F1,08-12-2023,13:34:00,97.45,97.6,97.45,97.6,16000,161248000
SAIL_F1,08-12-2023,13:35:00,97.45,97.45,97.45,97.45,8000,161248000
SAIL_F1,08-12-2023,13:39:00,97.3,97.3,97.3,97.3,8000,161224000
SAIL_F1,08-12-2023,13:40:00,97.15,97.15,97.15,97.15,8000,161224000
SAIL_F1,08-12-2023,13:42:00,97.05,97.05,97.05,97.05,8000,161216000
SAIL_F1,08-12-2023,13:43:00,96.9,96.9,96.9,96.9,16000,161216000
SAIL_F1,08-12-2023,13:44:00,96.85,96.85,96.8,96.8,64000,161216000
SAIL_F1,08-12-2023,13:45:00,96.75,96.75,96.6,96.6,24000,161168000
SAIL_F1,08-12-2023,13:46:00,96.55,96.55,96.55,96.55,24000,161168000
SAIL_F1,08-12-2023,13:47:00,96.75,96.75,96.75,96.75,24000,161168000
SAIL_F1,08-12-2023,13:48:00,96.95,96.95,96.95,96.95,16000,161160000
SAIL_F1,08-12-2023,13:49:00,96.6,96.6,96.6,96.6,40000,161160000
SAIL_F1,08-12-2023,13:50:00,96.9,96.9,96.9,96.9,8000,161160000
SAIL_F1,08-12-2023,13:52:00,96.8,96.8,96.75,96.75,40000,161160000
SAIL_F1,08-12-2023,13:53:00,97.0,97.0,97.0,97.0,8000,161160000
SAIL_F1,08-12-2023,13:59:00,97.15,97.25,97.15,97.25,16000,161112000
SAIL_F1,08-12-2023,14:00:00,97.3,97.3,97.3,97.3,16000,161112000
SAIL_F1,08-12-2023,14:01:00,97.4,97.4,97.3,97.3,16000,161112000
SAIL_F1,08-12-2023,14:03:00,97.65,97.65,97.65,97.65,8000,161112000
SAIL_F1,08-12-2023,14:05:00,97.45,97.45,97.45,97.45,8000,161096000
SAIL_F1,08-12-2023,14:06:00,97.45,97.45,97.45,97.45,8000,161096000
SAIL_F1,08-12-2023,14:08:00,97.45,97.45,97.45,97.45,16000,161096000
SAIL_F1,08-12-2023,14:09:00,97.5,97.5,97.5,97.5,16000,161096000
SAIL_F1,08-12-2023,14:21:00,97.6,97.6,97.6,97.6,8000,161000000
SAIL_F1,08-12-2023,14:31:00,97.8,97.8,97.8,97.8,8000,160960000
SAIL_F1,08-12-2023,14:32:00,97.9,97.9,97.9,97.9,16000,160960000
SAIL_F1,08-12-2023,14:34:00,97.95,97.95,97.95,97.95,16000,160960000
SAIL_F1,08-12-2023,14:35:00,98.05,98.05,98.05,98.05,8000,160960000
SAIL_F1,08-12-2023,14:39:00,98.3,98.3,98.3,98.3,8000,160960000
SAIL_F1,08-12-2023,14:40:00,98.35,98.35,98.35,98.35,16000,160952000
SAIL_F1,08-12-2023,14:41:00,98.5,98.5,98.5,98.5,8000,160952000
SAIL_F1,08-12-2023,14:42:00,98.45,98.45,98.45,98.45,16000,160936000
SAIL_F1,08-12-2023,14:43:00,98.6,98.6,98.6,98.6,8000,160936000
SAIL_F1,08-12-2023,14:46:00,98.6,98.6,98.55,98.55,16000,160920000
SAIL_F1,08-12-2023,15:01:00,98.65,98.65,98.65,98.65,16000,160912000
SAIL_F1,08-12-2023,15:02:00,98.65,98.7,98.65,98.7,16000,160912000
SAIL_F1,08-12-2023,15:05:00,98.85,98.85,98.85,98.85,8000,160912000
SAIL_F1,08-12-2023,15:06:00,98.85,98.85,98.85,98.85,8000,160912000
SAIL_F1,08-12-2023,15:07:00,98.9,98.9,98.9,98.9,8000,160904000
SAIL_F1,08-12-2023,15:12:00,98.5,98.5,98.5,98.5,88000,160896000
SAIL_F1,08-12-2023,15:13:00,98.5,98.5,98.5,98.5,152000,160896000
SAIL_F1,08-12-2023,15:15:00,98.45,98.5,98.45,98.5,48000,161112000
SAIL_F1,08-12-2023,15:16:00,98.45,98.45,98.0,98.0,272000,161112000
SAIL_F1,08-12-2023,15:17:00,98.0,98.0,98.0,98.0,88000,161112000
SAIL_F1,08-12-2023,15:18:00,97.85,97.85,97.85,97.85,8000,161112000
SAIL_F1,08-12-2023,15:19:00,98.05,98.05,98.05,98.05,8000,161136000
SAIL_F1,08-12-2023,15:22:00,98.1,98.1,98.0,98.0,24000,160864000
SAIL_F1,08-12-2023,15:23:00,98.0,98.0,98.0,98.0,8000,160864000
SAIL_F1,08-12-2023,15:25:00,98.3,98.4,98.3,98.4,40000,160856000
SAIL_F1,08-12-2023,15:28:00,98.2,98.2,98.2,98.2,8000,160848000
SAIL_F1,08-12-2023,15:29:00,98.25,98.3,98.25,98.3,32000,160848000
SAIL_F1,11-12-2023,09:15:00,98.25,98.35,98.15,98.15,64002,156632000
SAIL_F1,11-12-2023,09:19:00,98.7,99.2,98.15,99.2,80000,156632000
SAIL_F1,11-12-2023,09:21:00,99.25,99.6,99.2,99.6,56000,156664000
SAIL_F1,11-12-2023,09:22:00,99.6,99.6,99.0,99.0,200000,156664000
SAIL_F1,11-12-2023,09:23:00,99.0,99.0,99.0,99.0,72000,156664000
SAIL_F1,11-12-2023,09:24:00,99.0,99.0,99.0,99.0,8000,156600000
SAIL_F1,11-12-2023,09:26:00,99.0,99.0,99.0,99.0,96000,156576000
SAIL_F1,11-12-2023,09:28:00,98.8,98.8,98.8,98.8,8000,156576000
SAIL_F1,11-12-2023,09:29:00,98.85,98.85,98.8,98.8,16000,156576000
SAIL_F1,11-12-2023,09:30:00,99.0,99.0,99.0,99.0,8000,156544000
SAIL_F1,11-12-2023,09:31:00,99.0,99.0,99.0,99.0,8000,156544000
SAIL_F1,11-12-2023,09:33:00,99.3,99.3,99.3,99.3,16000,156528000
SAIL_F1,11-12-2023,09:35:00,99.15,99.3,99.15,99.3,24000,156512000
SAIL_F1,11-12-2023,09:36:00,99.3,99.35,99.3,99.35,16000,156512000
SAIL_F1,11-12-2023,09:39:00,99.0,99.05,99.0,99.05,88000,156488000
SAIL_F1,11-12-2023,09:40:00,99.05,99.05,99.05,99.05,16000,156488000
SAIL_F1,11-12-2023,09:42:00,99.15,99.15,99.15,99.15,16000,156472000
SAIL_F1,11-12-2023,09:45:00,99.0,99.15,99.0,99.15,16000,156456000
SAIL_F1,11-12-2023,09:46:00,99.15,99.15,99.15,99.15,8000,156456000
SAIL_F1,11-12-2023,09:48:00,99.1,99.1,99.1,99.1,8000,156448000
SAIL_F1,11-12-2023,09:49:00,99.3,99.3,99.3,99.3,8000,156448000
SAIL_F1,11-12-2023,09:51:00,99.4,99.4,99.4,99.4,8000,156432000
SAIL_F1,11-12-2023,09:52:00,99.45,99.45,99.45,99.45,8000,156432000
SAIL_F1,11-12-2023,09:54:00,99.45,99.45,99.45,99.45,8000,156408000
SAIL_F1,11-12-2023,09:55:00,99.5,99.5,99.3,99.3,56000,156408000
SAIL_F1,11-12-2023,09:57:00,99.3,99.3,99.3,99.3,16000,156392000
SAIL_F1,11-12-2023,09:58:00,99.0,99.0,99.0,99.0,64000,156392000
SAIL_F1,11-12-2023,10:00:00,99.3,99.3,99.3,99.3,8000,156376000
SAIL_F1,11-12-2023,10:01:00,99.45,99.45,99.45,99.45,8000,156376000
SAIL_F1,11-12-2023,10:03:00,99.55,99.55,99.55,99.55,8000,156360000
SAIL_F1,11-12-2023,10:04:00,99.6,99.6,99.3,99.3,16000,156360000
SAIL_F1,11-12-2023,10:06:00,99.35,99.35,99.35,99.35,16000,156344000
SAIL_F1,11-12-2023,10:07:00,99.55,99.75,99.55,99.75,16000,156344000
SAIL_F1,11-12-2023,10:09:00,99.75,99.75,99.75,99.75,8000,156328000
SAIL_F1,11-12-2023,10:10:00,99.6,99.6,99.3,99.3,24000,156328000
SAIL_F1,11-12-2023,10:11:00,99.25,99.25,99.25,99.25,24000,156328000
SAIL_F1,11-12-2023,10:13:00,99.75,99.75,99.75,99.75,16000,156312000
SAIL_F1,11-12-2023,10:15:00,99.45,99.45,99.45,99.45,16000,156296000
SAIL_F1,11-12-2023,10:16:00,99.2,99.2,99.2,99.2,8000,156296000
SAIL_F1,11-12-2023,10:18:00,99.2,99.2,99.2,99.2,8000,156280000
SAIL_F1,11-12-2023,10:19:00,99.4,99.4,99.4,99.4,8000,156280000
SAIL_F1,11-12-2023,10:20:00,99.3,99.3,99.3,99.3,8000,156280000
SAIL_F1,11-12-2023,10:21:00,99.5,99.5,99.5,99.5,8000,156264000
SAIL_F1,11-12-2023,10:22:00,99.5,99.5,99.35,99.35,48000,156264000
SAIL_F1,11-12-2023,10:24:00,99.3,99.3,99.3,99.3,8000,156248000
SAIL_F1,11-12-2023,10:25:00,99.45,99.45,99.15,99.15,16000,156248000
SAIL_F1,11-12-2023,10:27:00,99.55,99.55,99.55,99.55,8000,156232000
SAIL_F1,11-12-2023,10:28:00,99.6,99.6,99.25,99.25,16000,156232000
SAIL_F1,11-12-2023,10:31:00,99.3,99.3,99.3,99.3,72000,156224000
SAIL_F1,11-12-2023,10:32:00,99.15,99.15,99.15,99.15,32000,156224000
SAIL_F1,11-12-2023,10:34:00,99.3,99.3,99.3,99.3,16000,156208000
SAIL_F1,11-12-2023,10:37:00,99.3,99.3,99.3,99.3,16000,156184000
SAIL_F1,11-12-2023,10:38:00,99.3,99.3,99.3,99.3,8000,156184000
SAIL_F1,11-12-2023,10:39:00,99.5,99.5,99.5,99.5,8000,156168000
SAIL_F1,11-12-2023,10:40:00,99.65,99.65,99.65,99.65,16000,156168000
SAIL_F1,11-12-2023,10:42:00,99.15,99.15,99.15,99.15,16000,156152000
SAIL_F1,11-12-2023,10:43:00,99.05,99.05,99.05,99.05,8000,156152000
SAIL_F1,11-12-2023,10:44:00,98.9,98.9,98.9,98.9,40000,156152000
SAIL_F1,11-12-2023,10:46:00,99.3,99.3,99.3,99.3,16000,156136000
SAIL_F1,11-12-2023,10:48:00,99.0,99.0,99.0,99.0,8000,156128000
SAIL_F1,11-12-2023,10:49:00,99.3,99.4,99.3,99.4,16000,156128000
SAIL_F1,11-12-2023,10:52:00,99.4,99.4,99.4,99.4,16000,156112000
SAIL_F1,11-12-2023,10:55:00,99.45,99.45,99.45,99.45,16000,156088000
SAIL_F1,11-12-2023,10:58:00,99.45,99.45,99.45,99.45,16000,156072000
SAIL_F1,11-12-2023,11:01:00,99.4,99.45,99.4,99.45,16000,156056000
SAIL_F1,11-12-2023,11:03:00,99.55,99.75,99.55,99.75,48000,156040000
SAIL_F1,11-12-2023,11:04:00,99.75,99.75,99.75,99.75,16000,156040000
SAIL_F1,11-12-2023,11:07:00,99.65,99.65,99.6,99.6,16000,156024000
SAIL_F1,11-12-2023,11:08:00,99.4,99.4,99.4,99.4,64000,156008000
SAIL_F1,11-12-2023,11:09:00,99.4,99.9,99.4,99.9,32000,156008000
SAIL_F1,11-12-2023,11:10:00,99.9,99.9,99.9,99.9,16000,156008000
SAIL_F1,11-12-2023,11:11:00,99.9,99.9,99.75,99.75,96000,155984000
SAIL_F1,11-12-2023,11:12:00,99.75,99.75,99.75,99.75,16000,155984000
SAIL_F1,11-12-2023,11:13:00,99.75,99.75,99.75,99.75,16000,155984000
SAIL_F1,11-12-2023,11:16:00,99.85,99.9,99.85,99.9,16000,155968000
SAIL_F1,11-12-2023,11:19:00,99.8,99.8,99.8,99.8,16000,155952000
SAIL_F1,11-12-2023,11:22:00,99.75,99.9,99.75,99.9,16000,155936000
SAIL_F1,11-12-2023,11:25:00,99.9,99.9,99.9,99.9,16000,155920000
SAIL_F1,11-12-2023,11:28:00,99.9,99.95,99.9,99.95,16000,155904000
SAIL_F1,11-12-2023,11:30:00,99.95,99.95,99.95,99.95,8000,155888000
SAIL_F1,11-12-2023,11:31:00,99.85,99.9,99.85,99.9,16000,155888000
SAIL_F1,11-12-2023,11:34:00,99.45,99.45,99.45,99.45,24000,155872000
SAIL_F1,11-12-2023,11:35:00,99.5,99.5,99.5,99.5,8000,155872000
SAIL_F1,11-12-2023,11:36:00,99.5,99.5,99.5,99.5,8000,155856000
SAIL_F1,11-12-2023,11:37:00,99.85,99.85,99.85,99.85,8000,155856000
SAIL_F1,11-12-2023,11:38:00,99.9,99.9,99.9,99.9,8000,155856000
SAIL_F1,11-12-2023,11:40:00,99.8,99.8,99.8,99.8,16000,155840000
SAIL_F1,11-12-2023,11:41:00,99.45,99.45,99.45,99.45,8000,155840000
SAIL_F1,11-12-2023,11:43:00,99.85,99.85,99.85,99.85,8000,155824000
SAIL_F1,11-12-2023,11:44:00,99.9,99.9,99.9,99.9,8000,155824000
SAIL_F1,11-12-2023,11:46:00,99.85,99.85,99.85,99.85,16000,155808000
SAIL_F1,11-12-2023,11:48:00,99.45,99.45,99.45,99.45,8000,155792000
SAIL_F1,11-12-2023,11:50:00,99.9,99.9,99.9,99.9,16000,155792000
SAIL_F1,11-12-2023,11:52:00,99.9,99.9,99.9,99.9,8000,155776000
SAIL_F1,11-12-2023,11:53:00,99.9,99.9,99.9,99.9,8000,155776000
SAIL_F1,11-12-2023,11:55:00,99.8,99.9,99.8,99.9,16000,155760000
SAIL_F1,11-12-2023,11:58:00,99.9,99.9,99.9,99.9,8000,155744000
SAIL_F1,11-12-2023,11:59:00,99.95,99.95,99.95,99.95,8000,155744000
SAIL_F1,11-12-2023,12:00:00,99.8,99.9,99.8,99.9,32000,155728000
SAIL_F1,11-12-2023,12:02:00,100.0,100.0,100.0,100.0,56000,155728000
SAIL_F1,11-12-2023,12:05:00,99.8,99.8,99.8,99.8,16000,155712000
SAIL_F1,11-12-2023,12:07:00,99.8,99.8,99.8,99.8,8000,155696000
SAIL_F1,11-12-2023,12:08:00,99.8,99.8,99.8,99.8,8000,155696000
SAIL_F1,11-12-2023,12:11:00,99.8,99.8,99.8,99.8,16000,155680000
SAIL_F1,11-12-2023,12:14:00,99.9,99.9,99.9,99.9,16000,155664000
SAIL_F1,11-12-2023,12:17:00,99.95,99.95,99.95,99.95,16000,155656000
SAIL_F1,11-12-2023,12:20:00,99.95,99.95,99.95,99.95,16000,155640000
SAIL_F1,11-12-2023,12:23:00,99.9,99.95,99.9,99.95,16000,155624000
SAIL_F1,11-12-2023,12:25:00,99.9,99.9,99.9,99.9,8000,155600000
SAIL_F1,11-12-2023,12:26:00,99.95,99.95,99.95,99.95,8000,155600000
SAIL_F1,11-12-2023,12:29:00,99.95,99.95,99.95,99.95,16000,155584000
SAIL_F1,11-12-2023,12:32:00,99.9,99.95,99.9,99.95,16000,155568000
SAIL_F1,11-12-2023,12:34:00,99.9,99.9,99.9,99.9,8000,155552000
SAIL_F1,11-12-2023,12:35:00,99.95,99.95,99.95,99.95,8000,155552000
SAIL_F1,11-12-2023,12:36:00,99.95,99.95,99.95,99.95,16000,155536000
SAIL_F1,11-12-2023,12:38:00,99.95,100.0,99.95,100.0,16000,155536000
SAIL_F1,11-12-2023,12:41:00,100.0,100.0,100.0,100.0,16000,155504000
SAIL_F1,11-12-2023,12:44:00,99.9,99.95,99.9,99.95,16000,155488000
SAIL_F1,11-12-2023,12:47:00,99.95,100.0,99.95,100.0,16000,155472000
SAIL_F1,11-12-2023,12:49:00,99.6,99.6,99.6,99.6,16000,155456000
SAIL_F1,11-12-2023,12:50:00,99.9,99.9,99.9,99.9,8000,155456000
SAIL_F1,11-12-2023,12:53:00,99.85,99.85,99.85,99.85,16000,155440000
SAIL_F1,11-12-2023,12:56:00,99.9,99.9,99.9,99.9,16000,155424000
SAIL_F1,11-12-2023,12:59:00,99.9,99.95,99.9,99.95,16000,155408000
SAIL_F1,11-12-2023,13:02:00,99.95,100.0,99.95,100.0,16000,155392000
SAIL_F1,11-12-2023,13:03:00,100.05,100.05,100.05,100.05,8000,155376000
SAIL_F1,11-12-2023,13:05:00,100.05,100.05,100.0,100.0,16000,155376000
SAIL_F1,11-12-2023,13:08:00,99.95,100.0,99.95,100.0,16000,155360000
SAIL_F1,11-12-2023,13:11:00,99.9,99.95,99.9,99.95,16000,155344000
SAIL_F1,11-12-2023,13:14:00,100.0,100.0,100.0,100.0,16000,155328000
SAIL_F1,11-12-2023,13:17:00,100.0,100.0,99.5,99.5,24000,155312000
SAIL_F1,11-12-2023,13:20:00,100.0,100.0,100.0,100.0,16000,155296000
SAIL_F1,11-12-2023,13:23:00,100.05,100.05,100.05,100.05,16000,155280000
SAIL_F1,11-12-2023,13:26:00,100.1,100.1,100.1,100.1,16000,155264000
SAIL_F1,11-12-2023,13:29:00,100.1,100.15,100.1,100.15,16000,155248000
SAIL_F1,11-12-2023,13:30:00,100.15,100.15,100.15,100.15,8000,155224000
SAIL_F1,11-12-2023,13:32:00,100.0,100.1,100.0,100.1,16000,155224000
SAIL_F1,11-12-2023,13:35:00,100.15,100.15,100.15,100.15,16000,155200000
SAIL_F1,11-12-2023,13:38:00,100.0,100.0,100.0,100.0,8000,155184000
SAIL_F1,11-12-2023,13:39:00,100.1,100.1,100.1,100.1,8000,155184000
SAIL_F1,11-12-2023,13:42:00,100.15,100.15,100.15,100.15,16000,155168000
SAIL_F1,11-12-2023,13:43:00,100.05,100.05,100.05,100.05,16000,155168000
SAIL_F1,11-12-2023,13:44:00,100.15,100.2,100.15,100.2,16000,155152000
SAIL_F1,11-12-2023,13:48:00,100.2,100.2,100.2,100.2,16000,155128000
SAIL_F1,11-12-2023,13:50:00,100.2,100.2,100.2,100.2,8000,155112000
SAIL_F1,11-12-2023,13:51:00,100.25,100.25,100.25,100.25,8000,155112000
SAIL_F1,11-12-2023,13:53:00,100.25,100.25,100.2,100.2,16000,155096000
SAIL_F1,11-12-2023,13:54:00,100.25,100.25,100.25,100.25,8000,155096000
SAIL_F1,11-12-2023,13:56:00,100.2,100.2,100.2,100.2,16000,155080000
SAIL_F1,11-12-2023,13:59:00,100.0,100.0,100.0,100.0,8000,155064000
SAIL_F1,11-12-2023,14:00:00,100.15,100.15,100.15,100.15,16000,155064000
SAIL_F1,11-12-2023,14:03:00,100.05,100.05,100.05,100.05,16000,155040000
SAIL_F1,11-12-2023,14:07:00,100.3,100.3,100.3,100.3,32000,155040000
SAIL_F1,11-12-2023,14:08:00,100.35,100.35,100.35,100.35,24000,155040000
SAIL_F1,11-12-2023,14:10:00,100.3,100.3,100.3,100.3,16000,155064000
SAIL_F1,11-12-2023,14:12:00,100.3,100.3,100.3,100.3,8000,155064000
SAIL_F1,11-12-2023,14:13:00,100.3,100.3,100.3,100.3,88000,155064000
SAIL_F1,11-12-2023,14:16:00,100.15,100.15,100.15,100.15,8000,155064000
SAIL_F1,11-12-2023,14:23:00,100.0,100.0,100.0,100.0,8000,155056000
SAIL_F1,11-12-2023,14:24:00,100.0,100.0,100.0,100.0,24000,155056000
SAIL_F1,11-12-2023,14:25:00,100.0,100.0,100.0,100.0,8000,155056000
SAIL_F1,11-12-2023,14:36:00,100.0,100.0,100.0,100.0,8000,155040000
SAIL_F1,11-12-2023,14:37:00,99.95,99.95,99.95,99.95,8000,155040000
SAIL_F1,11-12-2023,14:38:00,100.0,100.0,100.0,100.0,32000,155040000
SAIL_F1,11-12-2023,14:39:00,100.3,100.55,100.3,100.55,336000,155032000
SAIL_F1,11-12-2023,14:40:00,100.75,100.9,100.75,100.8,176000,155032000
SAIL_F1,11-12-2023,14:41:00,100.6,100.6,100.6,100.6,8000,155032000
SAIL_F1,11-12-2023,14:42:00,100.55,100.55,100.55,100.55,8000,154976000
SAIL_F1,11-12-2023,14:43:00,100.8,100.9,100.8,100.9,96000,154976000
SAIL_F1,11-12-2023,14:44:00,100.8,100.8,100.75,100.75,16000,154976000
SAIL_F1,11-12-2023,14:45:00,100.9,100.9,100.9,100.9,40000,154976000
SAIL_F1,11-12-2023,14:46:00,100.9,100.9,100.9,100.9,8000,154976000
SAIL_F1,11-12-2023,14:47:00,100.95,100.95,100.95,100.95,32000,154976000
SAIL_F1,11-12-2023,14:48:00,101.0,101.1,101.0,101.1,120000,154976000
SAIL_F1,11-12-2023,14:49:00,100.95,100.95,100.95,100.95,24000,154976000
SAIL_F1,11-12-2023,14:50:00,101.0,101.05,101.0,101.05,32000,154976000
SAIL_F1,11-12-2023,14:51:00,100.95,101.1,100.95,101.1,16000,154976000
SAIL_F1,11-12-2023,14:53:00,101.0,101.0,101.0,101.0,24000,154976000
SAIL_F1,11-12-2023,14:54:00,101.1,101.1,101.1,101.1,8000,154976000
SAIL_F1,11-12-2023,14:56:00,101.0,101.0,101.0,101.0,8000,154968000
SAIL_F1,11-12-2023,14:57:00,101.1,101.1,100.9,100.9,16000,154968000
SAIL_F1,11-12-2023,14:59:00,100.95,100.95,100.95,100.95,8000,154968000
SAIL_F1,11-12-2023,15:00:00,101.1,101.1,101.0,101.0,16000,154968000
SAIL_F1,11-12-2023,15:01:00,100.95,100.95,100.95,100.95,8000,154960000
SAIL_F1,11-12-2023,15:02:00,101.1,101.1,101.0,101.0,16000,154960000
SAIL_F1,11-12-2023,15:03:00,101.05,101.05,101.05,101.05,8000,154952000
SAIL_F1,11-12-2023,15:05:00,101.15,101.15,101.15,101.15,8000,154952000
SAIL_F1,11-12-2023,15:06:00,101.15,101.15,101.15,101.15,8000,154944000
SAIL_F1,11-12-2023,15:07:00,101.05,101.05,101.05,101.05,24000,154944000
SAIL_F1,11-12-2023,15:08:00,101.15,101.2,101.15,101.2,64000,154944000
SAIL_F1,11-12-2023,15:09:00,101.2,101.2,101.15,101.15,16000,154920000
SAIL_F1,11-12-2023,15:10:00,101.15,101.15,101.15,101.15,8000,154920000
SAIL_F1,11-12-2023,15:11:00,101.15,101.15,101.15,101.15,24000,154920000
SAIL_F1,11-12-2023,15:12:00,101.15,101.15,101.1,101.1,16000,154920000
SAIL_F1,11-12-2023,15:13:00,101.15,101.15,101.15,101.15,40000,154920000
SAIL_F1,11-12-2023,15:14:00,101.1,101.1,101.1,101.1,8000,154920000
SAIL_F1,11-12-2023,15:16:00,101.15,101.2,101.15,101.2,16000,154920000
SAIL_F1,11-12-2023,15:17:00,101.15,101.15,101.15,101.15,80000,154920000
SAIL_F1,11-12-2023,15:18:00,101.15,101.15,101.15,101.15,16000,154920000
SAIL_F1,11-12-2023,15:19:00,101.2,101.2,101.2,101.2,24000,154920000
SAIL_F1,11-12-2023,15:21:00,101.15,101.15,101.15,101.15,16000,154920000
SAIL_F1,11-12-2023,15:22:00,101.2,101.2,101.15,101.15,24000,154920000
SAIL_F1,11-12-2023,15:23:00,101.15,101.15,101.15,101.15,16000,154920000
SAIL_F1,11-12-2023,15:24:00,101.15,101.15,101.15,101.15,16000,154912000
SAIL_F1,11-12-2023,15:25:00,101.2,101.2,101.1,101.1,40000,154912000
SAIL_F1,11-12-2023,15:26:00,101.0,101.0,101.0,101.0,16000,154912000
SAIL_F1,11-12-2023,15:27:00,101.05,101.05,101.0,101.0,32000,154888000
SAIL_F1,11-12-2023,15:28:00,101.05,101.05,101.0,101.0,48000,154888000
SAIL_F1,11-12-2023,15:29:00,101.0,101.15,101.0,101.15,64000,154888000
SAIL_F1,12-12-2023,09:15:00,101.75,102.15,101.75,102.15,176001,151720000
SAIL_F1,12-12-2023,09:16:00,102.0,102.1,102.0,102.1,88000,151720000
SAIL_F1,12-12-2023,09:17:00,102.25,102.4,102.25,102.4,176000,151760000
SAIL_F1,12-12-2023,09:18:00,102.6,102.65,102.6,102.65,336000,151760000
SAIL_F1,12-12-2023,09:19:00,102.5,102.55,102.5,102.55,328000,151760000
SAIL_F1,12-12-2023,09:20:00,102.5,102.55,102.5,102.55,136000,151760000
SAIL_F1,12-12-2023,09:21:00,102.5,102.5,102.5,102.5,56000,151760000
SAIL_F1,12-12-2023,09:22:00,102.1,102.1,102.1,102.1,32000,151760000
SAIL_F1,12-12-2023,09:23:00,102.05,102.1,102.05,102.1,56000,151688000
SAIL_F1,12-12-2023,09:26:00,101.95,101.95,101.85,101.85,48000,151688000
SAIL_F1,12-12-2023,09:27:00,102.05,102.1,102.05,102.1,88000,151712000
SAIL_F1,12-12-2023,09:28:00,102.15,102.3,102.15,102.3,32000,151712000
SAIL_F1,12-12-2023,09:29:00,102.25,102.25,102.25,102.25,8000,151712000
SAIL_F1,12-12-2023,09:30:00,102.25,102.25,102.25,102.25,8000,151720000
SAIL_F1,12-12-2023,09:31:00,102.25,102.25,102.25,102.25,8000,151720000
SAIL_F1,12-12-2023,09:32:00,102.4,102.5,102.4,102.5,32000,151720000
SAIL_F1,12-12-2023,09:33:00,102.4,102.45,102.4,102.45,16000,151728000
SAIL_F1,12-12-2023,09:34:00,102.5,102.5,102.5,102.5,48000,151728000
SAIL_F1,12-12-2023,09:35:00,102.5,102.5,102.5,102.5,112000,151688000
SAIL_F1,12-12-2023,09:36:00,102.45,102.55,102.45,102.55,224000,151688000
SAIL_F1,12-12-2023,09:37:00,102.55,102.55,102.5,102.5,136000,151688000
SAIL_F1,12-12-2023,09:38:00,102.35,102.35,102.15,102.15,112000,151680000
SAIL_F1,12-12-2023,09:39:00,102.25,102.25,102.2,102.2,56000,151680000
SAIL_F1,12-12-2023,09:40:00,102.05,102.05,102.05,102.05,72000,151680000
SAIL_F1,12-12-2023,09:41:00,101.95,101.95,101.95,101.95,72000,151680000
SAIL_F1,12-12-2023,09:42:00,101.95,102.1,101.95,102.1,72000,151672000
SAIL_F1,12-12-2023,09:43:00,102.0,102.0,101.95,101.95,40000,151672000
SAIL_F1,12-12-2023,09:44:00,101.9,101.95,101.9,101.95,48000,151688000
SAIL_F1,12-12-2023,09:45:00,101.95,102.05,101.95,102.05,112000,151688000
SAIL_F1,12-12-2023,09:46:00,101.9,101.9,101.9,101.9,8000,151688000
SAIL_F1,12-12-2023,09:47:00,101.9,102.15,101.9,102.15,104000,151688000
SAIL_F1,12-12-2023,09:48:00,102.1,102.2,102.1,102.2,120000,151712000
SAIL_F1,12-12-2023,09:49:00,102.25,102.3,102.25,102.3,32000,151712000
SAIL_F1,12-12-2023,09:50:00,102.25,102.3,102.25,102.3,184000,151712000
SAIL_F1,12-12-2023,09:52:00,102.25,102.5,102.25,102.4,88000,151688000
SAIL_F1,12-12-2023,09:53:00,102.3,102.3,102.3,102.3,8000,151688000
SAIL_F1,12-12-2023,09:54:00,102.25,102.45,102.25,102.45,48000,151648000
SAIL_F1,12-12-2023,09:56:00,102.15,102.15,102.15,102.15,8000,151648000
SAIL_F1,12-12-2023,09:58:00,102.0,102.0,101.9,101.9,40000,151632000
SAIL_F1,12-12-2023,09:59:00,101.9,101.9,101.9,101.9,24000,151632000
SAIL_F1,12-12-2023,10:00:00,101.85,101.85,101.85,101.85,8000,151616000
SAIL_F1,12-12-2023,10:01:00,101.9,101.9,101.8,101.8,64000,151616000
SAIL_F1,12-12-2023,10:02:00,101.75,101.75,101.5,101.5,48000,151616000
SAIL_F1,12-12-2023,10:03:00,101.5,101.7,101.5,101.7,88000,151592000
SAIL_F1,12-12-2023,10:04:00,101.7,101.75,101.7,101.75,72000,151592000
SAIL_F1,12-12-2023,10:05:00,101.75,101.8,101.75,101.75,72000,151592000
SAIL_F1,12-12-2023,10:06:00,101.75,101.75,101.75,101.75,16000,151616000
SAIL_F1,12-12-2023,10:07:00,101.7,101.7,101.65,101.65,16000,151616000
SAIL_F1,12-12-2023,10:08:00,101.75,101.75,101.75,101.75,8000,151616000
SAIL_F1,12-12-2023,10:10:00,101.8,101.8,101.75,101.75,16000,151528000
SAIL_F1,12-12-2023,10:11:00,101.75,101.75,101.75,101.75,16000,151528000
SAIL_F1,12-12-2023,10:12:00,101.75,101.75,101.75,101.75,16000,151544000
SAIL_F1,12-12-2023,10:13:00,101.55,101.55,101.4,101.4,96000,151544000
SAIL_F1,12-12-2023,10:14:00,101.3,101.4,101.3,101.4,48000,151544000
SAIL_F1,12-12-2023,10:15:00,101.3,101.45,101.3,101.45,24000,151600000
SAIL_F1,12-12-2023,10:16:00,101.3,101.45,101.3,101.45,16000,151600000
SAIL_F1,12-12-2023,10:17:00,101.15,101.15,101.15,101.15,8000,151592000
SAIL_F1,12-12-2023,10:19:00,101.05,101.05,101.05,101.05,32000,151592000
SAIL_F1,12-12-2023,10:20:00,100.95,100.95,100.95,100.95,24000,151592000
SAIL_F1,12-12-2023,10:21:00,101.15,101.15,101.15,101.15,8000,151528000
SAIL_F1,12-12-2023,10:22:00,101.1,101.1,101.1,101.1,8000,151528000
SAIL_F1,12-12-2023,10:24:00,101.25,101.25,101.25,101.25,16000,151488000
SAIL_F1,12-12-2023,10:25:00,101.1,101.1,101.1,101.1,8000,151488000
SAIL_F1,12-12-2023,10:26:00,101.25,101.25,101.2,101.2,48000,151488000
SAIL_F1,12-12-2023,10:27:00,101.35,101.4,101.35,101.4,40000,151464000
SAIL_F1,12-12-2023,10:28:00,101.45,101.45,101.25,101.25,16000,151464000
SAIL_F1,12-12-2023,10:29:00,101.3,101.3,101.3,101.3,16000,151456000
SAIL_F1,12-12-2023,10:30:00,101.35,101.35,101.35,101.35,8000,151456000
SAIL_F1,12-12-2023,10:31:00,101.25,101.25,101.25,101.25,8000,151456000
SAIL_F1,12-12-2023,10:32:00,101.45,101.45,101.45,101.45,16000,151456000
SAIL_F1,12-12-2023,10:34:00,101.5,101.5,101.4,101.4,64000,151440000
SAIL_F1,12-12-2023,10:35:00,101.45,101.65,101.45,101.65,32000,151424000
SAIL_F1,12-12-2023,10:36:00,101.6,101.65,101.6,101.65,24000,151424000
SAIL_F1,12-12-2023,10:38:00,101.7,101.75,101.7,101.75,48000,151424000
SAIL_F1,12-12-2023,10:39:00,101.8,101.95,101.8,101.95,64000,151424000
SAIL_F1,12-12-2023,10:40:00,101.95,101.95,101.85,101.85,24000,151424000
SAIL_F1,12-12-2023,10:41:00,101.95,101.95,101.75,101.75,104000,151424000
SAIL_F1,12-12-2023,10:42:00,101.95,101.95,101.95,101.95,16000,151408000
SAIL_F1,12-12-2023,10:43:00,101.95,101.95,101.95,101.95,48000,151408000
SAIL_F1,12-12-2023,10:44:00,101.9,101.9,101.9,101.9,24000,151408000
SAIL_F1,12-12-2023,10:46:00,101.8,101.8,101.8,101.8,8000,151408000
SAIL_F1,12-12-2023,10:47:00,101.75,101.75,101.6,101.6,24000,151408000
SAIL_F1,12-12-2023,10:49:00,102.0,102.0,102.0,102.0,72000,151392000
SAIL_F1,12-12-2023,10:50:00,102.0,102.0,102.0,102.0,16000,151392000
SAIL_F1,12-12-2023,10:51:00,101.95,102.0,101.95,102.0,40000,151392000
SAIL_F1,12-12-2023,10:52:00,102.0,102.0,102.0,102.0,56000,151392000
SAIL_F1,12-12-2023,10:53:00,102.0,102.0,101.95,101.95,32000,151392000
SAIL_F1,12-12-2023,10:54:00,101.95,102.0,101.85,101.85,152000,151344000
SAIL_F1,12-12-2023,10:56:00,101.85,101.85,101.85,101.85,8000,151344000
SAIL_F1,12-12-2023,10:57:00,102.0,102.0,102.0,102.0,8000,151336000
SAIL_F1,12-12-2023,10:59:00,101.95,101.95,101.95,101.95,16000,151312000
SAIL_F1,12-12-2023,11:03:00,102.1,102.1,102.1,102.1,8000,151312000
SAIL_F1,12-12-2023,11:04:00,102.05,102.05,102.05,102.05,16000,151312000
SAIL_F1,12-12-2023,11:05:00,102.05,102.1,102.05,102.1,16000,151312000
SAIL_F1,12-12-2023,11:06:00,102.05,102.3,102.0,102.3,80000,151304000
SAIL_F1,12-12-2023,11:07:00,102.2,102.2,102.2,102.2,32000,151304000
SAIL_F1,12-12-2023,11:08:00,102.15,102.15,102.15,102.15,8000,151304000
SAIL_F1,12-12-2023,11:09:00,102.15,102.15,102.15,102.15,96000,151288000
SAIL_F1,12-12-2023,11:10:00,102.15,102.15,102.15,102.15,16000,151288000
SAIL_F1,12-12-2023,11:11:00,102.15,102.15,102.15,102.15,16000,151288000
SAIL_F1,12-12-2023,11:14:00,102.2,102.35,102.2,102.35,32000,151280000
SAIL_F1,12-12-2023,11:15:00,102.3,102.3,102.3,102.3,16000,151264000
SAIL_F1,12-12-2023,11:16:00,102.3,102.35,102.3,102.35,48000,151264000
SAIL_F1,12-12-2023,11:17:00,102.4,102.4,102.4,102.4,32000,151264000
SAIL_F1,12-12-2023,11:18:00,102.35,102.4,102.35,102.4,40000,151256000
SAIL_F1,12-12-2023,11:19:00,102.45,102.5,102.45,102.5,224000,151256000
SAIL_F1,12-12-2023,11:20:00,102.3,102.3,102.3,102.3,16000,151256000
SAIL_F1,12-12-2023,11:22:00,102.3,102.3,102.3,102.3,56000,151248000
SAIL_F1,12-12-2023,11:23:00,102.3,102.3,102.3,102.3,8000,151248000
SAIL_F1,12-12-2023,11:24:00,102.3,102.3,102.25,102.25,40000,151256000
SAIL_F1,12-12-2023,11:25:00,102.15,102.15,102.15,102.15,8000,151256000
SAIL_F1,12-12-2023,11:26:00,102.1,102.1,102.1,102.1,8000,151256000
SAIL_F1,12-12-2023,11:27:00,102.1,102.1,102.1,102.1,8000,151232000
SAIL_F1,12-12-2023,11:29:00,102.2,102.25,102.2,102.25,16000,151232000
SAIL_F1,12-12-2023,11:30:00,102.35,102.35,102.35,102.35,8000,151192000
SAIL_F1,12-12-2023,11:33:00,102.4,102.4,102.4,102.4,8000,151192000
SAIL_F1,12-12-2023,11:34:00,102.4,102.4,102.4,102.4,8000,151192000
SAIL_F1,12-12-2023,11:35:00,102.35,102.35,102.35,102.35,16000,151192000
SAIL_F1,12-12-2023,11:37:00,102.4,102.4,102.4,102.4,8000,151160000
SAIL_F1,12-12-2023,11:39:00,102.35,102.35,102.35,102.35,16000,151144000
SAIL_F1,12-12-2023,11:40:00,102.35,102.4,102.35,102.4,16000,151144000
SAIL_F1,12-12-2023,11:41:00,102.4,102.5,102.4,102.5,32000,151144000
SAIL_F1,12-12-2023,11:42:00,102.45,102.45,102.45,102.45,8000,151128000
SAIL_F1,12-12-2023,11:43:00,102.4,102.4,102.4,102.4,8000,151128000
SAIL_F1,12-12-2023,11:44:00,102.3,102.3,102.3,102.3,16000,151128000
SAIL_F1,12-12-2023,11:48:00,102.45,102.45,102.45,102.45,8000,151112000
SAIL_F1,12-12-2023,11:51:00,102.35,102.35,102.35,102.35,8000,151104000
SAIL_F1,12-12-2023,11:52:00,102.35,102.35,102.35,102.35,8000,151104000
SAIL_F1,12-12-2023,11:53:00,102.45,102.45,102.45,102.45,8000,151104000
SAIL_F1,12-12-2023,11:54:00,102.3,102.3,102.3,102.3,8000,151096000
SAIL_F1,12-12-2023,11:56:00,102.35,102.35,102.3,102.3,24000,151096000
SAIL_F1,12-12-2023,12:00:00,102.4,102.4,102.4,102.4,8000,151080000
SAIL_F1,12-12-2023,12:02:00,102.3,102.3,102.3,102.3,16000,151080000
SAIL_F1,12-12-2023,12:03:00,102.3,102.3,102.3,102.3,8000,151080000
SAIL_F1,12-12-2023,12:04:00,102.25,102.3,102.25,102.3,16000,151064000
SAIL_F1,12-12-2023,12:05:00,102.3,102.3,102.2,102.25,32000,151064000
SAIL_F1,12-12-2023,12:06:00,102.2,102.2,102.2,102.2,8000,151064000
SAIL_F1,12-12-2023,12:07:00,102.25,102.25,102.25,102.25,8000,151064000
SAIL_F1,12-12-2023,12:08:00,102.25,102.4,102.25,102.4,32000,151064000
SAIL_F1,12-12-2023,12:12:00,102.35,102.35,102.25,102.25,16000,151048000
SAIL_F1,12-12-2023,12:14:00,102.2,102.2,102.15,102.15,16000,151048000
SAIL_F1,12-12-2023,12:15:00,102.15,102.15,102.15,102.15,24000,151008000
SAIL_F1,12-12-2023,12:17:00,102.1,102.1,102.1,102.1,8000,151008000
SAIL_F1,12-12-2023,12:20:00,102.25,102.25,102.25,102.25,8000,151000000
SAIL_F1,12-12-2023,12:24:00,102.3,102.3,102.3,102.3,8000,150992000
SAIL_F1,12-12-2023,12:27:00,102.2,102.2,102.2,102.2,8000,150984000
SAIL_F1,12-12-2023,12:30:00,102.2,102.2,102.2,102.2,8000,150976000
SAIL_F1,12-12-2023,12:31:00,102.25,102.25,102.25,102.25,88000,150976000
SAIL_F1,12-12-2023,12:34:00,102.3,102.3,102.3,102.3,8000,150944000
SAIL_F1,12-12-2023,12:35:00,102.35,102.35,102.35,102.35,8000,150944000
SAIL_F1,12-12-2023,12:39:00,102.4,102.4,102.4,102.4,8000,150920000
SAIL_F1,12-12-2023,12:42:00,102.25,102.25,102.25,102.25,16000,150920000
SAIL_F1,12-12-2023,12:46:00,102.15,102.15,102.15,102.15,16000,150912000
SAIL_F1,12-12-2023,12:47:00,102.15,102.15,102.15,102.15,8000,150912000
SAIL_F1,12-12-2023,12:48:00,102.1,102.1,102.05,102.05,16000,150888000
SAIL_F1,12-12-2023,12:49:00,102.0,102.1,102.0,102.1,40000,150888000
SAIL_F1,12-12-2023,12:50:00,102.1,102.1,102.1,102.1,8000,150888000
SAIL_F1,12-12-2023,12:51:00,101.95,101.95,101.95,101.95,8000,150880000
SAIL_F1,12-12-2023,12:54:00,102.0,102.0,101.95,101.95,112000,150872000
SAIL_F1,12-12-2023,12:55:00,102.05,102.05,102.05,102.05,16000,150872000
SAIL_F1,12-12-2023,12:56:00,102.0,102.0,102.0,102.0,16000,150872000
SAIL_F1,12-12-2023,12:57:00,102.0,102.05,102.0,102.05,32000,150848000
SAIL_F1,12-12-2023,12:58:00,102.1,102.1,102.1,102.1,8000,150848000
SAIL_F1,12-12-2023,12:59:00,101.95,101.95,101.9,101.9,24000,150848000
SAIL_F1,12-12-2023,13:01:00,101.85,101.85,101.85,101.85,8000,150824000
SAIL_F1,12-12-2023,13:02:00,101.9,101.9,101.9,101.9,16000,150824000
SAIL_F1,12-12-2023,13:04:00,101.85,101.85,101.85,101.85,48000,150816000
SAIL_F1,12-12-2023,13:05:00,101.85,102.05,101.85,102.05,16000,150816000
SAIL_F1,12-12-2023,13:09:00,102.05,102.05,102.05,102.05,8000,150792000
SAIL_F1,12-12-2023,13:11:00,102.0,102.0,102.0,102.0,8000,150792000
SAIL_F1,12-12-2023,13:12:00,102.0,102.0,102.0,102.0,8000,150776000
SAIL_F1,12-12-2023,13:13:00,102.05,102.05,102.05,102.05,8000,150776000
SAIL_F1,12-12-2023,13:14:00,102.05,102.05,102.05,102.05,8000,150776000
SAIL_F1,12-12-2023,13:16:00,101.9,101.9,101.9,101.9,8000,150752000
SAIL_F1,12-12-2023,13:18:00,102.0,102.0,102.0,102.0,8000,150752000
SAIL_F1,12-12-2023,13:20:00,101.95,102.0,101.95,102.0,48000,150736000
SAIL_F1,12-12-2023,13:21:00,102.0,102.0,102.0,102.0,8000,150728000
SAIL_F1,12-12-2023,13:23:00,102.05,102.05,102.05,102.05,8000,150728000
SAIL_F1,12-12-2023,13:25:00,102.05,102.1,102.05,102.1,16000,150720000
SAIL_F1,12-12-2023,13:26:00,102.1,102.2,102.1,102.15,48000,150720000
SAIL_F1,12-12-2023,13:27:00,102.25,102.25,102.25,102.25,8000,150720000
SAIL_F1,12-12-2023,13:29:00,102.25,102.25,102.25,102.25,8000,150696000
SAIL_F1,12-12-2023,13:30:00,102.25,102.25,102.25,102.25,8000,150696000
SAIL_F1,12-12-2023,13:31:00,102.15,102.15,102.15,102.15,8000,150680000
SAIL_F1,12-12-2023,13:33:00,102.3,102.3,102.3,102.3,8000,150680000
SAIL_F1,12-12-2023,13:34:00,102.15,102.15,102.15,102.15,8000,150672000
SAIL_F1,12-12-2023,13:35:00,102.15,102.15,102.15,102.15,16000,150672000
SAIL_F1,12-12-2023,13:39:00,102.2,102.2,102.2,102.2,8000,150664000
SAIL_F1,12-12-2023,13:40:00,102.3,102.3,102.3,102.3,8000,150656000
SAIL_F1,12-12-2023,13:44:00,102.3,102.3,102.3,102.3,8000,150648000
SAIL_F1,12-12-2023,13:46:00,102.35,102.35,102.35,102.35,8000,150640000
SAIL_F1,12-12-2023,13:48:00,102.3,102.3,102.3,102.3,8000,150632000
SAIL_F1,12-12-2023,13:52:00,102.3,102.3,102.3,102.3,8000,150632000
SAIL_F1,12-12-2023,13:53:00,102.25,102.25,102.25,102.25,8000,150632000
SAIL_F1,12-12-2023,13:54:00,102.2,102.25,102.2,102.25,16000,150616000
SAIL_F1,12-12-2023,13:55:00,102.25,102.25,102.25,102.25,24000,150616000
SAIL_F1,12-12-2023,13:56:00,102.2,102.2,102.2,102.2,16000,150616000
SAIL_F1,12-12-2023,13:57:00,102.3,102.3,102.25,102.25,40000,150592000
SAIL_F1,12-12-2023,14:00:00,102.3,102.3,102.3,102.3,16000,150592000
SAIL_F1,12-12-2023,14:04:00,102.2,102.2,102.15,102.15,32000,150560000
SAIL_F1,12-12-2023,14:05:00,102.25,102.25,102.25,102.25,8000,150560000
SAIL_F1,12-12-2023,14:06:00,102.25,102.25,102.25,102.25,8000,150544000
SAIL_F1,12-12-2023,14:07:00,102.25,102.25,102.25,102.25,32000,150544000
SAIL_F1,12-12-2023,14:08:00,102.2,102.2,102.2,102.2,8000,150544000
SAIL_F1,12-12-2023,14:09:00,102.3,102.3,102.3,102.3,8000,150544000
SAIL_F1,12-12-2023,14:10:00,102.2,102.2,102.2,102.2,8000,150544000
SAIL_F1,12-12-2023,14:13:00,102.1,102.1,102.1,102.1,16000,150544000
SAIL_F1,12-12-2023,14:14:00,102.1,102.1,102.05,102.05,24000,150544000
SAIL_F1,12-12-2023,14:21:00,101.9,101.9,101.9,101.9,16000,150528000
SAIL_F1,12-12-2023,14:22:00,102.0,102.0,102.0,102.0,8000,150528000
SAIL_F1,12-12-2023,14:23:00,102.0,102.0,102.0,102.0,8000,150528000
SAIL_F1,12-12-2023,14:24:00,101.9,101.95,101.9,101.95,16000,150520000
SAIL_F1,12-12-2023,14:26:00,101.9,101.9,101.9,101.9,24000,150520000
SAIL_F1,12-12-2023,14:27:00,101.95,101.95,101.95,101.95,8000,150520000
SAIL_F1,12-12-2023,14:29:00,102.0,102.0,102.0,102.0,8000,150520000
SAIL_F1,12-12-2023,14:32:00,101.6,101.6,101.6,101.6,8000,150520000
SAIL_F1,12-12-2023,14:33:00,101.65,101.65,101.6,101.6,48000,150520000
SAIL_F1,12-12-2023,14:34:00,101.6,101.6,100.85,100.85,104000,150520000
SAIL_F1,12-12-2023,14:35:00,100.85,101.5,100.85,101.5,48000,150520000
SAIL_F1,12-12-2023,14:36:00,101.5,101.5,101.5,101.5,16000,150504000
SAIL_F1,12-12-2023,14:37:00,101.25,101.25,101.15,101.15,16000,150504000
SAIL_F1,12-12-2023,14:38:00,101.15,101.15,101.15,101.15,48000,150504000
SAIL_F1,12-12-2023,14:39:00,101.15,101.15,101.15,101.15,24000,150504000
SAIL_F1,12-12-2023,14:40:00,101.3,101.3,101.3,101.3,8000,150504000
SAIL_F1,12-12-2023,14:41:00,101.15,101.15,101.15,101.15,8000,150504000
SAIL_F1,12-12-2023,14:42:00,101.05,101.05,101.05,101.05,16000,150504000
SAIL_F1,12-12-2023,14:43:00,100.85,100.85,100.85,100.85,40000,150512000
SAIL_F1,12-12-2023,14:44:00,100.9,100.9,100.7,100.7,56000,150512000
SAIL_F1,12-12-2023,14:45:00,100.1,100.35,100.1,100.35,208000,150504000
SAIL_F1,12-12-2023,14:46:00,100.35,100.35,100.35,100.35,8000,150504000
SAIL_F1,12-12-2023,14:47:00,100.35,100.35,100.35,100.35,8000,150504000
SAIL_F1,12-12-2023,14:49:00,100.4,100.4,100.4,100.4,16000,150456000
SAIL_F1,12-12-2023,14:51:00,100.3,100.3,100.3,100.3,8000,150456000
SAIL_F1,12-12-2023,14:52:00,100.0,100.0,100.0,100.0,24000,150416000
SAIL_F1,12-12-2023,14:53:00,99.95,99.95,99.95,99.95,32000,150416000
SAIL_F1,12-12-2023,14:54:00,100.1,100.1,100.1,100.1,8000,150416000
SAIL_F1,12-12-2023,14:55:00,100.3,100.3,100.3,100.3,16000,150416000
SAIL_F1,12-12-2023,14:56:00,100.35,100.35,100.35,100.35,8000,150416000
SAIL_F1,12-12-2023,14:59:00,100.25,100.25,100.25,100.25,40000,150416000
SAIL_F1,12-12-2023,15:00:00,100.25,100.25,100.2,100.2,40000,150416000
SAIL_F1,12-12-2023,15:01:00,100.25,100.3,100.25,100.3,16000,150416000
SAIL_F1,12-12-2023,15:10:00,100.3,100.35,100.3,100.35,40000,150408000
SAIL_F1,12-12-2023,15:11:00,100.35,100.35,100.35,100.35,40000,150408000
SAIL_F1,12-12-2023,15:12:00,100.5,100.5,100.5,100.5,8000,150408000
SAIL_F1,12-12-2023,15:15:00,100.45,100.45,100.45,100.45,8000,150368000
SAIL_F1,12-12-2023,15:19:00,100.2,100.2,100.2,100.2,40000,150360000
SAIL_F1,12-12-2023,15:22:00,100.25,100.25,100.25,100.25,8000,150352000
SAIL_F1,12-12-2023,15:23:00,100.35,100.35,100.35,100.35,8000,150352000
SAIL_F1,12-12-2023,15:24:00,100.4,100.4,100.4,100.4,8000,150352000
SAIL_F1,12-12-2023,15:25:00,100.5,100.5,100.5,100.5,48000,150352000
SAIL_F1,12-12-2023,15:26:00,100.6,100.6,100.5,100.5,48000,150352000
SAIL_F1,12-12-2023,15:27:00,100.75,100.85,100.75,100.85,224000,150352000
SAIL_F1,12-12-2023,15:28:00,100.8,101.15,100.8,101.15,256000,150352000
SAIL_F1,13-12-2023,09:15:00,101.0,101.1,101.0,101.1,16002,142864000
SAIL_F1,13-12-2023,09:16:00,100.9,100.9,100.9,100.9,56000,142864000
SAIL_F1,13-12-2023,09:17:00,101.05,101.2,101.05,101.2,48000,142864000
SAIL_F1,13-12-2023,09:18:00,101.25,101.25,101.25,101.25,56000,142840000
SAIL_F1,13-12-2023,09:19:00,101.25,101.25,101.25,101.25,8000,142840000
SAIL_F1,13-12-2023,09:20:00,101.5,101.5,101.5,101.5,40000,142840000
SAIL_F1,13-12-2023,09:21:00,101.5,101.5,101.4,101.4,24000,142840000
SAIL_F1,13-12-2023,09:22:00,101.4,101.6,101.4,101.6,56000,142840000
SAIL_F1,13-12-2023,09:23:00,101.7,101.7,101.7,101.7,24000,142840000
SAIL_F1,13-12-2023,09:24:00,101.6,101.6,101.6,101.6,16000,142840000
SAIL_F1,13-12-2023,09:25:00,101.5,101.5,101.5,101.5,8000,142840000
SAIL_F1,13-12-2023,09:26:00,101.5,101.7,101.5,101.7,64000,142840000
SAIL_F1,13-12-2023,09:27:00,101.75,101.8,101.75,101.8,56000,142840000
SAIL_F1,13-12-2023,09:28:00,101.75,101.75,101.75,101.75,88000,142840000
SAIL_F1,13-12-2023,09:29:00,101.9,101.9,101.9,101.9,16000,142840000
SAIL_F1,13-12-2023,09:30:00,102.0,102.2,102.0,102.2,32000,142840000
SAIL_F1,13-12-2023,09:31:00,102.1,102.2,102.1,102.2,96000,142840000
SAIL_F1,13-12-2023,09:32:00,102.2,102.2,102.2,102.2,32000,142840000
SAIL_F1,13-12-2023,09:35:00,102.0,102.05,102.0,102.05,48000,142720000
SAIL_F1,13-12-2023,09:36:00,102.2,102.25,102.2,102.25,48000,142720000
SAIL_F1,13-12-2023,09:37:00,102.35,102.5,102.35,102.5,176000,142720000
SAIL_F1,13-12-2023,09:38:00,102.65,102.65,102.65,102.65,48000,142720000
SAIL_F1,13-12-2023,09:40:00,102.25,102.35,102.25,102.35,64000,142720000
SAIL_F1,13-12-2023,09:41:00,102.4,102.4,102.4,102.4,48000,142720000
SAIL_F1,13-12-2023,09:42:00,102.4,102.85,102.4,102.85,160000,142720000
SAIL_F1,13-12-2023,09:43:00,102.85,102.85,102.6,102.6,32000,142720000
SAIL_F1,13-12-2023,09:44:00,102.65,102.65,102.5,102.55,40000,142720000
SAIL_F1,13-12-2023,09:45:00,102.6,102.6,102.6,102.6,24000,142720000
SAIL_F1,13-12-2023,09:46:00,102.5,102.5,102.4,102.4,40000,142720000
SAIL_F1,13-12-2023,09:47:00,102.3,102.3,102.3,102.3,24000,142720000
SAIL_F1,13-12-2023,09:48:00,102.3,102.3,102.3,102.3,16000,142720000
SAIL_F1,13-12-2023,09:50:00,102.4,102.4,102.3,102.3,40000,142720000
SAIL_F1,13-12-2023,09:51:00,102.45,102.45,102.2,102.2,48000,142720000
SAIL_F1,13-12-2023,09:52:00,102.15,102.15,102.15,102.15,8000,142720000
SAIL_F1,13-12-2023,09:53:00,102.0,102.0,101.95,101.95,96000,142720000
SAIL_F1,13-12-2023,09:54:00,101.9,101.9,101.9,101.9,24000,142720000
SAIL_F1,13-12-2023,09:55:00,101.85,101.85,101.85,101.85,8000,142720000
SAIL_F1,13-12-2023,09:57:00,101.85,101.85,101.85,101.85,24000,142720000
SAIL_F1,13-12-2023,09:58:00,101.75,101.75,101.65,101.65,48000,142720000
SAIL_F1,13-12-2023,09:59:00,101.6,101.6,101.5,101.5,64000,142720000
SAIL_F1,13-12-2023,10:00:00,101.45,101.6,101.45,101.6,56000,142720000
SAIL_F1,13-12-2023,10:01:00,101.6,101.6,101.6,101.6,8000,142720000
SAIL_F1,13-12-2023,10:03:00,101.7,101.7,101.7,101.7,8000,142680000
SAIL_F1,13-12-2023,10:04:00,101.75,101.75,101.75,101.75,8000,142680000
SAIL_F1,13-12-2023,10:05:00,101.65,101.7,101.65,101.7,24000,142680000
SAIL_F1,13-12-2023,10:06:00,101.75,101.75,101.75,101.75,8000,142664000
SAIL_F1,13-12-2023,10:07:00,101.8,101.85,101.8,101.85,16000,142664000
SAIL_F1,13-12-2023,10:08:00,101.75,101.75,101.75,101.75,8000,142664000
SAIL_F1,13-12-2023,10:09:00,101.95,101.95,101.95,101.95,24000,142664000
SAIL_F1,13-12-2023,10:12:00,101.75,101.75,101.75,101.75,16000,142672000
SAIL_F1,13-12-2023,10:14:00,101.75,101.75,101.75,101.75,16000,142672000
SAIL_F1,13-12-2023,10:15:00,101.75,101.75,101.75,101.75,8000,142672000
SAIL_F1,13-12-2023,10:19:00,101.75,101.75,101.75,101.75,8000,142672000
SAIL_F1,13-12-2023,10:20:00,101.7,101.7,101.7,101.7,16000,142672000
SAIL_F1,13-12-2023,10:21:00,101.65,101.7,101.65,101.7,56000,142672000
SAIL_F1,13-12-2023,10:24:00,101.6,101.6,101.6,101.6,8000,142680000
SAIL_F1,13-12-2023,10:25:00,101.55,101.55,101.5,101.5,32000,142680000
SAIL_F1,13-12-2023,10:27:00,101.65,101.65,101.65,101.65,8000,142680000
SAIL_F1,13-12-2023,10:28:00,101.7,101.7,101.7,101.7,8000,142680000
SAIL_F1,13-12-2023,10:29:00,101.5,101.5,101.5,101.5,8000,142680000
SAIL_F1,13-12-2023,10:30:00,101.7,101.7,101.7,101.7,8000,142656000
SAIL_F1,13-12-2023,10:31:00,101.55,101.55,101.55,101.55,16000,142656000
SAIL_F1,13-12-2023,10:32:00,101.5,101.6,101.5,101.55,24000,142656000
SAIL_F1,13-12-2023,10:36:00,101.7,101.7,101.7,101.7,8000,142664000
SAIL_F1,13-12-2023,10:39:00,101.7,101.7,101.7,101.7,8000,142656000
SAIL_F1,13-12-2023,10:42:00,101.9,101.9,101.9,101.9,16000,142656000
SAIL_F1,13-12-2023,10:45:00,101.6,101.6,101.6,101.6,8000,142656000
SAIL_F1,13-12-2023,10:48:00,101.75,101.8,101.75,101.8,16000,142656000
SAIL_F1,13-12-2023,10:52:00,101.7,101.7,101.7,101.7,16000,142656000
SAIL_F1,13-12-2023,10:58:00,101.85,101.85,101.85,101.85,8000,142656000
SAIL_F1,13-12-2023,10:59:00,101.95,102.0,101.95,102.0,32000,142656000
SAIL_F1,13-12-2023,11:01:00,101.9,101.9,101.9,101.9,8000,142656000
SAIL_F1,13-12-2023,11:04:00,101.9,101.95,101.9,101.95,24000,142656000
SAIL_F1,13-12-2023,11:10:00,101.95,101.95,101.95,101.95,8000,142656000
SAIL_F1,13-12-2023,11:12:00,102.1,102.1,102.1,102.1,8000,142656000
SAIL_F1,13-12-2023,11:13:00,102.2,102.2,102.2,102.2,8000,142656000
SAIL_F1,13-12-2023,11:14:00,102.2,102.2,102.2,102.2,16000,142656000
SAIL_F1,13-12-2023,11:15:00,102.2,102.2,102.2,102.2,8000,142656000
SAIL_F1,13-12-2023,11:16:00,102.0,102.0,102.0,102.0,16000,142480000
SAIL_F1,13-12-2023,11:17:00,102.1,102.1,102.1,102.1,16000,142480000
SAIL_F1,13-12-2023,11:18:00,102.1,102.1,102.1,102.1,48000,142480000
SAIL_F1,13-12-2023,11:19:00,102.05,102.05,102.05,102.05,16000,142480000
SAIL_F1,13-12-2023,11:20:00,102.1,102.1,102.1,102.1,8000,142480000
SAIL_F1,13-12-2023,11:22:00,102.0,102.0,102.0,102.0,16000,142480000
SAIL_F1,13-12-2023,11:24:00,101.95,101.95,101.95,101.95,16000,142480000
SAIL_F1,13-12-2023,11:27:00,102.05,102.05,102.05,102.05,8000,142480000
SAIL_F1,13-12-2023,11:30:00,101.95,101.95,101.95,101.95,8000,142472000
SAIL_F1,13-12-2023,11:33:00,101.85,101.85,101.85,101.85,16000,142472000
SAIL_F1,13-12-2023,11:36:00,101.7,101.7,101.6,101.6,80000,142472000
SAIL_F1,13-12-2023,11:37:00,101.65,101.65,101.65,101.65,32000,142472000
SAIL_F1,13-12-2023,11:38:00,101.65,101.65,101.65,101.65,16000,142472000
SAIL_F1,13-12-2023,11:39:00,101.6,101.6,101.6,101.6,48000,142472000
SAIL_F1,13-12-2023,11:40:00,101.65,101.65,101.65,101.65,8000,142472000
SAIL_F1,13-12-2023,11:42:00,101.7,101.7,101.7,101.7,16000,142240000
SAIL_F1,13-12-2023,11:44:00,101.8,101.8,101.8,101.8,8000,142240000
SAIL_F1,13-12-2023,11:45:00,101.85,101.85,101.85,101.85,8000,142240000
SAIL_F1,13-12-2023,11:46:00,101.85,101.85,101.85,101.85,8000,142240000
SAIL_F1,13-12-2023,11:47:00,101.85,101.85,101.85,101.85,24000,142240000
SAIL_F1,13-12-2023,11:48:00,101.8,101.8,101.8,101.8,16000,142240000
SAIL_F1,13-12-2023,11:52:00,101.9,101.9,101.9,101.9,16000,142240000
SAIL_F1,13-12-2023,11:54:00,102.2,102.2,102.2,102.2,16000,142240000
SAIL_F1,13-12-2023,12:02:00,102.2,102.2,102.2,102.2,8000,142232000
SAIL_F1,13-12-2023,12:03:00,102.2,102.2,102.2,102.2,8000,142232000
SAIL_F1,13-12-2023,12:04:00,102.15,102.15,102.1,102.1,16000,142232000
SAIL_F1,13-12-2023,12:05:00,102.15,102.15,102.15,102.15,8000,142232000
SAIL_F1,13-12-2023,12:06:00,102.2,102.2,102.2,102.2,8000,142232000
SAIL_F1,13-12-2023,12:10:00,102.45,102.45,102.35,102.35,104000,142232000
SAIL_F1,13-12-2023,12:13:00,102.15,102.15,102.15,102.15,16000,142232000
SAIL_F1,13-12-2023,12:14:00,102.2,102.2,102.2,102.2,8000,142232000
SAIL_F1,13-12-2023,12:15:00,102.4,102.4,102.4,102.4,72000,142232000
SAIL_F1,13-12-2023,12:16:00,102.4,102.4,102.4,102.4,8000,142232000
SAIL_F1,13-12-2023,12:17:00,102.4,102.4,102.4,102.4,8000,142232000
SAIL_F1,13-12-2023,12:19:00,102.3,102.3,102.25,102.25,16000,142256000
SAIL_F1,13-12-2023,12:20:00,102.25,102.25,102.25,102.25,16000,142256000
SAIL_F1,13-12-2023,12:22:00,102.25,102.3,102.25,102.3,16000,142256000
SAIL_F1,13-12-2023,12:24:00,102.25,102.35,102.25,102.35,32000,142256000
SAIL_F1,13-12-2023,12:25:00,102.35,102.35,102.35,102.35,16000,142256000
SAIL_F1,13-12-2023,12:27:00,102.25,102.25,102.25,102.25,16000,142288000
SAIL_F1,13-12-2023,12:28:00,102.25,102.25,102.25,102.25,8000,142288000
SAIL_F1,13-12-2023,12:29:00,102.15,102.15,102.15,102.15,80000,142288000
SAIL_F1,13-12-2023,12:31:00,102.0,102.0,102.0,102.0,8000,142296000
SAIL_F1,13-12-2023,12:32:00,102.05,102.05,102.05,102.05,16000,142296000
SAIL_F1,13-12-2023,12:38:00,102.0,102.0,102.0,102.0,8000,142296000
SAIL_F1,13-12-2023,12:40:00,102.0,102.0,102.0,102.0,8000,142296000
SAIL_F1,13-12-2023,12:43:00,102.1,102.1,102.1,102.1,8000,142296000
SAIL_F1,13-12-2023,12:45:00,102.15,102.15,102.15,102.15,8000,142296000
SAIL_F1,13-12-2023,12:46:00,102.15,102.15,102.15,102.15,8000,142304000
SAIL_F1,13-12-2023,12:47:00,102.15,102.2,102.15,102.2,16000,142304000
SAIL_F1,13-12-2023,12:50:00,102.25,102.25,102.25,102.25,8000,142304000
SAIL_F1,13-12-2023,12:51:00,102.45,102.45,102.4,102.4,48000,142328000
SAIL_F1,13-12-2023,12:53:00,102.45,102.45,102.3,102.3,40000,142328000
SAIL_F1,13-12-2023,12:54:00,102.45,102.5,102.45,102.5,16000,142360000
SAIL_F1,13-12-2023,12:56:00,102.45,102.45,102.45,102.45,40000,142360000
SAIL_F1,13-12-2023,12:59:00,102.4,102.45,102.4,102.45,16000,142368000
SAIL_F1,13-12-2023,13:02:00,102.25,102.4,102.25,102.4,16000,142368000
SAIL_F1,13-12-2023,13:03:00,102.25,102.45,102.25,102.45,24000,142368000
SAIL_F1,13-12-2023,13:04:00,102.45,102.5,102.45,102.5,16000,142368000
SAIL_F1,13-12-2023,13:05:00,102.5,102.5,102.5,102.5,40000,142368000
SAIL_F1,13-12-2023,13:06:00,102.5,102.5,102.5,102.5,32000,142368000
SAIL_F1,13-12-2023,13:07:00,102.5,102.5,102.5,102.5,24000,142368000
SAIL_F1,13-12-2023,13:08:00,102.5,102.55,102.5,102.55,48000,142368000
SAIL_F1,13-12-2023,13:09:00,102.55,102.55,102.55,102.55,8000,142368000
SAIL_F1,13-12-2023,13:10:00,102.35,102.35,102.35,102.35,8000,142408000
SAIL_F1,13-12-2023,13:12:00,102.55,102.55,102.55,102.55,8000,142408000
SAIL_F1,13-12-2023,13:16:00,102.55,102.55,102.55,102.55,8000,142392000
SAIL_F1,13-12-2023,13:17:00,102.55,102.55,102.55,102.55,8000,142392000
SAIL_F1,13-12-2023,13:18:00,102.4,102.4,102.4,102.4,8000,142400000
SAIL_F1,13-12-2023,13:21:00,102.55,102.55,102.55,102.55,48000,142400000
SAIL_F1,13-12-2023,13:22:00,102.55,102.55,102.55,102.55,72000,142400000
SAIL_F1,13-12-2023,13:23:00,102.55,102.55,102.55,102.55,8000,142400000
SAIL_F1,13-12-2023,13:24:00,102.6,102.6,102.55,102.55,80000,142432000
SAIL_F1,13-12-2023,13:25:00,102.4,102.4,102.4,102.4,24000,142432000
SAIL_F1,13-12-2023,13:26:00,102.5,102.5,102.3,102.5,32000,142432000
SAIL_F1,13-12-2023,13:29:00,102.4,102.4,102.4,102.4,8000,142488000
SAIL_F1,13-12-2023,13:30:00,102.4,102.4,102.4,102.4,8000,142488000
SAIL_F1,13-12-2023,13:34:00,102.5,102.5,102.5,102.5,8000,142256000
SAIL_F1,13-12-2023,13:39:00,102.5,102.5,102.5,102.5,8000,142224000
SAIL_F1,13-12-2023,13:41:00,102.6,102.6,102.6,102.6,48000,142216000
SAIL_F1,13-12-2023,13:42:00,102.5,102.5,102.5,102.5,16000,142176000
SAIL_F1,13-12-2023,13:43:00,102.65,102.7,102.65,102.7,48000,142176000
SAIL_F1,13-12-2023,13:44:00,102.7,102.7,102.7,102.7,96000,142176000
SAIL_F1,13-12-2023,13:45:00,102.7,102.7,102.7,102.7,24000,142176000
SAIL_F1,13-12-2023,13:46:00,102.7,102.8,102.7,102.8,56000,142160000
SAIL_F1,13-12-2023,13:47:00,102.85,102.9,102.85,102.9,24000,142160000
SAIL_F1,13-12-2023,13:48:00,102.9,102.9,102.9,102.9,8000,142160000
SAIL_F1,13-12-2023,13:49:00,102.9,102.9,102.9,102.9,16000,142152000
SAIL_F1,13-12-2023,13:52:00,102.7,102.8,102.7,102.8,16000,142152000
SAIL_F1,13-12-2023,13:53:00,102.85,102.9,102.85,102.9,56000,142152000
SAIL_F1,13-12-2023,13:54:00,102.95,103.0,102.95,103.0,152000,142160000
SAIL_F1,13-12-2023,13:55:00,103.05,103.1,103.05,103.1,48000,142160000
SAIL_F1,13-12-2023,13:56:00,103.15,103.3,103.15,103.3,144000,142160000
SAIL_F1,13-12-2023,13:57:00,103.35,103.35,103.35,103.35,24000,142256000
SAIL_F1,13-12-2023,13:58:00,103.25,103.25,103.25,103.25,24000,142256000
SAIL_F1,13-12-2023,13:59:00,103.3,103.3,103.3,103.3,8000,142256000
SAIL_F1,13-12-2023,14:00:00,103.35,103.35,103.35,103.35,48000,142280000
SAIL_F1,13-12-2023,14:01:00,103.25,103.3,103.25,103.3,32000,142280000
SAIL_F1,13-12-2023,14:02:00,103.25,103.25,103.25,103.25,8000,142280000
SAIL_F1,13-12-2023,14:04:00,103.15,103.15,103.1,103.1,16000,142296000
SAIL_F1,13-12-2023,14:05:00,103.3,103.3,103.25,103.25,16000,142296000
SAIL_F1,13-12-2023,14:07:00,103.1,103.1,103.1,103.1,8000,142304000
SAIL_F1,13-12-2023,14:10:00,103.2,103.2,103.2,103.2,8000,142280000
SAIL_F1,13-12-2023,14:11:00,103.05,103.05,103.05,103.05,8000,142280000
SAIL_F1,13-12-2023,14:14:00,103.05,103.2,103.05,103.2,24000,142264000
SAIL_F1,13-12-2023,14:15:00,103.05,103.05,103.05,103.05,8000,142264000
SAIL_F1,13-12-2023,14:16:00,103.0,103.0,103.0,103.0,16000,142272000
SAIL_F1,13-12-2023,14:17:00,102.95,102.95,102.95,102.95,8000,142272000
SAIL_F1,13-12-2023,14:18:00,103.1,103.1,103.1,103.1,8000,142272000
SAIL_F1,13-12-2023,14:19:00,103.3,103.3,103.3,103.3,16000,142272000
SAIL_F1,13-12-2023,14:20:00,103.1,103.1,103.1,103.1,24000,142272000
SAIL_F1,13-12-2023,14:21:00,103.05,103.05,103.0,103.0,40000,142288000
SAIL_F1,13-12-2023,14:23:00,103.25,103.25,103.25,103.25,8000,142288000
SAIL_F1,13-12-2023,14:28:00,103.15,103.15,102.9,102.9,16000,141416000
SAIL_F1,13-12-2023,14:29:00,103.0,103.0,103.0,103.0,40000,141416000
SAIL_F1,13-12-2023,14:30:00,103.05,103.05,103.05,103.05,8000,141416000
SAIL_F1,13-12-2023,14:31:00,103.1,103.1,103.1,103.1,8000,141424000
SAIL_F1,13-12-2023,14:32:00,103.2,103.3,103.2,103.3,24000,141424000
SAIL_F1,13-12-2023,14:34:00,103.1,103.1,103.1,103.1,8000,141440000
SAIL_F1,13-12-2023,14:35:00,103.25,103.25,103.2,103.2,16000,141440000
SAIL_F1,13-12-2023,14:36:00,103.3,103.3,103.25,103.3,32000,141440000
SAIL_F1,13-12-2023,14:37:00,103.3,103.3,103.3,103.3,16000,141440000
SAIL_F1,13-12-2023,14:39:00,103.35,103.35,103.35,103.35,24000,141448000
SAIL_F1,13-12-2023,14:40:00,103.45,103.45,103.4,103.4,112000,141448000
SAIL_F1,13-12-2023,14:41:00,103.4,103.4,103.35,103.35,48000,141448000
SAIL_F1,13-12-2023,14:45:00,103.45,103.45,103.45,103.45,8000,141488000
SAIL_F1,13-12-2023,14:46:00,103.3,103.3,103.3,103.3,8000,141496000
SAIL_F1,13-12-2023,14:47:00,103.25,103.25,103.25,103.25,8000,141496000
SAIL_F1,13-12-2023,14:48:00,103.25,103.25,103.25,103.25,16000,141472000
SAIL_F1,13-12-2023,14:50:00,103.45,103.45,103.45,103.45,24000,141472000
SAIL_F1,13-12-2023,14:51:00,103.25,103.25,103.25,103.25,8000,141472000
SAIL_F1,13-12-2023,14:53:00,103.4,103.4,103.4,103.4,8000,141472000
SAIL_F1,13-12-2023,14:54:00,103.4,103.4,103.3,103.4,24000,141472000
SAIL_F1,13-12-2023,14:55:00,103.4,103.4,103.4,103.4,8000,141480000
SAIL_F1,13-12-2023,14:56:00,103.4,103.4,103.4,103.4,16000,141480000
SAIL_F1,13-12-2023,14:57:00,103.35,103.35,103.35,103.35,24000,141480000
SAIL_F1,13-12-2023,14:59:00,103.45,103.45,103.45,103.45,8000,141456000
SAIL_F1,13-12-2023,15:00:00,103.3,103.3,103.3,103.3,8000,141456000
SAIL_F1,13-12-2023,15:01:00,103.55,103.55,103.55,103.55,144000,141456000
SAIL_F1,13-12-2023,15:02:00,103.55,103.6,103.55,103.6,24000,141456000
SAIL_F1,13-12-2023,15:03:00,103.6,103.65,103.6,103.65,32000,141456000
SAIL_F1,13-12-2023,15:04:00,103.65,103.65,103.6,103.6,24000,141432000
SAIL_F1,13-12-2023,15:05:00,103.6,103.6,103.6,103.6,32000,141432000
SAIL_F1,13-12-2023,15:06:00,103.65,103.7,103.65,103.7,48000,141432000
SAIL_F1,13-12-2023,15:07:00,103.7,103.7,103.7,103.7,16000,141432000
SAIL_F1,13-12-2023,15:08:00,103.7,103.8,103.65,103.8,120000,141432000
SAIL_F1,13-12-2023,15:09:00,103.8,103.8,103.8,103.8,136000,141432000
SAIL_F1,13-12-2023,15:10:00,103.8,103.8,103.8,103.8,8000,141496000
SAIL_F1,13-12-2023,15:11:00,103.8,103.8,103.8,103.8,32000,141496000
SAIL_F1,13-12-2023,15:12:00,103.8,103.8,103.75,103.75,56000,141472000
SAIL_F1,13-12-2023,15:13:00,103.75,103.75,103.6,103.6,72000,141472000
SAIL_F1,13-12-2023,15:14:00,103.6,103.6,103.6,103.6,16000,141472000
SAIL_F1,13-12-2023,15:15:00,103.6,103.6,103.6,103.6,8000,141472000
SAIL_F1,13-12-2023,15:16:00,103.6,103.7,103.6,103.7,24000,141480000
SAIL_F1,13-12-2023,15:17:00,103.6,103.8,103.6,103.8,56000,141480000
SAIL_F1,13-12-2023,15:18:00,103.8,104.1,103.8,104.0,344000,141472000
SAIL_F1,13-12-2023,15:19:00,104.0,104.2,103.9,104.2,224000,141472000
SAIL_F1,13-12-2023,15:20:00,104.2,104.5,104.15,104.5,760000,141472000
SAIL_F1,13-12-2023,15:21:00,104.25,104.25,103.9,103.9,304000,141472000
SAIL_F1,13-12-2023,15:22:00,104.2,104.2,104.1,104.1,40000,141704000
SAIL_F1,13-12-2023,15:23:00,104.1,104.1,104.1,104.1,32000,141704000
SAIL_F1,13-12-2023,15:24:00,104.1,104.1,103.95,104.0,256000,141688000
SAIL_F1,13-12-2023,15:25:00,104.0,104.0,104.0,104.0,376000,141688000
SAIL_F1,13-12-2023,15:26:00,103.95,104.15,103.95,104.15,56000,141688000
SAIL_F1,13-12-2023,15:27:00,104.05,104.05,104.0,104.05,72000,141464000
SAIL_F1,13-12-2023,15:28:00,104.05,104.1,104.05,104.1,152000,141464000
SAIL_F1,13-12-2023,15:29:00,104.1,104.25,104.1,104.25,72000,141464000
SAIL_F1,13-12-2023,15:30:00,104.05,104.05,104.05,104.05,16000,141464000
SAIL_F1,14-12-2023,09:15:00,105.5,107.4,105.5,107.4,6768003,137192000
SAIL_F1,14-12-2023,09:16:00,107.45,107.45,106.7,107.05,5152000,137192000
SAIL_F1,14-12-2023,09:17:00,106.75,106.85,106.7,106.7,3104000,141560000
SAIL_F1,14-12-2023,09:18:00,106.65,106.9,106.5,106.9,1952000,141560000
SAIL_F1,14-12-2023,09:19:00,106.85,107.8,106.85,107.6,3408000,141560000
SAIL_F1,14-12-2023,09:20:00,107.65,108.0,107.55,107.6,2664000,142800000
SAIL_F1,14-12-2023,09:21:00,107.45,107.6,106.95,107.15,1688000,142800000
SAIL_F1,14-12-2023,09:22:00,107.1,107.45,107.0,107.05,1848000,142800000
SAIL_F1,14-12-2023,09:23:00,107.1,107.65,106.95,107.3,1472000,144760000
SAIL_F1,14-12-2023,09:24:00,107.25,107.3,106.95,107.15,968000,144760000
SAIL_F1,14-12-2023,09:25:00,107.1,107.85,107.05,107.85,1600000,144760000
SAIL_F1,14-12-2023,09:26:00,107.7,107.9,107.6,107.75,1784000,145904000
SAIL_F1,14-12-2023,09:27:00,107.8,108.15,107.75,108.15,1680000,145904000
SAIL_F1,14-12-2023,09:28:00,108.1,108.5,108.05,108.25,3576000,145904000
SAIL_F1,14-12-2023,09:29:00,108.25,108.35,107.55,107.7,1976000,148432000
SAIL_F1,14-12-2023,09:30:00,107.7,107.9,107.4,107.4,944000,148432000
SAIL_F1,14-12-2023,09:31:00,107.4,107.75,107.4,107.75,688000,148432000
SAIL_F1,14-12-2023,09:32:00,107.9,108.0,107.55,107.65,1576000,149184000
SAIL_F1,14-12-2023,09:33:00,107.65,107.65,107.4,107.55,688000,149184000
SAIL_F1,14-12-2023,09:34:00,107.55,107.55,107.4,107.45,304000,149184000
SAIL_F1,14-12-2023,09:35:00,107.45,107.8,107.4,107.7,568000,149888000
SAIL_F1,14-12-2023,09:36:00,107.65,107.75,107.6,107.6,320000,149888000
SAIL_F1,14-12-2023,09:37:00,107.6,108.1,107.45,108.1,1440000,149888000
SAIL_F1,14-12-2023,09:38:00,108.1,108.8,107.85,108.6,3144000,150456000
SAIL_F1,14-12-2023,09:39:00,108.65,108.85,108.5,108.8,2032000,150456000
SAIL_F1,14-12-2023,09:40:00,108.75,109.15,108.65,109.05,2688000,150456000
SAIL_F1,14-12-2023,09:41:00,109.15,109.2,108.75,108.75,1232000,153584000
SAIL_F1,14-12-2023,09:42:00,108.9,109.1,108.85,108.95,1824000,153584000
SAIL_F1,14-12-2023,09:43:00,109.0,109.15,108.9,109.0,1072000,153584000
SAIL_F1,14-12-2023,09:44:00,108.95,109.15,108.95,108.95,1264000,155200000
SAIL_F1,14-12-2023,09:45:00,108.95,109.05,108.9,108.95,720000,155200000
SAIL_F1,14-12-2023,09:46:00,108.95,109.05,108.8,108.9,504000,155200000
SAIL_F1,14-12-2023,09:47:00,108.9,109.5,108.8,109.5,2232000,156408000
SAIL_F1,14-12-2023,09:48:00,109.5,109.5,108.9,108.95,1192000,156408000
SAIL_F1,14-12-2023,09:49:00,108.95,108.95,108.8,108.85,704000,156408000
SAIL_F1,14-12-2023,09:50:00,108.8,108.85,108.65,108.65,648000,157224000
SAIL_F1,14-12-2023,09:51:00,108.6,108.8,108.5,108.75,576000,157224000
SAIL_F1,14-12-2023,09:52:00,108.75,108.8,108.4,108.45,584000,157224000
SAIL_F1,14-12-2023,09:53:00,108.4,109.3,108.4,109.05,1616000,157504000
SAIL_F1,14-12-2023,09:54:00,109.1,109.4,109.05,109.4,432000,157504000
SAIL_F1,14-12-2023,09:55:00,109.35,109.5,109.25,109.5,928000,157504000
SAIL_F1,14-12-2023,09:56:00,109.5,109.6,109.3,109.3,1328000,157720000
SAIL_F1,14-12-2023,09:57:00,109.3,109.55,109.3,109.5,800000,157720000
SAIL_F1,14-12-2023,09:58:00,109.5,109.7,109.05,109.05,1080000,157720000
SAIL_F1,14-12-2023,09:59:00,109.15,109.6,109.15,109.5,512000,157840000
SAIL_F1,14-12-2023,10:00:00,109.45,110.0,109.45,109.85,2224000,157840000
SAIL_F1,14-12-2023,10:01:00,109.95,110.45,109.95,110.25,2792000,157840000
SAIL_F1,14-12-2023,10:02:00,110.2,110.85,110.2,110.45,2888000,159776000
SAIL_F1,14-12-2023,10:03:00,110.55,110.7,110.5,110.65,1152000,159776000
SAIL_F1,14-12-2023,10:04:00,110.75,111.45,110.75,111.25,2560000,159776000
SAIL_F1,14-12-2023,10:05:00,111.4,111.45,110.75,111.25,1632000,160248000
SAIL_F1,14-12-2023,10:06:00,111.2,111.55,111.15,111.4,2736000,160248000
SAIL_F1,14-12-2023,10:07:00,111.4,111.6,110.8,110.8,1888000,160248000
SAIL_F1,14-12-2023,10:08:00,110.65,111.05,110.65,110.9,1064000,161520000
SAIL_F1,14-12-2023,10:09:00,110.8,110.95,110.7,110.75,480000,161520000
SAIL_F1,14-12-2023,10:10:00,110.75,110.95,110.35,110.6,1552000,161520000
SAIL_F1,14-12-2023,10:11:00,110.6,110.65,110.45,110.55,640000,161904000
SAIL_F1,14-12-2023,10:12:00,110.55,110.75,110.5,110.65,544000,161904000
SAIL_F1,14-12-2023,10:13:00,110.65,110.65,110.4,110.4,472000,161904000
SAIL_F1,14-12-2023,10:14:00,110.4,110.55,110.35,110.55,512000,162128000
SAIL_F1,14-12-2023,10:15:00,110.6,110.85,110.6,110.8,624000,162128000
SAIL_F1,14-12-2023,10:16:00,110.8,110.8,110.55,110.65,288000,162128000
SAIL_F1,14-12-2023,10:17:00,110.55,110.95,110.55,110.95,880000,162136000
SAIL_F1,14-12-2023,10:18:00,111.0,111.25,111.0,111.0,664000,162136000
SAIL_F1,14-12-2023,10:19:00,110.95,111.5,110.95,111.05,816000,162136000
SAIL_F1,14-12-2023,10:20:00,111.1,111.15,110.95,111.05,744000,162016000
SAIL_F1,14-12-2023,10:21:00,111.05,111.7,111.0,111.65,1000000,162016000
SAIL_F1,14-12-2023,10:22:00,111.65,111.75,111.5,111.7,608000,162016000
SAIL_F1,14-12-2023,10:23:00,111.65,111.75,111.55,111.55,640000,162264000
SAIL_F1,14-12-2023,10:24:00,111.6,111.6,111.25,111.25,1072000,162264000
SAIL_F1,14-12-2023,10:25:00,111.15,111.3,111.0,111.0,384000,162264000
SAIL_F1,14-12-2023,10:26:00,110.9,111.05,110.9,111.0,656000,162440000
SAIL_F1,14-12-2023,10:27:00,111.0,111.0,110.7,110.7,480000,162440000
SAIL_F1,14-12-2023,10:28:00,110.7,110.7,110.65,110.65,232000,162440000
SAIL_F1,14-12-2023,10:29:00,110.7,110.75,110.7,110.75,576000,162440000
SAIL_F1,14-12-2023,10:30:00,110.8,110.85,110.8,110.85,264000,162808000
SAIL_F1,14-12-2023,10:31:00,110.85,110.85,110.45,110.45,472000,162808000
SAIL_F1,14-12-2023,10:32:00,110.35,110.45,110.35,110.45,200000,162808000
SAIL_F1,14-12-2023,10:33:00,110.4,110.5,110.4,110.5,368000,162936000
SAIL_F1,14-12-2023,10:34:00,110.65,110.7,110.65,110.7,592000,162936000
SAIL_F1,14-12-2023,10:35:00,110.55,110.55,110.5,110.5,184000,162936000
SAIL_F1,14-12-2023,10:36:00,110.9,111.0,110.85,110.95,840000,163160000
SAIL_F1,14-12-2023,10:37:00,111.0,111.25,110.95,111.25,840000,163160000
SAIL_F1,14-12-2023,10:38:00,111.25,111.3,111.0,111.15,544000,164144000
SAIL_F1,14-12-2023,10:39:00,111.1,111.45,111.05,111.3,968000,164144000
SAIL_F1,14-12-2023,10:40:00,111.25,111.25,111.15,111.15,160000,164144000
SAIL_F1,14-12-2023,10:41:00,111.2,111.3,111.2,111.3,480000,164144000
SAIL_F1,14-12-2023,10:42:00,111.3,111.35,111.2,111.2,288000,164832000
SAIL_F1,14-12-2023,10:43:00,111.45,111.45,111.4,111.4,816000,164832000
SAIL_F1,14-12-2023,10:44:00,111.3,111.35,111.3,111.35,320000,164832000
SAIL_F1,14-12-2023,10:45:00,111.45,111.5,111.4,111.4,296000,165296000
SAIL_F1,14-12-2023,10:46:00,111.35,111.4,111.35,111.4,120000,165296000
SAIL_F1,14-12-2023,10:47:00,111.4,111.4,111.3,111.3,96000,165296000
SAIL_F1,14-12-2023,10:48:00,111.3,111.8,111.3,111.35,1088000,165304000
SAIL_F1,14-12-2023,10:49:00,111.4,111.45,111.3,111.35,256000,165304000
SAIL_F1,14-12-2023,10:50:00,111.4,111.5,111.25,111.5,704000,165272000
SAIL_F1,14-12-2023,10:51:00,111.6,111.95,111.6,111.75,1928000,165272000
SAIL_F1,14-12-2023,10:52:00,111.85,111.85,111.7,111.75,736000,165272000
SAIL_F1,14-12-2023,10:53:00,111.7,111.75,111.5,111.6,608000,166080000
SAIL_F1,14-12-2023,10:54:00,111.8,112.0,111.8,111.8,2032000,166080000
SAIL_F1,14-12-2023,10:55:00,111.8,112.2,111.7,112.15,1696000,166080000
SAIL_F1,14-12-2023,10:56:00,112.15,112.15,111.85,111.9,960000,166624000
SAIL_F1,14-12-2023,10:57:00,112.1,112.25,111.95,112.25,448000,166624000
SAIL_F1,14-12-2023,10:58:00,112.25,112.25,112.0,112.1,616000,166624000
SAIL_F1,14-12-2023,10:59:00,112.0,112.4,111.95,112.35,888000,166944000
SAIL_F1,14-12-2023,11:00:00,112.35,112.65,112.3,112.6,1344000,166944000
SAIL_F1,14-12-2023,11:01:00,112.6,112.6,112.25,112.4,984000,166944000
SAIL_F1,14-12-2023,11:02:00,112.45,112.7,112.45,112.7,736000,166896000
SAIL_F1,14-12-2023,11:03:00,112.65,112.8,112.6,112.8,752000,166896000
SAIL_F1,14-12-2023,11:04:00,112.8,112.8,112.45,112.45,584000,166896000
SAIL_F1,14-12-2023,11:05:00,112.4,112.4,112.15,112.3,472000,166856000
SAIL_F1,14-12-2023,11:06:00,112.3,112.45,112.2,112.3,512000,166856000
SAIL_F1,14-12-2023,11:07:00,112.3,112.5,112.3,112.35,528000,166856000
SAIL_F1,14-12-2023,11:08:00,112.35,112.5,112.3,112.45,1104000,166712000
SAIL_F1,14-12-2023,11:09:00,112.5,112.6,112.5,112.6,1120000,166712000
SAIL_F1,14-12-2023,11:10:00,112.6,112.6,112.55,112.6,376000,166712000
SAIL_F1,14-12-2023,11:11:00,112.65,112.7,112.55,112.6,1176000,166520000
SAIL_F1,14-12-2023,11:12:00,112.65,112.7,112.4,112.4,240000,166520000
SAIL_F1,14-12-2023,11:13:00,112.4,112.4,111.95,112.05,800000,166520000
SAIL_F1,14-12-2023,11:14:00,112.0,112.1,111.95,112.05,464000,166520000
SAIL_F1,14-12-2023,11:15:00,112.15,112.15,111.9,111.9,192000,166376000
SAIL_F1,14-12-2023,11:16:00,111.9,111.9,111.75,111.75,256000,166376000
SAIL_F1,14-12-2023,11:17:00,111.8,111.85,111.8,111.8,304000,166376000
SAIL_F1,14-12-2023,11:18:00,111.8,111.8,111.75,111.8,576000,166360000
SAIL_F1,14-12-2023,11:19:00,111.75,111.8,111.6,111.65,728000,166360000
SAIL_F1,14-12-2023,11:20:00,111.65,111.75,111.55,111.75,312000,166176000
SAIL_F1,14-12-2023,11:21:00,111.8,111.95,111.8,111.95,224000,166176000
SAIL_F1,14-12-2023,11:22:00,111.95,111.95,111.9,111.95,128000,166176000
SAIL_F1,14-12-2023,11:23:00,111.9,111.9,111.9,111.9,120000,166176000
SAIL_F1,14-12-2023,11:24:00,111.85,111.85,111.85,111.85,72000,166328000
SAIL_F1,14-12-2023,11:25:00,111.8,111.9,111.8,111.9,272000,166328000
SAIL_F1,14-12-2023,11:26:00,111.95,111.95,111.7,111.7,152000,166328000
SAIL_F1,14-12-2023,11:27:00,111.65,111.65,111.6,111.6,336000,166288000
SAIL_F1,14-12-2023,11:28:00,111.6,111.65,111.6,111.65,416000,166288000
SAIL_F1,14-12-2023,11:29:00,111.7,111.7,111.6,111.6,336000,166288000
SAIL_F1,14-12-2023,11:30:00,111.65,111.75,111.65,111.75,240000,166616000
SAIL_F1,14-12-2023,11:31:00,111.7,111.75,111.65,111.65,96000,166616000
SAIL_F1,14-12-2023,11:32:00,111.7,111.8,111.65,111.8,224000,166616000
SAIL_F1,14-12-2023,11:33:00,111.8,111.85,111.75,111.85,112000,166728000
SAIL_F1,14-12-2023,11:34:00,111.9,112.2,111.9,112.15,1792000,166728000
SAIL_F1,14-12-2023,11:35:00,112.1,112.25,112.1,112.15,416000,166728000
SAIL_F1,14-12-2023,11:36:00,112.15,112.15,112.0,112.0,152000,166624000
SAIL_F1,14-12-2023,11:37:00,112.0,112.0,112.0,112.0,80000,166624000
SAIL_F1,14-12-2023,11:38:00,112.0,112.05,112.0,112.05,72000,166624000
SAIL_F1,14-12-2023,11:39:00,112.1,112.1,111.95,111.95,256000,166656000
SAIL_F1,14-12-2023,11:40:00,111.85,112.6,111.8,112.6,1264000,166656000
SAIL_F1,14-12-2023,11:41:00,112.45,112.5,112.15,112.25,384000,166656000
SAIL_F1,14-12-2023,11:42:00,112.3,112.35,112.3,112.3,168000,166424000
SAIL_F1,14-12-2023,11:43:00,112.2,112.2,112.05,112.05,280000,166424000
SAIL_F1,14-12-2023,11:44:00,112.15,112.2,112.1,112.15,240000,166424000
SAIL_F1,14-12-2023,11:45:00,112.2,112.25,112.15,112.2,376000,166336000
SAIL_F1,14-12-2023,11:46:00,112.25,112.4,112.25,112.3,208000,166336000
SAIL_F1,14-12-2023,11:47:00,112.35,112.4,112.35,112.4,288000,166336000
SAIL_F1,14-12-2023,11:48:00,112.5,112.6,112.45,112.45,320000,166392000
SAIL_F1,14-12-2023,11:49:00,112.4,112.4,112.35,112.35,80000,166392000
SAIL_F1,14-12-2023,11:50:00,112.5,112.55,112.5,112.55,296000,166392000
SAIL_F1,14-12-2023,11:51:00,112.5,112.5,112.35,112.35,208000,166464000
SAIL_F1,14-12-2023,11:52:00,112.45,112.45,112.45,112.45,216000,166464000
SAIL_F1,14-12-2023,11:53:00,112.55,112.7,112.55,112.65,360000,166464000
SAIL_F1,14-12-2023,11:54:00,112.75,112.75,112.7,112.7,168000,166456000
SAIL_F1,14-12-2023,11:55:00,112.7,112.7,112.7,112.7,208000,166456000
SAIL_F1,14-12-2023,11:56:00,112.7,112.7,112.65,112.65,424000,166456000
SAIL_F1,14-12-2023,11:57:00,112.6,112.6,112.6,112.6,128000,166592000
SAIL_F1,14-12-2023,11:58:00,112.5,112.5,112.5,112.5,120000,166592000
SAIL_F1,14-12-2023,11:59:00,112.4,112.4,112.35,112.35,160000,166592000
SAIL_F1,14-12-2023,12:00:00,112.4,112.6,112.4,112.55,352000,166592000
SAIL_F1,14-12-2023,12:01:00,112.55,112.6,112.5,112.6,224000,166592000
SAIL_F1,14-12-2023,12:02:00,112.6,112.6,112.35,112.35,176000,166592000
SAIL_F1,14-12-2023,12:03:00,112.35,112.35,112.3,112.3,80000,166712000
SAIL_F1,14-12-2023,12:04:00,112.35,112.35,112.35,112.35,48000,166712000
SAIL_F1,14-12-2023,12:05:00,112.35,112.35,112.3,112.3,88000,166712000
SAIL_F1,14-12-2023,12:06:00,112.15,112.2,112.15,112.2,200000,166072000
SAIL_F1,14-12-2023,12:07:00,112.2,112.25,112.15,112.15,24000,166072000
SAIL_F1,14-12-2023,12:08:00,112.25,112.25,112.15,112.15,32000,166072000
SAIL_F1,14-12-2023,12:09:00,112.2,112.25,112.15,112.15,200000,166064000
SAIL_F1,14-12-2023,12:10:00,112.05,112.15,112.05,112.1,152000,166064000
SAIL_F1,14-12-2023,12:11:00,112.15,112.15,112.1,112.15,416000,166064000
SAIL_F1,14-12-2023,12:12:00,112.1,112.15,112.05,112.1,152000,166168000
SAIL_F1,14-12-2023,12:13:00,112.2,112.2,112.1,112.15,40000,166168000
SAIL_F1,14-12-2023,12:14:00,112.25,112.25,112.25,112.25,200000,166168000
SAIL_F1,14-12-2023,12:15:00,112.2,112.25,112.2,112.25,96000,166080000
SAIL_F1,14-12-2023,12:16:00,112.1,112.25,112.1,112.25,648000,166080000
SAIL_F1,14-12-2023,12:17:00,112.2,112.3,112.15,112.25,152000,166080000
SAIL_F1,14-12-2023,12:18:00,112.2,112.25,112.2,112.25,256000,165976000
SAIL_F1,14-12-2023,12:19:00,112.35,112.35,112.3,112.3,128000,165976000
SAIL_F1,14-12-2023,12:20:00,112.1,112.1,111.8,111.8,736000,165976000
SAIL_F1,14-12-2023,12:21:00,111.8,111.85,111.7,111.7,296000,166112000
SAIL_F1,14-12-2023,12:22:00,111.75,112.0,111.75,112.0,816000,166112000
SAIL_F1,14-12-2023,12:23:00,112.0,112.15,112.0,112.1,168000,166112000
SAIL_F1,14-12-2023,12:24:00,112.15,112.15,112.05,112.05,48000,165952000
SAIL_F1,14-12-2023,12:25:00,112.2,112.2,112.15,112.15,32000,165952000
SAIL_F1,14-12-2023,12:26:00,112.2,112.2,111.85,111.85,328000,165952000
SAIL_F1,14-12-2023,12:27:00,111.9,111.9,111.8,111.8,120000,166304000
SAIL_F1,14-12-2023,12:28:00,111.85,111.95,111.75,111.95,408000,166304000
SAIL_F1,14-12-2023,12:29:00,111.9,111.9,111.85,111.85,96000,166304000
SAIL_F1,14-12-2023,12:30:00,111.8,111.8,111.7,111.7,144000,166440000
SAIL_F1,14-12-2023,12:31:00,111.8,111.8,111.7,111.7,216000,166440000
SAIL_F1,14-12-2023,12:32:00,111.7,111.7,111.65,111.7,176000,166440000
SAIL_F1,14-12-2023,12:33:00,111.7,111.7,111.65,111.65,56000,166504000
SAIL_F1,14-12-2023,12:34:00,111.7,111.7,111.65,111.7,272000,166504000
SAIL_F1,14-12-2023,12:35:00,111.65,111.7,111.65,111.7,296000,166504000
SAIL_F1,14-12-2023,12:36:00,111.7,111.7,111.7,111.7,72000,166664000
SAIL_F1,14-12-2023,12:37:00,111.65,111.65,111.65,111.65,160000,166664000
SAIL_F1,14-12-2023,12:38:00,111.7,111.7,111.7,111.7,32000,166664000
SAIL_F1,14-12-2023,12:39:00,111.65,111.65,111.65,111.65,272000,166736000
SAIL_F1,14-12-2023,12:40:00,111.65,111.7,111.65,111.7,280000,166736000
SAIL_F1,14-12-2023,12:41:00,111.85,111.9,111.85,111.85,184000,166736000
SAIL_F1,14-12-2023,12:42:00,111.8,111.9,111.8,111.9,80000,166696000
SAIL_F1,14-12-2023,12:43:00,111.95,111.95,111.85,111.85,120000,166696000
SAIL_F1,14-12-2023,12:44:00,111.9,111.9,111.65,111.65,240000,166696000
SAIL_F1,14-12-2023,12:45:00,111.65,111.7,111.65,111.7,112000,166688000
SAIL_F1,14-12-2023,12:46:00,111.65,111.75,111.65,111.75,368000,166688000
SAIL_F1,14-12-2023,12:47:00,111.75,111.85,111.75,111.85,48000,166688000
SAIL_F1,14-12-2023,12:48:00,111.85,111.9,111.85,111.9,120000,167040000
SAIL_F1,14-12-2023,12:49:00,111.85,111.85,111.85,111.85,64000,167040000
SAIL_F1,14-12-2023,12:50:00,111.85,111.85,111.8,111.8,48000,167040000
SAIL_F1,14-12-2023,12:51:00,111.85,111.85,111.8,111.8,48000,167160000
SAIL_F1,14-12-2023,12:52:00,111.85,111.85,111.85,111.85,160000,167160000
SAIL_F1,14-12-2023,12:53:00,111.85,111.9,111.85,111.9,72000,167160000
SAIL_F1,14-12-2023,12:54:00,111.8,111.8,111.75,111.75,72000,167112000
SAIL_F1,14-12-2023,12:55:00,111.75,111.75,111.65,111.65,88000,167112000
SAIL_F1,14-12-2023,12:56:00,111.55,111.7,111.55,111.7,264000,167112000
SAIL_F1,14-12-2023,12:57:00,111.65,111.75,111.65,111.75,184000,167112000
SAIL_F1,14-12-2023,12:58:00,111.75,111.75,111.75,111.75,144000,167112000
SAIL_F1,14-12-2023,12:59:00,111.75,111.75,111.65,111.65,136000,167112000
SAIL_F1,14-12-2023,13:00:00,111.75,111.9,111.75,111.9,192000,166824000
SAIL_F1,14-12-2023,13:01:00,112.0,112.0,111.95,112.0,256000,166824000
SAIL_F1,14-12-2023,13:02:00,112.1,112.2,111.95,112.2,488000,166824000
SAIL_F1,14-12-2023,13:03:00,112.25,112.25,112.15,112.15,144000,167192000
SAIL_F1,14-12-2023,13:04:00,112.0,112.0,111.75,111.95,392000,167192000
SAIL_F1,14-12-2023,13:05:00,111.95,112.0,111.9,111.9,64000,167192000
SAIL_F1,14-12-2023,13:06:00,111.9,111.9,111.85,111.85,80000,167400000
SAIL_F1,14-12-2023,13:07:00,111.85,111.85,111.8,111.8,104000,167400000
SAIL_F1,14-12-2023,13:08:00,111.85,111.9,111.85,111.9,40000,167400000
SAIL_F1,14-12-2023,13:09:00,111.85,111.9,111.85,111.9,64000,167584000
SAIL_F1,14-12-2023,13:10:00,111.85,111.9,111.85,111.9,72000,167584000
SAIL_F1,14-12-2023,13:11:00,111.8,111.95,111.8,111.95,224000,167584000
SAIL_F1,14-12-2023,13:12:00,111.9,111.95,111.9,111.9,32000,167760000
SAIL_F1,14-12-2023,13:13:00,111.85,111.85,111.8,111.8,120000,167760000
SAIL_F1,14-12-2023,13:14:00,111.8,111.85,111.8,111.8,96000,167760000
SAIL_F1,14-12-2023,13:15:00,111.8,111.9,111.8,111.85,120000,167880000
SAIL_F1,14-12-2023,13:16:00,111.85,111.85,111.85,111.85,24000,167880000
SAIL_F1,14-12-2023,13:17:00,111.85,111.9,111.85,111.9,96000,167880000
SAIL_F1,14-12-2023,13:18:00,111.9,111.9,111.85,111.85,40000,167944000
SAIL_F1,14-12-2023,13:19:00,111.85,111.85,111.85,111.85,112000,167944000
SAIL_F1,14-12-2023,13:20:00,111.9,111.9,111.85,111.9,256000,167944000
SAIL_F1,14-12-2023,13:21:00,111.95,111.95,111.85,111.85,288000,167912000
SAIL_F1,14-12-2023,13:22:00,111.9,111.9,111.8,111.8,144000,167912000
SAIL_F1,14-12-2023,13:23:00,111.8,111.8,111.7,111.7,456000,167912000
SAIL_F1,14-12-2023,13:24:00,111.6,111.65,111.6,111.65,912000,168184000
SAIL_F1,14-12-2023,13:25:00,111.7,111.7,111.7,111.7,200000,168184000
SAIL_F1,14-12-2023,13:26:00,111.7,111.7,111.7,111.7,40000,168184000
SAIL_F1,14-12-2023,13:27:00,111.7,111.7,111.65,111.65,176000,168120000
SAIL_F1,14-12-2023,13:28:00,111.6,111.65,111.6,111.6,224000,168120000
SAIL_F1,14-12-2023,13:29:00,111.6,111.7,111.6,111.65,400000,168120000
SAIL_F1,14-12-2023,13:30:00,111.6,111.6,111.6,111.6,696000,167928000
SAIL_F1,14-12-2023,13:31:00,111.6,111.7,111.6,111.7,104000,167928000
SAIL_F1,14-12-2023,13:32:00,111.7,111.7,111.7,111.7,56000,167928000
SAIL_F1,14-12-2023,13:33:00,111.7,111.75,111.7,111.75,120000,168136000
SAIL_F1,14-12-2023,13:34:00,111.8,111.85,111.75,111.85,64000,168136000
SAIL_F1,14-12-2023,13:35:00,111.8,111.8,111.8,111.8,24000,168136000
SAIL_F1,14-12-2023,13:36:00,111.75,111.75,111.7,111.7,296000,168168000
SAIL_F1,14-12-2023,13:37:00,111.6,111.7,111.6,111.7,80000,168168000
SAIL_F1,14-12-2023,13:38:00,111.7,111.75,111.7,111.75,256000,168168000
SAIL_F1,14-12-2023,13:39:00,111.75,112.05,111.75,112.05,4904000,169728000
SAIL_F1,14-12-2023,13:40:00,112.05,112.15,112.0,112.05,248000,169728000
SAIL_F1,14-12-2023,13:41:00,112.05,112.1,112.05,112.1,72000,169728000
SAIL_F1,14-12-2023,13:42:00,112.1,112.1,112.0,112.05,520000,171232000
SAIL_F1,14-12-2023,13:43:00,112.0,112.0,112.0,112.0,56000,171232000
SAIL_F1,14-12-2023,13:44:00,112.0,112.0,112.0,112.0,64000,171232000
SAIL_F1,14-12-2023,13:45:00,112.0,112.2,112.0,112.2,416000,171464000
SAIL_F1,14-12-2023,13:46:00,112.2,112.2,112.15,112.15,80000,171464000
SAIL_F1,14-12-2023,13:47:00,112.2,112.2,112.2,112.2,176000,171464000
SAIL_F1,14-12-2023,13:48:00,112.15,112.15,112.1,112.1,80000,171576000
SAIL_F1,14-12-2023,13:49:00,112.0,112.05,112.0,112.0,96000,171576000
SAIL_F1,14-12-2023,13:50:00,111.95,112.05,111.95,112.05,200000,171576000
SAIL_F1,14-12-2023,13:51:00,112.1,112.2,112.1,112.2,72000,171608000
SAIL_F1,14-12-2023,13:52:00,112.25,112.25,112.15,112.15,136000,171608000
SAIL_F1,14-12-2023,13:53:00,112.1,112.25,112.1,112.25,72000,171608000
SAIL_F1,14-12-2023,13:54:00,112.2,112.25,112.15,112.25,144000,171752000
SAIL_F1,14-12-2023,13:55:00,112.2,112.2,112.1,112.15,184000,171752000
SAIL_F1,14-12-2023,13:56:00,112.15,112.25,112.15,112.15,104000,171752000
SAIL_F1,14-12-2023,13:57:00,112.2,112.2,112.2,112.2,48000,171280000
SAIL_F1,14-12-2023,13:58:00,112.25,112.25,112.15,112.15,56000,171280000
SAIL_F1,14-12-2023,13:59:00,112.1,112.15,112.1,112.1,88000,171280000
SAIL_F1,14-12-2023,14:00:00,112.0,112.15,112.0,112.15,184000,171248000
SAIL_F1,14-12-2023,14:01:00,112.15,112.15,112.05,112.05,184000,171248000
SAIL_F1,14-12-2023,14:02:00,112.15,112.15,111.9,111.9,200000,171248000
SAIL_F1,14-12-2023,14:03:00,111.85,111.9,111.85,111.85,632000,171400000
SAIL_F1,14-12-2023,14:04:00,111.9,111.9,111.75,111.75,96000,171400000
SAIL_F1,14-12-2023,14:05:00,111.8,111.8,111.8,111.8,160000,171400000
SAIL_F1,14-12-2023,14:06:00,111.95,111.95,111.8,111.8,128000,171488000
SAIL_F1,14-12-2023,14:07:00,111.85,112.1,111.85,112.0,520000,171488000
SAIL_F1,14-12-2023,14:08:00,112.05,112.1,111.95,112.05,184000,171488000
SAIL_F1,14-12-2023,14:09:00,112.0,112.0,111.75,111.75,184000,171544000
SAIL_F1,14-12-2023,14:10:00,111.85,112.05,111.85,112.05,592000,171544000
SAIL_F1,14-12-2023,14:11:00,111.95,112.0,111.95,112.0,608000,171544000
SAIL_F1,14-12-2023,14:12:00,112.05,112.05,112.0,112.0,56000,172208000
SAIL_F1,14-12-2023,14:13:00,112.0,112.0,111.95,111.95,56000,172208000
SAIL_F1,14-12-2023,14:14:00,112.0,112.0,111.9,111.9,32000,172208000
SAIL_F1,14-12-2023,14:15:00,111.9,112.05,111.9,112.05,208000,172128000
SAIL_F1,14-12-2023,14:16:00,112.0,112.1,112.0,112.1,96000,172128000
SAIL_F1,14-12-2023,14:17:00,112.1,112.1,111.95,111.95,88000,172128000
SAIL_F1,14-12-2023,14:18:00,112.05,112.1,112.05,112.1,112000,172296000
SAIL_F1,14-12-2023,14:19:00,112.05,112.1,112.0,112.0,272000,172296000
SAIL_F1,14-12-2023,14:20:00,112.05,112.2,112.05,112.2,288000,172296000
SAIL_F1,14-12-2023,14:21:00,112.1,112.1,112.05,112.05,416000,172400000
SAIL_F1,14-12-2023,14:22:00,112.05,112.05,111.95,111.95,464000,172400000
SAIL_F1,14-12-2023,14:23:00,112.0,112.0,111.95,111.95,88000,172400000
SAIL_F1,14-12-2023,14:24:00,112.0,112.05,112.0,112.0,48000,172776000
SAIL_F1,14-12-2023,14:25:00,111.85,112.0,111.85,112.0,256000,172776000
SAIL_F1,14-12-2023,14:26:00,111.95,112.05,111.95,112.0,208000,172776000
SAIL_F1,14-12-2023,14:27:00,112.0,112.0,112.0,112.0,72000,172776000
SAIL_F1,14-12-2023,14:28:00,112.0,112.0,112.0,112.0,112000,172904000
SAIL_F1,14-12-2023,14:29:00,112.05,112.05,112.05,112.05,120000,172904000
SAIL_F1,14-12-2023,14:30:00,112.05,112.1,112.05,112.1,160000,173000000
SAIL_F1,14-12-2023,14:31:00,112.05,112.1,112.05,112.1,120000,173000000
SAIL_F1,14-12-2023,14:32:00,112.1,112.1,112.05,112.05,432000,173000000
SAIL_F1,14-12-2023,14:33:00,112.1,112.1,111.95,111.95,896000,173112000
SAIL_F1,14-12-2023,14:34:00,111.95,112.0,111.9,111.9,392000,173112000
SAIL_F1,14-12-2023,14:35:00,111.9,111.95,111.9,111.95,96000,173112000
SAIL_F1,14-12-2023,14:36:00,111.95,111.95,111.95,111.95,408000,172576000
SAIL_F1,14-12-2023,14:37:00,111.8,111.8,111.75,111.75,488000,172576000
SAIL_F1,14-12-2023,14:38:00,111.8,111.8,111.8,111.8,352000,172576000
SAIL_F1,14-12-2023,14:39:00,111.75,111.8,111.7,111.8,568000,173136000
SAIL_F1,14-12-2023,14:40:00,111.8,111.95,111.8,111.9,664000,173136000
SAIL_F1,14-12-2023,14:41:00,111.95,112.0,111.95,112.0,272000,173136000
SAIL_F1,14-12-2023,14:42:00,112.15,112.15,112.15,112.15,224000,173616000
SAIL_F1,14-12-2023,14:43:00,112.1,112.1,112.1,112.1,176000,173616000
SAIL_F1,14-12-2023,14:44:00,112.15,112.15,112.15,112.15,160000,173616000
SAIL_F1,14-12-2023,14:45:00,112.15,112.2,112.15,112.15,304000,173624000
SAIL_F1,14-12-2023,14:46:00,112.2,112.2,112.1,112.15,160000,173624000
SAIL_F1,14-12-2023,14:47:00,112.1,112.1,112.1,112.1,96000,173624000
SAIL_F1,14-12-2023,14:48:00,112.15,112.2,112.1,112.2,128000,173736000
SAIL_F1,14-12-2023,14:49:00,112.15,112.2,112.15,112.2,80000,173736000
SAIL_F1,14-12-2023,14:50:00,112.1,112.1,112.1,112.1,184000,173736000
SAIL_F1,14-12-2023,14:51:00,112.1,112.15,112.1,112.15,128000,173832000
SAIL_F1,14-12-2023,14:52:00,112.1,112.1,111.95,111.95,216000,173832000
SAIL_F1,14-12-2023,14:53:00,112.0,112.0,112.0,112.0,208000,173832000
SAIL_F1,14-12-2023,14:54:00,111.9,111.9,111.9,111.9,256000,173952000
SAIL_F1,14-12-2023,14:55:00,111.85,111.85,111.8,111.85,248000,173952000
SAIL_F1,14-12-2023,14:56:00,111.85,111.9,111.85,111.9,136000,173952000
SAIL_F1,14-12-2023,14:57:00,111.9,111.95,111.9,111.95,256000,174064000
SAIL_F1,14-12-2023,14:58:00,111.95,111.95,111.95,111.95,168000,174064000
SAIL_F1,14-12-2023,14:59:00,111.9,111.95,111.9,111.95,168000,174064000
SAIL_F1,14-12-2023,15:00:00,111.8,111.85,111.8,111.85,576000,174064000
SAIL_F1,14-12-2023,15:01:00,111.85,111.85,111.85,111.85,128000,174064000
SAIL_F1,14-12-2023,15:02:00,111.8,111.95,111.8,111.95,600000,174064000
SAIL_F1,14-12-2023,15:03:00,111.9,111.9,111.85,111.85,296000,173936000
SAIL_F1,14-12-2023,15:04:00,111.9,111.9,111.8,111.8,88000,173936000
SAIL_F1,14-12-2023,15:05:00,111.8,111.8,111.7,111.7,504000,173936000
SAIL_F1,14-12-2023,15:06:00,111.65,111.7,111.65,111.7,1424000,173544000
SAIL_F1,14-12-2023,15:07:00,111.7,111.7,111.6,111.7,240000,173544000
SAIL_F1,14-12-2023,15:08:00,111.7,111.7,111.6,111.6,184000,173544000
SAIL_F1,14-12-2023,15:09:00,111.65,111.7,111.6,111.6,264000,173600000
SAIL_F1,14-12-2023,15:10:00,111.6,111.7,111.6,111.65,808000,173600000
SAIL_F1,14-12-2023,15:11:00,111.6,111.7,111.6,111.65,168000,173600000
SAIL_F1,14-12-2023,15:12:00,111.7,111.7,111.6,111.6,424000,173608000
SAIL_F1,14-12-2023,15:13:00,111.6,111.65,111.6,111.65,320000,173608000
SAIL_F1,14-12-2023,15:14:00,111.65,111.65,111.65,111.65,120000,173608000
SAIL_F1,14-12-2023,15:15:00,111.6,111.7,111.6,111.6,1072000,173320000
SAIL_F1,14-12-2023,15:16:00,111.65,111.7,111.6,111.7,408000,173320000
SAIL_F1,14-12-2023,15:17:00,111.65,111.65,111.6,111.65,768000,173320000
SAIL_F1,14-12-2023,15:18:00,111.65,111.7,111.65,111.7,480000,173248000
SAIL_F1,14-12-2023,15:19:00,111.75,111.75,111.75,111.75,352000,173248000
SAIL_F1,14-12-2023,15:20:00,111.75,111.8,111.75,111.75,1112000,173248000
SAIL_F1,14-12-2023,15:21:00,111.75,111.85,111.7,111.75,544000,172968000
SAIL_F1,14-12-2023,15:22:00,111.7,111.8,111.65,111.7,224000,172968000
SAIL_F1,14-12-2023,15:23:00,111.7,111.75,111.7,111.75,408000,172968000
SAIL_F1,14-12-2023,15:24:00,111.7,111.8,111.65,111.8,648000,172880000
SAIL_F1,14-12-2023,15:25:00,111.8,111.85,111.75,111.8,1680000,172880000
SAIL_F1,14-12-2023,15:26:00,111.8,112.0,111.8,111.95,1000000,172880000
SAIL_F1,14-12-2023,15:27:00,111.9,111.9,111.7,111.85,888000,171824000
SAIL_F1,14-12-2023,15:28:00,111.85,111.95,111.7,111.85,1968000,171824000
SAIL_F1,14-12-2023,15:29:00,111.85,111.9,111.65,111.75,1192000,171824000
SAIL_F1,15-12-2023,09:15:00,111.15,111.85,111.15,111.45,280001,165608000
SAIL_F1,15-12-2023,09:16:00,111.8,111.9,111.4,111.8,248000,165608000
SAIL_F1,15-12-2023,09:17:00,111.65,111.65,111.4,111.4,104000,165248000
SAIL_F1,15-12-2023,09:18:00,111.4,111.4,111.2,111.2,176000,165248000
SAIL_F1,15-12-2023,09:19:00,110.6,111.25,110.6,111.25,144000,165248000
SAIL_F1,15-12-2023,09:20:00,111.15,111.15,110.85,110.85,144000,164912000
SAIL_F1,15-12-2023,09:21:00,111.1,111.1,111.1,111.1,96000,164912000
SAIL_F1,15-12-2023,09:22:00,111.05,111.05,111.0,111.0,48000,164912000
SAIL_F1,15-12-2023,09:23:00,110.9,111.0,110.9,110.9,48000,164672000
SAIL_F1,15-12-2023,09:24:00,110.8,110.8,110.8,110.8,8000,164672000
SAIL_F1,15-12-2023,09:25:00,110.8,110.9,110.8,110.9,72000,164672000
SAIL_F1,15-12-2023,09:26:00,110.85,110.85,110.75,110.75,32000,164552000
SAIL_F1,15-12-2023,09:27:00,110.75,110.9,110.75,110.9,64000,164552000
SAIL_F1,15-12-2023,09:28:00,110.85,110.9,110.85,110.9,24000,164552000
SAIL_F1,15-12-2023,09:29:00,110.95,111.05,110.95,111.05,88000,164400000
SAIL_F1,15-12-2023,09:30:00,111.0,111.25,111.0,111.25,160000,164400000
SAIL_F1,15-12-2023,09:31:00,111.15,111.3,111.15,111.3,24000,164400000
SAIL_F1,15-12-2023,09:32:00,111.2,111.2,111.0,111.0,32000,164200000
SAIL_F1,15-12-2023,09:33:00,111.1,111.1,111.1,111.1,8000,164200000
SAIL_F1,15-12-2023,09:34:00,110.8,110.8,110.75,110.75,32000,164200000
SAIL_F1,15-12-2023,09:35:00,110.7,110.7,110.6,110.6,128000,164072000
SAIL_F1,15-12-2023,09:36:00,110.6,110.6,110.55,110.55,56000,164072000
SAIL_F1,15-12-2023,09:37:00,110.65,110.65,110.45,110.45,136000,164072000
SAIL_F1,15-12-2023,09:38:00,110.5,110.5,110.5,110.5,48000,163792000
SAIL_F1,15-12-2023,09:39:00,110.45,110.45,110.45,110.45,48000,163792000
SAIL_F1,15-12-2023,09:40:00,110.45,110.45,110.3,110.3,128000,163792000
SAIL_F1,15-12-2023,09:41:00,110.25,110.3,110.25,110.3,96000,163512000
SAIL_F1,15-12-2023,09:42:00,110.2,110.2,110.2,110.2,64000,163512000
SAIL_F1,15-12-2023,09:43:00,110.2,110.2,110.2,110.2,40000,163512000
SAIL_F1,15-12-2023,09:44:00,110.3,110.3,110.2,110.2,24000,163392000
SAIL_F1,15-12-2023,09:45:00,110.3,110.45,110.3,110.45,32000,163392000
SAIL_F1,15-12-2023,09:46:00,110.7,110.95,110.7,110.95,64000,163392000
SAIL_F1,15-12-2023,09:47:00,110.95,111.0,110.95,111.0,80000,163232000
SAIL_F1,15-12-2023,09:48:00,110.9,110.9,110.85,110.85,24000,163232000
SAIL_F1,15-12-2023,09:49:00,110.9,110.9,110.9,110.9,8000,163232000
SAIL_F1,15-12-2023,09:50:00,111.05,111.05,111.05,111.05,32000,163160000
SAIL_F1,15-12-2023,09:51:00,111.2,111.2,111.2,111.2,32000,163160000
SAIL_F1,15-12-2023,09:52:00,110.85,111.15,110.85,111.15,16000,163160000
SAIL_F1,15-12-2023,09:53:00,110.7,110.85,110.7,110.85,24000,163160000
SAIL_F1,15-12-2023,09:54:00,110.65,110.65,110.65,110.65,16000,163088000
SAIL_F1,15-12-2023,09:55:00,110.6,110.6,110.55,110.55,32000,163088000
SAIL_F1,15-12-2023,09:56:00,110.45,110.5,110.45,110.5,32000,163088000
SAIL_F1,15-12-2023,09:57:00,110.15,110.15,110.1,110.1,64000,163016000
SAIL_F1,15-12-2023,09:58:00,110.1,110.1,110.1,110.1,16000,163016000
SAIL_F1,15-12-2023,09:59:00,110.1,110.1,110.05,110.05,32000,163016000
SAIL_F1,15-12-2023,10:00:00,110.05,110.05,110.05,110.05,24000,162912000
SAIL_F1,15-12-2023,10:01:00,110.4,110.4,110.4,110.4,48000,162912000
SAIL_F1,15-12-2023,10:02:00,110.5,110.5,110.5,110.5,64000,162912000
SAIL_F1,15-12-2023,10:05:00,110.7,110.9,110.7,110.9,24000,162744000
SAIL_F1,15-12-2023,10:06:00,110.75,110.75,110.75,110.75,8000,162744000
SAIL_F1,15-12-2023,10:07:00,110.95,110.95,110.95,110.95,16000,162744000
SAIL_F1,15-12-2023,10:09:00,110.95,110.95,110.95,110.95,8000,162712000
SAIL_F1,15-12-2023,10:12:00,111.0,111.0,110.75,110.75,72000,162704000
SAIL_F1,15-12-2023,10:13:00,110.75,110.75,110.75,110.75,8000,162704000
SAIL_F1,15-12-2023,10:14:00,110.8,110.8,110.8,110.8,8000,162704000
SAIL_F1,15-12-2023,10:15:00,110.9,110.9,110.9,110.9,16000,162624000
SAIL_F1,15-12-2023,10:16:00,110.85,110.85,110.85,110.85,16000,162624000
SAIL_F1,15-12-2023,10:18:00,110.9,110.9,110.9,110.9,16000,162592000
SAIL_F1,15-12-2023,10:19:00,110.9,110.9,110.9,110.9,8000,162592000
SAIL_F1,15-12-2023,10:20:00,111.0,111.0,111.0,111.0,216000,162592000
SAIL_F1,15-12-2023,10:21:00,110.95,111.0,110.95,111.0,24000,162360000
SAIL_F1,15-12-2023,10:22:00,111.2,111.2,111.2,111.2,8000,162360000
SAIL_F1,15-12-2023,10:24:00,110.8,110.8,110.8,110.8,176000,162336000
SAIL_F1,15-12-2023,10:25:00,110.75,110.75,110.7,110.75,128000,162336000
SAIL_F1,15-12-2023,10:27:00,110.6,110.6,110.6,110.6,8000,162064000
SAIL_F1,15-12-2023,10:28:00,110.7,110.7,110.7,110.7,16000,162064000
SAIL_F1,15-12-2023,10:29:00,110.8,110.8,110.8,110.8,112000,161960000
SAIL_F1,15-12-2023,10:30:00,111.0,111.0,110.85,110.95,64000,161960000
SAIL_F1,15-12-2023,10:31:00,111.2,111.25,111.2,111.25,80000,161960000
SAIL_F1,15-12-2023,10:32:00,111.45,111.45,111.45,111.45,16000,161960000
SAIL_F1,15-12-2023,10:34:00,111.45,111.45,111.4,111.4,16000,161768000
SAIL_F1,15-12-2023,10:35:00,111.4,111.6,111.4,111.6,16000,161768000
SAIL_F1,15-12-2023,10:36:00,111.4,111.45,111.4,111.45,48000,161736000
SAIL_F1,15-12-2023,10:38:00,111.6,111.6,111.6,111.6,8000,161688000
SAIL_F1,15-12-2023,10:40:00,111.4,111.4,111.4,111.4,8000,161688000
SAIL_F1,15-12-2023,10:41:00,111.4,111.4,111.4,111.4,16000,161688000
SAIL_F1,15-12-2023,10:42:00,111.4,111.65,111.4,111.65,24000,161656000
SAIL_F1,15-12-2023,10:43:00,111.75,111.85,111.75,111.8,40000,161656000
SAIL_F1,15-12-2023,10:44:00,111.75,111.75,111.75,111.75,8000,161656000
SAIL_F1,15-12-2023,10:45:00,111.6,111.75,111.6,111.75,16000,161584000
SAIL_F1,15-12-2023,10:46:00,111.35,111.35,111.35,111.35,16000,161584000
SAIL_F1,15-12-2023,10:47:00,111.3,111.3,111.3,111.3,8000,161584000
SAIL_F1,15-12-2023,10:48:00,111.45,111.45,111.45,111.45,8000,161544000
SAIL_F1,15-12-2023,10:49:00,111.1,111.1,111.1,111.1,24000,161544000
SAIL_F1,15-12-2023,10:50:00,111.1,111.1,111.05,111.05,16000,161544000
SAIL_F1,15-12-2023,10:51:00,111.05,111.05,111.05,111.05,8000,161496000
SAIL_F1,15-12-2023,10:52:00,111.0,111.0,111.0,111.0,32000,161496000
SAIL_F1,15-12-2023,10:53:00,110.8,110.8,110.8,110.8,8000,161496000
SAIL_F1,15-12-2023,10:54:00,110.65,110.65,110.6,110.6,32000,161448000
SAIL_F1,15-12-2023,10:55:00,110.6,110.6,110.45,110.45,88000,161448000
SAIL_F1,15-12-2023,10:56:00,110.3,110.5,110.3,110.5,96000,161232000
SAIL_F1,15-12-2023,10:57:00,110.35,110.5,110.3,110.3,24000,161232000
SAIL_F1,15-12-2023,10:59:00,110.4,110.5,110.35,110.5,96000,161232000
SAIL_F1,15-12-2023,11:00:00,110.5,110.5,110.5,110.5,8000,161104000
SAIL_F1,15-12-2023,11:01:00,110.45,110.45,110.45,110.45,8000,161104000
SAIL_F1,15-12-2023,11:02:00,110.5,110.5,110.15,110.15,72000,161104000
SAIL_F1,15-12-2023,11:03:00,110.35,110.35,110.05,110.05,56000,161016000
SAIL_F1,15-12-2023,11:04:00,110.0,110.05,110.0,110.05,72000,161016000
SAIL_F1,15-12-2023,11:05:00,110.35,110.35,110.35,110.35,16000,161016000
SAIL_F1,15-12-2023,11:08:00,110.45,110.45,110.45,110.45,8000,160872000
SAIL_F1,15-12-2023,11:09:00,110.15,110.15,110.15,110.15,8000,160872000
SAIL_F1,15-12-2023,11:10:00,110.15,110.15,110.15,110.15,16000,160872000
SAIL_F1,15-12-2023,11:12:00,110.4,110.4,110.25,110.25,16000,160848000
SAIL_F1,15-12-2023,11:14:00,110.25,110.25,110.25,110.25,24000,160848000
SAIL_F1,15-12-2023,11:15:00,110.2,110.45,110.2,110.45,24000,160808000
SAIL_F1,15-12-2023,11:17:00,110.5,110.5,110.5,110.5,24000,160808000
SAIL_F1,15-12-2023,11:18:00,110.5,110.5,110.5,110.5,48000,160760000
SAIL_F1,15-12-2023,11:19:00,110.05,110.05,110.05,110.05,16000,160760000
SAIL_F1,15-12-2023,11:20:00,110.0,110.0,110.0,110.0,8000,160760000
SAIL_F1,15-12-2023,11:22:00,110.35,110.35,110.35,110.35,16000,160704000
SAIL_F1,15-12-2023,11:25:00,110.0,110.0,109.95,109.95,96000,160688000
SAIL_F1,15-12-2023,11:26:00,109.95,110.0,109.95,110.0,32000,160688000
SAIL_F1,15-12-2023,11:28:00,110.3,110.3,110.3,110.3,8000,160568000
SAIL_F1,15-12-2023,11:29:00,110.15,110.25,110.15,110.25,16000,160568000
SAIL_F1,15-12-2023,11:32:00,110.35,110.35,110.35,110.35,8000,160544000
SAIL_F1,15-12-2023,11:33:00,110.2,110.2,110.2,110.2,16000,160536000
SAIL_F1,15-12-2023,11:35:00,110.35,110.35,110.0,110.0,104000,160536000
SAIL_F1,15-12-2023,11:37:00,110.0,110.0,110.0,110.0,8000,160424000
SAIL_F1,15-12-2023,11:38:00,110.05,110.3,110.0,110.3,24000,160424000
SAIL_F1,15-12-2023,11:41:00,110.3,110.3,110.3,110.3,8000,160376000
SAIL_F1,15-12-2023,11:43:00,110.1,110.1,110.1,110.1,8000,160376000
SAIL_F1,15-12-2023,11:44:00,110.1,110.1,110.1,110.1,8000,160360000
SAIL_F1,15-12-2023,11:45:00,110.3,110.3,110.3,110.3,48000,160360000
SAIL_F1,15-12-2023,11:46:00,110.4,111.6,110.4,111.6,192000,160360000
SAIL_F1,15-12-2023,11:47:00,111.8,111.8,111.8,111.8,24000,160360000
SAIL_F1,15-12-2023,11:48:00,111.9,111.95,111.9,111.95,24000,160120000
SAIL_F1,15-12-2023,11:49:00,112.0,112.0,112.0,112.0,24000,160120000
SAIL_F1,15-12-2023,11:50:00,111.75,112.2,111.75,112.2,200000,159976000
SAIL_F1,15-12-2023,11:51:00,112.4,113.3,112.4,113.3,768000,159976000
SAIL_F1,15-12-2023,11:52:00,113.3,113.65,113.0,113.25,760000,159976000
SAIL_F1,15-12-2023,11:53:00,113.2,113.35,112.8,112.8,312000,158632000
SAIL_F1,15-12-2023,11:54:00,112.85,112.85,112.7,112.7,144000,158632000
SAIL_F1,15-12-2023,11:55:00,112.7,112.7,112.7,112.7,8000,158632000
SAIL_F1,15-12-2023,11:56:00,112.35,112.35,112.0,112.0,40000,158632000
SAIL_F1,15-12-2023,11:58:00,112.4,112.4,112.4,112.4,8000,158552000
SAIL_F1,15-12-2023,11:59:00,112.0,112.0,112.0,112.0,8000,158552000
SAIL_F1,15-12-2023,12:01:00,112.0,112.2,112.0,112.2,16000,158536000
SAIL_F1,15-12-2023,12:02:00,112.2,112.35,112.2,112.35,40000,158536000
SAIL_F1,15-12-2023,12:03:00,112.75,112.95,112.75,112.95,192000,158504000
SAIL_F1,15-12-2023,12:04:00,112.7,112.7,112.7,112.7,8000,158504000
SAIL_F1,15-12-2023,12:05:00,112.85,112.85,112.7,112.7,40000,158504000
SAIL_F1,15-12-2023,12:06:00,112.8,112.9,112.8,112.9,24000,158400000
SAIL_F1,15-12-2023,12:07:00,112.9,112.95,112.9,112.95,32000,158400000
SAIL_F1,15-12-2023,12:08:00,113.0,113.05,113.0,113.05,56000,158400000
SAIL_F1,15-12-2023,12:09:00,113.1,113.35,113.1,113.35,168000,158336000
SAIL_F1,15-12-2023,12:10:00,113.3,113.3,113.3,113.3,16000,158336000
SAIL_F1,15-12-2023,12:11:00,113.15,113.3,113.15,113.3,32000,158336000
SAIL_F1,15-12-2023,12:12:00,113.3,113.35,113.3,113.35,24000,158200000
SAIL_F1,15-12-2023,12:13:00,113.3,113.3,113.3,113.3,16000,158200000
SAIL_F1,15-12-2023,12:14:00,113.25,113.3,113.25,113.3,32000,158200000
SAIL_F1,15-12-2023,12:15:00,113.35,113.4,113.35,113.4,24000,158168000
SAIL_F1,15-12-2023,12:16:00,113.0,113.0,112.75,112.75,80000,158168000
SAIL_F1,15-12-2023,12:17:00,112.75,112.75,112.75,112.75,8000,158168000
SAIL_F1,15-12-2023,12:18:00,112.9,112.9,112.75,112.75,16000,158128000
SAIL_F1,15-12-2023,12:20:00,113.25,113.3,113.25,113.3,48000,158128000
SAIL_F1,15-12-2023,12:21:00,113.3,113.3,113.3,113.3,16000,158104000
SAIL_F1,15-12-2023,12:22:00,113.25,113.25,113.25,113.25,8000,158104000
SAIL_F1,15-12-2023,12:23:00,113.1,113.35,113.1,113.35,40000,158104000
SAIL_F1,15-12-2023,12:24:00,113.4,113.4,113.2,113.2,72000,158096000
SAIL_F1,15-12-2023,12:25:00,113.3,113.3,113.3,113.3,8000,158096000
SAIL_F1,15-12-2023,12:26:00,113.15,113.15,113.0,113.0,40000,158096000
SAIL_F1,15-12-2023,12:27:00,113.0,113.0,113.0,113.0,16000,158072000
SAIL_F1,15-12-2023,12:28:00,113.0,113.05,113.0,113.05,24000,158072000
SAIL_F1,15-12-2023,12:30:00,113.05,113.3,113.05,113.3,32000,158056000
SAIL_F1,15-12-2023,12:31:00,113.35,113.35,113.35,113.35,8000,158056000
SAIL_F1,15-12-2023,12:33:00,113.15,113.15,113.15,113.15,8000,158048000
SAIL_F1,15-12-2023,12:34:00,113.1,113.1,113.1,113.1,8000,158048000
SAIL_F1,15-12-2023,12:35:00,113.2,113.2,113.05,113.05,32000,158048000
SAIL_F1,15-12-2023,12:36:00,113.0,113.0,113.0,113.0,16000,158032000
SAIL_F1,15-12-2023,12:37:00,112.95,113.05,112.95,113.05,16000,158032000
SAIL_F1,15-12-2023,12:38:00,113.3,113.3,113.1,113.1,24000,158032000
SAIL_F1,15-12-2023,12:40:00,113.15,113.15,113.15,113.15,16000,158016000
SAIL_F1,15-12-2023,12:41:00,113.15,113.15,113.15,113.15,8000,158016000
SAIL_F1,15-12-2023,12:43:00,112.95,112.95,112.95,112.95,24000,158008000
SAIL_F1,15-12-2023,12:44:00,112.8,112.8,112.8,112.8,24000,158008000
SAIL_F1,15-12-2023,12:45:00,112.8,112.8,112.8,112.8,16000,158008000
SAIL_F1,15-12-2023,12:46:00,112.8,112.8,112.8,112.8,32000,158008000
SAIL_F1,15-12-2023,12:47:00,113.0,113.25,113.0,113.25,56000,158008000
SAIL_F1,15-12-2023,12:48:00,113.35,113.4,113.25,113.4,96000,157984000
SAIL_F1,15-12-2023,12:49:00,113.4,113.4,113.4,113.4,8000,157984000
SAIL_F1,15-12-2023,12:50:00,113.4,113.4,113.4,113.4,24000,157984000
SAIL_F1,15-12-2023,12:51:00,113.4,113.4,113.4,113.4,48000,157952000
SAIL_F1,15-12-2023,12:52:00,113.25,113.25,113.25,113.25,16000,157952000
SAIL_F1,15-12-2023,12:53:00,113.25,113.25,113.25,113.25,48000,157952000
SAIL_F1,15-12-2023,12:54:00,113.35,113.35,113.35,113.35,8000,157936000
SAIL_F1,15-12-2023,12:55:00,113.5,113.5,113.5,113.5,24000,157936000
SAIL_F1,15-12-2023,12:56:00,113.35,113.35,113.35,113.35,32000,157936000
SAIL_F1,15-12-2023,12:57:00,113.55,113.55,113.55,113.55,72000,157928000
SAIL_F1,15-12-2023,12:58:00,113.5,113.6,113.5,113.5,40000,157928000
SAIL_F1,15-12-2023,12:59:00,113.55,113.55,113.55,113.55,8000,157928000
SAIL_F1,15-12-2023,13:00:00,113.55,113.55,113.5,113.5,16000,157864000
SAIL_F1,15-12-2023,13:01:00,113.6,113.6,113.5,113.5,56000,157864000
SAIL_F1,15-12-2023,13:02:00,113.45,113.45,113.45,113.45,8000,157864000
SAIL_F1,15-12-2023,13:03:00,113.45,113.5,113.45,113.5,24000,157808000
SAIL_F1,15-12-2023,13:04:00,113.65,113.7,113.35,113.35,88000,157808000
SAIL_F1,15-12-2023,13:05:00,113.35,113.35,113.05,113.05,48000,157808000
SAIL_F1,15-12-2023,13:06:00,113.05,113.05,112.95,112.95,24000,157736000
SAIL_F1,15-12-2023,13:07:00,112.85,112.85,112.85,112.85,8000,157736000
SAIL_F1,15-12-2023,13:08:00,112.85,112.85,112.85,112.85,8000,157736000
SAIL_F1,15-12-2023,13:10:00,112.45,112.45,112.45,112.45,448000,157704000
SAIL_F1,15-12-2023,13:11:00,112.3,112.6,112.3,112.6,16000,157704000
SAIL_F1,15-12-2023,13:14:00,112.45,112.45,112.05,112.05,24000,157496000
SAIL_F1,15-12-2023,13:15:00,112.0,112.4,112.0,112.4,184000,157480000
SAIL_F1,15-12-2023,13:16:00,112.0,112.0,112.0,112.0,288000,157480000
SAIL_F1,15-12-2023,13:18:00,111.75,111.75,111.75,111.75,56000,157320000
SAIL_F1,15-12-2023,13:19:00,111.8,111.8,111.5,111.5,216000,157320000
SAIL_F1,15-12-2023,13:20:00,111.55,111.55,111.55,111.55,128000,157320000
SAIL_F1,15-12-2023,13:21:00,111.8,111.8,111.65,111.65,40000,157232000
SAIL_F1,15-12-2023,13:22:00,111.65,111.65,111.65,111.65,32000,157232000
SAIL_F1,15-12-2023,13:24:00,111.8,111.8,111.8,111.8,8000,157216000
SAIL_F1,15-12-2023,13:25:00,111.7,111.7,111.7,111.7,16000,157216000
SAIL_F1,15-12-2023,13:28:00,111.8,111.8,111.8,111.8,8000,157208000
SAIL_F1,15-12-2023,13:29:00,111.8,111.8,111.8,111.8,8000,157208000
SAIL_F1,15-12-2023,13:30:00,111.85,111.85,111.85,111.85,16000,157192000
SAIL_F1,15-12-2023,13:31:00,112.1,112.1,112.05,112.05,248000,157192000
SAIL_F1,15-12-2023,13:32:00,111.9,111.9,111.8,111.8,48000,157192000
SAIL_F1,15-12-2023,13:33:00,111.8,111.8,111.8,111.8,8000,157192000
SAIL_F1,15-12-2023,13:34:00,111.85,112.35,111.85,112.35,56000,157008000
SAIL_F1,15-12-2023,13:35:00,111.9,111.9,111.9,111.9,24000,157008000
SAIL_F1,15-12-2023,13:38:00,112.1,112.1,112.1,112.1,8000,156976000
SAIL_F1,15-12-2023,13:41:00,112.1,112.1,112.1,112.1,24000,156968000
SAIL_F1,15-12-2023,13:43:00,111.95,111.95,111.95,111.95,16000,156960000
SAIL_F1,15-12-2023,13:44:00,111.95,111.95,111.95,111.95,56000,156960000
SAIL_F1,15-12-2023,13:48:00,111.6,111.7,111.6,111.7,24000,156944000
SAIL_F1,15-12-2023,13:50:00,111.4,111.4,111.35,111.35,160000,156944000
SAIL_F1,15-12-2023,13:51:00,111.6,111.6,111.4,111.4,120000,156864000
SAIL_F1,15-12-2023,13:54:00,111.65,111.65,111.65,111.65,8000,156856000
SAIL_F1,15-12-2023,13:56:00,111.4,111.4,111.4,111.4,48000,156856000
SAIL_F1,15-12-2023,13:58:00,111.6,111.6,111.6,111.6,8000,156832000
SAIL_F1,15-12-2023,14:01:00,111.7,111.7,111.5,111.5,16000,156824000
SAIL_F1,15-12-2023,14:04:00,111.3,111.4,111.2,111.4,168000,156808000
SAIL_F1,15-12-2023,14:05:00,111.5,111.5,111.1,111.1,64000,156808000
SAIL_F1,15-12-2023,14:07:00,111.3,111.3,111.3,111.3,8000,156720000
SAIL_F1,15-12-2023,14:08:00,110.9,110.95,110.9,110.95,24000,156720000
SAIL_F1,15-12-2023,14:11:00,111.15,111.35,111.15,111.35,16000,156688000
SAIL_F1,15-12-2023,14:13:00,111.5,111.5,111.5,111.5,8000,156672000
SAIL_F1,15-12-2023,14:14:00,111.75,111.75,111.75,111.75,8000,156672000
SAIL_F1,15-12-2023,14:18:00,111.55,111.55,111.55,111.55,8000,156664000
SAIL_F1,15-12-2023,14:19:00,111.3,111.3,111.3,111.3,8000,156656000
SAIL_F1,15-12-2023,14:20:00,111.25,111.25,111.25,111.25,8000,156656000
SAIL_F1,15-12-2023,14:21:00,111.4,111.4,111.4,111.4,8000,156656000
SAIL_F1,15-12-2023,14:24:00,111.5,111.7,111.5,111.7,24000,156640000
SAIL_F1,15-12-2023,14:25:00,111.5,111.5,111.5,111.5,8000,156640000
SAIL_F1,15-12-2023,14:27:00,111.55,111.55,111.55,111.55,8000,156632000
SAIL_F1,15-12-2023,14:30:00,112.0,112.0,111.95,111.95,64000,156624000
SAIL_F1,15-12-2023,14:31:00,112.15,112.15,112.15,112.15,8000,156624000
SAIL_F1,15-12-2023,14:34:00,112.0,112.0,111.7,111.7,32000,156608000
SAIL_F1,15-12-2023,14:35:00,111.95,112.1,111.95,112.1,136000,156608000
SAIL_F1,15-12-2023,14:37:00,111.8,112.05,111.8,112.05,56000,156464000
SAIL_F1,15-12-2023,14:38:00,112.05,112.05,112.05,112.05,16000,156464000
SAIL_F1,15-12-2023,14:39:00,111.75,111.75,111.75,111.75,56000,156392000
SAIL_F1,15-12-2023,14:41:00,111.9,111.9,111.9,111.9,8000,156392000
SAIL_F1,15-12-2023,14:43:00,112.0,112.0,112.0,112.0,8000,156376000
SAIL_F1,15-12-2023,14:44:00,112.0,112.1,112.0,112.1,120000,156376000
SAIL_F1,15-12-2023,14:45:00,112.15,112.3,112.15,112.3,16000,156248000
SAIL_F1,15-12-2023,14:46:00,112.8,112.8,112.65,112.65,56000,156248000
SAIL_F1,15-12-2023,14:47:00,112.6,112.6,112.6,112.6,16000,156248000
SAIL_F1,15-12-2023,14:48:00,112.6,112.6,112.6,112.6,8000,156248000
SAIL_F1,15-12-2023,14:49:00,112.25,112.25,112.25,112.25,8000,156216000
SAIL_F1,15-12-2023,14:51:00,112.35,112.35,112.35,112.35,8000,156216000
SAIL_F1,15-12-2023,14:53:00,112.0,112.0,112.0,112.0,72000,156216000
SAIL_F1,15-12-2023,14:54:00,112.0,112.0,112.0,112.0,8000,156216000
SAIL_F1,15-12-2023,14:57:00,111.95,111.95,111.95,111.95,24000,156160000
SAIL_F1,15-12-2023,14:58:00,111.65,111.65,111.65,111.65,8000,156160000
SAIL_F1,15-12-2023,14:59:00,111.35,111.35,111.25,111.25,48000,156160000
SAIL_F1,15-12-2023,15:01:00,111.5,111.5,111.3,111.3,80000,156128000
SAIL_F1,15-12-2023,15:02:00,111.5,111.5,111.5,111.5,8000,156128000
SAIL_F1,15-12-2023,15:03:00,111.25,111.25,111.25,111.25,8000,156104000
SAIL_F1,15-12-2023,15:04:00,111.5,111.5,111.5,111.5,8000,156104000
SAIL_F1,15-12-2023,15:05:00,111.8,111.8,111.8,111.8,8000,156104000
SAIL_F1,15-12-2023,15:06:00,111.45,111.45,111.45,111.45,8000,156104000
SAIL_F1,15-12-2023,15:07:00,111.85,111.85,111.85,111.85,8000,156096000
SAIL_F1,15-12-2023,15:08:00,111.45,111.45,111.45,111.45,8000,156096000
SAIL_F1,15-12-2023,15:10:00,111.55,111.55,111.4,111.4,48000,156072000
SAIL_F1,15-12-2023,15:11:00,111.35,111.45,111.35,111.45,24000,156072000
SAIL_F1,15-12-2023,15:12:00,111.4,111.4,111.4,111.4,8000,156072000
SAIL_F1,15-12-2023,15:13:00,111.4,111.4,111.4,111.4,16000,156072000
SAIL_F1,15-12-2023,15:14:00,111.45,111.45,111.45,111.45,16000,156072000
SAIL_F1,15-12-2023,15:15:00,111.6,111.6,111.6,111.6,8000,156072000
SAIL_F1,15-12-2023,15:16:00,111.6,111.75,111.6,111.75,32000,156072000
SAIL_F1,15-12-2023,15:17:00,111.6,111.9,111.6,111.9,96000,156072000
SAIL_F1,15-12-2023,15:18:00,111.85,111.85,111.8,111.8,24000,155984000
SAIL_F1,15-12-2023,15:19:00,111.8,112.0,111.8,112.0,32000,155984000
SAIL_F1,15-12-2023,15:20:00,112.0,112.0,111.95,111.95,208000,155984000
SAIL_F1,15-12-2023,15:21:00,111.95,112.0,111.95,112.0,72000,155728000
SAIL_F1,15-12-2023,15:22:00,112.0,112.0,112.0,112.0,16000,155728000
SAIL_F1,15-12-2023,15:23:00,112.0,112.0,112.0,112.0,56000,155728000
SAIL_F1,15-12-2023,15:24:00,111.95,111.95,111.95,111.95,208000,155640000
SAIL_F1,15-12-2023,15:25:00,111.85,111.85,111.75,111.8,288000,155640000
SAIL_F1,15-12-2023,15:26:00,111.8,111.8,111.8,111.8,96000,155640000
SAIL_F1,15-12-2023,15:27:00,111.85,111.85,111.85,111.85,40000,155232000
SAIL_F1,15-12-2023,15:29:00,112.0,112.0,111.5,111.5,144000,155232000
SAIL_F1,15-12-2023,15:30:00,111.5,111.5,111.5,111.5,16000,155232000
SAIL_F1,18-12-2023,09:15:00,112.55,112.85,112.55,112.85,32001,150376000
SAIL_F1,18-12-2023,09:16:00,111.5,111.5,111.1,111.1,16000,150376000
SAIL_F1,18-12-2023,09:17:00,111.1,111.1,111.1,111.1,16000,150376000
SAIL_F1,18-12-2023,09:18:00,111.0,111.0,111.0,111.0,16000,150352000
SAIL_F1,18-12-2023,09:20:00,111.0,111.4,111.0,111.4,24000,150344000
SAIL_F1,18-12-2023,09:21:00,111.45,111.45,111.45,111.45,40000,150344000
SAIL_F1,18-12-2023,09:22:00,111.85,111.95,111.85,111.95,40000,150344000
SAIL_F1,18-12-2023,09:23:00,112.0,112.0,112.0,112.0,8000,150344000
SAIL_F1,18-12-2023,09:24:00,112.15,112.15,112.1,112.1,24000,150304000
SAIL_F1,18-12-2023,09:25:00,112.15,112.2,112.15,112.2,48000,150304000
SAIL_F1,18-12-2023,09:28:00,112.5,112.65,112.5,112.65,104000,150264000
SAIL_F1,18-12-2023,09:29:00,112.8,112.8,112.8,112.8,24000,150216000
SAIL_F1,18-12-2023,09:30:00,113.3,113.3,113.3,113.3,192000,150216000
SAIL_F1,18-12-2023,09:31:00,113.1,113.15,113.1,113.15,112000,150216000
SAIL_F1,18-12-2023,09:32:00,113.15,113.2,113.15,113.2,32000,150216000
SAIL_F1,18-12-2023,09:33:00,113.3,113.4,113.3,113.4,48000,150080000
SAIL_F1,18-12-2023,09:34:00,113.75,113.8,113.7,113.7,360000,150080000
SAIL_F1,18-12-2023,09:35:00,113.7,113.7,113.7,113.7,208000,150080000
SAIL_F1,18-12-2023,09:36:00,113.65,113.75,113.55,113.75,96000,150024000
SAIL_F1,18-12-2023,09:37:00,113.75,113.9,113.75,113.9,128000,150024000
SAIL_F1,18-12-2023,09:38:00,113.9,113.9,113.9,113.9,8000,150024000
SAIL_F1,18-12-2023,09:39:00,113.85,114.0,113.85,114.0,152000,149992000
SAIL_F1,18-12-2023,09:40:00,114.2,114.3,114.2,114.25,160000,149992000
SAIL_F1,18-12-2023,09:41:00,114.45,114.45,114.25,114.25,88000,149992000
SAIL_F1,18-12-2023,09:42:00,114.7,114.8,114.7,114.8,232000,149888000
SAIL_F1,18-12-2023,09:43:00,114.35,114.35,114.3,114.3,104000,149888000
SAIL_F1,18-12-2023,09:44:00,114.4,114.55,114.4,114.55,64000,149888000
SAIL_F1,18-12-2023,09:45:00,114.7,114.75,114.7,114.7,72000,149752000
SAIL_F1,18-12-2023,09:47:00,114.7,114.7,114.7,114.7,8000,149752000
SAIL_F1,18-12-2023,09:48:00,114.7,114.75,114.65,114.65,88000,149720000
SAIL_F1,18-12-2023,09:49:00,114.7,114.75,114.7,114.75,32000,149720000
SAIL_F1,18-12-2023,09:50:00,114.7,114.7,114.7,114.7,8000,149720000
SAIL_F1,18-12-2023,09:51:00,114.1,114.1,114.1,114.1,16000,149720000
SAIL_F1,18-12-2023,09:52:00,114.05,114.15,114.05,114.15,56000,149720000
SAIL_F1,18-12-2023,09:53:00,114.05,114.25,114.05,114.25,40000,149720000
SAIL_F1,18-12-2023,09:55:00,114.25,114.25,114.25,114.25,112000,149712000
SAIL_F1,18-12-2023,09:56:00,114.3,114.4,114.3,114.4,16000,149712000
SAIL_F1,18-12-2023,09:58:00,114.25,114.25,114.25,114.25,8000,149688000
SAIL_F1,18-12-2023,09:59:00,114.2,114.2,114.2,114.2,32000,149688000
SAIL_F1,18-12-2023,10:00:00,114.3,114.3,114.3,114.3,16000,149688000
SAIL_F1,18-12-2023,10:01:00,114.35,114.5,114.35,114.5,24000,149688000
SAIL_F1,18-12-2023,10:02:00,114.4,114.4,114.35,114.35,24000,149696000
SAIL_F1,18-12-2023,10:04:00,114.5,114.65,114.5,114.65,48000,149696000
SAIL_F1,18-12-2023,10:05:00,114.55,114.65,114.55,114.65,48000,149680000
SAIL_F1,18-12-2023,10:06:00,114.65,114.7,114.65,114.7,32000,149680000
SAIL_F1,18-12-2023,10:07:00,114.75,114.75,114.7,114.7,64000,149680000
SAIL_F1,18-12-2023,10:08:00,114.8,114.8,114.8,114.8,16000,149680000
SAIL_F1,18-12-2023,10:09:00,114.9,114.9,114.9,114.9,136000,149648000
SAIL_F1,18-12-2023,10:10:00,114.7,114.7,114.7,114.7,8000,149648000
SAIL_F1,18-12-2023,10:12:00,114.75,114.75,114.75,114.75,16000,149616000
SAIL_F1,18-12-2023,10:13:00,114.8,114.8,114.65,114.65,24000,149616000
SAIL_F1,18-12-2023,10:14:00,114.65,114.65,114.65,114.65,8000,149616000
SAIL_F1,18-12-2023,10:15:00,114.7,114.7,114.7,114.7,16000,149600000
SAIL_F1,18-12-2023,10:17:00,114.7,114.75,114.55,114.55,56000,149592000
SAIL_F1,18-12-2023,10:18:00,114.5,114.5,114.5,114.5,48000,149592000
SAIL_F1,18-12-2023,10:19:00,114.65,114.65,114.65,114.65,8000,149592000
SAIL_F1,18-12-2023,10:22:00,114.7,114.7,114.7,114.7,8000,149536000
SAIL_F1,18-12-2023,10:24:00,114.4,114.4,114.3,114.3,24000,149536000
SAIL_F1,18-12-2023,10:25:00,114.4,114.7,114.4,114.7,24000,149536000
SAIL_F1,18-12-2023,10:26:00,114.45,114.45,114.4,114.4,24000,149536000
SAIL_F1,18-12-2023,10:28:00,114.5,114.5,114.5,114.5,8000,149544000
SAIL_F1,18-12-2023,10:30:00,114.5,114.5,114.5,114.5,8000,149536000
SAIL_F1,18-12-2023,10:31:00,114.6,114.6,114.6,114.6,8000,149536000
SAIL_F1,18-12-2023,10:32:00,114.6,114.65,114.6,114.65,24000,149536000
SAIL_F1,18-12-2023,10:33:00,114.75,115.0,114.75,115.0,184000,149528000
SAIL_F1,18-12-2023,10:34:00,115.0,115.0,114.95,114.95,24000,149528000
SAIL_F1,18-12-2023,10:35:00,114.95,114.95,114.95,114.95,16000,149528000
SAIL_F1,18-12-2023,10:36:00,115.05,115.05,114.95,114.95,88000,149416000
SAIL_F1,18-12-2023,10:37:00,114.95,114.95,114.95,114.95,16000,149416000
SAIL_F1,18-12-2023,10:38:00,114.85,114.85,114.7,114.7,24000,149416000
SAIL_F1,18-12-2023,10:39:00,114.75,114.75,114.75,114.75,8000,149416000
SAIL_F1,18-12-2023,10:40:00,114.7,115.1,114.7,115.1,128000,149416000
SAIL_F1,18-12-2023,10:41:00,115.1,115.1,114.85,114.85,16000,149416000
SAIL_F1,18-12-2023,10:43:00,114.85,114.85,114.85,114.85,48000,149392000
SAIL_F1,18-12-2023,10:44:00,114.95,114.95,114.95,114.95,24000,149392000
SAIL_F1,18-12-2023,10:45:00,114.9,115.0,114.9,115.0,16000,149376000
SAIL_F1,18-12-2023,10:47:00,114.9,114.9,114.9,114.9,8000,149376000
SAIL_F1,18-12-2023,10:48:00,114.95,114.95,114.95,114.95,8000,149368000
SAIL_F1,18-12-2023,10:49:00,114.95,115.0,114.95,115.0,24000,149368000
SAIL_F1,18-12-2023,10:50:00,115.0,115.0,115.0,115.0,8000,149368000
SAIL_F1,18-12-2023,10:51:00,114.85,114.85,114.85,114.85,8000,149360000
SAIL_F1,18-12-2023,10:52:00,114.9,114.9,114.9,114.9,8000,149360000
SAIL_F1,18-12-2023,10:54:00,114.85,114.85,114.85,114.85,32000,149360000
SAIL_F1,18-12-2023,10:55:00,114.85,114.85,114.85,114.85,8000,149360000
SAIL_F1,18-12-2023,10:57:00,114.85,114.85,114.85,114.85,40000,149352000
SAIL_F1,18-12-2023,10:59:00,114.85,114.9,114.85,114.9,32000,149352000
SAIL_F1,18-12-2023,11:00:00,114.85,114.85,114.8,114.8,40000,149352000
SAIL_F1,18-12-2023,11:02:00,114.9,114.95,114.9,114.95,48000,149352000
SAIL_F1,18-12-2023,11:04:00,114.95,114.95,114.95,114.95,8000,149328000
SAIL_F1,18-12-2023,11:05:00,114.95,114.95,114.95,114.95,8000,149328000
SAIL_F1,18-12-2023,11:06:00,115.05,115.05,115.05,115.05,24000,149320000
SAIL_F1,18-12-2023,11:07:00,115.0,115.0,115.0,115.0,8000,149320000
SAIL_F1,18-12-2023,11:10:00,114.95,114.95,114.95,114.95,24000,149304000
SAIL_F1,18-12-2023,11:11:00,115.25,115.25,115.25,115.25,48000,149288000
SAIL_F1,18-12-2023,11:12:00,115.25,115.3,115.25,115.3,48000,149288000
SAIL_F1,18-12-2023,11:13:00,115.3,115.3,115.3,115.3,32000,149288000
SAIL_F1,18-12-2023,11:16:00,115.2,115.25,115.2,115.25,16000,149288000
SAIL_F1,18-12-2023,11:17:00,115.25,115.25,115.25,115.25,16000,149288000
SAIL_F1,18-12-2023,11:18:00,115.15,115.15,115.15,115.15,8000,149288000
SAIL_F1,18-12-2023,11:19:00,115.15,115.15,115.15,115.15,16000,149288000
SAIL_F1,18-12-2023,11:20:00,115.2,115.2,115.15,115.15,24000,149288000
SAIL_F1,18-12-2023,11:22:00,114.9,114.95,114.9,114.95,48000,149280000
SAIL_F1,18-12-2023,11:23:00,114.95,114.95,114.95,114.95,8000,149280000
SAIL_F1,18-12-2023,11:24:00,114.95,115.1,114.95,115.1,32000,149272000
SAIL_F1,18-12-2023,11:25:00,114.95,114.95,114.95,114.95,8000,149272000
SAIL_F1,18-12-2023,11:27:00,114.95,114.95,114.95,114.95,8000,149280000
SAIL_F1,18-12-2023,11:28:00,115.35,115.35,115.35,115.35,56000,149280000
SAIL_F1,18-12-2023,11:30:00,115.2,115.2,115.2,115.2,24000,149280000
SAIL_F1,18-12-2023,11:31:00,115.2,115.2,115.2,115.2,16000,149280000
SAIL_F1,18-12-2023,11:33:00,115.2,115.2,115.2,115.2,8000,149272000
SAIL_F1,18-12-2023,11:34:00,115.2,115.2,115.2,115.2,16000,149272000
SAIL_F1,18-12-2023,11:35:00,115.2,115.2,115.2,115.2,8000,149272000
SAIL_F1,18-12-2023,11:36:00,115.2,115.25,115.2,115.25,32000,149272000
SAIL_F1,18-12-2023,11:37:00,115.25,115.25,115.2,115.2,16000,149272000
SAIL_F1,18-12-2023,11:38:00,115.3,115.3,115.3,115.3,16000,149272000
SAIL_F1,18-12-2023,11:39:00,115.4,115.5,115.4,115.5,32000,149272000
SAIL_F1,18-12-2023,11:40:00,115.5,115.5,115.5,115.5,40000,149272000
SAIL_F1,18-12-2023,11:41:00,115.45,115.45,115.4,115.45,40000,149272000
SAIL_F1,18-12-2023,11:42:00,115.5,115.5,115.5,115.5,32000,149240000
SAIL_F1,18-12-2023,11:43:00,115.65,115.75,115.65,115.75,152000,149240000
SAIL_F1,18-12-2023,11:44:00,115.8,115.85,115.8,115.85,96000,149240000
SAIL_F1,18-12-2023,11:45:00,115.9,115.95,115.9,115.9,128000,149208000
SAIL_F1,18-12-2023,11:46:00,115.9,115.95,115.9,115.95,56000,149208000
SAIL_F1,18-12-2023,11:47:00,115.95,115.95,115.8,115.8,56000,149208000
SAIL_F1,18-12-2023,11:48:00,115.7,115.75,115.7,115.7,24000,149208000
SAIL_F1,18-12-2023,11:49:00,115.7,115.7,115.7,115.7,8000,149208000
SAIL_F1,18-12-2023,11:50:00,115.7,115.7,115.7,115.7,16000,149208000
SAIL_F1,18-12-2023,11:51:00,115.95,115.95,115.85,115.85,112000,149208000
SAIL_F1,18-12-2023,11:53:00,115.9,115.9,115.9,115.9,24000,149208000
SAIL_F1,18-12-2023,11:54:00,115.9,115.9,115.9,115.9,8000,149216000
SAIL_F1,18-12-2023,11:57:00,115.85,115.85,115.85,115.85,24000,149216000
SAIL_F1,18-12-2023,11:58:00,115.85,115.85,115.6,115.6,104000,149216000
SAIL_F1,18-12-2023,11:59:00,115.55,115.55,115.55,115.55,8000,149216000
SAIL_F1,18-12-2023,12:00:00,115.35,115.35,115.3,115.3,48000,149312000
SAIL_F1,18-12-2023,12:01:00,115.2,115.2,115.2,115.2,16000,149312000
SAIL_F1,18-12-2023,12:02:00,115.15,115.15,115.05,115.05,24000,149312000
SAIL_F1,18-12-2023,12:03:00,115.35,115.55,115.35,115.55,64000,149304000
SAIL_F1,18-12-2023,12:04:00,115.2,115.2,115.2,115.2,8000,149304000
SAIL_F1,18-12-2023,12:05:00,115.35,115.35,115.35,115.35,8000,149304000
SAIL_F1,18-12-2023,12:06:00,115.2,115.2,115.15,115.15,56000,149336000
SAIL_F1,18-12-2023,12:08:00,115.05,115.05,115.05,115.05,32000,149336000
SAIL_F1,18-12-2023,12:09:00,115.0,115.0,115.0,115.0,24000,149328000
SAIL_F1,18-12-2023,12:10:00,115.0,115.0,114.9,114.9,40000,149328000
SAIL_F1,18-12-2023,12:14:00,115.05,115.05,115.05,115.05,8000,149320000
SAIL_F1,18-12-2023,12:15:00,115.05,115.05,115.05,115.05,8000,149288000
SAIL_F1,18-12-2023,12:16:00,115.1,115.1,115.1,115.1,8000,149288000
SAIL_F1,18-12-2023,12:17:00,115.2,115.3,115.2,115.3,24000,149288000
SAIL_F1,18-12-2023,12:18:00,115.3,115.7,115.3,115.7,48000,149280000
SAIL_F1,18-12-2023,12:22:00,115.85,115.85,115.85,115.85,8000,149280000
SAIL_F1,18-12-2023,12:24:00,115.7,115.7,115.6,115.6,16000,149272000
SAIL_F1,18-12-2023,12:25:00,115.65,115.9,115.65,115.9,32000,149272000
SAIL_F1,18-12-2023,12:26:00,116.0,116.25,116.0,116.25,72000,149272000
SAIL_F1,18-12-2023,12:28:00,116.05,116.05,116.0,116.0,48000,149296000
SAIL_F1,18-12-2023,12:29:00,116.0,116.05,116.0,116.05,32000,149296000
SAIL_F1,18-12-2023,12:30:00,116.05,116.25,116.05,116.25,144000,149384000
SAIL_F1,18-12-2023,12:31:00,116.25,116.25,116.25,116.25,24000,149384000
SAIL_F1,18-12-2023,12:32:00,116.0,116.05,116.0,116.05,32000,149384000
SAIL_F1,18-12-2023,12:33:00,116.1,116.15,116.1,116.15,16000,149456000
SAIL_F1,18-12-2023,12:34:00,116.05,116.05,116.05,116.05,32000,149456000
SAIL_F1,18-12-2023,12:35:00,116.2,116.2,116.2,116.2,16000,149456000
SAIL_F1,18-12-2023,12:36:00,116.25,116.45,116.25,116.45,136000,149488000
SAIL_F1,18-12-2023,12:37:00,116.45,116.45,116.45,116.45,32000,149488000
SAIL_F1,18-12-2023,12:38:00,116.3,116.7,116.3,116.7,224000,149488000
SAIL_F1,18-12-2023,12:39:00,116.55,116.55,116.55,116.55,56000,149616000
SAIL_F1,18-12-2023,12:40:00,116.55,116.55,116.55,116.55,8000,149616000
SAIL_F1,18-12-2023,12:41:00,116.45,116.45,116.45,116.45,16000,149616000
SAIL_F1,18-12-2023,12:42:00,116.5,116.55,116.5,116.55,32000,149648000
SAIL_F1,18-12-2023,12:43:00,116.65,116.65,116.65,116.65,16000,149648000
SAIL_F1,18-12-2023,12:44:00,116.7,116.75,116.7,116.75,72000,149648000
SAIL_F1,18-12-2023,12:45:00,116.75,116.8,116.65,116.65,40000,149720000
SAIL_F1,18-12-2023,12:46:00,116.4,116.4,116.3,116.3,88000,149720000
SAIL_F1,18-12-2023,12:47:00,116.35,116.35,116.35,116.35,8000,149720000
SAIL_F1,18-12-2023,12:48:00,116.5,116.5,116.25,116.25,120000,149728000
SAIL_F1,18-12-2023,12:49:00,116.25,116.8,116.25,116.8,64000,149728000
SAIL_F1,18-12-2023,12:51:00,116.75,116.75,116.75,116.75,8000,149728000
SAIL_F1,18-12-2023,12:54:00,116.75,116.75,116.75,116.75,8000,149712000
SAIL_F1,18-12-2023,12:55:00,116.6,116.6,116.6,116.6,8000,149712000
SAIL_F1,18-12-2023,13:00:00,116.45,116.45,116.45,116.45,8000,149704000
SAIL_F1,18-12-2023,13:01:00,116.35,116.35,116.35,116.35,16000,149712000
SAIL_F1,18-12-2023,13:02:00,116.6,116.6,116.6,116.6,48000,149712000
SAIL_F1,18-12-2023,13:03:00,116.5,116.5,116.5,116.5,8000,149768000
SAIL_F1,18-12-2023,13:04:00,116.5,116.65,116.5,116.6,40000,149768000
SAIL_F1,18-12-2023,13:05:00,116.6,116.6,116.6,116.6,32000,149768000
SAIL_F1,18-12-2023,13:06:00,116.55,116.55,116.55,116.55,8000,149800000
SAIL_F1,18-12-2023,13:07:00,116.45,116.45,116.45,116.45,8000,149800000
SAIL_F1,18-12-2023,13:08:00,116.45,116.45,116.4,116.4,32000,149800000
SAIL_F1,18-12-2023,13:09:00,116.55,116.55,116.55,116.55,8000,149800000
SAIL_F1,18-12-2023,13:10:00,116.8,116.8,116.8,116.8,16000,149800000
SAIL_F1,18-12-2023,13:11:00,116.5,116.5,116.5,116.5,8000,149800000
SAIL_F1,18-12-2023,13:12:00,116.5,116.7,116.5,116.7,56000,149800000
SAIL_F1,18-12-2023,13:13:00,116.85,116.85,116.85,116.85,120000,149800000
SAIL_F1,18-12-2023,13:14:00,116.95,117.2,116.95,117.2,216000,149800000
SAIL_F1,18-12-2023,13:15:00,117.2,117.2,117.0,117.0,88000,149952000
SAIL_F1,18-12-2023,13:16:00,117.1,117.1,117.1,117.1,8000,149952000
SAIL_F1,18-12-2023,13:17:00,117.15,117.15,117.15,117.15,168000,149952000
SAIL_F1,18-12-2023,13:18:00,117.15,117.15,117.15,117.15,8000,149952000
SAIL_F1,18-12-2023,13:19:00,117.15,117.15,117.15,117.15,24000,150056000
SAIL_F1,18-12-2023,13:20:00,117.05,117.05,117.05,117.05,16000,150056000
SAIL_F1,18-12-2023,13:21:00,117.0,117.0,117.0,117.0,8000,150080000
SAIL_F1,18-12-2023,13:22:00,116.95,116.95,116.9,116.95,40000,150080000
SAIL_F1,18-12-2023,13:23:00,116.65,116.65,116.65,116.65,64000,150080000
SAIL_F1,18-12-2023,13:24:00,116.7,117.05,116.7,116.85,104000,150168000
SAIL_F1,18-12-2023,13:25:00,116.85,117.2,116.85,117.2,64000,150168000
SAIL_F1,18-12-2023,13:26:00,117.2,117.2,117.2,117.2,8000,150168000
SAIL_F1,18-12-2023,13:28:00,117.15,117.15,117.05,117.05,64000,150272000
SAIL_F1,18-12-2023,13:30:00,116.9,116.9,116.9,116.9,40000,150272000
SAIL_F1,18-12-2023,13:32:00,116.9,117.0,116.9,117.0,192000,150272000
SAIL_F1,18-12-2023,13:33:00,116.8,116.8,116.8,116.8,8000,150240000
SAIL_F1,18-12-2023,13:34:00,116.7,116.7,116.7,116.7,8000,150240000
SAIL_F1,18-12-2023,13:35:00,116.7,116.7,116.7,116.7,32000,150240000
SAIL_F1,18-12-2023,13:36:00,116.65,116.65,116.65,116.65,8000,150240000
SAIL_F1,18-12-2023,13:37:00,116.6,116.6,116.5,116.5,40000,150240000
SAIL_F1,18-12-2023,13:38:00,116.55,116.6,116.55,116.6,24000,150240000
SAIL_F1,18-12-2023,13:39:00,116.5,116.5,116.5,116.5,24000,150208000
SAIL_F1,18-12-2023,13:40:00,116.55,116.6,116.55,116.6,40000,150208000
SAIL_F1,18-12-2023,13:41:00,116.5,116.5,116.5,116.5,8000,150208000
SAIL_F1,18-12-2023,13:43:00,116.6,116.6,116.6,116.6,32000,150208000
SAIL_F1,18-12-2023,13:45:00,116.6,116.6,116.6,116.6,16000,150208000
SAIL_F1,18-12-2023,13:46:00,116.6,116.6,116.5,116.5,48000,150208000
SAIL_F1,18-12-2023,13:50:00,116.45,116.45,116.45,116.45,8000,150200000
SAIL_F1,18-12-2023,13:51:00,116.5,116.5,116.5,116.5,8000,150200000
SAIL_F1,18-12-2023,13:52:00,116.45,116.45,116.35,116.35,16000,150200000
SAIL_F1,18-12-2023,13:53:00,116.35,116.35,116.35,116.35,8000,150200000
SAIL_F1,18-12-2023,13:55:00,116.2,116.2,116.2,116.2,16000,150192000
SAIL_F1,18-12-2023,13:56:00,116.15,116.15,116.15,116.15,8000,150192000
SAIL_F1,18-12-2023,13:58:00,116.35,116.35,116.35,116.35,8000,150184000
SAIL_F1,18-12-2023,14:01:00,116.45,116.45,116.45,116.45,8000,150176000
SAIL_F1,18-12-2023,14:02:00,116.5,116.5,116.5,116.5,8000,150176000
SAIL_F1,18-12-2023,14:11:00,116.2,116.2,116.2,116.2,8000,150176000
SAIL_F1,18-12-2023,14:12:00,116.2,116.2,116.2,116.2,24000,150176000
SAIL_F1,18-12-2023,14:13:00,116.2,116.6,116.2,116.6,96000,150200000
SAIL_F1,18-12-2023,14:14:00,116.65,116.65,116.65,116.65,48000,150200000
SAIL_F1,18-12-2023,14:17:00,116.4,116.4,116.4,116.4,48000,150264000
SAIL_F1,18-12-2023,14:18:00,116.4,116.4,116.4,116.4,24000,150264000
SAIL_F1,18-12-2023,14:20:00,116.25,116.25,116.25,116.25,8000,150320000
SAIL_F1,18-12-2023,14:23:00,116.4,116.4,116.4,116.4,56000,150320000
SAIL_F1,18-12-2023,14:25:00,116.25,116.25,116.25,116.25,8000,150304000
SAIL_F1,18-12-2023,14:26:00,116.25,116.25,116.25,116.25,16000,150304000
SAIL_F1,18-12-2023,14:29:00,116.35,116.35,116.35,116.35,16000,150296000
SAIL_F1,18-12-2023,14:30:00,116.15,116.15,116.15,116.15,24000,150296000
SAIL_F1,18-12-2023,14:31:00,116.05,116.05,116.05,116.05,64000,150280000
SAIL_F1,18-12-2023,14:32:00,116.05,116.05,116.05,116.05,8000,150280000
SAIL_F1,18-12-2023,14:34:00,115.95,115.95,115.95,115.95,8000,150224000
SAIL_F1,18-12-2023,14:36:00,116.15,116.15,116.15,116.15,8000,150216000
SAIL_F1,18-12-2023,14:43:00,115.9,115.9,115.9,115.9,24000,150216000
SAIL_F1,18-12-2023,14:44:00,115.85,115.85,115.85,115.85,8000,150216000
SAIL_F1,18-12-2023,14:46:00,115.7,116.05,115.7,116.05,72000,150208000
SAIL_F1,18-12-2023,14:49:00,116.05,116.05,115.85,115.85,248000,150216000
SAIL_F1,18-12-2023,14:50:00,115.85,115.85,115.85,115.85,40000,150216000
SAIL_F1,18-12-2023,14:51:00,115.9,115.9,115.9,115.9,8000,150168000
SAIL_F1,18-12-2023,14:54:00,115.85,115.9,115.85,115.9,24000,150160000
SAIL_F1,18-12-2023,14:55:00,115.95,115.95,115.95,115.95,8000,150160000
SAIL_F1,18-12-2023,14:56:00,115.95,115.95,115.95,115.95,16000,150160000
SAIL_F1,18-12-2023,14:57:00,115.95,115.95,115.95,115.95,8000,150160000
SAIL_F1,18-12-2023,15:00:00,115.65,115.65,115.65,115.65,24000,150160000
SAIL_F1,18-12-2023,15:01:00,115.65,115.65,115.65,115.65,80000,150160000
SAIL_F1,18-12-2023,15:02:00,115.55,115.65,115.55,115.65,40000,150160000
SAIL_F1,18-12-2023,15:03:00,115.65,115.65,115.65,115.65,8000,150136000
SAIL_F1,18-12-2023,15:04:00,115.65,115.65,115.65,115.65,8000,150136000
SAIL_F1,18-12-2023,15:05:00,115.5,115.5,115.5,115.5,72000,150136000
SAIL_F1,18-12-2023,15:06:00,115.5,115.55,115.5,115.55,48000,150120000
SAIL_F1,18-12-2023,15:08:00,115.65,115.65,115.5,115.5,56000,150120000
SAIL_F1,18-12-2023,15:09:00,115.55,115.55,115.45,115.45,16000,150152000
SAIL_F1,18-12-2023,15:12:00,115.25,115.25,115.25,115.25,16000,150160000
SAIL_F1,18-12-2023,15:13:00,115.35,115.35,115.3,115.3,24000,150160000
SAIL_F1,18-12-2023,15:14:00,115.2,115.4,115.2,115.4,48000,150160000
SAIL_F1,18-12-2023,15:15:00,115.5,115.5,115.5,115.5,16000,150160000
SAIL_F1,18-12-2023,15:16:00,115.85,115.85,115.65,115.65,56000,150168000
SAIL_F1,18-12-2023,15:17:00,115.8,115.8,115.8,115.8,8000,150168000
SAIL_F1,18-12-2023,15:18:00,115.85,115.9,115.85,115.9,40000,150168000
SAIL_F1,18-12-2023,15:19:00,115.95,116.0,115.75,116.0,40000,150168000
SAIL_F1,18-12-2023,15:20:00,115.75,115.75,115.75,115.75,16000,150168000
SAIL_F1,18-12-2023,15:21:00,115.6,115.6,115.6,115.6,8000,150160000
SAIL_F1,18-12-2023,15:22:00,115.45,115.6,115.45,115.6,40000,150160000
SAIL_F1,18-12-2023,15:23:00,115.65,115.65,115.65,115.65,16000,150160000
SAIL_F1,18-12-2023,15:24:00,115.7,115.7,115.7,115.7,8000,150160000
SAIL_F1,18-12-2023,15:25:00,115.85,115.9,115.85,115.9,32000,150168000
SAIL_F1,18-12-2023,15:26:00,115.8,115.8,115.7,115.7,24000,150168000
SAIL_F1,18-12-2023,15:27:00,115.75,115.8,115.65,115.8,24000,150168000
SAIL_F1,18-12-2023,15:28:00,115.75,115.75,115.75,115.75,40000,150168000
SAIL_F1,18-12-2023,15:29:00,115.65,115.65,115.65,115.65,8000,150168000
SAIL_F1,18-12-2023,15:30:00,115.1,115.1,115.1,115.1,8000,150168000
SAIL_F1,19-12-2023,09:15:00,116.2,116.2,116.2,116.2,16001,140480000
SAIL_F1,19-12-2023,09:16:00,115.1,115.1,115.1,115.1,16000,140480000
SAIL_F1,19-12-2023,09:17:00,115.1,115.2,115.1,115.2,24000,140480000
SAIL_F1,19-12-2023,09:18:00,115.45,115.45,115.1,115.1,16000,140448000
SAIL_F1,19-12-2023,09:20:00,115.15,115.15,115.0,115.0,24000,140448000
SAIL_F1,19-12-2023,09:21:00,115.0,115.7,115.0,115.7,40000,140448000
SAIL_F1,19-12-2023,09:22:00,115.8,115.8,115.8,115.8,8000,140448000
SAIL_F1,19-12-2023,09:23:00,115.85,116.1,115.85,116.1,32000,140448000
SAIL_F1,19-12-2023,09:24:00,116.4,116.5,116.4,116.4,280000,140472000
SAIL_F1,19-12-2023,09:25:00,116.5,116.5,116.5,116.5,8000,140472000
SAIL_F1,19-12-2023,09:26:00,116.1,116.1,116.1,116.1,32000,140472000
SAIL_F1,19-12-2023,09:27:00,116.25,116.25,116.25,116.25,8000,140544000
SAIL_F1,19-12-2023,09:32:00,115.4,115.4,115.4,115.4,8000,140512000
SAIL_F1,19-12-2023,09:33:00,115.4,115.4,115.4,115.4,16000,140512000
SAIL_F1,19-12-2023,09:34:00,115.4,115.7,115.4,115.7,16000,140512000
SAIL_F1,19-12-2023,09:35:00,115.4,115.4,115.4,115.4,16000,140512000
SAIL_F1,19-12-2023,09:36:00,115.4,115.4,115.2,115.2,24000,140456000
SAIL_F1,19-12-2023,09:38:00,115.0,115.1,115.0,115.1,16000,140456000
SAIL_F1,19-12-2023,09:39:00,114.55,114.55,114.55,114.55,24000,140424000
SAIL_F1,19-12-2023,09:40:00,114.55,114.7,114.55,114.7,32000,140424000
SAIL_F1,19-12-2023,09:41:00,114.65,114.65,114.65,114.65,40000,140424000
SAIL_F1,19-12-2023,09:42:00,114.5,114.5,114.5,114.5,24000,140408000
SAIL_F1,19-12-2023,09:43:00,114.5,114.55,114.5,114.55,16000,140408000
SAIL_F1,19-12-2023,09:44:00,113.75,113.75,113.75,113.75,120000,140408000
SAIL_F1,19-12-2023,09:45:00,113.75,113.75,113.75,113.75,88000,140400000
SAIL_F1,19-12-2023,09:47:00,113.55,113.55,113.55,113.55,32000,140400000
SAIL_F1,19-12-2023,09:48:00,113.9,113.9,113.55,113.55,72000,140384000
SAIL_F1,19-12-2023,09:49:00,113.5,113.85,113.4,113.4,152000,140384000
SAIL_F1,19-12-2023,09:50:00,113.9,113.9,113.9,113.9,8000,140384000
SAIL_F1,19-12-2023,09:52:00,113.9,114.0,113.9,114.0,32000,140344000
SAIL_F1,19-12-2023,09:53:00,114.05,114.05,114.05,114.05,16000,140344000
SAIL_F1,19-12-2023,09:54:00,113.75,113.75,113.75,113.75,16000,140232000
SAIL_F1,19-12-2023,10:00:00,113.7,113.7,113.7,113.7,8000,140232000
SAIL_F1,19-12-2023,10:01:00,113.7,113.7,113.35,113.35,40000,140232000
SAIL_F1,19-12-2023,10:02:00,113.35,113.35,113.35,113.35,40000,140232000
SAIL_F1,19-12-2023,10:04:00,113.7,113.7,113.7,113.7,8000,140256000
SAIL_F1,19-12-2023,10:05:00,113.1,113.1,112.85,112.85,208000,140256000
SAIL_F1,19-12-2023,10:06:00,112.8,112.8,112.7,112.7,40000,140240000
SAIL_F1,19-12-2023,10:07:00,112.65,112.65,112.65,112.65,72000,140240000
SAIL_F1,19-12-2023,10:08:00,112.5,112.5,112.5,112.5,104000,140240000
SAIL_F1,19-12-2023,10:11:00,112.55,112.55,112.35,112.35,56000,140224000
SAIL_F1,19-12-2023,10:12:00,112.0,112.0,111.8,111.8,272000,140224000
SAIL_F1,19-12-2023,10:13:00,112.0,112.0,112.0,112.0,72000,140224000
SAIL_F1,19-12-2023,10:14:00,111.8,111.8,111.75,111.8,40000,140224000
SAIL_F1,19-12-2023,10:15:00,111.5,111.75,111.5,111.75,112000,139968000
SAIL_F1,19-12-2023,10:16:00,111.65,111.7,111.65,111.7,104000,139968000
SAIL_F1,19-12-2023,10:17:00,111.75,111.75,111.7,111.7,176000,139968000
SAIL_F1,19-12-2023,10:18:00,112.0,112.0,112.0,112.0,16000,139840000
SAIL_F1,19-12-2023,10:19:00,112.35,112.35,112.35,112.35,8000,139840000
SAIL_F1,19-12-2023,10:20:00,112.35,112.35,112.35,112.35,8000,139840000
SAIL_F1,19-12-2023,10:32:00,112.2,112.2,112.2,112.2,16000,139760000
SAIL_F1,19-12-2023,10:33:00,112.1,112.1,112.1,112.1,40000,139760000
SAIL_F1,19-12-2023,10:35:00,112.0,112.0,112.0,112.0,200000,139760000
SAIL_F1,19-12-2023,10:36:00,112.6,112.6,112.6,112.6,24000,139704000
SAIL_F1,19-12-2023,10:41:00,112.6,112.6,112.6,112.6,8000,139704000
SAIL_F1,19-12-2023,10:42:00,112.5,112.5,112.5,112.5,8000,139704000
SAIL_F1,19-12-2023,10:46:00,112.6,112.6,112.6,112.6,8000,139688000
SAIL_F1,19-12-2023,10:54:00,112.25,112.25,112.25,112.25,24000,139680000
SAIL_F1,19-12-2023,10:55:00,112.7,112.7,112.7,112.7,8000,139680000
SAIL_F1,19-12-2023,10:58:00,112.5,112.5,112.5,112.5,8000,139672000
SAIL_F1,19-12-2023,11:02:00,112.4,112.4,112.4,112.4,8000,139640000
SAIL_F1,19-12-2023,11:04:00,112.7,112.7,112.7,112.7,8000,139632000
SAIL_F1,19-12-2023,11:16:00,112.4,112.4,112.4,112.4,8000,139624000
SAIL_F1,19-12-2023,11:19:00,112.35,112.35,112.35,112.35,8000,139616000
SAIL_F1,19-12-2023,11:28:00,112.8,112.95,112.8,112.95,40000,139608000
SAIL_F1,19-12-2023,11:33:00,113.0,113.0,113.0,113.0,8000,139624000
SAIL_F1,19-12-2023,11:39:00,113.0,113.05,113.0,113.05,96000,139624000
SAIL_F1,19-12-2023,11:41:00,113.05,113.05,113.05,113.05,8000,139624000
SAIL_F1,19-12-2023,12:09:00,112.65,112.65,112.65,112.65,24000,139592000
SAIL_F1,19-12-2023,12:10:00,113.45,113.55,113.45,113.55,48000,139592000
SAIL_F1,19-12-2023,12:11:00,112.8,112.8,112.8,112.8,8000,139592000
SAIL_F1,19-12-2023,12:14:00,112.75,112.75,112.75,112.75,8000,139592000
SAIL_F1,19-12-2023,12:20:00,112.85,112.85,112.85,112.85,8000,139592000
SAIL_F1,19-12-2023,12:42:00,113.45,113.45,113.45,113.45,48000,139584000
SAIL_F1,19-12-2023,12:43:00,113.45,113.45,113.45,113.45,8000,139584000
SAIL_F1,19-12-2023,12:56:00,113.25,113.25,113.25,113.25,16000,139536000
SAIL_F1,19-12-2023,13:07:00,112.7,112.7,112.7,112.7,16000,139512000
SAIL_F1,19-12-2023,13:23:00,112.7,112.85,112.7,112.85,32000,139496000
SAIL_F1,19-12-2023,13:29:00,112.8,112.8,112.8,112.8,8000,139480000
SAIL_F1,19-12-2023,13:40:00,113.0,113.0,113.0,113.0,8000,139464000
SAIL_F1,19-12-2023,13:57:00,112.8,112.8,112.8,112.8,8000,139448000
SAIL_F1,19-12-2023,14:00:00,112.8,112.8,112.8,112.8,8000,139440000
SAIL_F1,19-12-2023,14:03:00,112.75,112.75,112.75,112.75,8000,139432000
SAIL_F1,19-12-2023,14:14:00,112.5,112.5,112.5,112.5,8000,139432000
SAIL_F1,19-12-2023,14:19:00,112.35,112.65,112.35,112.65,16000,139424000
SAIL_F1,19-12-2023,14:37:00,112.15,112.15,112.15,112.15,8000,139408000
SAIL_F1,19-12-2023,14:43:00,112.1,112.1,112.1,112.1,8000,139400000
SAIL_F1,19-12-2023,14:48:00,112.0,112.0,112.0,112.0,16000,139400000
SAIL_F1,19-12-2023,14:50:00,111.1,112.0,111.1,111.9,408000,139384000
SAIL_F1,19-12-2023,14:54:00,111.75,111.75,111.75,111.75,8000,139184000
SAIL_F1,19-12-2023,14:55:00,111.6,111.6,111.55,111.55,16000,139176000
SAIL_F1,19-12-2023,14:57:00,111.6,111.75,111.6,111.75,24000,139176000
SAIL_F1,19-12-2023,15:00:00,111.55,111.55,111.45,111.45,48000,139176000
SAIL_F1,19-12-2023,15:01:00,111.5,111.5,111.5,111.5,16000,139176000
SAIL_F1,19-12-2023,15:02:00,111.5,111.5,111.5,111.5,40000,139176000
SAIL_F1,19-12-2023,15:03:00,111.7,111.7,111.4,111.4,40000,139096000
SAIL_F1,19-12-2023,15:04:00,111.7,111.7,111.4,111.4,16000,139096000
SAIL_F1,19-12-2023,15:05:00,111.5,111.5,111.5,111.5,8000,139096000
SAIL_F1,19-12-2023,15:06:00,111.5,111.5,111.5,111.5,16000,139096000
SAIL_F1,19-12-2023,15:08:00,111.65,111.65,111.65,111.65,8000,139072000
SAIL_F1,19-12-2023,15:10:00,111.55,111.55,111.55,111.55,16000,139072000
SAIL_F1,19-12-2023,15:14:00,111.25,111.25,111.25,111.25,24000,139056000
SAIL_F1,19-12-2023,15:17:00,111.5,111.5,111.5,111.5,8000,138960000
SAIL_F1,19-12-2023,15:18:00,111.4,111.4,111.1,111.1,24000,138960000
SAIL_F1,19-12-2023,15:20:00,111.1,111.1,111.0,111.0,56000,138936000
SAIL_F1,19-12-2023,15:22:00,111.4,111.4,111.4,111.4,8000,138888000
SAIL_F1,19-12-2023,15:26:00,111.3,111.3,111.3,111.3,8000,138880000
SAIL_F1,19-12-2023,15:27:00,111.5,111.5,111.5,111.5,16000,138872000
SAIL_F1,19-12-2023,15:29:00,111.5,111.7,111.5,111.7,96000,138872000
SAIL_F1,19-12-2023,15:30:00,111.8,111.8,111.8,111.8,40000,138872000
SAIL_F1,20-12-2023,09:15:00,112.65,112.65,112.4,112.5,136002,136184000
SAIL_F1,20-12-2023,09:17:00,112.9,112.95,112.9,112.95,16000,136184000
SAIL_F1,20-12-2023,09:22:00,113.0,113.0,113.0,113.0,8000,136192000
SAIL_F1,20-12-2023,09:25:00,113.0,113.0,113.0,113.0,24000,136184000
SAIL_F1,20-12-2023,09:33:00,112.65,112.65,112.2,112.2,40000,136144000
SAIL_F1,20-12-2023,09:34:00,112.2,112.6,112.2,112.6,40000,136144000
SAIL_F1,20-12-2023,09:35:00,112.15,112.15,112.15,112.15,16000,136144000
SAIL_F1,20-12-2023,09:37:00,112.15,112.15,112.15,112.15,8000,136080000
SAIL_F1,20-12-2023,09:38:00,112.0,112.0,112.0,112.0,32000,136080000
SAIL_F1,20-12-2023,09:43:00,111.6,111.6,111.6,111.6,80000,136072000
SAIL_F1,20-12-2023,09:45:00,111.6,111.6,111.6,111.6,8000,136040000
SAIL_F1,20-12-2023,09:46:00,111.5,111.5,111.5,111.5,32000,136040000
SAIL_F1,20-12-2023,09:49:00,111.5,111.5,111.5,111.5,16000,136024000
SAIL_F1,20-12-2023,09:51:00,112.25,112.25,112.25,112.25,8000,136024000
SAIL_F1,20-12-2023,09:52:00,112.35,112.45,112.35,112.45,40000,136024000
SAIL_F1,20-12-2023,09:53:00,112.45,112.5,112.45,112.5,40000,136024000
SAIL_F1,20-12-2023,09:59:00,113.0,113.0,113.0,113.0,32000,136056000
SAIL_F1,20-12-2023,10:01:00,112.45,112.45,112.45,112.45,8000,136040000
SAIL_F1,20-12-2023,10:05:00,112.25,112.25,112.25,112.25,16000,136040000
SAIL_F1,20-12-2023,10:07:00,112.25,112.25,112.25,112.25,8000,136024000
SAIL_F1,20-12-2023,10:08:00,111.8,111.8,111.8,111.8,8000,136024000
SAIL_F1,20-12-2023,10:09:00,111.85,111.85,111.85,111.85,8000,136008000
SAIL_F1,20-12-2023,10:13:00,112.3,112.3,112.3,112.3,32000,136008000
SAIL_F1,20-12-2023,10:19:00,112.25,112.25,112.25,112.25,16000,135976000
SAIL_F1,20-12-2023,10:23:00,112.25,112.25,112.25,112.25,8000,135984000
SAIL_F1,20-12-2023,10:25:00,112.25,112.25,112.25,112.25,8000,135976000
SAIL_F1,20-12-2023,10:27:00,112.35,112.35,112.35,112.35,8000,135960000
SAIL_F1,20-12-2023,10:37:00,112.2,112.2,112.2,112.2,8000,135960000
SAIL_F1,20-12-2023,10:45:00,112.15,112.15,112.15,112.15,8000,135960000
SAIL_F1,20-12-2023,10:47:00,112.15,112.15,112.15,112.15,8000,135960000
SAIL_F1,20-12-2023,10:48:00,112.1,112.1,112.1,112.1,8000,135952000
SAIL_F1,20-12-2023,10:54:00,112.0,112.0,112.0,112.0,8000,135952000
SAIL_F1,20-12-2023,10:58:00,112.45,112.45,112.45,112.45,40000,135952000
SAIL_F1,20-12-2023,10:59:00,112.0,112.0,112.0,112.0,8000,135952000
SAIL_F1,20-12-2023,11:00:00,111.9,111.9,111.9,111.9,16000,135912000
SAIL_F1,20-12-2023,11:03:00,111.9,111.95,111.9,111.95,16000,135904000
SAIL_F1,20-12-2023,11:13:00,111.8,111.8,111.8,111.8,8000,135896000
SAIL_F1,20-12-2023,11:16:00,111.7,111.7,111.7,111.7,8000,135896000
SAIL_F1,20-12-2023,11:21:00,111.65,111.65,111.65,111.65,8000,135896000
SAIL_F1,20-12-2023,11:22:00,111.95,111.95,111.95,111.95,8000,135904000
SAIL_F1,20-12-2023,11:31:00,111.6,111.6,111.6,111.6,8000,135880000
SAIL_F1,20-12-2023,11:38:00,111.55,111.55,111.55,111.55,8000,135888000
SAIL_F1,20-12-2023,11:43:00,112.05,112.05,112.05,112.05,32000,135880000
SAIL_F1,20-12-2023,11:47:00,111.65,111.65,111.65,111.65,24000,135848000
SAIL_F1,20-12-2023,11:48:00,111.25,111.25,111.25,111.25,160000,135840000
SAIL_F1,20-12-2023,11:49:00,111.05,111.05,111.05,111.05,16000,135840000
SAIL_F1,20-12-2023,11:50:00,111.2,111.6,111.05,111.6,32000,135840000
SAIL_F1,20-12-2023,11:56:00,111.05,111.05,111.05,111.05,24000,135776000
SAIL_F1,20-12-2023,11:58:00,111.15,111.15,111.15,111.15,8000,135768000
SAIL_F1,20-12-2023,12:00:00,111.5,111.5,111.5,111.5,8000,135768000
SAIL_F1,20-12-2023,12:06:00,111.0,111.0,111.0,111.0,16000,135760000
SAIL_F1,20-12-2023,12:08:00,111.0,111.0,111.0,111.0,8000,135760000
SAIL_F1,20-12-2023,12:14:00,110.95,110.95,110.95,110.95,8000,135744000
SAIL_F1,20-12-2023,12:15:00,110.9,110.9,110.9,110.9,8000,135752000
SAIL_F1,20-12-2023,12:16:00,110.85,110.85,110.85,110.85,8000,135752000
SAIL_F1,20-12-2023,12:17:00,110.85,110.85,110.85,110.85,8000,135752000
SAIL_F1,20-12-2023,12:22:00,111.0,111.0,111.0,111.0,8000,135728000
SAIL_F1,20-12-2023,12:23:00,110.85,110.85,110.85,110.85,8000,135728000
SAIL_F1,20-12-2023,12:24:00,110.8,110.8,110.8,110.8,16000,135728000
SAIL_F1,20-12-2023,12:25:00,110.7,110.7,110.7,110.7,24000,135720000
SAIL_F1,20-12-2023,12:28:00,110.5,110.5,110.5,110.5,88000,135712000
SAIL_F1,20-12-2023,12:30:00,110.5,110.5,110.5,110.5,16000,135680000
SAIL_F1,20-12-2023,12:31:00,110.95,110.95,110.95,110.95,8000,135680000
SAIL_F1,20-12-2023,12:32:00,110.5,110.6,110.5,110.6,16000,135680000
SAIL_F1,20-12-2023,12:34:00,110.4,110.4,110.4,110.4,48000,135656000
SAIL_F1,20-12-2023,12:35:00,110.4,110.4,110.4,110.4,8000,135656000
SAIL_F1,20-12-2023,12:36:00,110.3,110.3,110.3,110.3,8000,135592000
SAIL_F1,20-12-2023,12:38:00,110.3,110.3,110.3,110.3,16000,135592000
SAIL_F1,20-12-2023,12:39:00,110.3,110.3,110.3,110.3,8000,135592000
SAIL_F1,20-12-2023,12:42:00,110.3,110.3,110.3,110.3,8000,135560000
SAIL_F1,20-12-2023,12:44:00,110.5,110.5,110.5,110.5,40000,135560000
SAIL_F1,20-12-2023,12:45:00,110.5,110.5,110.5,110.5,8000,135544000
SAIL_F1,20-12-2023,12:46:00,110.5,110.5,110.5,110.5,32000,135544000
SAIL_F1,20-12-2023,12:47:00,110.9,110.9,110.9,110.9,8000,135544000
SAIL_F1,20-12-2023,12:49:00,110.6,110.6,110.6,110.6,8000,135520000
SAIL_F1,20-12-2023,12:58:00,110.65,111.25,110.65,111.25,56000,135528000
SAIL_F1,20-12-2023,12:59:00,111.3,111.3,111.05,111.05,56000,135528000
SAIL_F1,20-12-2023,13:00:00,111.05,111.05,111.05,111.05,24000,135440000
SAIL_F1,20-12-2023,13:01:00,111.0,111.0,111.0,111.0,40000,135440000
SAIL_F1,20-12-2023,13:02:00,111.2,111.2,110.7,110.7,72000,135440000
SAIL_F1,20-12-2023,13:07:00,110.45,110.45,110.45,110.45,8000,135424000
SAIL_F1,20-12-2023,13:09:00,110.2,110.2,110.2,110.2,56000,135424000
SAIL_F1,20-12-2023,13:10:00,110.15,110.15,110.15,110.15,8000,135424000
SAIL_F1,20-12-2023,13:11:00,110.1,110.1,110.1,110.1,32000,135424000
SAIL_F1,20-12-2023,13:15:00,110.1,110.1,110.1,110.1,8000,135424000
SAIL_F1,20-12-2023,13:16:00,110.1,110.1,110.05,110.05,32000,135392000
SAIL_F1,20-12-2023,13:17:00,110.0,110.0,110.0,110.0,24000,135392000
SAIL_F1,20-12-2023,13:18:00,110.0,110.0,110.0,110.0,32000,135392000
SAIL_F1,20-12-2023,13:19:00,110.0,110.0,109.45,109.45,56000,135312000
SAIL_F1,20-12-2023,13:20:00,109.8,109.8,109.15,109.15,128000,135312000
SAIL_F1,20-12-2023,13:21:00,109.0,109.0,109.0,109.0,88000,135312000
SAIL_F1,20-12-2023,13:22:00,109.5,109.5,109.5,109.5,152000,135056000
SAIL_F1,20-12-2023,13:23:00,109.9,109.9,109.9,109.9,16000,135056000
SAIL_F1,20-12-2023,13:25:00,109.4,109.4,109.4,109.4,8000,134976000
SAIL_F1,20-12-2023,13:26:00,109.0,109.0,109.0,109.0,32000,134976000
SAIL_F1,20-12-2023,13:27:00,109.0,109.0,109.0,109.0,24000,134976000
SAIL_F1,20-12-2023,13:28:00,108.65,108.65,108.5,108.5,56000,134920000
SAIL_F1,20-12-2023,13:29:00,108.2,108.2,108.0,108.0,72000,134920000
SAIL_F1,20-12-2023,13:30:00,108.0,108.0,108.0,108.0,40000,134792000
SAIL_F1,20-12-2023,13:31:00,108.35,108.35,108.35,108.35,24000,134792000
SAIL_F1,20-12-2023,13:32:00,108.0,108.0,108.0,108.0,32000,134792000
SAIL_F1,20-12-2023,13:33:00,107.95,107.95,107.6,107.6,88000,134664000
SAIL_F1,20-12-2023,13:34:00,107.5,107.5,107.35,107.35,112000,134664000
SAIL_F1,20-12-2023,13:35:00,105.9,105.9,105.9,105.9,368000,134664000
SAIL_F1,20-12-2023,13:36:00,106.75,106.75,106.05,106.05,160000,134096000
SAIL_F1,20-12-2023,13:37:00,106.75,106.75,106.6,106.6,112000,134096000
SAIL_F1,20-12-2023,13:38:00,106.45,106.45,106.45,106.45,56000,134096000
SAIL_F1,20-12-2023,13:39:00,107.0,107.9,107.0,107.9,48000,134096000
SAIL_F1,20-12-2023,13:40:00,108.75,108.75,108.75,108.75,16000,133904000
SAIL_F1,20-12-2023,13:41:00,107.95,107.95,107.95,107.95,32000,133904000
SAIL_F1,20-12-2023,13:42:00,108.35,108.35,108.35,108.35,8000,133904000
SAIL_F1,20-12-2023,13:44:00,107.0,107.85,107.0,107.85,288000,133864000
SAIL_F1,20-12-2023,13:45:00,107.95,108.3,107.95,108.3,16000,133664000
SAIL_F1,20-12-2023,13:47:00,107.55,107.55,107.55,107.55,32000,133664000
SAIL_F1,20-12-2023,13:48:00,108.0,108.0,107.55,107.55,16000,133616000
SAIL_F1,20-12-2023,13:49:00,107.5,107.5,107.5,107.5,40000,133616000
SAIL_F1,20-12-2023,13:50:00,107.5,107.5,107.5,107.5,24000,133616000
SAIL_F1,20-12-2023,13:51:00,107.2,107.5,107.2,107.5,24000,133536000
SAIL_F1,20-12-2023,13:52:00,107.2,107.2,107.0,107.0,16000,133536000
SAIL_F1,20-12-2023,13:53:00,107.0,107.0,107.0,107.0,40000,133536000
SAIL_F1,20-12-2023,13:54:00,106.95,107.2,106.95,107.2,64000,133464000
SAIL_F1,20-12-2023,13:55:00,107.2,107.2,107.2,107.2,8000,133464000
SAIL_F1,20-12-2023,13:56:00,107.2,107.2,107.2,107.2,8000,133464000
SAIL_F1,20-12-2023,13:57:00,106.7,106.7,106.65,106.65,32000,133400000
SAIL_F1,20-12-2023,13:58:00,106.75,106.75,106.75,106.75,16000,133400000
SAIL_F1,20-12-2023,13:59:00,107.5,107.5,107.5,107.5,56000,133400000
SAIL_F1,20-12-2023,14:00:00,107.0,107.0,107.0,107.0,24000,133328000
SAIL_F1,20-12-2023,14:01:00,107.25,107.25,107.0,107.0,24000,133328000
SAIL_F1,20-12-2023,14:02:00,106.15,106.15,106.15,106.15,16000,133328000
SAIL_F1,20-12-2023,14:03:00,106.6,106.65,106.6,106.65,56000,133280000
SAIL_F1,20-12-2023,14:04:00,105.2,105.2,105.2,105.2,248000,133280000
SAIL_F1,20-12-2023,14:05:00,105.75,105.75,105.4,105.4,48000,133280000
SAIL_F1,20-12-2023,14:06:00,105.05,105.05,104.9,104.9,208000,132896000
SAIL_F1,20-12-2023,14:07:00,105.25,105.25,104.8,104.8,152000,132896000
SAIL_F1,20-12-2023,14:08:00,104.8,105.5,104.8,105.25,32000,132896000
SAIL_F1,20-12-2023,14:09:00,106.45,106.45,105.25,106.35,128000,132680000
SAIL_F1,20-12-2023,14:10:00,106.55,106.55,106.55,106.55,32000,132680000
SAIL_F1,20-12-2023,14:11:00,106.6,106.6,105.75,105.75,16000,132680000
SAIL_F1,20-12-2023,14:12:00,106.5,106.5,106.5,106.5,8000,132680000
SAIL_F1,20-12-2023,14:13:00,106.55,106.55,106.55,106.55,16000,132640000
SAIL_F1,20-12-2023,14:14:00,106.0,106.0,106.0,106.0,24000,132640000
SAIL_F1,20-12-2023,14:15:00,106.45,106.5,106.45,106.5,32000,132640000
SAIL_F1,20-12-2023,14:17:00,107.05,107.05,107.05,107.05,8000,132568000
SAIL_F1,20-12-2023,14:20:00,106.2,106.2,106.0,106.0,88000,132560000
SAIL_F1,20-12-2023,14:21:00,106.0,106.15,106.0,106.15,96000,132560000
SAIL_F1,20-12-2023,14:22:00,106.15,106.4,106.15,106.15,48000,132480000
SAIL_F1,20-12-2023,14:23:00,106.1,106.15,106.1,106.15,16000,132480000
SAIL_F1,20-12-2023,14:24:00,106.1,106.85,106.1,106.85,16000,132464000
SAIL_F1,20-12-2023,14:27:00,106.5,106.5,106.1,106.1,16000,132448000
SAIL_F1,20-12-2023,14:29:00,106.1,106.1,106.0,106.0,128000,132448000
SAIL_F1,20-12-2023,14:30:00,105.9,105.9,105.9,105.9,80000,132448000
SAIL_F1,20-12-2023,14:31:00,106.85,106.85,106.85,106.85,8000,132408000
SAIL_F1,20-12-2023,14:33:00,106.7,106.7,106.7,106.7,8000,132408000
SAIL_F1,20-12-2023,14:34:00,106.6,106.6,106.6,106.6,8000,132392000
SAIL_F1,20-12-2023,14:35:00,106.05,106.05,106.05,106.05,8000,132392000
SAIL_F1,20-12-2023,14:36:00,106.0,106.0,106.0,106.0,8000,132392000
SAIL_F1,20-12-2023,14:37:00,105.95,105.95,105.95,105.95,8000,132368000
SAIL_F1,20-12-2023,14:39:00,105.65,106.05,105.65,106.05,64000,132344000
SAIL_F1,20-12-2023,14:40:00,106.0,106.0,105.5,105.5,48000,132344000
SAIL_F1,20-12-2023,14:41:00,105.3,105.8,105.3,105.8,16000,132344000
SAIL_F1,20-12-2023,14:43:00,105.8,105.8,105.8,105.8,16000,132256000
SAIL_F1,20-12-2023,14:44:00,105.2,105.2,105.15,105.15,152000,132256000
SAIL_F1,20-12-2023,14:45:00,105.0,105.0,105.0,105.0,8000,132256000
SAIL_F1,20-12-2023,14:46:00,105.7,105.7,105.7,105.7,8000,132120000
SAIL_F1,20-12-2023,14:48:00,105.5,105.5,105.5,105.5,16000,132120000
SAIL_F1,20-12-2023,14:49:00,105.15,105.15,105.15,105.15,8000,132096000
SAIL_F1,20-12-2023,14:50:00,105.95,105.95,105.95,105.95,8000,132096000
SAIL_F1,20-12-2023,14:52:00,105.8,105.8,105.8,105.8,8000,132080000
SAIL_F1,20-12-2023,14:53:00,105.85,105.85,105.35,105.35,56000,132080000
SAIL_F1,20-12-2023,14:55:00,105.6,105.8,105.6,105.8,88000,132048000
SAIL_F1,20-12-2023,14:56:00,106.0,106.0,105.85,105.85,32000,132048000
SAIL_F1,20-12-2023,14:57:00,105.85,106.3,105.85,106.3,32000,132048000
SAIL_F1,20-12-2023,15:00:00,105.85,105.85,105.05,105.05,120000,131968000
SAIL_F1,20-12-2023,15:01:00,105.05,105.2,105.05,105.2,40000,131848000
SAIL_F1,20-12-2023,15:02:00,104.5,104.5,104.5,104.5,56000,131848000
SAIL_F1,20-12-2023,15:03:00,104.85,104.85,104.7,104.7,80000,131720000
SAIL_F1,20-12-2023,15:04:00,104.5,104.5,103.25,103.25,264000,131720000
SAIL_F1,20-12-2023,15:05:00,103.25,103.25,103.25,103.25,64000,131720000
SAIL_F1,20-12-2023,15:06:00,104.8,104.8,104.8,104.8,96000,131720000
SAIL_F1,20-12-2023,15:07:00,104.8,104.8,104.45,104.45,80000,131440000
SAIL_F1,20-12-2023,15:08:00,104.4,104.4,104.4,104.4,64000,131440000
SAIL_F1,20-12-2023,15:09:00,104.35,104.35,104.35,104.35,8000,131440000
SAIL_F1,20-12-2023,15:10:00,104.0,104.0,104.0,104.0,208000,131344000
SAIL_F1,20-12-2023,15:11:00,103.8,103.8,103.8,103.8,64000,131344000
SAIL_F1,20-12-2023,15:12:00,104.65,104.65,104.0,104.0,16000,131344000
SAIL_F1,20-12-2023,15:13:00,104.1,104.1,103.6,103.6,88000,131176000
SAIL_F1,20-12-2023,15:14:00,104.55,104.55,103.55,103.55,56000,131176000
SAIL_F1,20-12-2023,15:15:00,103.0,103.0,103.0,103.0,80000,131176000
SAIL_F1,20-12-2023,15:16:00,103.0,103.9,103.0,103.9,72000,130984000
SAIL_F1,20-12-2023,15:17:00,103.15,103.15,103.15,103.15,8000,130984000
SAIL_F1,20-12-2023,15:18:00,103.2,103.8,103.2,103.8,80000,130872000
SAIL_F1,20-12-2023,15:19:00,103.0,103.0,102.85,102.85,96000,130872000
SAIL_F1,20-12-2023,15:20:00,102.85,102.85,102.85,102.85,48000,130872000
SAIL_F1,20-12-2023,15:21:00,103.1,103.1,103.1,103.1,48000,130872000
SAIL_F1,20-12-2023,15:22:00,103.1,103.75,103.1,103.75,40000,130752000
SAIL_F1,20-12-2023,15:23:00,103.7,103.7,103.7,103.7,160000,130752000
SAIL_F1,20-12-2023,15:24:00,103.25,103.25,103.25,103.25,8000,130752000
SAIL_F1,20-12-2023,15:25:00,103.6,103.6,103.4,103.4,56000,130648000
SAIL_F1,20-12-2023,15:26:00,103.25,103.25,103.15,103.15,120000,130648000
SAIL_F1,20-12-2023,15:27:00,103.4,103.4,103.35,103.35,24000,130648000
SAIL_F1,20-12-2023,15:28:00,103.4,103.4,103.3,103.3,40000,130560000
SAIL_F1,20-12-2023,15:29:00,103.3,103.3,100.5,100.5,184000,130560000
SAIL_F1,21-12-2023,09:15:00,102.65,103.0,102.0,103.0,152002,127848000
SAIL_F1,21-12-2023,09:16:00,103.25,103.85,103.25,103.85,40000,127848000
SAIL_F1,21-12-2023,09:17:00,103.65,104.0,103.65,104.0,16000,127848000
SAIL_F1,21-12-2023,09:19:00,104.15,104.3,104.15,104.3,24000,127776000
SAIL_F1,21-12-2023,09:20:00,104.45,104.45,104.45,104.45,16000,127776000
SAIL_F1,21-12-2023,09:21:00,104.5,106.0,104.5,106.0,96000,127768000
SAIL_F1,21-12-2023,09:22:00,106.05,106.05,106.05,106.05,16000,127768000
SAIL_F1,21-12-2023,09:25:00,106.05,106.05,104.15,104.15,16000,127744000
SAIL_F1,21-12-2023,09:26:00,104.6,104.6,103.0,103.0,144000,127728000
SAIL_F1,21-12-2023,09:27:00,103.45,103.45,103.45,103.45,48000,127728000
SAIL_F1,21-12-2023,09:28:00,104.8,104.8,104.8,104.8,24000,127728000
SAIL_F1,21-12-2023,09:30:00,104.25,104.25,103.85,103.85,56000,127720000
SAIL_F1,21-12-2023,09:31:00,103.9,104.5,103.9,104.5,24000,127720000
SAIL_F1,21-12-2023,09:32:00,104.05,104.05,103.9,103.9,40000,127720000
SAIL_F1,21-12-2023,09:33:00,103.65,103.65,103.45,103.45,32000,127720000
SAIL_F1,21-12-2023,09:34:00,103.25,103.35,103.25,103.35,16000,127720000
SAIL_F1,21-12-2023,09:35:00,104.0,104.0,104.0,104.0,8000,127720000
SAIL_F1,21-12-2023,09:37:00,104.15,104.15,104.15,104.15,8000,127744000
SAIL_F1,21-12-2023,09:38:00,104.2,104.2,104.2,104.2,16000,127744000
SAIL_F1,21-12-2023,09:39:00,104.9,104.9,104.9,104.9,24000,127760000
SAIL_F1,21-12-2023,09:40:00,104.9,104.9,104.9,104.9,72000,127760000
SAIL_F1,21-12-2023,09:41:00,104.9,104.9,104.9,104.9,8000,127760000
SAIL_F1,21-12-2023,09:43:00,104.75,104.75,104.75,104.75,8000,127776000
SAIL_F1,21-12-2023,09:44:00,104.5,104.65,104.5,104.65,16000,127776000
SAIL_F1,21-12-2023,09:45:00,104.6,104.6,104.6,104.6,8000,127760000
SAIL_F1,21-12-2023,09:46:00,104.8,104.8,104.8,104.8,8000,127760000
SAIL_F1,21-12-2023,09:47:00,104.75,104.75,104.75,104.75,32000,127760000
SAIL_F1,21-12-2023,09:49:00,104.75,104.75,104.75,104.75,8000,127784000
SAIL_F1,21-12-2023,09:50:00,104.5,104.5,104.5,104.5,8000,127784000
SAIL_F1,21-12-2023,09:51:00,104.55,104.55,104.55,104.55,8000,127784000
SAIL_F1,21-12-2023,09:52:00,104.3,104.3,104.3,104.3,16000,127752000
SAIL_F1,21-12-2023,09:53:00,104.2,104.2,104.2,104.2,8000,127752000
SAIL_F1,21-12-2023,09:54:00,104.35,104.35,104.35,104.35,16000,127752000
SAIL_F1,21-12-2023,09:56:00,104.3,104.3,104.3,104.3,24000,127784000
SAIL_F1,21-12-2023,09:57:00,104.45,104.45,104.45,104.45,16000,127784000
SAIL_F1,21-12-2023,09:58:00,104.75,104.75,104.75,104.75,104000,127784000
SAIL_F1,21-12-2023,10:01:00,104.55,104.8,104.55,104.8,32000,127752000
SAIL_F1,21-12-2023,10:02:00,105.55,105.55,105.55,105.55,8000,127752000
SAIL_F1,21-12-2023,10:03:00,105.05,105.05,105.05,105.05,8000,127768000
SAIL_F1,21-12-2023,10:05:00,105.25,105.25,105.25,105.25,16000,127768000
SAIL_F1,21-12-2023,10:06:00,105.0,105.0,105.0,105.0,8000,127704000
SAIL_F1,21-12-2023,10:08:00,105.3,105.35,105.3,105.35,24000,127704000
SAIL_F1,21-12-2023,10:09:00,105.4,105.4,105.4,105.4,80000,127728000
SAIL_F1,21-12-2023,10:10:00,105.3,105.3,105.3,105.3,8000,127728000
SAIL_F1,21-12-2023,10:11:00,105.05,105.05,105.05,105.05,8000,127728000
SAIL_F1,21-12-2023,10:12:00,105.05,105.45,105.05,105.45,24000,127680000
SAIL_F1,21-12-2023,10:13:00,105.45,105.45,105.45,105.45,8000,127680000
SAIL_F1,21-12-2023,10:14:00,105.4,105.4,105.4,105.4,8000,127680000
SAIL_F1,21-12-2023,10:15:00,105.3,105.3,105.3,105.3,8000,127648000
SAIL_F1,21-12-2023,10:16:00,105.0,105.0,105.0,105.0,152000,127648000
SAIL_F1,21-12-2023,10:17:00,104.85,104.85,104.85,104.85,8000,127648000
SAIL_F1,21-12-2023,10:18:00,105.0,105.05,105.0,105.05,16000,127648000
SAIL_F1,21-12-2023,10:19:00,105.35,105.35,105.35,105.35,8000,127648000
SAIL_F1,21-12-2023,10:20:00,105.45,105.45,105.45,105.45,48000,127648000
SAIL_F1,21-12-2023,10:21:00,105.8,105.8,105.8,105.8,8000,127648000
SAIL_F1,21-12-2023,10:22:00,105.8,105.8,105.8,105.8,16000,127608000
SAIL_F1,21-12-2023,10:23:00,105.85,105.85,105.85,105.85,8000,127608000
SAIL_F1,21-12-2023,10:24:00,105.8,105.8,105.8,105.8,8000,127616000
SAIL_F1,21-12-2023,10:25:00,105.7,105.7,105.7,105.7,24000,127616000
SAIL_F1,21-12-2023,10:26:00,105.7,105.7,105.7,105.7,8000,127616000
SAIL_F1,21-12-2023,10:27:00,105.55,105.55,105.55,105.55,8000,127616000
SAIL_F1,21-12-2023,10:28:00,105.4,105.4,105.4,105.4,8000,127600000
SAIL_F1,21-12-2023,10:29:00,105.25,105.25,105.25,105.25,8000,127600000
SAIL_F1,21-12-2023,10:32:00,104.85,104.85,104.85,104.85,104000,127584000
SAIL_F1,21-12-2023,10:33:00,104.3,104.3,104.3,104.3,8000,127592000
SAIL_F1,21-12-2023,10:35:00,104.25,104.25,104.25,104.25,8000,127592000
SAIL_F1,21-12-2023,10:36:00,104.4,104.4,104.4,104.4,8000,127592000
SAIL_F1,21-12-2023,10:37:00,104.5,104.5,104.5,104.5,8000,127584000
SAIL_F1,21-12-2023,10:39:00,104.55,104.7,104.55,104.7,24000,127592000
SAIL_F1,21-12-2023,10:41:00,104.7,104.7,104.7,104.7,8000,127592000
SAIL_F1,21-12-2023,10:43:00,105.25,105.25,105.25,105.25,16000,127576000
SAIL_F1,21-12-2023,10:45:00,105.25,105.25,105.25,105.25,8000,127576000
SAIL_F1,21-12-2023,10:46:00,105.4,105.4,105.4,105.4,8000,127560000
SAIL_F1,21-12-2023,10:47:00,105.2,105.2,105.2,105.2,8000,127560000
SAIL_F1,21-12-2023,10:48:00,104.95,104.95,104.95,104.95,8000,127576000
SAIL_F1,21-12-2023,10:49:00,105.0,105.0,105.0,105.0,8000,127576000
SAIL_F1,21-12-2023,10:51:00,104.85,104.85,104.85,104.85,8000,127576000
SAIL_F1,21-12-2023,10:52:00,104.95,104.95,104.95,104.95,8000,127600000
SAIL_F1,21-12-2023,10:53:00,104.8,104.8,104.8,104.8,8000,127600000
SAIL_F1,21-12-2023,10:54:00,104.85,104.95,104.85,104.95,16000,127624000
SAIL_F1,21-12-2023,10:56:00,105.0,105.0,104.95,104.95,24000,127624000
SAIL_F1,21-12-2023,10:57:00,104.95,105.0,104.95,105.0,40000,127624000
SAIL_F1,21-12-2023,10:59:00,105.05,105.05,105.05,105.05,16000,127624000
SAIL_F1,21-12-2023,11:00:00,105.45,105.45,105.45,105.45,32000,127600000
SAIL_F1,21-12-2023,11:02:00,105.5,105.5,105.5,105.5,24000,127600000
SAIL_F1,21-12-2023,11:04:00,105.1,105.1,105.1,105.1,8000,127568000
SAIL_F1,21-12-2023,11:05:00,105.15,105.15,105.15,105.15,8000,127568000
SAIL_F1,21-12-2023,11:07:00,105.1,105.1,105.05,105.05,16000,127528000
SAIL_F1,21-12-2023,11:09:00,105.5,105.7,105.5,105.7,24000,127552000
SAIL_F1,21-12-2023,11:10:00,105.7,105.7,105.4,105.4,16000,127552000
SAIL_F1,21-12-2023,11:11:00,105.6,105.6,105.6,105.6,8000,127552000
SAIL_F1,21-12-2023,11:12:00,105.6,105.6,105.6,105.6,8000,127512000
SAIL_F1,21-12-2023,11:13:00,105.7,105.7,105.7,105.7,8000,127512000
SAIL_F1,21-12-2023,11:14:00,105.7,105.7,105.7,105.7,16000,127512000
SAIL_F1,21-12-2023,11:15:00,105.7,105.7,105.7,105.7,16000,127456000
SAIL_F1,21-12-2023,11:16:00,105.75,105.75,105.75,105.75,8000,127456000
SAIL_F1,21-12-2023,11:17:00,105.6,105.6,105.6,105.6,48000,127456000
SAIL_F1,21-12-2023,11:18:00,105.0,105.4,105.0,105.4,16000,127456000
SAIL_F1,21-12-2023,11:20:00,105.45,105.45,105.0,105.45,24000,127456000
SAIL_F1,21-12-2023,11:21:00,105.45,105.65,105.45,105.65,16000,127432000
SAIL_F1,21-12-2023,11:22:00,105.8,105.8,105.8,105.8,8000,127432000
SAIL_F1,21-12-2023,11:23:00,105.15,105.75,105.15,105.75,16000,127432000
SAIL_F1,21-12-2023,11:24:00,105.6,105.6,105.6,105.6,8000,127424000
SAIL_F1,21-12-2023,11:25:00,105.7,105.7,105.7,105.7,8000,127424000
SAIL_F1,21-12-2023,11:26:00,105.15,105.75,105.15,105.75,16000,127424000
SAIL_F1,21-12-2023,11:27:00,105.6,105.6,105.6,105.6,8000,127384000
SAIL_F1,21-12-2023,11:29:00,105.7,105.7,105.5,105.5,24000,127384000
SAIL_F1,21-12-2023,11:30:00,105.5,105.5,105.5,105.5,8000,127344000
SAIL_F1,21-12-2023,11:32:00,105.65,105.65,105.65,105.65,8000,127344000
SAIL_F1,21-12-2023,11:33:00,105.5,105.5,105.5,105.5,16000,127344000
SAIL_F1,21-12-2023,11:34:00,105.2,105.7,105.2,105.7,32000,127344000
SAIL_F1,21-12-2023,11:35:00,105.0,105.0,105.0,105.0,104000,127344000
SAIL_F1,21-12-2023,11:36:00,105.55,105.55,105.4,105.4,24000,127256000
SAIL_F1,21-12-2023,11:37:00,105.1,105.1,105.1,105.1,8000,127256000
SAIL_F1,21-12-2023,11:38:00,105.0,105.0,105.0,105.0,24000,127256000
SAIL_F1,21-12-2023,11:39:00,105.0,105.0,105.0,105.0,8000,127256000
SAIL_F1,21-12-2023,11:40:00,104.55,104.55,104.55,104.55,8000,127264000
SAIL_F1,21-12-2023,11:41:00,105.0,105.0,104.7,104.7,16000,127264000
SAIL_F1,21-12-2023,11:42:00,104.7,104.7,104.7,104.7,8000,127240000
SAIL_F1,21-12-2023,11:44:00,104.7,104.7,104.7,104.7,16000,127240000
SAIL_F1,21-12-2023,11:45:00,104.7,104.7,104.7,104.7,24000,127240000
SAIL_F1,21-12-2023,11:47:00,105.25,105.4,105.25,105.4,16000,127224000
SAIL_F1,21-12-2023,11:48:00,105.0,105.0,105.0,105.0,8000,127216000
SAIL_F1,21-12-2023,11:50:00,104.75,104.75,104.75,104.75,8000,127216000
SAIL_F1,21-12-2023,11:51:00,104.65,104.65,104.65,104.65,8000,127216000
SAIL_F1,21-12-2023,11:52:00,104.75,104.75,104.75,104.75,8000,127240000
SAIL_F1,21-12-2023,11:53:00,105.0,105.0,105.0,105.0,8000,127240000
SAIL_F1,21-12-2023,11:55:00,104.7,104.7,104.65,104.65,16000,127224000
SAIL_F1,21-12-2023,11:56:00,104.75,104.75,104.75,104.75,8000,127224000
SAIL_F1,21-12-2023,11:58:00,105.0,105.0,104.7,104.7,16000,127200000
SAIL_F1,21-12-2023,11:59:00,104.7,104.7,104.7,104.7,8000,127200000
SAIL_F1,21-12-2023,12:01:00,104.75,104.75,104.75,104.75,8000,127176000
SAIL_F1,21-12-2023,12:02:00,105.0,105.0,105.0,105.0,8000,127176000
SAIL_F1,21-12-2023,12:03:00,104.9,104.9,104.9,104.9,8000,127176000
SAIL_F1,21-12-2023,12:04:00,105.05,105.7,105.05,105.7,24000,127200000
SAIL_F1,21-12-2023,12:06:00,105.25,105.25,105.25,105.25,8000,127176000
SAIL_F1,21-12-2023,12:08:00,105.25,105.25,105.25,105.25,8000,127176000
SAIL_F1,21-12-2023,12:09:00,105.3,105.3,105.3,105.3,8000,127176000
SAIL_F1,21-12-2023,12:10:00,105.25,105.25,105.1,105.1,16000,127160000
SAIL_F1,21-12-2023,12:11:00,105.45,105.45,105.45,105.45,8000,127160000
SAIL_F1,21-12-2023,12:13:00,105.2,105.2,105.2,105.2,8000,127176000
SAIL_F1,21-12-2023,12:15:00,105.15,105.2,105.15,105.2,16000,127128000
SAIL_F1,21-12-2023,12:17:00,105.3,105.3,105.3,105.3,8000,127128000
SAIL_F1,21-12-2023,12:18:00,105.2,105.2,105.2,105.2,8000,127128000
SAIL_F1,21-12-2023,12:19:00,105.2,105.2,105.1,105.1,16000,127152000
SAIL_F1,21-12-2023,12:20:00,105.05,105.05,105.05,105.05,8000,127152000
SAIL_F1,21-12-2023,12:21:00,105.1,105.1,105.1,105.1,8000,127152000
SAIL_F1,21-12-2023,12:22:00,105.1,105.1,105.1,105.1,8000,127144000
SAIL_F1,21-12-2023,12:23:00,105.1,105.1,105.1,105.1,8000,127144000
SAIL_F1,21-12-2023,12:25:00,105.2,105.2,105.2,105.2,16000,127112000
SAIL_F1,21-12-2023,12:27:00,105.2,105.2,105.2,105.2,8000,127112000
SAIL_F1,21-12-2023,12:28:00,105.25,105.25,105.25,105.25,8000,127128000
SAIL_F1,21-12-2023,12:29:00,105.2,105.2,105.2,105.2,8000,127128000
SAIL_F1,21-12-2023,12:30:00,105.5,105.5,105.5,105.5,16000,127128000
SAIL_F1,21-12-2023,12:32:00,105.65,105.65,105.65,105.65,8000,127112000
SAIL_F1,21-12-2023,12:34:00,105.65,105.65,105.65,105.65,16000,127112000
SAIL_F1,21-12-2023,12:35:00,105.4,105.4,105.4,105.4,8000,127112000
SAIL_F1,21-12-2023,12:37:00,105.4,105.4,105.4,105.4,8000,127136000
SAIL_F1,21-12-2023,12:38:00,105.45,105.45,105.45,105.45,8000,127136000
SAIL_F1,21-12-2023,12:39:00,105.6,105.6,105.6,105.6,8000,127136000
SAIL_F1,21-12-2023,12:40:00,105.7,105.7,105.7,105.7,8000,127152000
SAIL_F1,21-12-2023,12:41:00,105.8,105.8,105.8,105.8,8000,127152000
SAIL_F1,21-12-2023,12:42:00,105.7,105.7,105.7,105.7,8000,127128000
SAIL_F1,21-12-2023,12:44:00,105.65,105.65,105.65,105.65,8000,127128000
SAIL_F1,21-12-2023,12:45:00,105.65,105.65,105.6,105.6,16000,127128000
SAIL_F1,21-12-2023,12:46:00,105.6,105.6,105.6,105.6,8000,127120000
SAIL_F1,21-12-2023,12:47:00,105.5,105.5,105.5,105.5,8000,127120000
SAIL_F1,21-12-2023,12:48:00,105.65,105.65,105.65,105.65,16000,127120000
SAIL_F1,21-12-2023,12:49:00,105.85,105.85,105.85,105.85,80000,127152000
SAIL_F1,21-12-2023,12:50:00,106.0,106.0,106.0,106.0,112000,127152000
SAIL_F1,21-12-2023,12:51:00,106.15,106.15,106.15,106.15,8000,127112000
SAIL_F1,21-12-2023,12:52:00,106.15,106.15,106.15,106.15,8000,127112000
SAIL_F1,21-12-2023,12:54:00,105.9,105.9,105.9,105.9,8000,127112000
SAIL_F1,21-12-2023,12:55:00,106.0,106.0,106.0,106.0,24000,127088000
SAIL_F1,21-12-2023,12:56:00,105.95,105.95,105.95,105.95,8000,127088000
SAIL_F1,21-12-2023,12:57:00,106.0,106.0,106.0,106.0,8000,127088000
SAIL_F1,21-12-2023,12:59:00,105.95,105.95,105.8,105.8,88000,127112000
SAIL_F1,21-12-2023,13:00:00,105.75,106.05,105.75,106.05,24000,127080000
SAIL_F1,21-12-2023,13:03:00,105.8,106.05,105.8,106.05,16000,127104000
SAIL_F1,21-12-2023,13:05:00,106.05,106.2,106.05,106.2,56000,127104000
SAIL_F1,21-12-2023,13:07:00,106.35,106.35,106.35,106.35,8000,127088000
SAIL_F1,21-12-2023,13:08:00,106.4,106.5,106.4,106.5,40000,127088000
SAIL_F1,21-12-2023,13:09:00,106.5,106.5,106.5,106.5,16000,127088000
SAIL_F1,21-12-2023,13:11:00,106.5,106.5,106.5,106.5,16000,127064000
SAIL_F1,21-12-2023,13:13:00,106.25,106.25,106.25,106.25,16000,127064000
SAIL_F1,21-12-2023,13:15:00,106.45,106.45,106.45,106.45,24000,127048000
SAIL_F1,21-12-2023,13:16:00,106.6,106.6,106.6,106.6,40000,127048000
SAIL_F1,21-12-2023,13:17:00,106.7,106.7,106.7,106.7,8000,127048000
SAIL_F1,21-12-2023,13:19:00,106.7,106.7,106.7,106.7,8000,127040000
SAIL_F1,21-12-2023,13:20:00,106.35,106.35,106.35,106.35,8000,127040000
SAIL_F1,21-12-2023,13:21:00,106.3,106.3,106.3,106.3,8000,127040000
SAIL_F1,21-12-2023,13:22:00,106.0,106.0,106.0,106.0,8000,127064000
SAIL_F1,21-12-2023,13:23:00,106.15,106.15,106.15,106.15,8000,127064000
SAIL_F1,21-12-2023,13:25:00,106.0,106.0,106.0,106.0,8000,127040000
SAIL_F1,21-12-2023,13:26:00,105.85,105.85,105.85,105.85,16000,127040000
SAIL_F1,21-12-2023,13:28:00,106.0,106.0,106.0,106.0,8000,127064000
SAIL_F1,21-12-2023,13:29:00,105.8,105.8,105.8,105.8,8000,127064000
SAIL_F1,21-12-2023,13:31:00,105.75,105.75,105.75,105.75,16000,127040000
SAIL_F1,21-12-2023,13:32:00,105.8,105.8,105.8,105.8,8000,127040000
SAIL_F1,21-12-2023,13:33:00,106.45,106.45,106.45,106.45,32000,127072000
SAIL_F1,21-12-2023,13:34:00,106.5,106.9,106.5,106.9,96000,127072000
SAIL_F1,21-12-2023,13:35:00,107.0,107.0,107.0,107.0,152000,127072000
SAIL_F1,21-12-2023,13:37:00,107.0,107.0,107.0,107.0,8000,127016000
SAIL_F1,21-12-2023,13:39:00,107.0,107.0,107.0,107.0,8000,127016000
SAIL_F1,21-12-2023,13:41:00,106.0,106.0,106.0,106.0,8000,127016000
SAIL_F1,21-12-2023,13:42:00,105.5,105.6,105.5,105.6,32000,127000000
SAIL_F1,21-12-2023,13:43:00,105.55,105.6,105.55,105.6,16000,127000000
SAIL_F1,21-12-2023,13:44:00,105.55,105.55,105.55,105.55,32000,127000000
SAIL_F1,21-12-2023,13:45:00,105.55,105.55,105.45,105.45,24000,127000000
SAIL_F1,21-12-2023,13:46:00,105.2,105.2,105.2,105.2,8000,126968000
SAIL_F1,21-12-2023,13:47:00,105.0,105.0,105.0,105.0,24000,126968000
SAIL_F1,21-12-2023,13:48:00,105.35,105.35,105.35,105.35,16000,126968000
SAIL_F1,21-12-2023,13:50:00,105.55,105.75,105.55,105.75,16000,127000000
SAIL_F1,21-12-2023,13:53:00,105.8,105.8,105.7,105.7,40000,127000000
SAIL_F1,21-12-2023,13:55:00,105.55,105.55,105.55,105.55,8000,126984000
SAIL_F1,21-12-2023,13:56:00,105.6,105.6,105.6,105.6,8000,126984000
SAIL_F1,21-12-2023,13:57:00,105.5,105.5,105.45,105.45,32000,127008000
SAIL_F1,21-12-2023,13:58:00,105.6,105.6,105.6,105.6,8000,127008000
SAIL_F1,21-12-2023,13:59:00,105.7,105.7,105.7,105.7,8000,127008000
SAIL_F1,21-12-2023,14:00:00,105.9,105.9,105.9,105.9,16000,126992000
SAIL_F1,21-12-2023,14:01:00,106.0,106.0,106.0,106.0,8000,126992000
SAIL_F1,21-12-2023,14:03:00,105.7,105.7,105.7,105.7,8000,126992000
SAIL_F1,21-12-2023,14:04:00,105.7,105.7,105.6,105.6,24000,127000000
SAIL_F1,21-12-2023,14:05:00,105.5,105.5,105.5,105.5,8000,127000000
SAIL_F1,21-12-2023,14:06:00,105.5,105.5,105.5,105.5,8000,127000000
SAIL_F1,21-12-2023,14:08:00,105.35,105.35,105.35,105.35,8000,126976000
SAIL_F1,21-12-2023,14:09:00,105.5,105.5,105.5,105.5,24000,126976000
SAIL_F1,21-12-2023,14:10:00,105.5,105.5,105.5,105.5,8000,126936000
SAIL_F1,21-12-2023,14:11:00,105.65,105.65,105.65,105.65,8000,126936000
SAIL_F1,21-12-2023,14:12:00,105.6,105.6,105.6,105.6,8000,126936000
SAIL_F1,21-12-2023,14:13:00,105.4,105.4,105.4,105.4,8000,126960000
SAIL_F1,21-12-2023,14:14:00,105.4,105.4,105.4,105.4,8000,126960000
SAIL_F1,21-12-2023,14:15:00,105.35,105.35,105.35,105.35,8000,126960000
SAIL_F1,21-12-2023,14:16:00,105.55,105.55,105.55,105.55,8000,126944000
SAIL_F1,21-12-2023,14:18:00,105.55,105.55,105.55,105.55,8000,126944000
SAIL_F1,21-12-2023,14:19:00,105.6,105.6,105.6,105.6,8000,126960000
SAIL_F1,21-12-2023,14:20:00,105.7,105.7,105.7,105.7,8000,126960000
SAIL_F1,21-12-2023,14:21:00,105.65,105.65,105.5,105.65,40000,126936000
SAIL_F1,21-12-2023,14:22:00,106.0,106.0,106.0,106.0,16000,126936000
SAIL_F1,21-12-2023,14:24:00,106.5,106.5,106.5,106.5,24000,126936000
SAIL_F1,21-12-2023,14:25:00,106.7,106.7,106.7,106.7,16000,126920000
SAIL_F1,21-12-2023,14:27:00,106.9,107.2,106.9,107.2,24000,126920000
SAIL_F1,21-12-2023,14:28:00,107.4,107.6,107.4,107.6,120000,126960000
SAIL_F1,21-12-2023,14:29:00,107.6,107.6,107.6,107.6,8000,126960000
SAIL_F1,21-12-2023,14:30:00,107.6,107.6,107.6,107.6,8000,126960000
SAIL_F1,21-12-2023,14:32:00,107.65,107.65,107.65,107.65,16000,127048000
SAIL_F1,21-12-2023,14:34:00,107.85,107.85,107.85,107.85,8000,127048000
SAIL_F1,21-12-2023,14:35:00,108.0,108.25,108.0,108.25,88000,127048000
SAIL_F1,21-12-2023,14:36:00,108.35,108.35,108.35,108.35,8000,127120000
SAIL_F1,21-12-2023,14:41:00,108.35,108.35,108.35,108.35,8000,127072000
SAIL_F1,21-12-2023,14:42:00,108.0,108.0,108.0,108.0,8000,127072000
SAIL_F1,21-12-2023,15:04:00,108.25,108.25,108.25,108.25,8000,127056000
SAIL_F1,21-12-2023,15:14:00,108.6,109.05,108.6,109.05,80000,127064000
SAIL_F1,21-12-2023,15:15:00,109.1,109.1,109.1,109.1,88000,127064000
SAIL_F1,21-12-2023,15:16:00,109.05,109.1,109.05,109.1,32000,127192000
SAIL_F1,21-12-2023,15:17:00,109.1,109.1,109.1,109.1,24000,127192000
SAIL_F1,21-12-2023,15:19:00,109.15,109.6,109.15,109.6,40000,127200000
SAIL_F1,21-12-2023,15:20:00,109.6,109.6,109.6,109.6,64000,127200000
SAIL_F1,21-12-2023,15:21:00,109.7,109.7,109.7,109.7,32000,127200000
SAIL_F1,21-12-2023,15:22:00,109.85,109.85,109.85,109.85,136000,127128000
SAIL_F1,21-12-2023,15:23:00,109.8,109.8,109.55,109.55,112000,127128000
SAIL_F1,21-12-2023,15:24:00,109.4,109.8,109.4,109.8,16000,127120000
SAIL_F1,21-12-2023,15:25:00,109.75,109.75,109.55,109.55,40000,127120000
SAIL_F1,21-12-2023,15:27:00,109.6,109.6,109.6,109.6,16000,127120000
SAIL_F1,22-12-2023,09:17:00,111.0,111.0,111.0,111.0,40001,123032000
SAIL_F1,22-12-2023,09:18:00,111.0,111.0,111.0,111.0,128000,123032000
SAIL_F1,22-12-2023,09:19:00,110.95,110.95,110.95,110.95,8000,123032000
SAIL_F1,22-12-2023,09:20:00,110.95,111.4,110.95,111.4,104000,123032000
SAIL_F1,22-12-2023,09:21:00,112.0,112.05,112.0,112.05,48000,123240000
SAIL_F1,22-12-2023,09:22:00,112.0,112.0,112.0,112.0,40000,123240000
SAIL_F1,22-12-2023,09:23:00,111.95,111.95,111.8,111.8,304000,123240000
SAIL_F1,22-12-2023,09:24:00,111.65,111.65,111.55,111.55,48000,123488000
SAIL_F1,22-12-2023,09:25:00,111.5,111.5,111.5,111.5,152000,123488000
SAIL_F1,22-12-2023,09:26:00,111.6,111.6,111.55,111.55,16000,123488000
SAIL_F1,22-12-2023,09:29:00,112.2,112.2,112.2,112.2,40000,123496000
SAIL_F1,22-12-2023,09:30:00,112.15,112.15,112.15,112.15,16000,123496000
SAIL_F1,22-12-2023,09:31:00,112.9,112.9,112.9,112.9,40000,123496000
SAIL_F1,22-12-2023,09:32:00,113.1,113.4,113.1,113.4,160000,123496000
SAIL_F1,22-12-2023,09:33:00,113.4,113.4,112.85,112.85,40000,123640000
SAIL_F1,22-12-2023,09:34:00,112.9,113.1,112.9,113.1,160000,123640000
SAIL_F1,22-12-2023,09:35:00,113.0,113.1,113.0,113.1,72000,123640000
SAIL_F1,22-12-2023,09:36:00,113.2,113.3,113.2,113.3,168000,123760000
SAIL_F1,22-12-2023,09:37:00,113.3,113.3,113.0,113.0,16000,123760000
SAIL_F1,22-12-2023,09:38:00,113.3,113.3,113.25,113.25,56000,123760000
SAIL_F1,22-12-2023,09:39:00,113.1,113.1,113.0,113.0,16000,123840000
SAIL_F1,22-12-2023,09:40:00,112.9,112.9,112.75,112.75,88000,123840000
SAIL_F1,22-12-2023,09:41:00,112.75,112.75,112.75,112.75,48000,123840000
SAIL_F1,22-12-2023,09:42:00,112.85,112.85,112.7,112.7,64000,123848000
SAIL_F1,22-12-2023,09:43:00,112.65,112.65,112.55,112.55,16000,123848000
SAIL_F1,22-12-2023,09:44:00,112.6,112.6,112.4,112.4,40000,123928000
SAIL_F1,22-12-2023,09:45:00,112.45,112.5,112.45,112.5,24000,123928000
SAIL_F1,22-12-2023,09:47:00,112.4,112.4,112.35,112.35,40000,123960000
SAIL_F1,22-12-2023,09:49:00,112.5,112.85,112.5,112.85,40000,123960000
SAIL_F1,22-12-2023,09:50:00,112.75,112.75,112.75,112.75,16000,123960000
SAIL_F1,22-12-2023,09:51:00,112.85,113.0,112.85,113.0,112000,123944000
SAIL_F1,22-12-2023,09:52:00,112.85,112.85,112.65,112.65,40000,123944000
SAIL_F1,22-12-2023,09:53:00,112.8,112.8,112.8,112.8,8000,123944000
SAIL_F1,22-12-2023,09:54:00,112.5,112.5,112.45,112.45,40000,123976000
SAIL_F1,22-12-2023,09:55:00,112.45,112.5,112.45,112.5,16000,123976000
SAIL_F1,22-12-2023,09:56:00,112.3,112.3,112.3,112.3,8000,123976000
SAIL_F1,22-12-2023,09:57:00,112.2,112.2,112.2,112.2,16000,124000000
SAIL_F1,22-12-2023,09:58:00,112.5,112.5,112.5,112.5,48000,124000000
SAIL_F1,22-12-2023,09:59:00,112.8,112.8,112.8,112.8,56000,124000000
SAIL_F1,22-12-2023,10:00:00,112.9,113.05,112.9,113.05,72000,124096000
SAIL_F1,22-12-2023,10:01:00,113.0,113.0,113.0,113.0,16000,124096000
SAIL_F1,22-12-2023,10:02:00,113.0,113.0,113.0,113.0,136000,124280000
SAIL_F1,22-12-2023,10:03:00,113.0,113.0,113.0,113.0,56000,124280000
SAIL_F1,22-12-2023,10:04:00,113.0,113.0,113.0,113.0,80000,124280000
SAIL_F1,22-12-2023,10:05:00,113.0,113.0,112.95,112.95,72000,124280000
SAIL_F1,22-12-2023,10:06:00,113.15,113.15,113.05,113.05,72000,124464000
SAIL_F1,22-12-2023,10:07:00,113.0,113.0,112.9,112.9,80000,124464000
SAIL_F1,22-12-2023,10:08:00,112.65,112.65,112.65,112.65,8000,124464000
SAIL_F1,22-12-2023,10:09:00,112.6,112.6,112.6,112.6,16000,124616000
SAIL_F1,22-12-2023,10:10:00,112.5,112.5,112.35,112.35,40000,124616000
SAIL_F1,22-12-2023,10:11:00,112.35,112.35,112.35,112.35,16000,124616000
SAIL_F1,22-12-2023,10:12:00,112.35,112.35,112.35,112.35,32000,124632000
SAIL_F1,22-12-2023,10:13:00,112.3,112.3,112.3,112.3,24000,124632000
SAIL_F1,22-12-2023,10:14:00,112.3,112.3,112.3,112.3,24000,124632000
SAIL_F1,22-12-2023,10:15:00,112.5,112.75,112.5,112.75,56000,124696000
SAIL_F1,22-12-2023,10:16:00,112.7,112.7,112.7,112.7,40000,124696000
SAIL_F1,22-12-2023,10:17:00,112.6,112.6,112.6,112.6,16000,124696000
SAIL_F1,22-12-2023,10:18:00,112.45,112.45,112.4,112.4,40000,124760000
SAIL_F1,22-12-2023,10:19:00,112.4,112.45,112.4,112.45,16000,124760000
SAIL_F1,22-12-2023,10:20:00,112.4,112.4,112.4,112.4,8000,124760000
SAIL_F1,22-12-2023,10:21:00,112.3,112.3,112.3,112.3,32000,124816000
SAIL_F1,22-12-2023,10:24:00,112.2,112.2,112.15,112.15,72000,124784000
SAIL_F1,22-12-2023,10:25:00,112.15,112.15,112.15,112.15,16000,124784000
SAIL_F1,22-12-2023,10:26:00,112.2,112.2,112.2,112.2,8000,124784000
SAIL_F1,22-12-2023,10:27:00,112.2,112.2,112.15,112.15,32000,124800000
SAIL_F1,22-12-2023,10:28:00,112.3,112.3,112.3,112.3,16000,124800000
SAIL_F1,22-12-2023,10:30:00,112.2,112.2,112.2,112.2,24000,124832000
SAIL_F1,22-12-2023,10:32:00,112.1,112.1,112.1,112.1,40000,124832000
SAIL_F1,22-12-2023,10:34:00,112.05,112.05,112.05,112.05,8000,124840000
SAIL_F1,22-12-2023,10:35:00,111.75,111.75,111.75,111.75,8000,124840000
SAIL_F1,22-12-2023,10:36:00,111.9,111.9,111.9,111.9,8000,124808000
SAIL_F1,22-12-2023,10:37:00,111.85,111.85,111.85,111.85,8000,124808000
SAIL_F1,22-12-2023,10:38:00,112.1,112.1,112.1,112.1,8000,124808000
SAIL_F1,22-12-2023,10:39:00,112.4,112.45,112.4,112.45,32000,124816000
SAIL_F1,22-12-2023,10:40:00,112.5,112.65,112.5,112.65,24000,124816000
SAIL_F1,22-12-2023,10:41:00,112.6,112.6,112.6,112.6,16000,124816000
SAIL_F1,22-12-2023,10:42:00,112.6,112.6,112.6,112.6,8000,124816000
SAIL_F1,22-12-2023,10:43:00,112.4,112.4,112.4,112.4,8000,124832000
SAIL_F1,22-12-2023,10:44:00,112.25,112.25,112.25,112.25,8000,124832000
SAIL_F1,22-12-2023,10:45:00,112.35,112.35,112.35,112.35,16000,124848000
SAIL_F1,22-12-2023,10:47:00,112.35,112.35,112.3,112.3,24000,124848000
SAIL_F1,22-12-2023,10:48:00,112.3,112.3,112.3,112.3,16000,124848000
SAIL_F1,22-12-2023,10:49:00,112.4,112.4,112.4,112.4,16000,124848000
SAIL_F1,22-12-2023,10:51:00,112.55,112.55,112.55,112.55,8000,124832000
SAIL_F1,22-12-2023,10:53:00,112.6,112.6,112.6,112.6,8000,124832000
SAIL_F1,22-12-2023,10:54:00,112.55,112.55,112.55,112.55,8000,124832000
SAIL_F1,22-12-2023,10:55:00,112.6,112.6,112.5,112.5,24000,124832000
SAIL_F1,22-12-2023,10:56:00,112.45,112.45,112.35,112.35,24000,124832000
SAIL_F1,22-12-2023,10:57:00,112.35,112.35,112.35,112.35,8000,124888000
SAIL_F1,22-12-2023,10:59:00,112.35,112.35,112.35,112.35,8000,124888000
SAIL_F1,22-12-2023,11:00:00,112.35,112.35,112.3,112.3,16000,124912000
SAIL_F1,22-12-2023,11:01:00,112.3,112.3,112.3,112.3,8000,124912000
SAIL_F1,22-12-2023,11:02:00,112.2,112.2,112.2,112.2,8000,124912000
SAIL_F1,22-12-2023,11:03:00,112.2,112.2,112.2,112.2,8000,124888000
SAIL_F1,22-12-2023,11:04:00,112.2,112.25,112.2,112.25,16000,124888000
SAIL_F1,22-12-2023,11:05:00,112.4,112.4,112.4,112.4,16000,124888000
SAIL_F1,22-12-2023,11:06:00,112.2,112.2,112.2,112.2,8000,124880000
SAIL_F1,22-12-2023,11:07:00,112.1,112.1,112.1,112.1,8000,124880000
SAIL_F1,22-12-2023,11:08:00,112.2,112.2,112.2,112.2,8000,124880000
SAIL_F1,22-12-2023,11:09:00,112.4,112.4,112.3,112.3,32000,124872000
SAIL_F1,22-12-2023,11:11:00,112.25,112.25,112.25,112.25,8000,124872000
SAIL_F1,22-12-2023,11:13:00,112.3,112.3,112.3,112.3,32000,124856000
SAIL_F1,22-12-2023,11:14:00,112.35,112.35,112.3,112.3,24000,124856000
SAIL_F1,22-12-2023,11:15:00,112.25,112.25,112.25,112.25,8000,124896000
SAIL_F1,22-12-2023,11:16:00,112.3,112.3,112.3,112.3,8000,124896000
SAIL_F1,22-12-2023,11:17:00,112.5,112.5,112.5,112.5,16000,124896000
SAIL_F1,22-12-2023,11:18:00,112.45,112.45,112.45,112.45,8000,124880000
SAIL_F1,22-12-2023,11:19:00,112.5,112.5,112.5,112.5,16000,124880000
SAIL_F1,22-12-2023,11:20:00,112.55,112.55,112.55,112.55,8000,124880000
SAIL_F1,22-12-2023,11:21:00,112.55,112.55,112.55,112.55,8000,124880000
SAIL_F1,22-12-2023,11:22:00,112.45,112.45,112.45,112.45,16000,124872000
SAIL_F1,22-12-2023,11:23:00,112.4,112.4,112.3,112.3,16000,124872000
SAIL_F1,22-12-2023,11:24:00,112.3,112.3,112.3,112.3,8000,124896000
SAIL_F1,22-12-2023,11:25:00,112.35,112.35,112.35,112.35,8000,124896000
SAIL_F1,22-12-2023,11:27:00,112.35,112.35,112.35,112.35,32000,124888000
SAIL_F1,22-12-2023,11:28:00,112.3,112.3,112.3,112.3,8000,124888000
SAIL_F1,22-12-2023,11:29:00,112.25,112.25,112.25,112.25,8000,124888000
SAIL_F1,22-12-2023,11:30:00,112.1,112.1,112.1,112.1,8000,124904000
SAIL_F1,22-12-2023,11:31:00,112.0,112.0,112.0,112.0,40000,124904000
SAIL_F1,22-12-2023,11:32:00,111.95,111.95,111.9,111.9,16000,124904000
SAIL_F1,22-12-2023,11:33:00,111.8,111.8,111.8,111.8,8000,124888000
SAIL_F1,22-12-2023,11:34:00,111.65,111.65,111.65,111.65,8000,124888000
SAIL_F1,22-12-2023,11:35:00,111.65,111.65,111.65,111.65,16000,124888000
SAIL_F1,22-12-2023,11:37:00,111.85,111.85,111.85,111.85,16000,124880000
SAIL_F1,22-12-2023,11:38:00,112.05,112.05,112.05,112.05,8000,124880000
SAIL_F1,22-12-2023,11:39:00,112.0,112.0,112.0,112.0,8000,124880000
SAIL_F1,22-12-2023,11:40:00,112.0,112.0,112.0,112.0,8000,124912000
SAIL_F1,22-12-2023,11:41:00,112.05,112.05,112.05,112.05,8000,124912000
SAIL_F1,22-12-2023,11:42:00,112.0,112.0,111.9,111.9,24000,124880000
SAIL_F1,22-12-2023,11:43:00,112.0,112.0,111.95,111.95,16000,124880000
SAIL_F1,22-12-2023,11:44:00,111.85,111.85,111.85,111.85,8000,124880000
SAIL_F1,22-12-2023,11:45:00,111.8,111.8,111.8,111.8,8000,124880000
SAIL_F1,22-12-2023,11:46:00,111.9,111.9,111.9,111.9,8000,124920000
SAIL_F1,22-12-2023,11:47:00,111.75,111.75,111.75,111.75,8000,124920000
SAIL_F1,22-12-2023,11:48:00,111.75,111.75,111.75,111.75,8000,124920000
SAIL_F1,22-12-2023,11:49:00,111.6,111.6,111.6,111.6,8000,124912000
SAIL_F1,22-12-2023,11:50:00,111.6,111.65,111.6,111.65,24000,124912000
SAIL_F1,22-12-2023,11:51:00,111.55,111.55,111.55,111.55,8000,124912000
SAIL_F1,22-12-2023,11:52:00,111.6,111.6,111.6,111.6,8000,124880000
SAIL_F1,22-12-2023,11:53:00,111.55,111.55,111.55,111.55,8000,124880000
SAIL_F1,22-12-2023,11:54:00,111.55,111.65,111.55,111.65,16000,124904000
SAIL_F1,22-12-2023,11:56:00,111.65,111.65,111.65,111.65,8000,124904000
SAIL_F1,22-12-2023,11:57:00,111.55,111.55,111.5,111.5,16000,124920000
SAIL_F1,22-12-2023,11:58:00,111.55,111.55,111.55,111.55,40000,124920000
SAIL_F1,22-12-2023,11:59:00,111.75,111.8,111.75,111.8,16000,124920000
SAIL_F1,22-12-2023,12:00:00,111.8,111.8,111.8,111.8,16000,124984000
SAIL_F1,22-12-2023,12:02:00,111.8,111.8,111.8,111.8,48000,124984000
SAIL_F1,22-12-2023,12:04:00,112.0,112.0,112.0,112.0,56000,124968000
SAIL_F1,22-12-2023,12:06:00,112.0,112.0,112.0,112.0,8000,125024000
SAIL_F1,22-12-2023,12:07:00,112.0,112.0,112.0,112.0,40000,125024000
SAIL_F1,22-12-2023,12:08:00,111.9,111.9,111.9,111.9,8000,125024000
SAIL_F1,22-12-2023,12:09:00,112.05,112.05,112.05,112.05,24000,125024000
SAIL_F1,22-12-2023,12:10:00,112.3,112.3,112.3,112.3,24000,125056000
SAIL_F1,22-12-2023,12:11:00,112.0,112.0,112.0,112.0,8000,125056000
SAIL_F1,22-12-2023,12:12:00,112.15,112.15,112.15,112.15,8000,125080000
SAIL_F1,22-12-2023,12:14:00,112.0,112.0,112.0,112.0,24000,125080000
SAIL_F1,22-12-2023,12:16:00,112.0,112.0,112.0,112.0,16000,125112000
SAIL_F1,22-12-2023,12:18:00,112.0,112.0,112.0,112.0,32000,125104000
SAIL_F1,22-12-2023,12:19:00,111.55,111.55,111.55,111.55,16000,125104000
SAIL_F1,22-12-2023,12:20:00,111.55,111.55,111.55,111.55,8000,125104000
SAIL_F1,22-12-2023,12:21:00,111.5,111.5,111.5,111.5,8000,125128000
SAIL_F1,22-12-2023,12:22:00,111.55,111.55,111.55,111.55,16000,125128000
SAIL_F1,22-12-2023,12:23:00,111.25,111.25,111.25,111.25,16000,125128000
SAIL_F1,22-12-2023,12:24:00,111.25,111.25,111.25,111.25,8000,125128000
SAIL_F1,22-12-2023,12:25:00,111.15,111.15,111.15,111.15,8000,125096000
SAIL_F1,22-12-2023,12:27:00,111.2,111.2,111.1,111.1,16000,125080000
SAIL_F1,22-12-2023,12:28:00,111.1,111.1,111.1,111.1,16000,125080000
SAIL_F1,22-12-2023,12:29:00,111.1,111.1,111.1,111.1,8000,125080000
SAIL_F1,22-12-2023,12:30:00,111.0,111.0,110.95,110.95,16000,125088000
SAIL_F1,22-12-2023,12:31:00,111.2,111.2,111.0,111.0,16000,125088000
SAIL_F1,22-12-2023,12:32:00,111.0,111.0,111.0,111.0,8000,125088000
SAIL_F1,22-12-2023,12:33:00,110.95,111.0,110.95,111.0,16000,125040000
SAIL_F1,22-12-2023,12:34:00,110.8,110.8,110.8,110.8,16000,125040000
SAIL_F1,22-12-2023,12:35:00,110.8,110.8,110.8,110.8,8000,125040000
SAIL_F1,22-12-2023,12:37:00,110.6,110.6,110.6,110.6,8000,125056000
SAIL_F1,22-12-2023,12:38:00,110.55,110.55,110.55,110.55,32000,125056000
SAIL_F1,22-12-2023,12:39:00,111.3,111.3,111.3,111.3,16000,125056000
SAIL_F1,22-12-2023,12:40:00,111.0,111.0,111.0,111.0,8000,125040000
SAIL_F1,22-12-2023,12:41:00,110.6,110.6,110.6,110.6,8000,125040000
SAIL_F1,22-12-2023,12:42:00,110.6,110.95,110.6,110.95,16000,125008000
SAIL_F1,22-12-2023,12:43:00,110.95,110.95,110.95,110.95,16000,125008000
SAIL_F1,22-12-2023,12:44:00,110.65,110.95,110.65,110.95,32000,125008000
SAIL_F1,22-12-2023,12:45:00,111.1,111.3,111.1,111.3,16000,124976000
SAIL_F1,22-12-2023,12:48:00,111.4,111.4,111.3,111.3,48000,124968000
SAIL_F1,22-12-2023,12:50:00,110.9,110.9,110.9,110.9,24000,124968000
SAIL_F1,22-12-2023,12:51:00,110.9,111.4,110.9,111.4,24000,125032000
SAIL_F1,22-12-2023,12:53:00,111.4,111.4,111.4,111.4,8000,125032000
SAIL_F1,22-12-2023,12:55:00,111.5,111.5,111.5,111.5,16000,125000000
SAIL_F1,22-12-2023,12:56:00,111.5,111.5,111.5,111.5,8000,125000000
SAIL_F1,22-12-2023,12:57:00,111.35,111.35,111.35,111.35,8000,124984000
SAIL_F1,22-12-2023,12:58:00,111.3,111.3,111.3,111.3,16000,124984000
SAIL_F1,22-12-2023,12:59:00,111.3,111.3,111.3,111.3,8000,124984000
SAIL_F1,22-12-2023,13:00:00,111.45,111.45,111.45,111.45,40000,125008000
SAIL_F1,22-12-2023,13:02:00,111.25,111.25,111.25,111.25,8000,125008000
SAIL_F1,22-12-2023,13:03:00,111.7,111.7,111.65,111.65,48000,124992000
SAIL_F1,22-12-2023,13:04:00,111.45,111.45,111.45,111.45,80000,124992000
SAIL_F1,22-12-2023,13:05:00,111.45,111.8,111.45,111.8,32000,124992000
SAIL_F1,22-12-2023,13:07:00,111.5,111.5,111.5,111.5,8000,125088000
SAIL_F1,22-12-2023,13:09:00,111.5,111.5,111.45,111.45,16000,125072000
SAIL_F1,22-12-2023,13:10:00,111.3,111.3,111.25,111.25,16000,125072000
SAIL_F1,22-12-2023,13:11:00,111.2,111.2,111.2,111.2,8000,125072000
SAIL_F1,22-12-2023,13:12:00,111.2,111.2,111.15,111.15,16000,125104000
SAIL_F1,22-12-2023,13:13:00,111.1,111.1,111.1,111.1,8000,125104000
SAIL_F1,22-12-2023,13:14:00,111.1,111.1,111.1,111.1,16000,125104000
SAIL_F1,22-12-2023,13:16:00,111.05,111.1,111.05,111.1,40000,124976000
SAIL_F1,22-12-2023,13:17:00,111.05,111.05,111.05,111.05,16000,124976000
SAIL_F1,22-12-2023,13:18:00,111.05,111.05,111.05,111.05,8000,124984000
SAIL_F1,22-12-2023,13:19:00,111.05,111.05,111.05,111.05,8000,124984000
SAIL_F1,22-12-2023,13:21:00,111.05,111.05,111.05,111.05,8000,125000000
SAIL_F1,22-12-2023,13:22:00,111.15,111.15,111.15,111.15,16000,125000000
SAIL_F1,22-12-2023,13:24:00,111.05,111.05,111.05,111.05,16000,125000000
SAIL_F1,22-12-2023,13:25:00,111.05,111.05,111.05,111.05,8000,124976000
SAIL_F1,22-12-2023,13:26:00,111.1,111.1,111.1,111.1,24000,124976000
SAIL_F1,22-12-2023,13:27:00,111.15,111.15,111.15,111.15,8000,124976000
SAIL_F1,22-12-2023,13:28:00,111.15,111.15,111.15,111.15,8000,125008000
SAIL_F1,22-12-2023,13:30:00,111.2,111.2,111.2,111.2,8000,125008000
SAIL_F1,22-12-2023,13:31:00,111.05,111.05,111.05,111.05,8000,124976000
SAIL_F1,22-12-2023,13:32:00,111.0,111.0,111.0,111.0,24000,124976000
SAIL_F1,22-12-2023,13:33:00,110.7,110.7,110.7,110.7,8000,124976000
SAIL_F1,22-12-2023,13:34:00,110.65,110.65,110.65,110.65,16000,125016000
SAIL_F1,22-12-2023,13:35:00,110.65,110.65,110.65,110.65,16000,125016000
SAIL_F1,22-12-2023,13:36:00,110.65,110.65,110.65,110.65,8000,125024000
SAIL_F1,22-12-2023,13:38:00,110.75,110.75,110.75,110.75,8000,125024000
SAIL_F1,22-12-2023,13:39:00,110.65,110.65,110.65,110.65,8000,124992000
SAIL_F1,22-12-2023,13:41:00,110.65,110.65,110.6,110.6,16000,124992000
SAIL_F1,22-12-2023,13:42:00,110.55,110.55,110.4,110.4,24000,124992000
SAIL_F1,22-12-2023,13:43:00,110.25,110.25,110.25,110.25,16000,124992000
SAIL_F1,22-12-2023,13:44:00,110.2,110.2,110.2,110.2,8000,124992000
SAIL_F1,22-12-2023,13:45:00,110.2,110.2,110.2,110.2,16000,124928000
SAIL_F1,22-12-2023,13:46:00,110.4,110.4,110.4,110.4,16000,124928000
SAIL_F1,22-12-2023,13:47:00,110.3,110.3,110.3,110.3,16000,124928000
SAIL_F1,22-12-2023,13:48:00,110.1,110.1,110.1,110.1,72000,124728000
SAIL_F1,22-12-2023,13:49:00,110.1,110.1,110.1,110.1,16000,124728000
SAIL_F1,22-12-2023,13:50:00,110.1,110.1,110.1,110.1,8000,124728000
SAIL_F1,22-12-2023,13:51:00,110.15,110.15,109.8,109.8,64000,124664000
SAIL_F1,22-12-2023,13:52:00,109.7,109.7,109.7,109.7,152000,124664000
SAIL_F1,22-12-2023,13:53:00,109.7,110.0,109.7,110.0,32000,124664000
SAIL_F1,22-12-2023,13:56:00,110.1,110.1,110.1,110.1,8000,124552000
SAIL_F1,22-12-2023,13:57:00,110.05,110.05,110.05,110.05,16000,124552000
SAIL_F1,22-12-2023,13:58:00,109.9,109.9,109.75,109.75,16000,124560000
SAIL_F1,22-12-2023,13:59:00,109.6,109.6,109.6,109.6,8000,124560000
SAIL_F1,22-12-2023,14:00:00,109.6,109.6,109.6,109.6,8000,124560000
SAIL_F1,22-12-2023,14:01:00,109.6,109.6,109.6,109.6,16000,124536000
SAIL_F1,22-12-2023,14:03:00,110.0,110.0,110.0,110.0,8000,124536000
SAIL_F1,22-12-2023,14:04:00,110.15,110.15,110.15,110.15,8000,124552000
SAIL_F1,22-12-2023,14:05:00,110.2,110.2,110.05,110.05,16000,124552000
SAIL_F1,22-12-2023,14:07:00,110.0,110.0,110.0,110.0,8000,124552000
SAIL_F1,22-12-2023,14:08:00,110.0,110.0,110.0,110.0,8000,124552000
SAIL_F1,22-12-2023,14:09:00,109.95,109.95,109.95,109.95,8000,124552000
SAIL_F1,22-12-2023,14:10:00,110.05,110.05,110.05,110.05,8000,124536000
SAIL_F1,22-12-2023,14:11:00,110.15,110.15,110.15,110.15,8000,124536000
SAIL_F1,22-12-2023,14:12:00,110.25,110.25,110.25,110.25,24000,124560000
SAIL_F1,22-12-2023,14:14:00,110.55,110.95,110.55,110.95,56000,124560000
SAIL_F1,22-12-2023,14:15:00,110.9,110.9,110.9,110.9,8000,124600000
SAIL_F1,22-12-2023,14:16:00,111.25,111.3,111.25,111.3,176000,124600000
SAIL_F1,22-12-2023,14:17:00,111.4,111.4,111.15,111.35,64000,124600000
SAIL_F1,22-12-2023,14:18:00,111.45,111.9,111.45,111.9,32000,124832000
SAIL_F1,22-12-2023,14:19:00,111.95,111.95,111.95,111.95,16000,124832000
SAIL_F1,22-12-2023,14:20:00,111.75,112.2,111.75,112.2,80000,124832000
SAIL_F1,22-12-2023,14:21:00,112.2,112.2,112.2,112.2,8000,124832000
SAIL_F1,22-12-2023,14:23:00,112.35,112.8,112.35,112.8,104000,124864000
SAIL_F1,22-12-2023,14:24:00,112.85,112.85,112.75,112.75,112000,124952000
SAIL_F1,22-12-2023,14:25:00,112.8,113.1,112.8,113.1,240000,124952000
SAIL_F1,22-12-2023,14:26:00,113.15,113.15,113.0,113.0,40000,124952000
SAIL_F1,22-12-2023,14:27:00,113.1,113.15,113.0,113.0,56000,125200000
SAIL_F1,22-12-2023,14:28:00,113.0,113.05,113.0,113.05,48000,125200000
SAIL_F1,22-12-2023,14:29:00,112.65,112.65,112.65,112.65,72000,125200000
SAIL_F1,22-12-2023,14:30:00,112.3,112.3,112.3,112.3,24000,125200000
SAIL_F1,22-12-2023,14:31:00,112.75,112.75,112.75,112.75,8000,125296000
SAIL_F1,22-12-2023,14:32:00,112.65,112.65,112.65,112.65,8000,125296000
SAIL_F1,22-12-2023,14:33:00,112.5,112.5,112.5,112.5,8000,125312000
SAIL_F1,22-12-2023,14:39:00,112.8,112.8,112.8,112.8,8000,125240000
SAIL_F1,22-12-2023,14:40:00,112.95,112.95,112.8,112.8,32000,125240000
SAIL_F1,22-12-2023,14:42:00,113.0,113.2,113.0,113.2,32000,125280000
SAIL_F1,22-12-2023,14:44:00,113.2,113.2,113.2,113.2,8000,125280000
SAIL_F1,22-12-2023,14:47:00,112.8,112.8,112.8,112.8,8000,125248000
SAIL_F1,22-12-2023,14:48:00,112.8,112.8,112.7,112.7,48000,125248000
SAIL_F1,22-12-2023,14:49:00,112.65,112.65,112.65,112.65,8000,125296000
SAIL_F1,22-12-2023,14:59:00,112.6,112.6,112.45,112.45,64000,125240000
SAIL_F1,22-12-2023,15:00:00,112.5,112.5,112.5,112.5,32000,125280000
SAIL_F1,22-12-2023,15:01:00,112.45,112.45,112.35,112.35,24000,125280000
SAIL_F1,22-12-2023,15:02:00,112.35,112.35,112.2,112.2,56000,125280000
SAIL_F1,22-12-2023,15:03:00,112.1,112.1,112.1,112.1,8000,125280000
SAIL_F1,22-12-2023,15:06:00,112.15,112.15,112.15,112.15,16000,125392000
SAIL_F1,22-12-2023,15:07:00,112.1,112.1,112.1,112.1,8000,125392000
SAIL_F1,22-12-2023,15:08:00,112.35,112.5,112.35,112.5,72000,125392000
SAIL_F1,22-12-2023,15:09:00,112.55,112.55,112.55,112.55,8000,125392000
SAIL_F1,22-12-2023,15:10:00,112.65,112.65,112.65,112.65,40000,125488000
SAIL_F1,22-12-2023,15:11:00,112.7,112.7,112.7,112.7,8000,125488000
SAIL_F1,22-12-2023,15:12:00,112.7,112.75,112.7,112.75,24000,125536000
SAIL_F1,22-12-2023,15:13:00,113.0,113.0,113.0,113.0,96000,125536000
SAIL_F1,22-12-2023,15:14:00,113.3,113.3,113.3,113.3,8000,125536000
SAIL_F1,22-12-2023,15:15:00,113.35,113.35,113.05,113.05,16000,125616000
SAIL_F1,22-12-2023,15:16:00,113.0,113.0,113.0,113.0,8000,125616000
SAIL_F1,22-12-2023,15:17:00,113.1,113.1,113.1,113.1,88000,125616000
SAIL_F1,22-12-2023,15:18:00,113.1,113.1,113.1,113.1,40000,125616000
SAIL_F1,22-12-2023,15:19:00,113.1,113.1,113.0,113.0,24000,125672000
SAIL_F1,22-12-2023,15:20:00,113.0,113.0,113.0,113.0,8000,125672000
SAIL_F1,22-12-2023,15:21:00,113.2,113.2,113.2,113.2,16000,125704000
SAIL_F1,22-12-2023,15:22:00,113.1,113.1,113.0,113.0,40000,125704000
SAIL_F1,22-12-2023,15:23:00,113.0,113.0,113.0,113.0,16000,125704000
SAIL_F1,22-12-2023,15:25:00,113.0,113.0,113.0,113.0,24000,125744000
SAIL_F1,22-12-2023,15:26:00,113.1,113.1,113.0,113.0,184000,125744000
SAIL_F1,22-12-2023,15:27:00,113.0,113.0,113.0,113.0,24000,125744000
SAIL_F1,22-12-2023,15:28:00,113.0,113.0,113.0,113.0,32000,125872000
SAIL_F1,22-12-2023,15:29:00,113.0,113.0,113.0,113.0,72000,125872000
SAIL_F1,22-12-2023,15:30:00,113.0,113.0,113.0,113.0,64000,125872000
SAIL_F1,26-12-2023,09:15:00,113.5,113.5,113.5,113.5,16001,119160000
SAIL_F1,26-12-2023,09:18:00,113.55,113.75,113.55,113.75,16000,119168000
SAIL_F1,26-12-2023,09:19:00,114.0,114.0,114.0,114.0,24000,119168000
SAIL_F1,26-12-2023,09:20:00,113.9,113.9,113.85,113.85,32000,119168000
SAIL_F1,26-12-2023,09:21:00,113.85,113.85,113.6,113.6,32000,119168000
SAIL_F1,26-12-2023,09:22:00,113.65,113.65,113.65,113.65,16000,119168000
SAIL_F1,26-12-2023,09:23:00,113.6,113.6,113.6,113.6,8000,119168000
SAIL_F1,26-12-2023,09:24:00,113.6,113.6,113.6,113.6,8000,119160000
SAIL_F1,26-12-2023,09:29:00,113.4,113.4,113.4,113.4,8000,119168000
SAIL_F1,26-12-2023,09:30:00,112.8,112.8,112.5,112.5,72000,119168000
SAIL_F1,26-12-2023,09:31:00,112.85,112.85,112.8,112.8,64000,119168000
SAIL_F1,26-12-2023,09:32:00,112.7,112.7,112.7,112.7,8000,119168000
SAIL_F1,26-12-2023,09:33:00,112.85,112.85,112.75,112.75,64000,119152000
SAIL_F1,26-12-2023,09:34:00,112.75,112.75,112.75,112.75,40000,119152000
SAIL_F1,26-12-2023,09:35:00,112.85,112.85,112.85,112.85,24000,119152000
SAIL_F1,26-12-2023,09:37:00,112.7,112.7,112.5,112.5,32000,119208000
SAIL_F1,26-12-2023,09:38:00,112.3,112.5,112.3,112.5,88000,119208000
SAIL_F1,26-12-2023,09:39:00,112.45,112.5,112.45,112.5,24000,119208000
SAIL_F1,26-12-2023,09:40:00,112.55,112.55,112.55,112.55,8000,119208000
SAIL_F1,26-12-2023,09:41:00,112.45,112.45,112.25,112.25,128000,119224000
SAIL_F1,26-12-2023,09:42:00,112.25,112.75,112.25,112.75,48000,119224000
SAIL_F1,26-12-2023,09:43:00,112.6,112.6,112.6,112.6,8000,119224000
SAIL_F1,26-12-2023,09:44:00,112.5,112.5,112.5,112.5,24000,119224000
SAIL_F1,26-12-2023,09:45:00,112.5,112.55,112.5,112.55,16000,119232000
SAIL_F1,26-12-2023,09:46:00,112.45,112.45,112.45,112.45,8000,119232000
SAIL_F1,26-12-2023,09:47:00,112.45,112.45,112.45,112.45,16000,119232000
SAIL_F1,26-12-2023,09:48:00,112.6,112.6,112.6,112.6,16000,119216000
SAIL_F1,26-12-2023,09:49:00,112.6,112.6,112.6,112.6,16000,119216000
SAIL_F1,26-12-2023,09:51:00,112.85,112.85,112.85,112.85,16000,119240000
SAIL_F1,26-12-2023,09:53:00,113.0,113.0,113.0,113.0,16000,119240000
SAIL_F1,26-12-2023,09:54:00,112.9,113.3,112.9,113.3,32000,119272000
SAIL_F1,26-12-2023,09:56:00,113.1,113.1,113.1,113.1,8000,119272000
SAIL_F1,26-12-2023,09:58:00,113.05,113.05,113.05,113.05,8000,119264000
SAIL_F1,26-12-2023,10:00:00,113.15,113.15,113.15,113.15,32000,119232000
SAIL_F1,26-12-2023,10:01:00,113.15,113.15,113.15,113.15,16000,119232000
SAIL_F1,26-12-2023,10:02:00,113.15,113.2,113.15,113.2,40000,119232000
SAIL_F1,26-12-2023,10:03:00,113.4,113.4,113.4,113.4,8000,119240000
SAIL_F1,26-12-2023,10:04:00,113.4,113.6,113.4,113.6,16000,119240000
SAIL_F1,26-12-2023,10:05:00,113.3,113.3,113.3,113.3,8000,119240000
SAIL_F1,26-12-2023,10:06:00,113.1,113.3,113.1,113.3,48000,119264000
SAIL_F1,26-12-2023,10:07:00,113.05,113.05,112.95,113.0,80000,119264000
SAIL_F1,26-12-2023,10:08:00,112.95,112.95,112.7,112.7,56000,119264000
SAIL_F1,26-12-2023,10:09:00,112.75,112.75,112.75,112.75,16000,119360000
SAIL_F1,26-12-2023,10:10:00,112.9,112.9,112.9,112.9,16000,119360000
SAIL_F1,26-12-2023,10:11:00,112.85,112.85,112.75,112.75,16000,119360000
SAIL_F1,26-12-2023,10:12:00,112.85,112.85,112.85,112.85,24000,119344000
SAIL_F1,26-12-2023,10:13:00,112.75,112.8,112.75,112.8,64000,119344000
SAIL_F1,26-12-2023,10:14:00,112.8,112.8,112.8,112.8,8000,119344000
SAIL_F1,26-12-2023,10:15:00,112.95,112.95,112.95,112.95,8000,119376000
SAIL_F1,26-12-2023,10:18:00,112.8,112.8,112.8,112.8,24000,119336000
SAIL_F1,26-12-2023,10:19:00,112.85,112.85,112.85,112.85,8000,119336000
SAIL_F1,26-12-2023,10:20:00,112.8,112.8,112.8,112.8,24000,119336000
SAIL_F1,26-12-2023,10:22:00,112.85,112.85,112.85,112.85,8000,119352000
SAIL_F1,26-12-2023,10:23:00,112.95,113.0,112.95,113.0,24000,119352000
SAIL_F1,26-12-2023,10:24:00,112.95,113.0,112.95,113.0,56000,119368000
SAIL_F1,26-12-2023,10:26:00,112.8,112.8,112.75,112.75,24000,119368000
SAIL_F1,26-12-2023,10:27:00,112.85,112.85,112.85,112.85,8000,119400000
SAIL_F1,26-12-2023,10:28:00,112.85,112.85,112.85,112.85,16000,119400000
SAIL_F1,26-12-2023,10:29:00,112.7,112.7,112.7,112.7,8000,119400000
SAIL_F1,26-12-2023,10:31:00,112.6,112.6,112.6,112.6,16000,119432000
SAIL_F1,26-12-2023,10:32:00,112.55,112.55,112.55,112.55,8000,119432000
SAIL_F1,26-12-2023,10:33:00,112.55,112.55,112.55,112.55,8000,119352000
SAIL_F1,26-12-2023,10:34:00,112.55,112.55,112.55,112.55,8000,119352000
SAIL_F1,26-12-2023,10:35:00,112.4,112.4,112.4,112.4,8000,119352000
SAIL_F1,26-12-2023,10:36:00,112.65,112.65,112.55,112.55,16000,119336000
SAIL_F1,26-12-2023,10:38:00,112.7,112.7,112.55,112.55,80000,119336000
SAIL_F1,26-12-2023,10:39:00,112.75,112.75,112.6,112.6,24000,119368000
SAIL_F1,26-12-2023,10:41:00,112.6,112.6,112.6,112.6,8000,119368000
SAIL_F1,26-12-2023,10:42:00,112.6,112.6,112.6,112.6,8000,119368000
SAIL_F1,26-12-2023,10:43:00,112.6,112.65,112.6,112.65,16000,119368000
SAIL_F1,26-12-2023,10:45:00,112.5,112.5,112.5,112.5,8000,119384000
SAIL_F1,26-12-2023,10:46:00,112.5,112.5,112.5,112.5,16000,119384000
SAIL_F1,26-12-2023,10:47:00,112.5,112.5,112.5,112.5,8000,119384000
SAIL_F1,26-12-2023,10:48:00,112.5,112.5,112.4,112.4,48000,119360000
SAIL_F1,26-12-2023,10:49:00,112.25,112.45,112.25,112.45,24000,119360000
SAIL_F1,26-12-2023,10:50:00,112.4,112.4,112.4,112.4,16000,119360000
SAIL_F1,26-12-2023,10:51:00,112.35,112.45,112.35,112.45,16000,119328000
SAIL_F1,26-12-2023,10:52:00,112.5,112.5,112.5,112.5,16000,119328000
SAIL_F1,26-12-2023,10:54:00,112.5,112.55,112.45,112.45,72000,119368000
SAIL_F1,26-12-2023,10:55:00,112.45,112.45,112.45,112.45,8000,119368000
SAIL_F1,26-12-2023,10:57:00,112.4,112.4,112.4,112.4,8000,119336000
SAIL_F1,26-12-2023,10:59:00,112.4,112.4,112.4,112.4,8000,119336000
SAIL_F1,26-12-2023,11:00:00,112.35,112.35,112.35,112.35,8000,119336000
SAIL_F1,26-12-2023,11:01:00,112.3,112.3,112.3,112.3,48000,119360000
SAIL_F1,26-12-2023,11:02:00,112.25,112.25,112.25,112.25,8000,119360000
SAIL_F1,26-12-2023,11:03:00,112.2,112.2,112.2,112.2,24000,119352000
SAIL_F1,26-12-2023,11:04:00,112.2,112.2,112.2,112.2,88000,119352000
SAIL_F1,26-12-2023,11:05:00,112.25,112.25,112.25,112.25,32000,119352000
SAIL_F1,26-12-2023,11:06:00,112.4,112.4,112.4,112.4,8000,119280000
SAIL_F1,26-12-2023,11:07:00,112.35,112.35,112.35,112.35,8000,119280000
SAIL_F1,26-12-2023,11:08:00,112.45,112.45,112.45,112.45,56000,119280000
SAIL_F1,26-12-2023,11:09:00,112.45,112.45,112.45,112.45,8000,119264000
SAIL_F1,26-12-2023,11:10:00,112.45,112.45,112.45,112.45,8000,119264000
SAIL_F1,26-12-2023,11:11:00,112.45,112.45,112.45,112.45,16000,119264000
SAIL_F1,26-12-2023,11:12:00,112.45,112.45,112.45,112.45,8000,119264000
SAIL_F1,26-12-2023,11:13:00,112.35,112.35,112.35,112.35,8000,119256000
SAIL_F1,26-12-2023,11:14:00,112.5,112.5,112.4,112.4,16000,119256000
SAIL_F1,26-12-2023,11:15:00,112.35,112.35,112.35,112.35,8000,119272000
SAIL_F1,26-12-2023,11:17:00,112.35,112.35,112.35,112.35,8000,119272000
SAIL_F1,26-12-2023,11:18:00,112.4,112.4,112.35,112.35,16000,119232000
SAIL_F1,26-12-2023,11:20:00,112.35,112.35,112.35,112.35,24000,119232000
SAIL_F1,26-12-2023,11:21:00,112.3,112.3,112.3,112.3,8000,119240000
SAIL_F1,26-12-2023,11:22:00,112.25,112.25,112.25,112.25,16000,119240000
SAIL_F1,26-12-2023,11:23:00,112.2,112.2,112.15,112.15,16000,119240000
SAIL_F1,26-12-2023,11:24:00,112.15,112.15,112.15,112.15,8000,119264000
SAIL_F1,26-12-2023,11:26:00,112.15,112.15,112.15,112.15,8000,119264000
SAIL_F1,26-12-2023,11:27:00,112.15,112.15,112.15,112.15,16000,119224000
SAIL_F1,26-12-2023,11:28:00,112.15,112.15,112.15,112.15,16000,119224000
SAIL_F1,26-12-2023,11:29:00,112.15,112.15,112.15,112.15,8000,119224000
SAIL_F1,26-12-2023,11:30:00,112.15,112.15,112.15,112.15,8000,119240000
SAIL_F1,26-12-2023,11:31:00,112.1,112.1,112.1,112.1,8000,119240000
SAIL_F1,26-12-2023,11:32:00,112.1,112.1,112.1,112.1,8000,119240000
SAIL_F1,26-12-2023,11:33:00,112.15,112.15,112.1,112.1,40000,119168000
SAIL_F1,26-12-2023,11:34:00,112.1,112.1,112.1,112.1,8000,119168000
SAIL_F1,26-12-2023,11:35:00,112.2,112.2,112.2,112.2,8000,119168000
SAIL_F1,26-12-2023,11:36:00,112.2,112.2,112.2,112.2,16000,119192000
SAIL_F1,26-12-2023,11:37:00,112.25,112.45,112.25,112.45,16000,119192000
SAIL_F1,26-12-2023,11:38:00,112.25,112.25,112.25,112.25,8000,119192000
SAIL_F1,26-12-2023,11:40:00,112.2,112.2,112.2,112.2,8000,119152000
SAIL_F1,26-12-2023,11:41:00,112.2,112.2,112.2,112.2,16000,119152000
SAIL_F1,26-12-2023,11:42:00,112.2,112.2,112.2,112.2,16000,119176000
SAIL_F1,26-12-2023,11:43:00,112.15,112.15,112.15,112.15,8000,119176000
SAIL_F1,26-12-2023,11:44:00,112.05,112.05,112.05,112.05,8000,119176000
SAIL_F1,26-12-2023,11:45:00,112.05,112.05,112.05,112.05,8000,119176000
SAIL_F1,26-12-2023,11:46:00,112.05,112.05,112.05,112.05,24000,119176000
SAIL_F1,26-12-2023,11:47:00,112.05,112.05,112.05,112.05,8000,119176000
SAIL_F1,26-12-2023,11:48:00,112.05,112.05,112.0,112.0,24000,119128000
SAIL_F1,26-12-2023,11:49:00,112.0,112.0,112.0,112.0,8000,119128000
SAIL_F1,26-12-2023,11:50:00,112.0,112.0,112.0,112.0,8000,119128000
SAIL_F1,26-12-2023,11:51:00,112.0,112.0,112.0,112.0,8000,119128000
SAIL_F1,26-12-2023,11:52:00,112.0,112.0,112.0,112.0,16000,119104000
SAIL_F1,26-12-2023,11:54:00,112.0,112.0,112.0,112.0,32000,119120000
SAIL_F1,26-12-2023,11:55:00,111.95,111.95,111.9,111.9,24000,119120000
SAIL_F1,26-12-2023,11:56:00,111.9,111.9,111.9,111.9,8000,119120000
SAIL_F1,26-12-2023,11:57:00,111.85,112.05,111.85,112.05,104000,119160000
SAIL_F1,26-12-2023,11:58:00,112.1,112.2,112.1,112.2,80000,119160000
SAIL_F1,26-12-2023,11:59:00,112.2,112.3,112.2,112.3,80000,119160000
SAIL_F1,26-12-2023,12:00:00,112.3,112.3,112.2,112.2,24000,119136000
SAIL_F1,26-12-2023,12:01:00,112.35,112.35,112.35,112.35,24000,119136000
SAIL_F1,26-12-2023,12:02:00,112.35,112.35,112.35,112.35,16000,119136000
SAIL_F1,26-12-2023,12:04:00,112.3,112.3,112.3,112.3,8000,119176000
SAIL_F1,26-12-2023,12:06:00,112.25,112.25,112.25,112.25,8000,119176000
SAIL_F1,26-12-2023,12:07:00,112.4,112.4,112.4,112.4,24000,119136000
SAIL_F1,26-12-2023,12:08:00,112.4,112.4,112.4,112.4,32000,119136000
SAIL_F1,26-12-2023,12:09:00,112.45,112.45,112.45,112.45,56000,119136000
SAIL_F1,26-12-2023,12:11:00,112.5,112.5,112.4,112.4,24000,119136000
SAIL_F1,26-12-2023,12:12:00,112.2,112.25,112.2,112.25,48000,119112000
SAIL_F1,26-12-2023,12:13:00,112.2,112.2,112.2,112.2,24000,119112000
SAIL_F1,26-12-2023,12:14:00,112.0,112.0,112.0,112.0,24000,119112000
SAIL_F1,26-12-2023,12:15:00,112.05,112.05,112.05,112.05,8000,119112000
SAIL_F1,26-12-2023,12:16:00,112.05,112.05,112.05,112.05,8000,119200000
SAIL_F1,26-12-2023,12:17:00,112.05,112.05,112.0,112.0,16000,119200000
SAIL_F1,26-12-2023,12:18:00,112.05,112.05,112.0,112.0,32000,119216000
SAIL_F1,26-12-2023,12:19:00,112.0,112.0,112.0,112.0,8000,119216000
SAIL_F1,26-12-2023,12:20:00,111.95,112.0,111.95,112.0,32000,119216000
SAIL_F1,26-12-2023,12:21:00,112.05,112.05,112.05,112.05,16000,119200000
SAIL_F1,26-12-2023,12:23:00,111.95,111.95,111.95,111.95,8000,119200000
SAIL_F1,26-12-2023,12:24:00,112.2,112.2,112.2,112.2,8000,119144000
SAIL_F1,26-12-2023,12:26:00,111.95,111.95,111.95,111.95,16000,119144000
SAIL_F1,26-12-2023,12:27:00,111.9,111.95,111.9,111.95,24000,119176000
SAIL_F1,26-12-2023,12:29:00,111.85,111.85,111.85,111.85,8000,119176000
SAIL_F1,26-12-2023,12:30:00,111.8,111.8,111.8,111.8,8000,119168000
SAIL_F1,26-12-2023,12:31:00,111.8,111.8,111.8,111.8,8000,119168000
SAIL_F1,26-12-2023,12:33:00,111.8,111.8,111.7,111.7,24000,119192000
SAIL_F1,26-12-2023,12:34:00,111.65,111.65,111.65,111.65,32000,119192000
SAIL_F1,26-12-2023,12:35:00,111.65,111.65,111.65,111.65,16000,119192000
SAIL_F1,26-12-2023,12:36:00,111.7,111.8,111.7,111.8,16000,119152000
SAIL_F1,26-12-2023,12:38:00,111.9,111.9,111.9,111.9,8000,119152000
SAIL_F1,26-12-2023,12:40:00,111.9,111.9,111.85,111.85,16000,119120000
SAIL_F1,26-12-2023,12:41:00,111.85,112.0,111.85,112.0,16000,119120000
SAIL_F1,26-12-2023,12:42:00,111.9,111.9,111.9,111.9,8000,119120000
SAIL_F1,26-12-2023,12:43:00,111.95,111.95,111.95,111.95,16000,119136000
SAIL_F1,26-12-2023,12:44:00,111.9,111.9,111.9,111.9,8000,119136000
SAIL_F1,26-12-2023,12:46:00,111.75,111.75,111.75,111.75,24000,119152000
SAIL_F1,26-12-2023,12:47:00,111.8,111.8,111.8,111.8,24000,119152000
SAIL_F1,26-12-2023,12:48:00,111.85,111.85,111.85,111.85,16000,119152000
SAIL_F1,26-12-2023,12:49:00,111.75,111.75,111.75,111.75,8000,119168000
SAIL_F1,26-12-2023,12:51:00,111.75,111.9,111.75,111.9,24000,119144000
SAIL_F1,26-12-2023,12:52:00,111.8,111.8,111.8,111.8,16000,119144000
SAIL_F1,26-12-2023,12:53:00,111.7,111.7,111.6,111.6,40000,119144000
SAIL_F1,26-12-2023,12:54:00,111.55,111.55,111.55,111.55,8000,119144000
SAIL_F1,26-12-2023,12:55:00,111.55,111.7,111.55,111.7,16000,119088000
SAIL_F1,26-12-2023,12:57:00,111.65,111.65,111.65,111.65,8000,119088000
SAIL_F1,26-12-2023,12:58:00,111.9,111.9,111.9,111.9,24000,119072000
SAIL_F1,26-12-2023,12:59:00,111.9,111.9,111.85,111.85,16000,119072000
SAIL_F1,26-12-2023,13:00:00,111.85,111.85,111.85,111.85,8000,119104000
SAIL_F1,26-12-2023,13:01:00,111.9,111.9,111.9,111.9,16000,119104000
SAIL_F1,26-12-2023,13:02:00,112.0,112.0,112.0,112.0,8000,119104000
SAIL_F1,26-12-2023,13:04:00,111.7,111.7,111.7,111.7,8000,119080000
SAIL_F1,26-12-2023,13:05:00,111.5,111.5,111.5,111.5,24000,119080000
SAIL_F1,26-12-2023,13:06:00,111.55,111.55,111.5,111.5,24000,119096000
SAIL_F1,26-12-2023,13:07:00,111.65,111.65,111.55,111.55,16000,119096000
SAIL_F1,26-12-2023,13:08:00,111.7,112.0,111.7,112.0,24000,119096000
SAIL_F1,26-12-2023,13:10:00,111.6,111.6,111.6,111.6,16000,119112000
SAIL_F1,26-12-2023,13:11:00,111.85,111.85,111.85,111.85,16000,119112000
SAIL_F1,26-12-2023,13:12:00,111.85,111.9,111.85,111.9,24000,119112000
SAIL_F1,26-12-2023,13:14:00,111.95,111.95,111.95,111.95,32000,119112000
SAIL_F1,26-12-2023,13:15:00,112.0,112.0,111.95,112.0,48000,119136000
SAIL_F1,26-12-2023,13:16:00,111.95,112.0,111.95,112.0,16000,119136000
SAIL_F1,26-12-2023,13:17:00,112.0,112.0,111.95,111.95,56000,119136000
SAIL_F1,26-12-2023,13:18:00,112.0,112.0,111.9,111.9,96000,119056000
SAIL_F1,26-12-2023,13:19:00,112.0,112.0,111.95,111.95,64000,119056000
SAIL_F1,26-12-2023,13:20:00,111.9,112.0,111.9,112.0,64000,119056000
SAIL_F1,26-12-2023,13:21:00,111.9,111.9,111.9,111.9,8000,119016000
SAIL_F1,26-12-2023,13:22:00,111.9,111.95,111.9,111.95,24000,119016000
SAIL_F1,26-12-2023,13:24:00,111.9,111.9,111.9,111.9,16000,119016000
SAIL_F1,26-12-2023,13:25:00,111.95,111.95,111.95,111.95,8000,119016000
SAIL_F1,26-12-2023,13:26:00,111.95,112.0,111.95,112.0,64000,119016000
SAIL_F1,26-12-2023,13:28:00,111.9,111.9,111.9,111.9,8000,119016000
SAIL_F1,26-12-2023,13:29:00,111.95,111.95,111.95,111.95,16000,119016000
SAIL_F1,26-12-2023,13:31:00,111.95,111.95,111.95,111.95,16000,118984000
SAIL_F1,26-12-2023,13:32:00,111.95,112.0,111.95,112.0,32000,118984000
SAIL_F1,26-12-2023,13:33:00,111.95,111.95,111.95,111.95,8000,118984000
SAIL_F1,26-12-2023,13:34:00,111.9,111.9,111.9,111.9,16000,119016000
SAIL_F1,26-12-2023,13:35:00,111.9,111.9,111.9,111.9,8000,119016000
SAIL_F1,26-12-2023,13:36:00,111.95,111.95,111.95,111.95,16000,119016000
SAIL_F1,26-12-2023,13:37:00,111.7,111.7,111.7,111.7,8000,118992000
SAIL_F1,26-12-2023,13:38:00,111.8,111.85,111.8,111.85,16000,118992000
SAIL_F1,26-12-2023,13:39:00,111.85,111.85,111.85,111.85,8000,118992000
SAIL_F1,26-12-2023,13:40:00,111.95,111.95,111.8,111.8,40000,118936000
SAIL_F1,26-12-2023,13:42:00,111.7,111.7,111.7,111.7,16000,118936000
SAIL_F1,26-12-2023,13:43:00,111.9,111.9,111.7,111.7,24000,118984000
SAIL_F1,26-12-2023,13:44:00,111.65,111.65,111.6,111.6,24000,118984000
SAIL_F1,26-12-2023,13:45:00,111.45,111.45,111.45,111.45,48000,119016000
SAIL_F1,26-12-2023,13:46:00,111.45,111.45,111.4,111.4,40000,119016000
SAIL_F1,26-12-2023,13:47:00,111.6,111.6,111.6,111.6,40000,119016000
SAIL_F1,26-12-2023,13:48:00,111.65,111.65,111.65,111.65,40000,119016000
SAIL_F1,26-12-2023,13:49:00,111.65,111.65,111.65,111.65,24000,119024000
SAIL_F1,26-12-2023,13:50:00,111.7,111.75,111.65,111.75,24000,119024000
SAIL_F1,26-12-2023,13:52:00,111.7,111.7,111.7,111.7,8000,119032000
SAIL_F1,26-12-2023,13:53:00,111.7,111.85,111.7,111.85,24000,119032000
SAIL_F1,26-12-2023,13:54:00,111.8,111.8,111.8,111.8,8000,119000000
SAIL_F1,26-12-2023,13:55:00,111.75,111.75,111.75,111.75,8000,119000000
SAIL_F1,26-12-2023,13:57:00,111.9,111.9,111.9,111.9,8000,119000000
SAIL_F1,26-12-2023,13:58:00,111.8,111.8,111.8,111.8,16000,118984000
SAIL_F1,26-12-2023,13:59:00,111.7,111.7,111.7,111.7,8000,118984000
SAIL_F1,26-12-2023,14:00:00,111.65,111.85,111.65,111.85,80000,118984000
SAIL_F1,26-12-2023,14:02:00,111.55,111.55,111.45,111.45,40000,118976000
SAIL_F1,26-12-2023,14:04:00,111.5,111.5,111.5,111.5,56000,118952000
SAIL_F1,26-12-2023,14:05:00,111.5,111.5,111.5,111.5,24000,118952000
SAIL_F1,26-12-2023,14:07:00,111.5,111.5,111.5,111.5,16000,118832000
SAIL_F1,26-12-2023,14:08:00,111.55,111.55,111.55,111.55,8000,118832000
SAIL_F1,26-12-2023,14:09:00,111.55,111.55,111.55,111.55,16000,118832000
SAIL_F1,26-12-2023,14:10:00,111.6,111.6,111.6,111.6,8000,118824000
SAIL_F1,26-12-2023,14:11:00,111.45,111.45,111.45,111.45,8000,118824000
SAIL_F1,26-12-2023,14:12:00,111.45,111.45,111.25,111.25,24000,118824000
SAIL_F1,26-12-2023,14:13:00,111.35,111.35,111.25,111.25,16000,118848000
SAIL_F1,26-12-2023,14:14:00,111.35,111.35,111.25,111.25,16000,118848000
SAIL_F1,26-12-2023,14:15:00,111.7,111.7,111.7,111.7,24000,118880000
SAIL_F1,26-12-2023,14:17:00,111.75,111.75,111.5,111.5,24000,118880000
SAIL_F1,26-12-2023,14:20:00,111.55,111.55,111.55,111.55,8000,118872000
SAIL_F1,26-12-2023,14:21:00,111.75,111.75,111.75,111.75,8000,118872000
SAIL_F1,26-12-2023,14:22:00,111.55,111.55,111.5,111.5,16000,118832000
SAIL_F1,26-12-2023,14:23:00,111.5,111.5,111.5,111.5,8000,118832000
SAIL_F1,26-12-2023,14:24:00,111.7,111.7,111.7,111.7,8000,118832000
SAIL_F1,26-12-2023,14:26:00,111.55,111.65,111.55,111.65,24000,118864000
SAIL_F1,26-12-2023,14:27:00,111.55,111.55,111.55,111.55,24000,118864000
SAIL_F1,26-12-2023,14:28:00,111.75,111.75,111.65,111.65,16000,118832000
SAIL_F1,26-12-2023,14:29:00,111.75,111.75,111.6,111.6,16000,118832000
SAIL_F1,26-12-2023,14:31:00,111.8,111.8,111.8,111.8,8000,118856000
SAIL_F1,26-12-2023,14:32:00,111.7,111.7,111.55,111.55,16000,118856000
SAIL_F1,26-12-2023,14:34:00,111.55,111.55,111.55,111.55,16000,118776000
SAIL_F1,26-12-2023,14:35:00,111.85,111.85,111.85,111.85,80000,118776000
SAIL_F1,26-12-2023,14:36:00,111.55,111.55,111.55,111.55,8000,118776000
SAIL_F1,26-12-2023,14:37:00,111.5,111.5,111.5,111.5,24000,118776000
SAIL_F1,26-12-2023,14:38:00,111.7,111.7,111.7,111.7,8000,118776000
SAIL_F1,26-12-2023,14:39:00,111.65,111.65,111.65,111.65,24000,118776000
SAIL_F1,26-12-2023,14:41:00,111.75,111.75,111.75,111.75,64000,118752000
SAIL_F1,26-12-2023,14:42:00,111.65,111.65,111.65,111.65,8000,118752000
SAIL_F1,26-12-2023,14:43:00,111.55,111.55,111.5,111.5,48000,118768000
SAIL_F1,26-12-2023,14:45:00,111.8,111.8,111.8,111.8,16000,118768000
SAIL_F1,26-12-2023,14:47:00,111.8,111.8,111.8,111.8,8000,118776000
SAIL_F1,26-12-2023,14:48:00,111.9,111.9,111.9,111.9,16000,118776000
SAIL_F1,26-12-2023,14:49:00,111.8,111.8,111.8,111.8,8000,118776000
SAIL_F1,26-12-2023,14:50:00,111.8,111.8,111.8,111.8,24000,118776000
SAIL_F1,26-12-2023,14:52:00,111.8,111.8,111.75,111.75,24000,118768000
SAIL_F1,26-12-2023,14:55:00,111.9,112.15,111.9,112.15,232000,118792000
SAIL_F1,26-12-2023,14:56:00,112.05,112.05,112.05,112.05,40000,118792000
SAIL_F1,26-12-2023,14:57:00,112.25,112.25,112.25,112.25,40000,118768000
SAIL_F1,26-12-2023,14:58:00,112.15,112.25,112.15,112.25,64000,118768000
SAIL_F1,26-12-2023,14:59:00,112.4,112.4,112.35,112.35,24000,118768000
SAIL_F1,26-12-2023,15:00:00,112.5,112.65,112.5,112.65,40000,118768000
SAIL_F1,26-12-2023,15:01:00,112.7,112.75,112.7,112.75,40000,118856000
SAIL_F1,26-12-2023,15:02:00,112.8,112.8,112.8,112.8,56000,118856000
SAIL_F1,26-12-2023,15:03:00,112.65,112.65,112.65,112.65,16000,118856000
SAIL_F1,26-12-2023,15:04:00,112.65,112.65,112.65,112.65,8000,118856000
SAIL_F1,26-12-2023,15:05:00,112.7,112.7,112.7,112.7,64000,118856000
SAIL_F1,26-12-2023,15:07:00,112.6,112.6,112.6,112.6,8000,118888000
SAIL_F1,26-12-2023,15:08:00,112.6,112.6,112.6,112.6,8000,118888000
SAIL_F1,26-12-2023,15:09:00,112.4,112.4,112.4,112.4,48000,118888000
SAIL_F1,26-12-2023,15:10:00,112.55,112.55,112.5,112.5,24000,118904000
SAIL_F1,26-12-2023,15:11:00,112.55,112.55,112.5,112.5,40000,118904000
SAIL_F1,26-12-2023,15:12:00,112.5,112.5,112.5,112.5,16000,118904000
SAIL_F1,26-12-2023,15:13:00,112.55,112.55,112.55,112.55,8000,118896000
SAIL_F1,26-12-2023,15:14:00,112.4,112.55,112.4,112.55,136000,118896000
SAIL_F1,26-12-2023,15:16:00,112.9,113.0,112.9,113.0,288000,118856000
SAIL_F1,26-12-2023,15:17:00,113.0,113.65,113.0,113.65,384000,118856000
SAIL_F1,26-12-2023,15:18:00,113.35,113.5,113.25,113.5,176000,119136000
SAIL_F1,26-12-2023,15:19:00,113.65,113.65,113.65,113.65,208000,119136000
SAIL_F1,26-12-2023,15:20:00,113.95,114.05,113.95,114.05,352000,119136000
SAIL_F1,26-12-2023,15:21:00,113.9,114.15,113.9,114.15,232000,119512000
SAIL_F1,26-12-2023,15:22:00,114.25,114.45,114.25,114.25,368000,119512000
SAIL_F1,26-12-2023,15:23:00,114.25,114.25,114.05,114.05,120000,119512000
SAIL_F1,26-12-2023,15:24:00,114.1,114.1,114.0,114.0,128000,119784000
SAIL_F1,26-12-2023,15:26:00,114.2,114.4,114.2,114.35,56000,119784000
SAIL_F1,26-12-2023,15:27:00,114.35,114.35,114.35,114.35,32000,119784000
SAIL_F1,26-12-2023,15:28:00,114.3,114.5,114.3,114.5,88000,119800000
SAIL_F1,26-12-2023,15:29:00,114.8,114.95,114.5,114.5,552000,119800000
SAIL_F1,26-12-2023,15:30:00,114.35,114.35,114.35,114.35,16000,119800000
SAIL_F1,27-12-2023,09:15:00,115.3,115.75,115.1,115.75,2048002,114464000
SAIL_F1,27-12-2023,09:16:00,116.4,116.6,116.4,116.6,3352000,114464000
SAIL_F1,27-12-2023,09:17:00,116.8,117.0,116.8,117.0,2592000,114464000
SAIL_F1,27-12-2023,09:18:00,117.15,117.15,116.1,116.35,3400000,114320000
SAIL_F1,27-12-2023,09:19:00,116.4,116.4,115.9,116.35,1504000,114320000
SAIL_F1,27-12-2023,09:20:00,116.35,117.05,116.25,116.75,3176000,114296000
SAIL_F1,27-12-2023,09:21:00,116.85,117.3,116.75,117.25,2216000,114296000
SAIL_F1,27-12-2023,09:22:00,117.25,117.5,117.1,117.2,2480000,114296000
SAIL_F1,27-12-2023,09:23:00,117.25,117.45,117.25,117.3,2160000,115368000
SAIL_F1,27-12-2023,09:24:00,117.35,117.4,117.05,117.15,1144000,115368000
SAIL_F1,27-12-2023,09:25:00,117.05,117.1,116.9,116.95,1680000,115368000
SAIL_F1,27-12-2023,09:26:00,116.9,116.9,116.6,116.7,1688000,115752000
SAIL_F1,27-12-2023,09:27:00,116.65,116.65,116.25,116.35,2168000,115752000
SAIL_F1,27-12-2023,09:28:00,116.3,116.4,115.9,116.15,2496000,115752000
SAIL_F1,27-12-2023,09:29:00,116.15,116.3,116.0,116.25,1888000,116768000
SAIL_F1,27-12-2023,09:30:00,116.25,116.6,116.2,116.45,1184000,116768000
SAIL_F1,27-12-2023,09:31:00,116.4,116.45,116.0,116.15,720000,116768000
SAIL_F1,27-12-2023,09:32:00,116.2,116.2,116.0,116.05,280000,116776000
SAIL_F1,27-12-2023,09:33:00,116.05,116.1,115.8,115.9,680000,116776000
SAIL_F1,27-12-2023,09:34:00,115.9,116.0,115.8,116.0,312000,116776000
SAIL_F1,27-12-2023,09:35:00,115.9,115.95,115.85,115.85,208000,116776000
SAIL_F1,27-12-2023,09:36:00,116.0,116.6,116.0,116.6,928000,116616000
SAIL_F1,27-12-2023,09:37:00,117.05,117.05,116.75,116.85,784000,116616000
SAIL_F1,27-12-2023,09:38:00,116.7,116.95,116.65,116.95,248000,116616000
SAIL_F1,27-12-2023,09:39:00,116.9,117.4,116.85,117.4,1056000,116256000
SAIL_F1,27-12-2023,09:40:00,117.4,117.7,117.4,117.55,1120000,116256000
SAIL_F1,27-12-2023,09:41:00,117.55,117.65,117.45,117.5,688000,115488000
SAIL_F1,27-12-2023,09:42:00,117.45,117.65,117.4,117.55,1048000,115488000
SAIL_F1,27-12-2023,09:43:00,117.55,118.0,117.55,118.0,6472000,115488000
SAIL_F1,27-12-2023,09:44:00,117.95,117.95,117.7,117.8,1320000,116760000
SAIL_F1,27-12-2023,09:45:00,117.8,118.0,117.8,117.9,2800000,116760000
SAIL_F1,27-12-2023,09:46:00,117.95,117.95,117.85,117.85,5144000,116760000
SAIL_F1,27-12-2023,09:47:00,117.8,117.8,117.55,117.55,5480000,116760000
SAIL_F1,27-12-2023,09:48:00,117.5,117.5,117.45,117.5,3240000,119392000
SAIL_F1,27-12-2023,09:49:00,117.5,118.2,117.5,118.2,960000,119392000
SAIL_F1,27-12-2023,09:50:00,117.85,118.1,117.75,118.1,608000,118856000
SAIL_F1,27-12-2023,09:51:00,118.05,118.1,117.95,118.0,360000,118856000
SAIL_F1,27-12-2023,09:52:00,118.05,118.1,118.0,118.1,80000,118856000
SAIL_F1,27-12-2023,09:53:00,118.05,118.1,117.9,117.9,704000,118800000
SAIL_F1,27-12-2023,09:54:00,117.9,118.2,117.9,118.15,336000,118800000
SAIL_F1,27-12-2023,09:55:00,118.15,118.15,117.9,117.9,304000,118800000
SAIL_F1,27-12-2023,09:56:00,117.9,117.95,117.9,117.95,136000,118800000
SAIL_F1,27-12-2023,09:57:00,117.9,117.9,117.9,117.9,544000,118240000
SAIL_F1,27-12-2023,09:58:00,117.95,117.95,117.9,117.9,992000,118240000
SAIL_F1,27-12-2023,09:59:00,117.95,118.05,117.95,118.05,400000,118240000
SAIL_F1,27-12-2023,10:00:00,118.15,118.2,118.15,118.2,400000,118360000
SAIL_F1,27-12-2023,10:01:00,118.25,118.25,117.9,117.9,400000,118360000
SAIL_F1,27-12-2023,10:02:00,117.95,118.05,117.9,118.0,784000,118360000
SAIL_F1,27-12-2023,10:03:00,118.0,118.05,117.85,117.9,256000,118408000
SAIL_F1,27-12-2023,10:04:00,117.9,117.9,117.75,117.75,312000,118408000
SAIL_F1,27-12-2023,10:05:00,118.15,118.15,117.9,118.0,784000,118400000
SAIL_F1,27-12-2023,10:06:00,118.0,118.0,117.9,117.9,192000,118400000
SAIL_F1,27-12-2023,10:07:00,117.85,117.95,117.85,117.95,168000,118400000
SAIL_F1,27-12-2023,10:08:00,117.9,117.9,117.75,117.8,528000,118400000
SAIL_F1,27-12-2023,10:09:00,117.75,117.75,117.7,117.7,168000,118488000
SAIL_F1,27-12-2023,10:10:00,117.6,117.6,117.6,117.6,512000,118488000
SAIL_F1,27-12-2023,10:11:00,117.65,117.65,117.3,117.3,320000,118488000
SAIL_F1,27-12-2023,10:12:00,117.3,117.3,117.2,117.25,288000,118224000
SAIL_F1,27-12-2023,10:13:00,117.25,117.3,117.25,117.3,152000,118224000
SAIL_F1,27-12-2023,10:14:00,117.3,117.3,117.25,117.3,504000,118224000
SAIL_F1,27-12-2023,10:15:00,117.65,117.75,117.65,117.75,432000,118192000
SAIL_F1,27-12-2023,10:16:00,117.65,117.65,117.45,117.45,256000,118192000
SAIL_F1,27-12-2023,10:17:00,117.45,117.5,117.2,117.2,800000,118192000
SAIL_F1,27-12-2023,10:18:00,117.55,117.55,117.4,117.45,816000,118064000
SAIL_F1,27-12-2023,10:19:00,117.45,117.55,117.4,117.55,160000,118064000
SAIL_F1,27-12-2023,10:20:00,117.55,117.8,117.55,117.8,256000,118064000
SAIL_F1,27-12-2023,10:21:00,117.6,117.6,117.6,117.6,376000,118080000
SAIL_F1,27-12-2023,10:22:00,117.6,117.6,117.55,117.55,240000,118080000
SAIL_F1,27-12-2023,10:23:00,117.6,117.6,117.5,117.55,376000,118080000
SAIL_F1,27-12-2023,10:24:00,117.55,117.75,117.55,117.7,408000,118048000
SAIL_F1,27-12-2023,10:25:00,117.8,117.8,117.65,117.8,504000,118048000
SAIL_F1,27-12-2023,10:26:00,117.8,117.8,117.6,117.6,800000,118048000
SAIL_F1,27-12-2023,10:27:00,117.55,117.55,117.5,117.5,440000,118472000
SAIL_F1,27-12-2023,10:28:00,117.5,117.5,117.45,117.45,192000,118472000
SAIL_F1,27-12-2023,10:29:00,117.45,117.45,117.45,117.45,168000,118472000
SAIL_F1,27-12-2023,10:30:00,117.4,117.45,117.4,117.4,280000,118416000
SAIL_F1,27-12-2023,10:31:00,117.45,117.45,117.45,117.45,160000,118416000
SAIL_F1,27-12-2023,10:32:00,117.45,117.45,117.35,117.35,152000,118416000
SAIL_F1,27-12-2023,10:33:00,117.3,117.3,117.25,117.3,168000,118264000
SAIL_F1,27-12-2023,10:34:00,117.3,117.3,117.3,117.3,80000,118264000
SAIL_F1,27-12-2023,10:35:00,117.3,117.35,117.25,117.25,504000,118264000
SAIL_F1,27-12-2023,10:36:00,117.3,117.3,116.85,116.85,7896000,118168000
SAIL_F1,27-12-2023,10:37:00,116.85,117.0,116.8,116.9,5568000,118168000
SAIL_F1,27-12-2023,10:38:00,116.85,117.0,116.75,116.75,560000,118168000
SAIL_F1,27-12-2023,10:39:00,116.75,116.85,116.75,116.8,232000,119344000
SAIL_F1,27-12-2023,10:40:00,116.8,116.9,116.8,116.9,120000,119344000
SAIL_F1,27-12-2023,10:41:00,116.95,116.95,116.95,116.95,120000,119344000
SAIL_F1,27-12-2023,10:42:00,116.95,116.95,116.85,116.85,392000,119248000
SAIL_F1,27-12-2023,10:43:00,116.85,116.85,116.8,116.8,240000,119248000
SAIL_F1,27-12-2023,10:44:00,116.75,116.8,116.7,116.75,528000,119248000
SAIL_F1,27-12-2023,10:45:00,116.75,116.8,116.75,116.8,408000,119584000
SAIL_F1,27-12-2023,10:46:00,116.85,116.85,116.85,116.85,128000,119584000
SAIL_F1,27-12-2023,10:47:00,116.85,116.85,116.85,116.85,104000,119584000
SAIL_F1,27-12-2023,10:48:00,116.9,117.4,116.9,117.4,1104000,119544000
SAIL_F1,27-12-2023,10:49:00,117.4,117.4,117.2,117.2,152000,119544000
SAIL_F1,27-12-2023,10:50:00,117.2,117.35,117.2,117.35,104000,119544000
SAIL_F1,27-12-2023,10:51:00,117.35,117.35,117.2,117.2,112000,119280000
SAIL_F1,27-12-2023,10:52:00,117.2,117.4,117.2,117.4,152000,119280000
SAIL_F1,27-12-2023,10:53:00,117.4,117.45,117.4,117.4,384000,119280000
SAIL_F1,27-12-2023,10:54:00,117.4,117.4,117.25,117.3,1216000,119176000
SAIL_F1,27-12-2023,10:55:00,117.25,117.4,117.25,117.35,840000,119176000
SAIL_F1,27-12-2023,10:56:00,117.35,117.35,117.25,117.25,72000,119176000
SAIL_F1,27-12-2023,10:57:00,117.25,117.25,117.2,117.25,128000,119000000
SAIL_F1,27-12-2023,10:58:00,117.3,117.3,117.3,117.3,48000,119000000
SAIL_F1,27-12-2023,10:59:00,117.25,117.3,117.25,117.3,304000,119000000
SAIL_F1,27-12-2023,11:00:00,117.3,117.3,117.25,117.25,552000,118960000
SAIL_F1,27-12-2023,11:01:00,117.3,117.35,117.3,117.35,112000,118960000
SAIL_F1,27-12-2023,11:02:00,117.3,117.3,117.2,117.2,72000,118960000
SAIL_F1,27-12-2023,11:03:00,117.25,117.25,117.25,117.25,104000,118672000
SAIL_F1,27-12-2023,11:04:00,117.25,117.35,117.25,117.35,56000,118672000
SAIL_F1,27-12-2023,11:05:00,117.3,117.55,117.3,117.55,264000,118672000
SAIL_F1,27-12-2023,11:06:00,117.65,117.7,117.65,117.7,320000,118560000
SAIL_F1,27-12-2023,11:07:00,117.8,117.95,117.8,117.85,752000,118560000
SAIL_F1,27-12-2023,11:08:00,117.85,117.85,117.75,117.85,120000,118560000
SAIL_F1,27-12-2023,11:09:00,117.85,117.85,117.75,117.75,160000,118896000
SAIL_F1,27-12-2023,11:10:00,118.0,118.0,117.9,117.9,296000,118896000
SAIL_F1,27-12-2023,11:11:00,117.9,117.9,117.9,117.9,104000,118896000
SAIL_F1,27-12-2023,11:12:00,117.7,117.7,117.7,117.7,248000,118936000
SAIL_F1,27-12-2023,11:13:00,117.65,117.65,117.45,117.45,96000,118936000
SAIL_F1,27-12-2023,11:14:00,117.45,117.6,117.45,117.6,176000,118936000
SAIL_F1,27-12-2023,11:15:00,117.6,117.6,117.45,117.45,88000,118864000
SAIL_F1,27-12-2023,11:16:00,117.45,117.55,117.45,117.5,240000,118864000
SAIL_F1,27-12-2023,11:17:00,117.55,117.55,117.55,117.55,80000,118864000
SAIL_F1,27-12-2023,11:18:00,117.55,117.55,117.55,117.55,24000,118752000
SAIL_F1,27-12-2023,11:19:00,117.6,117.6,117.5,117.5,40000,118752000
SAIL_F1,27-12-2023,11:20:00,117.4,117.4,117.4,117.4,416000,118752000
SAIL_F1,27-12-2023,11:21:00,117.4,117.4,117.4,117.4,24000,118640000
SAIL_F1,27-12-2023,11:22:00,117.35,117.35,117.0,117.0,280000,118640000
SAIL_F1,27-12-2023,11:23:00,116.85,116.9,116.8,116.85,456000,118640000
SAIL_F1,27-12-2023,11:24:00,116.85,116.9,116.8,116.85,80000,118592000
SAIL_F1,27-12-2023,11:25:00,116.85,116.85,116.7,116.7,96000,118592000
SAIL_F1,27-12-2023,11:26:00,116.65,116.7,116.65,116.7,104000,118592000
SAIL_F1,27-12-2023,11:27:00,116.7,116.75,116.6,116.6,160000,113704000
SAIL_F1,27-12-2023,11:28:00,116.6,116.6,116.55,116.6,120000,113704000
SAIL_F1,27-12-2023,11:29:00,116.6,116.8,116.6,116.8,64000,113704000
SAIL_F1,27-12-2023,11:30:00,116.8,116.9,116.8,116.9,56000,113752000
SAIL_F1,27-12-2023,11:31:00,116.95,117.1,116.85,117.1,208000,113752000
SAIL_F1,27-12-2023,11:32:00,117.1,117.1,117.0,117.0,104000,113752000
SAIL_F1,27-12-2023,11:33:00,116.95,116.95,116.95,116.95,120000,113648000
SAIL_F1,27-12-2023,11:34:00,116.95,116.95,116.95,116.95,64000,113648000
SAIL_F1,27-12-2023,11:35:00,116.95,116.95,116.95,116.95,80000,113648000
SAIL_F1,27-12-2023,11:36:00,116.95,116.95,116.9,116.9,120000,113568000
SAIL_F1,27-12-2023,11:37:00,116.9,116.9,116.9,116.9,64000,113568000
SAIL_F1,27-12-2023,11:38:00,116.9,116.9,116.9,116.9,64000,113568000
SAIL_F1,27-12-2023,11:39:00,116.9,116.9,116.9,116.9,208000,113584000
SAIL_F1,27-12-2023,11:40:00,116.9,116.9,116.9,116.9,64000,113584000
SAIL_F1,27-12-2023,11:41:00,116.9,116.9,116.9,116.9,80000,113584000
SAIL_F1,27-12-2023,11:42:00,116.9,116.95,116.85,116.85,80000,104512000
SAIL_F1,27-12-2023,11:43:00,116.8,116.9,116.75,116.8,264000,104512000
SAIL_F1,27-12-2023,11:44:00,116.85,116.85,116.85,116.85,48000,104512000
SAIL_F1,27-12-2023,11:45:00,116.85,116.85,116.8,116.8,96000,104488000
SAIL_F1,27-12-2023,11:46:00,116.8,116.85,116.8,116.85,96000,104488000
SAIL_F1,27-12-2023,11:47:00,116.85,116.85,116.85,116.85,280000,104488000
SAIL_F1,27-12-2023,11:48:00,116.8,116.8,116.7,116.7,432000,104280000
SAIL_F1,27-12-2023,11:49:00,116.65,116.8,116.65,116.8,216000,104280000
SAIL_F1,27-12-2023,11:50:00,116.8,116.95,116.8,116.95,128000,104280000
SAIL_F1,27-12-2023,11:51:00,116.95,116.95,116.9,116.9,72000,104080000
SAIL_F1,27-12-2023,11:52:00,116.9,116.9,116.9,116.9,8000,104080000
SAIL_F1,27-12-2023,11:53:00,116.95,116.95,116.9,116.9,96000,104080000
SAIL_F1,27-12-2023,11:54:00,116.9,116.9,116.9,116.9,64000,104080000
SAIL_F1,27-12-2023,11:55:00,116.9,116.9,116.9,116.9,48000,104080000
SAIL_F1,27-12-2023,11:56:00,116.9,116.9,116.9,116.9,376000,104080000
SAIL_F1,27-12-2023,11:57:00,116.9,116.9,116.9,116.9,520000,104032000
SAIL_F1,27-12-2023,11:58:00,116.85,116.85,116.8,116.8,224000,104032000
SAIL_F1,27-12-2023,11:59:00,116.85,116.9,116.85,116.9,176000,104032000
SAIL_F1,27-12-2023,12:00:00,116.9,116.9,116.85,116.85,48000,104064000
SAIL_F1,27-12-2023,12:01:00,116.95,116.95,116.95,116.95,1200000,104064000
SAIL_F1,27-12-2023,12:02:00,116.85,116.85,116.85,116.85,24000,104064000
SAIL_F1,27-12-2023,12:03:00,116.95,116.95,116.85,116.85,1056000,103992000
SAIL_F1,27-12-2023,12:04:00,116.8,116.8,116.8,116.8,88000,103992000
SAIL_F1,27-12-2023,12:05:00,116.75,116.75,116.75,116.75,120000,103992000
SAIL_F1,27-12-2023,12:06:00,116.75,116.9,116.75,116.9,72000,103960000
SAIL_F1,27-12-2023,12:07:00,116.8,116.85,116.8,116.85,112000,103960000
SAIL_F1,27-12-2023,12:08:00,116.8,116.8,116.75,116.75,184000,103960000
SAIL_F1,27-12-2023,12:09:00,116.7,116.75,116.7,116.7,32000,103816000
SAIL_F1,27-12-2023,12:10:00,116.7,116.8,116.7,116.8,56000,103816000
SAIL_F1,27-12-2023,12:11:00,116.8,116.8,116.5,116.5,216000,103816000
SAIL_F1,27-12-2023,12:12:00,116.5,116.5,115.9,115.9,1024000,103792000
SAIL_F1,27-12-2023,12:13:00,115.9,116.05,115.85,116.05,984000,103792000
SAIL_F1,27-12-2023,12:14:00,116.1,116.25,116.05,116.05,200000,103792000
SAIL_F1,27-12-2023,12:15:00,116.05,116.1,115.9,115.9,160000,103952000
SAIL_F1,27-12-2023,12:16:00,115.9,115.95,115.8,115.8,216000,103952000
SAIL_F1,27-12-2023,12:17:00,115.8,115.9,115.8,115.9,88000,103952000
SAIL_F1,27-12-2023,12:18:00,115.85,115.85,115.75,115.75,272000,103928000
SAIL_F1,27-12-2023,12:19:00,115.8,115.8,115.4,115.55,312000,103928000
SAIL_F1,27-12-2023,12:20:00,115.55,115.85,115.5,115.75,176000,103928000
SAIL_F1,27-12-2023,12:21:00,115.75,115.9,115.75,115.9,168000,104024000
SAIL_F1,27-12-2023,12:22:00,115.8,116.0,115.8,116.0,152000,104024000
SAIL_F1,27-12-2023,12:23:00,116.0,116.0,115.7,115.7,1352000,104024000
SAIL_F1,27-12-2023,12:24:00,115.65,115.75,115.65,115.75,112000,103160000
SAIL_F1,27-12-2023,12:25:00,115.7,115.7,115.0,115.6,2176000,103160000
SAIL_F1,27-12-2023,12:26:00,115.6,115.6,115.25,115.3,600000,103160000
SAIL_F1,27-12-2023,12:27:00,115.3,115.45,115.3,115.4,200000,102536000
SAIL_F1,27-12-2023,12:28:00,115.45,115.5,115.45,115.5,96000,102536000
SAIL_F1,27-12-2023,12:29:00,115.45,115.45,115.45,115.45,96000,102536000
SAIL_F1,27-12-2023,12:30:00,115.4,115.4,115.2,115.2,296000,101928000
SAIL_F1,27-12-2023,12:31:00,115.2,115.25,115.05,115.05,200000,101928000
SAIL_F1,27-12-2023,12:32:00,114.9,115.05,114.85,115.0,792000,101928000
SAIL_F1,27-12-2023,12:33:00,115.1,115.1,115.05,115.1,160000,102120000
SAIL_F1,27-12-2023,12:34:00,115.15,115.2,115.1,115.1,120000,102120000
SAIL_F1,27-12-2023,12:35:00,115.25,115.45,115.25,115.35,216000,102120000
SAIL_F1,27-12-2023,12:36:00,115.35,115.4,115.35,115.4,24000,101952000
SAIL_F1,27-12-2023,12:37:00,115.35,115.4,115.35,115.4,296000,101952000
SAIL_F1,27-12-2023,12:38:00,115.5,115.75,115.5,115.75,200000,101952000
SAIL_F1,27-12-2023,12:39:00,115.75,115.8,115.65,115.7,80000,101776000
SAIL_F1,27-12-2023,12:40:00,115.65,115.65,115.65,115.65,936000,101776000
SAIL_F1,27-12-2023,12:41:00,115.65,115.8,115.65,115.8,112000,101776000
SAIL_F1,27-12-2023,12:42:00,115.85,116.05,115.85,116.0,456000,101688000
SAIL_F1,27-12-2023,12:43:00,115.95,115.95,115.75,115.8,80000,101688000
SAIL_F1,27-12-2023,12:44:00,115.9,115.9,115.7,115.7,336000,101688000
SAIL_F1,27-12-2023,12:45:00,115.75,115.75,115.55,115.65,368000,101696000
SAIL_F1,27-12-2023,12:46:00,115.55,115.6,115.55,115.6,136000,101696000
SAIL_F1,27-12-2023,12:47:00,115.6,115.75,115.6,115.75,40000,101696000
SAIL_F1,27-12-2023,12:48:00,115.75,115.75,115.7,115.75,272000,101784000
SAIL_F1,27-12-2023,12:49:00,115.75,115.85,115.75,115.85,144000,101784000
SAIL_F1,27-12-2023,12:50:00,115.8,115.9,115.8,115.9,160000,101784000
SAIL_F1,27-12-2023,12:51:00,115.85,115.85,115.8,115.8,32000,101512000
SAIL_F1,27-12-2023,12:52:00,115.8,115.9,115.8,115.9,136000,101512000
SAIL_F1,27-12-2023,12:53:00,116.0,116.35,116.0,116.25,280000,101512000
SAIL_F1,27-12-2023,12:54:00,116.2,116.2,116.2,116.2,24000,101496000
SAIL_F1,27-12-2023,12:55:00,116.2,116.2,116.1,116.1,40000,101496000
SAIL_F1,27-12-2023,12:56:00,116.15,116.15,116.1,116.1,64000,101496000
SAIL_F1,27-12-2023,12:57:00,116.1,116.15,116.1,116.15,216000,101488000
SAIL_F1,27-12-2023,12:58:00,116.15,116.15,116.15,116.15,112000,101488000
SAIL_F1,27-12-2023,12:59:00,116.2,116.2,115.95,115.95,248000,101488000
SAIL_F1,27-12-2023,13:00:00,116.0,116.0,116.0,116.0,112000,101448000
SAIL_F1,27-12-2023,13:01:00,115.85,115.85,115.75,115.75,112000,101448000
SAIL_F1,27-12-2023,13:02:00,115.7,115.8,115.7,115.8,136000,101448000
SAIL_F1,27-12-2023,13:03:00,115.7,115.7,115.7,115.7,56000,101448000
SAIL_F1,27-12-2023,13:05:00,115.6,115.6,115.55,115.55,40000,101416000
SAIL_F1,27-12-2023,13:06:00,115.6,115.7,115.6,115.7,72000,101400000
SAIL_F1,27-12-2023,13:07:00,115.6,115.6,115.6,115.6,96000,101400000
SAIL_F1,27-12-2023,13:08:00,115.6,115.6,115.6,115.6,72000,101400000
SAIL_F1,27-12-2023,13:09:00,115.6,115.6,115.3,115.3,184000,101312000
SAIL_F1,27-12-2023,13:10:00,115.35,115.4,115.35,115.4,96000,101312000
SAIL_F1,27-12-2023,13:12:00,115.7,115.7,115.55,115.55,880000,101352000
SAIL_F1,27-12-2023,13:13:00,115.55,115.6,115.45,115.45,576000,101352000
SAIL_F1,27-12-2023,13:14:00,115.45,115.55,115.45,115.55,120000,101352000
SAIL_F1,27-12-2023,13:15:00,115.6,115.6,115.5,115.5,80000,101352000
SAIL_F1,27-12-2023,13:16:00,115.55,115.6,115.55,115.6,48000,101296000
SAIL_F1,27-12-2023,13:17:00,115.6,115.7,115.6,115.7,72000,101296000
SAIL_F1,27-12-2023,13:18:00,115.65,115.65,115.6,115.6,32000,101280000
SAIL_F1,27-12-2023,13:19:00,115.5,115.55,115.5,115.55,88000,101280000
SAIL_F1,27-12-2023,13:20:00,115.5,115.55,115.5,115.55,592000,101280000
SAIL_F1,27-12-2023,13:21:00,115.6,115.6,115.6,115.6,56000,101280000
SAIL_F1,27-12-2023,13:22:00,115.6,115.6,115.5,115.6,696000,101192000
SAIL_F1,27-12-2023,13:23:00,115.55,115.55,115.55,115.55,64000,101192000
SAIL_F1,27-12-2023,13:24:00,115.65,115.65,115.65,115.65,256000,101304000
SAIL_F1,27-12-2023,13:25:00,115.65,115.7,115.65,115.7,40000,101304000
SAIL_F1,27-12-2023,13:26:00,115.65,115.85,115.65,115.85,200000,101304000
SAIL_F1,27-12-2023,13:27:00,115.95,115.95,115.9,115.9,56000,101312000
SAIL_F1,27-12-2023,13:28:00,115.8,115.8,115.6,115.6,104000,101312000
SAIL_F1,27-12-2023,13:29:00,115.6,115.6,115.4,115.45,384000,101312000
SAIL_F1,27-12-2023,13:30:00,115.4,115.4,115.4,115.4,8000,101368000
SAIL_F1,27-12-2023,13:31:00,115.4,115.4,115.4,115.4,24000,101368000
SAIL_F1,27-12-2023,13:32:00,115.4,115.45,115.4,115.45,16000,101368000
SAIL_F1,27-12-2023,13:33:00,115.4,115.4,115.4,115.4,24000,101368000
SAIL_F1,27-12-2023,13:34:00,115.3,115.3,115.3,115.3,8000,101200000
SAIL_F1,27-12-2023,13:35:00,115.45,115.6,115.45,115.6,152000,101200000
SAIL_F1,27-12-2023,13:36:00,115.6,115.6,115.5,115.5,48000,101200000
SAIL_F1,27-12-2023,13:37:00,115.45,115.45,115.4,115.4,664000,101200000
SAIL_F1,27-12-2023,13:38:00,115.4,115.4,115.35,115.4,368000,101200000
SAIL_F1,27-12-2023,13:39:00,115.35,115.35,115.35,115.35,248000,101144000
SAIL_F1,27-12-2023,13:40:00,115.4,115.5,115.4,115.5,48000,101144000
SAIL_F1,27-12-2023,13:41:00,115.4,115.4,115.2,115.35,632000,101144000
SAIL_F1,27-12-2023,13:42:00,115.4,115.5,115.4,115.5,136000,100984000
SAIL_F1,27-12-2023,13:43:00,115.5,115.65,115.5,115.65,72000,100984000
SAIL_F1,27-12-2023,13:44:00,115.6,115.7,115.6,115.7,80000,100984000
SAIL_F1,27-12-2023,13:45:00,115.65,115.65,115.6,115.6,32000,101064000
SAIL_F1,27-12-2023,13:46:00,115.65,115.65,115.5,115.6,80000,101064000
SAIL_F1,27-12-2023,13:47:00,115.6,115.6,115.5,115.6,88000,101064000
SAIL_F1,27-12-2023,13:48:00,115.6,115.75,115.6,115.75,72000,101008000
SAIL_F1,27-12-2023,13:49:00,115.75,115.9,115.75,115.9,128000,101008000
SAIL_F1,27-12-2023,13:50:00,115.9,115.9,115.8,115.9,200000,101008000
SAIL_F1,27-12-2023,13:51:00,115.85,115.9,115.75,115.75,112000,100928000
SAIL_F1,27-12-2023,13:52:00,115.75,115.75,115.75,115.75,232000,100928000
SAIL_F1,27-12-2023,13:53:00,115.65,115.75,115.65,115.75,704000,100928000
SAIL_F1,27-12-2023,13:54:00,115.75,115.75,115.75,115.75,96000,100896000
SAIL_F1,27-12-2023,13:55:00,115.7,115.7,115.7,115.7,48000,100896000
SAIL_F1,27-12-2023,13:56:00,115.7,115.7,115.7,115.7,56000,100896000
SAIL_F1,27-12-2023,13:57:00,115.7,115.7,115.7,115.7,8000,100896000
SAIL_F1,27-12-2023,13:58:00,115.8,115.85,115.8,115.8,80000,100920000
SAIL_F1,27-12-2023,13:59:00,115.85,115.85,115.85,115.85,144000,100920000
SAIL_F1,27-12-2023,14:00:00,115.85,115.85,115.85,115.85,96000,100920000
SAIL_F1,27-12-2023,14:01:00,115.85,115.9,115.85,115.9,432000,101008000
SAIL_F1,27-12-2023,14:02:00,115.95,115.95,115.95,115.95,32000,101008000
SAIL_F1,27-12-2023,14:03:00,115.9,115.9,115.9,115.9,24000,101008000
SAIL_F1,27-12-2023,14:04:00,115.85,116.0,115.85,116.0,120000,100984000
SAIL_F1,27-12-2023,14:05:00,115.9,115.9,115.9,115.9,56000,100984000
SAIL_F1,27-12-2023,14:06:00,115.85,115.85,115.75,115.75,32000,100904000
SAIL_F1,27-12-2023,14:07:00,115.75,115.8,115.7,115.8,112000,100904000
SAIL_F1,27-12-2023,14:08:00,115.8,115.8,115.75,115.75,88000,100904000
SAIL_F1,27-12-2023,14:09:00,115.7,115.75,115.7,115.75,664000,100928000
SAIL_F1,27-12-2023,14:10:00,115.7,115.8,115.7,115.8,40000,100928000
SAIL_F1,27-12-2023,14:11:00,115.8,115.9,115.8,115.9,560000,100928000
SAIL_F1,27-12-2023,14:12:00,115.9,115.9,115.85,115.85,144000,101024000
SAIL_F1,27-12-2023,14:13:00,115.85,115.9,115.85,115.85,40000,101024000
SAIL_F1,27-12-2023,14:14:00,115.95,115.95,115.9,115.9,24000,101024000
SAIL_F1,27-12-2023,14:15:00,115.95,115.95,115.9,115.9,96000,99080000
SAIL_F1,27-12-2023,14:16:00,115.9,115.9,115.85,115.85,32000,99080000
SAIL_F1,27-12-2023,14:17:00,115.85,115.85,115.8,115.8,40000,99080000
SAIL_F1,27-12-2023,14:18:00,115.9,115.9,115.9,115.9,64000,99080000
SAIL_F1,27-12-2023,14:19:00,115.9,115.9,115.8,115.8,232000,99104000
SAIL_F1,27-12-2023,14:20:00,115.7,115.75,115.7,115.75,40000,99104000
SAIL_F1,27-12-2023,14:21:00,115.7,115.8,115.7,115.8,64000,99096000
SAIL_F1,27-12-2023,14:22:00,115.7,115.7,115.55,115.65,48000,99096000
SAIL_F1,27-12-2023,14:23:00,115.65,115.65,115.65,115.65,8000,99096000
SAIL_F1,27-12-2023,14:24:00,115.65,115.65,115.65,115.65,8000,99096000
SAIL_F1,27-12-2023,14:25:00,115.75,115.75,115.7,115.7,104000,99088000
SAIL_F1,27-12-2023,14:26:00,115.7,115.7,115.7,115.7,16000,99088000
SAIL_F1,27-12-2023,14:27:00,115.7,115.8,115.7,115.7,56000,99088000
SAIL_F1,27-12-2023,14:28:00,115.8,115.8,115.8,115.8,40000,99152000
SAIL_F1,27-12-2023,14:29:00,115.8,115.85,115.8,115.8,208000,99152000
SAIL_F1,27-12-2023,14:30:00,115.8,115.8,115.8,115.8,24000,99152000
SAIL_F1,27-12-2023,14:31:00,115.75,115.8,115.7,115.7,160000,99144000
SAIL_F1,27-12-2023,14:32:00,115.75,115.75,115.7,115.7,24000,99144000
SAIL_F1,27-12-2023,14:33:00,115.6,115.6,115.6,115.6,8000,99176000
SAIL_F1,27-12-2023,14:34:00,115.6,115.7,115.6,115.65,624000,99176000
SAIL_F1,27-12-2023,14:35:00,115.65,115.8,115.65,115.8,280000,99176000
SAIL_F1,27-12-2023,14:36:00,115.75,115.8,115.7,115.8,176000,98728000
SAIL_F1,27-12-2023,14:37:00,115.8,115.8,115.7,115.8,72000,98728000
SAIL_F1,27-12-2023,14:38:00,115.75,115.8,115.75,115.8,32000,98728000
SAIL_F1,27-12-2023,14:39:00,115.9,115.9,115.9,115.9,64000,98728000
SAIL_F1,27-12-2023,14:40:00,115.95,116.0,115.95,116.0,120000,98784000
SAIL_F1,27-12-2023,14:41:00,115.9,115.9,115.9,115.9,40000,98784000
SAIL_F1,27-12-2023,14:42:00,115.95,116.05,115.85,116.05,120000,98712000
SAIL_F1,27-12-2023,14:43:00,116.05,116.05,116.05,116.05,48000,98712000
SAIL_F1,27-12-2023,14:44:00,116.0,116.05,116.0,116.05,200000,98712000
SAIL_F1,27-12-2023,14:45:00,116.05,116.05,116.05,116.05,8000,98712000
SAIL_F1,27-12-2023,14:47:00,116.05,116.1,116.0,116.1,112000,98680000
SAIL_F1,27-12-2023,14:48:00,115.95,116.0,115.95,116.0,256000,98680000
SAIL_F1,27-12-2023,14:49:00,116.05,116.05,116.0,116.0,128000,98648000
SAIL_F1,27-12-2023,14:50:00,116.0,116.0,116.0,116.0,752000,98648000
SAIL_F1,27-12-2023,14:51:00,116.0,116.0,116.0,116.0,112000,98640000
SAIL_F1,27-12-2023,14:52:00,116.0,116.0,115.9,115.9,96000,98640000
SAIL_F1,27-12-2023,14:53:00,115.9,115.9,115.85,115.85,72000,98640000
SAIL_F1,27-12-2023,14:54:00,115.8,115.8,115.8,115.8,40000,98640000
SAIL_F1,27-12-2023,14:55:00,115.75,115.75,115.75,115.75,488000,98600000
SAIL_F1,27-12-2023,14:56:00,115.75,115.9,115.75,115.85,280000,98600000
SAIL_F1,27-12-2023,14:57:00,115.75,115.9,115.75,115.9,144000,98304000
SAIL_F1,27-12-2023,14:58:00,115.85,115.85,115.85,115.85,96000,98304000
SAIL_F1,27-12-2023,14:59:00,115.8,115.8,115.8,115.8,40000,98304000
SAIL_F1,27-12-2023,15:00:00,115.8,115.8,115.8,115.8,48000,98280000
SAIL_F1,27-12-2023,15:02:00,115.85,115.85,115.85,115.85,64000,98280000
SAIL_F1,27-12-2023,15:03:00,115.9,115.9,115.85,115.85,240000,98280000
SAIL_F1,27-12-2023,15:04:00,115.95,115.95,115.9,115.9,64000,92064000
SAIL_F1,27-12-2023,15:05:00,115.95,115.95,115.95,115.95,88000,92064000
SAIL_F1,27-12-2023,15:06:00,116.0,116.0,116.0,116.0,88000,92064000
SAIL_F1,27-12-2023,15:07:00,116.0,116.0,116.0,116.0,808000,92064000
SAIL_F1,27-12-2023,15:08:00,116.0,116.05,115.9,115.9,232000,92064000
SAIL_F1,27-12-2023,15:09:00,115.9,115.9,115.9,115.9,96000,92200000
SAIL_F1,27-12-2023,15:10:00,115.95,115.95,115.9,115.9,192000,92200000
SAIL_F1,27-12-2023,15:11:00,115.95,115.95,115.85,115.85,184000,92200000
SAIL_F1,27-12-2023,15:12:00,115.9,115.9,115.9,115.9,184000,92264000
SAIL_F1,27-12-2023,15:13:00,115.85,115.85,115.8,115.8,248000,92264000
SAIL_F1,27-12-2023,15:14:00,115.75,115.75,115.7,115.75,360000,92264000
SAIL_F1,27-12-2023,15:15:00,115.75,115.75,115.5,115.55,328000,92352000
SAIL_F1,27-12-2023,15:16:00,115.55,115.6,115.5,115.5,304000,92352000
SAIL_F1,27-12-2023,15:17:00,115.5,115.55,115.5,115.5,64000,92352000
SAIL_F1,27-12-2023,15:18:00,115.55,115.55,115.45,115.45,376000,92296000
SAIL_F1,27-12-2023,15:19:00,115.5,115.5,115.4,115.45,336000,92296000
SAIL_F1,27-12-2023,15:20:00,115.4,115.45,115.3,115.35,416000,92296000
SAIL_F1,27-12-2023,15:21:00,115.3,115.3,115.0,115.0,776000,92136000
SAIL_F1,27-12-2023,15:22:00,115.15,115.25,115.05,115.25,368000,92136000
SAIL_F1,27-12-2023,15:23:00,115.25,115.25,115.15,115.25,208000,92136000
SAIL_F1,27-12-2023,15:24:00,115.25,115.35,115.2,115.3,264000,92104000
SAIL_F1,27-12-2023,15:25:00,115.2,115.4,115.2,115.4,528000,92104000
SAIL_F1,27-12-2023,15:26:00,115.4,115.5,115.35,115.45,616000,92104000
SAIL_F1,27-12-2023,15:27:00,115.45,115.5,115.35,115.45,744000,92304000
SAIL_F1,27-12-2023,15:28:00,115.45,115.75,115.45,115.65,288000,92304000
SAIL_F1,27-12-2023,15:29:00,115.6,115.6,115.55,115.55,392000,92304000
SAIL_F1,27-12-2023,15:30:00,115.65,115.65,115.65,115.65,168000,92304000
SAIL_F1,28-12-2023,09:15:00,116.4,117.2,116.2,117.15,600002,17512000
SAIL_F1,28-12-2023,09:16:00,117.1,117.15,116.6,116.85,208000,17512000
SAIL_F1,28-12-2023,09:17:00,116.85,117.25,116.75,117.05,184000,17512000
SAIL_F1,28-12-2023,09:18:00,117.0,117.15,117.0,117.05,160000,17536000
SAIL_F1,28-12-2023,09:19:00,117.3,117.45,117.3,117.45,136000,17536000
SAIL_F1,28-12-2023,09:20:00,117.45,117.45,117.4,117.4,208000,17536000
SAIL_F1,28-12-2023,09:21:00,117.3,117.3,117.3,117.3,344000,17464000
SAIL_F1,28-12-2023,09:22:00,117.6,117.95,117.6,117.95,400000,17464000
SAIL_F1,28-12-2023,09:23:00,118.0,118.0,117.8,117.8,288000,17464000
SAIL_F1,28-12-2023,09:24:00,117.85,118.1,117.8,118.1,352000,17552000
SAIL_F1,28-12-2023,09:25:00,118.2,118.25,118.2,118.25,432000,17552000
SAIL_F1,28-12-2023,09:26:00,118.85,118.95,118.85,118.95,928000,17552000
SAIL_F1,28-12-2023,09:27:00,118.7,118.8,118.7,118.8,128000,17584000
SAIL_F1,28-12-2023,09:28:00,118.85,118.85,118.75,118.75,288000,17584000
SAIL_F1,28-12-2023,09:29:00,118.7,118.7,118.6,118.6,136000,17584000
SAIL_F1,28-12-2023,09:30:00,118.95,118.95,118.2,118.2,336000,17656000
SAIL_F1,28-12-2023,09:31:00,118.3,118.65,118.25,118.65,680000,17656000
SAIL_F1,28-12-2023,09:32:00,118.6,118.7,118.4,118.5,200000,17656000
SAIL_F1,28-12-2023,09:33:00,118.5,118.65,118.5,118.65,80000,17864000
SAIL_F1,28-12-2023,09:34:00,118.4,118.4,118.3,118.3,96000,17864000
SAIL_F1,28-12-2023,09:35:00,118.15,118.15,118.0,118.0,104000,17864000
SAIL_F1,28-12-2023,09:36:00,118.05,118.05,118.0,118.0,312000,17928000
SAIL_F1,28-12-2023,09:37:00,117.65,118.0,117.65,118.0,104000,17928000
SAIL_F1,28-12-2023,09:38:00,117.85,117.85,117.7,117.7,80000,17928000
SAIL_F1,28-12-2023,09:39:00,117.7,117.9,117.7,117.9,256000,17896000
SAIL_F1,28-12-2023,09:40:00,117.75,117.75,117.75,117.75,88000,17896000
SAIL_F1,28-12-2023,09:41:00,117.6,117.75,117.6,117.75,112000,17896000
SAIL_F1,28-12-2023,09:42:00,117.75,117.75,117.75,117.75,16000,17888000
SAIL_F1,28-12-2023,09:43:00,117.85,117.9,117.85,117.9,144000,17888000
SAIL_F1,28-12-2023,09:44:00,118.1,118.1,118.05,118.05,200000,17888000
SAIL_F1,28-12-2023,09:45:00,118.1,118.1,118.05,118.05,192000,17904000
SAIL_F1,28-12-2023,09:46:00,118.1,118.2,118.1,118.2,88000,17904000
SAIL_F1,28-12-2023,09:47:00,118.25,118.3,118.25,118.3,80000,17904000
SAIL_F1,28-12-2023,09:48:00,118.3,118.3,118.3,118.3,64000,17800000
SAIL_F1,28-12-2023,09:49:00,118.1,118.45,118.1,118.45,304000,17800000
SAIL_F1,28-12-2023,09:50:00,118.45,118.45,118.4,118.4,224000,17800000
SAIL_F1,28-12-2023,09:51:00,118.35,118.6,118.35,118.6,672000,17784000
SAIL_F1,28-12-2023,09:52:00,118.6,118.9,118.6,118.8,280000,17784000
SAIL_F1,28-12-2023,09:53:00,118.85,119.0,118.85,118.9,560000,17784000
SAIL_F1,28-12-2023,09:54:00,118.9,118.9,118.85,118.85,136000,17800000
SAIL_F1,28-12-2023,09:55:00,119.0,119.0,119.0,119.0,128000,17800000
SAIL_F1,28-12-2023,09:56:00,118.8,118.8,118.75,118.75,104000,17800000
SAIL_F1,28-12-2023,09:57:00,118.9,119.2,118.9,119.2,312000,17824000
SAIL_F1,28-12-2023,09:58:00,119.1,119.15,119.1,119.1,248000,17824000
SAIL_F1,28-12-2023,09:59:00,119.1,119.35,119.1,119.35,672000,17824000
SAIL_F1,28-12-2023,10:00:00,119.6,119.6,119.5,119.5,584000,17920000
SAIL_F1,28-12-2023,10:01:00,119.35,119.35,119.05,119.05,128000,17920000
SAIL_F1,28-12-2023,10:02:00,118.95,119.15,118.95,119.15,104000,17920000
SAIL_F1,28-12-2023,10:03:00,119.15,119.15,118.7,118.7,72000,17792000
SAIL_F1,28-12-2023,10:04:00,118.6,118.6,118.6,118.6,56000,17792000
SAIL_F1,28-12-2023,10:05:00,118.6,118.6,118.3,118.3,128000,17792000
SAIL_F1,28-12-2023,10:06:00,118.35,118.35,118.2,118.2,232000,17712000
SAIL_F1,28-12-2023,10:07:00,118.15,118.3,118.15,118.3,16000,17712000
SAIL_F1,28-12-2023,10:08:00,118.1,118.2,118.1,118.2,104000,17712000
SAIL_F1,28-12-2023,10:09:00,118.35,118.35,118.35,118.35,40000,17728000
SAIL_F1,28-12-2023,10:10:00,118.35,118.5,118.35,118.5,16000,17728000
SAIL_F1,28-12-2023,10:11:00,118.35,118.45,118.35,118.45,112000,17728000
SAIL_F1,28-12-2023,10:12:00,118.45,118.45,118.4,118.4,24000,17768000
SAIL_F1,28-12-2023,10:13:00,118.55,118.7,118.55,118.7,72000,17768000
SAIL_F1,28-12-2023,10:14:00,118.85,118.9,118.8,118.85,256000,17768000
SAIL_F1,28-12-2023,10:15:00,118.9,118.9,118.9,118.9,32000,17648000
SAIL_F1,28-12-2023,10:16:00,119.3,119.3,119.3,119.3,64000,17648000
SAIL_F1,28-12-2023,10:17:00,119.4,119.7,119.4,119.4,1240000,17648000
SAIL_F1,28-12-2023,10:18:00,119.4,119.65,119.4,119.65,136000,18272000
SAIL_F1,28-12-2023,10:19:00,119.65,119.8,119.6,119.75,144000,18272000
SAIL_F1,28-12-2023,10:20:00,119.75,119.85,119.65,119.65,200000,18272000
SAIL_F1,28-12-2023,10:21:00,119.65,119.7,119.45,119.45,240000,18328000
SAIL_F1,28-12-2023,10:22:00,119.25,119.35,119.15,119.25,136000,18328000
SAIL_F1,28-12-2023,10:23:00,119.25,119.4,119.25,119.4,48000,18328000
SAIL_F1,28-12-2023,10:24:00,119.55,119.65,119.45,119.65,64000,18320000
SAIL_F1,28-12-2023,10:25:00,119.85,120.2,119.85,120.1,664000,18320000
SAIL_F1,28-12-2023,10:26:00,120.1,120.25,120.0,120.15,208000,18320000
SAIL_F1,28-12-2023,10:27:00,120.1,120.2,120.05,120.15,104000,18480000
SAIL_F1,28-12-2023,10:28:00,120.3,120.5,120.3,120.5,176000,18480000
SAIL_F1,28-12-2023,10:29:00,120.55,120.55,120.25,120.25,184000,18480000
SAIL_F1,28-12-2023,10:30:00,120.3,120.3,120.15,120.15,56000,18528000
SAIL_F1,28-12-2023,10:31:00,120.1,120.1,120.05,120.05,96000,18528000
SAIL_F1,28-12-2023,10:32:00,120.1,120.1,120.05,120.05,96000,18528000
SAIL_F1,28-12-2023,10:33:00,119.95,119.95,119.75,119.75,216000,18608000
SAIL_F1,28-12-2023,10:34:00,119.9,120.0,119.9,119.9,152000,18608000
SAIL_F1,28-12-2023,10:35:00,119.9,119.9,119.9,119.9,16000,18608000
SAIL_F1,28-12-2023,10:36:00,119.9,119.95,119.9,119.95,128000,18640000
SAIL_F1,28-12-2023,10:37:00,119.8,119.85,119.7,119.7,136000,18640000
SAIL_F1,28-12-2023,10:38:00,119.7,119.7,119.7,119.7,16000,18640000
SAIL_F1,28-12-2023,10:39:00,119.7,119.7,119.7,119.7,152000,18704000
SAIL_F1,28-12-2023,10:40:00,119.6,119.6,119.45,119.45,40000,18704000
SAIL_F1,28-12-2023,10:41:00,119.45,119.5,119.45,119.5,120000,18704000
SAIL_F1,28-12-2023,10:42:00,119.6,119.75,119.6,119.75,72000,18776000
SAIL_F1,28-12-2023,10:43:00,119.85,119.85,119.85,119.85,24000,18776000
SAIL_F1,28-12-2023,10:44:00,119.85,119.85,119.85,119.85,16000,18776000
SAIL_F1,28-12-2023,10:45:00,119.85,119.85,119.85,119.85,8000,18776000
SAIL_F1,28-12-2023,10:46:00,119.85,119.85,119.85,119.85,48000,18752000
SAIL_F1,28-12-2023,10:47:00,119.85,119.85,119.85,119.85,8000,18752000
SAIL_F1,28-12-2023,10:48:00,119.95,119.95,119.95,119.95,40000,18736000
SAIL_F1,28-12-2023,10:49:00,119.95,119.95,119.95,119.95,56000,18736000
SAIL_F1,28-12-2023,10:50:00,119.95,120.0,119.95,120.0,104000,18736000
SAIL_F1,28-12-2023,10:51:00,119.9,120.2,119.9,120.2,200000,18712000
SAIL_F1,28-12-2023,10:52:00,120.5,120.5,120.45,120.45,120000,18712000
SAIL_F1,28-12-2023,10:53:00,120.3,120.7,120.3,120.7,96000,18712000
SAIL_F1,28-12-2023,10:54:00,120.85,121.0,120.85,121.0,280000,18720000
SAIL_F1,28-12-2023,10:55:00,121.05,121.1,121.0,121.05,96000,18720000
SAIL_F1,28-12-2023,10:56:00,121.1,121.1,121.1,121.1,24000,18720000
SAIL_F1,28-12-2023,10:57:00,121.3,121.3,121.15,121.15,112000,18776000
SAIL_F1,28-12-2023,10:58:00,121.15,121.15,120.9,120.9,64000,18776000
SAIL_F1,28-12-2023,10:59:00,120.7,120.7,120.7,120.7,112000,18776000
SAIL_F1,28-12-2023,11:00:00,120.65,120.65,120.65,120.65,80000,18752000
SAIL_F1,28-12-2023,11:01:00,120.5,120.55,120.5,120.55,40000,18752000
SAIL_F1,28-12-2023,11:02:00,120.7,120.7,120.7,120.7,80000,18752000
SAIL_F1,28-12-2023,11:03:00,120.7,120.95,120.7,120.95,112000,18720000
SAIL_F1,28-12-2023,11:04:00,121.15,121.3,121.15,121.25,64000,18720000
SAIL_F1,28-12-2023,11:05:00,121.4,121.45,121.35,121.45,128000,18720000
SAIL_F1,28-12-2023,11:06:00,121.45,121.65,121.4,121.65,144000,18760000
SAIL_F1,28-12-2023,11:07:00,121.55,122.1,121.55,122.0,360000,18760000
SAIL_F1,28-12-2023,11:08:00,121.85,121.95,121.8,121.9,96000,18760000
SAIL_F1,28-12-2023,11:09:00,121.9,121.9,121.65,121.65,32000,18832000
SAIL_F1,28-12-2023,11:10:00,121.65,121.65,121.65,121.65,16000,18832000
SAIL_F1,28-12-2023,11:11:00,121.7,121.7,121.7,121.7,88000,18832000
SAIL_F1,28-12-2023,11:12:00,121.75,121.95,121.75,121.95,72000,18832000
SAIL_F1,28-12-2023,11:13:00,121.95,121.95,121.9,121.9,264000,18832000
SAIL_F1,28-12-2023,11:14:00,121.95,121.95,121.95,121.95,32000,18832000
SAIL_F1,28-12-2023,11:15:00,121.95,121.95,121.95,121.95,16000,18832000
SAIL_F1,28-12-2023,11:16:00,121.8,121.8,121.8,121.8,16000,18808000
SAIL_F1,28-12-2023,11:17:00,121.6,121.6,121.6,121.6,64000,18808000
SAIL_F1,28-12-2023,11:18:00,121.35,121.4,121.35,121.4,56000,18768000
SAIL_F1,28-12-2023,11:19:00,121.3,121.5,121.3,121.5,136000,18768000
SAIL_F1,28-12-2023,11:20:00,121.5,121.5,121.5,121.5,24000,18768000
SAIL_F1,28-12-2023,11:21:00,121.5,121.7,121.5,121.7,72000,18760000
SAIL_F1,28-12-2023,11:22:00,121.7,121.75,121.7,121.75,72000,18760000
SAIL_F1,28-12-2023,11:23:00,121.75,121.75,121.6,121.6,40000,18760000
SAIL_F1,28-12-2023,11:24:00,121.35,121.35,121.35,121.35,64000,18776000
SAIL_F1,28-12-2023,11:25:00,121.35,121.35,121.1,121.1,32000,18776000
SAIL_F1,28-12-2023,11:26:00,120.95,120.95,120.95,120.95,104000,18776000
SAIL_F1,28-12-2023,11:27:00,120.9,120.95,120.9,120.95,56000,18752000
SAIL_F1,28-12-2023,11:28:00,120.95,120.95,120.95,120.95,48000,18752000
SAIL_F1,28-12-2023,11:29:00,120.7,120.75,120.7,120.7,80000,18752000
SAIL_F1,28-12-2023,11:30:00,120.75,120.75,120.75,120.75,344000,18728000
SAIL_F1,28-12-2023,11:31:00,121.35,121.35,121.3,121.3,104000,18728000
SAIL_F1,28-12-2023,11:32:00,121.35,121.5,121.35,121.5,40000,18728000
SAIL_F1,28-12-2023,11:33:00,121.65,121.65,121.6,121.6,56000,18744000
SAIL_F1,28-12-2023,11:34:00,121.55,121.6,121.55,121.6,48000,18744000
SAIL_F1,28-12-2023,11:35:00,121.45,121.5,121.45,121.5,16000,18744000
SAIL_F1,28-12-2023,11:36:00,121.5,121.5,121.5,121.5,8000,18744000
SAIL_F1,28-12-2023,11:37:00,121.45,121.5,121.45,121.5,56000,18760000
SAIL_F1,28-12-2023,11:38:00,121.6,121.7,121.6,121.7,120000,18760000
SAIL_F1,28-12-2023,11:39:00,121.65,121.65,121.5,121.5,48000,18776000
SAIL_F1,28-12-2023,11:40:00,121.4,121.45,121.4,121.45,32000,18776000
SAIL_F1,28-12-2023,11:41:00,121.3,121.3,121.3,121.3,32000,18776000
SAIL_F1,28-12-2023,11:42:00,121.15,121.15,121.1,121.1,24000,18784000
SAIL_F1,28-12-2023,11:43:00,121.1,121.1,121.1,121.1,8000,18784000
SAIL_F1,28-12-2023,11:44:00,121.1,121.1,121.1,121.1,48000,18784000
SAIL_F1,28-12-2023,11:45:00,121.05,121.05,121.05,121.05,16000,18800000
SAIL_F1,28-12-2023,11:46:00,121.1,121.1,121.1,121.1,32000,18800000
SAIL_F1,28-12-2023,11:47:00,121.0,121.05,121.0,121.05,72000,18800000
SAIL_F1,28-12-2023,11:48:00,121.05,121.05,121.05,121.05,16000,18800000
SAIL_F1,28-12-2023,11:49:00,120.95,121.0,120.95,120.95,40000,18776000
SAIL_F1,28-12-2023,11:50:00,120.95,120.95,120.95,120.95,16000,18776000
SAIL_F1,28-12-2023,11:51:00,120.85,120.85,120.8,120.8,56000,16808000
SAIL_F1,28-12-2023,11:52:00,120.75,120.85,120.75,120.85,40000,16808000
SAIL_F1,28-12-2023,11:53:00,121.05,121.05,120.95,120.95,72000,16808000
SAIL_F1,28-12-2023,11:54:00,120.75,120.75,120.7,120.7,80000,16792000
SAIL_F1,28-12-2023,11:55:00,120.7,120.7,120.7,120.7,16000,16792000
SAIL_F1,28-12-2023,11:56:00,120.65,120.7,120.65,120.7,40000,16792000
SAIL_F1,28-12-2023,11:57:00,120.7,120.85,120.7,120.85,88000,16792000
SAIL_F1,28-12-2023,11:58:00,120.85,120.95,120.85,120.95,96000,16792000
SAIL_F1,28-12-2023,11:59:00,120.95,121.05,120.85,121.05,64000,16792000
SAIL_F1,28-12-2023,12:00:00,121.05,121.1,121.05,121.1,24000,16816000
SAIL_F1,28-12-2023,12:01:00,121.1,121.1,121.0,121.0,16000,16816000
SAIL_F1,28-12-2023,12:02:00,121.0,121.0,121.0,121.0,8000,16816000
SAIL_F1,28-12-2023,12:03:00,121.0,121.0,121.0,121.0,16000,16816000
SAIL_F1,28-12-2023,12:04:00,121.0,121.0,120.85,120.85,56000,16816000
SAIL_F1,28-12-2023,12:05:00,121.05,121.05,121.05,121.05,48000,16816000
SAIL_F1,28-12-2023,12:06:00,120.95,120.95,120.95,120.95,8000,16864000
SAIL_F1,28-12-2023,12:07:00,120.95,120.95,120.95,120.95,8000,16864000
SAIL_F1,28-12-2023,12:08:00,121.25,121.25,121.2,121.2,104000,16864000
SAIL_F1,28-12-2023,12:09:00,121.2,121.25,121.2,121.25,16000,16904000
SAIL_F1,28-12-2023,12:10:00,121.2,121.2,121.2,121.2,32000,16904000
SAIL_F1,28-12-2023,12:11:00,121.2,121.2,121.1,121.1,56000,16904000
SAIL_F1,28-12-2023,12:12:00,121.1,121.1,121.1,121.1,32000,16912000
SAIL_F1,28-12-2023,12:13:00,120.95,120.95,120.95,120.95,24000,16912000
SAIL_F1,28-12-2023,12:14:00,121.1,121.1,121.05,121.05,264000,16912000
SAIL_F1,28-12-2023,12:15:00,121.0,121.1,121.0,121.1,136000,16944000
SAIL_F1,28-12-2023,12:16:00,121.0,121.0,121.0,121.0,24000,16944000
SAIL_F1,28-12-2023,12:17:00,121.0,121.0,121.0,121.0,24000,16944000
SAIL_F1,28-12-2023,12:18:00,121.05,121.05,121.0,121.0,112000,16944000
SAIL_F1,28-12-2023,12:19:00,121.0,121.0,121.0,121.0,56000,16944000
SAIL_F1,28-12-2023,12:20:00,121.0,121.0,121.0,121.0,24000,16944000
SAIL_F1,28-12-2023,12:21:00,121.0,121.0,120.95,120.95,32000,16872000
SAIL_F1,28-12-2023,12:22:00,120.9,120.9,120.85,120.85,48000,16872000
SAIL_F1,28-12-2023,12:23:00,120.8,120.8,120.8,120.8,16000,16872000
SAIL_F1,28-12-2023,12:24:00,120.8,120.8,120.8,120.8,8000,16872000
SAIL_F1,28-12-2023,12:25:00,120.9,120.95,120.9,120.95,80000,16824000
SAIL_F1,28-12-2023,12:26:00,120.95,120.95,120.95,120.95,8000,16824000
SAIL_F1,28-12-2023,12:27:00,121.0,121.0,120.95,120.95,40000,16824000
SAIL_F1,28-12-2023,12:28:00,121.1,121.35,121.1,121.35,80000,16904000
SAIL_F1,28-12-2023,12:29:00,121.4,121.4,121.4,121.4,48000,16904000
SAIL_F1,28-12-2023,12:30:00,121.3,121.3,121.3,121.3,24000,16904000
SAIL_F1,28-12-2023,12:31:00,121.3,121.3,121.3,121.3,8000,16896000
SAIL_F1,28-12-2023,12:32:00,121.05,121.05,121.05,121.05,24000,16896000
SAIL_F1,28-12-2023,12:33:00,120.95,121.0,120.95,121.0,120000,16888000
SAIL_F1,28-12-2023,12:34:00,120.85,120.85,120.85,120.85,16000,16888000
SAIL_F1,28-12-2023,12:35:00,121.0,121.0,121.0,121.0,24000,16888000
SAIL_F1,28-12-2023,12:36:00,121.15,121.15,121.0,121.0,88000,16888000
SAIL_F1,28-12-2023,12:37:00,121.2,121.35,121.2,121.35,32000,16864000
SAIL_F1,28-12-2023,12:38:00,121.35,121.5,121.35,121.5,80000,16864000
SAIL_F1,28-12-2023,12:39:00,121.55,121.55,121.55,121.55,16000,16872000
SAIL_F1,28-12-2023,12:40:00,121.4,121.4,121.4,121.4,40000,16872000
SAIL_F1,28-12-2023,12:41:00,121.4,121.5,121.4,121.5,16000,16872000
SAIL_F1,28-12-2023,12:42:00,121.65,121.65,121.65,121.65,64000,16872000
SAIL_F1,28-12-2023,12:43:00,121.5,121.55,121.5,121.55,32000,16864000
SAIL_F1,28-12-2023,12:44:00,121.55,121.55,121.55,121.55,8000,16864000
SAIL_F1,28-12-2023,12:45:00,121.55,121.55,121.3,121.3,24000,16864000
SAIL_F1,28-12-2023,12:46:00,121.3,121.3,121.3,121.3,16000,16888000
SAIL_F1,28-12-2023,12:47:00,121.3,121.3,121.3,121.3,8000,16888000
SAIL_F1,28-12-2023,12:48:00,121.4,121.4,121.4,121.4,16000,16888000
SAIL_F1,28-12-2023,12:49:00,121.4,121.65,121.4,121.6,64000,16888000
SAIL_F1,28-12-2023,12:50:00,121.55,121.55,121.55,121.55,16000,16888000
SAIL_F1,28-12-2023,12:51:00,121.3,121.35,121.3,121.35,32000,16888000
SAIL_F1,28-12-2023,12:52:00,121.35,121.4,121.35,121.4,56000,16888000
SAIL_F1,28-12-2023,12:53:00,121.2,121.2,121.2,121.2,40000,16888000
SAIL_F1,28-12-2023,12:54:00,121.3,121.3,121.3,121.3,24000,16888000
SAIL_F1,28-12-2023,12:55:00,121.25,121.25,121.25,121.25,32000,16904000
SAIL_F1,28-12-2023,12:56:00,121.25,121.25,121.1,121.1,48000,16904000
SAIL_F1,28-12-2023,12:57:00,121.15,121.2,121.15,121.2,32000,16904000
SAIL_F1,28-12-2023,12:58:00,121.2,121.2,121.2,121.2,8000,16912000
SAIL_F1,28-12-2023,12:59:00,121.2,121.2,121.2,121.2,40000,16912000
SAIL_F1,28-12-2023,13:00:00,121.4,121.45,121.4,121.45,72000,16912000
SAIL_F1,28-12-2023,13:01:00,121.45,121.45,121.45,121.45,16000,16896000
SAIL_F1,28-12-2023,13:02:00,121.35,121.35,121.35,121.35,64000,16896000
SAIL_F1,28-12-2023,13:03:00,121.15,121.15,121.15,121.15,8000,16896000
SAIL_F1,28-12-2023,13:04:00,121.15,121.2,121.15,121.2,24000,16888000
SAIL_F1,28-12-2023,13:05:00,121.3,121.3,121.25,121.25,64000,16888000
SAIL_F1,28-12-2023,13:06:00,121.2,121.2,121.2,121.2,24000,16888000
SAIL_F1,28-12-2023,13:07:00,121.3,121.3,121.3,121.3,32000,16888000
SAIL_F1,28-12-2023,13:08:00,121.3,121.3,121.3,121.3,32000,16888000
SAIL_F1,28-12-2023,13:09:00,121.35,121.35,121.3,121.3,32000,16888000
SAIL_F1,28-12-2023,13:10:00,121.35,121.45,121.35,121.45,32000,16872000
SAIL_F1,28-12-2023,13:11:00,121.45,121.45,121.45,121.45,48000,16872000
SAIL_F1,28-12-2023,13:12:00,121.5,121.5,121.5,121.5,24000,16888000
SAIL_F1,28-12-2023,13:13:00,121.65,121.7,121.65,121.7,64000,16888000
SAIL_F1,28-12-2023,13:14:00,121.7,121.7,121.55,121.55,24000,16888000
SAIL_F1,28-12-2023,13:15:00,121.55,121.85,121.55,121.85,88000,16904000
SAIL_F1,28-12-2023,13:16:00,121.8,121.8,121.8,121.8,80000,16904000
SAIL_F1,28-12-2023,13:17:00,121.8,121.8,121.8,121.8,48000,16904000
SAIL_F1,28-12-2023,13:18:00,121.95,121.95,121.75,121.75,80000,16944000
SAIL_F1,28-12-2023,13:19:00,121.85,121.9,121.85,121.9,40000,16944000
SAIL_F1,28-12-2023,13:20:00,121.95,121.95,121.9,121.9,40000,16944000
SAIL_F1,28-12-2023,13:21:00,121.95,121.95,121.85,121.85,24000,16928000
SAIL_F1,28-12-2023,13:22:00,121.95,121.95,121.95,121.95,48000,16928000
SAIL_F1,28-12-2023,13:23:00,121.8,121.8,121.7,121.7,56000,16928000
SAIL_F1,28-12-2023,13:24:00,121.75,121.75,121.65,121.65,24000,16928000
SAIL_F1,28-12-2023,13:25:00,121.5,121.5,121.5,121.5,40000,16864000
SAIL_F1,28-12-2023,13:26:00,121.5,121.5,121.5,121.5,40000,16864000
SAIL_F1,28-12-2023,13:27:00,121.55,121.55,121.4,121.4,80000,16840000
SAIL_F1,28-12-2023,13:28:00,121.45,121.45,121.4,121.4,88000,16840000
SAIL_F1,28-12-2023,13:29:00,121.55,121.65,121.55,121.65,56000,16840000
SAIL_F1,28-12-2023,13:30:00,121.65,121.65,121.5,121.5,96000,16840000
SAIL_F1,28-12-2023,13:31:00,121.5,121.5,121.5,121.5,32000,16744000
SAIL_F1,28-12-2023,13:32:00,121.45,121.45,121.45,121.45,16000,16744000
SAIL_F1,28-12-2023,13:33:00,121.6,121.7,121.6,121.7,32000,16744000
SAIL_F1,28-12-2023,13:34:00,121.8,121.8,121.65,121.65,56000,16728000
SAIL_F1,28-12-2023,13:35:00,121.7,121.7,121.7,121.7,24000,16728000
SAIL_F1,28-12-2023,13:37:00,121.55,121.55,121.5,121.5,104000,16728000
SAIL_F1,28-12-2023,13:38:00,121.45,121.5,121.45,121.5,64000,16728000
SAIL_F1,28-12-2023,13:39:00,121.5,121.5,121.5,121.5,16000,16728000
SAIL_F1,28-12-2023,13:40:00,121.45,121.45,121.45,121.45,16000,16656000
SAIL_F1,28-12-2023,13:41:00,121.45,121.45,121.45,121.45,24000,16656000
SAIL_F1,28-12-2023,13:42:00,121.45,121.45,121.45,121.45,8000,16656000
SAIL_F1,28-12-2023,13:43:00,121.4,121.4,121.3,121.3,88000,16664000
SAIL_F1,28-12-2023,13:44:00,121.3,121.3,121.3,121.3,8000,16664000
SAIL_F1,28-12-2023,13:45:00,121.3,121.3,121.3,121.3,16000,16664000
SAIL_F1,28-12-2023,13:46:00,121.35,121.4,121.3,121.4,144000,16624000
SAIL_F1,28-12-2023,13:47:00,121.5,121.5,121.5,121.5,48000,16624000
SAIL_F1,28-12-2023,13:48:00,121.5,121.5,121.5,121.5,40000,16624000
SAIL_F1,28-12-2023,13:49:00,121.65,121.8,121.65,121.8,448000,16624000
SAIL_F1,28-12-2023,13:50:00,121.9,121.9,121.9,121.9,88000,16624000
SAIL_F1,28-12-2023,13:51:00,121.9,121.9,121.85,121.85,40000,16624000
SAIL_F1,28-12-2023,13:52:00,121.85,121.9,121.8,121.8,48000,16632000
SAIL_F1,28-12-2023,13:53:00,121.9,121.9,121.9,121.9,48000,16632000
SAIL_F1,28-12-2023,13:54:00,121.8,121.8,121.8,121.8,128000,16552000
SAIL_F1,28-12-2023,13:55:00,121.8,121.8,121.8,121.8,128000,16552000
SAIL_F1,28-12-2023,13:56:00,121.8,122.0,121.8,122.0,416000,16552000
SAIL_F1,28-12-2023,13:57:00,122.0,122.0,122.0,122.0,64000,16552000
SAIL_F1,28-12-2023,13:58:00,122.1,122.1,122.1,122.1,24000,16136000
SAIL_F1,28-12-2023,13:59:00,121.95,121.95,121.95,121.95,96000,16136000
SAIL_F1,28-12-2023,14:00:00,121.95,121.95,121.9,121.9,152000,16136000
SAIL_F1,28-12-2023,14:01:00,121.9,122.0,121.9,122.0,56000,16096000
SAIL_F1,28-12-2023,14:02:00,122.0,122.0,122.0,122.0,16000,16096000
SAIL_F1,28-12-2023,14:03:00,121.95,121.95,121.95,121.95,16000,16096000
SAIL_F1,28-12-2023,14:04:00,121.85,121.85,121.85,121.85,32000,16136000
SAIL_F1,28-12-2023,14:05:00,121.85,121.85,121.8,121.8,16000,16136000
SAIL_F1,28-12-2023,14:06:00,121.75,121.8,121.75,121.8,40000,16136000
SAIL_F1,28-12-2023,14:07:00,121.8,121.8,121.75,121.75,48000,16112000
SAIL_F1,28-12-2023,14:08:00,121.75,121.75,121.75,121.75,16000,16112000
SAIL_F1,28-12-2023,14:09:00,121.75,121.75,121.75,121.75,8000,16112000
SAIL_F1,28-12-2023,14:10:00,121.75,121.75,121.7,121.7,32000,16112000
SAIL_F1,28-12-2023,14:11:00,121.65,121.65,121.65,121.65,16000,16112000
SAIL_F1,28-12-2023,14:12:00,121.65,121.65,121.65,121.65,96000,16112000
SAIL_F1,28-12-2023,14:13:00,121.7,121.7,121.7,121.7,16000,16064000
SAIL_F1,28-12-2023,14:14:00,121.55,121.6,121.55,121.6,72000,16064000
SAIL_F1,28-12-2023,14:15:00,121.55,121.65,121.55,121.65,64000,16064000
SAIL_F1,28-12-2023,14:16:00,121.65,121.65,121.65,121.65,16000,16024000
SAIL_F1,28-12-2023,14:17:00,121.5,121.5,121.5,121.5,48000,16024000
SAIL_F1,28-12-2023,14:18:00,121.45,121.45,121.45,121.45,40000,16024000
SAIL_F1,28-12-2023,14:19:00,121.55,121.6,121.55,121.6,64000,16048000
SAIL_F1,28-12-2023,14:20:00,121.7,121.75,121.7,121.75,208000,16048000
SAIL_F1,28-12-2023,14:21:00,121.75,121.75,121.7,121.75,32000,16048000
SAIL_F1,28-12-2023,14:22:00,121.6,121.6,121.6,121.6,200000,16088000
SAIL_F1,28-12-2023,14:23:00,121.6,121.65,121.6,121.65,32000,16088000
SAIL_F1,28-12-2023,14:24:00,121.7,121.7,121.7,121.7,16000,16088000
SAIL_F1,28-12-2023,14:25:00,121.7,121.85,121.7,121.85,168000,15992000
SAIL_F1,28-12-2023,14:26:00,121.8,121.85,121.8,121.85,80000,15992000
SAIL_F1,28-12-2023,14:27:00,121.95,122.0,121.95,122.0,72000,15992000
SAIL_F1,28-12-2023,14:28:00,122.0,122.3,122.0,122.3,184000,15936000
SAIL_F1,28-12-2023,14:29:00,122.5,122.6,122.2,122.2,264000,15936000
SAIL_F1,28-12-2023,14:30:00,122.2,122.3,122.2,122.3,64000,15936000
SAIL_F1,28-12-2023,14:31:00,122.1,122.1,121.85,121.85,416000,15928000
SAIL_F1,28-12-2023,14:32:00,121.85,121.9,121.85,121.9,88000,15928000
SAIL_F1,28-12-2023,14:33:00,122.0,122.0,121.85,121.85,128000,15928000
SAIL_F1,28-12-2023,14:34:00,121.6,121.7,121.6,121.7,216000,15960000
SAIL_F1,28-12-2023,14:35:00,121.55,121.85,121.55,121.85,160000,15960000
SAIL_F1,28-12-2023,14:36:00,121.85,121.85,121.7,121.7,48000,15960000
SAIL_F1,28-12-2023,14:37:00,122.05,122.05,121.9,121.9,120000,16048000
SAIL_F1,28-12-2023,14:38:00,121.8,121.8,121.65,121.65,72000,16048000
SAIL_F1,28-12-2023,14:39:00,121.65,121.65,121.5,121.5,192000,16048000
SAIL_F1,28-12-2023,14:40:00,121.5,121.5,121.4,121.4,176000,15968000
SAIL_F1,28-12-2023,14:41:00,121.3,121.3,121.3,121.3,128000,15968000
SAIL_F1,28-12-2023,14:42:00,121.3,121.3,121.25,121.25,88000,15968000
SAIL_F1,28-12-2023,14:43:00,121.25,121.25,121.25,121.25,16000,15944000
SAIL_F1,28-12-2023,14:44:00,121.25,121.25,121.25,121.25,120000,15944000
SAIL_F1,28-12-2023,14:45:00,121.3,121.35,121.3,121.3,48000,15944000
SAIL_F1,28-12-2023,14:46:00,121.25,121.25,121.15,121.25,96000,15720000
SAIL_F1,28-12-2023,14:47:00,121.2,121.25,121.2,121.25,112000,15720000
SAIL_F1,28-12-2023,14:48:00,121.25,121.25,121.25,121.25,8000,15720000
SAIL_F1,28-12-2023,14:49:00,121.25,121.25,120.95,120.95,160000,15744000
SAIL_F1,28-12-2023,14:50:00,120.95,120.95,120.9,120.9,64000,15744000
SAIL_F1,28-12-2023,14:51:00,121.0,121.05,121.0,121.05,240000,15744000
SAIL_F1,28-12-2023,14:52:00,121.15,121.2,121.15,121.2,64000,15720000
SAIL_F1,28-12-2023,14:53:00,121.3,121.3,121.15,121.15,24000,15720000
SAIL_F1,28-12-2023,14:54:00,121.25,121.25,121.15,121.15,128000,15720000
SAIL_F1,28-12-2023,14:55:00,121.2,121.5,121.15,121.5,216000,15720000
SAIL_F1,28-12-2023,14:56:00,121.55,121.55,121.5,121.5,104000,15720000
SAIL_F1,28-12-2023,14:57:00,121.45,121.55,121.45,121.55,104000,15720000
SAIL_F1,28-12-2023,14:58:00,121.65,121.65,121.65,121.65,24000,15768000
SAIL_F1,28-12-2023,14:59:00,121.6,121.7,121.6,121.7,112000,15768000
SAIL_F1,28-12-2023,15:00:00,121.9,121.95,121.9,121.95,136000,15768000
SAIL_F1,28-12-2023,15:01:00,121.9,121.9,121.75,121.75,272000,15704000
SAIL_F1,28-12-2023,15:02:00,121.8,121.8,121.8,121.8,8000,15704000
SAIL_F1,28-12-2023,15:03:00,121.85,121.95,121.8,121.95,288000,15704000
SAIL_F1,28-12-2023,15:04:00,121.9,121.9,121.9,121.9,48000,15704000
SAIL_F1,28-12-2023,15:05:00,121.9,121.9,121.85,121.85,88000,15704000
SAIL_F1,28-12-2023,15:06:00,121.8,121.8,121.7,121.7,88000,15704000
SAIL_F1,28-12-2023,15:07:00,121.85,121.95,121.85,121.95,88000,15736000
SAIL_F1,28-12-2023,15:08:00,122.05,122.35,122.05,122.35,520000,15736000
SAIL_F1,28-12-2023,15:09:00,122.4,122.55,122.4,122.55,256000,15736000
SAIL_F1,28-12-2023,15:10:00,122.8,122.8,122.5,122.5,208000,15976000
SAIL_F1,28-12-2023,15:11:00,122.45,122.45,122.35,122.35,232000,15976000
SAIL_F1,28-12-2023,15:12:00,122.4,122.4,122.25,122.3,24000,15976000
SAIL_F1,28-12-2023,15:13:00,122.25,122.35,122.2,122.3,48000,15896000
SAIL_F1,28-12-2023,15:14:00,122.25,122.4,122.25,122.4,96000,15896000
SAIL_F1,28-12-2023,15:15:00,122.4,123.1,122.4,122.95,776000,15824000
SAIL_F1,28-12-2023,15:16:00,122.95,123.2,122.85,122.85,360000,15824000
SAIL_F1,28-12-2023,15:17:00,122.85,122.95,122.7,122.95,176000,15824000
SAIL_F1,28-12-2023,15:18:00,123.1,123.1,122.95,123.0,112000,15824000
SAIL_F1,28-12-2023,15:19:00,123.0,123.05,122.9,122.95,168000,15768000
SAIL_F1,28-12-2023,15:20:00,122.9,123.2,122.7,123.05,472000,15768000
SAIL_F1,28-12-2023,15:21:00,123.0,123.15,123.0,123.0,184000,15768000
SAIL_F1,28-12-2023,15:22:00,123.0,123.25,123.0,123.25,160000,15728000
SAIL_F1,28-12-2023,15:23:00,123.25,123.5,123.25,123.4,112000,15728000
SAIL_F1,28-12-2023,15:24:00,123.2,123.4,123.2,123.4,56000,15728000
SAIL_F1,28-12-2023,15:25:00,123.35,123.4,123.2,123.4,48000,15768000
SAIL_F1,28-12-2023,15:26:00,123.3,123.4,123.3,123.4,40000,15768000
SAIL_F1,28-12-2023,15:27:00,123.4,123.5,123.25,123.25,64000,15768000
SAIL_F1,28-12-2023,15:28:00,123.25,123.4,123.25,123.35,80000,15840000
SAIL_F1,28-12-2023,15:29:00,123.05,123.25,123.05,123.25,64000,15840000
SAIL_F1,28-12-2023,15:30:00,123.5,123.5,123.5,123.5,48000,15840000
SAIL_F1,29-12-2023,09:15:00,124.7,124.7,122.9,123.45,1224002,155576000
SAIL_F1,29-12-2023,09:16:00,123.45,123.7,123.25,123.6,752000,155576000
SAIL_F1,29-12-2023,09:17:00,123.6,123.9,123.3,123.3,856000,156016000
SAIL_F1,29-12-2023,09:18:00,123.3,123.45,122.5,123.0,1832000,156016000
SAIL_F1,29-12-2023,09:19:00,122.95,122.95,122.6,122.7,680000,156016000
SAIL_F1,29-12-2023,09:20:00,122.25,122.55,122.1,122.25,1400000,155376000
SAIL_F1,29-12-2023,09:21:00,122.25,122.7,122.1,122.7,680000,155376000
SAIL_F1,29-12-2023,09:22:00,122.8,122.8,122.2,122.65,528000,155376000
SAIL_F1,29-12-2023,09:23:00,122.6,122.95,122.55,122.95,552000,155280000
SAIL_F1,29-12-2023,09:24:00,122.95,123.1,122.7,123.0,400000,155280000
SAIL_F1,29-12-2023,09:25:00,122.85,122.95,122.6,122.6,552000,155280000
SAIL_F1,29-12-2023,09:26:00,122.6,123.35,122.6,123.35,640000,155280000
SAIL_F1,29-12-2023,09:27:00,123.25,123.5,123.25,123.45,240000,155280000
SAIL_F1,29-12-2023,09:28:00,123.5,123.5,123.25,123.35,264000,155280000
SAIL_F1,29-12-2023,09:29:00,123.4,123.7,123.4,123.6,328000,155336000
SAIL_F1,29-12-2023,09:30:00,123.65,123.65,122.75,122.9,1200000,155336000
SAIL_F1,29-12-2023,09:31:00,122.9,122.9,122.7,122.7,176000,155336000
SAIL_F1,29-12-2023,09:32:00,122.8,123.0,122.75,123.0,704000,155416000
SAIL_F1,29-12-2023,09:33:00,123.1,123.45,123.1,123.2,288000,155416000
SAIL_F1,29-12-2023,09:34:00,123.1,123.15,123.0,123.1,216000,155416000
SAIL_F1,29-12-2023,09:35:00,123.15,123.15,122.9,122.95,208000,155424000
SAIL_F1,29-12-2023,09:36:00,123.0,123.0,122.85,122.9,136000,155424000
SAIL_F1,29-12-2023,09:37:00,123.0,123.0,122.5,122.55,736000,155424000
SAIL_F1,29-12-2023,09:38:00,122.6,122.7,122.55,122.6,128000,155384000
SAIL_F1,29-12-2023,09:39:00,122.6,122.95,122.6,122.95,272000,155384000
SAIL_F1,29-12-2023,09:40:00,122.9,123.0,122.8,123.0,128000,155384000
SAIL_F1,29-12-2023,09:41:00,122.95,122.95,122.75,122.85,288000,155392000
SAIL_F1,29-12-2023,09:42:00,122.65,122.65,122.6,122.6,88000,155392000
SAIL_F1,29-12-2023,09:43:00,122.7,122.7,122.6,122.6,72000,155392000
SAIL_F1,29-12-2023,09:44:00,122.6,123.0,122.6,122.85,424000,155488000
SAIL_F1,29-12-2023,09:45:00,122.95,122.95,122.5,122.55,328000,155488000
SAIL_F1,29-12-2023,09:46:00,122.6,122.7,122.55,122.65,96000,155488000
SAIL_F1,29-12-2023,09:47:00,122.65,122.7,122.65,122.7,40000,155592000
SAIL_F1,29-12-2023,09:48:00,122.7,122.7,122.5,122.6,264000,155592000
SAIL_F1,29-12-2023,09:49:00,122.55,122.65,122.4,122.4,328000,155592000
SAIL_F1,29-12-2023,09:50:00,122.4,122.45,122.4,122.4,48000,155928000
SAIL_F1,29-12-2023,09:51:00,122.35,122.35,122.3,122.3,248000,155928000
SAIL_F1,29-12-2023,09:52:00,122.4,122.4,122.35,122.35,56000,155928000
SAIL_F1,29-12-2023,09:53:00,122.3,122.4,122.25,122.4,368000,156016000
SAIL_F1,29-12-2023,09:54:00,122.45,122.85,122.45,122.8,296000,156016000
SAIL_F1,29-12-2023,09:55:00,122.8,122.8,122.65,122.65,96000,156016000
SAIL_F1,29-12-2023,09:56:00,122.6,122.6,122.55,122.6,80000,156016000
SAIL_F1,29-12-2023,09:57:00,122.5,122.55,122.5,122.5,88000,156016000
SAIL_F1,29-12-2023,09:58:00,122.5,122.5,122.4,122.4,112000,156016000
SAIL_F1,29-12-2023,09:59:00,122.35,122.35,122.25,122.3,216000,156000000
SAIL_F1,29-12-2023,10:00:00,122.05,122.2,122.05,122.15,368000,156000000
SAIL_F1,29-12-2023,10:01:00,122.15,122.45,122.15,122.45,152000,156000000
SAIL_F1,29-12-2023,10:02:00,122.35,122.55,122.35,122.55,160000,156144000
SAIL_F1,29-12-2023,10:03:00,122.6,122.8,122.6,122.8,72000,156144000
SAIL_F1,29-12-2023,10:04:00,122.85,123.15,122.85,123.1,736000,156144000
SAIL_F1,29-12-2023,10:05:00,123.0,123.0,122.8,122.8,88000,156256000
SAIL_F1,29-12-2023,10:06:00,122.75,122.75,122.75,122.75,40000,156256000
SAIL_F1,29-12-2023,10:07:00,122.65,122.65,122.6,122.6,120000,156256000
SAIL_F1,29-12-2023,10:08:00,122.1,122.1,121.85,121.9,520000,156304000
SAIL_F1,29-12-2023,10:09:00,121.95,122.0,121.9,121.95,216000,156304000
SAIL_F1,29-12-2023,10:10:00,121.9,121.95,121.75,121.95,368000,156304000
SAIL_F1,29-12-2023,10:11:00,121.95,121.95,121.85,121.85,152000,156480000
SAIL_F1,29-12-2023,10:12:00,121.95,121.95,121.85,121.95,120000,156480000
SAIL_F1,29-12-2023,10:13:00,121.9,122.15,121.85,122.15,360000,156480000
SAIL_F1,29-12-2023,10:14:00,122.0,122.05,121.8,121.8,448000,156344000
SAIL_F1,29-12-2023,10:15:00,121.8,121.95,121.55,121.95,288000,156344000
SAIL_F1,29-12-2023,10:16:00,122.0,122.05,121.95,122.0,160000,156344000
SAIL_F1,29-12-2023,10:17:00,121.95,122.05,121.8,122.05,104000,156440000
SAIL_F1,29-12-2023,10:18:00,122.15,122.15,122.05,122.05,128000,156440000
SAIL_F1,29-12-2023,10:19:00,122.05,122.4,122.05,122.3,200000,156440000
SAIL_F1,29-12-2023,10:20:00,122.25,122.25,122.0,122.0,112000,156488000
SAIL_F1,29-12-2023,10:21:00,122.1,122.25,121.95,122.25,176000,156488000
SAIL_F1,29-12-2023,10:22:00,122.25,122.3,122.25,122.3,88000,156488000
SAIL_F1,29-12-2023,10:23:00,122.3,122.35,122.25,122.35,104000,156616000
SAIL_F1,29-12-2023,10:24:00,122.35,122.35,122.25,122.35,120000,156616000
SAIL_F1,29-12-2023,10:25:00,122.2,122.3,122.2,122.3,96000,156616000
SAIL_F1,29-12-2023,10:26:00,122.25,122.25,122.0,122.05,216000,156640000
SAIL_F1,29-12-2023,10:27:00,122.05,122.2,122.0,122.2,64000,156640000
SAIL_F1,29-12-2023,10:28:00,122.1,122.1,121.9,121.95,256000,156640000
SAIL_F1,29-12-2023,10:29:00,121.95,121.95,121.85,121.9,88000,156776000
SAIL_F1,29-12-2023,10:30:00,121.9,121.95,121.9,121.9,160000,156776000
SAIL_F1,29-12-2023,10:31:00,121.85,122.0,121.8,122.0,488000,156776000
SAIL_F1,29-12-2023,10:32:00,122.05,122.35,122.05,122.25,240000,156920000
SAIL_F1,29-12-2023,10:33:00,122.25,122.3,122.2,122.3,32000,156920000
SAIL_F1,29-12-2023,10:34:00,122.25,122.3,122.25,122.25,224000,156920000
SAIL_F1,29-12-2023,10:35:00,122.2,122.3,122.2,122.3,160000,157120000
SAIL_F1,29-12-2023,10:36:00,122.3,122.6,122.3,122.6,664000,157120000
SAIL_F1,29-12-2023,10:37:00,122.75,122.8,122.55,122.55,272000,157120000
SAIL_F1,29-12-2023,10:38:00,122.55,122.6,122.45,122.5,112000,157352000
SAIL_F1,29-12-2023,10:39:00,122.4,122.5,122.4,122.5,96000,157352000
SAIL_F1,29-12-2023,10:40:00,122.4,122.4,122.4,122.4,40000,157352000
SAIL_F1,29-12-2023,10:41:00,122.35,122.4,122.35,122.4,104000,157360000
SAIL_F1,29-12-2023,10:42:00,122.4,122.4,122.4,122.4,176000,157360000
SAIL_F1,29-12-2023,10:43:00,122.4,122.4,122.4,122.4,8000,157360000
SAIL_F1,29-12-2023,10:44:00,122.45,122.45,122.4,122.4,40000,157408000
SAIL_F1,29-12-2023,10:45:00,122.35,122.55,122.35,122.55,80000,157408000
SAIL_F1,29-12-2023,10:46:00,122.65,122.85,122.65,122.75,624000,157408000
SAIL_F1,29-12-2023,10:47:00,122.7,122.8,122.55,122.6,272000,157424000
SAIL_F1,29-12-2023,10:48:00,122.75,123.1,122.75,123.0,400000,157424000
SAIL_F1,29-12-2023,10:49:00,122.95,123.6,122.9,123.55,744000,157424000
SAIL_F1,29-12-2023,10:50:00,123.6,123.9,123.6,123.7,768000,157464000
SAIL_F1,29-12-2023,10:51:00,123.7,123.7,123.4,123.5,472000,157464000
SAIL_F1,29-12-2023,10:52:00,123.55,123.75,123.4,123.75,216000,157464000
SAIL_F1,29-12-2023,10:53:00,123.75,123.9,123.6,123.9,312000,157600000
SAIL_F1,29-12-2023,10:54:00,123.9,123.9,123.1,123.25,624000,157600000
SAIL_F1,29-12-2023,10:55:00,123.4,123.5,123.3,123.5,176000,157600000
SAIL_F1,29-12-2023,10:56:00,123.4,123.5,123.35,123.5,40000,157472000
SAIL_F1,29-12-2023,10:57:00,123.5,123.5,123.2,123.3,120000,157472000
SAIL_F1,29-12-2023,10:58:00,123.25,123.55,123.25,123.5,120000,157472000
SAIL_F1,29-12-2023,10:59:00,123.55,123.95,123.35,123.9,240000,157616000
SAIL_F1,29-12-2023,11:00:00,123.9,124.05,123.85,124.0,664000,157616000
SAIL_F1,29-12-2023,11:01:00,123.8,123.85,123.4,123.5,336000,157616000
SAIL_F1,29-12-2023,11:02:00,123.5,123.6,123.5,123.55,112000,157696000
SAIL_F1,29-12-2023,11:03:00,123.5,123.5,123.35,123.35,144000,157696000
SAIL_F1,29-12-2023,11:04:00,123.4,123.45,123.2,123.25,160000,157696000
SAIL_F1,29-12-2023,11:05:00,123.15,123.5,123.15,123.5,168000,157680000
SAIL_F1,29-12-2023,11:06:00,123.45,123.45,123.35,123.4,88000,157680000
SAIL_F1,29-12-2023,11:07:00,123.25,123.35,123.25,123.35,104000,157680000
SAIL_F1,29-12-2023,11:08:00,123.45,123.5,123.3,123.4,96000,157648000
SAIL_F1,29-12-2023,11:09:00,123.3,123.35,123.3,123.35,80000,157648000
SAIL_F1,29-12-2023,11:10:00,123.5,123.6,123.5,123.6,184000,157648000
SAIL_F1,29-12-2023,11:11:00,123.5,123.55,123.4,123.5,248000,157680000
SAIL_F1,29-12-2023,11:12:00,123.5,123.6,123.5,123.5,264000,157680000
SAIL_F1,29-12-2023,11:13:00,123.5,123.6,123.5,123.6,296000,157680000
SAIL_F1,29-12-2023,11:14:00,123.7,123.8,123.7,123.8,264000,157952000
SAIL_F1,29-12-2023,11:15:00,123.7,123.75,123.7,123.75,192000,157952000
SAIL_F1,29-12-2023,11:16:00,123.8,123.8,123.65,123.75,144000,157952000
SAIL_F1,29-12-2023,11:17:00,123.6,123.6,123.6,123.6,24000,158168000
SAIL_F1,29-12-2023,11:18:00,123.6,123.7,123.6,123.7,32000,158168000
SAIL_F1,29-12-2023,11:19:00,123.65,123.85,123.65,123.8,112000,158168000
SAIL_F1,29-12-2023,11:20:00,123.85,123.85,123.85,123.85,48000,158088000
SAIL_F1,29-12-2023,11:21:00,123.9,123.9,123.8,123.8,136000,158088000
SAIL_F1,29-12-2023,11:22:00,123.8,123.95,123.8,123.8,104000,158088000
SAIL_F1,29-12-2023,11:23:00,123.8,123.8,123.7,123.75,72000,158192000
SAIL_F1,29-12-2023,11:24:00,123.75,123.75,123.75,123.75,8000,158192000
SAIL_F1,29-12-2023,11:25:00,123.7,123.85,123.65,123.85,176000,158192000
SAIL_F1,29-12-2023,11:26:00,123.85,123.85,123.85,123.85,8000,158216000
SAIL_F1,29-12-2023,11:27:00,123.8,123.85,123.8,123.85,96000,158216000
SAIL_F1,29-12-2023,11:28:00,123.9,123.95,123.85,123.85,128000,158216000
SAIL_F1,29-12-2023,11:29:00,123.85,123.85,123.85,123.85,192000,158176000
SAIL_F1,29-12-2023,11:30:00,123.75,123.85,123.7,123.7,136000,158176000
SAIL_F1,29-12-2023,11:31:00,123.65,123.75,123.6,123.75,128000,158176000
SAIL_F1,29-12-2023,11:33:00,123.6,123.6,123.6,123.6,16000,158176000
SAIL_F1,29-12-2023,11:34:00,123.65,123.65,123.55,123.55,184000,158176000
SAIL_F1,29-12-2023,11:35:00,123.6,123.6,123.6,123.6,24000,158152000
SAIL_F1,29-12-2023,11:36:00,123.6,123.6,123.6,123.6,8000,158152000
SAIL_F1,29-12-2023,11:37:00,123.6,123.65,123.6,123.6,64000,158152000
SAIL_F1,29-12-2023,11:38:00,123.6,123.6,123.45,123.45,736000,158384000
SAIL_F1,29-12-2023,11:39:00,123.35,123.35,123.2,123.2,488000,158384000
SAIL_F1,29-12-2023,11:40:00,123.2,123.2,123.1,123.2,248000,158384000
SAIL_F1,29-12-2023,11:41:00,123.05,123.2,123.05,123.2,136000,158520000
SAIL_F1,29-12-2023,11:42:00,123.2,123.2,123.2,123.2,64000,158520000
SAIL_F1,29-12-2023,11:43:00,123.1,123.2,123.1,123.2,40000,158520000
SAIL_F1,29-12-2023,11:44:00,123.2,123.2,123.1,123.1,48000,158584000
SAIL_F1,29-12-2023,11:45:00,123.05,123.2,123.05,123.2,136000,158584000
SAIL_F1,29-12-2023,11:46:00,123.2,123.2,123.1,123.1,72000,158584000
SAIL_F1,29-12-2023,11:47:00,123.3,123.4,123.3,123.4,136000,158584000
SAIL_F1,29-12-2023,11:48:00,123.4,123.4,123.3,123.3,56000,158584000
SAIL_F1,29-12-2023,11:49:00,123.2,123.2,123.2,123.2,16000,158584000
SAIL_F1,29-12-2023,11:50:00,123.2,123.2,123.2,123.2,40000,158616000
SAIL_F1,29-12-2023,11:51:00,123.2,123.2,123.2,123.2,8000,158616000
SAIL_F1,29-12-2023,11:52:00,123.15,123.15,123.1,123.1,16000,158616000
SAIL_F1,29-12-2023,11:53:00,123.2,123.2,123.0,123.0,40000,158616000
SAIL_F1,29-12-2023,11:54:00,123.0,123.05,123.0,123.05,136000,158616000
SAIL_F1,29-12-2023,11:55:00,123.1,123.1,123.0,123.0,48000,158616000
SAIL_F1,29-12-2023,11:56:00,122.95,122.95,122.95,122.95,56000,158616000
SAIL_F1,29-12-2023,11:57:00,123.0,123.0,123.0,123.0,8000,158472000
SAIL_F1,29-12-2023,11:58:00,123.0,123.05,123.0,123.05,16000,158472000
SAIL_F1,29-12-2023,12:00:00,123.0,123.0,123.0,123.0,8000,158480000
SAIL_F1,29-12-2023,12:01:00,123.0,123.0,122.85,122.85,40000,158480000
SAIL_F1,29-12-2023,12:02:00,123.0,123.0,123.0,123.0,16000,158464000
SAIL_F1,29-12-2023,12:03:00,123.0,123.05,122.85,123.05,48000,158464000
SAIL_F1,29-12-2023,12:04:00,123.25,123.5,123.25,123.45,328000,158464000
SAIL_F1,29-12-2023,12:05:00,123.45,123.8,123.45,123.75,240000,158544000
SAIL_F1,29-12-2023,12:06:00,123.75,123.9,123.75,123.75,176000,158544000
SAIL_F1,29-12-2023,12:07:00,123.85,123.85,123.7,123.7,40000,158544000
SAIL_F1,29-12-2023,12:08:00,123.65,123.75,123.65,123.65,40000,158304000
SAIL_F1,29-12-2023,12:09:00,123.65,123.65,123.65,123.65,8000,158304000
SAIL_F1,29-12-2023,12:10:00,123.65,123.8,123.65,123.8,32000,158304000
SAIL_F1,29-12-2023,12:11:00,123.8,123.8,123.7,123.7,272000,158336000
SAIL_F1,29-12-2023,12:12:00,123.6,123.75,123.6,123.7,96000,158336000
SAIL_F1,29-12-2023,12:13:00,123.65,123.65,123.65,123.65,8000,158336000
SAIL_F1,29-12-2023,12:14:00,123.65,123.7,123.65,123.7,16000,158568000
SAIL_F1,29-12-2023,12:15:00,123.7,123.7,123.7,123.7,72000,158568000
SAIL_F1,29-12-2023,12:16:00,123.7,123.85,123.7,123.85,120000,158568000
SAIL_F1,29-12-2023,12:17:00,123.9,123.9,123.8,123.9,144000,158592000
SAIL_F1,29-12-2023,12:18:00,123.8,123.9,123.75,123.9,280000,158592000
SAIL_F1,29-12-2023,12:19:00,123.75,123.75,123.75,123.75,16000,158592000
SAIL_F1,29-12-2023,12:20:00,123.75,123.75,123.75,123.75,8000,158592000
SAIL_F1,29-12-2023,12:21:00,123.65,123.65,123.65,123.65,72000,158832000
SAIL_F1,29-12-2023,12:22:00,123.75,123.75,123.75,123.75,32000,158832000
SAIL_F1,29-12-2023,12:23:00,123.75,123.75,123.75,123.75,8000,158832000
SAIL_F1,29-12-2023,12:24:00,123.75,123.8,123.75,123.8,16000,158808000
SAIL_F1,29-12-2023,12:25:00,123.65,123.7,123.65,123.65,56000,158808000
SAIL_F1,29-12-2023,12:26:00,123.7,123.7,123.6,123.6,24000,158720000
SAIL_F1,29-12-2023,12:27:00,123.7,123.7,123.6,123.6,16000,158720000
SAIL_F1,29-12-2023,12:28:00,123.6,123.85,123.6,123.85,120000,158720000
SAIL_F1,29-12-2023,12:29:00,123.85,123.85,123.85,123.85,32000,158720000
SAIL_F1,29-12-2023,12:31:00,123.7,123.75,123.65,123.75,264000,158696000
SAIL_F1,29-12-2023,12:32:00,123.7,123.7,123.7,123.7,80000,158840000
SAIL_F1,29-12-2023,12:33:00,123.75,123.75,123.75,123.75,48000,158840000
SAIL_F1,29-12-2023,12:35:00,123.75,123.9,123.7,123.9,336000,158944000
SAIL_F1,29-12-2023,12:36:00,123.8,124.2,123.7,124.15,728000,158944000
SAIL_F1,29-12-2023,12:37:00,124.15,124.25,124.15,124.25,344000,158944000
SAIL_F1,29-12-2023,12:38:00,124.2,124.2,124.1,124.15,104000,158832000
SAIL_F1,29-12-2023,12:39:00,124.1,124.1,123.9,123.95,80000,158832000
SAIL_F1,29-12-2023,12:40:00,123.9,123.95,123.6,123.6,256000,158832000
SAIL_F1,29-12-2023,12:41:00,123.6,123.6,123.35,123.35,256000,158848000
SAIL_F1,29-12-2023,12:42:00,123.25,123.3,123.25,123.25,232000,158848000
SAIL_F1,29-12-2023,12:43:00,123.35,123.4,123.3,123.4,72000,158848000
SAIL_F1,29-12-2023,12:44:00,123.25,123.3,123.25,123.3,352000,158848000
SAIL_F1,29-12-2023,12:45:00,123.4,123.4,123.35,123.35,56000,158904000
SAIL_F1,29-12-2023,12:46:00,123.4,123.55,123.4,123.4,168000,158904000
SAIL_F1,29-12-2023,12:47:00,123.55,123.55,123.45,123.45,24000,158904000
SAIL_F1,29-12-2023,12:49:00,123.45,123.45,123.45,123.45,16000,158856000
SAIL_F1,29-12-2023,12:50:00,123.55,123.55,123.55,123.55,8000,158856000
SAIL_F1,29-12-2023,12:51:00,123.55,123.55,123.5,123.5,112000,158832000
SAIL_F1,29-12-2023,12:52:00,123.45,123.45,123.45,123.45,16000,158832000
SAIL_F1,29-12-2023,12:53:00,123.4,123.4,123.35,123.35,64000,158832000
SAIL_F1,29-12-2023,12:54:00,123.45,123.5,123.45,123.5,48000,158872000
SAIL_F1,29-12-2023,12:55:00,123.5,123.9,123.5,123.8,312000,158872000
SAIL_F1,29-12-2023,12:56:00,123.75,123.75,123.6,123.6,136000,158680000
SAIL_F1,29-12-2023,12:57:00,123.7,123.9,123.7,123.85,56000,158680000
SAIL_F1,29-12-2023,12:58:00,123.85,123.9,123.85,123.85,64000,158680000
SAIL_F1,29-12-2023,12:59:00,123.8,123.95,123.8,123.95,112000,158800000
SAIL_F1,29-12-2023,13:00:00,123.95,124.2,123.95,124.1,248000,158800000
SAIL_F1,29-12-2023,13:01:00,124.1,124.2,124.0,124.0,256000,158800000
SAIL_F1,29-12-2023,13:02:00,123.95,123.95,123.75,123.75,88000,159008000
SAIL_F1,29-12-2023,13:03:00,123.7,123.85,123.6,123.85,56000,159008000
SAIL_F1,29-12-2023,13:04:00,123.85,124.0,123.85,123.95,88000,159008000
SAIL_F1,29-12-2023,13:05:00,124.0,124.1,124.0,124.1,216000,159040000
SAIL_F1,29-12-2023,13:06:00,124.2,124.7,124.15,124.65,928000,159040000
SAIL_F1,29-12-2023,13:07:00,124.7,125.15,124.4,125.1,1768000,159040000
SAIL_F1,29-12-2023,13:08:00,125.1,125.6,125.1,125.6,2000000,160184000
SAIL_F1,29-12-2023,13:09:00,125.65,125.85,125.5,125.8,1240000,160184000
SAIL_F1,29-12-2023,13:10:00,125.8,125.95,125.55,125.75,1088000,160184000
SAIL_F1,29-12-2023,13:11:00,125.7,125.8,125.4,125.55,1056000,160968000
SAIL_F1,29-12-2023,13:12:00,125.55,125.8,125.55,125.55,608000,160968000
SAIL_F1,29-12-2023,13:13:00,125.6,126.25,125.5,126.1,1208000,160968000
SAIL_F1,29-12-2023,13:14:00,126.1,126.3,125.85,126.15,1448000,161296000
SAIL_F1,29-12-2023,13:15:00,126.1,126.3,125.9,126.05,1464000,161296000
SAIL_F1,29-12-2023,13:16:00,126.0,126.45,125.9,126.15,816000,161296000
SAIL_F1,29-12-2023,13:17:00,126.1,126.15,125.95,126.1,624000,162136000
SAIL_F1,29-12-2023,13:18:00,126.05,127.0,126.05,126.25,2408000,162136000
SAIL_F1,29-12-2023,13:19:00,126.2,126.35,125.85,126.1,896000,162136000
SAIL_F1,29-12-2023,13:20:00,126.2,126.2,125.75,125.8,688000,162960000
SAIL_F1,29-12-2023,13:21:00,125.85,126.1,125.65,126.0,744000,162960000
SAIL_F1,29-12-2023,13:22:00,126.1,126.1,125.7,125.75,432000,162960000
SAIL_F1,29-12-2023,13:23:00,125.65,126.0,125.65,126.0,216000,163056000
SAIL_F1,29-12-2023,13:24:00,126.05,126.6,126.0,126.5,960000,163056000
SAIL_F1,29-12-2023,13:25:00,126.4,126.85,126.35,126.55,1360000,163056000
SAIL_F1,29-12-2023,13:26:00,126.6,126.7,126.5,126.6,944000,163816000
SAIL_F1,29-12-2023,13:27:00,126.6,126.85,126.6,126.7,800000,163816000
SAIL_F1,29-12-2023,13:28:00,126.6,126.7,126.35,126.7,616000,163816000
SAIL_F1,29-12-2023,13:29:00,126.6,126.6,126.15,126.15,320000,164240000
SAIL_F1,29-12-2023,13:30:00,126.1,126.2,126.0,126.15,296000,164240000
SAIL_F1,29-12-2023,13:31:00,126.1,126.4,126.05,126.4,224000,164240000
SAIL_F1,29-12-2023,13:32:00,126.45,126.95,126.35,126.9,520000,164200000
SAIL_F1,29-12-2023,13:33:00,126.8,126.8,126.5,126.6,240000,164200000
SAIL_F1,29-12-2023,13:34:00,126.55,126.7,126.4,126.7,296000,164200000
SAIL_F1,29-12-2023,13:35:00,126.7,126.85,126.6,126.6,320000,164160000
SAIL_F1,29-12-2023,13:36:00,126.3,126.45,126.1,126.25,560000,164160000
SAIL_F1,29-12-2023,13:37:00,126.2,126.2,126.0,126.0,496000,164160000
SAIL_F1,29-12-2023,13:38:00,126.05,126.05,125.65,125.65,552000,164072000
SAIL_F1,29-12-2023,13:39:00,125.55,125.7,125.5,125.5,432000,164072000
SAIL_F1,29-12-2023,13:40:00,125.55,125.65,125.4,125.6,448000,164072000
SAIL_F1,29-12-2023,13:41:00,125.55,125.7,125.45,125.6,144000,164048000
SAIL_F1,29-12-2023,13:42:00,125.65,125.65,125.5,125.65,112000,164048000
SAIL_F1,29-12-2023,13:43:00,125.55,125.7,125.5,125.65,192000,164048000
SAIL_F1,29-12-2023,13:44:00,125.65,125.65,125.55,125.55,80000,164104000
SAIL_F1,29-12-2023,13:45:00,125.5,125.6,125.5,125.5,104000,164104000
SAIL_F1,29-12-2023,13:46:00,125.4,125.45,125.25,125.4,304000,164104000
SAIL_F1,29-12-2023,13:47:00,125.35,125.35,125.2,125.35,128000,164136000
SAIL_F1,29-12-2023,13:48:00,125.3,125.3,125.15,125.2,152000,164136000
SAIL_F1,29-12-2023,13:49:00,125.25,125.45,125.1,125.35,288000,164136000
SAIL_F1,29-12-2023,13:50:00,125.4,125.4,125.25,125.25,112000,164096000
SAIL_F1,29-12-2023,13:51:00,125.25,125.3,125.15,125.15,104000,164096000
SAIL_F1,29-12-2023,13:52:00,125.25,125.45,125.25,125.35,104000,164096000
SAIL_F1,29-12-2023,13:53:00,125.4,125.4,125.2,125.2,112000,164096000
SAIL_F1,29-12-2023,13:54:00,125.2,125.25,125.15,125.2,128000,164112000
SAIL_F1,29-12-2023,13:55:00,125.2,125.2,125.1,125.15,80000,164112000
SAIL_F1,29-12-2023,13:56:00,125.2,125.2,125.15,125.15,120000,164056000
SAIL_F1,29-12-2023,13:57:00,125.1,125.2,124.9,125.1,304000,164056000
SAIL_F1,29-12-2023,13:58:00,125.0,125.0,124.9,124.9,80000,164056000
SAIL_F1,29-12-2023,13:59:00,124.95,125.1,124.95,125.05,120000,163944000
SAIL_F1,29-12-2023,14:00:00,125.15,125.35,125.15,125.25,160000,163944000
SAIL_F1,29-12-2023,14:01:00,125.3,125.35,125.25,125.25,112000,163944000
SAIL_F1,29-12-2023,14:02:00,125.3,125.3,125.3,125.3,24000,163944000
SAIL_F1,29-12-2023,14:03:00,125.4,125.7,125.4,125.65,192000,164000000
SAIL_F1,29-12-2023,14:04:00,125.6,125.6,125.25,125.4,272000,164000000
SAIL_F1,29-12-2023,14:05:00,125.45,125.5,125.3,125.3,88000,164000000
SAIL_F1,29-12-2023,14:06:00,125.3,125.3,125.15,125.15,120000,164112000
SAIL_F1,29-12-2023,14:07:00,125.25,125.25,125.25,125.25,8000,164112000
SAIL_F1,29-12-2023,14:08:00,125.15,125.2,124.95,125.0,120000,164112000
SAIL_F1,29-12-2023,14:09:00,125.0,125.25,125.0,125.2,104000,164144000
SAIL_F1,29-12-2023,14:10:00,125.2,125.35,125.2,125.25,160000,164144000
SAIL_F1,29-12-2023,14:11:00,125.2,125.2,125.1,125.15,56000,164176000
SAIL_F1,29-12-2023,14:12:00,125.2,125.3,125.05,125.05,136000,164176000
SAIL_F1,29-12-2023,14:13:00,125.1,125.1,124.9,124.95,144000,164176000
SAIL_F1,29-12-2023,14:14:00,124.85,124.85,124.65,124.65,280000,163952000
SAIL_F1,29-12-2023,14:15:00,124.6,124.8,124.6,124.75,200000,163952000
SAIL_F1,29-12-2023,14:16:00,124.8,125.0,124.7,124.9,120000,163952000
SAIL_F1,29-12-2023,14:17:00,124.9,125.1,124.9,125.05,160000,163952000
SAIL_F1,29-12-2023,14:18:00,125.1,125.15,124.9,124.9,344000,163944000
SAIL_F1,29-12-2023,14:19:00,124.75,125.0,124.75,124.95,96000,163944000
SAIL_F1,29-12-2023,14:20:00,124.85,125.05,124.85,125.05,168000,163992000
SAIL_F1,29-12-2023,14:21:00,125.1,125.15,125.0,125.05,136000,163992000
SAIL_F1,29-12-2023,14:22:00,125.1,125.1,124.95,124.95,144000,163992000
SAIL_F1,29-12-2023,14:23:00,124.9,125.05,124.9,125.0,96000,163992000
SAIL_F1,29-12-2023,14:24:00,125.0,125.0,124.8,124.85,72000,164160000
SAIL_F1,29-12-2023,14:25:00,124.8,124.85,124.7,124.85,104000,164160000
SAIL_F1,29-12-2023,14:26:00,124.8,124.85,124.8,124.8,96000,164160000
SAIL_F1,29-12-2023,14:27:00,124.85,124.85,124.85,124.85,16000,164088000
SAIL_F1,29-12-2023,14:28:00,124.9,124.9,124.9,124.9,8000,164088000
SAIL_F1,29-12-2023,14:29:00,124.95,125.1,124.95,125.1,64000,164072000
SAIL_F1,29-12-2023,14:30:00,125.05,125.05,125.0,125.05,80000,164072000
SAIL_F1,29-12-2023,14:31:00,125.05,125.05,124.95,124.95,168000,164072000
SAIL_F1,29-12-2023,14:32:00,124.95,124.95,124.8,124.8,80000,164072000
SAIL_F1,29-12-2023,14:33:00,124.75,124.85,124.75,124.85,56000,164144000
SAIL_F1,29-12-2023,14:34:00,124.8,125.0,124.8,125.0,24000,164144000
SAIL_F1,29-12-2023,14:35:00,125.0,125.05,125.0,125.05,24000,164144000
SAIL_F1,29-12-2023,14:36:00,125.05,125.05,125.05,125.05,32000,164176000
SAIL_F1,29-12-2023,14:37:00,124.9,124.95,124.85,124.85,176000,164176000
SAIL_F1,29-12-2023,14:38:00,124.8,124.85,124.8,124.85,24000,164176000
SAIL_F1,29-12-2023,14:39:00,124.85,125.0,124.85,124.85,304000,164280000
SAIL_F1,29-12-2023,14:40:00,124.9,124.9,124.7,124.7,120000,164280000
SAIL_F1,29-12-2023,14:41:00,124.8,124.85,124.8,124.85,104000,164264000
SAIL_F1,29-12-2023,14:42:00,124.8,124.8,124.7,124.7,48000,164264000
SAIL_F1,29-12-2023,14:43:00,124.7,124.7,124.7,124.7,24000,164264000
SAIL_F1,29-12-2023,14:44:00,124.6,124.7,124.6,124.7,280000,164264000
SAIL_F1,29-12-2023,14:45:00,124.65,124.7,124.65,124.7,24000,164232000
SAIL_F1,29-12-2023,14:46:00,124.85,124.85,124.85,124.85,8000,164232000
SAIL_F1,29-12-2023,14:47:00,124.85,124.95,124.85,124.95,40000,164232000
SAIL_F1,29-12-2023,14:48:00,125.0,125.0,124.9,124.9,56000,164168000
SAIL_F1,29-12-2023,14:49:00,124.9,124.9,124.9,124.9,16000,164168000
SAIL_F1,29-12-2023,14:50:00,124.7,124.7,124.7,124.7,32000,164168000
SAIL_F1,29-12-2023,14:51:00,124.8,124.85,124.8,124.85,72000,163416000
SAIL_F1,29-12-2023,14:52:00,124.9,125.05,124.9,125.05,96000,163416000
SAIL_F1,29-12-2023,14:53:00,125.0,125.0,124.9,124.9,88000,163416000
SAIL_F1,29-12-2023,14:54:00,124.9,125.0,124.9,125.0,40000,163480000
SAIL_F1,29-12-2023,14:55:00,125.1,125.1,125.05,125.05,96000,163480000
SAIL_F1,29-12-2023,14:56:00,125.05,125.1,125.05,125.1,48000,163480000
SAIL_F1,29-12-2023,14:57:00,125.0,125.1,125.0,125.1,24000,163264000
SAIL_F1,29-12-2023,14:58:00,125.05,125.05,125.0,125.0,96000,163264000
SAIL_F1,29-12-2023,14:59:00,125.0,125.1,125.0,125.05,80000,163264000
SAIL_F1,29-12-2023,15:00:00,125.1,125.45,125.05,125.45,288000,163240000
SAIL_F1,29-12-2023,15:01:00,125.35,125.35,125.25,125.35,160000,163240000
SAIL_F1,29-12-2023,15:02:00,125.3,125.3,125.1,125.2,160000,163240000
SAIL_F1,29-12-2023,15:03:00,125.35,125.35,125.25,125.25,616000,163368000
SAIL_F1,29-12-2023,15:04:00,125.15,125.15,125.05,125.1,88000,163368000
SAIL_F1,29-12-2023,15:05:00,125.2,125.2,125.1,125.1,112000,163368000
SAIL_F1,29-12-2023,15:06:00,125.05,125.1,124.9,125.0,296000,163704000
SAIL_F1,29-12-2023,15:07:00,125.0,125.2,124.95,125.2,328000,163704000
SAIL_F1,29-12-2023,15:08:00,125.1,125.1,124.9,124.9,96000,163704000
SAIL_F1,29-12-2023,15:09:00,124.9,125.0,124.9,124.95,104000,163464000
SAIL_F1,29-12-2023,15:10:00,125.0,125.0,124.85,124.95,360000,163464000
SAIL_F1,29-12-2023,15:11:00,124.95,125.0,124.9,124.9,40000,163464000
SAIL_F1,29-12-2023,15:12:00,124.95,125.0,124.75,124.85,384000,163264000
SAIL_F1,29-12-2023,15:13:00,124.75,124.75,124.65,124.7,192000,163264000
SAIL_F1,29-12-2023,15:14:00,124.65,124.7,124.5,124.55,248000,163264000
SAIL_F1,29-12-2023,15:15:00,124.6,124.65,124.5,124.65,184000,163232000
SAIL_F1,29-12-2023,15:16:00,124.65,124.65,124.4,124.5,440000,163232000
SAIL_F1,29-12-2023,15:17:00,124.5,124.65,124.45,124.6,312000,163232000
SAIL_F1,29-12-2023,15:18:00,124.55,124.75,124.5,124.7,272000,163144000
SAIL_F1,29-12-2023,15:19:00,124.65,124.65,124.45,124.55,152000,163144000
SAIL_F1,29-12-2023,15:20:00,124.55,124.65,124.5,124.5,208000,163144000
SAIL_F1,29-12-2023,15:21:00,124.5,124.65,124.5,124.6,136000,162928000
SAIL_F1,29-12-2023,15:22:00,124.6,124.7,124.55,124.7,96000,162928000
SAIL_F1,29-12-2023,15:23:00,124.7,124.7,124.5,124.5,176000,162928000
SAIL_F1,29-12-2023,15:24:00,124.45,124.5,124.4,124.4,200000,162976000
SAIL_F1,29-12-2023,15:25:00,124.45,124.5,124.45,124.5,304000,162976000
SAIL_F1,29-12-2023,15:26:00,124.5,124.5,124.45,124.5,160000,162976000
SAIL_F1,29-12-2023,15:27:00,124.45,124.55,124.45,124.55,392000,162832000
SAIL_F1,29-12-2023,15:28:00,124.5,124.6,124.45,124.5,272000,162832000
SAIL_F1,29-12-2023,15:29:00,124.5,124.55,124.4,124.55,464000,162832000
SAIL_F1,29-12-2023,15:30:00,124.5,124.5,124.5,124.5,8000,162832000
