<ticker>,<date>,<time>,<open>,<high>,<low>,<close>,<volume>,<OI> 
TATAPOWER_F1,01-09-2023,09:15:00,248.05,248.5,247.7,248.5,158627,90790872
TATAPOWER_F1,01-09-2023,09:16:00,248.45,249.0,248.45,249.0,141750,90790872
TATAPOWER_F1,01-09-2023,09:17:00,248.6,248.85,248.3,248.85,155250,90821248
TATAPOWER_F1,01-09-2023,09:18:00,248.85,249.1,248.7,248.9,172125,90821248
TATAPOWER_F1,01-09-2023,09:19:00,249.15,249.15,248.75,248.9,64125,90821248
TATAPOWER_F1,01-09-2023,09:20:00,248.9,249.1,248.9,249.05,151875,90878624
TATAPOWER_F1,01-09-2023,09:21:00,249.0,249.15,248.95,249.15,124875,90878624
TATAPOWER_F1,01-09-2023,09:22:00,249.1,249.7,249.0,249.7,195750,90878624
TATAPOWER_F1,01-09-2023,09:23:00,249.7,249.9,249.4,249.4,307125,90902248
TATAPOWER_F1,01-09-2023,09:24:00,249.3,249.5,249.0,249.0,81000,90902248
TATAPOWER_F1,01-09-2023,09:25:00,249.0,250.1,249.0,249.7,604125,90902248
TATAPOWER_F1,01-09-2023,09:26:00,249.65,250.7,249.65,250.55,276750,90952872
TATAPOWER_F1,01-09-2023,09:27:00,250.5,250.95,250.45,250.6,597375,90952872
TATAPOWER_F1,01-09-2023,09:28:00,250.6,250.9,250.4,250.85,101250,90952872
TATAPOWER_F1,01-09-2023,09:29:00,250.9,251.9,250.9,251.9,945000,91087872
TATAPOWER_F1,01-09-2023,09:30:00,248.05,251.95,247.7,251.9,9389256,91087872
TATAPOWER_F1,01-09-2023,09:31:00,251.95,252.25,251.85,252.2,826875,91087872
TATAPOWER_F1,01-09-2023,09:32:00,252.3,252.5,252.1,252.5,378000,91327504
TATAPOWER_F1,01-09-2023,09:33:00,252.5,252.8,252.45,252.8,398250,91327504
TATAPOWER_F1,01-09-2023,09:34:00,252.8,253.75,252.65,253.4,1221750,91327504
TATAPOWER_F1,01-09-2023,09:35:00,253.4,253.4,252.65,252.9,577125,91432128
TATAPOWER_F1,01-09-2023,09:36:00,252.85,253.0,252.4,252.5,195750,91432128
TATAPOWER_F1,01-09-2023,09:37:00,252.5,252.75,252.35,252.4,151875,91432128
TATAPOWER_F1,01-09-2023,09:38:00,252.45,252.7,252.0,252.05,351000,91600872
TATAPOWER_F1,01-09-2023,09:39:00,252.2,252.2,251.8,251.9,141750,91600872
TATAPOWER_F1,01-09-2023,09:40:00,251.9,252.5,251.9,252.35,135000,91600872
TATAPOWER_F1,01-09-2023,09:41:00,252.5,252.8,252.5,252.7,84375,91550248
TATAPOWER_F1,01-09-2023,09:42:00,252.7,253.1,252.65,253.1,178875,91550248
TATAPOWER_F1,01-09-2023,09:43:00,253.1,253.25,252.7,252.95,347625,91550248
TATAPOWER_F1,01-09-2023,09:44:00,252.95,253.3,252.85,252.95,297000,91540128
TATAPOWER_F1,01-09-2023,09:45:00,252.95,253.05,252.55,252.9,175500,91540128
TATAPOWER_F1,01-09-2023,09:46:00,252.95,253.15,252.75,253.0,270000,91540128
TATAPOWER_F1,01-09-2023,09:47:00,253.0,253.2,253.0,253.2,145125,91678496
TATAPOWER_F1,01-09-2023,09:48:00,253.2,253.2,252.85,253.05,307125,91678496
TATAPOWER_F1,01-09-2023,09:49:00,253.0,253.05,252.65,252.85,151875,91678496
TATAPOWER_F1,01-09-2023,09:50:00,252.85,252.85,252.55,252.75,114750,91766248
TATAPOWER_F1,01-09-2023,09:51:00,252.8,252.8,252.2,252.2,128250,91766248
TATAPOWER_F1,01-09-2023,09:52:00,252.15,252.25,251.9,252.1,239625,91766248
TATAPOWER_F1,01-09-2023,09:53:00,252.05,252.25,251.95,252.15,138375,91810128
TATAPOWER_F1,01-09-2023,09:54:00,252.1,252.55,252.1,252.5,128250,91810128
TATAPOWER_F1,01-09-2023,09:55:00,252.6,252.65,252.25,252.25,70875,91810128
TATAPOWER_F1,01-09-2023,09:56:00,252.1,252.3,252.0,252.2,77625,91911376
TATAPOWER_F1,01-09-2023,09:57:00,252.35,252.55,252.2,252.55,67500,91911376
TATAPOWER_F1,01-09-2023,09:58:00,252.6,252.65,252.5,252.65,40500,91911376
TATAPOWER_F1,01-09-2023,09:59:00,252.5,252.5,252.4,252.4,37125,91901248
TATAPOWER_F1,01-09-2023,10:00:00,252.2,252.25,252.15,252.2,47250,91901248
TATAPOWER_F1,01-09-2023,10:01:00,252.2,252.25,252.1,252.2,57375,91901248
TATAPOWER_F1,01-09-2023,10:02:00,252.3,252.85,252.3,252.85,94500,91941752
TATAPOWER_F1,01-09-2023,10:03:00,252.8,252.8,252.35,252.35,60750,91941752
TATAPOWER_F1,01-09-2023,10:04:00,252.3,252.3,252.15,252.15,50625,91941752
TATAPOWER_F1,01-09-2023,10:05:00,252.3,252.5,252.3,252.3,57375,91955248
TATAPOWER_F1,01-09-2023,10:06:00,252.3,252.5,252.2,252.5,97875,91955248
TATAPOWER_F1,01-09-2023,10:07:00,252.6,252.65,252.4,252.55,81000,91955248
TATAPOWER_F1,01-09-2023,10:08:00,252.6,252.6,252.35,252.4,47250,91962000
TATAPOWER_F1,01-09-2023,10:09:00,252.25,252.25,252.05,252.05,77625,91962000
TATAPOWER_F1,01-09-2023,10:10:00,252.1,252.4,252.1,252.2,54000,91962000
TATAPOWER_F1,01-09-2023,10:11:00,252.3,252.5,252.3,252.35,47250,91999128
TATAPOWER_F1,01-09-2023,10:12:00,252.35,252.35,252.2,252.2,30375,91999128
TATAPOWER_F1,01-09-2023,10:13:00,252.55,252.6,252.55,252.6,84375,91999128
TATAPOWER_F1,01-09-2023,10:14:00,252.6,252.95,252.6,252.85,84375,92039624
TATAPOWER_F1,01-09-2023,10:15:00,252.8,252.8,252.6,252.7,57375,92039624
TATAPOWER_F1,01-09-2023,10:16:00,252.65,252.65,252.6,252.6,16875,92039624
TATAPOWER_F1,01-09-2023,10:17:00,252.55,252.8,252.5,252.8,23625,92039624
TATAPOWER_F1,01-09-2023,10:18:00,252.85,253.1,252.85,252.9,131625,92039624
TATAPOWER_F1,01-09-2023,10:19:00,252.75,252.9,252.75,252.85,40500,92039624
TATAPOWER_F1,01-09-2023,10:20:00,252.75,253.0,252.75,253.0,64125,92070000
TATAPOWER_F1,01-09-2023,10:21:00,253.1,253.5,253.1,253.35,253125,92070000
TATAPOWER_F1,01-09-2023,10:22:00,253.45,254.05,253.45,253.65,1026000,92070000
TATAPOWER_F1,01-09-2023,10:23:00,253.7,254.4,253.7,254.3,600750,92157752
TATAPOWER_F1,01-09-2023,10:24:00,254.3,254.9,254.3,254.45,904500,92157752
TATAPOWER_F1,01-09-2023,10:25:00,254.45,255.15,254.45,254.55,742500,92157752
TATAPOWER_F1,01-09-2023,10:26:00,254.5,255.2,254.5,255.2,472500,92407504
TATAPOWER_F1,01-09-2023,10:27:00,255.3,255.35,254.8,254.9,391500,92407504
TATAPOWER_F1,01-09-2023,10:28:00,255.05,255.9,254.75,255.9,745875,92407504
TATAPOWER_F1,01-09-2023,10:29:00,255.9,255.9,255.1,255.1,567000,92691000
TATAPOWER_F1,01-09-2023,10:30:00,255.15,255.3,255.0,255.0,300375,92691000
TATAPOWER_F1,01-09-2023,10:31:00,255.15,255.2,254.8,255.0,151875,92691000
TATAPOWER_F1,01-09-2023,10:32:00,254.9,255.05,254.7,254.8,145125,92761872
TATAPOWER_F1,01-09-2023,10:33:00,254.95,255.6,254.95,255.6,317250,92761872
TATAPOWER_F1,01-09-2023,10:34:00,255.65,255.85,255.4,255.5,273375,92761872
TATAPOWER_F1,01-09-2023,10:35:00,255.5,255.5,255.1,255.4,148500,92930624
TATAPOWER_F1,01-09-2023,10:36:00,255.5,255.6,255.25,255.35,118125,92930624
TATAPOWER_F1,01-09-2023,10:37:00,255.6,255.6,255.25,255.25,108000,92930624
TATAPOWER_F1,01-09-2023,10:38:00,255.2,255.35,254.8,254.85,138375,93021752
TATAPOWER_F1,01-09-2023,10:39:00,254.8,254.9,254.65,254.9,168750,93021752
TATAPOWER_F1,01-09-2023,10:40:00,254.85,255.0,254.8,254.95,54000,93021752
TATAPOWER_F1,01-09-2023,10:41:00,254.9,255.25,254.8,254.8,131625,93062248
TATAPOWER_F1,01-09-2023,10:42:00,254.85,255.2,254.85,255.2,124875,93062248
TATAPOWER_F1,01-09-2023,10:43:00,255.05,255.1,254.9,254.9,40500,93062248
TATAPOWER_F1,01-09-2023,10:44:00,254.8,255.0,254.65,254.85,155250,93123000
TATAPOWER_F1,01-09-2023,10:45:00,254.7,254.8,254.45,254.5,135000,93123000
TATAPOWER_F1,01-09-2023,10:46:00,254.5,254.7,254.5,254.6,94500,93123000
TATAPOWER_F1,01-09-2023,10:47:00,254.5,254.5,254.25,254.4,87750,93214128
TATAPOWER_F1,01-09-2023,10:48:00,254.45,254.55,254.4,254.5,77625,93214128
TATAPOWER_F1,01-09-2023,10:49:00,254.55,254.55,254.15,254.2,74250,93214128
TATAPOWER_F1,01-09-2023,10:50:00,254.3,254.3,254.05,254.1,74250,93237752
TATAPOWER_F1,01-09-2023,10:51:00,254.1,254.2,254.0,254.0,84375,93237752
TATAPOWER_F1,01-09-2023,10:52:00,254.0,254.4,254.0,254.2,70875,93237752
TATAPOWER_F1,01-09-2023,10:53:00,254.25,254.35,254.25,254.3,20250,93274872
TATAPOWER_F1,01-09-2023,10:54:00,254.2,254.4,254.2,254.35,37125,93274872
TATAPOWER_F1,01-09-2023,10:55:00,254.0,254.1,254.0,254.0,16875,93274872
TATAPOWER_F1,01-09-2023,10:56:00,254.2,254.3,254.15,254.2,33750,93288376
TATAPOWER_F1,01-09-2023,10:57:00,254.25,254.25,254.0,254.25,30375,93288376
TATAPOWER_F1,01-09-2023,10:58:00,254.25,254.35,253.75,253.9,192375,93288376
TATAPOWER_F1,01-09-2023,10:59:00,253.8,253.85,253.75,253.85,40500,93362624
TATAPOWER_F1,01-09-2023,11:00:00,253.75,254.25,253.55,254.2,455625,93362624
TATAPOWER_F1,01-09-2023,11:01:00,254.3,254.4,254.1,254.3,84375,93362624
TATAPOWER_F1,01-09-2023,11:02:00,254.25,254.35,253.95,253.95,43875,93605624
TATAPOWER_F1,01-09-2023,11:03:00,254.1,254.15,253.85,253.9,70875,93605624
TATAPOWER_F1,01-09-2023,11:04:00,253.8,253.85,253.7,253.85,57375,93605624
TATAPOWER_F1,01-09-2023,11:05:00,253.95,254.2,253.95,254.0,64125,93659624
TATAPOWER_F1,01-09-2023,11:06:00,254.05,254.05,254.0,254.0,33750,93659624
TATAPOWER_F1,01-09-2023,11:07:00,254.15,254.15,253.95,253.95,33750,93659624
TATAPOWER_F1,01-09-2023,11:08:00,253.95,254.05,253.95,254.0,13500,93659624
TATAPOWER_F1,01-09-2023,11:09:00,253.9,253.95,253.6,253.95,87750,93693376
TATAPOWER_F1,01-09-2023,11:10:00,253.95,253.95,253.8,253.8,20250,93693376
TATAPOWER_F1,01-09-2023,11:11:00,253.75,253.9,253.65,253.75,43875,93717000
TATAPOWER_F1,01-09-2023,11:12:00,253.8,254.05,253.75,254.0,91125,93717000
TATAPOWER_F1,01-09-2023,11:13:00,253.9,253.95,253.9,253.95,37125,93717000
TATAPOWER_F1,01-09-2023,11:14:00,253.95,254.25,253.95,254.2,47250,93781128
TATAPOWER_F1,01-09-2023,11:15:00,254.25,254.3,254.15,254.25,70875,93781128
TATAPOWER_F1,01-09-2023,11:16:00,254.3,254.95,254.3,254.95,178875,93781128
TATAPOWER_F1,01-09-2023,11:17:00,255.0,255.25,254.9,255.0,151875,93848624
TATAPOWER_F1,01-09-2023,11:18:00,255.1,255.3,254.75,254.95,415125,93848624
TATAPOWER_F1,01-09-2023,11:19:00,254.95,255.25,254.75,254.85,310500,93848624
TATAPOWER_F1,01-09-2023,11:20:00,254.95,255.1,254.85,254.85,47250,94007248
TATAPOWER_F1,01-09-2023,11:21:00,254.95,255.15,254.7,255.15,145125,94007248
TATAPOWER_F1,01-09-2023,11:22:00,255.25,255.55,255.25,255.45,286875,94007248
TATAPOWER_F1,01-09-2023,11:23:00,255.45,255.45,255.1,255.15,101250,94095000
TATAPOWER_F1,01-09-2023,11:24:00,255.2,255.35,255.1,255.2,114750,94095000
TATAPOWER_F1,01-09-2023,11:25:00,255.2,255.25,255.0,255.0,108000,94095000
TATAPOWER_F1,01-09-2023,11:26:00,255.05,255.2,255.05,255.1,40500,94118624
TATAPOWER_F1,01-09-2023,11:27:00,254.9,254.95,254.8,254.85,33750,94118624
TATAPOWER_F1,01-09-2023,11:28:00,254.85,254.85,254.85,254.85,13500,94118624
TATAPOWER_F1,01-09-2023,11:29:00,254.8,254.95,254.8,254.95,40500,94111872
TATAPOWER_F1,01-09-2023,11:30:00,255.25,255.4,255.25,255.25,87750,94111872
TATAPOWER_F1,01-09-2023,11:31:00,255.25,255.25,255.0,255.0,50625,94111872
TATAPOWER_F1,01-09-2023,11:32:00,255.0,255.05,254.75,254.75,47250,94135504
TATAPOWER_F1,01-09-2023,11:33:00,254.75,255.0,254.6,255.0,77625,94135504
TATAPOWER_F1,01-09-2023,11:34:00,254.95,255.0,254.7,254.7,20250,94135504
TATAPOWER_F1,01-09-2023,11:35:00,254.75,254.8,254.7,254.7,13500,94105128
TATAPOWER_F1,01-09-2023,11:36:00,254.7,254.7,254.35,254.45,57375,94105128
TATAPOWER_F1,01-09-2023,11:37:00,254.45,254.75,254.45,254.75,57375,94105128
TATAPOWER_F1,01-09-2023,11:38:00,254.8,254.8,254.7,254.75,23625,94068000
TATAPOWER_F1,01-09-2023,11:39:00,254.85,254.95,254.85,254.95,23625,94068000
TATAPOWER_F1,01-09-2023,11:40:00,255.0,255.4,255.0,255.25,168750,94068000
TATAPOWER_F1,01-09-2023,11:41:00,255.25,255.55,255.25,255.45,118125,94084872
TATAPOWER_F1,01-09-2023,11:42:00,255.45,255.6,255.3,255.6,108000,94084872
TATAPOWER_F1,01-09-2023,11:43:00,255.6,255.65,255.3,255.3,74250,94084872
TATAPOWER_F1,01-09-2023,11:44:00,255.3,255.45,255.2,255.2,70875,94145624
TATAPOWER_F1,01-09-2023,11:45:00,255.35,255.35,255.15,255.2,37125,94145624
TATAPOWER_F1,01-09-2023,11:46:00,255.2,255.5,255.2,255.5,94500,94145624
TATAPOWER_F1,01-09-2023,11:47:00,255.45,255.55,255.35,255.4,64125,94189504
TATAPOWER_F1,01-09-2023,11:48:00,255.4,255.5,255.35,255.5,57375,94189504
TATAPOWER_F1,01-09-2023,11:49:00,255.75,256.4,255.75,256.3,816750,94189504
TATAPOWER_F1,01-09-2023,11:50:00,256.4,256.6,256.05,256.55,573750,94449376
TATAPOWER_F1,01-09-2023,11:51:00,256.6,256.6,256.05,256.25,276750,94449376
TATAPOWER_F1,01-09-2023,11:52:00,256.3,256.45,256.25,256.35,205875,94449376
TATAPOWER_F1,01-09-2023,11:53:00,256.25,256.25,256.0,256.15,101250,94638376
TATAPOWER_F1,01-09-2023,11:54:00,256.0,256.15,255.65,256.15,347625,94638376
TATAPOWER_F1,01-09-2023,11:55:00,256.2,256.5,256.2,256.5,165375,94638376
TATAPOWER_F1,01-09-2023,11:56:00,256.3,256.3,256.05,256.05,87750,94759872
TATAPOWER_F1,01-09-2023,11:57:00,255.95,256.25,255.95,256.25,155250,94759872
TATAPOWER_F1,01-09-2023,11:58:00,256.3,256.35,256.25,256.25,81000,94759872
TATAPOWER_F1,01-09-2023,11:59:00,256.3,256.3,256.0,256.0,138375,94857752
TATAPOWER_F1,01-09-2023,12:00:00,256.0,256.5,256.0,256.25,151875,94857752
TATAPOWER_F1,01-09-2023,12:01:00,256.1,256.45,256.05,256.45,101250,94857752
TATAPOWER_F1,01-09-2023,12:02:00,256.6,256.9,256.0,256.0,718875,94932000
TATAPOWER_F1,01-09-2023,12:03:00,256.1,256.4,256.1,256.1,74250,94932000
TATAPOWER_F1,01-09-2023,12:04:00,256.3,256.3,255.9,256.1,135000,94932000
TATAPOWER_F1,01-09-2023,12:05:00,256.1,256.1,255.55,255.55,155250,94857752
TATAPOWER_F1,01-09-2023,12:06:00,255.4,255.6,254.9,255.55,229500,94857752
TATAPOWER_F1,01-09-2023,12:07:00,255.45,255.45,254.9,255.1,111375,94857752
TATAPOWER_F1,01-09-2023,12:08:00,255.15,255.25,255.1,255.2,43875,94793624
TATAPOWER_F1,01-09-2023,12:09:00,255.15,255.25,255.15,255.15,13500,94793624
TATAPOWER_F1,01-09-2023,12:10:00,255.05,255.1,254.9,254.9,135000,94793624
TATAPOWER_F1,01-09-2023,12:11:00,254.85,254.85,254.7,254.8,54000,94763248
TATAPOWER_F1,01-09-2023,12:12:00,254.7,255.1,254.7,254.9,111375,94763248
TATAPOWER_F1,01-09-2023,12:13:00,254.8,254.85,254.75,254.75,40500,94763248
TATAPOWER_F1,01-09-2023,12:14:00,254.7,254.8,254.7,254.75,33750,94716000
TATAPOWER_F1,01-09-2023,12:15:00,254.55,254.55,254.55,254.55,33750,94716000
TATAPOWER_F1,01-09-2023,12:16:00,254.7,254.85,254.7,254.85,27000,94716000
TATAPOWER_F1,01-09-2023,12:17:00,254.8,254.8,254.8,254.8,16875,94743000
TATAPOWER_F1,01-09-2023,12:18:00,254.75,254.75,254.5,254.55,84375,94743000
TATAPOWER_F1,01-09-2023,12:19:00,254.55,254.7,254.55,254.7,33750,94743000
TATAPOWER_F1,01-09-2023,12:20:00,254.7,254.85,254.55,254.6,57375,94726128
TATAPOWER_F1,01-09-2023,12:21:00,254.7,255.2,254.7,255.15,60750,94726128
TATAPOWER_F1,01-09-2023,12:22:00,255.2,255.5,255.1,255.1,81000,94726128
TATAPOWER_F1,01-09-2023,12:23:00,255.0,255.05,254.9,255.05,37125,94726128
TATAPOWER_F1,01-09-2023,12:24:00,255.15,255.35,255.15,255.35,43875,94756496
TATAPOWER_F1,01-09-2023,12:25:00,255.4,255.6,255.3,255.4,148500,94756496
TATAPOWER_F1,01-09-2023,12:26:00,255.5,255.5,255.2,255.2,43875,94807128
TATAPOWER_F1,01-09-2023,12:27:00,255.2,255.2,255.0,255.05,13500,94807128
TATAPOWER_F1,01-09-2023,12:28:00,255.05,255.05,254.65,254.8,43875,94807128
TATAPOWER_F1,01-09-2023,12:29:00,254.75,254.85,254.6,254.6,54000,94770000
TATAPOWER_F1,01-09-2023,12:30:00,254.6,254.65,254.6,254.65,23625,94770000
TATAPOWER_F1,01-09-2023,12:31:00,254.6,254.75,254.6,254.65,23625,94770000
TATAPOWER_F1,01-09-2023,12:32:00,254.7,254.85,254.7,254.7,47250,94770000
TATAPOWER_F1,01-09-2023,12:33:00,254.65,254.85,254.65,254.65,74250,94770000
TATAPOWER_F1,01-09-2023,12:34:00,254.6,254.7,254.25,254.3,118125,94770000
TATAPOWER_F1,01-09-2023,12:35:00,254.35,254.45,254.2,254.35,43875,94726128
TATAPOWER_F1,01-09-2023,12:36:00,254.45,254.85,254.45,254.7,81000,94726128
TATAPOWER_F1,01-09-2023,12:37:00,254.75,254.75,254.55,254.55,33750,94726128
TATAPOWER_F1,01-09-2023,12:38:00,254.6,254.6,254.55,254.55,6750,94753128
TATAPOWER_F1,01-09-2023,12:39:00,254.5,254.6,254.5,254.6,16875,94753128
TATAPOWER_F1,01-09-2023,12:40:00,254.65,254.65,254.5,254.55,60750,94753128
TATAPOWER_F1,01-09-2023,12:41:00,254.45,254.45,254.3,254.3,64125,94759872
TATAPOWER_F1,01-09-2023,12:42:00,254.3,254.3,254.2,254.2,10125,94759872
TATAPOWER_F1,01-09-2023,12:43:00,254.4,254.85,254.4,254.85,33750,94759872
TATAPOWER_F1,01-09-2023,12:44:00,254.85,254.95,254.75,254.8,64125,94766624
TATAPOWER_F1,01-09-2023,12:45:00,254.95,255.05,254.95,255.0,67500,94766624
TATAPOWER_F1,01-09-2023,12:46:00,255.0,255.1,254.9,254.9,50625,94766624
TATAPOWER_F1,01-09-2023,12:47:00,254.95,255.0,254.8,254.8,30375,94780128
TATAPOWER_F1,01-09-2023,12:48:00,254.8,254.8,254.55,254.55,16875,94780128
TATAPOWER_F1,01-09-2023,12:49:00,254.7,254.85,254.65,254.85,13500,94780128
TATAPOWER_F1,01-09-2023,12:50:00,254.8,254.8,254.6,254.8,16875,94793624
TATAPOWER_F1,01-09-2023,12:51:00,254.75,254.8,254.6,254.65,23625,94793624
TATAPOWER_F1,01-09-2023,12:52:00,254.6,254.7,254.55,254.55,23625,94793624
TATAPOWER_F1,01-09-2023,12:53:00,254.6,254.65,254.45,254.65,54000,94813872
TATAPOWER_F1,01-09-2023,12:54:00,254.5,254.55,254.45,254.45,20250,94813872
TATAPOWER_F1,01-09-2023,12:55:00,254.45,254.6,254.45,254.5,37125,94813872
TATAPOWER_F1,01-09-2023,12:56:00,254.45,254.45,254.35,254.4,40500,94813872
TATAPOWER_F1,01-09-2023,12:57:00,254.3,254.4,254.2,254.2,43875,94729504
TATAPOWER_F1,01-09-2023,12:58:00,254.25,254.25,254.2,254.2,20250,94729504
TATAPOWER_F1,01-09-2023,12:59:00,254.5,254.55,254.5,254.55,30375,94729504
TATAPOWER_F1,01-09-2023,13:00:00,254.7,254.9,254.7,254.75,57375,94739624
TATAPOWER_F1,01-09-2023,13:01:00,254.85,254.85,254.65,254.65,27000,94739624
TATAPOWER_F1,01-09-2023,13:02:00,254.6,254.6,254.55,254.6,37125,94739624
TATAPOWER_F1,01-09-2023,13:03:00,254.75,254.75,254.5,254.5,10125,94749752
TATAPOWER_F1,01-09-2023,13:04:00,254.45,254.45,254.45,254.45,3375,94749752
TATAPOWER_F1,01-09-2023,13:05:00,254.4,254.4,254.35,254.35,6750,94749752
TATAPOWER_F1,01-09-2023,13:06:00,254.5,254.65,254.45,254.5,54000,94749752
TATAPOWER_F1,01-09-2023,13:07:00,254.35,254.35,254.35,254.35,6750,94749752
TATAPOWER_F1,01-09-2023,13:08:00,254.4,254.4,254.4,254.4,3375,94749752
TATAPOWER_F1,01-09-2023,13:09:00,254.5,254.5,254.45,254.45,10125,94749752
TATAPOWER_F1,01-09-2023,13:10:00,254.5,254.6,254.3,254.45,33750,94749752
TATAPOWER_F1,01-09-2023,13:11:00,254.45,254.45,254.4,254.4,10125,94749752
TATAPOWER_F1,01-09-2023,13:12:00,254.4,254.45,254.4,254.4,23625,94749752
TATAPOWER_F1,01-09-2023,13:13:00,254.55,254.65,254.55,254.55,40500,94749752
TATAPOWER_F1,01-09-2023,13:14:00,254.5,254.5,254.4,254.4,67500,94753128
TATAPOWER_F1,01-09-2023,13:15:00,254.55,254.55,254.55,254.55,6750,94753128
TATAPOWER_F1,01-09-2023,13:16:00,254.4,254.45,254.4,254.45,13500,94753128
TATAPOWER_F1,01-09-2023,13:17:00,254.4,254.6,254.35,254.6,27000,94797000
TATAPOWER_F1,01-09-2023,13:18:00,254.6,254.65,254.5,254.5,13500,94797000
TATAPOWER_F1,01-09-2023,13:19:00,254.65,254.65,254.45,254.45,13500,94797000
TATAPOWER_F1,01-09-2023,13:20:00,254.45,254.55,254.45,254.55,13500,94797000
TATAPOWER_F1,01-09-2023,13:21:00,254.55,254.75,254.55,254.75,27000,94797000
TATAPOWER_F1,01-09-2023,13:22:00,254.7,254.75,254.65,254.75,13500,94797000
TATAPOWER_F1,01-09-2023,13:23:00,254.85,254.9,254.6,254.8,87750,94827376
TATAPOWER_F1,01-09-2023,13:24:00,254.8,255.2,254.75,255.2,111375,94827376
TATAPOWER_F1,01-09-2023,13:25:00,255.3,255.8,255.25,255.55,172125,94827376
TATAPOWER_F1,01-09-2023,13:26:00,255.6,255.8,255.55,255.55,74250,94921872
TATAPOWER_F1,01-09-2023,13:27:00,255.6,255.75,255.55,255.6,87750,94921872
TATAPOWER_F1,01-09-2023,13:28:00,255.65,256.15,255.65,256.05,219375,94921872
TATAPOWER_F1,01-09-2023,13:29:00,256.05,256.15,255.7,255.85,165375,95023128
TATAPOWER_F1,01-09-2023,13:30:00,256.0,256.25,256.0,256.2,205875,95023128
TATAPOWER_F1,01-09-2023,13:31:00,256.25,256.75,256.2,256.7,418500,95023128
TATAPOWER_F1,01-09-2023,13:32:00,256.75,256.9,256.35,256.7,378000,95296496
TATAPOWER_F1,01-09-2023,13:33:00,256.65,256.7,256.5,256.55,104625,95296496
TATAPOWER_F1,01-09-2023,13:34:00,256.5,256.5,256.25,256.35,131625,95296496
TATAPOWER_F1,01-09-2023,13:35:00,256.4,257.15,256.4,257.0,614250,95387624
TATAPOWER_F1,01-09-2023,13:36:00,257.0,257.1,256.85,257.0,445500,95387624
TATAPOWER_F1,01-09-2023,13:37:00,257.0,257.25,256.9,257.0,307125,95387624
TATAPOWER_F1,01-09-2023,13:38:00,257.0,257.0,256.65,256.7,344250,95610376
TATAPOWER_F1,01-09-2023,13:39:00,256.7,257.2,256.7,257.0,432000,95610376
TATAPOWER_F1,01-09-2023,13:40:00,257.0,257.05,256.95,257.0,195750,95610376
TATAPOWER_F1,01-09-2023,13:41:00,257.0,257.25,257.0,257.15,118125,95816248
TATAPOWER_F1,01-09-2023,13:42:00,257.1,257.1,257.0,257.0,60750,95816248
TATAPOWER_F1,01-09-2023,13:43:00,257.05,257.05,256.75,256.85,77625,95816248
TATAPOWER_F1,01-09-2023,13:44:00,256.75,256.8,256.65,256.75,108000,95860128
TATAPOWER_F1,01-09-2023,13:45:00,256.8,256.85,256.65,256.65,43875,95860128
TATAPOWER_F1,01-09-2023,13:46:00,256.7,256.8,256.7,256.75,33750,95860128
TATAPOWER_F1,01-09-2023,13:47:00,256.75,256.9,256.75,256.9,40500,95860128
TATAPOWER_F1,01-09-2023,13:48:00,256.75,256.8,256.55,256.55,108000,95910752
TATAPOWER_F1,01-09-2023,13:49:00,256.5,256.7,256.35,256.5,94500,95910752
TATAPOWER_F1,01-09-2023,13:50:00,256.5,256.5,256.3,256.45,60750,95947872
TATAPOWER_F1,01-09-2023,13:51:00,256.45,256.75,256.4,256.65,108000,95947872
TATAPOWER_F1,01-09-2023,13:52:00,256.5,256.6,256.35,256.6,57375,95947872
TATAPOWER_F1,01-09-2023,13:53:00,256.5,256.6,256.25,256.4,81000,95947872
TATAPOWER_F1,01-09-2023,13:54:00,256.4,256.4,256.1,256.1,101250,95988376
TATAPOWER_F1,01-09-2023,13:55:00,256.2,256.3,256.1,256.1,67500,95988376
TATAPOWER_F1,01-09-2023,13:56:00,256.15,256.85,256.15,256.7,155250,96062624
TATAPOWER_F1,01-09-2023,13:57:00,256.8,256.85,256.7,256.85,70875,96062624
TATAPOWER_F1,01-09-2023,13:58:00,256.8,257.25,256.8,257.25,178875,96062624
TATAPOWER_F1,01-09-2023,13:59:00,257.15,257.2,256.85,256.85,172125,96062624
TATAPOWER_F1,01-09-2023,14:00:00,257.0,257.0,256.75,256.85,114750,96079504
TATAPOWER_F1,01-09-2023,14:01:00,256.85,256.9,256.6,256.6,64125,96079504
TATAPOWER_F1,01-09-2023,14:02:00,256.7,256.7,256.6,256.6,16875,96140248
TATAPOWER_F1,01-09-2023,14:03:00,256.6,256.6,256.5,256.5,50625,96140248
TATAPOWER_F1,01-09-2023,14:04:00,256.5,256.5,256.35,256.45,30375,96140248
TATAPOWER_F1,01-09-2023,14:05:00,256.55,256.6,256.5,256.5,27000,96133504
TATAPOWER_F1,01-09-2023,14:06:00,256.45,256.45,256.3,256.4,23625,96133504
TATAPOWER_F1,01-09-2023,14:07:00,256.4,256.4,256.3,256.3,40500,96133504
TATAPOWER_F1,01-09-2023,14:08:00,256.3,256.3,256.3,256.3,23625,96147000
TATAPOWER_F1,01-09-2023,14:09:00,256.35,256.4,256.25,256.4,16875,96147000
TATAPOWER_F1,01-09-2023,14:10:00,256.4,256.4,256.25,256.3,20250,96147000
TATAPOWER_F1,01-09-2023,14:11:00,256.35,256.35,256.3,256.35,16875,96170624
TATAPOWER_F1,01-09-2023,14:12:00,256.5,256.6,256.45,256.6,40500,96170624
TATAPOWER_F1,01-09-2023,14:13:00,256.65,256.7,256.6,256.7,74250,96170624
TATAPOWER_F1,01-09-2023,14:14:00,256.55,256.65,256.55,256.55,43875,96170624
TATAPOWER_F1,01-09-2023,14:15:00,256.55,256.65,256.55,256.65,20250,95296496
TATAPOWER_F1,01-09-2023,14:16:00,256.65,256.8,256.55,256.8,94500,95296496
TATAPOWER_F1,01-09-2023,14:17:00,256.75,256.85,256.7,256.85,60750,95360624
TATAPOWER_F1,01-09-2023,14:18:00,256.9,257.15,256.9,257.05,175500,95360624
TATAPOWER_F1,01-09-2023,14:19:00,257.0,257.1,257.0,257.0,40500,95360624
TATAPOWER_F1,01-09-2023,14:20:00,256.9,257.15,256.9,257.05,87750,95445000
TATAPOWER_F1,01-09-2023,14:21:00,257.15,257.15,257.0,257.05,23625,95445000
TATAPOWER_F1,01-09-2023,14:22:00,257.1,257.1,256.85,256.85,50625,95445000
TATAPOWER_F1,01-09-2023,14:23:00,256.95,256.95,256.7,256.7,91125,95519248
TATAPOWER_F1,01-09-2023,14:24:00,256.8,256.8,256.65,256.75,87750,95519248
TATAPOWER_F1,01-09-2023,14:25:00,256.6,256.6,256.3,256.4,108000,95519248
TATAPOWER_F1,01-09-2023,14:26:00,256.35,256.4,256.3,256.35,27000,95519248
TATAPOWER_F1,01-09-2023,14:27:00,256.4,256.4,256.3,256.3,40500,95536128
TATAPOWER_F1,01-09-2023,14:28:00,256.5,256.55,256.3,256.35,37125,95536128
TATAPOWER_F1,01-09-2023,14:29:00,256.3,256.4,256.2,256.4,50625,95536128
TATAPOWER_F1,01-09-2023,14:30:00,256.25,256.55,256.25,256.55,81000,95536128
TATAPOWER_F1,01-09-2023,14:31:00,256.5,256.75,256.45,256.5,97875,95536128
TATAPOWER_F1,01-09-2023,14:32:00,256.4,256.65,256.3,256.35,70875,95536128
TATAPOWER_F1,01-09-2023,14:33:00,256.3,256.55,256.3,256.4,40500,95607000
TATAPOWER_F1,01-09-2023,14:34:00,256.4,256.55,256.3,256.55,101250,95607000
TATAPOWER_F1,01-09-2023,14:35:00,256.55,256.55,256.45,256.5,77625,95607000
TATAPOWER_F1,01-09-2023,14:36:00,256.4,256.55,256.25,256.55,108000,95671128
TATAPOWER_F1,01-09-2023,14:37:00,256.5,256.5,256.2,256.5,74250,95671128
TATAPOWER_F1,01-09-2023,14:38:00,256.55,256.6,256.45,256.6,50625,95671128
TATAPOWER_F1,01-09-2023,14:39:00,256.65,257.0,256.6,257.0,155250,95718376
TATAPOWER_F1,01-09-2023,14:40:00,257.0,257.8,257.0,257.5,823500,95718376
TATAPOWER_F1,01-09-2023,14:41:00,257.6,257.9,257.15,257.25,452250,96133504
TATAPOWER_F1,01-09-2023,14:42:00,257.4,257.4,257.2,257.3,145125,96133504
TATAPOWER_F1,01-09-2023,14:43:00,257.3,257.3,256.85,256.9,94500,96133504
TATAPOWER_F1,01-09-2023,14:44:00,256.9,257.1,256.8,257.0,77625,96133504
TATAPOWER_F1,01-09-2023,14:45:00,257.1,257.4,257.1,257.25,222750,96157128
TATAPOWER_F1,01-09-2023,14:46:00,257.25,257.35,257.15,257.15,101250,96157128
TATAPOWER_F1,01-09-2023,14:47:00,257.1,257.25,257.1,257.2,43875,96157128
TATAPOWER_F1,01-09-2023,14:48:00,257.1,257.1,256.65,256.7,54000,96221248
TATAPOWER_F1,01-09-2023,14:49:00,256.85,257.0,256.85,256.95,54000,96221248
TATAPOWER_F1,01-09-2023,14:50:00,257.0,257.0,256.8,256.95,23625,96221248
TATAPOWER_F1,01-09-2023,14:51:00,256.95,256.95,256.7,256.7,37125,96221248
TATAPOWER_F1,01-09-2023,14:52:00,256.7,256.85,256.7,256.8,57375,96221248
TATAPOWER_F1,01-09-2023,14:53:00,256.95,257.0,256.8,256.8,47250,96221248
TATAPOWER_F1,01-09-2023,14:54:00,256.8,257.25,256.75,257.05,158625,96214496
TATAPOWER_F1,01-09-2023,14:55:00,256.85,257.1,256.85,257.1,192375,96214496
TATAPOWER_F1,01-09-2023,14:56:00,257.0,257.0,256.75,256.75,128250,96214496
TATAPOWER_F1,01-09-2023,14:57:00,256.75,256.75,256.6,256.7,67500,96241504
TATAPOWER_F1,01-09-2023,14:58:00,256.9,257.0,256.85,256.85,60750,96241504
TATAPOWER_F1,01-09-2023,14:59:00,256.9,257.0,256.9,257.0,27000,96241504
TATAPOWER_F1,01-09-2023,15:00:00,257.0,257.2,257.0,257.2,111375,96275248
TATAPOWER_F1,01-09-2023,15:01:00,257.25,257.25,256.8,256.8,64125,96275248
TATAPOWER_F1,01-09-2023,15:02:00,256.7,256.95,256.6,256.75,202500,96275248
TATAPOWER_F1,01-09-2023,15:03:00,256.75,256.8,256.4,256.4,148500,96295504
TATAPOWER_F1,01-09-2023,15:04:00,256.35,256.6,256.25,256.4,310500,96295504
TATAPOWER_F1,01-09-2023,15:05:00,256.4,256.5,256.3,256.35,91125,96295504
TATAPOWER_F1,01-09-2023,15:06:00,256.5,256.8,256.5,256.8,67500,96268496
TATAPOWER_F1,01-09-2023,15:07:00,256.8,256.85,256.8,256.8,118125,96268496
TATAPOWER_F1,01-09-2023,15:08:00,256.85,257.0,256.75,257.0,256500,96268496
TATAPOWER_F1,01-09-2023,15:09:00,257.05,257.05,257.0,257.0,94500,96390000
TATAPOWER_F1,01-09-2023,15:10:00,257.05,257.05,257.05,257.05,162000,96390000
TATAPOWER_F1,01-09-2023,15:11:00,257.05,257.15,257.0,257.1,97875,96390000
TATAPOWER_F1,01-09-2023,15:12:00,256.95,257.1,256.9,256.9,205875,96467624
TATAPOWER_F1,01-09-2023,15:13:00,256.9,257.0,256.8,256.85,108000,96467624
TATAPOWER_F1,01-09-2023,15:14:00,256.8,257.15,256.8,257.15,124875,96467624
TATAPOWER_F1,01-09-2023,15:15:00,257.25,257.75,257.25,257.35,853875,96528376
TATAPOWER_F1,01-09-2023,15:16:00,257.4,257.65,257.35,257.5,286875,96528376
TATAPOWER_F1,01-09-2023,15:17:00,257.45,257.5,257.3,257.3,111375,96528376
TATAPOWER_F1,01-09-2023,15:18:00,257.4,257.5,257.25,257.4,337500,96622872
TATAPOWER_F1,01-09-2023,15:19:00,257.4,257.6,257.35,257.55,357750,96622872
TATAPOWER_F1,01-09-2023,15:20:00,257.55,257.55,257.25,257.25,195750,96622872
TATAPOWER_F1,01-09-2023,15:21:00,257.25,257.3,257.1,257.15,114750,96707248
TATAPOWER_F1,01-09-2023,15:22:00,257.15,257.15,257.05,257.1,148500,96707248
TATAPOWER_F1,01-09-2023,15:23:00,257.0,257.0,256.95,256.95,148500,96707248
TATAPOWER_F1,01-09-2023,15:24:00,256.8,257.0,256.8,256.85,324000,96727504
TATAPOWER_F1,01-09-2023,15:25:00,256.9,257.25,256.85,257.25,334125,96727504
TATAPOWER_F1,01-09-2023,15:26:00,257.15,257.35,257.05,257.35,344250,96727504
TATAPOWER_F1,01-09-2023,15:27:00,257.4,257.4,257.2,257.25,189000,96984000
TATAPOWER_F1,01-09-2023,15:28:00,257.25,257.4,257.25,257.35,344250,96984000
TATAPOWER_F1,01-09-2023,15:29:00,257.25,257.55,257.25,257.55,307125,96984000
TATAPOWER_F1,04-09-2023,09:15:00,258.1,259.0,258.05,258.9,729003,96943504
TATAPOWER_F1,04-09-2023,09:16:00,258.85,259.5,258.85,259.25,853875,96943504
TATAPOWER_F1,04-09-2023,09:17:00,259.25,259.25,258.7,259.15,475875,97139248
TATAPOWER_F1,04-09-2023,09:18:00,259.15,259.45,259.05,259.1,401625,97139248
TATAPOWER_F1,04-09-2023,09:19:00,259.1,259.2,258.55,258.75,378000,97139248
TATAPOWER_F1,04-09-2023,09:20:00,258.7,258.75,258.2,258.2,249750,97203376
TATAPOWER_F1,04-09-2023,09:21:00,258.25,258.4,258.0,258.0,199125,97203376
TATAPOWER_F1,04-09-2023,09:22:00,258.0,258.15,257.8,257.85,256500,97203376
TATAPOWER_F1,04-09-2023,09:23:00,257.85,258.65,257.8,258.65,199125,97078496
TATAPOWER_F1,04-09-2023,09:24:00,258.65,259.0,258.6,258.9,148500,97078496
TATAPOWER_F1,04-09-2023,09:25:00,258.75,258.75,258.2,258.25,121500,97078496
TATAPOWER_F1,04-09-2023,09:26:00,258.35,259.0,258.15,258.5,445500,97156128
TATAPOWER_F1,04-09-2023,09:27:00,258.45,258.6,258.15,258.35,108000,97156128
TATAPOWER_F1,04-09-2023,09:28:00,258.25,258.25,257.75,258.0,168750,97156128
TATAPOWER_F1,04-09-2023,09:29:00,257.9,258.2,257.75,257.95,97875,97112248
TATAPOWER_F1,04-09-2023,09:30:00,257.85,258.1,257.75,258.1,50625,97112248
TATAPOWER_F1,04-09-2023,09:31:00,258.1,258.2,257.9,258.05,87750,97112248
TATAPOWER_F1,04-09-2023,09:32:00,257.8,257.85,257.55,257.8,131625,97146000
TATAPOWER_F1,04-09-2023,09:33:00,257.8,258.4,257.75,258.4,67500,97146000
TATAPOWER_F1,04-09-2023,09:34:00,258.45,258.45,258.15,258.35,70875,97146000
TATAPOWER_F1,04-09-2023,09:35:00,258.35,258.65,258.1,258.55,87750,97152752
TATAPOWER_F1,04-09-2023,09:36:00,258.5,258.5,257.75,257.8,114750,97152752
TATAPOWER_F1,04-09-2023,09:37:00,257.8,257.9,257.6,257.65,94500,97152752
TATAPOWER_F1,04-09-2023,09:38:00,257.6,257.9,257.5,257.75,84375,97189872
TATAPOWER_F1,04-09-2023,09:39:00,257.75,258.05,257.6,257.95,192375,97189872
TATAPOWER_F1,04-09-2023,09:40:00,257.8,257.95,257.55,257.55,50625,97189872
TATAPOWER_F1,04-09-2023,09:41:00,257.4,257.4,257.15,257.2,124875,97257376
TATAPOWER_F1,04-09-2023,09:42:00,257.1,257.25,256.75,256.75,172125,97257376
TATAPOWER_F1,04-09-2023,09:43:00,256.9,256.9,256.6,256.65,87750,97257376
TATAPOWER_F1,04-09-2023,09:44:00,256.6,256.6,256.1,256.35,232875,97220248
TATAPOWER_F1,04-09-2023,09:45:00,256.35,256.95,256.15,256.9,128250,97220248
TATAPOWER_F1,04-09-2023,09:46:00,256.7,256.95,256.6,256.95,108000,97220248
TATAPOWER_F1,04-09-2023,09:47:00,257.1,257.7,257.1,257.7,131625,97159504
TATAPOWER_F1,04-09-2023,09:48:00,257.55,257.6,257.35,257.35,70875,97159504
TATAPOWER_F1,04-09-2023,09:49:00,257.5,257.75,257.5,257.7,131625,97159504
TATAPOWER_F1,04-09-2023,09:50:00,257.65,258.2,257.6,258.05,94500,96987376
TATAPOWER_F1,04-09-2023,09:51:00,258.1,258.15,257.75,257.85,60750,96987376
TATAPOWER_F1,04-09-2023,09:52:00,257.8,258.2,257.8,257.9,114750,96987376
TATAPOWER_F1,04-09-2023,09:53:00,257.9,257.9,257.8,257.8,23625,96886128
TATAPOWER_F1,04-09-2023,09:54:00,257.65,257.8,257.65,257.65,64125,96886128
TATAPOWER_F1,04-09-2023,09:55:00,257.75,257.9,257.7,257.7,30375,96886128
TATAPOWER_F1,04-09-2023,09:56:00,257.65,257.8,257.45,257.65,91125,96845624
TATAPOWER_F1,04-09-2023,09:57:00,257.9,257.9,257.75,257.75,13500,96845624
TATAPOWER_F1,04-09-2023,09:58:00,257.75,257.85,257.7,257.75,30375,96845624
TATAPOWER_F1,04-09-2023,09:59:00,257.75,257.75,257.7,257.7,33750,96859128
TATAPOWER_F1,04-09-2023,10:00:00,257.75,258.0,257.75,258.0,54000,96859128
TATAPOWER_F1,04-09-2023,10:01:00,258.15,258.35,258.1,258.1,70875,96859128
TATAPOWER_F1,04-09-2023,10:02:00,258.1,258.1,258.05,258.1,13500,96862496
TATAPOWER_F1,04-09-2023,10:03:00,258.0,258.0,257.85,258.0,30375,96862496
TATAPOWER_F1,04-09-2023,10:04:00,258.25,258.35,258.25,258.3,23625,96862496
TATAPOWER_F1,04-09-2023,10:05:00,258.2,258.2,257.9,257.9,27000,96899624
TATAPOWER_F1,04-09-2023,10:06:00,257.9,258.2,257.85,258.05,60750,96899624
TATAPOWER_F1,04-09-2023,10:07:00,257.95,258.05,257.85,258.0,43875,96899624
TATAPOWER_F1,04-09-2023,10:08:00,258.0,258.0,257.85,257.9,57375,96913128
TATAPOWER_F1,04-09-2023,10:09:00,258.2,258.2,258.2,258.2,155250,96913128
TATAPOWER_F1,04-09-2023,10:10:00,258.1,258.3,258.1,258.3,47250,96913128
TATAPOWER_F1,04-09-2023,10:11:00,258.2,258.45,258.2,258.3,74250,96963752
TATAPOWER_F1,04-09-2023,10:12:00,258.1,258.15,257.95,258.05,54000,96963752
TATAPOWER_F1,04-09-2023,10:13:00,258.0,258.25,258.0,258.0,30375,96963752
TATAPOWER_F1,04-09-2023,10:14:00,257.9,258.0,257.9,257.9,33750,96963752
TATAPOWER_F1,04-09-2023,10:15:00,257.85,257.9,257.8,257.85,23625,96963752
TATAPOWER_F1,04-09-2023,10:16:00,257.8,257.8,257.6,257.7,40500,96963752
TATAPOWER_F1,04-09-2023,10:17:00,257.65,257.65,257.35,257.35,23625,96960376
TATAPOWER_F1,04-09-2023,10:18:00,257.3,257.4,257.15,257.15,54000,96960376
TATAPOWER_F1,04-09-2023,10:19:00,257.1,257.4,257.1,257.4,40500,96960376
TATAPOWER_F1,04-09-2023,10:20:00,257.4,257.4,257.3,257.4,40500,96960376
TATAPOWER_F1,04-09-2023,10:21:00,257.4,257.55,257.3,257.55,27000,96960376
TATAPOWER_F1,04-09-2023,10:22:00,257.55,257.6,257.55,257.6,6750,96960376
TATAPOWER_F1,04-09-2023,10:23:00,257.55,257.7,257.55,257.7,6750,96960376
TATAPOWER_F1,04-09-2023,10:24:00,257.7,257.9,257.7,257.75,33750,96936752
TATAPOWER_F1,04-09-2023,10:25:00,257.85,257.9,257.85,257.9,13500,96936752
TATAPOWER_F1,04-09-2023,10:26:00,257.85,258.1,257.6,257.95,84375,96970496
TATAPOWER_F1,04-09-2023,10:27:00,258.0,258.3,258.0,258.25,70875,96970496
TATAPOWER_F1,04-09-2023,10:28:00,258.2,258.25,258.15,258.15,20250,96970496
TATAPOWER_F1,04-09-2023,10:29:00,258.15,258.2,258.05,258.05,27000,96970496
TATAPOWER_F1,04-09-2023,10:30:00,258.1,258.35,258.1,258.25,33750,97007624
TATAPOWER_F1,04-09-2023,10:31:00,258.2,258.25,258.1,258.1,37125,97007624
TATAPOWER_F1,04-09-2023,10:32:00,258.1,258.1,257.9,257.9,30375,97014376
TATAPOWER_F1,04-09-2023,10:33:00,257.95,257.95,257.9,257.9,13500,97014376
TATAPOWER_F1,04-09-2023,10:34:00,257.85,258.0,257.85,258.0,40500,97014376
TATAPOWER_F1,04-09-2023,10:35:00,258.1,258.2,258.1,258.2,6750,97024496
TATAPOWER_F1,04-09-2023,10:36:00,258.0,258.0,257.9,257.9,10125,97024496
TATAPOWER_F1,04-09-2023,10:37:00,257.7,257.7,257.6,257.6,13500,97024496
TATAPOWER_F1,04-09-2023,10:38:00,257.55,257.6,257.55,257.6,20250,97027872
TATAPOWER_F1,04-09-2023,10:39:00,257.5,257.5,257.45,257.45,43875,97027872
TATAPOWER_F1,04-09-2023,10:40:00,257.7,257.75,257.7,257.75,37125,97027872
TATAPOWER_F1,04-09-2023,10:41:00,257.8,257.95,257.8,257.85,27000,97027872
TATAPOWER_F1,04-09-2023,10:42:00,257.85,258.25,257.85,258.25,47250,97027872
TATAPOWER_F1,04-09-2023,10:43:00,258.25,258.35,258.25,258.3,16875,97027872
TATAPOWER_F1,04-09-2023,10:44:00,258.2,258.3,258.2,258.3,43875,97051504
TATAPOWER_F1,04-09-2023,10:45:00,258.3,258.55,258.3,258.55,64125,97051504
TATAPOWER_F1,04-09-2023,10:46:00,258.4,258.55,258.4,258.45,43875,97051504
TATAPOWER_F1,04-09-2023,10:47:00,258.45,258.55,258.4,258.4,47250,97048128
TATAPOWER_F1,04-09-2023,10:48:00,258.45,258.45,258.35,258.45,33750,97048128
TATAPOWER_F1,04-09-2023,10:49:00,258.5,258.55,258.45,258.45,94500,97048128
TATAPOWER_F1,04-09-2023,10:50:00,258.35,258.35,258.25,258.25,20250,96990752
TATAPOWER_F1,04-09-2023,10:51:00,258.3,258.4,258.25,258.25,27000,96990752
TATAPOWER_F1,04-09-2023,10:52:00,258.35,259.2,258.35,258.9,202500,96990752
TATAPOWER_F1,04-09-2023,10:53:00,259.0,259.0,258.8,258.8,60750,96994128
TATAPOWER_F1,04-09-2023,10:54:00,258.9,259.0,258.6,258.6,43875,96994128
TATAPOWER_F1,04-09-2023,10:55:00,258.95,259.0,258.75,258.9,60750,96994128
TATAPOWER_F1,04-09-2023,10:56:00,258.9,259.35,258.9,259.35,145125,97041376
TATAPOWER_F1,04-09-2023,10:57:00,259.35,259.45,259.0,259.0,114750,97041376
TATAPOWER_F1,04-09-2023,10:58:00,259.1,259.1,258.7,258.85,74250,97041376
TATAPOWER_F1,04-09-2023,10:59:00,258.9,259.0,258.9,259.0,81000,97085248
TATAPOWER_F1,04-09-2023,11:00:00,258.95,258.95,258.7,258.7,84375,97085248
TATAPOWER_F1,04-09-2023,11:01:00,258.65,258.9,258.55,258.9,70875,97085248
TATAPOWER_F1,04-09-2023,11:02:00,258.9,259.15,258.9,259.15,60750,97105504
TATAPOWER_F1,04-09-2023,11:03:00,259.15,259.15,258.85,258.85,47250,97105504
TATAPOWER_F1,04-09-2023,11:04:00,258.9,258.9,258.6,258.7,84375,97105504
TATAPOWER_F1,04-09-2023,11:05:00,258.55,258.55,258.5,258.5,23625,97075128
TATAPOWER_F1,04-09-2023,11:06:00,258.35,258.45,258.3,258.35,114750,97075128
TATAPOWER_F1,04-09-2023,11:07:00,258.5,258.65,258.45,258.6,50625,97075128
TATAPOWER_F1,04-09-2023,11:08:00,258.6,258.65,258.6,258.65,16875,97075128
TATAPOWER_F1,04-09-2023,11:09:00,258.6,258.6,258.3,258.45,64125,96994128
TATAPOWER_F1,04-09-2023,11:10:00,258.4,258.4,258.35,258.35,16875,96994128
TATAPOWER_F1,04-09-2023,11:11:00,258.25,258.25,258.05,258.1,185625,96997504
TATAPOWER_F1,04-09-2023,11:12:00,258.15,258.2,258.15,258.15,30375,96997504
TATAPOWER_F1,04-09-2023,11:13:00,258.2,258.2,257.95,258.15,50625,96997504
TATAPOWER_F1,04-09-2023,11:14:00,258.3,258.3,258.3,258.3,3375,96990752
TATAPOWER_F1,04-09-2023,11:15:00,258.35,258.5,258.15,258.15,23625,96990752
TATAPOWER_F1,04-09-2023,11:16:00,258.15,258.15,257.8,257.8,30375,96990752
TATAPOWER_F1,04-09-2023,11:17:00,257.85,257.85,257.55,257.55,43875,96980624
TATAPOWER_F1,04-09-2023,11:18:00,257.6,257.6,257.4,257.4,67500,96980624
TATAPOWER_F1,04-09-2023,11:19:00,257.4,257.8,257.4,257.75,50625,96980624
TATAPOWER_F1,04-09-2023,11:20:00,257.7,257.75,257.6,257.6,27000,96970496
TATAPOWER_F1,04-09-2023,11:21:00,257.5,257.7,257.5,257.7,23625,96970496
TATAPOWER_F1,04-09-2023,11:22:00,257.7,257.7,257.6,257.6,10125,96970496
TATAPOWER_F1,04-09-2023,11:23:00,257.8,257.8,257.7,257.7,23625,96967128
TATAPOWER_F1,04-09-2023,11:24:00,257.6,257.6,257.6,257.6,10125,96967128
TATAPOWER_F1,04-09-2023,11:25:00,257.5,257.5,257.5,257.5,6750,96967128
TATAPOWER_F1,04-09-2023,11:26:00,257.25,257.6,257.2,257.6,94500,96967128
TATAPOWER_F1,04-09-2023,11:27:00,257.55,257.7,257.55,257.7,20250,96967128
TATAPOWER_F1,04-09-2023,11:28:00,257.65,257.9,257.65,257.9,33750,96967128
TATAPOWER_F1,04-09-2023,11:29:00,257.95,258.0,257.95,258.0,40500,97000872
TATAPOWER_F1,04-09-2023,11:30:00,257.95,257.95,257.65,257.65,33750,97000872
TATAPOWER_F1,04-09-2023,11:31:00,257.75,258.05,257.75,257.85,40500,97000872
TATAPOWER_F1,04-09-2023,11:32:00,257.8,258.15,257.8,258.15,23625,97007624
TATAPOWER_F1,04-09-2023,11:33:00,258.2,258.2,258.15,258.2,47250,97007624
TATAPOWER_F1,04-09-2023,11:34:00,258.2,258.35,258.2,258.35,23625,97007624
TATAPOWER_F1,04-09-2023,11:35:00,258.3,258.3,258.3,258.3,3375,97007624
TATAPOWER_F1,04-09-2023,11:36:00,258.3,258.3,258.3,258.3,10125,96994128
TATAPOWER_F1,04-09-2023,11:37:00,258.35,258.4,258.2,258.3,64125,96994128
TATAPOWER_F1,04-09-2023,11:38:00,258.3,258.3,258.3,258.3,3375,96994128
TATAPOWER_F1,04-09-2023,11:39:00,258.25,258.25,258.2,258.2,6750,96994128
TATAPOWER_F1,04-09-2023,11:40:00,258.05,258.05,258.05,258.05,3375,96994128
TATAPOWER_F1,04-09-2023,11:41:00,258.15,258.15,258.15,258.15,10125,96994128
TATAPOWER_F1,04-09-2023,11:42:00,258.0,258.0,257.9,257.9,13500,96896248
TATAPOWER_F1,04-09-2023,11:43:00,257.9,257.95,257.85,257.95,20250,96896248
TATAPOWER_F1,04-09-2023,11:44:00,258.0,258.05,258.0,258.0,16875,96899624
TATAPOWER_F1,04-09-2023,11:45:00,257.95,257.95,257.95,257.95,3375,96899624
TATAPOWER_F1,04-09-2023,11:46:00,257.9,257.9,257.8,257.8,16875,96899624
TATAPOWER_F1,04-09-2023,11:47:00,257.75,257.75,257.45,257.45,128250,96899624
TATAPOWER_F1,04-09-2023,11:48:00,257.45,257.45,257.3,257.3,47250,96899624
TATAPOWER_F1,04-09-2023,11:49:00,257.35,257.35,257.2,257.25,37125,96899624
TATAPOWER_F1,04-09-2023,11:50:00,257.3,257.3,257.25,257.3,13500,96899624
TATAPOWER_F1,04-09-2023,11:51:00,257.4,257.4,257.3,257.3,16875,96946872
TATAPOWER_F1,04-09-2023,11:52:00,257.3,257.3,257.3,257.3,30375,96946872
TATAPOWER_F1,04-09-2023,11:53:00,257.3,257.3,257.2,257.2,50625,96946872
TATAPOWER_F1,04-09-2023,11:54:00,257.2,257.2,257.2,257.2,20250,96940128
TATAPOWER_F1,04-09-2023,11:55:00,257.25,257.25,257.2,257.2,27000,96940128
TATAPOWER_F1,04-09-2023,11:56:00,257.15,257.15,257.15,257.15,3375,96940128
TATAPOWER_F1,04-09-2023,11:57:00,257.3,257.45,257.3,257.45,23625,96933376
TATAPOWER_F1,04-09-2023,11:58:00,257.45,257.45,257.45,257.45,3375,96933376
TATAPOWER_F1,04-09-2023,11:59:00,257.4,257.4,257.35,257.4,27000,96950248
TATAPOWER_F1,04-09-2023,12:00:00,257.35,257.35,257.35,257.35,3375,96950248
TATAPOWER_F1,04-09-2023,12:02:00,257.35,257.55,257.35,257.55,16875,96903000
TATAPOWER_F1,04-09-2023,12:03:00,257.5,257.5,257.25,257.25,23625,96903000
TATAPOWER_F1,04-09-2023,12:04:00,257.25,257.4,257.25,257.4,23625,96903000
TATAPOWER_F1,04-09-2023,12:05:00,257.35,257.35,257.25,257.25,27000,96903000
TATAPOWER_F1,04-09-2023,12:06:00,257.25,257.25,257.2,257.2,6750,96903000
TATAPOWER_F1,04-09-2023,12:07:00,257.15,257.15,257.05,257.05,40500,96903000
TATAPOWER_F1,04-09-2023,12:08:00,257.1,257.1,257.1,257.1,37125,96906376
TATAPOWER_F1,04-09-2023,12:09:00,257.15,257.15,257.1,257.1,20250,96906376
TATAPOWER_F1,04-09-2023,12:10:00,257.15,257.15,257.15,257.15,6750,96906376
TATAPOWER_F1,04-09-2023,12:11:00,257.2,257.2,257.15,257.15,13500,96906376
TATAPOWER_F1,04-09-2023,12:12:00,257.0,257.0,256.85,256.85,87750,96889504
TATAPOWER_F1,04-09-2023,12:13:00,256.8,256.9,256.8,256.9,60750,96889504
TATAPOWER_F1,04-09-2023,12:14:00,256.65,256.7,256.65,256.7,114750,96886128
TATAPOWER_F1,04-09-2023,12:15:00,256.65,256.7,256.65,256.7,30375,96886128
TATAPOWER_F1,04-09-2023,12:16:00,256.7,256.8,256.65,256.75,232875,96886128
TATAPOWER_F1,04-09-2023,12:17:00,256.75,256.8,256.75,256.75,20250,96859128
TATAPOWER_F1,04-09-2023,12:18:00,256.8,256.9,256.8,256.9,16875,96859128
TATAPOWER_F1,04-09-2023,12:19:00,256.85,256.95,256.85,256.95,37125,96859128
TATAPOWER_F1,04-09-2023,12:20:00,256.95,256.95,256.95,256.95,16875,96862496
TATAPOWER_F1,04-09-2023,12:21:00,256.95,257.0,256.85,256.85,40500,96862496
TATAPOWER_F1,04-09-2023,12:22:00,256.85,256.85,256.85,256.85,23625,96862496
TATAPOWER_F1,04-09-2023,12:23:00,256.95,257.1,256.95,257.1,13500,96862496
TATAPOWER_F1,04-09-2023,12:24:00,257.4,257.4,257.4,257.4,246375,96882752
TATAPOWER_F1,04-09-2023,12:25:00,257.25,257.25,257.1,257.1,77625,96882752
TATAPOWER_F1,04-09-2023,12:26:00,257.05,257.15,257.05,257.15,40500,96957000
TATAPOWER_F1,04-09-2023,12:27:00,257.1,257.1,257.0,257.0,30375,96957000
TATAPOWER_F1,04-09-2023,12:28:00,256.95,256.95,256.95,256.95,10125,96957000
TATAPOWER_F1,04-09-2023,12:29:00,256.9,257.05,256.9,257.05,20250,96980624
TATAPOWER_F1,04-09-2023,12:30:00,257.05,257.1,257.0,257.0,20250,96980624
TATAPOWER_F1,04-09-2023,12:31:00,257.05,257.05,257.05,257.05,13500,96980624
TATAPOWER_F1,04-09-2023,12:32:00,257.1,257.1,257.0,257.0,27000,96977248
TATAPOWER_F1,04-09-2023,12:33:00,257.0,257.0,257.0,257.0,6750,96977248
TATAPOWER_F1,04-09-2023,12:34:00,256.95,257.0,256.95,257.0,13500,96977248
TATAPOWER_F1,04-09-2023,12:35:00,256.75,256.75,256.65,256.75,33750,96977248
TATAPOWER_F1,04-09-2023,12:36:00,256.7,256.8,256.7,256.8,13500,96943504
TATAPOWER_F1,04-09-2023,12:37:00,256.9,256.9,256.7,256.7,10125,96943504
TATAPOWER_F1,04-09-2023,12:38:00,256.85,257.1,256.85,257.1,20250,96943504
TATAPOWER_F1,04-09-2023,12:39:00,257.0,257.15,256.9,257.05,33750,96909752
TATAPOWER_F1,04-09-2023,12:41:00,257.3,257.3,257.2,257.2,16875,96899624
TATAPOWER_F1,04-09-2023,12:42:00,257.2,257.3,257.2,257.3,30375,96899624
TATAPOWER_F1,04-09-2023,12:43:00,257.2,257.2,257.2,257.2,3375,96899624
TATAPOWER_F1,04-09-2023,12:45:00,257.1,257.2,257.1,257.2,6750,96913128
TATAPOWER_F1,04-09-2023,12:46:00,257.2,257.25,257.2,257.25,6750,96913128
TATAPOWER_F1,04-09-2023,12:47:00,257.5,257.6,257.5,257.6,60750,96913128
TATAPOWER_F1,04-09-2023,12:48:00,257.55,257.55,257.4,257.4,16875,96913128
TATAPOWER_F1,04-09-2023,12:49:00,257.4,257.55,257.4,257.55,13500,96913128
TATAPOWER_F1,04-09-2023,12:51:00,257.55,257.55,257.55,257.55,3375,96913128
TATAPOWER_F1,04-09-2023,12:52:00,257.5,257.5,257.35,257.35,16875,96913128
TATAPOWER_F1,04-09-2023,12:53:00,257.45,257.6,257.45,257.6,10125,96913128
TATAPOWER_F1,04-09-2023,12:54:00,257.7,257.9,257.7,257.9,87750,96855752
TATAPOWER_F1,04-09-2023,12:55:00,257.85,257.9,257.8,257.9,16875,96855752
TATAPOWER_F1,04-09-2023,12:56:00,257.9,257.9,257.9,257.9,10125,96855752
TATAPOWER_F1,04-09-2023,12:57:00,257.85,257.95,257.85,257.95,6750,96879376
TATAPOWER_F1,04-09-2023,12:58:00,257.8,257.9,257.8,257.9,27000,96879376
TATAPOWER_F1,04-09-2023,12:59:00,257.95,257.95,257.95,257.95,6750,96879376
TATAPOWER_F1,04-09-2023,13:00:00,258.0,258.05,258.0,258.05,37125,96886128
TATAPOWER_F1,04-09-2023,13:01:00,258.0,258.8,258.0,258.75,266625,96886128
TATAPOWER_F1,04-09-2023,13:02:00,258.8,259.0,258.75,258.95,151875,96984000
TATAPOWER_F1,04-09-2023,13:03:00,258.85,259.3,258.85,259.3,131625,96984000
TATAPOWER_F1,04-09-2023,13:04:00,259.3,260.3,259.15,260.25,904500,96984000
TATAPOWER_F1,04-09-2023,13:05:00,260.25,260.25,259.5,260.05,833625,97031248
TATAPOWER_F1,04-09-2023,13:06:00,260.2,261.4,260.2,261.4,955125,97031248
TATAPOWER_F1,04-09-2023,13:07:00,261.4,261.7,261.2,261.3,894375,97031248
TATAPOWER_F1,04-09-2023,13:08:00,261.35,261.5,260.8,261.05,364500,97183128
TATAPOWER_F1,04-09-2023,13:09:00,261.1,262.4,261.0,262.4,1117125,97183128
TATAPOWER_F1,04-09-2023,13:10:00,262.4,262.65,261.9,261.9,570375,97183128
TATAPOWER_F1,04-09-2023,13:11:00,261.8,261.9,261.3,261.65,536625,97132496
TATAPOWER_F1,04-09-2023,13:12:00,261.7,261.75,261.5,261.75,145125,97132496
TATAPOWER_F1,04-09-2023,13:13:00,261.55,261.6,261.35,261.45,114750,97132496
TATAPOWER_F1,04-09-2023,13:14:00,261.35,262.25,261.35,262.25,344250,97206752
TATAPOWER_F1,04-09-2023,13:15:00,262.25,263.45,262.25,263.0,813375,97206752
TATAPOWER_F1,04-09-2023,13:16:00,263.0,263.6,262.9,263.15,550125,97206752
TATAPOWER_F1,04-09-2023,13:17:00,263.05,263.15,262.6,262.9,327375,97038000
TATAPOWER_F1,04-09-2023,13:18:00,262.85,263.1,262.6,263.1,253125,97038000
TATAPOWER_F1,04-09-2023,13:19:00,263.2,263.4,263.0,263.4,286875,97038000
TATAPOWER_F1,04-09-2023,13:20:00,263.35,263.7,263.15,263.25,226125,97051504
TATAPOWER_F1,04-09-2023,13:21:00,263.25,263.3,263.0,263.1,219375,97051504
TATAPOWER_F1,04-09-2023,13:22:00,263.05,263.6,263.05,263.5,533250,97051504
TATAPOWER_F1,04-09-2023,13:23:00,263.65,263.65,263.05,263.05,202500,97041376
TATAPOWER_F1,04-09-2023,13:24:00,263.05,263.2,262.95,263.1,246375,97041376
TATAPOWER_F1,04-09-2023,13:25:00,263.1,263.15,262.8,263.15,155250,97041376
TATAPOWER_F1,04-09-2023,13:26:00,263.05,263.3,262.85,262.85,145125,97041376
TATAPOWER_F1,04-09-2023,13:27:00,262.85,263.1,262.8,263.05,168750,97031248
TATAPOWER_F1,04-09-2023,13:28:00,262.9,263.5,262.85,263.2,192375,97031248
TATAPOWER_F1,04-09-2023,13:29:00,263.05,263.25,262.9,263.15,486000,97021128
TATAPOWER_F1,04-09-2023,13:30:00,263.0,263.2,263.0,263.1,64125,97021128
TATAPOWER_F1,04-09-2023,13:31:00,263.1,263.15,263.1,263.1,37125,97021128
TATAPOWER_F1,04-09-2023,13:32:00,263.2,263.2,262.5,262.5,280125,97085248
TATAPOWER_F1,04-09-2023,13:33:00,262.5,262.75,262.5,262.75,81000,97085248
TATAPOWER_F1,04-09-2023,13:34:00,262.75,262.75,262.5,262.5,40500,97085248
TATAPOWER_F1,04-09-2023,13:35:00,262.5,262.55,262.2,262.35,189000,97044752
TATAPOWER_F1,04-09-2023,13:36:00,262.5,262.5,262.35,262.45,67500,97044752
TATAPOWER_F1,04-09-2023,13:37:00,262.45,262.45,262.4,262.45,27000,97044752
TATAPOWER_F1,04-09-2023,13:38:00,262.4,262.95,262.4,262.95,101250,97044752
TATAPOWER_F1,04-09-2023,13:39:00,262.9,263.0,262.75,262.95,121500,97098752
TATAPOWER_F1,04-09-2023,13:40:00,262.85,262.85,262.6,262.7,77625,97098752
TATAPOWER_F1,04-09-2023,13:41:00,262.7,262.95,262.7,262.95,43875,97098752
TATAPOWER_F1,04-09-2023,13:42:00,262.85,262.9,262.85,262.9,84375,97216872
TATAPOWER_F1,04-09-2023,13:43:00,262.95,262.95,262.7,262.7,108000,97216872
TATAPOWER_F1,04-09-2023,13:44:00,262.7,262.7,262.5,262.5,37125,97216872
TATAPOWER_F1,04-09-2023,13:45:00,262.55,262.7,262.55,262.6,57375,97243872
TATAPOWER_F1,04-09-2023,13:46:00,262.8,262.9,262.75,262.9,138375,97243872
TATAPOWER_F1,04-09-2023,13:47:00,262.95,262.95,262.85,262.85,20250,97243872
TATAPOWER_F1,04-09-2023,13:48:00,262.95,262.95,262.9,262.9,33750,97301248
TATAPOWER_F1,04-09-2023,13:49:00,262.5,262.6,262.4,262.5,357750,97301248
TATAPOWER_F1,04-09-2023,13:50:00,262.55,262.7,262.55,262.7,50625,97301248
TATAPOWER_F1,04-09-2023,13:51:00,262.65,262.65,262.65,262.65,13500,97085248
TATAPOWER_F1,04-09-2023,13:52:00,262.65,262.65,262.5,262.5,67500,97085248
TATAPOWER_F1,04-09-2023,13:53:00,262.5,262.6,262.5,262.55,50625,97085248
TATAPOWER_F1,04-09-2023,13:54:00,262.5,262.6,262.4,262.4,30375,96913128
TATAPOWER_F1,04-09-2023,13:55:00,262.5,262.5,262.5,262.5,20250,96913128
TATAPOWER_F1,04-09-2023,13:56:00,262.7,262.7,262.25,262.25,151875,96913128
TATAPOWER_F1,04-09-2023,13:57:00,262.3,262.3,261.85,262.0,239625,96886128
TATAPOWER_F1,04-09-2023,13:58:00,262.0,262.0,261.6,261.6,94500,96886128
TATAPOWER_F1,04-09-2023,13:59:00,261.6,261.65,261.4,261.4,145125,96886128
TATAPOWER_F1,04-09-2023,14:00:00,261.8,262.25,261.75,261.95,290250,96798376
TATAPOWER_F1,04-09-2023,14:01:00,262.0,262.0,261.9,261.95,43875,96798376
TATAPOWER_F1,04-09-2023,14:02:00,261.8,261.8,261.55,261.55,57375,96798376
TATAPOWER_F1,04-09-2023,14:03:00,261.55,261.6,261.5,261.6,87750,96764624
TATAPOWER_F1,04-09-2023,14:04:00,261.65,261.75,261.6,261.6,70875,96764624
TATAPOWER_F1,04-09-2023,14:05:00,261.55,261.55,261.45,261.45,23625,96764624
TATAPOWER_F1,04-09-2023,14:06:00,261.45,261.45,261.2,261.35,168750,96754496
TATAPOWER_F1,04-09-2023,14:07:00,261.35,261.35,261.25,261.25,40500,96754496
TATAPOWER_F1,04-09-2023,14:08:00,261.3,261.5,261.3,261.3,27000,96754496
TATAPOWER_F1,04-09-2023,14:09:00,261.25,261.35,261.1,261.1,168750,96774752
TATAPOWER_F1,04-09-2023,14:10:00,261.2,261.2,260.85,261.1,135000,96774752
TATAPOWER_F1,04-09-2023,14:11:00,261.1,261.1,260.75,260.75,57375,96774752
TATAPOWER_F1,04-09-2023,14:12:00,260.8,261.05,260.8,261.05,50625,96835504
TATAPOWER_F1,04-09-2023,14:13:00,261.15,261.3,261.1,261.3,43875,96835504
TATAPOWER_F1,04-09-2023,14:14:00,261.25,261.4,261.0,261.4,87750,96835504
TATAPOWER_F1,04-09-2023,14:15:00,261.2,261.4,261.15,261.15,84375,96764624
TATAPOWER_F1,04-09-2023,14:16:00,261.2,261.2,261.2,261.2,6750,96764624
TATAPOWER_F1,04-09-2023,14:17:00,261.2,261.2,260.9,260.9,57375,96764624
TATAPOWER_F1,04-09-2023,14:18:00,261.05,261.05,261.0,261.0,23625,96852376
TATAPOWER_F1,04-09-2023,14:19:00,261.0,261.0,261.0,261.0,3375,96852376
TATAPOWER_F1,04-09-2023,14:20:00,260.75,260.8,260.3,260.55,256500,96852376
TATAPOWER_F1,04-09-2023,14:21:00,260.45,260.75,260.45,260.65,60750,96869248
TATAPOWER_F1,04-09-2023,14:22:00,260.75,260.75,260.5,260.55,47250,96869248
TATAPOWER_F1,04-09-2023,14:23:00,260.6,260.6,260.45,260.5,37125,96869248
TATAPOWER_F1,04-09-2023,14:24:00,260.6,260.65,260.5,260.65,23625,96889504
TATAPOWER_F1,04-09-2023,14:25:00,260.55,260.6,260.45,260.45,23625,96889504
TATAPOWER_F1,04-09-2023,14:26:00,260.4,260.45,260.3,260.3,111375,96889504
TATAPOWER_F1,04-09-2023,14:27:00,260.45,260.65,260.4,260.65,101250,96838872
TATAPOWER_F1,04-09-2023,14:28:00,260.6,260.9,260.6,260.75,43875,96838872
TATAPOWER_F1,04-09-2023,14:29:00,260.8,260.9,260.65,260.85,57375,96838872
TATAPOWER_F1,04-09-2023,14:30:00,260.85,260.85,260.7,260.7,30375,96845624
TATAPOWER_F1,04-09-2023,14:31:00,260.7,260.7,260.6,260.65,30375,96845624
TATAPOWER_F1,04-09-2023,14:32:00,260.5,260.5,260.5,260.5,40500,96845624
TATAPOWER_F1,04-09-2023,14:33:00,260.55,260.7,260.5,260.65,50625,96899624
TATAPOWER_F1,04-09-2023,14:34:00,260.75,260.75,260.6,260.6,30375,96899624
TATAPOWER_F1,04-09-2023,14:35:00,260.6,260.65,260.6,260.65,33750,96899624
TATAPOWER_F1,04-09-2023,14:36:00,260.9,260.9,260.9,260.9,13500,96923248
TATAPOWER_F1,04-09-2023,14:37:00,260.7,260.75,260.55,260.75,27000,96923248
TATAPOWER_F1,04-09-2023,14:38:00,260.75,260.95,260.75,260.9,33750,96923248
TATAPOWER_F1,04-09-2023,14:39:00,260.85,260.9,260.75,260.9,54000,96933376
TATAPOWER_F1,04-09-2023,14:40:00,260.85,261.0,260.85,261.0,23625,96933376
TATAPOWER_F1,04-09-2023,14:41:00,261.0,261.0,260.7,260.7,43875,96933376
TATAPOWER_F1,04-09-2023,14:42:00,260.7,260.7,260.6,260.7,47250,96876000
TATAPOWER_F1,04-09-2023,14:43:00,260.75,260.85,260.75,260.75,23625,96876000
TATAPOWER_F1,04-09-2023,14:44:00,260.6,260.95,260.6,260.95,43875,96876000
TATAPOWER_F1,04-09-2023,14:45:00,261.05,261.05,260.95,261.05,23625,96906376
TATAPOWER_F1,04-09-2023,14:46:00,260.85,260.85,260.45,260.6,60750,96906376
TATAPOWER_F1,04-09-2023,14:47:00,260.75,260.75,260.7,260.7,10125,96906376
TATAPOWER_F1,04-09-2023,14:48:00,260.75,260.75,260.75,260.75,6750,96923248
TATAPOWER_F1,04-09-2023,14:49:00,260.7,260.75,260.7,260.75,23625,96923248
TATAPOWER_F1,04-09-2023,14:50:00,260.65,260.7,260.65,260.7,27000,96923248
TATAPOWER_F1,04-09-2023,14:51:00,260.9,260.95,260.9,260.9,20250,96899624
TATAPOWER_F1,04-09-2023,14:52:00,260.95,261.1,260.85,261.1,50625,96899624
TATAPOWER_F1,04-09-2023,14:53:00,261.05,261.05,261.0,261.0,40500,96899624
TATAPOWER_F1,04-09-2023,14:54:00,261.0,261.0,260.65,260.8,30375,96798376
TATAPOWER_F1,04-09-2023,14:55:00,260.65,260.7,260.5,260.7,57375,96798376
TATAPOWER_F1,04-09-2023,14:56:00,260.65,260.7,260.65,260.7,20250,96798376
TATAPOWER_F1,04-09-2023,14:57:00,260.75,260.8,260.5,260.5,50625,96798376
TATAPOWER_F1,04-09-2023,14:58:00,260.5,260.5,260.5,260.5,20250,96798376
TATAPOWER_F1,04-09-2023,14:59:00,260.5,260.9,260.5,260.9,40500,96798376
TATAPOWER_F1,04-09-2023,15:00:00,261.15,261.15,260.7,261.0,70875,96619504
TATAPOWER_F1,04-09-2023,15:01:00,261.0,261.05,260.9,260.95,70875,96619504
TATAPOWER_F1,04-09-2023,15:02:00,260.9,260.9,260.8,260.85,27000,96619504
TATAPOWER_F1,04-09-2023,15:03:00,260.8,260.85,260.65,260.7,47250,96646496
TATAPOWER_F1,04-09-2023,15:04:00,260.7,260.7,260.6,260.6,23625,96646496
TATAPOWER_F1,04-09-2023,15:05:00,260.5,260.75,260.5,260.75,67500,96646496
TATAPOWER_F1,04-09-2023,15:06:00,260.75,260.9,260.75,260.9,30375,96676872
TATAPOWER_F1,04-09-2023,15:07:00,260.85,260.85,260.7,260.7,33750,96676872
TATAPOWER_F1,04-09-2023,15:08:00,260.9,260.95,260.85,260.85,40500,96676872
TATAPOWER_F1,04-09-2023,15:09:00,260.8,261.0,260.8,260.9,37125,96673504
TATAPOWER_F1,04-09-2023,15:10:00,260.85,260.85,260.75,260.75,16875,96673504
TATAPOWER_F1,04-09-2023,15:11:00,260.7,261.0,260.7,261.0,54000,96673504
TATAPOWER_F1,04-09-2023,15:12:00,260.95,260.95,260.85,260.85,60750,96622872
TATAPOWER_F1,04-09-2023,15:13:00,261.1,261.15,261.05,261.15,185625,96622872
TATAPOWER_F1,04-09-2023,15:14:00,261.1,261.25,261.1,261.15,158625,96622872
TATAPOWER_F1,04-09-2023,15:15:00,261.1,261.2,261.05,261.05,141750,96697128
TATAPOWER_F1,04-09-2023,15:16:00,261.1,261.1,260.9,260.95,94500,96697128
TATAPOWER_F1,04-09-2023,15:17:00,260.95,260.95,260.85,260.9,50625,96697128
TATAPOWER_F1,04-09-2023,15:18:00,261.0,261.0,260.8,260.8,57375,96697128
TATAPOWER_F1,04-09-2023,15:19:00,260.85,260.9,260.75,260.85,57375,96697128
TATAPOWER_F1,04-09-2023,15:20:00,260.9,260.9,260.7,260.75,77625,96697128
TATAPOWER_F1,04-09-2023,15:21:00,260.65,260.8,260.65,260.75,108000,96700496
TATAPOWER_F1,04-09-2023,15:22:00,260.75,261.0,260.75,260.95,97875,96700496
TATAPOWER_F1,04-09-2023,15:23:00,261.0,261.0,260.95,261.0,64125,96700496
TATAPOWER_F1,04-09-2023,15:24:00,260.95,260.95,260.9,260.95,175500,96744376
TATAPOWER_F1,04-09-2023,15:25:00,260.9,260.9,260.8,260.8,47250,96744376
TATAPOWER_F1,04-09-2023,15:26:00,260.9,260.9,260.75,260.75,101250,96744376
TATAPOWER_F1,04-09-2023,15:27:00,260.85,260.85,260.85,260.85,50625,96774752
TATAPOWER_F1,04-09-2023,15:28:00,260.85,260.85,260.7,260.7,121500,96774752
TATAPOWER_F1,04-09-2023,15:29:00,260.9,260.95,260.9,260.9,219375,96174000
TATAPOWER_F1,05-09-2023,09:15:00,261.4,262.65,261.1,262.65,401626,96174000
TATAPOWER_F1,05-09-2023,09:16:00,262.7,262.95,262.6,262.6,472500,96174000
TATAPOWER_F1,05-09-2023,09:17:00,262.75,263.4,262.7,263.3,732375,96184128
TATAPOWER_F1,05-09-2023,09:18:00,263.2,263.55,263.05,263.2,492750,96184128
TATAPOWER_F1,05-09-2023,09:19:00,263.1,263.15,262.1,262.3,502875,96184128
TATAPOWER_F1,05-09-2023,09:20:00,262.35,262.6,261.5,261.65,438750,96231376
TATAPOWER_F1,05-09-2023,09:21:00,261.45,261.75,260.7,261.75,344250,96231376
TATAPOWER_F1,05-09-2023,09:22:00,261.7,261.95,261.5,261.95,151875,96231376
TATAPOWER_F1,05-09-2023,09:23:00,261.7,261.8,261.3,261.75,131625,96322496
TATAPOWER_F1,05-09-2023,09:24:00,261.7,261.8,261.6,261.7,67500,96322496
TATAPOWER_F1,05-09-2023,09:25:00,261.7,261.75,261.25,261.75,286875,96322496
TATAPOWER_F1,05-09-2023,09:26:00,261.85,262.05,261.65,261.75,131625,96332624
TATAPOWER_F1,05-09-2023,09:27:00,261.65,261.65,261.1,261.35,97875,96332624
TATAPOWER_F1,05-09-2023,09:28:00,261.3,261.3,260.85,260.95,189000,96332624
TATAPOWER_F1,05-09-2023,09:29:00,260.9,261.45,260.9,261.45,104625,96288752
TATAPOWER_F1,05-09-2023,09:30:00,261.4,261.4,261.0,261.0,168750,96288752
TATAPOWER_F1,05-09-2023,09:31:00,261.0,261.15,260.75,261.15,128250,96288752
TATAPOWER_F1,05-09-2023,09:32:00,261.15,261.15,261.0,261.15,97875,96292128
TATAPOWER_F1,05-09-2023,09:33:00,261.15,261.35,261.05,261.1,74250,96292128
TATAPOWER_F1,05-09-2023,09:34:00,261.15,261.45,261.1,261.3,101250,96292128
TATAPOWER_F1,05-09-2023,09:35:00,261.2,261.5,261.1,261.5,54000,96309000
TATAPOWER_F1,05-09-2023,09:36:00,261.3,261.45,260.95,261.1,108000,96309000
TATAPOWER_F1,05-09-2023,09:37:00,261.1,261.2,261.0,261.05,87750,96309000
TATAPOWER_F1,05-09-2023,09:38:00,261.3,261.35,261.3,261.35,6750,96258376
TATAPOWER_F1,05-09-2023,09:39:00,261.0,261.15,261.0,261.15,91125,96258376
TATAPOWER_F1,05-09-2023,09:40:00,261.2,261.35,261.15,261.25,54000,96258376
TATAPOWER_F1,05-09-2023,09:41:00,261.1,261.1,260.9,260.9,67500,96147000
TATAPOWER_F1,05-09-2023,09:42:00,261.15,261.15,261.0,261.15,87750,96147000
TATAPOWER_F1,05-09-2023,09:43:00,261.15,261.5,261.05,261.5,50625,96147000
TATAPOWER_F1,05-09-2023,09:44:00,261.15,261.35,261.15,261.35,74250,96109872
TATAPOWER_F1,05-09-2023,09:45:00,261.6,261.9,261.6,261.7,81000,96109872
TATAPOWER_F1,05-09-2023,09:46:00,261.8,262.05,261.7,261.85,189000,96109872
TATAPOWER_F1,05-09-2023,09:47:00,261.85,262.0,261.85,261.9,64125,96052496
TATAPOWER_F1,05-09-2023,09:48:00,261.85,261.95,261.85,261.95,74250,96052496
TATAPOWER_F1,05-09-2023,09:49:00,262.4,262.85,262.4,262.85,509625,96052496
TATAPOWER_F1,05-09-2023,09:50:00,262.85,263.45,262.4,262.5,337500,95964752
TATAPOWER_F1,05-09-2023,09:51:00,262.45,262.45,262.1,262.1,128250,95964752
TATAPOWER_F1,05-09-2023,09:52:00,262.0,262.45,262.0,262.35,165375,95964752
TATAPOWER_F1,05-09-2023,09:53:00,262.2,262.85,262.2,262.85,148500,96079504
TATAPOWER_F1,05-09-2023,09:54:00,263.0,263.15,262.85,263.15,141750,96079504
TATAPOWER_F1,05-09-2023,09:55:00,263.1,263.2,262.9,262.9,114750,96079504
TATAPOWER_F1,05-09-2023,09:56:00,262.95,263.15,262.85,262.85,77625,96140248
TATAPOWER_F1,05-09-2023,09:57:00,262.65,262.85,262.5,262.5,84375,96140248
TATAPOWER_F1,05-09-2023,09:58:00,262.4,262.45,262.4,262.45,54000,96140248
TATAPOWER_F1,05-09-2023,09:59:00,262.45,262.45,262.3,262.3,37125,96140248
TATAPOWER_F1,05-09-2023,10:00:00,262.25,262.25,262.1,262.1,30375,96076128
TATAPOWER_F1,05-09-2023,10:01:00,262.25,262.25,262.15,262.15,50625,96076128
TATAPOWER_F1,05-09-2023,10:02:00,262.15,262.25,262.15,262.25,60750,96103128
TATAPOWER_F1,05-09-2023,10:03:00,262.4,262.65,262.4,262.65,87750,96103128
TATAPOWER_F1,05-09-2023,10:04:00,262.7,262.75,262.5,262.5,50625,96103128
TATAPOWER_F1,05-09-2023,10:05:00,262.5,262.5,262.45,262.5,74250,96069376
TATAPOWER_F1,05-09-2023,10:06:00,262.55,262.55,262.35,262.5,50625,96069376
TATAPOWER_F1,05-09-2023,10:07:00,262.5,262.5,262.25,262.25,54000,96069376
TATAPOWER_F1,05-09-2023,10:08:00,262.35,262.35,262.25,262.25,47250,96093000
TATAPOWER_F1,05-09-2023,10:09:00,262.4,262.6,262.4,262.55,94500,96093000
TATAPOWER_F1,05-09-2023,10:10:00,262.65,262.7,262.45,262.45,27000,96093000
TATAPOWER_F1,05-09-2023,10:11:00,262.55,262.7,262.4,262.7,16875,96042376
TATAPOWER_F1,05-09-2023,10:12:00,262.7,262.7,262.6,262.65,27000,96042376
TATAPOWER_F1,05-09-2023,10:13:00,262.65,262.65,262.6,262.6,13500,96042376
TATAPOWER_F1,05-09-2023,10:14:00,262.45,262.45,262.4,262.45,91125,96042376
TATAPOWER_F1,05-09-2023,10:15:00,262.55,262.55,262.3,262.3,40500,96042376
TATAPOWER_F1,05-09-2023,10:16:00,262.2,262.2,262.0,262.0,47250,96042376
TATAPOWER_F1,05-09-2023,10:17:00,262.05,262.05,261.6,261.6,162000,96103128
TATAPOWER_F1,05-09-2023,10:18:00,261.6,261.6,260.9,260.95,286875,96103128
TATAPOWER_F1,05-09-2023,10:19:00,261.15,261.3,260.75,260.75,195750,96103128
TATAPOWER_F1,05-09-2023,10:20:00,260.75,260.75,260.4,260.5,189000,96160496
TATAPOWER_F1,05-09-2023,10:21:00,260.6,260.65,260.25,260.6,286875,96160496
TATAPOWER_F1,05-09-2023,10:22:00,260.45,260.75,260.45,260.75,60750,96160496
TATAPOWER_F1,05-09-2023,10:23:00,260.9,260.9,260.65,260.8,27000,96109872
TATAPOWER_F1,05-09-2023,10:24:00,260.7,260.8,260.7,260.8,20250,96109872
TATAPOWER_F1,05-09-2023,10:25:00,260.75,260.95,260.7,260.95,54000,96109872
TATAPOWER_F1,05-09-2023,10:26:00,260.75,260.75,260.4,260.4,131625,96109872
TATAPOWER_F1,05-09-2023,10:27:00,260.35,260.75,260.35,260.75,104625,96163872
TATAPOWER_F1,05-09-2023,10:28:00,260.6,260.7,260.6,260.7,16875,96163872
TATAPOWER_F1,05-09-2023,10:29:00,260.55,260.7,260.55,260.7,20250,96096376
TATAPOWER_F1,05-09-2023,10:30:00,260.6,260.6,260.4,260.4,135000,96096376
TATAPOWER_F1,05-09-2023,10:31:00,260.3,260.3,259.95,259.95,384750,96096376
TATAPOWER_F1,05-09-2023,10:32:00,259.95,260.3,259.95,260.2,135000,96072752
TATAPOWER_F1,05-09-2023,10:33:00,260.2,260.4,260.1,260.1,212625,96072752
TATAPOWER_F1,05-09-2023,10:34:00,260.05,260.1,259.85,259.85,108000,96072752
TATAPOWER_F1,05-09-2023,10:35:00,259.55,259.9,259.55,259.75,205875,95988376
TATAPOWER_F1,05-09-2023,10:36:00,259.75,259.85,259.7,259.85,27000,95988376
TATAPOWER_F1,05-09-2023,10:37:00,259.9,260.1,259.9,260.1,47250,95988376
TATAPOWER_F1,05-09-2023,10:38:00,260.0,260.2,260.0,260.2,33750,95988376
TATAPOWER_F1,05-09-2023,10:39:00,260.1,260.1,260.1,260.1,43875,95988376
TATAPOWER_F1,05-09-2023,10:40:00,260.1,260.2,260.1,260.2,33750,95988376
TATAPOWER_F1,05-09-2023,10:41:00,260.1,260.1,260.0,260.0,40500,95991752
TATAPOWER_F1,05-09-2023,10:42:00,260.0,260.2,260.0,260.2,40500,95991752
TATAPOWER_F1,05-09-2023,10:43:00,260.25,260.25,260.25,260.25,10125,95991752
TATAPOWER_F1,05-09-2023,10:44:00,260.2,260.2,259.9,259.9,37125,95823000
TATAPOWER_F1,05-09-2023,10:45:00,259.9,259.9,259.85,259.9,40500,95823000
TATAPOWER_F1,05-09-2023,10:46:00,259.9,259.95,259.85,259.85,43875,95823000
TATAPOWER_F1,05-09-2023,10:47:00,259.9,259.9,259.35,259.45,175500,95789248
TATAPOWER_F1,05-09-2023,10:48:00,259.4,259.5,259.2,259.3,212625,95789248
TATAPOWER_F1,05-09-2023,10:49:00,259.3,259.35,259.3,259.35,37125,95789248
TATAPOWER_F1,05-09-2023,10:50:00,259.35,259.35,259.2,259.35,27000,95745376
TATAPOWER_F1,05-09-2023,10:51:00,259.5,259.5,259.25,259.3,64125,95745376
TATAPOWER_F1,05-09-2023,10:52:00,259.3,259.6,259.25,259.6,33750,95745376
TATAPOWER_F1,05-09-2023,10:53:00,259.6,259.65,259.6,259.65,40500,95745376
TATAPOWER_F1,05-09-2023,10:54:00,259.7,259.75,259.6,259.6,70875,95745376
TATAPOWER_F1,05-09-2023,10:55:00,259.5,259.5,259.4,259.4,60750,95745376
TATAPOWER_F1,05-09-2023,10:56:00,259.55,259.65,259.55,259.65,40500,95721752
TATAPOWER_F1,05-09-2023,10:57:00,259.5,259.55,259.5,259.5,60750,95721752
TATAPOWER_F1,05-09-2023,10:58:00,259.55,259.6,259.55,259.55,16875,95721752
TATAPOWER_F1,05-09-2023,10:59:00,259.5,259.5,259.5,259.5,27000,95731872
TATAPOWER_F1,05-09-2023,11:00:00,259.6,259.6,259.4,259.4,16875,95731872
TATAPOWER_F1,05-09-2023,11:01:00,259.4,259.4,259.2,259.2,33750,95731872
TATAPOWER_F1,05-09-2023,11:02:00,259.25,259.45,259.25,259.45,23625,95745376
TATAPOWER_F1,05-09-2023,11:03:00,259.6,259.6,259.6,259.6,10125,95745376
TATAPOWER_F1,05-09-2023,11:04:00,259.65,259.7,259.65,259.65,40500,95745376
TATAPOWER_F1,05-09-2023,11:05:00,259.9,260.0,259.9,260.0,16875,95769000
TATAPOWER_F1,05-09-2023,11:06:00,260.0,260.0,259.9,259.95,87750,95769000
TATAPOWER_F1,05-09-2023,11:07:00,259.8,259.8,259.75,259.75,47250,95769000
TATAPOWER_F1,05-09-2023,11:08:00,259.65,259.65,259.6,259.6,13500,95769000
TATAPOWER_F1,05-09-2023,11:09:00,259.8,259.8,259.8,259.8,3375,95799376
TATAPOWER_F1,05-09-2023,11:10:00,259.85,259.85,259.85,259.85,3375,95799376
TATAPOWER_F1,05-09-2023,11:11:00,259.75,259.75,259.45,259.45,20250,95799376
TATAPOWER_F1,05-09-2023,11:12:00,259.5,259.5,259.35,259.35,27000,95816248
TATAPOWER_F1,05-09-2023,11:13:00,259.4,259.4,259.4,259.4,6750,95816248
TATAPOWER_F1,05-09-2023,11:14:00,259.25,259.5,259.25,259.5,16875,95816248
TATAPOWER_F1,05-09-2023,11:15:00,259.45,259.45,258.7,258.7,276750,95806128
TATAPOWER_F1,05-09-2023,11:16:00,258.95,259.0,258.95,258.95,81000,95806128
TATAPOWER_F1,05-09-2023,11:17:00,259.0,259.0,258.85,258.85,57375,95826376
TATAPOWER_F1,05-09-2023,11:18:00,258.8,259.0,258.8,258.95,81000,95826376
TATAPOWER_F1,05-09-2023,11:19:00,258.95,258.95,258.8,258.8,23625,95826376
TATAPOWER_F1,05-09-2023,11:20:00,258.95,259.15,258.95,259.15,16875,95846624
TATAPOWER_F1,05-09-2023,11:21:00,259.1,259.1,258.95,258.95,43875,95846624
TATAPOWER_F1,05-09-2023,11:22:00,259.0,259.8,259.0,259.8,327375,95846624
TATAPOWER_F1,05-09-2023,11:23:00,259.6,259.6,259.5,259.5,33750,95917504
TATAPOWER_F1,05-09-2023,11:24:00,259.5,259.5,259.45,259.45,20250,95917504
TATAPOWER_F1,05-09-2023,11:25:00,259.35,259.35,259.35,259.35,10125,95917504
TATAPOWER_F1,05-09-2023,11:26:00,259.65,259.85,259.65,259.85,20250,95917504
TATAPOWER_F1,05-09-2023,11:27:00,259.85,259.9,259.85,259.9,10125,95907376
TATAPOWER_F1,05-09-2023,11:28:00,259.85,259.9,259.85,259.9,16875,95907376
TATAPOWER_F1,05-09-2023,11:29:00,259.75,259.75,259.7,259.75,20250,95917504
TATAPOWER_F1,05-09-2023,11:30:00,259.8,259.8,259.8,259.8,3375,95917504
TATAPOWER_F1,05-09-2023,11:31:00,259.75,259.8,259.6,259.6,30375,95917504
TATAPOWER_F1,05-09-2023,11:32:00,259.55,259.55,259.45,259.55,33750,95917504
TATAPOWER_F1,05-09-2023,11:33:00,259.9,260.0,259.9,260.0,97875,95917504
TATAPOWER_F1,05-09-2023,11:34:00,259.95,259.95,259.9,259.9,20250,95917504
TATAPOWER_F1,05-09-2023,11:35:00,259.95,259.95,259.8,259.85,43875,95917504
TATAPOWER_F1,05-09-2023,11:36:00,260.0,260.0,260.0,260.0,33750,95924248
TATAPOWER_F1,05-09-2023,11:37:00,260.05,260.1,260.05,260.1,30375,95924248
TATAPOWER_F1,05-09-2023,11:38:00,260.2,260.45,260.2,260.45,81000,95924248
TATAPOWER_F1,05-09-2023,11:39:00,260.65,260.95,260.65,260.8,158625,95978248
TATAPOWER_F1,05-09-2023,11:40:00,261.0,261.0,260.7,260.8,43875,95978248
TATAPOWER_F1,05-09-2023,11:41:00,260.75,260.75,260.5,260.5,40500,95978248
TATAPOWER_F1,05-09-2023,11:42:00,260.5,260.5,260.5,260.5,10125,96025504
TATAPOWER_F1,05-09-2023,11:43:00,260.6,260.85,260.6,260.7,43875,96025504
TATAPOWER_F1,05-09-2023,11:44:00,260.65,260.65,260.65,260.65,10125,96025504
TATAPOWER_F1,05-09-2023,11:46:00,260.55,260.55,260.55,260.55,6750,95941128
TATAPOWER_F1,05-09-2023,11:47:00,260.5,260.55,260.5,260.55,10125,95941128
TATAPOWER_F1,05-09-2023,11:48:00,260.6,260.6,260.6,260.6,3375,95944496
TATAPOWER_F1,05-09-2023,11:49:00,260.4,260.4,260.4,260.4,6750,95944496
TATAPOWER_F1,05-09-2023,11:50:00,260.4,260.55,260.4,260.55,33750,95937752
TATAPOWER_F1,05-09-2023,11:51:00,260.6,260.65,260.6,260.65,23625,95937752
TATAPOWER_F1,05-09-2023,11:52:00,260.65,260.75,260.65,260.75,6750,95937752
TATAPOWER_F1,05-09-2023,11:53:00,260.75,260.75,260.65,260.65,23625,95937752
TATAPOWER_F1,05-09-2023,11:54:00,260.65,260.65,260.65,260.65,13500,95927624
TATAPOWER_F1,05-09-2023,11:55:00,260.65,260.8,260.65,260.8,43875,95927624
TATAPOWER_F1,05-09-2023,11:56:00,260.8,260.8,260.75,260.75,10125,95927624
TATAPOWER_F1,05-09-2023,11:57:00,260.6,260.65,260.5,260.65,87750,95958000
TATAPOWER_F1,05-09-2023,11:58:00,260.65,260.65,260.6,260.6,30375,95958000
TATAPOWER_F1,05-09-2023,11:59:00,260.4,260.45,260.4,260.45,6750,95995128
TATAPOWER_F1,05-09-2023,12:00:00,260.3,260.3,260.3,260.3,37125,95995128
TATAPOWER_F1,05-09-2023,12:01:00,260.3,260.35,260.2,260.3,20250,95995128
TATAPOWER_F1,05-09-2023,12:02:00,260.1,260.1,260.0,260.0,47250,95995128
TATAPOWER_F1,05-09-2023,12:03:00,260.2,260.2,260.0,260.0,47250,95981624
TATAPOWER_F1,05-09-2023,12:05:00,260.0,260.0,259.9,259.9,16875,95981624
TATAPOWER_F1,05-09-2023,12:06:00,260.05,260.05,260.0,260.0,30375,95961376
TATAPOWER_F1,05-09-2023,12:08:00,260.0,260.05,260.0,260.05,6750,95961376
TATAPOWER_F1,05-09-2023,12:09:00,260.0,260.0,259.95,259.95,6750,95934376
TATAPOWER_F1,05-09-2023,12:10:00,259.7,259.8,259.7,259.8,30375,95934376
TATAPOWER_F1,05-09-2023,12:11:00,259.7,259.75,259.6,259.65,27000,95934376
TATAPOWER_F1,05-09-2023,12:12:00,259.55,259.55,259.45,259.45,20250,95934376
TATAPOWER_F1,05-09-2023,12:13:00,259.5,259.5,259.5,259.5,10125,95934376
TATAPOWER_F1,05-09-2023,12:14:00,259.75,259.9,259.75,259.9,16875,95934376
TATAPOWER_F1,05-09-2023,12:15:00,259.7,259.8,259.7,259.8,10125,95944496
TATAPOWER_F1,05-09-2023,12:16:00,259.75,259.75,259.6,259.6,23625,95944496
TATAPOWER_F1,05-09-2023,12:17:00,259.55,259.55,259.5,259.5,81000,95947872
TATAPOWER_F1,05-09-2023,12:18:00,259.6,259.6,259.6,259.6,13500,95947872
TATAPOWER_F1,05-09-2023,12:19:00,259.3,259.35,259.0,259.0,141750,95947872
TATAPOWER_F1,05-09-2023,12:20:00,259.0,259.1,258.95,259.1,33750,95947872
TATAPOWER_F1,05-09-2023,12:21:00,259.05,259.15,259.05,259.1,16875,95947872
TATAPOWER_F1,05-09-2023,12:22:00,259.0,259.15,259.0,259.0,47250,95947872
TATAPOWER_F1,05-09-2023,12:23:00,259.2,259.2,258.95,259.05,111375,95947872
TATAPOWER_F1,05-09-2023,12:24:00,259.05,259.05,258.95,258.95,6750,95934376
TATAPOWER_F1,05-09-2023,12:25:00,258.9,258.9,258.9,258.9,27000,95934376
TATAPOWER_F1,05-09-2023,12:26:00,258.9,259.0,258.75,258.75,54000,95924248
TATAPOWER_F1,05-09-2023,12:27:00,258.7,258.7,258.55,258.7,27000,95924248
TATAPOWER_F1,05-09-2023,12:28:00,258.65,258.8,258.65,258.65,20250,95924248
TATAPOWER_F1,05-09-2023,12:29:00,258.65,258.65,258.65,258.65,6750,95924248
TATAPOWER_F1,05-09-2023,12:30:00,258.65,258.65,258.25,258.25,209250,95917504
TATAPOWER_F1,05-09-2023,12:31:00,258.2,258.2,258.0,258.0,124875,95917504
TATAPOWER_F1,05-09-2023,12:32:00,257.8,257.8,257.65,257.65,87750,95917504
TATAPOWER_F1,05-09-2023,12:33:00,257.65,257.75,257.45,257.45,74250,95907376
TATAPOWER_F1,05-09-2023,12:34:00,257.55,257.55,257.25,257.25,91125,95907376
TATAPOWER_F1,05-09-2023,12:35:00,257.5,257.75,257.5,257.7,50625,95917504
TATAPOWER_F1,05-09-2023,12:36:00,257.8,257.95,257.8,257.95,43875,95917504
TATAPOWER_F1,05-09-2023,12:37:00,257.9,257.9,257.7,257.75,57375,95917504
TATAPOWER_F1,05-09-2023,12:38:00,257.85,258.0,257.75,257.75,131625,95917504
TATAPOWER_F1,05-09-2023,12:39:00,257.7,257.75,257.4,257.4,84375,95897248
TATAPOWER_F1,05-09-2023,12:40:00,257.15,257.15,257.15,257.15,37125,95897248
TATAPOWER_F1,05-09-2023,12:41:00,256.95,257.05,256.9,257.05,155250,95897248
TATAPOWER_F1,05-09-2023,12:42:00,257.05,257.05,256.9,256.9,47250,95897248
TATAPOWER_F1,05-09-2023,12:43:00,256.6,256.8,256.6,256.8,91125,95897248
TATAPOWER_F1,05-09-2023,12:44:00,256.9,257.15,256.7,256.8,97875,95897248
TATAPOWER_F1,05-09-2023,12:45:00,256.9,256.9,256.65,256.7,37125,95880376
TATAPOWER_F1,05-09-2023,12:46:00,256.7,257.1,256.7,257.1,60750,95880376
TATAPOWER_F1,05-09-2023,12:47:00,257.1,257.1,257.0,257.0,57375,95880376
TATAPOWER_F1,05-09-2023,12:48:00,257.15,257.15,256.95,256.95,70875,95927624
TATAPOWER_F1,05-09-2023,12:49:00,256.9,257.1,256.9,257.1,91125,95927624
TATAPOWER_F1,05-09-2023,12:50:00,257.25,257.7,257.2,257.65,74250,95927624
TATAPOWER_F1,05-09-2023,12:51:00,257.5,257.5,257.5,257.5,47250,95890496
TATAPOWER_F1,05-09-2023,12:52:00,257.7,257.7,257.5,257.5,37125,95890496
TATAPOWER_F1,05-09-2023,12:53:00,257.6,257.85,257.6,257.75,57375,95890496
TATAPOWER_F1,05-09-2023,12:54:00,257.9,257.9,257.9,257.9,13500,95937752
TATAPOWER_F1,05-09-2023,12:55:00,258.0,258.0,257.6,257.6,97875,95937752
TATAPOWER_F1,05-09-2023,12:56:00,257.75,257.75,257.75,257.75,13500,95937752
TATAPOWER_F1,05-09-2023,12:57:00,257.85,257.85,257.6,257.6,43875,95961376
TATAPOWER_F1,05-09-2023,12:58:00,257.65,257.65,257.65,257.65,3375,95961376
TATAPOWER_F1,05-09-2023,12:59:00,257.6,257.65,257.5,257.5,43875,95961376
TATAPOWER_F1,05-09-2023,13:00:00,257.4,257.4,257.35,257.35,6750,95944496
TATAPOWER_F1,05-09-2023,13:01:00,257.35,257.35,257.3,257.3,10125,95944496
TATAPOWER_F1,05-09-2023,13:02:00,257.4,257.4,257.3,257.3,16875,95944496
TATAPOWER_F1,05-09-2023,13:03:00,257.35,257.55,257.35,257.55,30375,95883752
TATAPOWER_F1,05-09-2023,13:04:00,257.45,257.5,257.45,257.5,16875,95883752
TATAPOWER_F1,05-09-2023,13:05:00,257.5,257.5,257.35,257.35,30375,95883752
TATAPOWER_F1,05-09-2023,13:07:00,257.4,257.45,257.4,257.45,37125,95893872
TATAPOWER_F1,05-09-2023,13:08:00,257.5,257.5,257.5,257.5,6750,95893872
TATAPOWER_F1,05-09-2023,13:10:00,257.6,257.85,257.6,257.85,23625,95880376
TATAPOWER_F1,05-09-2023,13:11:00,257.9,257.9,257.9,257.9,37125,95880376
TATAPOWER_F1,05-09-2023,13:12:00,257.75,257.75,257.75,257.75,10125,95907376
TATAPOWER_F1,05-09-2023,13:13:00,257.75,257.75,257.75,257.75,10125,95907376
TATAPOWER_F1,05-09-2023,13:14:00,257.8,258.0,257.8,258.0,40500,95907376
TATAPOWER_F1,05-09-2023,13:15:00,258.15,258.4,258.15,258.2,121500,95904000
TATAPOWER_F1,05-09-2023,13:16:00,258.2,258.2,258.2,258.2,3375,95904000
TATAPOWER_F1,05-09-2023,13:17:00,258.1,258.1,257.85,258.0,108000,95904000
TATAPOWER_F1,05-09-2023,13:19:00,258.0,258.0,258.0,258.0,3375,95924248
TATAPOWER_F1,05-09-2023,13:21:00,257.7,257.7,257.7,257.7,13500,95931000
TATAPOWER_F1,05-09-2023,13:22:00,257.55,257.65,257.55,257.6,10125,95931000
TATAPOWER_F1,05-09-2023,13:23:00,257.35,257.6,257.35,257.55,13500,95931000
TATAPOWER_F1,05-09-2023,13:24:00,257.55,257.55,257.55,257.55,3375,95931000
TATAPOWER_F1,05-09-2023,13:25:00,257.35,257.5,257.35,257.4,20250,95920872
TATAPOWER_F1,05-09-2023,13:26:00,257.4,257.4,257.3,257.3,20250,95920872
TATAPOWER_F1,05-09-2023,13:28:00,257.45,257.45,257.45,257.45,20250,95924248
TATAPOWER_F1,05-09-2023,13:29:00,257.6,257.6,257.6,257.6,10125,95924248
TATAPOWER_F1,05-09-2023,13:30:00,257.95,257.95,257.75,257.75,67500,95931000
TATAPOWER_F1,05-09-2023,13:31:00,257.75,257.95,257.75,257.95,141750,95931000
TATAPOWER_F1,05-09-2023,13:32:00,257.75,257.75,257.5,257.5,30375,95931000
TATAPOWER_F1,05-09-2023,13:33:00,257.45,257.5,257.45,257.5,77625,95971504
TATAPOWER_F1,05-09-2023,13:34:00,257.65,257.7,257.65,257.7,27000,95971504
TATAPOWER_F1,05-09-2023,13:35:00,257.6,257.7,257.6,257.7,16875,95971504
TATAPOWER_F1,05-09-2023,13:36:00,257.8,257.85,257.8,257.85,27000,95947872
TATAPOWER_F1,05-09-2023,13:37:00,258.1,258.15,258.05,258.15,20250,95947872
TATAPOWER_F1,05-09-2023,13:38:00,258.1,258.15,258.1,258.15,23625,95947872
TATAPOWER_F1,05-09-2023,13:39:00,258.3,258.3,258.3,258.3,23625,95951248
TATAPOWER_F1,05-09-2023,13:40:00,258.4,258.4,258.25,258.25,16875,95951248
TATAPOWER_F1,05-09-2023,13:41:00,258.0,258.0,258.0,258.0,6750,95951248
TATAPOWER_F1,05-09-2023,13:42:00,258.05,258.05,258.05,258.05,3375,95951248
TATAPOWER_F1,05-09-2023,13:43:00,257.75,257.85,257.75,257.8,30375,95947872
TATAPOWER_F1,05-09-2023,13:44:00,257.85,257.95,257.85,257.95,23625,95947872
TATAPOWER_F1,05-09-2023,13:46:00,257.95,258.05,257.95,258.05,20250,95883752
TATAPOWER_F1,05-09-2023,13:47:00,258.3,258.35,258.3,258.35,23625,95883752
TATAPOWER_F1,05-09-2023,13:48:00,258.4,258.4,258.4,258.4,20250,95863504
TATAPOWER_F1,05-09-2023,13:49:00,258.5,258.55,258.3,258.3,27000,95863504
TATAPOWER_F1,05-09-2023,13:50:00,258.3,258.3,258.2,258.2,6750,95863504
TATAPOWER_F1,05-09-2023,13:51:00,258.45,258.45,258.35,258.35,23625,95873624
TATAPOWER_F1,05-09-2023,13:52:00,258.3,258.4,258.3,258.4,16875,95873624
TATAPOWER_F1,05-09-2023,13:53:00,258.45,258.5,258.45,258.5,10125,95873624
TATAPOWER_F1,05-09-2023,13:54:00,258.55,258.55,258.55,258.55,3375,95890496
TATAPOWER_F1,05-09-2023,13:55:00,258.5,258.5,258.4,258.4,27000,95890496
TATAPOWER_F1,05-09-2023,13:56:00,258.35,258.45,258.35,258.45,13500,95890496
TATAPOWER_F1,05-09-2023,13:57:00,258.45,258.45,258.45,258.45,3375,95890496
TATAPOWER_F1,05-09-2023,13:58:00,258.4,258.4,258.4,258.4,3375,95890496
TATAPOWER_F1,05-09-2023,13:59:00,258.45,258.6,258.45,258.6,27000,95890496
TATAPOWER_F1,05-09-2023,14:00:00,258.45,258.7,258.45,258.7,64125,95883752
TATAPOWER_F1,05-09-2023,14:01:00,258.75,258.75,258.75,258.75,20250,95883752
TATAPOWER_F1,05-09-2023,14:02:00,258.6,258.6,258.55,258.55,27000,95883752
TATAPOWER_F1,05-09-2023,14:03:00,258.65,258.65,258.5,258.5,27000,95904000
TATAPOWER_F1,05-09-2023,14:04:00,258.5,258.5,258.5,258.5,30375,95904000
TATAPOWER_F1,05-09-2023,14:05:00,258.5,258.6,258.5,258.5,13500,95904000
TATAPOWER_F1,05-09-2023,14:06:00,258.45,258.6,258.45,258.6,27000,95887128
TATAPOWER_F1,05-09-2023,14:07:00,258.65,258.65,258.65,258.65,16875,95887128
TATAPOWER_F1,05-09-2023,14:08:00,258.65,258.65,258.65,258.65,3375,95887128
TATAPOWER_F1,05-09-2023,14:09:00,258.7,258.7,258.5,258.55,124875,95971504
TATAPOWER_F1,05-09-2023,14:10:00,258.5,258.6,258.45,258.45,43875,95971504
TATAPOWER_F1,05-09-2023,14:11:00,258.65,258.65,258.55,258.55,16875,95971504
TATAPOWER_F1,05-09-2023,14:12:00,258.45,258.5,258.4,258.4,20250,96012000
TATAPOWER_F1,05-09-2023,14:13:00,258.5,258.5,258.45,258.45,6750,96012000
TATAPOWER_F1,05-09-2023,14:14:00,258.5,258.5,258.45,258.45,27000,96012000
TATAPOWER_F1,05-09-2023,14:15:00,258.1,258.3,258.1,258.3,37125,96059248
TATAPOWER_F1,05-09-2023,14:16:00,258.45,258.45,258.35,258.35,10125,96059248
TATAPOWER_F1,05-09-2023,14:17:00,258.3,258.5,258.25,258.4,20250,96059248
TATAPOWER_F1,05-09-2023,14:18:00,258.75,258.8,258.75,258.8,16875,96055872
TATAPOWER_F1,05-09-2023,14:19:00,258.7,258.7,258.65,258.65,6750,96055872
TATAPOWER_F1,05-09-2023,14:20:00,258.65,258.65,258.65,258.65,3375,96055872
TATAPOWER_F1,05-09-2023,14:23:00,258.65,259.0,258.65,259.0,50625,96052496
TATAPOWER_F1,05-09-2023,14:24:00,259.1,259.1,259.0,259.0,37125,96055872
TATAPOWER_F1,05-09-2023,14:25:00,259.0,259.0,258.9,258.95,33750,96055872
TATAPOWER_F1,05-09-2023,14:26:00,258.95,259.05,258.85,258.85,37125,96055872
TATAPOWER_F1,05-09-2023,14:27:00,258.75,258.75,258.55,258.55,10125,95998496
TATAPOWER_F1,05-09-2023,14:29:00,258.55,258.55,258.5,258.5,16875,95998496
TATAPOWER_F1,05-09-2023,14:30:00,258.65,258.65,258.65,258.65,3375,95958000
TATAPOWER_F1,05-09-2023,14:31:00,258.7,258.7,258.7,258.7,3375,95958000
TATAPOWER_F1,05-09-2023,14:32:00,258.55,258.55,258.55,258.55,6750,95958000
TATAPOWER_F1,05-09-2023,14:33:00,258.6,258.6,258.6,258.6,13500,95958000
TATAPOWER_F1,05-09-2023,14:34:00,258.55,258.65,258.55,258.65,6750,95944496
TATAPOWER_F1,05-09-2023,14:35:00,258.55,258.7,258.55,258.7,20250,95944496
TATAPOWER_F1,05-09-2023,14:36:00,258.75,258.85,258.75,258.85,23625,95954624
TATAPOWER_F1,05-09-2023,14:37:00,258.85,258.9,258.85,258.85,20250,95954624
TATAPOWER_F1,05-09-2023,14:38:00,258.75,258.75,258.7,258.7,6750,95954624
TATAPOWER_F1,05-09-2023,14:39:00,258.95,259.0,258.95,259.0,27000,95968128
TATAPOWER_F1,05-09-2023,14:40:00,259.0,259.0,258.95,258.95,6750,95968128
TATAPOWER_F1,05-09-2023,14:41:00,258.95,259.1,258.95,259.1,37125,95968128
TATAPOWER_F1,05-09-2023,14:42:00,259.2,259.45,259.2,259.4,74250,95981624
TATAPOWER_F1,05-09-2023,14:43:00,259.3,259.3,259.1,259.1,54000,95981624
TATAPOWER_F1,05-09-2023,14:44:00,259.3,259.3,259.3,259.3,6750,95981624
TATAPOWER_F1,05-09-2023,14:45:00,259.4,259.4,259.3,259.3,27000,95998496
TATAPOWER_F1,05-09-2023,14:46:00,259.35,259.35,259.3,259.3,33750,95998496
TATAPOWER_F1,05-09-2023,14:47:00,259.45,259.65,259.45,259.5,91125,95998496
TATAPOWER_F1,05-09-2023,14:48:00,259.4,259.4,259.1,259.15,124875,95998496
TATAPOWER_F1,05-09-2023,14:49:00,259.15,259.25,259.15,259.25,60750,95998496
TATAPOWER_F1,05-09-2023,14:50:00,259.2,259.3,259.2,259.3,10125,95998496
TATAPOWER_F1,05-09-2023,14:51:00,259.25,259.25,259.15,259.15,30375,95988376
TATAPOWER_F1,05-09-2023,14:52:00,259.1,259.15,259.1,259.15,77625,95988376
TATAPOWER_F1,05-09-2023,14:53:00,259.1,259.1,259.05,259.05,10125,95988376
TATAPOWER_F1,05-09-2023,14:54:00,259.05,259.2,259.05,259.2,27000,95985000
TATAPOWER_F1,05-09-2023,14:55:00,259.2,259.2,259.1,259.1,16875,95985000
TATAPOWER_F1,05-09-2023,14:56:00,259.45,259.6,259.45,259.45,151875,95985000
TATAPOWER_F1,05-09-2023,14:57:00,259.45,259.45,259.25,259.25,13500,96025504
TATAPOWER_F1,05-09-2023,14:58:00,259.4,259.5,259.4,259.5,40500,96025504
TATAPOWER_F1,05-09-2023,14:59:00,259.7,259.7,259.45,259.45,97875,96025504
TATAPOWER_F1,05-09-2023,15:00:00,259.55,259.9,259.55,259.9,84375,95995128
TATAPOWER_F1,05-09-2023,15:01:00,259.75,259.75,259.5,259.55,64125,95995128
TATAPOWER_F1,05-09-2023,15:02:00,259.7,259.9,259.65,259.65,131625,95995128
TATAPOWER_F1,05-09-2023,15:03:00,259.5,259.5,259.4,259.4,74250,96082872
TATAPOWER_F1,05-09-2023,15:04:00,259.5,259.5,259.35,259.4,30375,96082872
TATAPOWER_F1,05-09-2023,15:05:00,259.6,259.6,259.55,259.6,27000,96082872
TATAPOWER_F1,05-09-2023,15:06:00,259.6,259.6,259.55,259.55,33750,96103128
TATAPOWER_F1,05-09-2023,15:07:00,259.55,259.55,259.35,259.35,33750,96103128
TATAPOWER_F1,05-09-2023,15:08:00,259.25,259.35,259.25,259.35,10125,96103128
TATAPOWER_F1,05-09-2023,15:09:00,259.3,259.3,259.2,259.25,20250,96113248
TATAPOWER_F1,05-09-2023,15:10:00,259.25,259.35,259.2,259.2,30375,96113248
TATAPOWER_F1,05-09-2023,15:11:00,259.2,259.3,259.2,259.3,57375,96113248
TATAPOWER_F1,05-09-2023,15:12:00,259.25,259.25,259.15,259.25,43875,95985000
TATAPOWER_F1,05-09-2023,15:13:00,259.25,259.25,259.25,259.25,20250,95985000
TATAPOWER_F1,05-09-2023,15:14:00,259.3,259.3,259.2,259.3,23625,95985000
TATAPOWER_F1,05-09-2023,15:15:00,259.25,259.4,259.15,259.4,111375,95978248
TATAPOWER_F1,05-09-2023,15:16:00,259.35,259.6,259.35,259.6,165375,95978248
TATAPOWER_F1,05-09-2023,15:17:00,259.6,259.6,259.45,259.45,84375,95978248
TATAPOWER_F1,05-09-2023,15:18:00,259.55,259.55,259.5,259.5,74250,95819624
TATAPOWER_F1,05-09-2023,15:19:00,259.5,259.6,259.45,259.6,60750,95819624
TATAPOWER_F1,05-09-2023,15:20:00,259.65,259.65,259.55,259.55,50625,95819624
TATAPOWER_F1,05-09-2023,15:21:00,259.6,259.6,259.5,259.5,64125,95792624
TATAPOWER_F1,05-09-2023,15:22:00,259.55,259.6,259.55,259.6,67500,95792624
TATAPOWER_F1,05-09-2023,15:23:00,259.55,259.55,259.55,259.55,30375,95792624
TATAPOWER_F1,05-09-2023,15:24:00,259.45,259.45,259.35,259.4,91125,95769000
TATAPOWER_F1,05-09-2023,15:25:00,259.5,259.6,259.45,259.55,114750,95769000
TATAPOWER_F1,05-09-2023,15:26:00,259.5,259.5,259.4,259.4,54000,95769000
TATAPOWER_F1,05-09-2023,15:27:00,259.5,259.6,259.5,259.5,94500,95718376
TATAPOWER_F1,05-09-2023,15:28:00,259.65,259.65,259.5,259.6,97875,95718376
TATAPOWER_F1,05-09-2023,15:29:00,259.75,259.8,259.6,259.6,182250,95718376
TATAPOWER_F1,05-09-2023,15:30:00,259.5,259.5,259.5,259.5,3375,95718376
TATAPOWER_F1,06-09-2023,09:15:00,261.05,262.0,260.55,260.7,502878,93730496
TATAPOWER_F1,06-09-2023,09:16:00,260.75,261.2,260.45,261.0,347625,93730496
TATAPOWER_F1,06-09-2023,09:17:00,260.95,261.05,260.7,260.85,108000,93811504
TATAPOWER_F1,06-09-2023,09:18:00,260.85,260.85,260.5,260.5,121500,93811504
TATAPOWER_F1,06-09-2023,09:19:00,260.5,260.5,260.0,260.0,118125,93811504
TATAPOWER_F1,06-09-2023,09:20:00,259.95,259.95,259.65,259.75,81000,93855376
TATAPOWER_F1,06-09-2023,09:21:00,259.7,259.75,259.0,259.0,155250,93855376
TATAPOWER_F1,06-09-2023,09:22:00,259.0,259.0,258.6,258.6,138375,93855376
TATAPOWER_F1,06-09-2023,09:23:00,258.6,259.6,258.6,259.6,104625,93892496
TATAPOWER_F1,06-09-2023,09:24:00,259.7,259.9,259.35,259.45,101250,93892496
TATAPOWER_F1,06-09-2023,09:25:00,259.65,259.8,259.45,259.55,84375,93892496
TATAPOWER_F1,06-09-2023,09:26:00,259.55,259.8,259.5,259.8,47250,93973504
TATAPOWER_F1,06-09-2023,09:27:00,259.9,260.05,259.7,260.05,60750,93973504
TATAPOWER_F1,06-09-2023,09:28:00,260.05,260.5,260.05,260.45,121500,93973504
TATAPOWER_F1,06-09-2023,09:29:00,260.35,260.35,259.8,260.2,178875,94030872
TATAPOWER_F1,06-09-2023,09:30:00,260.25,260.25,259.8,259.8,33750,94030872
TATAPOWER_F1,06-09-2023,09:31:00,260.1,260.15,259.85,259.85,23625,94030872
TATAPOWER_F1,06-09-2023,09:32:00,259.75,259.75,259.3,259.3,57375,94078128
TATAPOWER_F1,06-09-2023,09:33:00,259.3,259.7,259.2,259.7,74250,94078128
TATAPOWER_F1,06-09-2023,09:34:00,259.6,259.6,259.25,259.3,33750,94078128
TATAPOWER_F1,06-09-2023,09:35:00,259.4,259.45,259.35,259.45,13500,94095000
TATAPOWER_F1,06-09-2023,09:36:00,259.85,260.25,259.85,260.25,101250,94095000
TATAPOWER_F1,06-09-2023,09:37:00,260.1,260.15,259.65,259.95,33750,94095000
TATAPOWER_F1,06-09-2023,09:38:00,259.7,259.7,259.7,259.7,6750,94101752
TATAPOWER_F1,06-09-2023,09:39:00,259.85,259.85,259.7,259.7,13500,94101752
TATAPOWER_F1,06-09-2023,09:40:00,259.6,259.6,259.6,259.6,33750,94101752
TATAPOWER_F1,06-09-2023,09:41:00,259.65,259.65,259.4,259.5,87750,94047752
TATAPOWER_F1,06-09-2023,09:42:00,259.45,259.45,258.9,258.9,175500,94047752
TATAPOWER_F1,06-09-2023,09:43:00,259.15,259.15,259.0,259.0,60750,94047752
TATAPOWER_F1,06-09-2023,09:44:00,259.1,259.25,259.0,259.2,33750,94118624
TATAPOWER_F1,06-09-2023,09:45:00,259.35,259.4,259.0,259.05,148500,94118624
TATAPOWER_F1,06-09-2023,09:46:00,259.05,259.05,258.9,259.05,30375,94118624
TATAPOWER_F1,06-09-2023,09:47:00,258.95,258.95,258.9,258.9,33750,94172624
TATAPOWER_F1,06-09-2023,09:48:00,258.9,259.0,258.45,258.5,219375,94172624
TATAPOWER_F1,06-09-2023,09:49:00,258.4,258.5,258.35,258.4,67500,94172624
TATAPOWER_F1,06-09-2023,09:50:00,258.55,258.55,258.3,258.3,168750,94419000
TATAPOWER_F1,06-09-2023,09:51:00,258.35,258.45,258.35,258.45,64125,94419000
TATAPOWER_F1,06-09-2023,09:52:00,258.5,258.5,258.45,258.45,27000,94419000
TATAPOWER_F1,06-09-2023,09:53:00,258.6,258.6,258.35,258.35,74250,94462872
TATAPOWER_F1,06-09-2023,09:54:00,258.15,258.4,258.15,258.2,91125,94462872
TATAPOWER_F1,06-09-2023,09:55:00,258.15,258.2,257.85,257.95,374625,94462872
TATAPOWER_F1,06-09-2023,09:56:00,257.9,258.1,257.7,258.1,128250,94675504
TATAPOWER_F1,06-09-2023,09:57:00,258.1,258.1,257.95,258.1,33750,94675504
TATAPOWER_F1,06-09-2023,09:58:00,258.1,258.2,258.1,258.2,6750,94675504
TATAPOWER_F1,06-09-2023,09:59:00,258.2,258.3,257.95,257.95,74250,94672128
TATAPOWER_F1,06-09-2023,10:00:00,257.95,258.05,257.85,258.0,81000,94672128
TATAPOWER_F1,06-09-2023,10:01:00,257.95,258.0,257.75,257.85,87750,94672128
TATAPOWER_F1,06-09-2023,10:02:00,257.85,257.9,257.35,257.5,297000,94837504
TATAPOWER_F1,06-09-2023,10:03:00,257.3,257.7,256.95,257.6,779625,94837504
TATAPOWER_F1,06-09-2023,10:04:00,257.75,257.75,257.6,257.7,13500,94837504
TATAPOWER_F1,06-09-2023,10:05:00,257.75,258.15,257.75,258.15,40500,95333624
TATAPOWER_F1,06-09-2023,10:06:00,258.15,258.3,258.0,258.25,47250,95333624
TATAPOWER_F1,06-09-2023,10:07:00,258.25,258.3,258.05,258.05,33750,95333624
TATAPOWER_F1,06-09-2023,10:08:00,258.1,258.25,258.05,258.05,23625,95299872
TATAPOWER_F1,06-09-2023,10:09:00,258.05,258.1,258.0,258.0,16875,95299872
TATAPOWER_F1,06-09-2023,10:10:00,258.05,258.05,258.0,258.0,16875,95299872
TATAPOWER_F1,06-09-2023,10:11:00,258.05,258.1,257.9,257.9,23625,95293128
TATAPOWER_F1,06-09-2023,10:12:00,257.8,257.9,257.8,257.9,27000,95293128
TATAPOWER_F1,06-09-2023,10:13:00,258.0,258.2,257.9,258.1,37125,95293128
TATAPOWER_F1,06-09-2023,10:14:00,258.25,258.35,258.25,258.35,20250,95316752
TATAPOWER_F1,06-09-2023,10:15:00,258.35,258.35,258.25,258.35,43875,95316752
TATAPOWER_F1,06-09-2023,10:16:00,258.2,258.25,258.2,258.25,10125,95316752
TATAPOWER_F1,06-09-2023,10:18:00,258.3,258.3,257.95,258.05,47250,95337000
TATAPOWER_F1,06-09-2023,10:19:00,258.05,258.55,258.05,258.55,84375,95337000
TATAPOWER_F1,06-09-2023,10:20:00,258.5,258.55,258.25,258.25,64125,95357248
TATAPOWER_F1,06-09-2023,10:21:00,258.3,258.3,258.3,258.3,10125,95357248
TATAPOWER_F1,06-09-2023,10:22:00,258.55,258.55,258.55,258.55,30375,95357248
TATAPOWER_F1,06-09-2023,10:23:00,258.65,258.65,258.35,258.55,33750,95364000
TATAPOWER_F1,06-09-2023,10:24:00,258.6,258.95,258.6,258.95,40500,95364000
TATAPOWER_F1,06-09-2023,10:25:00,259.0,259.0,258.6,258.65,37125,95364000
TATAPOWER_F1,06-09-2023,10:26:00,258.55,258.55,258.5,258.55,10125,95357248
TATAPOWER_F1,06-09-2023,10:27:00,258.6,258.6,258.55,258.55,54000,95357248
TATAPOWER_F1,06-09-2023,10:28:00,258.35,258.4,258.35,258.4,13500,95357248
TATAPOWER_F1,06-09-2023,10:29:00,258.65,258.65,258.65,258.65,10125,95357248
TATAPOWER_F1,06-09-2023,10:30:00,258.5,258.5,258.2,258.2,16875,95353872
TATAPOWER_F1,06-09-2023,10:31:00,258.15,258.2,258.05,258.1,16875,95353872
TATAPOWER_F1,06-09-2023,10:32:00,258.15,258.3,258.15,258.3,20250,95353872
TATAPOWER_F1,06-09-2023,10:33:00,258.4,258.4,258.4,258.4,16875,95347128
TATAPOWER_F1,06-09-2023,10:34:00,258.5,258.5,258.05,258.05,64125,95347128
TATAPOWER_F1,06-09-2023,10:35:00,258.0,258.0,258.0,258.0,16875,95347128
TATAPOWER_F1,06-09-2023,10:36:00,258.0,258.05,258.0,258.0,13500,95350496
TATAPOWER_F1,06-09-2023,10:37:00,258.05,258.1,257.95,257.95,23625,95350496
TATAPOWER_F1,06-09-2023,10:38:00,257.9,257.95,257.9,257.95,6750,95350496
TATAPOWER_F1,06-09-2023,10:41:00,258.1,258.1,257.95,257.95,10125,95272872
TATAPOWER_F1,06-09-2023,10:42:00,258.05,258.05,257.9,257.9,16875,95272872
TATAPOWER_F1,06-09-2023,10:43:00,257.8,257.9,257.8,257.8,20250,95272872
TATAPOWER_F1,06-09-2023,10:44:00,257.85,257.85,257.85,257.85,3375,95272872
TATAPOWER_F1,06-09-2023,10:45:00,257.85,257.85,257.75,257.8,13500,95279624
TATAPOWER_F1,06-09-2023,10:46:00,257.85,257.85,257.65,257.65,33750,95279624
TATAPOWER_F1,06-09-2023,10:47:00,257.8,257.8,257.7,257.7,6750,95279624
TATAPOWER_F1,06-09-2023,10:48:00,257.8,257.8,257.8,257.8,6750,95283000
TATAPOWER_F1,06-09-2023,10:49:00,257.85,257.85,257.85,257.85,13500,95283000
TATAPOWER_F1,06-09-2023,10:50:00,257.9,258.0,257.9,258.0,10125,95283000
TATAPOWER_F1,06-09-2023,10:51:00,258.0,258.0,258.0,258.0,13500,95283000
TATAPOWER_F1,06-09-2023,10:52:00,258.15,258.15,257.95,257.95,40500,95283000
TATAPOWER_F1,06-09-2023,10:53:00,258.05,258.05,258.05,258.05,3375,95283000
TATAPOWER_F1,06-09-2023,10:54:00,257.8,257.95,257.8,257.95,13500,95316752
TATAPOWER_F1,06-09-2023,10:55:00,258.05,258.05,258.05,258.05,6750,95316752
TATAPOWER_F1,06-09-2023,10:57:00,258.0,258.0,257.9,257.9,20250,95313376
TATAPOWER_F1,06-09-2023,10:58:00,258.0,258.0,257.55,257.55,84375,95313376
TATAPOWER_F1,06-09-2023,10:59:00,257.55,257.55,257.5,257.5,16875,95313376
TATAPOWER_F1,06-09-2023,11:00:00,257.65,257.75,257.5,257.75,16875,95347128
TATAPOWER_F1,06-09-2023,11:01:00,257.8,257.8,257.8,257.8,3375,95347128
TATAPOWER_F1,06-09-2023,11:02:00,257.75,257.75,257.55,257.55,10125,95347128
TATAPOWER_F1,06-09-2023,11:03:00,257.6,257.6,257.6,257.6,10125,95350496
TATAPOWER_F1,06-09-2023,11:04:00,257.75,257.75,257.6,257.6,10125,95350496
TATAPOWER_F1,06-09-2023,11:05:00,257.65,257.65,257.65,257.65,6750,95353872
TATAPOWER_F1,06-09-2023,11:06:00,257.7,257.7,257.7,257.7,13500,95353872
TATAPOWER_F1,06-09-2023,11:07:00,257.8,257.8,257.8,257.8,3375,95353872
TATAPOWER_F1,06-09-2023,11:08:00,257.9,257.9,257.5,257.7,111375,95343752
TATAPOWER_F1,06-09-2023,11:09:00,257.5,257.5,257.5,257.5,13500,95343752
TATAPOWER_F1,06-09-2023,11:10:00,257.45,257.45,257.45,257.45,16875,95343752
TATAPOWER_F1,06-09-2023,11:12:00,257.4,257.45,257.25,257.4,43875,95353872
TATAPOWER_F1,06-09-2023,11:13:00,257.4,257.4,257.25,257.25,20250,95353872
TATAPOWER_F1,06-09-2023,11:14:00,257.25,257.4,257.25,257.4,16875,95353872
TATAPOWER_F1,06-09-2023,11:15:00,257.45,257.45,257.4,257.4,6750,95367376
TATAPOWER_F1,06-09-2023,11:17:00,257.25,257.35,257.25,257.3,13500,95367376
TATAPOWER_F1,06-09-2023,11:18:00,257.3,257.3,257.3,257.3,10125,95367376
TATAPOWER_F1,06-09-2023,11:19:00,257.2,257.2,257.1,257.1,47250,95367376
TATAPOWER_F1,06-09-2023,11:20:00,257.1,257.1,257.05,257.05,13500,95367376
TATAPOWER_F1,06-09-2023,11:21:00,257.0,257.0,257.0,257.0,10125,95367376
TATAPOWER_F1,06-09-2023,11:22:00,257.0,257.05,257.0,257.05,40500,95367376
TATAPOWER_F1,06-09-2023,11:23:00,257.1,257.15,257.1,257.15,16875,95387624
TATAPOWER_F1,06-09-2023,11:24:00,257.2,257.2,257.2,257.2,10125,95387624
TATAPOWER_F1,06-09-2023,11:25:00,257.45,257.5,257.35,257.35,47250,95387624
TATAPOWER_F1,06-09-2023,11:27:00,257.35,257.35,257.25,257.35,16875,95421376
TATAPOWER_F1,06-09-2023,11:28:00,257.15,257.2,257.15,257.15,23625,95421376
TATAPOWER_F1,06-09-2023,11:29:00,257.25,257.4,257.25,257.4,16875,95421376
TATAPOWER_F1,06-09-2023,11:30:00,257.45,257.6,257.4,257.4,40500,95441624
TATAPOWER_F1,06-09-2023,11:31:00,257.4,257.45,257.3,257.45,13500,95441624
TATAPOWER_F1,06-09-2023,11:32:00,257.25,257.25,257.0,257.0,37125,95441624
TATAPOWER_F1,06-09-2023,11:33:00,257.0,257.1,257.0,257.05,20250,95461872
TATAPOWER_F1,06-09-2023,11:34:00,256.95,256.95,256.75,256.95,84375,95461872
TATAPOWER_F1,06-09-2023,11:35:00,256.9,256.9,256.7,256.7,47250,95465248
TATAPOWER_F1,06-09-2023,11:36:00,256.7,256.85,256.7,256.75,30375,95465248
TATAPOWER_F1,06-09-2023,11:37:00,256.65,256.65,256.35,256.35,118125,95465248
TATAPOWER_F1,06-09-2023,11:38:00,256.4,256.8,256.4,256.6,70875,95448376
TATAPOWER_F1,06-09-2023,11:39:00,256.5,256.55,256.3,256.4,67500,95448376
TATAPOWER_F1,06-09-2023,11:40:00,256.15,256.2,256.0,256.0,192375,95448376
TATAPOWER_F1,06-09-2023,11:41:00,255.8,255.9,255.75,255.85,108000,95448376
TATAPOWER_F1,06-09-2023,11:42:00,255.9,255.9,255.5,255.5,111375,95472000
TATAPOWER_F1,06-09-2023,11:43:00,255.5,255.8,255.5,255.7,81000,95472000
TATAPOWER_F1,06-09-2023,11:44:00,255.7,255.85,255.6,255.85,84375,95485504
TATAPOWER_F1,06-09-2023,11:45:00,256.0,256.0,255.75,255.75,30375,95485504
TATAPOWER_F1,06-09-2023,11:46:00,256.0,256.3,256.0,256.2,219375,95485504
TATAPOWER_F1,06-09-2023,11:47:00,256.0,256.0,256.0,256.0,23625,95485504
TATAPOWER_F1,06-09-2023,11:48:00,255.85,255.85,255.85,255.85,16875,95546248
TATAPOWER_F1,06-09-2023,11:49:00,255.85,255.85,255.7,255.7,27000,95546248
TATAPOWER_F1,06-09-2023,11:50:00,255.95,256.15,255.95,256.1,47250,95546248
TATAPOWER_F1,06-09-2023,11:51:00,256.05,256.05,256.05,256.05,20250,95542872
TATAPOWER_F1,06-09-2023,11:52:00,256.4,256.4,256.4,256.4,20250,95542872
TATAPOWER_F1,06-09-2023,11:53:00,256.35,256.5,256.3,256.5,97875,95620496
TATAPOWER_F1,06-09-2023,11:54:00,256.55,256.55,256.45,256.45,27000,95620496
TATAPOWER_F1,06-09-2023,11:55:00,256.45,256.55,256.45,256.55,6750,95620496
TATAPOWER_F1,06-09-2023,11:56:00,256.6,256.6,256.6,256.6,3375,95620496
TATAPOWER_F1,06-09-2023,11:57:00,256.45,256.45,256.3,256.3,37125,95627248
TATAPOWER_F1,06-09-2023,11:58:00,256.25,256.3,256.25,256.3,6750,95627248
TATAPOWER_F1,06-09-2023,11:59:00,256.4,256.4,256.4,256.4,20250,95627248
TATAPOWER_F1,06-09-2023,12:00:00,256.6,256.6,256.6,256.6,3375,95617128
TATAPOWER_F1,06-09-2023,12:01:00,256.6,256.7,256.6,256.7,13500,95617128
TATAPOWER_F1,06-09-2023,12:02:00,256.8,256.85,256.8,256.85,13500,95617128
TATAPOWER_F1,06-09-2023,12:03:00,256.85,256.95,256.85,256.95,10125,95607000
TATAPOWER_F1,06-09-2023,12:04:00,256.9,257.0,256.9,257.0,33750,95607000
TATAPOWER_F1,06-09-2023,12:05:00,256.85,256.9,256.8,256.9,20250,95607000
TATAPOWER_F1,06-09-2023,12:06:00,257.05,257.15,257.0,257.0,27000,95607000
TATAPOWER_F1,06-09-2023,12:07:00,257.0,257.0,257.0,257.0,23625,95607000
TATAPOWER_F1,06-09-2023,12:08:00,257.0,257.0,257.0,257.0,6750,95607000
TATAPOWER_F1,06-09-2023,12:09:00,256.8,256.95,256.8,256.95,10125,95596872
TATAPOWER_F1,06-09-2023,12:10:00,257.05,257.05,257.05,257.05,10125,95596872
TATAPOWER_F1,06-09-2023,12:11:00,257.25,257.3,257.25,257.3,6750,95586752
TATAPOWER_F1,06-09-2023,12:12:00,257.35,257.35,257.35,257.35,20250,95586752
TATAPOWER_F1,06-09-2023,12:13:00,257.45,257.55,257.4,257.55,33750,95586752
TATAPOWER_F1,06-09-2023,12:14:00,257.6,257.7,257.6,257.7,16875,95586752
TATAPOWER_F1,06-09-2023,12:15:00,257.65,257.65,257.65,257.65,13500,95580000
TATAPOWER_F1,06-09-2023,12:16:00,257.65,257.65,257.65,257.65,10125,95580000
TATAPOWER_F1,06-09-2023,12:17:00,257.7,257.7,257.65,257.65,27000,95580000
TATAPOWER_F1,06-09-2023,12:18:00,257.65,257.7,257.65,257.7,10125,95586752
TATAPOWER_F1,06-09-2023,12:20:00,257.4,257.4,257.35,257.35,10125,95586752
TATAPOWER_F1,06-09-2023,12:21:00,257.35,257.35,257.35,257.35,3375,95580000
TATAPOWER_F1,06-09-2023,12:22:00,257.35,257.55,257.35,257.45,27000,95580000
TATAPOWER_F1,06-09-2023,12:23:00,257.3,257.3,257.3,257.3,10125,95580000
TATAPOWER_F1,06-09-2023,12:24:00,257.15,257.15,257.1,257.1,6750,95583376
TATAPOWER_F1,06-09-2023,12:25:00,256.9,257.0,256.9,257.0,23625,95583376
TATAPOWER_F1,06-09-2023,12:26:00,257.1,257.1,257.1,257.1,10125,95583376
TATAPOWER_F1,06-09-2023,12:27:00,257.1,257.1,257.1,257.1,3375,95583376
TATAPOWER_F1,06-09-2023,12:28:00,257.05,257.35,257.05,257.25,23625,95569872
TATAPOWER_F1,06-09-2023,12:29:00,257.4,257.4,257.4,257.4,10125,95569872
TATAPOWER_F1,06-09-2023,12:30:00,257.6,257.6,257.35,257.35,54000,95566496
TATAPOWER_F1,06-09-2023,12:31:00,257.4,257.4,257.4,257.4,6750,95566496
TATAPOWER_F1,06-09-2023,12:32:00,257.15,257.15,257.15,257.15,3375,95566496
TATAPOWER_F1,06-09-2023,12:33:00,257.25,257.45,257.2,257.3,16875,95590128
TATAPOWER_F1,06-09-2023,12:34:00,257.3,257.4,257.2,257.2,37125,95590128
TATAPOWER_F1,06-09-2023,12:35:00,257.35,257.35,257.35,257.35,3375,95590128
TATAPOWER_F1,06-09-2023,12:36:00,257.4,257.45,257.4,257.45,6750,95583376
TATAPOWER_F1,06-09-2023,12:37:00,257.55,257.65,257.25,257.25,70875,95583376
TATAPOWER_F1,06-09-2023,12:38:00,257.3,257.45,257.3,257.4,13500,95583376
TATAPOWER_F1,06-09-2023,12:39:00,257.3,257.3,256.95,256.95,20250,95583376
TATAPOWER_F1,06-09-2023,12:40:00,256.9,257.0,256.7,256.7,40500,95583376
TATAPOWER_F1,06-09-2023,12:41:00,256.6,256.65,256.5,256.65,16875,95583376
TATAPOWER_F1,06-09-2023,12:42:00,256.5,256.5,256.45,256.5,54000,95580000
TATAPOWER_F1,06-09-2023,12:43:00,256.5,256.55,256.45,256.55,13500,95580000
TATAPOWER_F1,06-09-2023,12:44:00,256.7,256.7,256.7,256.7,10125,95580000
TATAPOWER_F1,06-09-2023,12:45:00,256.55,256.55,256.4,256.4,43875,95546248
TATAPOWER_F1,06-09-2023,12:46:00,256.3,256.35,256.1,256.2,74250,95546248
TATAPOWER_F1,06-09-2023,12:47:00,256.3,256.3,256.2,256.2,6750,95546248
TATAPOWER_F1,06-09-2023,12:48:00,256.2,256.35,256.15,256.35,13500,95536128
TATAPOWER_F1,06-09-2023,12:49:00,256.35,256.35,256.2,256.3,74250,95536128
TATAPOWER_F1,06-09-2023,12:50:00,256.2,256.25,256.15,256.25,13500,95536128
TATAPOWER_F1,06-09-2023,12:51:00,256.3,256.3,256.3,256.3,3375,95576624
TATAPOWER_F1,06-09-2023,12:52:00,256.25,256.3,256.2,256.2,43875,95576624
TATAPOWER_F1,06-09-2023,12:53:00,256.3,256.3,256.3,256.3,3375,95576624
TATAPOWER_F1,06-09-2023,12:55:00,256.45,256.6,256.45,256.55,13500,95546248
TATAPOWER_F1,06-09-2023,12:56:00,256.6,256.65,256.6,256.65,6750,95546248
TATAPOWER_F1,06-09-2023,12:57:00,256.55,256.85,256.55,256.8,87750,95536128
TATAPOWER_F1,06-09-2023,12:58:00,256.85,256.85,256.7,256.7,16875,95536128
TATAPOWER_F1,06-09-2023,12:59:00,256.6,256.8,256.6,256.75,16875,95536128
TATAPOWER_F1,06-09-2023,13:01:00,256.75,256.75,256.75,256.75,6750,95549624
TATAPOWER_F1,06-09-2023,13:02:00,256.9,257.1,256.9,257.05,33750,95549624
TATAPOWER_F1,06-09-2023,13:03:00,257.0,257.0,256.9,256.9,13500,95556376
TATAPOWER_F1,06-09-2023,13:04:00,256.75,256.75,256.75,256.75,3375,95556376
TATAPOWER_F1,06-09-2023,13:05:00,256.75,257.0,256.5,256.55,185625,95556376
TATAPOWER_F1,06-09-2023,13:06:00,256.45,256.45,256.1,256.3,128250,95529376
TATAPOWER_F1,06-09-2023,13:07:00,256.3,256.3,256.3,256.3,3375,95529376
TATAPOWER_F1,06-09-2023,13:08:00,256.5,256.65,256.5,256.65,10125,95529376
TATAPOWER_F1,06-09-2023,13:09:00,256.6,256.6,256.5,256.5,10125,95522624
TATAPOWER_F1,06-09-2023,13:12:00,256.45,256.45,256.45,256.45,3375,95512496
TATAPOWER_F1,06-09-2023,13:14:00,256.45,256.5,256.45,256.5,6750,95512496
TATAPOWER_F1,06-09-2023,13:15:00,256.65,256.75,256.65,256.75,10125,95509128
TATAPOWER_F1,06-09-2023,13:16:00,256.7,256.7,256.7,256.7,3375,95509128
TATAPOWER_F1,06-09-2023,13:17:00,256.7,256.7,256.7,256.7,6750,95509128
TATAPOWER_F1,06-09-2023,13:18:00,256.7,256.7,256.4,256.4,20250,95512496
TATAPOWER_F1,06-09-2023,13:19:00,256.5,256.5,256.5,256.5,3375,95512496
TATAPOWER_F1,06-09-2023,13:20:00,256.5,256.5,256.5,256.5,3375,95512496
TATAPOWER_F1,06-09-2023,13:21:00,257.15,257.15,256.8,257.1,391500,95515872
TATAPOWER_F1,06-09-2023,13:22:00,257.05,257.05,256.85,257.0,27000,95515872
TATAPOWER_F1,06-09-2023,13:23:00,256.9,256.9,256.9,256.9,3375,95515872
TATAPOWER_F1,06-09-2023,13:24:00,256.85,256.85,256.7,256.7,10125,95674496
TATAPOWER_F1,06-09-2023,13:25:00,256.5,256.5,256.3,256.3,13500,95674496
TATAPOWER_F1,06-09-2023,13:26:00,256.35,256.35,256.35,256.35,3375,95674496
TATAPOWER_F1,06-09-2023,13:27:00,256.6,256.6,256.6,256.6,10125,95681248
TATAPOWER_F1,06-09-2023,13:29:00,256.6,256.6,256.6,256.6,3375,95681248
TATAPOWER_F1,06-09-2023,13:30:00,256.55,256.55,256.55,256.55,6750,95681248
TATAPOWER_F1,06-09-2023,13:31:00,256.65,256.65,256.65,256.65,16875,95684624
TATAPOWER_F1,06-09-2023,13:32:00,256.8,256.8,256.8,256.8,3375,95684624
TATAPOWER_F1,06-09-2023,13:33:00,256.8,256.85,256.6,256.6,27000,95488872
TATAPOWER_F1,06-09-2023,13:34:00,256.55,256.55,256.55,256.55,3375,95488872
TATAPOWER_F1,06-09-2023,13:35:00,256.55,256.65,256.55,256.6,20250,95488872
TATAPOWER_F1,06-09-2023,13:36:00,256.6,256.6,256.55,256.55,10125,95495624
TATAPOWER_F1,06-09-2023,13:38:00,256.95,256.95,256.85,256.85,6750,95495624
TATAPOWER_F1,06-09-2023,13:39:00,256.95,256.95,256.85,256.85,23625,95502376
TATAPOWER_F1,06-09-2023,13:40:00,256.95,257.0,256.95,257.0,13500,95502376
TATAPOWER_F1,06-09-2023,13:41:00,257.2,257.2,257.2,257.2,6750,95502376
TATAPOWER_F1,06-09-2023,13:42:00,257.25,257.25,257.25,257.25,6750,95495624
TATAPOWER_F1,06-09-2023,13:43:00,257.3,257.3,257.3,257.3,6750,95495624
TATAPOWER_F1,06-09-2023,13:44:00,257.15,257.15,257.15,257.15,3375,95495624
TATAPOWER_F1,06-09-2023,13:45:00,257.25,257.3,257.15,257.15,16875,95472000
TATAPOWER_F1,06-09-2023,13:46:00,257.2,257.25,257.15,257.15,27000,95472000
TATAPOWER_F1,06-09-2023,13:47:00,257.1,257.1,257.0,257.0,20250,95472000
TATAPOWER_F1,06-09-2023,13:48:00,256.95,256.95,256.95,256.95,10125,95512496
TATAPOWER_F1,06-09-2023,13:49:00,257.0,257.0,257.0,257.0,13500,95512496
TATAPOWER_F1,06-09-2023,13:50:00,257.15,257.15,257.15,257.15,3375,95512496
TATAPOWER_F1,06-09-2023,13:51:00,257.15,257.15,257.05,257.05,6750,95509128
TATAPOWER_F1,06-09-2023,13:52:00,257.05,257.05,257.05,257.05,3375,95509128
TATAPOWER_F1,06-09-2023,13:53:00,257.0,257.0,257.0,257.0,6750,95509128
TATAPOWER_F1,06-09-2023,13:54:00,257.05,257.15,257.05,257.15,23625,95482128
TATAPOWER_F1,06-09-2023,13:55:00,257.15,257.15,257.15,257.15,6750,95482128
TATAPOWER_F1,06-09-2023,13:56:00,257.0,257.0,256.85,256.85,10125,95482128
TATAPOWER_F1,06-09-2023,13:57:00,256.95,257.15,256.9,256.9,13500,95499000
TATAPOWER_F1,06-09-2023,13:58:00,256.85,256.9,256.6,256.6,13500,95499000
TATAPOWER_F1,06-09-2023,13:59:00,256.5,256.6,256.5,256.6,23625,95499000
TATAPOWER_F1,06-09-2023,14:00:00,256.65,256.65,256.65,256.65,3375,95499000
TATAPOWER_F1,06-09-2023,14:02:00,256.85,256.85,256.85,256.85,3375,95499000
TATAPOWER_F1,06-09-2023,14:03:00,256.85,256.85,256.85,256.85,3375,95482128
TATAPOWER_F1,06-09-2023,14:04:00,256.75,256.75,256.75,256.75,6750,95482128
TATAPOWER_F1,06-09-2023,14:05:00,256.6,256.65,256.6,256.65,13500,95482128
TATAPOWER_F1,06-09-2023,14:07:00,256.65,256.65,256.65,256.65,40500,95482128
TATAPOWER_F1,06-09-2023,14:10:00,256.8,256.8,256.8,256.8,3375,95448376
TATAPOWER_F1,06-09-2023,14:11:00,256.85,256.85,256.85,256.85,3375,95448376
TATAPOWER_F1,06-09-2023,14:13:00,256.8,256.8,256.8,256.8,3375,95445000
TATAPOWER_F1,06-09-2023,14:14:00,256.7,256.7,256.65,256.65,13500,95445000
TATAPOWER_F1,06-09-2023,14:16:00,256.75,257.05,256.75,257.05,27000,95445000
TATAPOWER_F1,06-09-2023,14:17:00,257.15,257.45,257.15,257.45,50625,95445000
TATAPOWER_F1,06-09-2023,14:18:00,257.5,257.7,257.5,257.7,64125,95455128
TATAPOWER_F1,06-09-2023,14:19:00,257.75,257.85,257.65,257.85,50625,95455128
TATAPOWER_F1,06-09-2023,14:20:00,257.75,257.75,257.75,257.75,3375,95455128
TATAPOWER_F1,06-09-2023,14:21:00,257.7,257.85,257.7,257.85,20250,95455128
TATAPOWER_F1,06-09-2023,14:22:00,257.8,257.8,257.75,257.8,13500,95455128
TATAPOWER_F1,06-09-2023,14:23:00,257.85,257.85,257.75,257.75,6750,95455128
TATAPOWER_F1,06-09-2023,14:24:00,257.85,257.85,257.75,257.85,10125,95428128
TATAPOWER_F1,06-09-2023,14:25:00,257.9,258.05,257.8,258.0,50625,95428128
TATAPOWER_F1,06-09-2023,14:26:00,258.1,258.15,258.0,258.15,37125,95428128
TATAPOWER_F1,06-09-2023,14:27:00,258.1,258.15,258.1,258.1,16875,95438248
TATAPOWER_F1,06-09-2023,14:28:00,258.15,258.15,257.8,257.9,43875,95438248
TATAPOWER_F1,06-09-2023,14:29:00,257.95,258.0,257.95,258.0,30375,95438248
TATAPOWER_F1,06-09-2023,14:31:00,258.05,258.45,258.05,258.2,216000,95461872
TATAPOWER_F1,06-09-2023,14:32:00,258.3,258.35,258.25,258.25,20250,95461872
TATAPOWER_F1,06-09-2023,14:33:00,258.3,258.35,258.25,258.3,23625,95532752
TATAPOWER_F1,06-09-2023,14:34:00,258.35,258.45,258.3,258.3,33750,95532752
TATAPOWER_F1,06-09-2023,14:35:00,258.35,258.35,258.25,258.25,37125,95532752
TATAPOWER_F1,06-09-2023,14:36:00,258.2,258.25,258.2,258.25,10125,95556376
TATAPOWER_F1,06-09-2023,14:37:00,258.1,258.2,258.1,258.2,10125,95556376
TATAPOWER_F1,06-09-2023,14:38:00,258.25,258.3,258.2,258.3,23625,95556376
TATAPOWER_F1,06-09-2023,14:39:00,258.4,258.5,258.4,258.4,40500,95532752
TATAPOWER_F1,06-09-2023,14:40:00,258.45,258.45,258.4,258.4,10125,95532752
TATAPOWER_F1,06-09-2023,14:41:00,258.35,258.5,258.35,258.4,10125,95532752
TATAPOWER_F1,06-09-2023,14:42:00,258.35,258.35,258.35,258.35,3375,95526000
TATAPOWER_F1,06-09-2023,14:43:00,258.6,258.65,258.5,258.5,91125,95526000
TATAPOWER_F1,06-09-2023,14:44:00,258.55,258.9,258.55,258.8,97875,95526000
TATAPOWER_F1,06-09-2023,14:45:00,258.7,258.75,258.55,258.55,37125,95492248
TATAPOWER_F1,06-09-2023,14:46:00,258.45,258.45,258.4,258.4,67500,95492248
TATAPOWER_F1,06-09-2023,14:47:00,258.55,258.55,258.4,258.4,13500,95492248
TATAPOWER_F1,06-09-2023,14:48:00,258.45,258.45,258.35,258.35,20250,95438248
TATAPOWER_F1,06-09-2023,14:49:00,258.3,258.3,258.3,258.3,3375,95438248
TATAPOWER_F1,06-09-2023,14:50:00,258.35,258.35,258.3,258.3,27000,95438248
TATAPOWER_F1,06-09-2023,14:51:00,258.3,258.5,258.3,258.5,23625,95441624
TATAPOWER_F1,06-09-2023,14:52:00,258.5,258.6,258.5,258.6,16875,95441624
TATAPOWER_F1,06-09-2023,14:53:00,258.7,258.7,258.55,258.55,47250,95441624
TATAPOWER_F1,06-09-2023,14:54:00,258.7,258.8,258.7,258.8,20250,95445000
TATAPOWER_F1,06-09-2023,14:55:00,258.7,258.7,258.55,258.55,33750,95445000
TATAPOWER_F1,06-09-2023,14:56:00,258.55,258.55,258.55,258.55,10125,95445000
TATAPOWER_F1,06-09-2023,14:57:00,258.5,258.6,258.5,258.6,16875,95431504
TATAPOWER_F1,06-09-2023,14:58:00,258.6,258.6,258.6,258.6,3375,95431504
TATAPOWER_F1,06-09-2023,14:59:00,258.6,258.8,258.55,258.75,57375,95431504
TATAPOWER_F1,06-09-2023,15:00:00,258.7,259.25,258.7,259.25,189000,95448376
TATAPOWER_F1,06-09-2023,15:01:00,259.2,259.2,259.1,259.1,243000,95448376
TATAPOWER_F1,06-09-2023,15:02:00,259.15,259.2,259.15,259.2,40500,95448376
TATAPOWER_F1,06-09-2023,15:03:00,259.2,259.25,259.2,259.2,60750,95418000
TATAPOWER_F1,06-09-2023,15:04:00,259.25,259.25,259.15,259.15,33750,95418000
TATAPOWER_F1,06-09-2023,15:05:00,259.15,259.15,259.05,259.05,50625,95418000
TATAPOWER_F1,06-09-2023,15:06:00,259.1,259.1,259.0,259.05,60750,95458496
TATAPOWER_F1,06-09-2023,15:07:00,259.05,259.2,259.05,259.2,57375,95458496
TATAPOWER_F1,06-09-2023,15:08:00,259.2,259.2,259.1,259.1,23625,95458496
TATAPOWER_F1,06-09-2023,15:09:00,259.0,259.0,258.9,259.0,57375,95465248
TATAPOWER_F1,06-09-2023,15:10:00,258.95,259.0,258.95,259.0,27000,95465248
TATAPOWER_F1,06-09-2023,15:11:00,259.1,259.2,259.1,259.2,205875,95465248
TATAPOWER_F1,06-09-2023,15:12:00,259.15,259.2,259.15,259.15,67500,95559752
TATAPOWER_F1,06-09-2023,15:13:00,259.2,259.3,259.2,259.25,199125,95559752
TATAPOWER_F1,06-09-2023,15:14:00,259.0,259.0,258.85,258.9,84375,95559752
TATAPOWER_F1,06-09-2023,15:15:00,258.75,258.8,258.75,258.8,74250,95650872
TATAPOWER_F1,06-09-2023,15:16:00,258.85,258.95,258.8,258.95,94500,95650872
TATAPOWER_F1,06-09-2023,15:17:00,258.8,258.85,258.75,258.85,216000,95650872
TATAPOWER_F1,06-09-2023,15:18:00,258.8,258.85,258.7,258.7,74250,95644128
TATAPOWER_F1,06-09-2023,15:19:00,258.7,258.7,258.65,258.7,84375,95644128
TATAPOWER_F1,06-09-2023,15:20:00,258.5,258.5,258.35,258.35,111375,95644128
TATAPOWER_F1,06-09-2023,15:21:00,258.3,258.45,258.3,258.3,40500,95620496
TATAPOWER_F1,06-09-2023,15:22:00,258.4,258.6,258.4,258.4,47250,95620496
TATAPOWER_F1,06-09-2023,15:23:00,258.35,258.4,258.35,258.35,30375,95620496
TATAPOWER_F1,06-09-2023,15:24:00,258.4,258.4,258.25,258.25,77625,95607000
TATAPOWER_F1,06-09-2023,15:25:00,258.4,258.5,258.4,258.5,111375,95607000
TATAPOWER_F1,06-09-2023,15:26:00,258.8,258.8,258.6,258.75,135000,95607000
TATAPOWER_F1,06-09-2023,15:27:00,258.75,258.75,258.75,258.75,23625,95566496
TATAPOWER_F1,06-09-2023,15:28:00,258.85,258.85,258.55,258.55,81000,95566496
TATAPOWER_F1,06-09-2023,15:29:00,258.7,258.7,258.5,258.6,47250,95566496
TATAPOWER_F1,06-09-2023,15:30:00,258.5,258.5,258.5,258.5,10125,95566496
TATAPOWER_F1,07-09-2023,09:15:00,258.5,258.95,258.0,258.0,263250,92812496
TATAPOWER_F1,07-09-2023,09:16:00,258.3,258.95,258.3,258.95,70875,92812496
TATAPOWER_F1,07-09-2023,09:17:00,258.7,259.0,258.7,259.0,54000,92768624
TATAPOWER_F1,07-09-2023,09:18:00,259.35,259.35,259.2,259.2,87750,92768624
TATAPOWER_F1,07-09-2023,09:19:00,259.1,259.15,259.1,259.15,54000,92768624
TATAPOWER_F1,07-09-2023,09:20:00,259.15,259.15,258.85,258.85,60750,92785504
TATAPOWER_F1,07-09-2023,09:21:00,258.95,258.95,258.6,258.6,57375,92785504
TATAPOWER_F1,07-09-2023,09:22:00,258.2,258.4,258.2,258.4,81000,92785504
TATAPOWER_F1,07-09-2023,09:23:00,258.3,258.35,258.2,258.3,50625,92765248
TATAPOWER_F1,07-09-2023,09:24:00,258.2,258.2,258.0,258.2,50625,92765248
TATAPOWER_F1,07-09-2023,09:25:00,258.35,258.35,258.35,258.35,6750,92765248
TATAPOWER_F1,07-09-2023,09:26:00,258.5,258.5,258.3,258.3,37125,92751752
TATAPOWER_F1,07-09-2023,09:27:00,258.25,258.25,258.25,258.25,6750,92751752
TATAPOWER_F1,07-09-2023,09:28:00,257.65,257.85,257.65,257.8,77625,92751752
TATAPOWER_F1,07-09-2023,09:29:00,257.7,257.7,257.7,257.7,87750,92721376
TATAPOWER_F1,07-09-2023,09:30:00,257.65,257.75,257.65,257.75,33750,92721376
TATAPOWER_F1,07-09-2023,09:31:00,257.95,258.05,257.6,257.6,81000,92721376
TATAPOWER_F1,07-09-2023,09:32:00,257.7,257.9,257.7,257.85,13500,92721376
TATAPOWER_F1,07-09-2023,09:33:00,258.0,258.0,257.9,257.9,10125,92721376
TATAPOWER_F1,07-09-2023,09:34:00,257.8,257.8,257.7,257.7,16875,92721376
TATAPOWER_F1,07-09-2023,09:36:00,258.15,258.25,258.15,258.25,43875,92721376
TATAPOWER_F1,07-09-2023,09:37:00,258.3,258.35,258.3,258.35,13500,92721376
TATAPOWER_F1,07-09-2023,09:38:00,258.5,258.5,258.4,258.4,33750,92684248
TATAPOWER_F1,07-09-2023,09:39:00,258.55,258.8,258.55,258.8,33750,92684248
TATAPOWER_F1,07-09-2023,09:40:00,258.75,259.2,258.75,259.2,84375,92684248
TATAPOWER_F1,07-09-2023,09:41:00,258.85,258.95,258.85,258.95,64125,92721376
TATAPOWER_F1,07-09-2023,09:42:00,258.85,258.95,258.8,258.85,20250,92721376
TATAPOWER_F1,07-09-2023,09:43:00,258.85,258.85,258.8,258.8,33750,92721376
TATAPOWER_F1,07-09-2023,09:44:00,258.95,259.0,258.95,259.0,20250,92721376
TATAPOWER_F1,07-09-2023,09:45:00,259.25,259.65,259.25,259.65,229500,92711248
TATAPOWER_F1,07-09-2023,09:46:00,259.65,260.05,259.65,260.05,276750,92711248
TATAPOWER_F1,07-09-2023,09:47:00,259.75,259.85,259.4,259.65,189000,92876624
TATAPOWER_F1,07-09-2023,09:48:00,259.55,259.6,259.55,259.6,27000,92876624
TATAPOWER_F1,07-09-2023,09:49:00,259.55,259.65,259.55,259.55,30375,92876624
TATAPOWER_F1,07-09-2023,09:50:00,259.6,259.6,259.6,259.6,27000,92876624
TATAPOWER_F1,07-09-2023,09:51:00,259.4,259.4,259.25,259.4,33750,92947504
TATAPOWER_F1,07-09-2023,09:52:00,258.95,258.95,258.75,258.8,131625,92947504
TATAPOWER_F1,07-09-2023,09:53:00,258.9,259.15,258.9,258.95,33750,92947504
TATAPOWER_F1,07-09-2023,09:54:00,258.95,259.0,258.85,259.0,43875,92910376
TATAPOWER_F1,07-09-2023,09:55:00,259.0,259.0,258.75,258.75,33750,92910376
TATAPOWER_F1,07-09-2023,09:56:00,258.85,258.85,258.85,258.85,13500,92920496
TATAPOWER_F1,07-09-2023,09:57:00,258.7,258.95,258.7,258.95,16875,92920496
TATAPOWER_F1,07-09-2023,09:58:00,258.7,258.7,258.65,258.65,43875,92920496
TATAPOWER_F1,07-09-2023,09:59:00,258.7,258.7,258.45,258.45,47250,92934000
TATAPOWER_F1,07-09-2023,10:00:00,258.5,258.65,258.5,258.65,37125,92934000
TATAPOWER_F1,07-09-2023,10:01:00,258.6,258.6,258.25,258.25,23625,92934000
TATAPOWER_F1,07-09-2023,10:02:00,258.35,258.5,258.35,258.5,13500,92923872
TATAPOWER_F1,07-09-2023,10:03:00,258.55,258.7,258.55,258.7,10125,92923872
TATAPOWER_F1,07-09-2023,10:04:00,258.7,258.75,258.55,258.55,37125,92923872
TATAPOWER_F1,07-09-2023,10:05:00,258.5,258.5,258.45,258.45,23625,92923872
TATAPOWER_F1,07-09-2023,10:06:00,258.3,258.4,258.3,258.4,27000,92923872
TATAPOWER_F1,07-09-2023,10:07:00,258.4,258.4,258.4,258.4,6750,92923872
TATAPOWER_F1,07-09-2023,10:09:00,258.5,258.5,258.5,258.5,3375,92920496
TATAPOWER_F1,07-09-2023,10:10:00,258.5,258.5,258.35,258.35,30375,92920496
TATAPOWER_F1,07-09-2023,10:11:00,258.5,258.5,258.35,258.35,33750,92920496
TATAPOWER_F1,07-09-2023,10:12:00,258.4,258.45,258.35,258.45,10125,92920496
TATAPOWER_F1,07-09-2023,10:13:00,258.45,258.45,258.45,258.45,16875,92920496
TATAPOWER_F1,07-09-2023,10:14:00,258.75,258.9,258.75,258.9,50625,92903624
TATAPOWER_F1,07-09-2023,10:15:00,258.85,258.95,258.85,258.95,20250,92903624
TATAPOWER_F1,07-09-2023,10:16:00,258.95,259.15,258.95,259.15,57375,92903624
TATAPOWER_F1,07-09-2023,10:17:00,258.75,258.9,258.75,258.9,33750,92937376
TATAPOWER_F1,07-09-2023,10:18:00,258.9,258.9,258.9,258.9,6750,92937376
TATAPOWER_F1,07-09-2023,10:19:00,259.1,259.1,259.1,259.1,6750,92937376
TATAPOWER_F1,07-09-2023,10:20:00,258.9,259.0,258.9,259.0,30375,92947504
TATAPOWER_F1,07-09-2023,10:21:00,259.1,259.1,259.1,259.1,16875,92947504
TATAPOWER_F1,07-09-2023,10:22:00,259.1,259.1,259.05,259.05,23625,92947504
TATAPOWER_F1,07-09-2023,10:23:00,259.0,259.05,259.0,259.05,13500,92961000
TATAPOWER_F1,07-09-2023,10:24:00,259.25,259.35,259.2,259.25,23625,92961000
TATAPOWER_F1,07-09-2023,10:25:00,259.45,259.45,259.3,259.3,64125,92961000
TATAPOWER_F1,07-09-2023,10:27:00,259.1,259.1,259.1,259.1,3375,92967752
TATAPOWER_F1,07-09-2023,10:28:00,259.2,259.25,259.2,259.25,10125,92967752
TATAPOWER_F1,07-09-2023,10:29:00,259.3,259.3,259.3,259.3,3375,92967752
TATAPOWER_F1,07-09-2023,10:30:00,259.35,259.35,259.35,259.35,6750,92967752
TATAPOWER_F1,07-09-2023,10:31:00,259.5,259.65,259.5,259.65,13500,92967752
TATAPOWER_F1,07-09-2023,10:32:00,259.6,259.6,259.45,259.45,27000,92967752
TATAPOWER_F1,07-09-2023,10:33:00,259.5,259.5,259.5,259.5,6750,92967752
TATAPOWER_F1,07-09-2023,10:34:00,259.35,259.35,259.05,259.05,33750,92967752
TATAPOWER_F1,07-09-2023,10:35:00,259.05,259.05,258.8,258.8,23625,92961000
TATAPOWER_F1,07-09-2023,10:36:00,258.65,258.8,258.65,258.8,23625,92961000
TATAPOWER_F1,07-09-2023,10:37:00,259.0,259.0,258.7,258.7,40500,92961000
TATAPOWER_F1,07-09-2023,10:38:00,258.9,259.25,258.9,259.25,16875,92961000
TATAPOWER_F1,07-09-2023,10:39:00,259.2,259.45,259.2,259.35,13500,92927248
TATAPOWER_F1,07-09-2023,10:40:00,259.3,259.3,259.25,259.25,13500,92927248
TATAPOWER_F1,07-09-2023,10:41:00,259.25,259.25,259.15,259.15,6750,92927248
TATAPOWER_F1,07-09-2023,10:42:00,259.1,259.1,259.1,259.1,3375,92947504
TATAPOWER_F1,07-09-2023,10:44:00,259.45,259.45,259.45,259.45,30375,92947504
TATAPOWER_F1,07-09-2023,10:45:00,259.35,259.45,259.35,259.45,16875,92950872
TATAPOWER_F1,07-09-2023,10:46:00,259.6,259.6,259.6,259.6,10125,92950872
TATAPOWER_F1,07-09-2023,10:47:00,259.65,259.65,259.6,259.65,30375,92947504
TATAPOWER_F1,07-09-2023,10:48:00,259.5,259.65,259.5,259.65,10125,92947504
TATAPOWER_F1,07-09-2023,10:49:00,259.35,259.35,259.35,259.35,20250,92947504
TATAPOWER_F1,07-09-2023,10:50:00,259.4,259.4,259.4,259.4,13500,92957624
TATAPOWER_F1,07-09-2023,10:51:00,259.5,259.5,259.35,259.5,27000,92957624
TATAPOWER_F1,07-09-2023,10:52:00,259.5,259.5,259.45,259.45,6750,92957624
TATAPOWER_F1,07-09-2023,10:53:00,259.35,259.35,259.35,259.35,3375,92957624
TATAPOWER_F1,07-09-2023,10:54:00,259.35,259.35,259.35,259.35,10125,92957624
TATAPOWER_F1,07-09-2023,10:55:00,259.3,259.3,259.3,259.3,6750,92957624
TATAPOWER_F1,07-09-2023,10:56:00,259.3,259.4,259.3,259.35,23625,92934000
TATAPOWER_F1,07-09-2023,10:57:00,259.5,259.5,259.5,259.5,3375,92934000
TATAPOWER_F1,07-09-2023,10:58:00,259.45,259.45,259.45,259.45,6750,92934000
TATAPOWER_F1,07-09-2023,10:59:00,259.5,259.5,259.5,259.5,3375,92934000
TATAPOWER_F1,07-09-2023,11:01:00,259.5,259.5,259.4,259.4,6750,92920496
TATAPOWER_F1,07-09-2023,11:02:00,259.5,259.6,259.5,259.5,13500,92920496
TATAPOWER_F1,07-09-2023,11:03:00,259.55,259.55,259.55,259.55,10125,92920496
TATAPOWER_F1,07-09-2023,11:04:00,259.45,259.45,259.45,259.45,3375,92920496
TATAPOWER_F1,07-09-2023,11:05:00,259.2,259.2,259.2,259.2,16875,92920496
TATAPOWER_F1,07-09-2023,11:06:00,259.0,259.0,259.0,259.0,6750,92923872
TATAPOWER_F1,07-09-2023,11:07:00,259.15,259.15,259.05,259.05,23625,92923872
TATAPOWER_F1,07-09-2023,11:08:00,259.0,259.0,258.85,258.85,16875,92923872
TATAPOWER_F1,07-09-2023,11:09:00,259.15,259.15,259.15,259.15,37125,92923872
TATAPOWER_F1,07-09-2023,11:10:00,259.2,259.2,259.2,259.2,3375,92923872
TATAPOWER_F1,07-09-2023,11:11:00,259.3,259.35,259.3,259.35,6750,92923872
TATAPOWER_F1,07-09-2023,11:12:00,259.2,259.2,259.2,259.2,3375,92893504
TATAPOWER_F1,07-09-2023,11:14:00,259.25,259.25,259.25,259.25,6750,92893504
TATAPOWER_F1,07-09-2023,11:16:00,259.25,259.25,259.25,259.25,3375,92890128
TATAPOWER_F1,07-09-2023,11:17:00,259.25,259.25,259.2,259.2,6750,92890128
TATAPOWER_F1,07-09-2023,11:18:00,259.1,259.1,259.1,259.1,3375,92890128
TATAPOWER_F1,07-09-2023,11:19:00,259.0,259.1,259.0,259.1,16875,92890128
TATAPOWER_F1,07-09-2023,11:20:00,258.95,258.95,258.95,258.95,6750,92890128
TATAPOWER_F1,07-09-2023,11:23:00,259.0,259.0,259.0,259.0,3375,92886752
TATAPOWER_F1,07-09-2023,11:24:00,259.05,259.05,259.05,259.05,3375,92890128
TATAPOWER_F1,07-09-2023,11:25:00,259.15,259.15,259.05,259.05,60750,92890128
TATAPOWER_F1,07-09-2023,11:26:00,259.0,259.0,259.0,259.0,13500,92890128
TATAPOWER_F1,07-09-2023,11:28:00,259.1,259.1,259.1,259.1,3375,92846248
TATAPOWER_F1,07-09-2023,11:29:00,259.1,259.2,259.0,259.0,47250,92856376
TATAPOWER_F1,07-09-2023,11:30:00,258.95,259.2,258.95,259.2,30375,92856376
TATAPOWER_F1,07-09-2023,11:31:00,259.1,259.1,259.1,259.1,16875,92856376
TATAPOWER_F1,07-09-2023,11:32:00,259.0,259.0,259.0,259.0,3375,92856376
TATAPOWER_F1,07-09-2023,11:33:00,258.9,258.9,258.9,258.9,27000,92849624
TATAPOWER_F1,07-09-2023,11:34:00,258.7,258.85,258.7,258.75,108000,92849624
TATAPOWER_F1,07-09-2023,11:35:00,258.65,258.9,258.65,258.85,16875,92849624
TATAPOWER_F1,07-09-2023,11:36:00,258.65,258.65,258.6,258.6,13500,92822624
TATAPOWER_F1,07-09-2023,11:37:00,258.6,258.6,258.6,258.6,3375,92822624
TATAPOWER_F1,07-09-2023,11:38:00,258.55,258.55,258.3,258.3,135000,92822624
TATAPOWER_F1,07-09-2023,11:39:00,258.35,258.35,258.25,258.25,10125,92826000
TATAPOWER_F1,07-09-2023,11:40:00,258.2,258.2,258.2,258.2,37125,92826000
TATAPOWER_F1,07-09-2023,11:41:00,258.3,258.3,258.05,258.2,77625,92795624
TATAPOWER_F1,07-09-2023,11:42:00,258.3,258.45,258.3,258.45,13500,92795624
TATAPOWER_F1,07-09-2023,11:43:00,258.45,258.45,258.45,258.45,10125,92795624
TATAPOWER_F1,07-09-2023,11:44:00,258.4,258.4,258.4,258.4,67500,92795624
TATAPOWER_F1,07-09-2023,11:45:00,258.4,258.5,258.4,258.5,6750,92738248
TATAPOWER_F1,07-09-2023,11:48:00,258.5,258.6,258.5,258.6,43875,92734872
TATAPOWER_F1,07-09-2023,11:49:00,258.7,258.7,258.7,258.7,13500,92734872
TATAPOWER_F1,07-09-2023,11:50:00,258.75,258.8,258.75,258.8,10125,92734872
TATAPOWER_F1,07-09-2023,11:51:00,258.8,258.8,258.8,258.8,3375,92701128
TATAPOWER_F1,07-09-2023,11:52:00,258.8,259.0,258.8,259.0,30375,92701128
TATAPOWER_F1,07-09-2023,11:53:00,259.1,259.15,259.1,259.15,27000,92701128
TATAPOWER_F1,07-09-2023,11:54:00,259.15,259.15,259.15,259.15,6750,92684248
TATAPOWER_F1,07-09-2023,11:56:00,259.0,259.0,259.0,259.0,10125,92684248
TATAPOWER_F1,07-09-2023,11:57:00,259.05,259.05,259.05,259.05,3375,92694376
TATAPOWER_F1,07-09-2023,12:02:00,259.05,259.05,259.0,259.0,6750,92697752
TATAPOWER_F1,07-09-2023,12:03:00,258.95,258.95,258.95,258.95,3375,92697752
TATAPOWER_F1,07-09-2023,12:05:00,258.8,258.8,258.8,258.8,10125,92697752
TATAPOWER_F1,07-09-2023,12:06:00,258.8,258.8,258.8,258.8,6750,92694376
TATAPOWER_F1,07-09-2023,12:07:00,258.8,258.8,258.8,258.8,13500,92694376
TATAPOWER_F1,07-09-2023,12:09:00,258.75,258.85,258.75,258.85,10125,92691000
TATAPOWER_F1,07-09-2023,12:10:00,258.85,258.85,258.85,258.85,3375,92691000
TATAPOWER_F1,07-09-2023,12:11:00,258.7,258.7,258.7,258.7,23625,92691000
TATAPOWER_F1,07-09-2023,12:12:00,258.75,258.75,258.75,258.75,3375,92687624
TATAPOWER_F1,07-09-2023,12:13:00,258.75,258.75,258.75,258.75,3375,92687624
TATAPOWER_F1,07-09-2023,12:14:00,258.85,258.85,258.85,258.85,6750,92687624
TATAPOWER_F1,07-09-2023,12:15:00,258.7,258.7,258.65,258.65,6750,92691000
TATAPOWER_F1,07-09-2023,12:19:00,258.8,258.8,258.8,258.8,6750,92687624
TATAPOWER_F1,07-09-2023,12:20:00,258.65,258.65,258.65,258.65,6750,92687624
TATAPOWER_F1,07-09-2023,12:21:00,258.65,258.65,258.65,258.65,3375,92687624
TATAPOWER_F1,07-09-2023,12:22:00,258.6,258.7,258.6,258.7,6750,92687624
TATAPOWER_F1,07-09-2023,12:24:00,258.65,258.65,258.65,258.65,3375,92691000
TATAPOWER_F1,07-09-2023,12:25:00,258.65,258.65,258.65,258.65,6750,92691000
TATAPOWER_F1,07-09-2023,12:27:00,258.65,258.65,258.65,258.65,13500,92691000
TATAPOWER_F1,07-09-2023,12:28:00,258.65,258.65,258.6,258.65,57375,92691000
TATAPOWER_F1,07-09-2023,12:29:00,258.6,258.6,258.6,258.6,3375,92691000
TATAPOWER_F1,07-09-2023,12:31:00,258.7,258.7,258.7,258.7,6750,92704496
TATAPOWER_F1,07-09-2023,12:32:00,258.65,258.65,258.65,258.65,3375,92704496
TATAPOWER_F1,07-09-2023,12:34:00,259.0,259.0,258.95,258.95,10125,92711248
TATAPOWER_F1,07-09-2023,12:35:00,259.0,259.0,259.0,259.0,6750,92711248
TATAPOWER_F1,07-09-2023,12:36:00,259.1,259.1,259.1,259.1,6750,92711248
TATAPOWER_F1,07-09-2023,12:37:00,259.1,259.1,259.1,259.1,3375,92684248
TATAPOWER_F1,07-09-2023,12:38:00,259.2,259.2,259.2,259.2,20250,92684248
TATAPOWER_F1,07-09-2023,12:41:00,259.0,259.0,259.0,259.0,37125,92674128
TATAPOWER_F1,07-09-2023,12:42:00,259.1,259.1,259.1,259.1,3375,92674128
TATAPOWER_F1,07-09-2023,12:44:00,259.1,259.1,259.1,259.1,3375,92674128
TATAPOWER_F1,07-09-2023,12:46:00,259.5,260.65,259.5,260.65,506250,92674128
TATAPOWER_F1,07-09-2023,12:47:00,260.5,261.15,260.5,261.15,482625,92674128
TATAPOWER_F1,07-09-2023,12:48:00,261.1,261.7,260.85,261.65,610875,92620128
TATAPOWER_F1,07-09-2023,12:49:00,261.7,262.5,261.7,262.1,891000,92620128
TATAPOWER_F1,07-09-2023,12:50:00,262.2,263.0,262.2,263.0,631125,92620128
TATAPOWER_F1,07-09-2023,12:51:00,262.9,264.3,262.85,264.0,1404000,92900248
TATAPOWER_F1,07-09-2023,12:52:00,264.1,264.6,263.6,263.8,904500,92900248
TATAPOWER_F1,07-09-2023,12:53:00,263.65,263.8,263.25,263.25,344250,92900248
TATAPOWER_F1,07-09-2023,12:54:00,263.2,263.9,263.15,263.75,499500,93116248
TATAPOWER_F1,07-09-2023,12:55:00,263.6,263.75,263.5,263.7,178875,93116248
TATAPOWER_F1,07-09-2023,12:56:00,263.7,263.75,263.4,263.45,121500,93116248
TATAPOWER_F1,07-09-2023,12:57:00,263.45,264.05,263.3,264.0,459000,93123000
TATAPOWER_F1,07-09-2023,12:58:00,264.0,264.0,263.5,263.6,202500,93123000
TATAPOWER_F1,07-09-2023,12:59:00,263.6,263.6,263.3,263.3,205875,93123000
TATAPOWER_F1,07-09-2023,13:00:00,263.3,263.3,263.15,263.15,124875,93092624
TATAPOWER_F1,07-09-2023,13:01:00,262.95,263.6,262.9,263.45,297000,93092624
TATAPOWER_F1,07-09-2023,13:02:00,263.35,263.6,263.3,263.4,118125,93092624
TATAPOWER_F1,07-09-2023,13:03:00,263.45,263.5,263.35,263.45,87750,93018376
TATAPOWER_F1,07-09-2023,13:04:00,263.45,263.45,263.3,263.3,27000,93018376
TATAPOWER_F1,07-09-2023,13:05:00,263.5,263.8,263.5,263.65,162000,93018376
TATAPOWER_F1,07-09-2023,13:06:00,263.65,263.95,263.65,263.95,47250,93052128
TATAPOWER_F1,07-09-2023,13:07:00,263.75,263.8,263.65,263.7,97875,93052128
TATAPOWER_F1,07-09-2023,13:08:00,263.65,264.3,263.65,264.3,273375,93052128
TATAPOWER_F1,07-09-2023,13:09:00,264.25,264.4,264.05,264.25,212625,93143248
TATAPOWER_F1,07-09-2023,13:10:00,264.3,264.75,264.3,264.65,432000,93143248
TATAPOWER_F1,07-09-2023,13:11:00,264.7,264.7,264.15,264.15,222750,93143248
TATAPOWER_F1,07-09-2023,13:12:00,264.25,264.35,264.0,264.25,155250,93234376
TATAPOWER_F1,07-09-2023,13:13:00,264.15,264.75,264.0,264.5,340875,93234376
TATAPOWER_F1,07-09-2023,13:14:00,264.5,264.55,263.95,264.1,175500,93234376
TATAPOWER_F1,07-09-2023,13:15:00,264.05,264.2,263.85,264.1,162000,93301872
TATAPOWER_F1,07-09-2023,13:16:00,264.0,264.0,264.0,264.0,47250,93301872
TATAPOWER_F1,07-09-2023,13:17:00,263.75,263.8,263.7,263.8,84375,93301872
TATAPOWER_F1,07-09-2023,13:18:00,263.75,263.8,263.6,263.8,87750,93359248
TATAPOWER_F1,07-09-2023,13:19:00,263.7,263.8,263.35,263.45,141750,93359248
TATAPOWER_F1,07-09-2023,13:20:00,263.4,263.65,263.4,263.4,70875,93359248
TATAPOWER_F1,07-09-2023,13:21:00,263.45,263.5,263.2,263.5,50625,93342376
TATAPOWER_F1,07-09-2023,13:22:00,263.45,263.65,263.45,263.65,27000,93342376
TATAPOWER_F1,07-09-2023,13:23:00,263.65,263.65,263.65,263.65,16875,93342376
TATAPOWER_F1,07-09-2023,13:24:00,263.65,263.7,263.65,263.65,37125,93345752
TATAPOWER_F1,07-09-2023,13:25:00,263.45,263.7,263.45,263.65,114750,93345752
TATAPOWER_F1,07-09-2023,13:26:00,263.7,263.7,263.55,263.6,37125,93345752
TATAPOWER_F1,07-09-2023,13:27:00,263.2,263.25,263.2,263.25,50625,93409872
TATAPOWER_F1,07-09-2023,13:28:00,263.25,263.3,263.15,263.15,54000,93409872
TATAPOWER_F1,07-09-2023,13:29:00,263.15,263.2,263.1,263.2,50625,93409872
TATAPOWER_F1,07-09-2023,13:30:00,263.2,263.55,263.2,263.55,104625,93447000
TATAPOWER_F1,07-09-2023,13:31:00,263.5,263.65,263.3,263.3,104625,93447000
TATAPOWER_F1,07-09-2023,13:32:00,263.45,263.45,262.85,262.85,216000,93447000
TATAPOWER_F1,07-09-2023,13:33:00,262.8,262.95,262.7,262.9,131625,93592128
TATAPOWER_F1,07-09-2023,13:34:00,262.95,263.1,262.85,262.85,54000,93592128
TATAPOWER_F1,07-09-2023,13:35:00,262.8,263.2,262.8,263.2,189000,93592128
TATAPOWER_F1,07-09-2023,13:36:00,263.3,263.3,263.3,263.3,67500,93544872
TATAPOWER_F1,07-09-2023,13:37:00,263.15,263.15,262.85,262.95,64125,93544872
TATAPOWER_F1,07-09-2023,13:38:00,262.95,263.1,262.95,263.1,91125,93544872
TATAPOWER_F1,07-09-2023,13:39:00,263.05,263.15,262.95,263.15,47250,93639376
TATAPOWER_F1,07-09-2023,13:40:00,263.25,263.25,263.25,263.25,111375,93639376
TATAPOWER_F1,07-09-2023,13:41:00,263.3,263.3,263.1,263.2,94500,93639376
TATAPOWER_F1,07-09-2023,13:42:00,263.1,263.25,263.1,263.2,27000,93723752
TATAPOWER_F1,07-09-2023,13:43:00,263.2,263.2,262.95,262.95,23625,93723752
TATAPOWER_F1,07-09-2023,13:44:00,263.0,263.05,263.0,263.05,27000,93723752
TATAPOWER_F1,07-09-2023,13:45:00,262.95,262.95,262.7,262.7,57375,93700128
TATAPOWER_F1,07-09-2023,13:46:00,262.8,262.95,262.75,262.95,77625,93700128
TATAPOWER_F1,07-09-2023,13:47:00,263.05,263.4,263.05,263.4,212625,93700128
TATAPOWER_F1,07-09-2023,13:48:00,263.55,263.75,263.55,263.55,172125,93895872
TATAPOWER_F1,07-09-2023,13:49:00,263.7,263.8,263.65,263.8,30375,93895872
TATAPOWER_F1,07-09-2023,13:50:00,263.65,263.85,263.65,263.85,81000,93895872
TATAPOWER_F1,07-09-2023,13:51:00,263.95,263.95,263.55,263.6,148500,94014000
TATAPOWER_F1,07-09-2023,13:52:00,263.55,263.65,263.45,263.5,70875,94014000
TATAPOWER_F1,07-09-2023,13:53:00,263.5,263.95,263.5,263.95,104625,94014000
TATAPOWER_F1,07-09-2023,13:54:00,263.8,264.2,263.8,264.2,87750,94027504
TATAPOWER_F1,07-09-2023,13:55:00,264.4,264.55,264.4,264.4,307125,94027504
TATAPOWER_F1,07-09-2023,13:56:00,264.2,264.2,263.95,263.95,81000,94027504
TATAPOWER_F1,07-09-2023,13:57:00,264.1,264.1,263.95,264.1,74250,94088248
TATAPOWER_F1,07-09-2023,13:58:00,264.25,264.25,264.0,264.0,148500,94088248
TATAPOWER_F1,07-09-2023,13:59:00,264.05,264.05,263.9,263.9,30375,94088248
TATAPOWER_F1,07-09-2023,14:00:00,263.85,264.05,263.85,264.05,74250,94209752
TATAPOWER_F1,07-09-2023,14:01:00,264.2,264.2,264.05,264.05,108000,94209752
TATAPOWER_F1,07-09-2023,14:02:00,264.0,264.2,264.0,264.2,77625,94209752
TATAPOWER_F1,07-09-2023,14:03:00,264.55,264.6,264.35,264.35,330750,94334624
TATAPOWER_F1,07-09-2023,14:04:00,264.45,264.55,264.45,264.55,87750,94334624
TATAPOWER_F1,07-09-2023,14:05:00,264.7,264.8,264.65,264.8,114750,94334624
TATAPOWER_F1,07-09-2023,14:06:00,264.45,264.75,264.45,264.75,205875,94476376
TATAPOWER_F1,07-09-2023,14:07:00,265.25,266.0,265.25,265.95,1572750,94476376
TATAPOWER_F1,07-09-2023,14:08:00,266.0,266.5,265.5,266.25,1346625,94476376
TATAPOWER_F1,07-09-2023,14:09:00,266.35,266.4,265.85,266.4,766125,94776752
TATAPOWER_F1,07-09-2023,14:10:00,266.4,266.45,266.15,266.2,253125,94776752
TATAPOWER_F1,07-09-2023,14:11:00,266.2,266.5,266.05,266.5,351000,94776752
TATAPOWER_F1,07-09-2023,14:12:00,266.5,267.35,266.45,267.35,789750,95016376
TATAPOWER_F1,07-09-2023,14:13:00,267.2,267.35,266.75,267.05,772875,95016376
TATAPOWER_F1,07-09-2023,14:14:00,267.0,267.8,266.95,267.75,654750,95016376
TATAPOWER_F1,07-09-2023,14:15:00,267.8,267.9,267.3,267.55,796500,95465248
TATAPOWER_F1,07-09-2023,14:16:00,267.55,267.8,267.0,267.0,398250,95465248
TATAPOWER_F1,07-09-2023,14:17:00,267.05,267.15,266.95,266.95,303750,95465248
TATAPOWER_F1,07-09-2023,14:18:00,266.9,267.05,266.7,266.75,479250,95569872
TATAPOWER_F1,07-09-2023,14:19:00,266.85,267.0,266.7,267.0,330750,95569872
TATAPOWER_F1,07-09-2023,14:20:00,267.1,267.1,266.85,266.9,216000,95569872
TATAPOWER_F1,07-09-2023,14:21:00,266.5,266.65,266.5,266.65,199125,95796000
TATAPOWER_F1,07-09-2023,14:22:00,266.5,266.7,266.4,266.45,286875,95796000
TATAPOWER_F1,07-09-2023,14:23:00,266.5,266.7,266.45,266.5,60750,95796000
TATAPOWER_F1,07-09-2023,14:24:00,266.45,266.55,266.45,266.55,91125,95779128
TATAPOWER_F1,07-09-2023,14:25:00,266.2,266.35,266.15,266.15,118125,95779128
TATAPOWER_F1,07-09-2023,14:26:00,266.15,266.5,266.15,266.5,81000,95779128
TATAPOWER_F1,07-09-2023,14:27:00,266.6,266.65,266.55,266.55,64125,95812872
TATAPOWER_F1,07-09-2023,14:28:00,266.5,266.5,266.4,266.45,108000,95812872
TATAPOWER_F1,07-09-2023,14:29:00,266.2,266.3,266.05,266.2,74250,95812872
TATAPOWER_F1,07-09-2023,14:30:00,266.2,266.35,266.2,266.25,57375,95843248
TATAPOWER_F1,07-09-2023,14:31:00,266.4,266.7,266.4,266.5,77625,95843248
TATAPOWER_F1,07-09-2023,14:32:00,266.35,266.4,266.25,266.25,47250,95843248
TATAPOWER_F1,07-09-2023,14:33:00,266.3,266.4,266.2,266.2,50625,95890496
TATAPOWER_F1,07-09-2023,14:34:00,266.3,266.35,266.2,266.2,57375,95890496
TATAPOWER_F1,07-09-2023,14:35:00,266.2,266.25,266.1,266.1,37125,95890496
TATAPOWER_F1,07-09-2023,14:36:00,266.15,266.15,265.8,265.9,195750,95779128
TATAPOWER_F1,07-09-2023,14:37:00,265.85,266.15,265.85,266.05,57375,95779128
TATAPOWER_F1,07-09-2023,14:38:00,266.35,266.35,266.15,266.15,27000,95779128
TATAPOWER_F1,07-09-2023,14:39:00,266.05,266.2,266.05,266.05,27000,95775752
TATAPOWER_F1,07-09-2023,14:40:00,265.7,266.05,265.7,266.05,141750,95775752
TATAPOWER_F1,07-09-2023,14:41:00,266.15,266.2,265.95,266.2,94500,95775752
TATAPOWER_F1,07-09-2023,14:42:00,265.95,266.05,265.95,266.05,124875,95860128
TATAPOWER_F1,07-09-2023,14:43:00,266.2,266.25,266.1,266.25,67500,95860128
TATAPOWER_F1,07-09-2023,14:44:00,266.15,266.2,266.15,266.2,27000,95860128
TATAPOWER_F1,07-09-2023,14:45:00,266.0,266.15,266.0,266.0,81000,95917504
TATAPOWER_F1,07-09-2023,14:46:00,265.9,265.9,265.7,265.7,50625,95917504
TATAPOWER_F1,07-09-2023,14:47:00,265.35,265.65,265.35,265.55,236250,95917504
TATAPOWER_F1,07-09-2023,14:48:00,265.5,265.55,265.4,265.55,64125,95880376
TATAPOWER_F1,07-09-2023,14:49:00,265.4,265.65,265.25,265.6,94500,95880376
TATAPOWER_F1,07-09-2023,14:50:00,265.65,265.7,265.4,265.4,40500,95880376
TATAPOWER_F1,07-09-2023,14:51:00,265.5,265.5,265.35,265.5,60750,95856752
TATAPOWER_F1,07-09-2023,14:52:00,265.5,265.5,265.35,265.35,47250,95856752
TATAPOWER_F1,07-09-2023,14:53:00,265.3,265.45,265.3,265.45,81000,95856752
TATAPOWER_F1,07-09-2023,14:54:00,265.45,265.45,265.1,265.1,91125,95907376
TATAPOWER_F1,07-09-2023,14:55:00,265.2,265.3,265.15,265.25,57375,95907376
TATAPOWER_F1,07-09-2023,14:56:00,265.25,265.6,265.2,265.6,283500,95907376
TATAPOWER_F1,07-09-2023,14:57:00,265.45,265.7,265.4,265.55,124875,95866872
TATAPOWER_F1,07-09-2023,14:58:00,265.8,265.95,265.65,265.75,70875,95866872
TATAPOWER_F1,07-09-2023,14:59:00,265.7,265.75,265.4,265.4,104625,95866872
TATAPOWER_F1,07-09-2023,15:00:00,265.7,265.7,265.35,265.5,77625,95998496
TATAPOWER_F1,07-09-2023,15:01:00,265.5,265.65,265.3,265.65,155250,95998496
TATAPOWER_F1,07-09-2023,15:02:00,265.6,265.6,265.5,265.6,43875,95998496
TATAPOWER_F1,07-09-2023,15:03:00,265.55,265.7,265.35,265.7,219375,96136872
TATAPOWER_F1,07-09-2023,15:04:00,265.55,265.55,265.4,265.5,138375,96136872
TATAPOWER_F1,07-09-2023,15:05:00,265.5,265.6,265.5,265.6,50625,96136872
TATAPOWER_F1,07-09-2023,15:06:00,265.5,265.5,265.4,265.45,54000,96126752
TATAPOWER_F1,07-09-2023,15:07:00,265.4,265.5,265.15,265.4,148500,96126752
TATAPOWER_F1,07-09-2023,15:08:00,265.25,265.45,265.2,265.45,91125,96126752
TATAPOWER_F1,07-09-2023,15:09:00,265.4,265.4,265.25,265.25,219375,96130128
TATAPOWER_F1,07-09-2023,15:10:00,265.35,265.35,265.25,265.3,104625,96130128
TATAPOWER_F1,07-09-2023,15:11:00,265.3,265.45,265.3,265.3,50625,96130128
TATAPOWER_F1,07-09-2023,15:12:00,265.3,265.3,265.25,265.3,64125,96187504
TATAPOWER_F1,07-09-2023,15:13:00,265.25,265.25,265.15,265.15,91125,96187504
TATAPOWER_F1,07-09-2023,15:14:00,265.1,265.1,264.95,264.95,307125,96187504
TATAPOWER_F1,07-09-2023,15:15:00,265.0,265.0,264.8,264.9,337500,96305624
TATAPOWER_F1,07-09-2023,15:16:00,264.85,264.95,264.85,264.95,94500,96305624
TATAPOWER_F1,07-09-2023,15:17:00,265.0,265.3,265.0,265.3,141750,96305624
TATAPOWER_F1,07-09-2023,15:18:00,265.2,265.3,265.2,265.3,131625,96346128
TATAPOWER_F1,07-09-2023,15:19:00,265.45,265.45,265.1,265.1,111375,96346128
TATAPOWER_F1,07-09-2023,15:20:00,265.15,265.15,264.9,264.9,148500,96346128
TATAPOWER_F1,07-09-2023,15:21:00,264.85,264.85,264.7,264.7,111375,96464248
TATAPOWER_F1,07-09-2023,15:22:00,264.8,264.8,264.75,264.75,84375,96464248
TATAPOWER_F1,07-09-2023,15:23:00,264.65,264.8,264.65,264.8,212625,96464248
TATAPOWER_F1,07-09-2023,15:24:00,264.9,265.0,264.9,265.0,286875,96423752
TATAPOWER_F1,07-09-2023,15:25:00,264.9,264.95,264.65,264.95,310500,96423752
TATAPOWER_F1,07-09-2023,15:26:00,264.95,265.0,264.8,264.9,108000,96423752
TATAPOWER_F1,07-09-2023,15:27:00,264.9,265.1,264.8,265.05,317250,96548624
TATAPOWER_F1,07-09-2023,15:28:00,265.05,265.05,264.9,264.95,118125,96548624
TATAPOWER_F1,07-09-2023,15:29:00,265.05,265.1,265.0,265.0,192375,96548624
TATAPOWER_F1,07-09-2023,15:30:00,265.15,265.15,265.15,265.15,23625,96548624
TATAPOWER_F1,08-09-2023,09:15:00,265.45,265.9,265.0,265.6,384752,95995128
TATAPOWER_F1,08-09-2023,09:16:00,265.4,265.85,265.4,265.85,540000,95995128
TATAPOWER_F1,08-09-2023,09:17:00,265.35,265.75,265.25,265.6,563625,96275248
TATAPOWER_F1,08-09-2023,09:18:00,265.6,265.6,264.6,264.8,455625,96275248
TATAPOWER_F1,08-09-2023,09:19:00,264.9,265.1,264.55,265.0,290250,96275248
TATAPOWER_F1,08-09-2023,09:20:00,265.0,265.4,264.9,265.0,273375,96423752
TATAPOWER_F1,08-09-2023,09:21:00,265.0,266.35,265.0,266.0,759375,96423752
TATAPOWER_F1,08-09-2023,09:22:00,266.05,266.2,265.5,265.9,273375,96423752
TATAPOWER_F1,08-09-2023,09:23:00,265.9,266.55,265.45,266.5,398250,96703872
TATAPOWER_F1,08-09-2023,09:24:00,266.6,267.15,266.45,267.0,563625,96703872
TATAPOWER_F1,08-09-2023,09:25:00,267.0,267.0,266.1,266.2,411750,96703872
TATAPOWER_F1,08-09-2023,09:26:00,266.3,266.75,266.25,266.6,796500,96879376
TATAPOWER_F1,08-09-2023,09:27:00,266.55,267.15,266.5,266.85,246375,96879376
TATAPOWER_F1,08-09-2023,09:28:00,267.0,267.45,267.0,267.45,222750,96879376
TATAPOWER_F1,08-09-2023,09:29:00,267.65,267.75,267.2,267.55,627750,96788248
TATAPOWER_F1,08-09-2023,09:30:00,267.7,267.8,267.05,267.35,388125,96788248
TATAPOWER_F1,08-09-2023,09:31:00,267.3,267.75,267.1,267.55,405000,96788248
TATAPOWER_F1,08-09-2023,09:32:00,267.6,268.15,267.5,267.65,631125,96950248
TATAPOWER_F1,08-09-2023,09:33:00,267.65,267.9,267.5,267.9,300375,96950248
TATAPOWER_F1,08-09-2023,09:34:00,267.85,267.9,267.5,267.6,246375,96950248
TATAPOWER_F1,08-09-2023,09:35:00,267.55,267.7,267.2,267.2,307125,96930000
TATAPOWER_F1,08-09-2023,09:36:00,267.2,267.7,267.15,267.7,334125,96930000
TATAPOWER_F1,08-09-2023,09:37:00,267.7,268.1,267.6,267.9,290250,96930000
TATAPOWER_F1,08-09-2023,09:38:00,267.9,267.95,267.6,267.6,108000,97071752
TATAPOWER_F1,08-09-2023,09:39:00,267.65,267.95,267.6,267.65,263250,97071752
TATAPOWER_F1,08-09-2023,09:40:00,267.7,267.9,267.55,267.8,209250,97071752
TATAPOWER_F1,08-09-2023,09:41:00,267.65,267.7,267.35,267.35,273375,97098752
TATAPOWER_F1,08-09-2023,09:42:00,267.3,267.3,266.3,266.3,438750,97098752
TATAPOWER_F1,08-09-2023,09:43:00,266.3,267.4,266.3,267.2,229500,97098752
TATAPOWER_F1,08-09-2023,09:44:00,267.25,267.25,266.9,267.2,77625,97254000
TATAPOWER_F1,08-09-2023,09:45:00,267.2,267.6,267.15,267.6,111375,97254000
TATAPOWER_F1,08-09-2023,09:46:00,267.7,267.75,267.4,267.75,87750,97254000
TATAPOWER_F1,08-09-2023,09:47:00,267.75,267.75,267.6,267.65,84375,97243872
TATAPOWER_F1,08-09-2023,09:48:00,267.65,268.4,267.6,268.4,226125,97243872
TATAPOWER_F1,08-09-2023,09:49:00,268.4,269.0,268.4,268.95,820125,97243872
TATAPOWER_F1,08-09-2023,09:50:00,269.0,269.4,268.8,269.1,826875,97085248
TATAPOWER_F1,08-09-2023,09:51:00,269.2,269.85,268.9,269.85,1535625,97085248
TATAPOWER_F1,08-09-2023,09:52:00,269.85,269.9,269.05,269.2,614250,97085248
TATAPOWER_F1,08-09-2023,09:53:00,269.25,269.45,268.95,269.25,448875,97608376
TATAPOWER_F1,08-09-2023,09:54:00,269.15,269.75,269.1,269.65,276750,97608376
TATAPOWER_F1,08-09-2023,09:55:00,269.75,270.0,269.7,269.85,641250,97608376
TATAPOWER_F1,08-09-2023,09:56:00,269.8,270.5,269.65,270.5,904500,97500376
TATAPOWER_F1,08-09-2023,09:57:00,270.2,271.0,270.2,270.6,951750,97500376
TATAPOWER_F1,08-09-2023,09:58:00,270.7,271.0,270.25,270.9,891000,97500376
TATAPOWER_F1,08-09-2023,09:59:00,270.95,271.15,270.5,270.5,776250,97848000
TATAPOWER_F1,08-09-2023,10:00:00,270.5,270.8,269.9,269.9,472500,97848000
TATAPOWER_F1,08-09-2023,10:01:00,269.75,271.25,269.55,271.2,1100250,97848000
TATAPOWER_F1,08-09-2023,10:02:00,271.3,271.35,270.85,271.35,587250,98148376
TATAPOWER_F1,08-09-2023,10:03:00,271.35,271.5,271.15,271.4,428625,98148376
TATAPOWER_F1,08-09-2023,10:04:00,271.3,271.45,270.8,270.95,320625,98148376
TATAPOWER_F1,08-09-2023,10:05:00,270.9,271.0,270.65,270.85,263250,98323872
TATAPOWER_F1,08-09-2023,10:06:00,270.75,271.3,270.6,271.0,216000,98323872
TATAPOWER_F1,08-09-2023,10:07:00,271.0,271.25,271.0,271.05,118125,98323872
TATAPOWER_F1,08-09-2023,10:08:00,271.0,271.15,270.6,270.75,87750,98249624
TATAPOWER_F1,08-09-2023,10:09:00,270.65,271.0,270.5,270.6,290250,98249624
TATAPOWER_F1,08-09-2023,10:10:00,270.75,271.2,270.3,271.15,546750,98249624
TATAPOWER_F1,08-09-2023,10:11:00,271.15,271.4,271.1,271.2,300375,98296872
TATAPOWER_F1,08-09-2023,10:12:00,271.15,271.4,271.15,271.35,124875,98296872
TATAPOWER_F1,08-09-2023,10:13:00,271.3,271.4,271.1,271.25,175500,98296872
TATAPOWER_F1,08-09-2023,10:14:00,271.4,272.1,271.2,271.3,850500,98124752
TATAPOWER_F1,08-09-2023,10:15:00,271.25,271.35,271.1,271.1,209250,98124752
TATAPOWER_F1,08-09-2023,10:16:00,271.45,271.45,271.1,271.35,486000,98124752
TATAPOWER_F1,08-09-2023,10:17:00,271.1,271.5,271.1,271.2,202500,98539872
TATAPOWER_F1,08-09-2023,10:18:00,271.35,271.4,271.15,271.25,138375,98539872
TATAPOWER_F1,08-09-2023,10:19:00,271.25,271.6,271.0,271.0,303750,98539872
TATAPOWER_F1,08-09-2023,10:20:00,271.05,271.25,271.0,271.25,303750,98685000
TATAPOWER_F1,08-09-2023,10:21:00,271.1,271.2,271.05,271.15,253125,98685000
TATAPOWER_F1,08-09-2023,10:22:00,271.15,271.3,271.1,271.1,216000,98685000
TATAPOWER_F1,08-09-2023,10:23:00,271.05,271.25,271.05,271.25,158625,98789624
TATAPOWER_F1,08-09-2023,10:24:00,271.2,272.0,271.2,271.9,384750,98789624
TATAPOWER_F1,08-09-2023,10:25:00,272.0,273.0,272.0,272.85,884250,98789624
TATAPOWER_F1,08-09-2023,10:26:00,272.9,273.85,272.8,273.7,1285875,98634376
TATAPOWER_F1,08-09-2023,10:27:00,273.9,274.2,273.55,273.6,982125,98634376
TATAPOWER_F1,08-09-2023,10:28:00,273.65,273.95,273.1,273.7,499500,98634376
TATAPOWER_F1,08-09-2023,10:29:00,273.7,273.95,273.3,273.4,411750,98695128
TATAPOWER_F1,08-09-2023,10:30:00,273.35,273.7,273.35,273.45,232875,98695128
TATAPOWER_F1,08-09-2023,10:31:00,273.45,273.65,273.3,273.5,313875,98695128
TATAPOWER_F1,08-09-2023,10:32:00,273.45,273.45,273.1,273.25,253125,98853752
TATAPOWER_F1,08-09-2023,10:33:00,273.25,273.95,273.2,273.4,364500,98853752
TATAPOWER_F1,08-09-2023,10:34:00,273.25,273.5,272.75,272.75,297000,98853752
TATAPOWER_F1,08-09-2023,10:35:00,272.65,272.85,272.3,272.6,310500,98617504
TATAPOWER_F1,08-09-2023,10:36:00,272.6,272.75,272.5,272.65,226125,98617504
TATAPOWER_F1,08-09-2023,10:37:00,272.75,272.95,272.65,272.85,145125,98617504
TATAPOWER_F1,08-09-2023,10:38:00,273.1,273.95,273.1,273.9,607500,98593872
TATAPOWER_F1,08-09-2023,10:39:00,273.9,274.45,273.9,274.4,610875,98593872
TATAPOWER_F1,08-09-2023,10:40:00,274.4,274.9,274.25,274.9,732375,98593872
TATAPOWER_F1,08-09-2023,10:41:00,274.9,275.2,274.4,274.7,1069875,98421752
TATAPOWER_F1,08-09-2023,10:42:00,274.7,275.0,274.6,274.7,411750,98421752
TATAPOWER_F1,08-09-2023,10:43:00,274.7,275.2,274.55,274.95,398250,98421752
TATAPOWER_F1,08-09-2023,10:44:00,274.95,274.95,274.35,274.45,502875,98411624
TATAPOWER_F1,08-09-2023,10:45:00,274.6,274.75,274.3,274.4,324000,98411624
TATAPOWER_F1,08-09-2023,10:46:00,274.35,274.65,273.95,273.95,249750,98411624
TATAPOWER_F1,08-09-2023,10:47:00,274.05,274.3,273.7,274.1,297000,98340752
TATAPOWER_F1,08-09-2023,10:48:00,274.15,275.05,274.0,275.05,401625,98340752
TATAPOWER_F1,08-09-2023,10:49:00,274.95,275.65,274.95,275.45,874125,98340752
TATAPOWER_F1,08-09-2023,10:50:00,275.45,276.35,275.45,276.1,769500,98172000
TATAPOWER_F1,08-09-2023,10:51:00,276.1,276.85,276.05,276.75,769500,98172000
TATAPOWER_F1,08-09-2023,10:52:00,276.8,276.85,276.2,276.5,486000,98172000
TATAPOWER_F1,08-09-2023,10:53:00,276.35,277.0,276.35,277.0,502875,98388000
TATAPOWER_F1,08-09-2023,10:54:00,276.85,277.35,276.65,277.0,685125,98388000
TATAPOWER_F1,08-09-2023,10:55:00,276.95,277.4,276.7,277.05,675000,98388000
TATAPOWER_F1,08-09-2023,10:56:00,277.1,277.4,276.95,277.0,266625,98347504
TATAPOWER_F1,08-09-2023,10:57:00,276.9,277.0,276.55,276.55,398250,98347504
TATAPOWER_F1,08-09-2023,10:58:00,276.4,277.15,276.3,277.05,351000,98347504
TATAPOWER_F1,08-09-2023,10:59:00,277.2,277.45,277.0,277.1,351000,98337376
TATAPOWER_F1,08-09-2023,11:00:00,277.05,277.1,276.5,276.5,259875,98337376
TATAPOWER_F1,08-09-2023,11:01:00,276.6,276.6,275.6,275.7,462375,98337376
TATAPOWER_F1,08-09-2023,11:02:00,275.65,275.8,275.4,275.45,293625,98168624
TATAPOWER_F1,08-09-2023,11:03:00,275.45,276.4,275.45,276.2,249750,98168624
TATAPOWER_F1,08-09-2023,11:04:00,276.4,276.4,275.95,276.15,219375,98168624
TATAPOWER_F1,08-09-2023,11:05:00,275.95,276.1,275.85,275.95,141750,98155128
TATAPOWER_F1,08-09-2023,11:06:00,275.9,275.9,275.35,275.7,327375,98155128
TATAPOWER_F1,08-09-2023,11:07:00,275.75,275.75,274.5,274.6,580500,98155128
TATAPOWER_F1,08-09-2023,11:08:00,274.75,275.25,274.6,275.25,243000,98195624
TATAPOWER_F1,08-09-2023,11:09:00,275.3,275.35,275.0,275.1,222750,98195624
TATAPOWER_F1,08-09-2023,11:10:00,275.15,275.65,275.05,275.6,151875,98195624
TATAPOWER_F1,08-09-2023,11:11:00,275.65,276.15,275.65,275.7,236250,98131504
TATAPOWER_F1,08-09-2023,11:12:00,275.85,276.0,275.6,275.6,141750,98131504
TATAPOWER_F1,08-09-2023,11:13:00,275.5,275.5,275.3,275.3,162000,98131504
TATAPOWER_F1,08-09-2023,11:14:00,275.35,275.35,274.85,275.05,202500,98209128
TATAPOWER_F1,08-09-2023,11:15:00,274.9,274.95,274.45,274.7,229500,98209128
TATAPOWER_F1,08-09-2023,11:16:00,274.65,274.7,274.45,274.5,266625,98209128
TATAPOWER_F1,08-09-2023,11:17:00,274.6,274.95,274.45,274.8,108000,98037000
TATAPOWER_F1,08-09-2023,11:18:00,274.85,275.0,274.5,274.75,334125,98037000
TATAPOWER_F1,08-09-2023,11:19:00,274.65,275.0,274.55,275.0,97875,98037000
TATAPOWER_F1,08-09-2023,11:20:00,275.0,275.3,274.85,275.0,297000,98033624
TATAPOWER_F1,08-09-2023,11:21:00,275.0,275.2,274.8,275.0,300375,98033624
TATAPOWER_F1,08-09-2023,11:22:00,275.2,275.75,275.0,275.55,185625,98033624
TATAPOWER_F1,08-09-2023,11:23:00,275.5,275.9,275.3,275.9,189000,97908752
TATAPOWER_F1,08-09-2023,11:24:00,275.85,276.25,275.85,275.85,320625,97908752
TATAPOWER_F1,08-09-2023,11:25:00,275.8,276.1,275.7,275.8,124875,97908752
TATAPOWER_F1,08-09-2023,11:26:00,275.75,275.85,275.5,275.5,128250,97972872
TATAPOWER_F1,08-09-2023,11:27:00,275.6,275.7,275.5,275.5,101250,97972872
TATAPOWER_F1,08-09-2023,11:28:00,275.45,275.6,275.3,275.3,60750,97972872
TATAPOWER_F1,08-09-2023,11:29:00,275.4,275.45,275.1,275.1,67500,98016752
TATAPOWER_F1,08-09-2023,11:30:00,275.1,275.55,275.1,275.45,91125,98016752
TATAPOWER_F1,08-09-2023,11:31:00,275.5,275.9,275.25,275.5,178875,98016752
TATAPOWER_F1,08-09-2023,11:32:00,275.5,275.5,275.2,275.25,37125,98023504
TATAPOWER_F1,08-09-2023,11:33:00,275.5,275.7,275.45,275.45,57375,98023504
TATAPOWER_F1,08-09-2023,11:34:00,275.55,275.7,275.3,275.7,70875,98023504
TATAPOWER_F1,08-09-2023,11:35:00,275.7,275.7,275.45,275.45,20250,98040376
TATAPOWER_F1,08-09-2023,11:36:00,275.4,275.5,275.35,275.35,84375,98040376
TATAPOWER_F1,08-09-2023,11:37:00,275.4,275.45,275.2,275.3,33750,98040376
TATAPOWER_F1,08-09-2023,11:38:00,275.35,275.45,275.3,275.35,37125,98057248
TATAPOWER_F1,08-09-2023,11:39:00,275.35,275.5,274.75,274.75,226125,98057248
TATAPOWER_F1,08-09-2023,11:40:00,274.8,274.85,274.6,274.8,87750,98057248
TATAPOWER_F1,08-09-2023,11:41:00,274.7,274.85,274.7,274.8,57375,98111248
TATAPOWER_F1,08-09-2023,11:42:00,274.6,274.75,274.5,274.75,43875,98111248
TATAPOWER_F1,08-09-2023,11:43:00,274.7,274.8,274.7,274.75,33750,98111248
TATAPOWER_F1,08-09-2023,11:44:00,274.75,274.75,274.55,274.6,43875,98060624
TATAPOWER_F1,08-09-2023,11:45:00,274.65,274.75,274.6,274.75,47250,98060624
TATAPOWER_F1,08-09-2023,11:46:00,274.75,274.85,274.65,274.75,40500,98060624
TATAPOWER_F1,08-09-2023,11:47:00,274.7,274.75,274.7,274.75,43875,98053872
TATAPOWER_F1,08-09-2023,11:48:00,274.7,274.8,274.5,274.8,70875,98053872
TATAPOWER_F1,08-09-2023,11:49:00,274.75,275.1,274.75,274.95,101250,98053872
TATAPOWER_F1,08-09-2023,11:50:00,275.2,275.6,275.2,275.35,101250,98070752
TATAPOWER_F1,08-09-2023,11:51:00,275.3,275.65,275.2,275.4,162000,98070752
TATAPOWER_F1,08-09-2023,11:52:00,275.45,275.55,275.45,275.5,57375,98070752
TATAPOWER_F1,08-09-2023,11:53:00,275.6,275.6,275.4,275.4,33750,98070752
TATAPOWER_F1,08-09-2023,11:54:00,275.5,275.5,275.0,275.0,77625,98111248
TATAPOWER_F1,08-09-2023,11:55:00,274.95,275.0,274.8,274.8,16875,98111248
TATAPOWER_F1,08-09-2023,11:56:00,274.8,274.95,274.75,274.95,50625,98111248
TATAPOWER_F1,08-09-2023,11:57:00,274.95,274.95,274.6,274.6,43875,98124752
TATAPOWER_F1,08-09-2023,11:58:00,274.65,274.85,274.55,274.85,10125,98124752
TATAPOWER_F1,08-09-2023,11:59:00,274.85,274.95,274.8,274.95,20250,98141624
TATAPOWER_F1,08-09-2023,12:00:00,274.9,275.15,274.8,275.15,37125,98141624
TATAPOWER_F1,08-09-2023,12:01:00,275.15,275.3,275.05,275.2,77625,98141624
TATAPOWER_F1,08-09-2023,12:02:00,275.2,275.2,274.75,274.8,87750,98134872
TATAPOWER_F1,08-09-2023,12:03:00,274.8,274.8,274.5,274.6,192375,98134872
TATAPOWER_F1,08-09-2023,12:04:00,274.5,275.0,274.5,275.0,94500,98134872
TATAPOWER_F1,08-09-2023,12:05:00,275.05,275.2,274.6,274.75,40500,98134872
TATAPOWER_F1,08-09-2023,12:06:00,274.7,274.9,274.7,274.9,37125,98118000
TATAPOWER_F1,08-09-2023,12:07:00,274.9,275.05,274.9,275.05,16875,98118000
TATAPOWER_F1,08-09-2023,12:08:00,275.0,275.0,275.0,275.0,16875,98114624
TATAPOWER_F1,08-09-2023,12:09:00,275.1,275.1,274.95,274.95,27000,98114624
TATAPOWER_F1,08-09-2023,12:10:00,274.85,275.05,274.85,275.0,87750,98114624
TATAPOWER_F1,08-09-2023,12:11:00,275.0,275.0,274.85,274.85,40500,98114624
TATAPOWER_F1,08-09-2023,12:12:00,275.0,275.0,274.85,275.0,27000,98064000
TATAPOWER_F1,08-09-2023,12:13:00,274.85,274.85,274.6,274.8,57375,98064000
TATAPOWER_F1,08-09-2023,12:14:00,274.95,275.0,274.95,275.0,60750,98053872
TATAPOWER_F1,08-09-2023,12:15:00,274.9,274.95,274.7,274.7,60750,98053872
TATAPOWER_F1,08-09-2023,12:16:00,274.65,274.75,274.65,274.7,13500,98053872
TATAPOWER_F1,08-09-2023,12:17:00,274.75,274.9,274.75,274.9,37125,98010000
TATAPOWER_F1,08-09-2023,12:18:00,275.0,275.25,275.0,275.0,239625,98010000
TATAPOWER_F1,08-09-2023,12:19:00,274.95,275.0,274.85,275.0,40500,98010000
TATAPOWER_F1,08-09-2023,12:20:00,275.0,275.0,274.9,274.9,13500,97922248
TATAPOWER_F1,08-09-2023,12:21:00,274.9,275.25,274.9,275.05,104625,97922248
TATAPOWER_F1,08-09-2023,12:22:00,275.1,275.15,274.95,275.1,232875,97922248
TATAPOWER_F1,08-09-2023,12:23:00,275.0,275.0,274.7,274.75,74250,97837872
TATAPOWER_F1,08-09-2023,12:24:00,274.8,274.95,274.7,274.85,50625,97837872
TATAPOWER_F1,08-09-2023,12:25:00,275.05,275.1,275.05,275.05,27000,97837872
TATAPOWER_F1,08-09-2023,12:26:00,275.1,275.1,274.95,275.05,124875,97780496
TATAPOWER_F1,08-09-2023,12:27:00,275.0,275.2,274.8,274.8,175500,97780496
TATAPOWER_F1,08-09-2023,12:28:00,274.8,275.0,274.8,275.0,27000,97780496
TATAPOWER_F1,08-09-2023,12:29:00,275.0,275.0,274.65,274.75,70875,97780496
TATAPOWER_F1,08-09-2023,12:30:00,274.8,274.9,274.8,274.9,30375,97777128
TATAPOWER_F1,08-09-2023,12:31:00,274.8,275.0,274.75,274.95,60750,97777128
TATAPOWER_F1,08-09-2023,12:32:00,275.0,275.0,274.95,274.95,57375,97777128
TATAPOWER_F1,08-09-2023,12:33:00,274.8,274.8,274.55,274.75,47250,97763624
TATAPOWER_F1,08-09-2023,12:34:00,274.75,274.75,274.6,274.6,20250,97763624
TATAPOWER_F1,08-09-2023,12:35:00,274.6,274.7,274.45,274.5,87750,97756872
TATAPOWER_F1,08-09-2023,12:36:00,274.3,274.55,274.3,274.55,84375,97756872
TATAPOWER_F1,08-09-2023,12:37:00,274.9,274.9,274.6,274.75,74250,97756872
TATAPOWER_F1,08-09-2023,12:38:00,274.65,274.7,274.65,274.7,6750,97770376
TATAPOWER_F1,08-09-2023,12:39:00,274.9,275.0,274.8,275.0,50625,97770376
TATAPOWER_F1,08-09-2023,12:40:00,274.9,274.9,274.8,274.8,23625,97770376
TATAPOWER_F1,08-09-2023,12:41:00,274.9,274.9,274.9,274.9,3375,97770376
TATAPOWER_F1,08-09-2023,12:42:00,274.9,274.9,274.9,274.9,10125,97794000
TATAPOWER_F1,08-09-2023,12:43:00,274.7,274.85,274.5,274.75,54000,97794000
TATAPOWER_F1,08-09-2023,12:44:00,274.9,275.0,274.85,275.0,30375,97787248
TATAPOWER_F1,08-09-2023,12:45:00,275.0,275.0,275.0,275.0,40500,97787248
TATAPOWER_F1,08-09-2023,12:46:00,275.0,275.1,274.8,274.9,124875,97787248
TATAPOWER_F1,08-09-2023,12:47:00,274.75,275.05,274.75,275.0,30375,97787248
TATAPOWER_F1,08-09-2023,12:48:00,274.95,275.05,274.8,274.8,91125,97699504
TATAPOWER_F1,08-09-2023,12:49:00,274.85,275.0,274.7,274.8,57375,97699504
TATAPOWER_F1,08-09-2023,12:50:00,274.75,274.75,274.5,274.55,37125,97642128
TATAPOWER_F1,08-09-2023,12:51:00,274.6,274.6,274.4,274.45,43875,97642128
TATAPOWER_F1,08-09-2023,12:52:00,274.5,274.55,274.3,274.55,43875,97642128
TATAPOWER_F1,08-09-2023,12:53:00,274.55,274.6,274.4,274.45,84375,97632000
TATAPOWER_F1,08-09-2023,12:54:00,274.45,274.45,273.75,273.75,567000,97632000
TATAPOWER_F1,08-09-2023,12:55:00,273.95,273.95,273.6,273.6,121500,97632000
TATAPOWER_F1,08-09-2023,12:56:00,273.45,273.45,272.9,273.2,445500,97632000
TATAPOWER_F1,08-09-2023,12:57:00,273.2,273.2,272.8,272.8,121500,97443000
TATAPOWER_F1,08-09-2023,12:58:00,272.55,272.8,272.45,272.75,354375,97443000
TATAPOWER_F1,08-09-2023,12:59:00,272.6,272.8,272.45,272.55,158625,97443000
TATAPOWER_F1,08-09-2023,13:00:00,272.5,272.5,272.1,272.1,391500,97331624
TATAPOWER_F1,08-09-2023,13:01:00,272.3,272.55,271.8,271.95,732375,97331624
TATAPOWER_F1,08-09-2023,13:02:00,271.95,272.0,271.75,271.8,185625,97372128
TATAPOWER_F1,08-09-2023,13:03:00,271.7,272.1,271.7,271.9,293625,97372128
TATAPOWER_F1,08-09-2023,13:04:00,271.9,272.05,271.9,271.95,97875,97372128
TATAPOWER_F1,08-09-2023,13:05:00,272.0,272.05,271.85,271.9,175500,97382248
TATAPOWER_F1,08-09-2023,13:06:00,272.0,272.15,271.9,272.0,178875,97382248
TATAPOWER_F1,08-09-2023,13:07:00,272.0,272.0,271.1,271.2,529875,97382248
TATAPOWER_F1,08-09-2023,13:08:00,271.35,271.45,270.9,270.9,394875,97254000
TATAPOWER_F1,08-09-2023,13:09:00,270.9,271.2,270.8,270.9,253125,97254000
TATAPOWER_F1,08-09-2023,13:10:00,270.9,270.95,270.8,270.8,91125,97254000
TATAPOWER_F1,08-09-2023,13:11:00,270.7,270.7,269.8,269.95,637875,97183128
TATAPOWER_F1,08-09-2023,13:12:00,269.9,270.1,269.8,270.1,246375,97183128
TATAPOWER_F1,08-09-2023,13:13:00,270.1,270.35,269.95,270.3,280125,97183128
TATAPOWER_F1,08-09-2023,13:14:00,270.25,270.9,270.1,270.85,408375,97183128
TATAPOWER_F1,08-09-2023,13:15:00,270.9,270.95,270.3,270.3,189000,97311376
TATAPOWER_F1,08-09-2023,13:16:00,270.4,270.7,270.1,270.7,131625,97311376
TATAPOWER_F1,08-09-2023,13:17:00,270.75,271.45,270.75,271.4,135000,97162872
TATAPOWER_F1,08-09-2023,13:18:00,271.35,271.5,270.9,271.35,327375,97162872
TATAPOWER_F1,08-09-2023,13:19:00,271.35,271.35,270.75,271.1,246375,97162872
TATAPOWER_F1,08-09-2023,13:20:00,271.0,271.05,270.35,270.55,411750,97162872
TATAPOWER_F1,08-09-2023,13:21:00,270.55,270.8,270.55,270.65,67500,97183128
TATAPOWER_F1,08-09-2023,13:22:00,270.9,271.0,270.55,271.0,162000,97183128
TATAPOWER_F1,08-09-2023,13:23:00,271.0,271.1,270.85,271.1,67500,97183128
TATAPOWER_F1,08-09-2023,13:24:00,271.2,271.65,271.2,271.65,84375,97142624
TATAPOWER_F1,08-09-2023,13:25:00,271.7,271.85,271.3,271.4,175500,97142624
TATAPOWER_F1,08-09-2023,13:26:00,271.5,271.5,271.2,271.4,54000,97142624
TATAPOWER_F1,08-09-2023,13:27:00,271.25,271.4,271.05,271.35,128250,97139248
TATAPOWER_F1,08-09-2023,13:28:00,271.35,271.45,271.35,271.35,30375,97139248
TATAPOWER_F1,08-09-2023,13:29:00,271.3,271.6,271.25,271.5,131625,97139248
TATAPOWER_F1,08-09-2023,13:30:00,271.6,271.85,271.6,271.6,165375,97257376
TATAPOWER_F1,08-09-2023,13:31:00,271.6,271.9,271.6,271.8,70875,97257376
TATAPOWER_F1,08-09-2023,13:32:00,271.75,271.9,271.55,271.9,87750,97257376
TATAPOWER_F1,08-09-2023,13:33:00,271.8,271.95,271.7,271.7,84375,97331624
TATAPOWER_F1,08-09-2023,13:34:00,271.8,271.85,271.8,271.85,20250,97331624
TATAPOWER_F1,08-09-2023,13:35:00,271.8,271.95,271.65,271.75,138375,97331624
TATAPOWER_F1,08-09-2023,13:36:00,271.8,272.05,271.6,271.75,128250,97311376
TATAPOWER_F1,08-09-2023,13:37:00,271.75,271.9,271.6,271.75,57375,97311376
TATAPOWER_F1,08-09-2023,13:38:00,271.8,271.9,271.6,271.6,30375,97311376
TATAPOWER_F1,08-09-2023,13:39:00,271.85,271.85,271.3,271.55,175500,97301248
TATAPOWER_F1,08-09-2023,13:40:00,271.65,271.7,271.55,271.7,43875,97301248
TATAPOWER_F1,08-09-2023,13:41:00,271.7,271.95,271.7,271.95,108000,97301248
TATAPOWER_F1,08-09-2023,13:42:00,271.9,272.0,271.8,271.9,54000,97247248
TATAPOWER_F1,08-09-2023,13:43:00,271.85,271.9,271.85,271.9,13500,97247248
TATAPOWER_F1,08-09-2023,13:44:00,271.9,272.15,271.9,272.05,87750,97247248
TATAPOWER_F1,08-09-2023,13:45:00,272.05,272.05,271.85,271.9,54000,97250624
TATAPOWER_F1,08-09-2023,13:46:00,271.9,272.1,271.6,271.65,243000,97250624
TATAPOWER_F1,08-09-2023,13:47:00,271.5,271.7,271.5,271.55,30375,97250624
TATAPOWER_F1,08-09-2023,13:48:00,271.55,271.75,271.55,271.6,33750,97260752
TATAPOWER_F1,08-09-2023,13:50:00,271.75,271.8,271.75,271.75,20250,97260752
TATAPOWER_F1,08-09-2023,13:51:00,271.7,271.8,271.65,271.8,27000,97267504
TATAPOWER_F1,08-09-2023,13:52:00,271.8,271.8,271.75,271.8,16875,97267504
TATAPOWER_F1,08-09-2023,13:53:00,271.9,271.9,271.8,271.8,16875,97267504
TATAPOWER_F1,08-09-2023,13:54:00,271.95,272.0,271.75,271.75,23625,97243872
TATAPOWER_F1,08-09-2023,13:55:00,271.7,271.8,271.7,271.8,20250,97243872
TATAPOWER_F1,08-09-2023,13:56:00,271.85,271.85,271.65,271.7,40500,97243872
TATAPOWER_F1,08-09-2023,13:57:00,271.6,271.6,271.35,271.35,30375,97254000
TATAPOWER_F1,08-09-2023,13:58:00,271.55,271.7,271.55,271.7,27000,97254000
TATAPOWER_F1,08-09-2023,13:59:00,271.55,271.55,271.4,271.55,30375,97254000
TATAPOWER_F1,08-09-2023,14:00:00,271.55,271.85,271.55,271.85,64125,97274248
TATAPOWER_F1,08-09-2023,14:01:00,271.95,271.95,271.8,271.8,30375,97274248
TATAPOWER_F1,08-09-2023,14:02:00,271.6,271.85,271.6,271.85,47250,97274248
TATAPOWER_F1,08-09-2023,14:03:00,272.0,272.05,271.9,271.95,64125,97321504
TATAPOWER_F1,08-09-2023,14:04:00,272.0,272.35,272.0,272.05,162000,97321504
TATAPOWER_F1,08-09-2023,14:05:00,272.25,272.9,272.25,272.9,165375,97321504
TATAPOWER_F1,08-09-2023,14:06:00,272.85,272.9,272.8,272.9,128250,97378872
TATAPOWER_F1,08-09-2023,14:07:00,272.85,272.9,272.5,272.5,151875,97378872
TATAPOWER_F1,08-09-2023,14:08:00,272.6,272.75,272.45,272.45,70875,97378872
TATAPOWER_F1,08-09-2023,14:09:00,272.45,272.8,272.4,272.7,64125,97490248
TATAPOWER_F1,08-09-2023,14:10:00,272.8,272.8,272.65,272.8,43875,97490248
TATAPOWER_F1,08-09-2023,14:11:00,272.5,272.7,272.5,272.6,23625,97490248
TATAPOWER_F1,08-09-2023,14:12:00,272.55,272.75,272.5,272.5,54000,97500376
TATAPOWER_F1,08-09-2023,14:13:00,272.55,272.6,272.4,272.4,33750,97500376
TATAPOWER_F1,08-09-2023,14:14:00,272.45,272.65,272.4,272.65,27000,97500376
TATAPOWER_F1,08-09-2023,14:15:00,272.45,272.65,272.45,272.6,30375,97551000
TATAPOWER_F1,08-09-2023,14:16:00,272.6,272.6,272.45,272.6,40500,97551000
TATAPOWER_F1,08-09-2023,14:17:00,272.55,272.55,272.2,272.2,57375,97551000
TATAPOWER_F1,08-09-2023,14:18:00,272.35,272.35,272.0,272.0,64125,97608376
TATAPOWER_F1,08-09-2023,14:19:00,271.85,272.05,271.85,272.0,64125,97608376
TATAPOWER_F1,08-09-2023,14:20:00,271.85,272.0,271.85,271.95,40500,97608376
TATAPOWER_F1,08-09-2023,14:21:00,271.95,272.05,271.95,272.05,57375,97591504
TATAPOWER_F1,08-09-2023,14:22:00,272.05,272.05,271.7,271.7,40500,97591504
TATAPOWER_F1,08-09-2023,14:23:00,271.7,272.0,271.65,271.85,37125,97591504
TATAPOWER_F1,08-09-2023,14:24:00,271.85,271.9,271.85,271.9,23625,97571248
TATAPOWER_F1,08-09-2023,14:25:00,271.75,271.8,271.6,271.6,23625,97571248
TATAPOWER_F1,08-09-2023,14:26:00,271.6,271.75,271.5,271.5,60750,97571248
TATAPOWER_F1,08-09-2023,14:27:00,271.4,271.55,271.35,271.55,43875,97581376
TATAPOWER_F1,08-09-2023,14:28:00,271.55,271.55,271.5,271.5,23625,97581376
TATAPOWER_F1,08-09-2023,14:29:00,271.6,271.6,271.4,271.4,23625,97581376
TATAPOWER_F1,08-09-2023,14:30:00,271.3,271.5,271.2,271.25,148500,97618496
TATAPOWER_F1,08-09-2023,14:31:00,271.25,271.3,271.15,271.2,47250,97618496
TATAPOWER_F1,08-09-2023,14:32:00,271.3,271.3,271.1,271.2,30375,97618496
TATAPOWER_F1,08-09-2023,14:33:00,271.1,271.1,270.85,270.9,155250,97635376
TATAPOWER_F1,08-09-2023,14:34:00,270.8,270.8,270.55,270.65,151875,97635376
TATAPOWER_F1,08-09-2023,14:35:00,270.6,270.7,270.2,270.25,114750,97635376
TATAPOWER_F1,08-09-2023,14:36:00,270.25,270.25,269.8,270.05,567000,97821000
TATAPOWER_F1,08-09-2023,14:37:00,270.0,270.4,270.0,270.1,108000,97821000
TATAPOWER_F1,08-09-2023,14:38:00,270.25,270.4,270.1,270.3,40500,97821000
TATAPOWER_F1,08-09-2023,14:39:00,270.3,270.55,270.3,270.5,47250,97733248
TATAPOWER_F1,08-09-2023,14:40:00,270.6,270.65,270.55,270.6,81000,97733248
TATAPOWER_F1,08-09-2023,14:41:00,270.5,270.6,270.5,270.55,47250,97733248
TATAPOWER_F1,08-09-2023,14:42:00,270.5,270.6,270.3,270.4,33750,97746752
TATAPOWER_F1,08-09-2023,14:43:00,270.55,270.6,270.45,270.6,50625,97746752
TATAPOWER_F1,08-09-2023,14:44:00,270.6,270.65,270.5,270.5,37125,97746752
TATAPOWER_F1,08-09-2023,14:45:00,270.4,270.65,270.3,270.65,40500,97794000
TATAPOWER_F1,08-09-2023,14:46:00,270.65,270.65,270.1,270.1,57375,97794000
TATAPOWER_F1,08-09-2023,14:47:00,270.2,270.35,270.15,270.35,30375,97794000
TATAPOWER_F1,08-09-2023,14:48:00,270.25,270.7,270.25,270.7,60750,97814248
TATAPOWER_F1,08-09-2023,14:49:00,270.7,270.95,270.65,270.95,50625,97814248
TATAPOWER_F1,08-09-2023,14:50:00,271.0,271.0,270.55,270.7,67500,97814248
TATAPOWER_F1,08-09-2023,14:51:00,270.75,271.2,270.75,271.1,101250,97783872
TATAPOWER_F1,08-09-2023,14:52:00,270.95,271.1,270.9,271.0,50625,97783872
TATAPOWER_F1,08-09-2023,14:53:00,270.9,270.95,270.6,270.6,172125,97783872
TATAPOWER_F1,08-09-2023,14:54:00,270.55,270.55,270.4,270.4,70875,97753504
TATAPOWER_F1,08-09-2023,14:55:00,270.4,270.4,270.25,270.25,47250,97753504
TATAPOWER_F1,08-09-2023,14:56:00,270.2,270.3,270.1,270.3,40500,97753504
TATAPOWER_F1,08-09-2023,14:57:00,270.3,270.3,270.0,270.25,148500,97807504
TATAPOWER_F1,08-09-2023,14:58:00,270.3,270.4,270.2,270.35,60750,97807504
TATAPOWER_F1,08-09-2023,14:59:00,270.45,270.6,270.2,270.2,182250,97807504
TATAPOWER_F1,08-09-2023,15:00:00,270.25,270.5,270.25,270.3,67500,97692752
TATAPOWER_F1,08-09-2023,15:01:00,270.3,270.3,269.7,269.7,243000,97692752
TATAPOWER_F1,08-09-2023,15:02:00,269.7,270.05,269.7,269.8,104625,97692752
TATAPOWER_F1,08-09-2023,15:03:00,269.8,270.15,269.8,270.15,70875,97760248
TATAPOWER_F1,08-09-2023,15:04:00,270.2,270.3,270.05,270.15,64125,97760248
TATAPOWER_F1,08-09-2023,15:05:00,270.15,270.2,270.05,270.15,64125,97760248
TATAPOWER_F1,08-09-2023,15:06:00,270.15,270.2,270.05,270.05,16875,97790624
TATAPOWER_F1,08-09-2023,15:07:00,270.05,270.2,269.8,269.8,87750,97790624
TATAPOWER_F1,08-09-2023,15:08:00,269.8,270.1,269.8,270.1,91125,97790624
TATAPOWER_F1,08-09-2023,15:09:00,270.05,270.2,270.0,270.2,84375,97797376
TATAPOWER_F1,08-09-2023,15:10:00,270.25,270.3,270.1,270.2,81000,97797376
TATAPOWER_F1,08-09-2023,15:11:00,270.1,270.25,270.05,270.15,47250,97797376
TATAPOWER_F1,08-09-2023,15:12:00,270.0,270.0,269.75,269.9,114750,97763624
TATAPOWER_F1,08-09-2023,15:13:00,270.05,270.2,270.0,270.2,118125,97763624
TATAPOWER_F1,08-09-2023,15:14:00,270.15,270.2,269.85,269.9,104625,97763624
TATAPOWER_F1,08-09-2023,15:15:00,269.8,269.9,269.65,269.9,155250,97817624
TATAPOWER_F1,08-09-2023,15:16:00,269.9,269.9,269.75,269.8,135000,97817624
TATAPOWER_F1,08-09-2023,15:17:00,269.8,269.85,269.65,269.85,172125,97817624
TATAPOWER_F1,08-09-2023,15:18:00,269.9,269.95,269.7,269.8,222750,97868248
TATAPOWER_F1,08-09-2023,15:19:00,269.85,270.2,269.7,270.2,290250,97868248
TATAPOWER_F1,08-09-2023,15:20:00,270.15,270.3,269.75,270.0,202500,97868248
TATAPOWER_F1,08-09-2023,15:21:00,270.0,270.05,269.85,270.0,178875,97851376
TATAPOWER_F1,08-09-2023,15:22:00,270.0,270.0,269.9,269.9,124875,97851376
TATAPOWER_F1,08-09-2023,15:23:00,269.9,269.9,269.85,269.9,57375,97851376
TATAPOWER_F1,08-09-2023,15:24:00,269.95,270.2,269.8,270.2,205875,97861504
TATAPOWER_F1,08-09-2023,15:25:00,270.3,270.4,270.25,270.4,162000,97861504
TATAPOWER_F1,08-09-2023,15:26:00,270.3,270.4,270.3,270.4,60750,97861504
TATAPOWER_F1,08-09-2023,15:27:00,270.3,270.65,270.25,270.5,239625,97861504
TATAPOWER_F1,08-09-2023,15:28:00,270.6,270.6,270.4,270.45,145125,97861504
TATAPOWER_F1,08-09-2023,15:29:00,270.4,270.7,270.3,270.65,226125,97861504
TATAPOWER_F1,08-09-2023,15:30:00,270.6,270.6,270.6,270.6,3375,97861504
TATAPOWER_F1,11-09-2023,09:15:00,273.6,274.5,271.6,272.85,718877,92481752
TATAPOWER_F1,11-09-2023,09:16:00,272.65,273.2,272.0,272.4,631125,92481752
TATAPOWER_F1,11-09-2023,09:17:00,272.5,273.0,272.3,272.55,330750,92495248
TATAPOWER_F1,11-09-2023,09:18:00,272.4,273.0,272.35,273.0,175500,92495248
TATAPOWER_F1,11-09-2023,09:19:00,272.9,273.25,272.55,273.2,246375,92495248
TATAPOWER_F1,11-09-2023,09:20:00,273.3,273.35,272.35,272.55,324000,92572872
TATAPOWER_F1,11-09-2023,09:21:00,272.5,272.55,271.5,271.8,492750,92572872
TATAPOWER_F1,11-09-2023,09:22:00,271.85,272.65,271.85,272.45,135000,92572872
TATAPOWER_F1,11-09-2023,09:23:00,272.4,272.45,271.65,272.0,334125,92532376
TATAPOWER_F1,11-09-2023,09:24:00,272.1,272.1,271.25,271.5,175500,92532376
TATAPOWER_F1,11-09-2023,09:25:00,271.35,271.4,270.7,270.7,168750,92532376
TATAPOWER_F1,11-09-2023,09:26:00,270.7,271.15,270.55,270.55,138375,92593128
TATAPOWER_F1,11-09-2023,09:27:00,270.35,270.6,270.0,270.4,286875,92593128
TATAPOWER_F1,11-09-2023,09:28:00,270.35,270.7,270.15,270.5,199125,92593128
TATAPOWER_F1,11-09-2023,09:29:00,270.5,271.1,270.35,270.9,172125,92724752
TATAPOWER_F1,11-09-2023,09:30:00,270.9,271.15,270.7,270.8,128250,92724752
TATAPOWER_F1,11-09-2023,09:31:00,270.85,270.95,270.55,270.7,138375,92724752
TATAPOWER_F1,11-09-2023,09:32:00,270.7,271.25,270.7,271.0,124875,92778752
TATAPOWER_F1,11-09-2023,09:33:00,271.0,271.0,270.6,270.95,74250,92778752
TATAPOWER_F1,11-09-2023,09:34:00,271.1,271.2,270.9,270.9,81000,92778752
TATAPOWER_F1,11-09-2023,09:35:00,271.0,272.0,270.8,272.0,111375,92775376
TATAPOWER_F1,11-09-2023,09:36:00,272.0,272.3,271.9,272.05,216000,92775376
TATAPOWER_F1,11-09-2023,09:37:00,272.0,272.35,272.0,272.25,168750,92775376
TATAPOWER_F1,11-09-2023,09:38:00,272.15,272.15,271.6,271.65,131625,92802376
TATAPOWER_F1,11-09-2023,09:39:00,271.6,271.9,271.5,271.8,135000,92802376
TATAPOWER_F1,11-09-2023,09:40:00,271.7,271.75,271.35,271.4,97875,92802376
TATAPOWER_F1,11-09-2023,09:41:00,271.25,271.6,271.25,271.5,84375,92805752
TATAPOWER_F1,11-09-2023,09:42:00,271.45,271.55,271.2,271.35,50625,92805752
TATAPOWER_F1,11-09-2023,09:43:00,271.6,272.15,271.6,271.95,81000,92805752
TATAPOWER_F1,11-09-2023,09:44:00,272.1,272.15,271.95,272.1,40500,92829376
TATAPOWER_F1,11-09-2023,09:45:00,272.05,272.05,271.6,271.95,74250,92829376
TATAPOWER_F1,11-09-2023,09:46:00,271.8,271.85,271.4,271.4,50625,92829376
TATAPOWER_F1,11-09-2023,09:47:00,271.3,271.55,271.3,271.4,155250,92853000
TATAPOWER_F1,11-09-2023,09:48:00,271.25,271.6,271.25,271.6,20250,92853000
TATAPOWER_F1,11-09-2023,09:49:00,271.35,271.4,271.25,271.4,30375,92853000
TATAPOWER_F1,11-09-2023,09:50:00,271.5,271.55,271.45,271.55,23625,92842872
TATAPOWER_F1,11-09-2023,09:51:00,271.45,271.5,271.3,271.35,40500,92842872
TATAPOWER_F1,11-09-2023,09:52:00,271.35,271.4,271.3,271.4,23625,92842872
TATAPOWER_F1,11-09-2023,09:53:00,271.45,271.45,271.2,271.25,33750,92842872
TATAPOWER_F1,11-09-2023,09:54:00,271.2,271.2,270.85,270.85,74250,92842872
TATAPOWER_F1,11-09-2023,09:55:00,270.8,270.8,270.5,270.55,124875,92842872
TATAPOWER_F1,11-09-2023,09:56:00,270.6,270.6,270.0,270.1,158625,92873248
TATAPOWER_F1,11-09-2023,09:57:00,270.35,270.75,270.2,270.7,74250,92873248
TATAPOWER_F1,11-09-2023,09:58:00,270.7,271.45,270.7,271.35,182250,92873248
TATAPOWER_F1,11-09-2023,09:59:00,271.35,271.5,271.35,271.5,23625,92880000
TATAPOWER_F1,11-09-2023,10:00:00,271.45,271.45,270.7,270.95,303750,92880000
TATAPOWER_F1,11-09-2023,10:01:00,270.75,270.75,270.35,270.4,158625,92880000
TATAPOWER_F1,11-09-2023,10:02:00,270.3,270.85,270.1,270.75,54000,93072376
TATAPOWER_F1,11-09-2023,10:03:00,270.75,270.75,270.6,270.7,23625,93072376
TATAPOWER_F1,11-09-2023,10:04:00,270.85,270.85,270.45,270.85,40500,93072376
TATAPOWER_F1,11-09-2023,10:05:00,270.85,271.1,270.75,270.75,47250,93085872
TATAPOWER_F1,11-09-2023,10:06:00,270.9,270.95,270.85,270.95,47250,93085872
TATAPOWER_F1,11-09-2023,10:07:00,270.95,271.1,270.95,271.1,20250,93085872
TATAPOWER_F1,11-09-2023,10:08:00,271.0,271.15,271.0,271.1,101250,93106128
TATAPOWER_F1,11-09-2023,10:09:00,271.05,271.2,270.95,271.2,57375,93106128
TATAPOWER_F1,11-09-2023,10:10:00,271.05,271.3,271.0,271.15,111375,93106128
TATAPOWER_F1,11-09-2023,10:11:00,271.2,271.2,270.9,271.0,70875,93031872
TATAPOWER_F1,11-09-2023,10:12:00,271.1,271.1,270.95,271.05,57375,93031872
TATAPOWER_F1,11-09-2023,10:13:00,271.0,271.0,270.7,270.7,37125,93031872
TATAPOWER_F1,11-09-2023,10:14:00,270.8,270.9,270.8,270.85,23625,93031872
TATAPOWER_F1,11-09-2023,10:15:00,270.95,271.15,270.9,271.15,27000,93031872
TATAPOWER_F1,11-09-2023,10:16:00,271.0,271.0,270.9,270.9,33750,93031872
TATAPOWER_F1,11-09-2023,10:17:00,270.95,271.15,270.95,271.0,33750,93018376
TATAPOWER_F1,11-09-2023,10:18:00,271.1,271.1,270.95,270.95,23625,93018376
TATAPOWER_F1,11-09-2023,10:19:00,270.95,271.05,270.9,270.9,43875,93018376
TATAPOWER_F1,11-09-2023,10:20:00,271.2,271.25,271.2,271.25,37125,93018376
TATAPOWER_F1,11-09-2023,10:21:00,271.1,271.1,271.05,271.05,54000,92967752
TATAPOWER_F1,11-09-2023,10:22:00,271.15,271.25,271.1,271.25,10125,92967752
TATAPOWER_F1,11-09-2023,10:23:00,271.25,271.25,271.15,271.15,16875,92977872
TATAPOWER_F1,11-09-2023,10:24:00,271.25,271.35,271.25,271.35,40500,92977872
TATAPOWER_F1,11-09-2023,10:25:00,271.25,271.25,271.0,271.1,27000,92977872
TATAPOWER_F1,11-09-2023,10:26:00,271.2,271.6,271.2,271.6,91125,92917128
TATAPOWER_F1,11-09-2023,10:27:00,271.75,271.75,271.35,271.5,43875,92917128
TATAPOWER_F1,11-09-2023,10:28:00,271.6,271.6,271.5,271.5,6750,92917128
TATAPOWER_F1,11-09-2023,10:29:00,271.5,271.5,271.15,271.15,138375,92819248
TATAPOWER_F1,11-09-2023,10:30:00,271.25,271.35,271.05,271.15,30375,92819248
TATAPOWER_F1,11-09-2023,10:32:00,271.15,271.2,271.1,271.1,13500,92819248
TATAPOWER_F1,11-09-2023,10:33:00,271.15,271.15,271.05,271.05,13500,92802376
TATAPOWER_F1,11-09-2023,10:34:00,271.0,271.05,270.9,270.95,13500,92802376
TATAPOWER_F1,11-09-2023,10:35:00,271.0,271.0,270.7,270.9,135000,92785504
TATAPOWER_F1,11-09-2023,10:36:00,270.85,270.85,270.85,270.85,10125,92785504
TATAPOWER_F1,11-09-2023,10:37:00,271.1,271.15,271.05,271.15,27000,92785504
TATAPOWER_F1,11-09-2023,10:38:00,271.1,271.25,271.1,271.1,13500,92751752
TATAPOWER_F1,11-09-2023,10:39:00,271.25,271.35,271.2,271.35,13500,92751752
TATAPOWER_F1,11-09-2023,10:40:00,271.35,271.35,270.95,270.95,47250,92751752
TATAPOWER_F1,11-09-2023,10:41:00,270.9,270.9,270.8,270.8,33750,92751752
TATAPOWER_F1,11-09-2023,10:42:00,270.9,270.9,270.85,270.85,16875,92765248
TATAPOWER_F1,11-09-2023,10:43:00,270.85,270.85,270.85,270.85,10125,92765248
TATAPOWER_F1,11-09-2023,10:44:00,270.8,270.9,270.8,270.9,10125,92778752
TATAPOWER_F1,11-09-2023,10:45:00,270.8,270.8,270.5,270.55,57375,92778752
TATAPOWER_F1,11-09-2023,10:46:00,270.55,270.65,270.55,270.65,13500,92778752
TATAPOWER_F1,11-09-2023,10:47:00,270.55,270.7,270.55,270.6,20250,92782128
TATAPOWER_F1,11-09-2023,10:48:00,270.75,270.75,270.6,270.6,6750,92782128
TATAPOWER_F1,11-09-2023,10:49:00,270.6,270.65,270.55,270.6,50625,92782128
TATAPOWER_F1,11-09-2023,10:50:00,270.6,270.7,270.6,270.6,13500,92792248
TATAPOWER_F1,11-09-2023,10:51:00,270.45,270.7,270.45,270.7,81000,92792248
TATAPOWER_F1,11-09-2023,10:52:00,270.6,270.7,270.6,270.7,20250,92792248
TATAPOWER_F1,11-09-2023,10:53:00,270.75,270.9,270.75,270.85,27000,92815872
TATAPOWER_F1,11-09-2023,10:54:00,271.0,271.05,271.0,271.0,16875,92815872
TATAPOWER_F1,11-09-2023,10:55:00,270.85,270.9,270.75,270.75,33750,92815872
TATAPOWER_F1,11-09-2023,10:56:00,270.65,270.8,270.65,270.7,23625,92815872
TATAPOWER_F1,11-09-2023,10:57:00,270.75,270.8,270.3,270.4,145125,92819248
TATAPOWER_F1,11-09-2023,10:58:00,270.35,270.45,270.25,270.45,111375,92819248
TATAPOWER_F1,11-09-2023,10:59:00,270.5,270.75,270.4,270.7,94500,92815872
TATAPOWER_F1,11-09-2023,11:00:00,270.75,270.8,270.6,270.6,27000,92815872
TATAPOWER_F1,11-09-2023,11:01:00,270.6,270.75,270.6,270.75,20250,92815872
TATAPOWER_F1,11-09-2023,11:02:00,270.8,270.95,270.8,270.8,60750,92829376
TATAPOWER_F1,11-09-2023,11:03:00,270.95,271.0,270.8,270.8,20250,92829376
TATAPOWER_F1,11-09-2023,11:04:00,270.8,270.8,270.5,270.8,138375,92829376
TATAPOWER_F1,11-09-2023,11:05:00,270.8,270.8,270.8,270.8,3375,92819248
TATAPOWER_F1,11-09-2023,11:07:00,270.75,270.75,270.75,270.75,3375,92819248
TATAPOWER_F1,11-09-2023,11:08:00,270.65,270.65,270.45,270.45,23625,92829376
TATAPOWER_F1,11-09-2023,11:09:00,270.55,270.55,270.4,270.4,30375,92829376
TATAPOWER_F1,11-09-2023,11:10:00,270.45,270.45,270.45,270.45,13500,92829376
TATAPOWER_F1,11-09-2023,11:11:00,270.4,270.4,270.25,270.25,111375,92880000
TATAPOWER_F1,11-09-2023,11:12:00,270.3,270.3,270.15,270.2,47250,92880000
TATAPOWER_F1,11-09-2023,11:13:00,270.4,270.4,270.3,270.4,47250,92880000
TATAPOWER_F1,11-09-2023,11:14:00,270.3,270.35,270.3,270.3,40500,92856376
TATAPOWER_F1,11-09-2023,11:15:00,270.3,270.5,270.3,270.5,23625,92856376
TATAPOWER_F1,11-09-2023,11:16:00,270.5,270.5,270.5,270.5,3375,92856376
TATAPOWER_F1,11-09-2023,11:17:00,270.7,271.0,270.7,271.0,33750,92856376
TATAPOWER_F1,11-09-2023,11:18:00,270.9,270.9,270.8,270.8,10125,92856376
TATAPOWER_F1,11-09-2023,11:19:00,270.7,270.7,270.7,270.7,3375,92856376
TATAPOWER_F1,11-09-2023,11:20:00,270.75,270.8,270.7,270.7,16875,92856376
TATAPOWER_F1,11-09-2023,11:21:00,270.7,270.7,270.55,270.65,10125,92856376
TATAPOWER_F1,11-09-2023,11:22:00,270.7,270.7,270.55,270.55,23625,92856376
TATAPOWER_F1,11-09-2023,11:23:00,270.55,270.55,270.4,270.4,30375,92856376
TATAPOWER_F1,11-09-2023,11:24:00,270.4,270.45,270.35,270.35,20250,92890128
TATAPOWER_F1,11-09-2023,11:25:00,270.4,270.4,270.4,270.4,3375,92890128
TATAPOWER_F1,11-09-2023,11:26:00,270.45,270.5,270.4,270.5,13500,92890128
TATAPOWER_F1,11-09-2023,11:27:00,270.5,270.5,270.5,270.5,13500,92890128
TATAPOWER_F1,11-09-2023,11:28:00,270.45,270.55,270.45,270.45,27000,92890128
TATAPOWER_F1,11-09-2023,11:29:00,270.4,270.4,270.2,270.2,40500,92903624
TATAPOWER_F1,11-09-2023,11:30:00,270.2,270.2,270.2,270.2,6750,92903624
TATAPOWER_F1,11-09-2023,11:31:00,270.2,270.2,269.7,269.95,253125,92903624
TATAPOWER_F1,11-09-2023,11:32:00,270.1,270.25,270.0,270.25,97875,92903624
TATAPOWER_F1,11-09-2023,11:33:00,270.15,270.25,270.1,270.25,20250,92920496
TATAPOWER_F1,11-09-2023,11:34:00,270.4,270.5,270.4,270.5,47250,92920496
TATAPOWER_F1,11-09-2023,11:35:00,270.5,270.65,270.5,270.6,27000,92920496
TATAPOWER_F1,11-09-2023,11:36:00,270.6,270.6,270.6,270.6,3375,92947504
TATAPOWER_F1,11-09-2023,11:37:00,270.6,270.6,270.45,270.5,57375,92947504
TATAPOWER_F1,11-09-2023,11:38:00,270.45,270.45,270.4,270.4,6750,92947504
TATAPOWER_F1,11-09-2023,11:39:00,270.4,270.45,270.4,270.45,6750,92923872
TATAPOWER_F1,11-09-2023,11:40:00,270.6,270.6,270.6,270.6,3375,92923872
TATAPOWER_F1,11-09-2023,11:41:00,270.65,270.8,270.65,270.8,33750,92917128
TATAPOWER_F1,11-09-2023,11:42:00,270.8,270.85,270.8,270.85,13500,92917128
TATAPOWER_F1,11-09-2023,11:43:00,270.8,270.8,270.8,270.8,13500,92917128
TATAPOWER_F1,11-09-2023,11:44:00,270.75,270.8,270.75,270.8,6750,92913752
TATAPOWER_F1,11-09-2023,11:45:00,270.9,271.25,270.9,271.2,87750,92913752
TATAPOWER_F1,11-09-2023,11:46:00,271.3,271.35,271.15,271.35,124875,92913752
TATAPOWER_F1,11-09-2023,11:47:00,271.3,271.6,271.3,271.6,77625,92910376
TATAPOWER_F1,11-09-2023,11:48:00,271.6,271.7,271.6,271.7,43875,92910376
TATAPOWER_F1,11-09-2023,11:49:00,271.7,272.0,271.7,271.95,185625,92910376
TATAPOWER_F1,11-09-2023,11:50:00,271.95,271.95,271.8,271.9,47250,92910376
TATAPOWER_F1,11-09-2023,11:51:00,271.8,271.9,271.8,271.85,64125,92907000
TATAPOWER_F1,11-09-2023,11:52:00,271.9,272.0,271.8,272.0,60750,92907000
TATAPOWER_F1,11-09-2023,11:53:00,272.0,272.0,271.9,272.0,30375,92917128
TATAPOWER_F1,11-09-2023,11:54:00,271.9,272.0,271.6,271.6,128250,92917128
TATAPOWER_F1,11-09-2023,11:55:00,271.5,271.95,271.5,271.95,23625,92917128
TATAPOWER_F1,11-09-2023,11:56:00,272.0,272.0,271.8,271.8,23625,92917128
TATAPOWER_F1,11-09-2023,11:57:00,271.7,271.7,271.6,271.6,6750,92927248
TATAPOWER_F1,11-09-2023,11:58:00,271.55,271.65,271.5,271.5,10125,92927248
TATAPOWER_F1,11-09-2023,11:59:00,271.5,271.75,271.5,271.7,40500,92947504
TATAPOWER_F1,11-09-2023,12:00:00,271.65,271.65,271.55,271.55,10125,92947504
TATAPOWER_F1,11-09-2023,12:01:00,271.5,271.5,271.4,271.5,13500,92947504
TATAPOWER_F1,11-09-2023,12:02:00,271.5,273.2,271.5,273.2,786375,92984624
TATAPOWER_F1,11-09-2023,12:03:00,273.35,273.7,272.5,272.5,671625,92984624
TATAPOWER_F1,11-09-2023,12:04:00,272.5,272.65,272.3,272.6,131625,92984624
TATAPOWER_F1,11-09-2023,12:05:00,272.5,273.05,272.35,272.7,229500,92984624
TATAPOWER_F1,11-09-2023,12:06:00,272.5,272.65,272.3,272.6,148500,93163504
TATAPOWER_F1,11-09-2023,12:07:00,272.7,272.85,272.6,272.6,114750,93163504
TATAPOWER_F1,11-09-2023,12:08:00,272.6,272.9,272.6,272.9,81000,93163504
TATAPOWER_F1,11-09-2023,12:09:00,272.9,273.25,272.85,273.1,118125,93278248
TATAPOWER_F1,11-09-2023,12:10:00,273.0,273.4,273.0,273.35,162000,93278248
TATAPOWER_F1,11-09-2023,12:11:00,273.35,273.35,273.05,273.1,94500,93278248
TATAPOWER_F1,11-09-2023,12:12:00,273.05,273.3,272.95,273.0,135000,93278248
TATAPOWER_F1,11-09-2023,12:13:00,272.95,273.05,272.95,273.05,43875,93278248
TATAPOWER_F1,11-09-2023,12:14:00,273.0,273.4,272.9,273.4,87750,93278248
TATAPOWER_F1,11-09-2023,12:15:00,273.35,273.35,272.9,272.9,64125,93278248
TATAPOWER_F1,11-09-2023,12:16:00,272.8,272.9,272.5,272.5,94500,93278248
TATAPOWER_F1,11-09-2023,12:17:00,272.5,272.65,272.5,272.65,54000,93278248
TATAPOWER_F1,11-09-2023,12:18:00,272.45,272.5,272.35,272.35,23625,93261376
TATAPOWER_F1,11-09-2023,12:19:00,272.5,272.9,272.5,272.65,57375,93261376
TATAPOWER_F1,11-09-2023,12:20:00,272.6,272.65,272.45,272.45,16875,93261376
TATAPOWER_F1,11-09-2023,12:21:00,272.6,272.7,272.5,272.5,13500,93258000
TATAPOWER_F1,11-09-2023,12:22:00,272.6,272.65,272.45,272.45,57375,93258000
TATAPOWER_F1,11-09-2023,12:23:00,272.45,272.45,272.25,272.25,27000,93258000
TATAPOWER_F1,11-09-2023,12:24:00,272.25,272.45,272.2,272.45,33750,93305248
TATAPOWER_F1,11-09-2023,12:25:00,272.45,272.45,272.45,272.45,3375,93305248
TATAPOWER_F1,11-09-2023,12:26:00,272.4,272.5,272.35,272.45,20250,93305248
TATAPOWER_F1,11-09-2023,12:27:00,272.35,272.35,272.25,272.25,16875,93301872
TATAPOWER_F1,11-09-2023,12:28:00,272.25,272.5,272.2,272.35,57375,93301872
TATAPOWER_F1,11-09-2023,12:29:00,272.25,272.25,272.1,272.1,13500,93301872
TATAPOWER_F1,11-09-2023,12:30:00,272.15,272.35,272.15,272.35,23625,93170248
TATAPOWER_F1,11-09-2023,12:31:00,272.35,272.35,272.35,272.35,3375,93170248
TATAPOWER_F1,11-09-2023,12:32:00,272.2,272.35,272.1,272.15,118125,93170248
TATAPOWER_F1,11-09-2023,12:33:00,272.3,272.75,272.3,272.7,67500,93166872
TATAPOWER_F1,11-09-2023,12:34:00,272.75,272.9,272.7,272.8,47250,93166872
TATAPOWER_F1,11-09-2023,12:35:00,272.8,273.2,272.8,273.2,189000,93166872
TATAPOWER_F1,11-09-2023,12:36:00,273.05,273.05,272.9,273.05,54000,93200624
TATAPOWER_F1,11-09-2023,12:37:00,273.05,273.5,273.05,273.05,205875,93200624
TATAPOWER_F1,11-09-2023,12:38:00,272.9,273.1,272.9,272.9,64125,93200624
TATAPOWER_F1,11-09-2023,12:39:00,272.9,273.0,272.9,272.95,13500,93264752
TATAPOWER_F1,11-09-2023,12:40:00,272.95,273.1,272.95,273.0,50625,93264752
TATAPOWER_F1,11-09-2023,12:41:00,272.95,272.95,272.95,272.95,3375,93264752
TATAPOWER_F1,11-09-2023,12:42:00,272.95,272.95,272.9,272.9,16875,93274872
TATAPOWER_F1,11-09-2023,12:43:00,272.8,272.8,272.7,272.7,37125,93274872
TATAPOWER_F1,11-09-2023,12:44:00,272.65,272.7,272.55,272.55,20250,93274872
TATAPOWER_F1,11-09-2023,12:45:00,272.5,272.5,272.4,272.45,16875,93281624
TATAPOWER_F1,11-09-2023,12:46:00,272.45,272.45,272.45,272.45,16875,93281624
TATAPOWER_F1,11-09-2023,12:47:00,272.45,272.55,272.3,272.4,33750,93281624
TATAPOWER_F1,11-09-2023,12:48:00,272.3,272.3,272.15,272.3,20250,93271504
TATAPOWER_F1,11-09-2023,12:49:00,272.4,272.5,272.4,272.4,20250,93271504
TATAPOWER_F1,11-09-2023,12:50:00,272.5,272.5,272.5,272.5,3375,93271504
TATAPOWER_F1,11-09-2023,12:51:00,272.5,272.5,272.35,272.35,43875,93258000
TATAPOWER_F1,11-09-2023,12:52:00,272.3,272.5,272.3,272.35,33750,93258000
TATAPOWER_F1,11-09-2023,12:53:00,272.35,272.35,272.3,272.3,6750,93258000
TATAPOWER_F1,11-09-2023,12:54:00,272.2,272.25,272.2,272.25,6750,93268128
TATAPOWER_F1,11-09-2023,12:55:00,272.25,272.25,272.2,272.2,6750,93268128
TATAPOWER_F1,11-09-2023,12:56:00,272.2,272.2,272.05,272.05,30375,93268128
TATAPOWER_F1,11-09-2023,12:57:00,272.05,272.2,272.05,272.2,27000,93274872
TATAPOWER_F1,11-09-2023,12:58:00,272.3,272.35,272.3,272.35,6750,93274872
TATAPOWER_F1,11-09-2023,12:59:00,272.25,272.25,272.15,272.15,13500,93274872
TATAPOWER_F1,11-09-2023,13:00:00,272.15,272.25,272.15,272.25,10125,93288376
TATAPOWER_F1,11-09-2023,13:01:00,272.4,272.4,272.25,272.4,57375,93288376
TATAPOWER_F1,11-09-2023,13:02:00,272.3,272.4,272.3,272.3,30375,93288376
TATAPOWER_F1,11-09-2023,13:03:00,272.35,272.35,272.35,272.35,10125,93291752
TATAPOWER_F1,11-09-2023,13:04:00,272.35,272.35,272.35,272.35,6750,93291752
TATAPOWER_F1,11-09-2023,13:05:00,272.4,272.5,272.4,272.5,27000,93291752
TATAPOWER_F1,11-09-2023,13:06:00,272.6,272.8,272.6,272.8,16875,93301872
TATAPOWER_F1,11-09-2023,13:07:00,272.75,272.75,272.7,272.7,10125,93301872
TATAPOWER_F1,11-09-2023,13:08:00,272.7,272.85,272.7,272.85,16875,93301872
TATAPOWER_F1,11-09-2023,13:09:00,272.85,272.85,272.7,272.7,16875,93301872
TATAPOWER_F1,11-09-2023,13:10:00,272.55,272.55,272.55,272.55,3375,93301872
TATAPOWER_F1,11-09-2023,13:11:00,272.6,272.6,272.6,272.6,3375,93301872
TATAPOWER_F1,11-09-2023,13:13:00,272.55,272.6,272.55,272.6,16875,93312000
TATAPOWER_F1,11-09-2023,13:14:00,272.6,272.7,272.6,272.7,10125,93312000
TATAPOWER_F1,11-09-2023,13:15:00,272.8,272.8,272.6,272.6,6750,93295128
TATAPOWER_F1,11-09-2023,13:16:00,272.8,272.85,272.8,272.8,20250,93295128
TATAPOWER_F1,11-09-2023,13:17:00,272.8,272.9,272.8,272.9,10125,93295128
TATAPOWER_F1,11-09-2023,13:18:00,272.9,273.0,272.85,273.0,54000,93285000
TATAPOWER_F1,11-09-2023,13:19:00,273.1,273.2,273.05,273.05,47250,93285000
TATAPOWER_F1,11-09-2023,13:20:00,273.0,273.0,273.0,273.0,10125,93285000
TATAPOWER_F1,11-09-2023,13:21:00,273.0,273.0,272.8,272.8,10125,93264752
TATAPOWER_F1,11-09-2023,13:22:00,272.9,272.9,272.9,272.9,3375,93264752
TATAPOWER_F1,11-09-2023,13:23:00,273.1,273.1,273.0,273.05,23625,93264752
TATAPOWER_F1,11-09-2023,13:24:00,273.0,273.1,272.85,273.1,40500,93254624
TATAPOWER_F1,11-09-2023,13:25:00,273.05,273.1,273.05,273.05,20250,93254624
TATAPOWER_F1,11-09-2023,13:26:00,273.05,273.15,273.05,273.15,20250,93254624
TATAPOWER_F1,11-09-2023,13:27:00,273.3,273.3,273.25,273.25,70875,93207376
TATAPOWER_F1,11-09-2023,13:28:00,273.25,273.25,273.2,273.2,23625,93207376
TATAPOWER_F1,11-09-2023,13:29:00,273.2,273.5,273.2,273.5,54000,93207376
TATAPOWER_F1,11-09-2023,13:30:00,273.45,273.45,273.4,273.4,13500,93156752
TATAPOWER_F1,11-09-2023,13:31:00,273.4,273.4,273.3,273.3,13500,93156752
TATAPOWER_F1,11-09-2023,13:32:00,273.35,273.45,273.35,273.4,43875,93156752
TATAPOWER_F1,11-09-2023,13:33:00,273.45,273.65,273.45,273.5,118125,93146624
TATAPOWER_F1,11-09-2023,13:34:00,273.5,273.55,273.45,273.45,27000,93146624
TATAPOWER_F1,11-09-2023,13:35:00,273.35,273.35,273.2,273.25,23625,93146624
TATAPOWER_F1,11-09-2023,13:36:00,273.15,273.2,273.1,273.2,13500,93139872
TATAPOWER_F1,11-09-2023,13:37:00,273.2,273.35,273.2,273.35,30375,93139872
TATAPOWER_F1,11-09-2023,13:38:00,273.15,273.15,273.1,273.1,10125,93139872
TATAPOWER_F1,11-09-2023,13:39:00,273.0,273.0,272.6,272.7,57375,93126376
TATAPOWER_F1,11-09-2023,13:40:00,272.85,272.9,272.75,272.75,10125,93126376
TATAPOWER_F1,11-09-2023,13:41:00,272.9,272.9,272.75,272.75,6750,93126376
TATAPOWER_F1,11-09-2023,13:42:00,272.85,272.85,272.75,272.75,13500,93126376
TATAPOWER_F1,11-09-2023,13:43:00,272.8,272.85,272.8,272.85,6750,93133128
TATAPOWER_F1,11-09-2023,13:44:00,272.85,272.85,272.5,272.55,60750,93133128
TATAPOWER_F1,11-09-2023,13:45:00,272.45,272.65,272.45,272.5,57375,93146624
TATAPOWER_F1,11-09-2023,13:46:00,272.55,272.7,272.55,272.7,30375,93146624
TATAPOWER_F1,11-09-2023,13:47:00,272.5,272.6,272.45,272.45,74250,93146624
TATAPOWER_F1,11-09-2023,13:48:00,272.6,272.85,272.6,272.85,37125,93072376
TATAPOWER_F1,11-09-2023,13:49:00,272.8,272.85,272.8,272.8,16875,93072376
TATAPOWER_F1,11-09-2023,13:50:00,272.85,272.95,272.75,272.95,37125,93072376
TATAPOWER_F1,11-09-2023,13:51:00,272.85,272.9,272.85,272.9,6750,93069000
TATAPOWER_F1,11-09-2023,13:52:00,273.0,273.05,273.0,273.05,16875,93069000
TATAPOWER_F1,11-09-2023,13:53:00,273.0,273.0,272.9,272.9,20250,93069000
TATAPOWER_F1,11-09-2023,13:54:00,272.9,272.95,272.9,272.95,10125,93052128
TATAPOWER_F1,11-09-2023,13:55:00,273.0,273.05,273.0,273.0,20250,93052128
TATAPOWER_F1,11-09-2023,13:56:00,273.05,273.05,273.05,273.05,13500,93052128
TATAPOWER_F1,11-09-2023,13:57:00,272.95,272.95,272.95,272.95,3375,93048752
TATAPOWER_F1,11-09-2023,13:58:00,272.9,272.95,272.9,272.95,6750,93048752
TATAPOWER_F1,11-09-2023,13:59:00,272.9,272.9,272.85,272.85,13500,93048752
TATAPOWER_F1,11-09-2023,14:00:00,272.95,272.95,272.85,272.9,16875,93038624
TATAPOWER_F1,11-09-2023,14:01:00,273.0,273.0,273.0,273.0,3375,93038624
TATAPOWER_F1,11-09-2023,14:02:00,273.05,273.1,273.0,273.1,20250,93038624
TATAPOWER_F1,11-09-2023,14:03:00,273.0,273.0,273.0,273.0,3375,93021752
TATAPOWER_F1,11-09-2023,14:04:00,272.8,272.8,272.8,272.8,3375,93021752
TATAPOWER_F1,11-09-2023,14:05:00,272.85,272.95,272.8,272.85,64125,93021752
TATAPOWER_F1,11-09-2023,14:06:00,272.8,272.8,272.8,272.8,3375,93031872
TATAPOWER_F1,11-09-2023,14:07:00,272.85,272.85,272.75,272.75,16875,93031872
TATAPOWER_F1,11-09-2023,14:08:00,272.75,272.75,272.6,272.6,37125,93031872
TATAPOWER_F1,11-09-2023,14:09:00,272.7,272.7,272.7,272.7,13500,93035248
TATAPOWER_F1,11-09-2023,14:10:00,272.8,272.8,272.6,272.6,20250,93035248
TATAPOWER_F1,11-09-2023,14:11:00,272.7,272.7,272.7,272.7,3375,93035248
TATAPOWER_F1,11-09-2023,14:12:00,272.7,272.85,272.7,272.85,20250,93028496
TATAPOWER_F1,11-09-2023,14:13:00,272.8,272.8,272.75,272.75,16875,93028496
TATAPOWER_F1,11-09-2023,14:14:00,272.8,272.8,272.7,272.7,16875,93028496
TATAPOWER_F1,11-09-2023,14:15:00,272.65,272.65,272.55,272.55,23625,93031872
TATAPOWER_F1,11-09-2023,14:16:00,272.55,272.75,272.55,272.75,37125,93031872
TATAPOWER_F1,11-09-2023,14:17:00,272.75,272.8,272.75,272.8,16875,93031872
TATAPOWER_F1,11-09-2023,14:18:00,272.75,272.95,272.75,272.95,33750,93011624
TATAPOWER_F1,11-09-2023,14:19:00,273.0,273.0,272.9,272.9,16875,93011624
TATAPOWER_F1,11-09-2023,14:20:00,272.85,272.85,272.7,272.7,13500,93011624
TATAPOWER_F1,11-09-2023,14:21:00,272.65,272.7,272.65,272.65,10125,92988000
TATAPOWER_F1,11-09-2023,14:22:00,272.7,272.7,272.6,272.7,30375,92988000
TATAPOWER_F1,11-09-2023,14:23:00,272.7,272.75,272.65,272.75,20250,92988000
TATAPOWER_F1,11-09-2023,14:24:00,272.7,272.75,272.7,272.7,23625,92981248
TATAPOWER_F1,11-09-2023,14:25:00,272.75,272.75,272.75,272.75,3375,92981248
TATAPOWER_F1,11-09-2023,14:26:00,272.7,272.75,272.65,272.65,20250,92981248
TATAPOWER_F1,11-09-2023,14:27:00,272.7,272.9,272.7,272.9,23625,92971128
TATAPOWER_F1,11-09-2023,14:28:00,272.85,272.9,272.8,272.8,33750,92971128
TATAPOWER_F1,11-09-2023,14:29:00,272.75,272.75,272.75,272.75,10125,92971128
TATAPOWER_F1,11-09-2023,14:30:00,272.95,272.95,272.85,272.85,27000,92967752
TATAPOWER_F1,11-09-2023,14:31:00,272.9,273.0,272.9,273.0,13500,92967752
TATAPOWER_F1,11-09-2023,14:32:00,273.0,273.0,272.85,272.85,20250,92967752
TATAPOWER_F1,11-09-2023,14:33:00,272.9,272.95,272.9,272.95,6750,92964376
TATAPOWER_F1,11-09-2023,14:34:00,273.0,273.0,273.0,273.0,6750,92964376
TATAPOWER_F1,11-09-2023,14:35:00,272.85,272.95,272.85,272.9,16875,92964376
TATAPOWER_F1,11-09-2023,14:36:00,272.95,273.1,272.95,272.95,27000,92961000
TATAPOWER_F1,11-09-2023,14:37:00,273.0,273.0,272.85,272.85,33750,92961000
TATAPOWER_F1,11-09-2023,14:38:00,272.9,272.9,272.7,272.7,30375,92961000
TATAPOWER_F1,11-09-2023,14:39:00,272.75,272.95,272.75,272.85,101250,92954248
TATAPOWER_F1,11-09-2023,14:40:00,272.9,273.1,272.9,272.95,185625,92954248
TATAPOWER_F1,11-09-2023,14:41:00,272.75,272.75,272.6,272.6,37125,92954248
TATAPOWER_F1,11-09-2023,14:42:00,272.7,272.95,272.7,272.95,13500,92954248
TATAPOWER_F1,11-09-2023,14:43:00,273.0,273.0,272.85,272.85,23625,92954248
TATAPOWER_F1,11-09-2023,14:44:00,272.85,272.95,272.85,272.95,27000,92954248
TATAPOWER_F1,11-09-2023,14:45:00,273.0,273.25,272.85,273.25,121500,92923872
TATAPOWER_F1,11-09-2023,14:46:00,273.25,273.25,273.15,273.15,33750,92923872
TATAPOWER_F1,11-09-2023,14:47:00,273.15,273.15,273.0,273.05,67500,92923872
TATAPOWER_F1,11-09-2023,14:48:00,273.05,273.05,272.95,273.0,30375,92869872
TATAPOWER_F1,11-09-2023,14:49:00,273.05,273.05,273.0,273.05,16875,92869872
TATAPOWER_F1,11-09-2023,14:50:00,273.05,273.45,273.05,273.45,104625,92869872
TATAPOWER_F1,11-09-2023,14:51:00,273.45,273.7,273.45,273.55,111375,92829376
TATAPOWER_F1,11-09-2023,14:52:00,273.45,273.45,273.3,273.3,13500,92829376
TATAPOWER_F1,11-09-2023,14:53:00,273.3,273.45,273.3,273.45,23625,92829376
TATAPOWER_F1,11-09-2023,14:54:00,273.45,273.45,273.35,273.35,20250,92758496
TATAPOWER_F1,11-09-2023,14:55:00,273.3,273.4,273.3,273.4,20250,92758496
TATAPOWER_F1,11-09-2023,14:56:00,273.25,273.25,273.1,273.1,50625,92758496
TATAPOWER_F1,11-09-2023,14:57:00,273.1,273.1,273.0,273.05,37125,92741624
TATAPOWER_F1,11-09-2023,14:58:00,273.0,273.05,272.95,273.0,23625,92741624
TATAPOWER_F1,11-09-2023,14:59:00,272.95,273.2,272.95,273.05,57375,92741624
TATAPOWER_F1,11-09-2023,15:00:00,273.35,273.6,273.2,273.2,128250,92734872
TATAPOWER_F1,11-09-2023,15:01:00,273.25,273.4,273.25,273.4,33750,92734872
TATAPOWER_F1,11-09-2023,15:02:00,273.35,273.4,273.05,273.1,138375,92734872
TATAPOWER_F1,11-09-2023,15:03:00,273.2,273.3,273.15,273.25,33750,92674128
TATAPOWER_F1,11-09-2023,15:04:00,273.25,273.25,273.1,273.1,27000,92674128
TATAPOWER_F1,11-09-2023,15:05:00,273.15,273.15,273.15,273.15,43875,92674128
TATAPOWER_F1,11-09-2023,15:06:00,273.05,273.15,272.95,272.95,40500,92680872
TATAPOWER_F1,11-09-2023,15:07:00,273.0,273.1,273.0,273.1,33750,92680872
TATAPOWER_F1,11-09-2023,15:08:00,272.95,272.95,272.55,272.55,138375,92680872
TATAPOWER_F1,11-09-2023,15:09:00,272.5,272.5,272.15,272.15,155250,92653872
TATAPOWER_F1,11-09-2023,15:10:00,272.3,272.35,272.15,272.3,60750,92653872
TATAPOWER_F1,11-09-2023,15:11:00,272.1,272.3,272.1,272.3,131625,92653872
TATAPOWER_F1,11-09-2023,15:12:00,272.35,272.35,272.0,272.0,155250,92589752
TATAPOWER_F1,11-09-2023,15:13:00,272.0,272.35,272.0,272.05,84375,92589752
TATAPOWER_F1,11-09-2023,15:14:00,272.05,272.2,272.05,272.2,27000,92589752
TATAPOWER_F1,11-09-2023,15:15:00,272.1,272.15,272.1,272.15,27000,92583000
TATAPOWER_F1,11-09-2023,15:16:00,272.25,272.3,272.25,272.3,77625,92583000
TATAPOWER_F1,11-09-2023,15:17:00,272.25,272.4,272.2,272.4,81000,92583000
TATAPOWER_F1,11-09-2023,15:18:00,272.3,272.35,272.2,272.25,40500,92566128
TATAPOWER_F1,11-09-2023,15:19:00,272.3,272.35,272.2,272.35,43875,92566128
TATAPOWER_F1,11-09-2023,15:20:00,272.3,272.35,272.3,272.35,40500,92566128
TATAPOWER_F1,11-09-2023,15:21:00,272.4,272.4,272.3,272.3,64125,92549248
TATAPOWER_F1,11-09-2023,15:22:00,272.35,272.35,272.35,272.35,20250,92549248
TATAPOWER_F1,11-09-2023,15:23:00,272.35,272.5,272.35,272.5,212625,92549248
TATAPOWER_F1,11-09-2023,15:24:00,272.45,272.5,272.35,272.35,253125,92525624
TATAPOWER_F1,11-09-2023,15:25:00,272.4,272.4,272.35,272.35,81000,92525624
TATAPOWER_F1,11-09-2023,15:26:00,272.4,272.4,272.4,272.4,37125,92525624
TATAPOWER_F1,11-09-2023,15:27:00,272.4,272.5,272.35,272.4,124875,92542496
TATAPOWER_F1,11-09-2023,15:28:00,272.45,272.45,272.35,272.35,94500,92542496
TATAPOWER_F1,11-09-2023,15:29:00,272.25,272.45,272.25,272.45,121500,92542496
TATAPOWER_F1,11-09-2023,15:30:00,272.25,272.25,272.25,272.25,16875,92542496
TATAPOWER_F1,12-09-2023,09:15:00,274.75,275.5,273.65,273.65,344253,90743624
TATAPOWER_F1,12-09-2023,09:16:00,273.45,274.05,273.45,273.8,610875,90743624
TATAPOWER_F1,12-09-2023,09:17:00,273.6,273.85,273.35,273.85,246375,90996752
TATAPOWER_F1,12-09-2023,09:18:00,273.55,274.3,273.3,274.25,381375,90996752
TATAPOWER_F1,12-09-2023,09:19:00,274.4,274.5,273.2,273.2,398250,90996752
TATAPOWER_F1,12-09-2023,09:20:00,273.15,274.1,272.95,274.0,189000,91108128
TATAPOWER_F1,12-09-2023,09:21:00,274.1,274.3,273.55,273.95,175500,91108128
TATAPOWER_F1,12-09-2023,09:22:00,273.95,273.95,273.25,273.45,175500,91108128
TATAPOWER_F1,12-09-2023,09:23:00,273.4,273.85,273.4,273.5,60750,91128376
TATAPOWER_F1,12-09-2023,09:24:00,273.65,273.85,273.25,273.65,168750,91128376
TATAPOWER_F1,12-09-2023,09:25:00,273.8,273.8,273.3,273.3,74250,91128376
TATAPOWER_F1,12-09-2023,09:26:00,273.55,273.55,272.8,272.9,104625,91175624
TATAPOWER_F1,12-09-2023,09:27:00,272.9,272.9,272.25,272.7,317250,91175624
TATAPOWER_F1,12-09-2023,09:28:00,272.8,273.0,272.5,272.55,432000,91175624
TATAPOWER_F1,12-09-2023,09:29:00,272.5,272.8,272.15,272.4,185625,91054128
TATAPOWER_F1,12-09-2023,09:30:00,272.45,272.5,271.6,271.75,354375,91054128
TATAPOWER_F1,12-09-2023,09:31:00,271.85,272.0,271.25,271.8,351000,91054128
TATAPOWER_F1,12-09-2023,09:32:00,271.6,271.85,271.15,271.55,212625,90993376
TATAPOWER_F1,12-09-2023,09:33:00,271.4,271.7,271.2,271.45,101250,90993376
TATAPOWER_F1,12-09-2023,09:34:00,271.4,271.7,270.95,271.7,205875,90993376
TATAPOWER_F1,12-09-2023,09:35:00,271.75,271.75,270.55,270.55,189000,91091248
TATAPOWER_F1,12-09-2023,09:36:00,270.4,270.65,270.1,270.15,246375,91091248
TATAPOWER_F1,12-09-2023,09:37:00,270.1,270.15,269.5,270.0,499500,91091248
TATAPOWER_F1,12-09-2023,09:38:00,270.0,270.35,269.45,269.7,313875,91135128
TATAPOWER_F1,12-09-2023,09:39:00,269.75,269.75,269.0,269.0,212625,91135128
TATAPOWER_F1,12-09-2023,09:40:00,269.1,269.4,268.55,268.6,327375,91135128
TATAPOWER_F1,12-09-2023,09:41:00,268.6,268.7,267.35,267.6,600750,91125000
TATAPOWER_F1,12-09-2023,09:42:00,267.7,268.3,267.25,267.95,624375,91125000
TATAPOWER_F1,12-09-2023,09:43:00,267.95,268.2,267.7,267.9,394875,91125000
TATAPOWER_F1,12-09-2023,09:44:00,267.95,268.7,267.85,268.55,141750,91010248
TATAPOWER_F1,12-09-2023,09:45:00,268.5,268.5,267.1,267.1,523125,91010248
TATAPOWER_F1,12-09-2023,09:46:00,267.2,267.25,266.25,266.25,621000,91010248
TATAPOWER_F1,12-09-2023,09:47:00,266.4,266.4,265.0,265.6,729000,91567128
TATAPOWER_F1,12-09-2023,09:48:00,265.45,265.5,264.5,264.75,776250,91567128
TATAPOWER_F1,12-09-2023,09:49:00,264.8,265.0,263.6,263.75,833625,91567128
TATAPOWER_F1,12-09-2023,09:50:00,263.55,263.8,261.6,261.7,1657125,91361248
TATAPOWER_F1,12-09-2023,09:51:00,261.65,263.5,261.1,263.5,897750,91361248
TATAPOWER_F1,12-09-2023,09:52:00,263.15,263.8,263.1,263.8,469125,91361248
TATAPOWER_F1,12-09-2023,09:53:00,263.3,264.0,263.2,263.4,715500,91111504
TATAPOWER_F1,12-09-2023,09:54:00,263.35,264.3,263.25,264.25,388125,91111504
TATAPOWER_F1,12-09-2023,09:55:00,264.0,264.65,263.9,264.45,364500,91111504
TATAPOWER_F1,12-09-2023,09:56:00,264.35,264.55,263.9,264.0,442125,91263376
TATAPOWER_F1,12-09-2023,09:57:00,264.0,264.0,262.0,262.0,864000,91263376
TATAPOWER_F1,12-09-2023,09:58:00,262.0,264.25,262.0,264.2,523125,91263376
TATAPOWER_F1,12-09-2023,09:59:00,264.3,265.35,264.3,265.35,695250,91131752
TATAPOWER_F1,12-09-2023,10:00:00,265.4,266.8,265.4,266.8,550125,91131752
TATAPOWER_F1,12-09-2023,10:01:00,266.8,267.7,266.7,267.35,529875,91131752
TATAPOWER_F1,12-09-2023,10:02:00,267.4,267.7,267.0,267.2,286875,90936000
TATAPOWER_F1,12-09-2023,10:03:00,267.05,267.6,266.9,267.25,276750,90936000
TATAPOWER_F1,12-09-2023,10:04:00,267.4,268.0,267.1,268.0,172125,90936000
TATAPOWER_F1,12-09-2023,10:05:00,268.3,268.8,268.15,268.8,469125,90844872
TATAPOWER_F1,12-09-2023,10:06:00,268.5,268.95,268.35,268.95,202500,90844872
TATAPOWER_F1,12-09-2023,10:07:00,269.0,269.2,268.75,269.2,283500,90844872
TATAPOWER_F1,12-09-2023,10:08:00,269.25,269.3,268.6,268.6,148500,90844872
TATAPOWER_F1,12-09-2023,10:09:00,268.65,268.85,268.3,268.5,148500,90824624
TATAPOWER_F1,12-09-2023,10:10:00,268.35,268.45,267.75,268.25,249750,90824624
TATAPOWER_F1,12-09-2023,10:11:00,268.2,268.45,267.7,267.75,168750,90871872
TATAPOWER_F1,12-09-2023,10:12:00,267.5,267.6,266.55,266.55,249750,90871872
TATAPOWER_F1,12-09-2023,10:13:00,266.5,267.25,266.35,266.8,327375,90871872
TATAPOWER_F1,12-09-2023,10:14:00,266.8,266.8,266.2,266.2,155250,90932624
TATAPOWER_F1,12-09-2023,10:15:00,266.0,266.1,265.25,265.25,226125,90932624
TATAPOWER_F1,12-09-2023,10:16:00,265.1,266.35,265.1,265.95,324000,90932624
TATAPOWER_F1,12-09-2023,10:17:00,265.75,266.0,265.6,265.6,43875,90932624
TATAPOWER_F1,12-09-2023,10:18:00,265.55,265.55,265.2,265.2,101250,90574872
TATAPOWER_F1,12-09-2023,10:19:00,265.4,265.75,265.35,265.6,60750,90574872
TATAPOWER_F1,12-09-2023,10:20:00,265.45,266.55,265.45,266.55,121500,90652496
TATAPOWER_F1,12-09-2023,10:21:00,266.55,266.75,265.95,266.05,74250,90652496
TATAPOWER_F1,12-09-2023,10:22:00,265.75,266.0,265.75,265.9,13500,90652496
TATAPOWER_F1,12-09-2023,10:23:00,265.95,266.0,265.65,265.65,70875,90774000
TATAPOWER_F1,12-09-2023,10:24:00,265.95,266.0,265.65,265.7,40500,90774000
TATAPOWER_F1,12-09-2023,10:25:00,265.7,265.7,264.8,264.8,111375,90774000
TATAPOWER_F1,12-09-2023,10:26:00,264.9,265.3,264.7,265.15,172125,90733504
TATAPOWER_F1,12-09-2023,10:27:00,265.0,265.1,264.65,265.1,131625,90733504
TATAPOWER_F1,12-09-2023,10:28:00,264.95,265.1,264.1,264.1,155250,90733504
TATAPOWER_F1,12-09-2023,10:29:00,264.3,265.3,264.3,265.3,101250,90811128
TATAPOWER_F1,12-09-2023,10:30:00,265.3,265.3,264.15,264.5,70875,90811128
TATAPOWER_F1,12-09-2023,10:31:00,264.45,264.65,263.8,264.4,388125,90811128
TATAPOWER_F1,12-09-2023,10:32:00,264.3,264.9,264.3,264.75,40500,90811128
TATAPOWER_F1,12-09-2023,10:33:00,264.7,264.9,264.25,264.25,54000,90807752
TATAPOWER_F1,12-09-2023,10:34:00,264.3,264.8,264.25,264.7,60750,90807752
TATAPOWER_F1,12-09-2023,10:35:00,264.8,265.65,264.8,265.65,104625,90760496
TATAPOWER_F1,12-09-2023,10:36:00,265.7,266.35,265.6,266.05,64125,90760496
TATAPOWER_F1,12-09-2023,10:37:00,266.0,266.15,266.0,266.15,67500,90760496
TATAPOWER_F1,12-09-2023,10:38:00,266.2,266.2,266.05,266.05,27000,90760496
TATAPOWER_F1,12-09-2023,10:39:00,266.15,266.5,266.15,266.15,74250,90716624
TATAPOWER_F1,12-09-2023,10:40:00,265.8,265.9,265.5,265.9,94500,90716624
TATAPOWER_F1,12-09-2023,10:41:00,265.7,265.9,265.5,265.9,50625,90716624
TATAPOWER_F1,12-09-2023,10:42:00,265.65,266.0,265.6,266.0,37125,90682872
TATAPOWER_F1,12-09-2023,10:43:00,266.0,266.5,266.0,266.5,50625,90682872
TATAPOWER_F1,12-09-2023,10:44:00,266.45,266.85,266.45,266.85,84375,90635624
TATAPOWER_F1,12-09-2023,10:45:00,267.0,267.0,266.55,266.6,111375,90635624
TATAPOWER_F1,12-09-2023,10:46:00,266.6,266.75,266.25,266.75,84375,90635624
TATAPOWER_F1,12-09-2023,10:47:00,266.85,267.15,266.8,266.9,158625,90635624
TATAPOWER_F1,12-09-2023,10:48:00,266.9,267.0,266.75,267.0,23625,90625504
TATAPOWER_F1,12-09-2023,10:49:00,267.25,267.5,267.0,267.35,300375,90625504
TATAPOWER_F1,12-09-2023,10:50:00,267.55,267.55,267.0,267.45,57375,90625504
TATAPOWER_F1,12-09-2023,10:51:00,267.25,267.25,267.0,267.2,47250,90770624
TATAPOWER_F1,12-09-2023,10:52:00,267.2,267.8,267.2,267.35,347625,90770624
TATAPOWER_F1,12-09-2023,10:53:00,267.35,268.05,267.3,267.95,340875,90770624
TATAPOWER_F1,12-09-2023,10:54:00,267.95,268.4,267.95,268.35,81000,90767248
TATAPOWER_F1,12-09-2023,10:55:00,268.45,268.6,267.75,267.85,91125,90767248
TATAPOWER_F1,12-09-2023,10:56:00,267.8,268.6,267.8,268.55,334125,90767248
TATAPOWER_F1,12-09-2023,10:57:00,268.7,268.95,268.3,268.3,158625,90750376
TATAPOWER_F1,12-09-2023,10:58:00,268.4,268.4,267.8,268.2,81000,90750376
TATAPOWER_F1,12-09-2023,10:59:00,268.25,268.65,268.25,268.6,91125,90750376
TATAPOWER_F1,12-09-2023,11:00:00,268.7,268.9,268.3,268.9,165375,90703128
TATAPOWER_F1,12-09-2023,11:01:00,268.9,269.0,268.75,269.0,195750,90703128
TATAPOWER_F1,12-09-2023,11:02:00,269.2,269.25,268.7,268.85,567000,90703128
TATAPOWER_F1,12-09-2023,11:03:00,268.8,269.0,268.0,268.0,168750,90780752
TATAPOWER_F1,12-09-2023,11:04:00,268.0,268.0,267.35,267.35,121500,90780752
TATAPOWER_F1,12-09-2023,11:05:00,267.6,268.4,267.55,268.4,108000,90780752
TATAPOWER_F1,12-09-2023,11:06:00,268.4,269.3,268.3,269.3,212625,90871872
TATAPOWER_F1,12-09-2023,11:07:00,269.35,270.2,269.35,269.9,597375,90871872
TATAPOWER_F1,12-09-2023,11:08:00,269.85,270.0,269.4,269.85,178875,90871872
TATAPOWER_F1,12-09-2023,11:09:00,269.6,270.15,269.6,269.6,124875,91020376
TATAPOWER_F1,12-09-2023,11:10:00,269.75,270.15,269.6,270.0,87750,91020376
TATAPOWER_F1,12-09-2023,11:11:00,270.0,270.2,269.85,269.9,94500,91020376
TATAPOWER_F1,12-09-2023,11:12:00,269.9,270.1,269.9,270.1,57375,91067624
TATAPOWER_F1,12-09-2023,11:13:00,270.05,270.05,269.9,270.0,23625,91067624
TATAPOWER_F1,12-09-2023,11:14:00,270.0,270.1,269.55,270.0,135000,91067624
TATAPOWER_F1,12-09-2023,11:15:00,270.0,270.1,269.6,269.95,97875,90949504
TATAPOWER_F1,12-09-2023,11:16:00,269.75,269.75,269.4,269.4,43875,90949504
TATAPOWER_F1,12-09-2023,11:17:00,269.3,269.3,268.9,268.95,111375,90949504
TATAPOWER_F1,12-09-2023,11:18:00,268.95,269.2,268.6,268.6,111375,90841504
TATAPOWER_F1,12-09-2023,11:19:00,268.75,268.8,268.5,268.5,64125,90841504
TATAPOWER_F1,12-09-2023,11:20:00,268.65,269.0,268.65,268.95,37125,90841504
TATAPOWER_F1,12-09-2023,11:21:00,269.05,269.1,268.65,268.9,60750,90871872
TATAPOWER_F1,12-09-2023,11:22:00,268.8,269.25,268.8,269.2,64125,90871872
TATAPOWER_F1,12-09-2023,11:23:00,269.0,269.0,268.6,268.7,60750,90871872
TATAPOWER_F1,12-09-2023,11:24:00,268.65,268.75,268.45,268.5,37125,90828000
TATAPOWER_F1,12-09-2023,11:25:00,268.2,268.4,268.2,268.4,27000,90828000
TATAPOWER_F1,12-09-2023,11:26:00,268.2,268.2,267.9,267.95,114750,90828000
TATAPOWER_F1,12-09-2023,11:27:00,268.0,268.3,267.85,268.3,84375,90865128
TATAPOWER_F1,12-09-2023,11:28:00,268.4,268.55,268.25,268.55,37125,90865128
TATAPOWER_F1,12-09-2023,11:29:00,268.6,268.6,268.3,268.3,60750,90865128
TATAPOWER_F1,12-09-2023,11:30:00,268.3,268.3,268.1,268.1,13500,90932624
TATAPOWER_F1,12-09-2023,11:31:00,268.0,268.25,268.0,268.25,50625,90932624
TATAPOWER_F1,12-09-2023,11:32:00,268.0,268.15,268.0,268.15,30375,90932624
TATAPOWER_F1,12-09-2023,11:33:00,268.5,268.65,268.1,268.1,40500,90939376
TATAPOWER_F1,12-09-2023,11:34:00,268.0,268.1,268.0,268.05,30375,90939376
TATAPOWER_F1,12-09-2023,11:35:00,268.0,268.4,267.95,267.95,23625,90939376
TATAPOWER_F1,12-09-2023,11:36:00,267.75,267.75,267.25,267.25,172125,90973128
TATAPOWER_F1,12-09-2023,11:37:00,267.25,267.4,266.9,267.0,135000,90973128
TATAPOWER_F1,12-09-2023,11:38:00,266.7,267.0,266.3,266.95,182250,90973128
TATAPOWER_F1,12-09-2023,11:39:00,267.25,267.5,267.1,267.45,37125,91027128
TATAPOWER_F1,12-09-2023,11:40:00,267.35,267.35,267.15,267.25,43875,91027128
TATAPOWER_F1,12-09-2023,11:41:00,267.2,267.3,267.2,267.3,13500,91027128
TATAPOWER_F1,12-09-2023,11:42:00,267.15,267.3,267.1,267.3,50625,91017000
TATAPOWER_F1,12-09-2023,11:43:00,267.3,267.3,266.9,266.9,47250,91017000
TATAPOWER_F1,12-09-2023,11:44:00,267.2,267.5,267.1,267.5,30375,91017000
TATAPOWER_F1,12-09-2023,11:45:00,267.3,267.5,267.25,267.5,33750,90952872
TATAPOWER_F1,12-09-2023,11:46:00,267.6,267.6,267.1,267.1,47250,90952872
TATAPOWER_F1,12-09-2023,11:47:00,267.0,267.25,267.0,267.05,43875,90952872
TATAPOWER_F1,12-09-2023,11:48:00,267.2,267.2,266.9,266.9,57375,90983248
TATAPOWER_F1,12-09-2023,11:49:00,266.75,266.9,266.6,266.7,60750,90983248
TATAPOWER_F1,12-09-2023,11:50:00,266.65,266.75,266.65,266.7,16875,90983248
TATAPOWER_F1,12-09-2023,11:51:00,266.65,266.9,266.6,266.7,94500,91047376
TATAPOWER_F1,12-09-2023,11:52:00,266.75,266.85,266.45,266.45,74250,91047376
TATAPOWER_F1,12-09-2023,11:53:00,266.6,266.75,266.5,266.55,81000,91047376
TATAPOWER_F1,12-09-2023,11:54:00,266.6,267.0,266.6,267.0,16875,90976496
TATAPOWER_F1,12-09-2023,11:55:00,267.2,267.3,267.05,267.15,54000,90976496
TATAPOWER_F1,12-09-2023,11:56:00,267.1,267.1,266.8,266.8,77625,90976496
TATAPOWER_F1,12-09-2023,11:57:00,266.55,266.65,266.35,266.4,81000,91000128
TATAPOWER_F1,12-09-2023,11:58:00,266.45,266.45,266.05,266.15,172125,91000128
TATAPOWER_F1,12-09-2023,11:59:00,266.15,266.5,266.15,266.4,43875,91000128
TATAPOWER_F1,12-09-2023,12:00:00,266.4,266.4,265.85,265.85,84375,91047376
TATAPOWER_F1,12-09-2023,12:01:00,265.8,265.9,265.65,265.75,135000,91047376
TATAPOWER_F1,12-09-2023,12:02:00,265.9,265.9,265.6,265.9,84375,91047376
TATAPOWER_F1,12-09-2023,12:03:00,265.65,265.8,265.5,265.8,81000,91087872
TATAPOWER_F1,12-09-2023,12:04:00,265.85,265.85,265.85,265.85,6750,91087872
TATAPOWER_F1,12-09-2023,12:05:00,265.8,265.85,265.3,265.3,94500,91087872
TATAPOWER_F1,12-09-2023,12:06:00,265.25,265.25,264.75,265.0,232875,91125000
TATAPOWER_F1,12-09-2023,12:07:00,265.1,265.8,265.1,265.75,148500,91125000
TATAPOWER_F1,12-09-2023,12:08:00,265.6,266.05,265.55,265.95,118125,91125000
TATAPOWER_F1,12-09-2023,12:09:00,265.95,265.95,265.4,265.4,84375,91158752
TATAPOWER_F1,12-09-2023,12:10:00,265.4,265.5,265.25,265.5,47250,91158752
TATAPOWER_F1,12-09-2023,12:11:00,265.3,265.4,265.05,265.05,151875,91158752
TATAPOWER_F1,12-09-2023,12:12:00,265.15,265.35,264.9,265.0,101250,91148624
TATAPOWER_F1,12-09-2023,12:13:00,265.0,265.55,264.85,264.85,94500,91148624
TATAPOWER_F1,12-09-2023,12:14:00,264.9,265.4,264.9,265.25,37125,91148624
TATAPOWER_F1,12-09-2023,12:15:00,265.25,265.25,264.95,265.15,64125,91148624
TATAPOWER_F1,12-09-2023,12:16:00,265.3,265.3,264.7,264.7,84375,91148624
TATAPOWER_F1,12-09-2023,12:17:00,264.75,264.8,264.5,264.7,128250,91148624
TATAPOWER_F1,12-09-2023,12:18:00,264.65,264.65,264.1,264.1,141750,91179000
TATAPOWER_F1,12-09-2023,12:19:00,264.2,264.25,263.8,263.9,290250,91179000
TATAPOWER_F1,12-09-2023,12:20:00,264.25,264.65,264.2,264.45,124875,91179000
TATAPOWER_F1,12-09-2023,12:21:00,264.7,264.8,264.55,264.65,57375,91266752
TATAPOWER_F1,12-09-2023,12:22:00,264.75,265.0,264.75,264.75,70875,91266752
TATAPOWER_F1,12-09-2023,12:23:00,264.65,265.1,264.45,264.75,70875,91266752
TATAPOWER_F1,12-09-2023,12:24:00,264.7,264.7,264.3,264.3,118125,91192496
TATAPOWER_F1,12-09-2023,12:25:00,264.6,265.1,264.6,264.9,54000,91192496
TATAPOWER_F1,12-09-2023,12:26:00,264.9,265.6,264.8,265.25,145125,91192496
TATAPOWER_F1,12-09-2023,12:27:00,265.15,265.45,265.1,265.1,81000,91212752
TATAPOWER_F1,12-09-2023,12:28:00,264.85,265.0,264.65,264.75,57375,91212752
TATAPOWER_F1,12-09-2023,12:29:00,264.75,264.75,264.35,264.7,30375,91212752
TATAPOWER_F1,12-09-2023,12:30:00,264.65,264.85,264.65,264.65,13500,91246496
TATAPOWER_F1,12-09-2023,12:31:00,264.45,264.45,264.1,264.1,67500,91246496
TATAPOWER_F1,12-09-2023,12:32:00,264.15,264.35,264.1,264.1,67500,91246496
TATAPOWER_F1,12-09-2023,12:33:00,264.45,264.8,264.45,264.8,37125,91266752
TATAPOWER_F1,12-09-2023,12:34:00,264.9,264.9,264.55,264.7,20250,91266752
TATAPOWER_F1,12-09-2023,12:35:00,264.55,264.8,264.55,264.75,67500,91266752
TATAPOWER_F1,12-09-2023,12:36:00,264.75,264.75,264.3,264.6,50625,91290376
TATAPOWER_F1,12-09-2023,12:37:00,264.55,264.55,264.25,264.25,27000,91290376
TATAPOWER_F1,12-09-2023,12:38:00,264.15,264.4,264.15,264.3,20250,91290376
TATAPOWER_F1,12-09-2023,12:39:00,264.1,264.3,264.05,264.3,13500,91317376
TATAPOWER_F1,12-09-2023,12:40:00,264.35,264.35,264.05,264.05,67500,91317376
TATAPOWER_F1,12-09-2023,12:41:00,264.05,264.05,263.85,264.0,91125,91317376
TATAPOWER_F1,12-09-2023,12:42:00,263.9,264.0,263.9,263.9,33750,91287000
TATAPOWER_F1,12-09-2023,12:43:00,263.7,264.1,263.7,264.0,94500,91287000
TATAPOWER_F1,12-09-2023,12:44:00,263.95,263.95,263.7,263.7,30375,91287000
TATAPOWER_F1,12-09-2023,12:45:00,263.9,263.9,263.8,263.9,16875,91233000
TATAPOWER_F1,12-09-2023,12:46:00,264.05,264.3,264.05,264.25,70875,91233000
TATAPOWER_F1,12-09-2023,12:47:00,264.5,264.8,264.5,264.8,16875,91233000
TATAPOWER_F1,12-09-2023,12:48:00,264.95,265.6,264.75,265.5,84375,91246496
TATAPOWER_F1,12-09-2023,12:49:00,265.7,265.7,265.55,265.65,40500,91246496
TATAPOWER_F1,12-09-2023,12:50:00,265.6,265.8,265.6,265.7,37125,91246496
TATAPOWER_F1,12-09-2023,12:51:00,265.6,265.9,265.6,265.9,33750,91266752
TATAPOWER_F1,12-09-2023,12:52:00,265.55,265.55,265.0,265.0,101250,91266752
TATAPOWER_F1,12-09-2023,12:53:00,264.55,264.75,264.55,264.75,60750,91266752
TATAPOWER_F1,12-09-2023,12:54:00,264.55,264.85,264.55,264.85,43875,91256624
TATAPOWER_F1,12-09-2023,12:55:00,264.7,265.1,264.7,265.1,20250,91256624
TATAPOWER_F1,12-09-2023,12:56:00,265.2,265.3,265.1,265.2,23625,91256624
TATAPOWER_F1,12-09-2023,12:57:00,264.95,264.95,264.9,264.9,6750,91287000
TATAPOWER_F1,12-09-2023,12:58:00,264.55,264.95,264.55,264.95,43875,91287000
TATAPOWER_F1,12-09-2023,12:59:00,264.8,264.95,264.8,264.95,16875,91287000
TATAPOWER_F1,12-09-2023,13:00:00,264.8,264.8,264.4,264.4,70875,91266752
TATAPOWER_F1,12-09-2023,13:01:00,264.4,264.45,264.1,264.1,94500,91266752
TATAPOWER_F1,12-09-2023,13:02:00,264.1,264.3,264.1,264.25,30375,91266752
TATAPOWER_F1,12-09-2023,13:03:00,264.35,265.05,264.35,265.05,77625,91260000
TATAPOWER_F1,12-09-2023,13:04:00,265.15,265.45,265.15,265.45,27000,91260000
TATAPOWER_F1,12-09-2023,13:05:00,265.35,265.55,265.1,265.55,64125,91260000
TATAPOWER_F1,12-09-2023,13:06:00,265.55,265.8,265.55,265.75,104625,91256624
TATAPOWER_F1,12-09-2023,13:07:00,265.7,265.75,265.5,265.55,37125,91256624
TATAPOWER_F1,12-09-2023,13:08:00,265.55,265.55,265.1,265.1,131625,91256624
TATAPOWER_F1,12-09-2023,13:09:00,265.05,265.05,265.0,265.05,13500,91253248
TATAPOWER_F1,12-09-2023,13:10:00,264.75,264.85,264.7,264.85,13500,91253248
TATAPOWER_F1,12-09-2023,13:11:00,264.7,264.8,264.65,264.65,30375,91253248
TATAPOWER_F1,12-09-2023,13:12:00,264.65,264.85,264.6,264.7,33750,91263376
TATAPOWER_F1,12-09-2023,13:13:00,264.75,265.3,264.75,265.1,81000,91263376
TATAPOWER_F1,12-09-2023,13:14:00,265.2,265.2,264.85,264.9,77625,91263376
TATAPOWER_F1,12-09-2023,13:15:00,264.0,264.55,264.0,264.35,924750,91452376
TATAPOWER_F1,12-09-2023,13:16:00,264.45,265.0,264.4,265.0,54000,91452376
TATAPOWER_F1,12-09-2023,13:17:00,264.65,264.7,264.4,264.7,40500,91452376
TATAPOWER_F1,12-09-2023,13:18:00,264.7,264.9,264.7,264.9,27000,91465872
TATAPOWER_F1,12-09-2023,13:19:00,264.65,264.8,264.65,264.7,33750,91465872
TATAPOWER_F1,12-09-2023,13:20:00,264.8,264.9,264.6,264.6,67500,91465872
TATAPOWER_F1,12-09-2023,13:21:00,264.7,265.0,264.7,264.85,50625,91479376
TATAPOWER_F1,12-09-2023,13:22:00,264.9,265.2,264.8,265.1,54000,91479376
TATAPOWER_F1,12-09-2023,13:23:00,265.4,265.4,265.1,265.15,47250,91479376
TATAPOWER_F1,12-09-2023,13:24:00,265.4,265.7,265.35,265.65,64125,90939376
TATAPOWER_F1,12-09-2023,13:25:00,265.65,265.9,265.55,265.9,64125,90939376
TATAPOWER_F1,12-09-2023,13:26:00,265.85,265.85,265.4,265.4,37125,90939376
TATAPOWER_F1,12-09-2023,13:27:00,265.3,265.3,264.95,264.95,27000,90952872
TATAPOWER_F1,12-09-2023,13:28:00,265.1,265.3,265.1,265.1,37125,90952872
TATAPOWER_F1,12-09-2023,13:29:00,265.2,265.3,265.2,265.3,10125,90952872
TATAPOWER_F1,12-09-2023,13:30:00,265.4,265.4,265.2,265.2,27000,90895504
TATAPOWER_F1,12-09-2023,13:31:00,265.2,265.2,265.0,265.0,67500,90895504
TATAPOWER_F1,12-09-2023,13:32:00,264.9,265.0,264.8,265.0,128250,90895504
TATAPOWER_F1,12-09-2023,13:33:00,264.65,264.75,264.4,264.6,84375,90895504
TATAPOWER_F1,12-09-2023,13:34:00,264.7,265.0,264.7,265.0,43875,90895504
TATAPOWER_F1,12-09-2023,13:35:00,264.95,264.95,264.95,264.95,3375,90895504
TATAPOWER_F1,12-09-2023,13:36:00,264.75,264.8,264.6,264.6,10125,90915752
TATAPOWER_F1,12-09-2023,13:37:00,264.85,265.05,264.85,265.05,57375,90915752
TATAPOWER_F1,12-09-2023,13:38:00,265.25,265.4,265.25,265.4,10125,90915752
TATAPOWER_F1,12-09-2023,13:39:00,265.4,265.4,265.4,265.4,16875,90925872
TATAPOWER_F1,12-09-2023,13:40:00,265.25,265.3,265.25,265.3,6750,90925872
TATAPOWER_F1,12-09-2023,13:41:00,265.25,265.25,265.25,265.25,6750,90925872
TATAPOWER_F1,12-09-2023,13:42:00,265.2,265.35,265.1,265.35,27000,90939376
TATAPOWER_F1,12-09-2023,13:43:00,265.2,265.25,265.2,265.25,10125,90939376
TATAPOWER_F1,12-09-2023,13:44:00,265.25,265.25,265.25,265.25,3375,90939376
TATAPOWER_F1,12-09-2023,13:45:00,265.05,265.05,264.9,264.9,16875,90939376
TATAPOWER_F1,12-09-2023,13:46:00,264.85,264.95,264.8,264.8,23625,90939376
TATAPOWER_F1,12-09-2023,13:47:00,265.0,265.0,264.8,265.0,30375,90939376
TATAPOWER_F1,12-09-2023,13:48:00,265.05,265.05,265.05,265.05,10125,90959624
TATAPOWER_F1,12-09-2023,13:49:00,265.0,265.05,264.85,264.85,20250,90959624
TATAPOWER_F1,12-09-2023,13:50:00,264.9,264.9,264.75,264.75,16875,90959624
TATAPOWER_F1,12-09-2023,13:51:00,264.8,264.8,264.8,264.8,6750,90959624
TATAPOWER_F1,12-09-2023,13:52:00,264.85,265.1,264.85,265.1,6750,90963000
TATAPOWER_F1,12-09-2023,13:53:00,265.05,265.4,265.05,265.4,33750,90963000
TATAPOWER_F1,12-09-2023,13:54:00,265.4,265.4,265.2,265.2,16875,90963000
TATAPOWER_F1,12-09-2023,13:55:00,265.2,265.35,265.05,265.15,101250,90963000
TATAPOWER_F1,12-09-2023,13:56:00,265.15,265.35,265.15,265.35,16875,90963000
TATAPOWER_F1,12-09-2023,13:57:00,265.0,265.05,264.95,264.95,13500,90963000
TATAPOWER_F1,12-09-2023,13:58:00,264.95,265.0,264.95,265.0,13500,90963000
TATAPOWER_F1,12-09-2023,13:59:00,264.85,264.9,264.55,264.7,50625,90963000
TATAPOWER_F1,12-09-2023,14:00:00,264.6,264.6,264.2,264.25,135000,90996752
TATAPOWER_F1,12-09-2023,14:01:00,264.0,264.45,264.0,264.45,91125,90996752
TATAPOWER_F1,12-09-2023,14:02:00,264.45,264.45,264.45,264.45,3375,90996752
TATAPOWER_F1,12-09-2023,14:03:00,264.55,264.85,264.55,264.85,16875,91138496
TATAPOWER_F1,12-09-2023,14:04:00,264.8,264.8,264.4,264.4,60750,91138496
TATAPOWER_F1,12-09-2023,14:05:00,264.35,264.7,264.3,264.65,23625,91138496
TATAPOWER_F1,12-09-2023,14:06:00,264.7,264.8,264.5,264.5,104625,91175624
TATAPOWER_F1,12-09-2023,14:07:00,264.45,264.5,264.2,264.25,60750,91175624
TATAPOWER_F1,12-09-2023,14:08:00,264.2,264.35,264.15,264.35,91125,91175624
TATAPOWER_F1,12-09-2023,14:09:00,264.15,264.3,264.1,264.25,33750,91189128
TATAPOWER_F1,12-09-2023,14:10:00,264.3,264.3,264.15,264.15,60750,91189128
TATAPOWER_F1,12-09-2023,14:11:00,264.15,264.2,264.15,264.15,20250,91189128
TATAPOWER_F1,12-09-2023,14:12:00,264.35,264.65,264.2,264.2,131625,91216128
TATAPOWER_F1,12-09-2023,14:13:00,264.3,264.7,264.05,264.55,131625,91216128
TATAPOWER_F1,12-09-2023,14:14:00,264.5,264.5,264.4,264.4,23625,91216128
TATAPOWER_F1,12-09-2023,14:15:00,264.75,265.05,264.7,264.9,43875,91138496
TATAPOWER_F1,12-09-2023,14:16:00,264.6,264.8,264.6,264.7,20250,91138496
TATAPOWER_F1,12-09-2023,14:17:00,264.9,264.9,264.5,264.5,47250,91138496
TATAPOWER_F1,12-09-2023,14:19:00,264.6,264.6,264.4,264.4,108000,91138496
TATAPOWER_F1,12-09-2023,14:20:00,264.35,264.5,264.2,264.2,67500,91138496
TATAPOWER_F1,12-09-2023,14:21:00,264.35,264.55,264.35,264.55,60750,91094624
TATAPOWER_F1,12-09-2023,14:22:00,264.6,264.6,264.3,264.4,67500,91094624
TATAPOWER_F1,12-09-2023,14:23:00,264.3,264.35,264.2,264.35,67500,91094624
TATAPOWER_F1,12-09-2023,14:24:00,264.4,264.55,264.4,264.55,13500,91111504
TATAPOWER_F1,12-09-2023,14:25:00,264.7,264.7,264.6,264.6,10125,91111504
TATAPOWER_F1,12-09-2023,14:26:00,264.65,264.65,264.45,264.45,13500,91111504
TATAPOWER_F1,12-09-2023,14:27:00,264.45,264.5,264.45,264.5,10125,91121624
TATAPOWER_F1,12-09-2023,14:28:00,264.5,264.65,264.25,264.25,50625,91121624
TATAPOWER_F1,12-09-2023,14:29:00,264.05,264.2,263.95,264.0,91125,91121624
TATAPOWER_F1,12-09-2023,14:30:00,264.0,264.1,264.0,264.0,20250,91081128
TATAPOWER_F1,12-09-2023,14:31:00,264.05,264.15,264.0,264.0,40500,91081128
TATAPOWER_F1,12-09-2023,14:32:00,264.2,264.3,264.05,264.2,114750,91081128
TATAPOWER_F1,12-09-2023,14:33:00,264.35,264.45,264.2,264.2,162000,91081128
TATAPOWER_F1,12-09-2023,14:34:00,264.35,264.5,264.35,264.35,16875,91141872
TATAPOWER_F1,12-09-2023,14:35:00,264.4,264.4,264.4,264.4,3375,91141872
TATAPOWER_F1,12-09-2023,14:36:00,264.25,264.25,264.05,264.15,50625,91152000
TATAPOWER_F1,12-09-2023,14:37:00,264.1,264.25,264.0,264.0,77625,91152000
TATAPOWER_F1,12-09-2023,14:38:00,263.9,264.2,263.9,264.15,27000,91152000
TATAPOWER_F1,12-09-2023,14:39:00,264.2,264.3,264.15,264.2,30375,91209376
TATAPOWER_F1,12-09-2023,14:40:00,264.05,264.05,263.95,263.95,27000,91209376
TATAPOWER_F1,12-09-2023,14:41:00,263.95,263.95,263.9,263.9,30375,91209376
TATAPOWER_F1,12-09-2023,14:42:00,264.0,264.1,263.9,263.95,54000,91226248
TATAPOWER_F1,12-09-2023,14:43:00,264.1,264.1,263.9,264.0,50625,91226248
TATAPOWER_F1,12-09-2023,14:44:00,264.0,264.0,263.45,263.45,273375,91226248
TATAPOWER_F1,12-09-2023,14:45:00,263.3,263.65,263.3,263.65,121500,91300496
TATAPOWER_F1,12-09-2023,14:46:00,263.65,263.75,263.5,263.5,60750,91300496
TATAPOWER_F1,12-09-2023,14:47:00,263.45,263.5,263.0,263.1,283500,91300496
TATAPOWER_F1,12-09-2023,14:48:00,263.25,263.25,263.1,263.25,64125,91411872
TATAPOWER_F1,12-09-2023,14:49:00,263.15,263.15,262.4,262.5,337500,91411872
TATAPOWER_F1,12-09-2023,14:50:00,262.55,262.95,262.4,262.45,320625,91411872
TATAPOWER_F1,12-09-2023,14:51:00,262.6,263.05,262.5,262.85,60750,91452376
TATAPOWER_F1,12-09-2023,14:52:00,262.9,263.25,262.9,263.15,138375,91452376
TATAPOWER_F1,12-09-2023,14:53:00,263.1,263.25,263.1,263.2,20250,91452376
TATAPOWER_F1,12-09-2023,14:54:00,263.2,263.45,263.2,263.45,43875,91492872
TATAPOWER_F1,12-09-2023,14:55:00,263.45,263.5,263.45,263.5,30375,91492872
TATAPOWER_F1,12-09-2023,14:56:00,263.7,263.7,263.4,263.4,50625,91492872
TATAPOWER_F1,12-09-2023,14:57:00,263.5,263.75,263.5,263.75,57375,91492872
TATAPOWER_F1,12-09-2023,14:58:00,263.8,264.0,263.8,263.95,70875,91492872
TATAPOWER_F1,12-09-2023,14:59:00,263.85,264.1,263.85,264.0,27000,91492872
TATAPOWER_F1,12-09-2023,15:00:00,264.3,264.4,264.1,264.1,172125,91523248
TATAPOWER_F1,12-09-2023,15:01:00,264.05,264.15,263.75,264.15,124875,91523248
TATAPOWER_F1,12-09-2023,15:02:00,264.1,264.25,263.9,264.05,91125,91523248
TATAPOWER_F1,12-09-2023,15:03:00,263.9,264.1,263.5,263.5,37125,91560376
TATAPOWER_F1,12-09-2023,15:04:00,263.55,263.6,263.5,263.6,27000,91560376
TATAPOWER_F1,12-09-2023,15:05:00,263.6,263.6,263.5,263.5,33750,91560376
TATAPOWER_F1,12-09-2023,15:06:00,263.5,263.7,263.5,263.55,77625,91526624
TATAPOWER_F1,12-09-2023,15:07:00,263.55,263.75,263.45,263.45,30375,91526624
TATAPOWER_F1,12-09-2023,15:08:00,263.45,263.5,263.2,263.35,60750,91526624
TATAPOWER_F1,12-09-2023,15:09:00,263.15,263.55,263.05,263.55,94500,91530000
TATAPOWER_F1,12-09-2023,15:10:00,263.65,263.7,263.45,263.45,151875,91530000
TATAPOWER_F1,12-09-2023,15:11:00,263.5,263.5,263.15,263.15,97875,91530000
TATAPOWER_F1,12-09-2023,15:12:00,263.2,263.25,263.0,263.0,128250,91573872
TATAPOWER_F1,12-09-2023,15:13:00,263.05,263.2,262.8,262.8,101250,91573872
TATAPOWER_F1,12-09-2023,15:14:00,262.95,263.1,262.6,262.6,185625,91573872
TATAPOWER_F1,12-09-2023,15:15:00,262.6,263.1,262.6,263.1,317250,91496248
TATAPOWER_F1,12-09-2023,15:16:00,263.1,263.3,263.05,263.05,128250,91496248
TATAPOWER_F1,12-09-2023,15:17:00,263.15,263.3,263.05,263.15,148500,91496248
TATAPOWER_F1,12-09-2023,15:20:00,263.15,263.2,263.0,263.0,87750,0
TATAPOWER_F1,12-09-2023,15:21:00,263.0,263.25,263.0,263.1,104625,91432128
TATAPOWER_F1,12-09-2023,15:22:00,263.15,263.2,263.15,263.2,33750,91432128
TATAPOWER_F1,12-09-2023,15:23:00,263.05,263.4,263.05,263.2,162000,91432128
TATAPOWER_F1,12-09-2023,15:24:00,263.2,263.5,263.05,263.3,216000,91354496
TATAPOWER_F1,12-09-2023,15:25:00,263.55,263.6,263.35,263.35,94500,91354496
TATAPOWER_F1,12-09-2023,15:26:00,263.35,263.5,263.35,263.4,108000,91354496
TATAPOWER_F1,12-09-2023,15:27:00,263.5,263.6,263.4,263.6,121500,91378128
TATAPOWER_F1,12-09-2023,15:28:00,263.55,263.6,263.5,263.55,111375,91378128
TATAPOWER_F1,12-09-2023,15:29:00,263.5,264.1,263.5,264.1,219375,91378128
TATAPOWER_F1,13-09-2023,09:15:00,264.1,266.15,264.05,265.75,290251,87601504
TATAPOWER_F1,13-09-2023,09:16:00,265.55,266.0,264.65,264.85,637875,87601504
TATAPOWER_F1,13-09-2023,09:17:00,264.95,265.4,264.45,265.3,351000,87604872
TATAPOWER_F1,13-09-2023,09:18:00,265.55,266.05,265.45,265.55,327375,87604872
TATAPOWER_F1,13-09-2023,09:19:00,265.8,266.35,265.75,266.35,229500,87604872
TATAPOWER_F1,13-09-2023,09:20:00,266.4,267.0,266.15,266.35,327375,87655504
TATAPOWER_F1,13-09-2023,09:21:00,266.25,266.45,265.85,266.25,155250,87655504
TATAPOWER_F1,13-09-2023,09:22:00,266.3,266.7,266.0,266.0,148500,87655504
TATAPOWER_F1,13-09-2023,09:23:00,266.25,266.7,266.25,266.5,101250,87591376
TATAPOWER_F1,13-09-2023,09:24:00,266.7,267.65,266.5,267.1,384750,87591376
TATAPOWER_F1,13-09-2023,09:25:00,267.25,267.6,267.2,267.4,175500,87591376
TATAPOWER_F1,13-09-2023,09:26:00,267.45,267.45,266.5,266.55,155250,87665624
TATAPOWER_F1,13-09-2023,09:27:00,266.4,267.2,266.4,267.1,145125,87665624
TATAPOWER_F1,13-09-2023,09:28:00,267.05,267.15,266.9,267.0,84375,87665624
TATAPOWER_F1,13-09-2023,09:29:00,266.8,267.1,266.8,267.1,60750,87621752
TATAPOWER_F1,13-09-2023,09:30:00,267.1,267.75,267.1,267.45,212625,87621752
TATAPOWER_F1,13-09-2023,09:31:00,267.3,267.3,266.05,266.05,367875,87621752
TATAPOWER_F1,13-09-2023,09:32:00,266.15,266.15,265.15,265.4,226125,87696000
TATAPOWER_F1,13-09-2023,09:33:00,265.3,265.45,264.95,265.05,222750,87696000
TATAPOWER_F1,13-09-2023,09:34:00,265.1,265.25,264.4,264.55,226125,87696000
TATAPOWER_F1,13-09-2023,09:35:00,264.6,264.6,264.15,264.15,172125,87746624
TATAPOWER_F1,13-09-2023,09:36:00,264.3,264.3,263.55,263.75,175500,87746624
TATAPOWER_F1,13-09-2023,09:37:00,263.8,263.8,263.35,263.55,91125,87746624
TATAPOWER_F1,13-09-2023,09:38:00,263.4,263.5,262.95,263.3,175500,87814128
TATAPOWER_F1,13-09-2023,09:39:00,263.25,263.7,263.25,263.5,70875,87814128
TATAPOWER_F1,13-09-2023,09:40:00,263.5,263.5,263.0,263.0,54000,87814128
TATAPOWER_F1,13-09-2023,09:41:00,263.0,263.0,262.2,262.5,145125,87820872
TATAPOWER_F1,13-09-2023,09:42:00,262.4,262.7,262.1,262.45,158625,87820872
TATAPOWER_F1,13-09-2023,09:43:00,262.35,262.5,261.95,262.5,178875,87820872
TATAPOWER_F1,13-09-2023,09:44:00,262.2,263.25,262.2,263.1,158625,87793872
TATAPOWER_F1,13-09-2023,09:45:00,263.0,263.6,262.85,263.6,141750,87793872
TATAPOWER_F1,13-09-2023,09:46:00,263.6,264.1,263.45,264.1,222750,87793872
TATAPOWER_F1,13-09-2023,09:47:00,264.0,264.55,263.7,264.5,131625,87844496
TATAPOWER_F1,13-09-2023,09:48:00,264.5,264.5,263.95,264.5,118125,87844496
TATAPOWER_F1,13-09-2023,09:49:00,264.5,264.65,264.35,264.65,43875,87844496
TATAPOWER_F1,13-09-2023,09:50:00,264.8,265.0,264.5,264.55,121500,87844496
TATAPOWER_F1,13-09-2023,09:51:00,264.5,264.5,263.85,264.35,67500,87885000
TATAPOWER_F1,13-09-2023,09:52:00,264.3,264.3,263.75,263.75,70875,87885000
TATAPOWER_F1,13-09-2023,09:53:00,263.8,264.2,263.8,264.2,23625,87885000
TATAPOWER_F1,13-09-2023,09:54:00,264.0,264.1,263.95,264.1,37125,87864752
TATAPOWER_F1,13-09-2023,09:55:00,264.1,264.25,264.1,264.25,23625,87864752
TATAPOWER_F1,13-09-2023,09:56:00,264.4,264.7,264.35,264.35,77625,87864752
TATAPOWER_F1,13-09-2023,09:57:00,264.35,264.5,264.3,264.4,118125,87847872
TATAPOWER_F1,13-09-2023,09:58:00,264.2,264.2,263.7,263.7,236250,87847872
TATAPOWER_F1,13-09-2023,09:59:00,263.85,263.9,263.0,263.15,192375,87766872
TATAPOWER_F1,13-09-2023,10:00:00,263.3,263.55,263.25,263.45,87750,87766872
TATAPOWER_F1,13-09-2023,10:01:00,263.35,263.65,263.3,263.65,77625,87766872
TATAPOWER_F1,13-09-2023,10:02:00,263.95,264.2,263.95,264.0,74250,87726376
TATAPOWER_F1,13-09-2023,10:03:00,263.95,264.1,263.55,263.55,37125,87726376
TATAPOWER_F1,13-09-2023,10:04:00,263.95,264.2,263.85,264.0,40500,87726376
TATAPOWER_F1,13-09-2023,10:05:00,263.9,263.9,263.7,263.8,13500,87726376
TATAPOWER_F1,13-09-2023,10:06:00,263.8,264.05,263.6,264.05,33750,87743248
TATAPOWER_F1,13-09-2023,10:07:00,263.8,263.8,263.7,263.75,33750,87743248
TATAPOWER_F1,13-09-2023,10:08:00,263.75,263.75,263.2,263.4,67500,87820872
TATAPOWER_F1,13-09-2023,10:09:00,263.3,263.5,263.3,263.4,37125,87820872
TATAPOWER_F1,13-09-2023,10:10:00,263.55,263.55,262.8,262.8,60750,87820872
TATAPOWER_F1,13-09-2023,10:11:00,262.9,262.9,262.7,262.8,50625,87868128
TATAPOWER_F1,13-09-2023,10:12:00,262.9,263.25,262.85,263.1,47250,87868128
TATAPOWER_F1,13-09-2023,10:13:00,263.15,263.15,263.0,263.0,37125,87868128
TATAPOWER_F1,13-09-2023,10:14:00,262.75,262.75,262.55,262.65,37125,87868128
TATAPOWER_F1,13-09-2023,10:15:00,262.55,262.6,262.2,262.2,60750,87918752
TATAPOWER_F1,13-09-2023,10:16:00,262.15,262.15,262.0,262.0,108000,87918752
TATAPOWER_F1,13-09-2023,10:17:00,262.0,262.1,261.65,261.95,145125,87982872
TATAPOWER_F1,13-09-2023,10:18:00,261.95,262.25,261.45,261.45,310500,87982872
TATAPOWER_F1,13-09-2023,10:19:00,261.45,261.85,261.35,261.75,236250,87982872
TATAPOWER_F1,13-09-2023,10:20:00,262.05,262.7,261.7,262.7,354375,88026752
TATAPOWER_F1,13-09-2023,10:21:00,262.85,263.05,262.55,262.8,128250,88026752
TATAPOWER_F1,13-09-2023,10:22:00,262.6,262.65,262.25,262.3,273375,88026752
TATAPOWER_F1,13-09-2023,10:23:00,262.35,262.8,262.35,262.4,23625,88026752
TATAPOWER_F1,13-09-2023,10:24:00,262.5,262.6,262.5,262.6,10125,88117872
TATAPOWER_F1,13-09-2023,10:25:00,262.6,263.15,262.55,263.0,57375,88117872
TATAPOWER_F1,13-09-2023,10:26:00,263.15,263.3,263.0,263.15,101250,88111128
TATAPOWER_F1,13-09-2023,10:27:00,263.2,263.6,263.2,263.5,101250,88111128
TATAPOWER_F1,13-09-2023,10:28:00,263.4,263.5,263.1,263.25,155250,88111128
TATAPOWER_F1,13-09-2023,10:29:00,263.15,263.15,262.65,262.7,452250,88111128
TATAPOWER_F1,13-09-2023,10:30:00,262.8,263.1,262.75,263.0,195750,88256248
TATAPOWER_F1,13-09-2023,10:31:00,263.1,263.1,262.7,263.05,340875,88256248
TATAPOWER_F1,13-09-2023,10:32:00,263.25,263.25,262.65,262.65,101250,88256248
TATAPOWER_F1,13-09-2023,10:33:00,262.5,262.55,262.4,262.55,97875,88198872
TATAPOWER_F1,13-09-2023,10:34:00,262.55,262.6,262.45,262.5,87750,88198872
TATAPOWER_F1,13-09-2023,10:35:00,262.45,262.6,262.35,262.6,30375,88198872
TATAPOWER_F1,13-09-2023,10:36:00,262.6,262.6,262.25,262.25,27000,88205624
TATAPOWER_F1,13-09-2023,10:37:00,262.35,262.65,262.15,262.65,138375,88205624
TATAPOWER_F1,13-09-2023,10:38:00,262.7,262.7,262.4,262.4,60750,88205624
TATAPOWER_F1,13-09-2023,10:39:00,262.6,262.6,262.4,262.4,54000,88256248
TATAPOWER_F1,13-09-2023,10:40:00,262.45,262.45,262.1,262.1,6750,88256248
TATAPOWER_F1,13-09-2023,10:41:00,262.25,262.25,262.0,262.0,43875,88263000
TATAPOWER_F1,13-09-2023,10:42:00,262.0,262.0,261.9,261.9,10125,88263000
TATAPOWER_F1,13-09-2023,10:43:00,262.0,262.5,262.0,262.35,27000,88263000
TATAPOWER_F1,13-09-2023,10:44:00,262.2,262.25,261.9,261.9,23625,88263000
TATAPOWER_F1,13-09-2023,10:45:00,262.05,262.1,262.0,262.0,20250,88283248
TATAPOWER_F1,13-09-2023,10:46:00,262.1,262.55,262.1,262.55,77625,88283248
TATAPOWER_F1,13-09-2023,10:47:00,262.4,262.45,262.4,262.4,20250,88293376
TATAPOWER_F1,13-09-2023,10:48:00,262.5,262.9,262.5,262.9,13500,88293376
TATAPOWER_F1,13-09-2023,10:49:00,262.85,263.15,262.85,263.15,43875,88293376
TATAPOWER_F1,13-09-2023,10:50:00,263.05,263.1,263.0,263.1,23625,88293376
TATAPOWER_F1,13-09-2023,10:51:00,263.05,263.05,263.0,263.0,6750,88303504
TATAPOWER_F1,13-09-2023,10:52:00,263.05,263.2,263.05,263.2,33750,88303504
TATAPOWER_F1,13-09-2023,10:53:00,263.3,263.5,263.25,263.4,43875,88303504
TATAPOWER_F1,13-09-2023,10:54:00,263.4,263.65,263.4,263.65,20250,88283248
TATAPOWER_F1,13-09-2023,10:55:00,263.7,263.75,263.65,263.7,20250,88283248
TATAPOWER_F1,13-09-2023,10:56:00,263.8,264.2,263.8,264.2,94500,88283248
TATAPOWER_F1,13-09-2023,10:57:00,264.15,264.15,263.85,264.1,81000,88188752
TATAPOWER_F1,13-09-2023,10:58:00,264.1,264.4,264.1,264.4,94500,88188752
TATAPOWER_F1,13-09-2023,10:59:00,264.2,264.4,264.2,264.4,27000,88188752
TATAPOWER_F1,13-09-2023,11:00:00,264.3,264.5,264.25,264.45,37125,88229248
TATAPOWER_F1,13-09-2023,11:01:00,264.45,264.45,264.2,264.2,40500,88229248
TATAPOWER_F1,13-09-2023,11:02:00,264.35,264.5,264.25,264.5,37125,88229248
TATAPOWER_F1,13-09-2023,11:03:00,264.45,264.55,264.45,264.5,27000,88205624
TATAPOWER_F1,13-09-2023,11:04:00,264.5,264.75,264.5,264.7,121500,88205624
TATAPOWER_F1,13-09-2023,11:05:00,264.7,264.7,264.65,264.65,30375,88205624
TATAPOWER_F1,13-09-2023,11:06:00,264.8,265.05,264.75,264.75,263250,88198872
TATAPOWER_F1,13-09-2023,11:07:00,264.75,265.2,264.75,265.15,77625,88198872
TATAPOWER_F1,13-09-2023,11:08:00,265.2,265.2,264.65,264.65,37125,88198872
TATAPOWER_F1,13-09-2023,11:09:00,264.6,264.85,264.5,264.8,40500,88188752
TATAPOWER_F1,13-09-2023,11:10:00,264.7,264.9,264.65,264.9,16875,88188752
TATAPOWER_F1,13-09-2023,11:11:00,264.85,264.9,264.85,264.9,13500,88188752
TATAPOWER_F1,13-09-2023,11:12:00,264.9,265.0,264.85,264.85,13500,88182000
TATAPOWER_F1,13-09-2023,11:13:00,264.75,265.0,264.65,265.0,57375,88182000
TATAPOWER_F1,13-09-2023,11:14:00,265.1,265.2,265.05,265.2,43875,88182000
TATAPOWER_F1,13-09-2023,11:15:00,265.15,265.15,264.75,264.75,20250,88192128
TATAPOWER_F1,13-09-2023,11:16:00,264.8,264.8,264.7,264.7,16875,88192128
TATAPOWER_F1,13-09-2023,11:17:00,264.65,264.75,264.65,264.75,27000,88192128
TATAPOWER_F1,13-09-2023,11:18:00,264.9,264.9,264.6,264.75,43875,88215752
TATAPOWER_F1,13-09-2023,11:19:00,264.6,264.7,264.6,264.7,13500,88215752
TATAPOWER_F1,13-09-2023,11:20:00,264.85,264.9,264.65,264.65,10125,88215752
TATAPOWER_F1,13-09-2023,11:21:00,264.65,264.75,264.55,264.55,20250,88225872
TATAPOWER_F1,13-09-2023,11:22:00,264.65,264.65,264.65,264.65,3375,88225872
TATAPOWER_F1,13-09-2023,11:23:00,264.4,264.85,264.4,264.75,47250,88225872
TATAPOWER_F1,13-09-2023,11:24:00,264.9,265.25,264.9,265.25,60750,88249504
TATAPOWER_F1,13-09-2023,11:25:00,265.25,265.25,265.05,265.2,27000,88249504
TATAPOWER_F1,13-09-2023,11:26:00,265.05,265.1,264.7,264.7,40500,88249504
TATAPOWER_F1,13-09-2023,11:27:00,264.8,264.9,264.65,264.9,23625,88273128
TATAPOWER_F1,13-09-2023,11:28:00,265.0,265.15,265.0,265.15,20250,88273128
TATAPOWER_F1,13-09-2023,11:29:00,265.0,265.0,264.8,264.8,60750,88273128
TATAPOWER_F1,13-09-2023,11:30:00,265.0,265.0,265.0,265.0,6750,88263000
TATAPOWER_F1,13-09-2023,11:31:00,264.8,264.95,264.8,264.95,27000,88263000
TATAPOWER_F1,13-09-2023,11:32:00,264.9,265.0,264.9,265.0,6750,88263000
TATAPOWER_F1,13-09-2023,11:33:00,265.0,265.0,265.0,265.0,6750,88249504
TATAPOWER_F1,13-09-2023,11:34:00,264.9,264.9,264.9,264.9,3375,88249504
TATAPOWER_F1,13-09-2023,11:35:00,264.95,264.95,264.8,264.8,6750,88249504
TATAPOWER_F1,13-09-2023,11:36:00,264.9,265.0,264.9,265.0,16875,88249504
TATAPOWER_F1,13-09-2023,11:37:00,265.15,265.4,265.15,265.3,67500,88249504
TATAPOWER_F1,13-09-2023,11:38:00,265.0,265.2,265.0,265.2,16875,88249504
TATAPOWER_F1,13-09-2023,11:39:00,265.3,265.4,265.3,265.35,37125,88249504
TATAPOWER_F1,13-09-2023,11:40:00,265.2,265.3,265.15,265.15,20250,88249504
TATAPOWER_F1,13-09-2023,11:41:00,264.85,264.85,264.85,264.85,3375,88249504
TATAPOWER_F1,13-09-2023,11:42:00,264.9,264.9,264.9,264.9,6750,88249504
TATAPOWER_F1,13-09-2023,11:43:00,264.9,264.9,264.9,264.9,3375,88246128
TATAPOWER_F1,13-09-2023,11:45:00,264.8,264.9,264.7,264.7,10125,88249504
TATAPOWER_F1,13-09-2023,11:46:00,264.5,264.5,264.35,264.4,81000,88249504
TATAPOWER_F1,13-09-2023,11:47:00,264.2,264.55,264.2,264.35,108000,88249504
TATAPOWER_F1,13-09-2023,11:48:00,264.5,264.85,264.5,264.85,16875,88242752
TATAPOWER_F1,13-09-2023,11:49:00,264.9,264.9,264.55,264.55,13500,88242752
TATAPOWER_F1,13-09-2023,11:50:00,264.5,264.5,264.5,264.5,6750,88242752
TATAPOWER_F1,13-09-2023,11:51:00,264.6,264.6,264.45,264.45,16875,88232624
TATAPOWER_F1,13-09-2023,11:52:00,264.5,264.85,264.5,264.85,13500,88232624
TATAPOWER_F1,13-09-2023,11:53:00,264.5,264.5,264.4,264.45,77625,88232624
TATAPOWER_F1,13-09-2023,11:55:00,264.45,264.55,264.4,264.4,23625,88239376
TATAPOWER_F1,13-09-2023,11:56:00,264.5,264.75,264.5,264.75,13500,88239376
TATAPOWER_F1,13-09-2023,11:57:00,264.9,264.9,264.8,264.85,13500,88215752
TATAPOWER_F1,13-09-2023,11:58:00,264.45,264.45,264.45,264.45,33750,88215752
TATAPOWER_F1,13-09-2023,11:59:00,264.45,264.45,264.4,264.4,13500,88215752
TATAPOWER_F1,13-09-2023,12:00:00,264.5,264.6,264.5,264.6,13500,88212376
TATAPOWER_F1,13-09-2023,12:01:00,264.55,264.65,264.45,264.65,16875,88212376
TATAPOWER_F1,13-09-2023,12:02:00,264.55,264.8,264.55,264.8,16875,88212376
TATAPOWER_F1,13-09-2023,12:03:00,264.6,264.6,264.6,264.6,10125,87321376
TATAPOWER_F1,13-09-2023,12:04:00,264.6,264.6,264.6,264.6,3375,87321376
TATAPOWER_F1,13-09-2023,12:05:00,264.65,265.0,264.65,265.0,60750,87321376
TATAPOWER_F1,13-09-2023,12:06:00,265.0,265.05,265.0,265.05,27000,87301128
TATAPOWER_F1,13-09-2023,12:07:00,265.05,265.35,265.05,265.35,16875,87301128
TATAPOWER_F1,13-09-2023,12:08:00,265.3,265.35,265.2,265.25,27000,87301128
TATAPOWER_F1,13-09-2023,12:09:00,265.2,265.8,265.2,265.8,222750,87307872
TATAPOWER_F1,13-09-2023,12:10:00,265.85,266.0,265.7,266.0,135000,87307872
TATAPOWER_F1,13-09-2023,12:11:00,266.0,266.05,265.75,265.75,50625,87307872
TATAPOWER_F1,13-09-2023,12:12:00,265.65,265.75,265.65,265.75,20250,87213376
TATAPOWER_F1,13-09-2023,12:13:00,265.7,265.7,265.55,265.65,20250,87213376
TATAPOWER_F1,13-09-2023,12:14:00,265.6,265.65,265.55,265.65,54000,87213376
TATAPOWER_F1,13-09-2023,12:15:00,265.65,265.7,265.5,265.5,33750,87199872
TATAPOWER_F1,13-09-2023,12:16:00,265.45,265.55,265.3,265.5,33750,87199872
TATAPOWER_F1,13-09-2023,12:17:00,265.5,265.6,265.4,265.6,40500,87199872
TATAPOWER_F1,13-09-2023,12:18:00,265.6,265.65,265.55,265.65,13500,87186376
TATAPOWER_F1,13-09-2023,12:19:00,265.7,265.85,265.7,265.85,20250,87186376
TATAPOWER_F1,13-09-2023,12:20:00,265.9,265.95,265.9,265.95,16875,87186376
TATAPOWER_F1,13-09-2023,12:21:00,265.95,266.0,265.75,265.75,47250,87189752
TATAPOWER_F1,13-09-2023,12:22:00,265.75,266.0,265.75,266.0,27000,87189752
TATAPOWER_F1,13-09-2023,12:23:00,265.85,266.0,265.85,266.0,37125,87189752
TATAPOWER_F1,13-09-2023,12:24:00,265.8,265.9,265.75,265.9,37125,87243752
TATAPOWER_F1,13-09-2023,12:25:00,265.9,266.05,265.9,266.05,20250,87243752
TATAPOWER_F1,13-09-2023,12:26:00,266.0,266.15,266.0,266.15,27000,87243752
TATAPOWER_F1,13-09-2023,12:27:00,266.1,266.2,266.1,266.2,20250,87257248
TATAPOWER_F1,13-09-2023,12:28:00,266.25,266.4,266.25,266.3,84375,87257248
TATAPOWER_F1,13-09-2023,12:29:00,266.4,266.4,266.05,266.25,124875,87257248
TATAPOWER_F1,13-09-2023,12:30:00,266.45,266.8,266.45,266.7,141750,87253872
TATAPOWER_F1,13-09-2023,12:31:00,266.65,266.7,266.25,266.25,60750,87253872
TATAPOWER_F1,13-09-2023,12:32:00,266.35,266.35,266.25,266.35,16875,87253872
TATAPOWER_F1,13-09-2023,12:33:00,266.15,266.15,266.0,266.1,64125,87287624
TATAPOWER_F1,13-09-2023,12:34:00,266.15,266.2,265.8,265.95,33750,87287624
TATAPOWER_F1,13-09-2023,12:35:00,265.85,265.85,265.85,265.85,10125,87287624
TATAPOWER_F1,13-09-2023,12:36:00,265.75,266.0,265.75,266.0,60750,87176248
TATAPOWER_F1,13-09-2023,12:37:00,266.0,266.0,265.8,265.8,16875,87176248
TATAPOWER_F1,13-09-2023,12:38:00,265.7,265.85,265.7,265.85,13500,87176248
TATAPOWER_F1,13-09-2023,12:39:00,265.8,265.8,265.3,265.4,67500,87152624
TATAPOWER_F1,13-09-2023,12:40:00,265.3,265.45,265.2,265.45,64125,87152624
TATAPOWER_F1,13-09-2023,12:41:00,265.35,265.35,265.0,265.15,64125,87152624
TATAPOWER_F1,13-09-2023,12:42:00,265.15,265.7,265.15,265.65,40500,87196496
TATAPOWER_F1,13-09-2023,12:43:00,265.65,265.75,265.5,265.75,16875,87196496
TATAPOWER_F1,13-09-2023,12:44:00,265.8,265.8,265.8,265.8,6750,87196496
TATAPOWER_F1,13-09-2023,12:45:00,265.85,265.85,265.85,265.85,3375,87196496
TATAPOWER_F1,13-09-2023,12:46:00,265.5,265.5,265.5,265.5,6750,87196496
TATAPOWER_F1,13-09-2023,12:47:00,265.75,265.75,265.75,265.75,3375,87203248
TATAPOWER_F1,13-09-2023,12:48:00,265.5,265.6,265.5,265.6,13500,87152624
TATAPOWER_F1,13-09-2023,12:49:00,265.6,265.75,265.5,265.7,47250,87152624
TATAPOWER_F1,13-09-2023,12:50:00,265.7,265.7,265.7,265.7,3375,87152624
TATAPOWER_F1,13-09-2023,12:51:00,265.85,266.1,265.75,266.05,37125,87162752
TATAPOWER_F1,13-09-2023,12:52:00,266.0,266.0,265.85,265.85,10125,87162752
TATAPOWER_F1,13-09-2023,12:53:00,266.0,266.1,266.0,266.0,16875,87162752
TATAPOWER_F1,13-09-2023,12:54:00,266.0,266.15,265.95,266.15,20250,87186376
TATAPOWER_F1,13-09-2023,12:55:00,266.05,266.05,266.0,266.0,16875,87186376
TATAPOWER_F1,13-09-2023,12:56:00,265.65,265.75,265.65,265.75,6750,87186376
TATAPOWER_F1,13-09-2023,12:57:00,265.85,266.3,265.85,266.05,253125,87230248
TATAPOWER_F1,13-09-2023,12:58:00,266.1,266.15,266.05,266.1,27000,87230248
TATAPOWER_F1,13-09-2023,12:59:00,266.15,266.15,266.05,266.05,40500,87230248
TATAPOWER_F1,13-09-2023,13:00:00,266.15,266.3,266.15,266.25,50625,87301128
TATAPOWER_F1,13-09-2023,13:01:00,266.4,266.5,266.35,266.35,121500,87301128
TATAPOWER_F1,13-09-2023,13:02:00,266.35,266.35,266.15,266.15,20250,87301128
TATAPOWER_F1,13-09-2023,13:03:00,266.35,266.35,266.2,266.3,27000,87334872
TATAPOWER_F1,13-09-2023,13:04:00,266.25,266.35,266.25,266.35,27000,87334872
TATAPOWER_F1,13-09-2023,13:05:00,266.5,266.6,266.35,266.35,101250,87334872
TATAPOWER_F1,13-09-2023,13:06:00,266.4,266.45,266.35,266.35,30375,87331504
TATAPOWER_F1,13-09-2023,13:07:00,266.2,266.45,266.15,266.4,131625,87331504
TATAPOWER_F1,13-09-2023,13:08:00,266.4,266.45,266.4,266.45,10125,87331504
TATAPOWER_F1,13-09-2023,13:09:00,266.6,266.6,266.45,266.45,23625,87321376
TATAPOWER_F1,13-09-2023,13:10:00,266.5,266.55,266.5,266.55,10125,87321376
TATAPOWER_F1,13-09-2023,13:12:00,266.55,266.55,266.3,266.3,57375,87324752
TATAPOWER_F1,13-09-2023,13:13:00,266.2,266.2,266.05,266.05,13500,87324752
TATAPOWER_F1,13-09-2023,13:14:00,265.85,266.05,265.85,266.05,74250,87324752
TATAPOWER_F1,13-09-2023,13:15:00,266.2,266.35,266.2,266.25,13500,87328128
TATAPOWER_F1,13-09-2023,13:16:00,266.25,266.4,266.25,266.3,16875,87328128
TATAPOWER_F1,13-09-2023,13:17:00,266.45,266.5,266.45,266.5,6750,87328128
TATAPOWER_F1,13-09-2023,13:18:00,266.5,266.5,266.05,266.05,33750,87334872
TATAPOWER_F1,13-09-2023,13:19:00,266.2,266.2,266.0,266.1,30375,87334872
TATAPOWER_F1,13-09-2023,13:20:00,266.05,266.2,266.05,266.2,16875,87334872
TATAPOWER_F1,13-09-2023,13:21:00,266.15,266.25,266.15,266.2,20250,87341624
TATAPOWER_F1,13-09-2023,13:22:00,266.15,266.15,265.55,265.6,60750,87341624
TATAPOWER_F1,13-09-2023,13:23:00,265.55,265.6,265.5,265.6,20250,87341624
TATAPOWER_F1,13-09-2023,13:24:00,265.45,265.5,265.3,265.3,30375,87338248
TATAPOWER_F1,13-09-2023,13:25:00,265.45,265.45,265.3,265.4,37125,87338248
TATAPOWER_F1,13-09-2023,13:26:00,265.4,265.5,265.4,265.5,20250,87338248
TATAPOWER_F1,13-09-2023,13:27:00,265.3,265.35,265.25,265.25,13500,87345000
TATAPOWER_F1,13-09-2023,13:28:00,265.2,265.2,265.05,265.05,37125,87345000
TATAPOWER_F1,13-09-2023,13:29:00,264.75,264.85,264.6,264.6,87750,87345000
TATAPOWER_F1,13-09-2023,13:30:00,264.7,265.15,264.7,265.0,60750,87348376
TATAPOWER_F1,13-09-2023,13:31:00,264.9,265.0,264.9,264.9,23625,87348376
TATAPOWER_F1,13-09-2023,13:32:00,264.95,265.05,264.75,265.05,60750,87348376
TATAPOWER_F1,13-09-2023,13:33:00,265.15,265.4,265.05,265.05,84375,87345000
TATAPOWER_F1,13-09-2023,13:34:00,265.2,265.2,265.15,265.2,16875,87345000
TATAPOWER_F1,13-09-2023,13:35:00,265.2,265.35,265.2,265.35,6750,87345000
TATAPOWER_F1,13-09-2023,13:36:00,265.25,265.5,265.25,265.5,57375,87321376
TATAPOWER_F1,13-09-2023,13:37:00,265.5,265.55,265.4,265.4,16875,87321376
TATAPOWER_F1,13-09-2023,13:38:00,265.3,265.4,265.3,265.4,13500,87321376
TATAPOWER_F1,13-09-2023,13:39:00,265.45,265.45,265.2,265.2,111375,87253872
TATAPOWER_F1,13-09-2023,13:40:00,265.1,265.1,264.9,264.9,30375,87253872
TATAPOWER_F1,13-09-2023,13:41:00,265.0,265.0,264.8,265.0,27000,87253872
TATAPOWER_F1,13-09-2023,13:42:00,265.0,265.0,265.0,265.0,3375,87257248
TATAPOWER_F1,13-09-2023,13:43:00,265.2,265.2,265.05,265.15,13500,87257248
TATAPOWER_F1,13-09-2023,13:44:00,265.15,265.5,265.15,265.5,20250,87257248
TATAPOWER_F1,13-09-2023,13:45:00,265.5,265.5,265.15,265.25,37125,87260624
TATAPOWER_F1,13-09-2023,13:46:00,265.45,265.5,265.25,265.5,20250,87260624
TATAPOWER_F1,13-09-2023,13:47:00,265.4,265.4,265.4,265.4,3375,87260624
TATAPOWER_F1,13-09-2023,13:48:00,265.1,265.45,265.1,265.4,27000,87260624
TATAPOWER_F1,13-09-2023,13:49:00,265.15,265.15,264.9,265.15,239625,87260624
TATAPOWER_F1,13-09-2023,13:50:00,265.2,265.2,265.1,265.2,13500,87260624
TATAPOWER_F1,13-09-2023,13:51:00,265.15,265.25,265.15,265.25,16875,87199872
TATAPOWER_F1,13-09-2023,13:52:00,265.25,265.3,265.25,265.3,6750,87199872
TATAPOWER_F1,13-09-2023,13:53:00,265.35,265.35,265.2,265.2,6750,87199872
TATAPOWER_F1,13-09-2023,13:54:00,265.15,265.2,265.1,265.2,43875,87220128
TATAPOWER_F1,13-09-2023,13:55:00,265.1,265.1,265.05,265.05,10125,87220128
TATAPOWER_F1,13-09-2023,13:56:00,265.2,265.3,265.15,265.3,16875,87220128
TATAPOWER_F1,13-09-2023,13:57:00,265.25,265.4,265.15,265.15,23625,87226872
TATAPOWER_F1,13-09-2023,13:58:00,265.15,265.25,265.0,265.1,16875,87226872
TATAPOWER_F1,13-09-2023,13:59:00,265.1,265.1,264.8,265.0,101250,87226872
TATAPOWER_F1,13-09-2023,14:00:00,265.0,265.2,265.0,265.2,33750,87237000
TATAPOWER_F1,13-09-2023,14:01:00,265.35,265.35,265.2,265.2,20250,87237000
TATAPOWER_F1,13-09-2023,14:02:00,265.05,265.05,265.05,265.05,3375,87237000
TATAPOWER_F1,13-09-2023,14:03:00,265.0,265.15,264.9,265.15,23625,87253872
TATAPOWER_F1,13-09-2023,14:04:00,265.1,265.1,265.0,265.1,10125,87253872
TATAPOWER_F1,13-09-2023,14:05:00,265.25,265.25,265.25,265.25,10125,87253872
TATAPOWER_F1,13-09-2023,14:06:00,265.2,265.2,265.1,265.1,20250,87284248
TATAPOWER_F1,13-09-2023,14:08:00,265.05,265.05,264.9,264.9,13500,87284248
TATAPOWER_F1,13-09-2023,14:09:00,264.9,264.9,264.9,264.9,6750,87284248
TATAPOWER_F1,13-09-2023,14:10:00,264.8,265.0,264.8,264.8,37125,87274128
TATAPOWER_F1,13-09-2023,14:11:00,264.85,264.85,264.85,264.85,3375,87274128
TATAPOWER_F1,13-09-2023,14:12:00,264.75,264.9,264.75,264.9,27000,87294376
TATAPOWER_F1,13-09-2023,14:13:00,264.8,265.3,264.8,265.3,50625,87294376
TATAPOWER_F1,13-09-2023,14:14:00,265.3,265.45,265.25,265.45,23625,87294376
TATAPOWER_F1,13-09-2023,14:15:00,265.5,265.65,265.5,265.65,84375,87294376
TATAPOWER_F1,13-09-2023,14:16:00,265.55,265.7,265.55,265.65,60750,87294376
TATAPOWER_F1,13-09-2023,14:17:00,265.6,265.9,265.6,265.85,84375,87294376
TATAPOWER_F1,13-09-2023,14:18:00,265.8,265.85,265.7,265.7,33750,87247128
TATAPOWER_F1,13-09-2023,14:19:00,265.6,265.7,265.45,265.5,40500,87247128
TATAPOWER_F1,13-09-2023,14:20:00,265.55,265.75,265.55,265.7,16875,87247128
TATAPOWER_F1,13-09-2023,14:21:00,265.65,265.75,265.65,265.75,27000,87237000
TATAPOWER_F1,13-09-2023,14:22:00,265.65,265.65,265.5,265.5,27000,87237000
TATAPOWER_F1,13-09-2023,14:23:00,265.65,265.65,265.65,265.65,3375,87237000
TATAPOWER_F1,13-09-2023,14:24:00,265.6,265.8,265.6,265.8,91125,87257248
TATAPOWER_F1,13-09-2023,14:25:00,265.85,265.85,265.55,265.55,43875,87257248
TATAPOWER_F1,13-09-2023,14:26:00,265.95,266.0,265.95,266.0,118125,87257248
TATAPOWER_F1,13-09-2023,14:27:00,265.95,265.95,265.9,265.95,20250,87257248
TATAPOWER_F1,13-09-2023,14:28:00,265.75,265.75,265.65,265.65,6750,87345000
TATAPOWER_F1,13-09-2023,14:29:00,265.8,265.85,265.8,265.8,13500,87345000
TATAPOWER_F1,13-09-2023,14:30:00,265.95,266.4,265.95,266.1,168750,87345000
TATAPOWER_F1,13-09-2023,14:31:00,266.1,266.2,266.1,266.2,27000,87345000
TATAPOWER_F1,13-09-2023,14:32:00,266.25,266.3,266.25,266.25,27000,87345000
TATAPOWER_F1,13-09-2023,14:33:00,266.0,266.05,266.0,266.05,20250,87345000
TATAPOWER_F1,13-09-2023,14:34:00,266.05,266.2,266.05,266.2,20250,87378752
TATAPOWER_F1,13-09-2023,14:35:00,266.35,266.4,266.3,266.3,54000,87378752
TATAPOWER_F1,13-09-2023,14:36:00,266.25,266.3,266.25,266.3,6750,87375376
TATAPOWER_F1,13-09-2023,14:37:00,266.15,266.15,266.05,266.15,30375,87375376
TATAPOWER_F1,13-09-2023,14:38:00,266.2,266.2,266.05,266.15,13500,87375376
TATAPOWER_F1,13-09-2023,14:39:00,266.1,266.1,266.1,266.1,6750,87385504
TATAPOWER_F1,13-09-2023,14:40:00,266.0,266.4,266.0,266.25,94500,87385504
TATAPOWER_F1,13-09-2023,14:41:00,266.05,266.1,266.0,266.05,23625,87385504
TATAPOWER_F1,13-09-2023,14:42:00,266.2,266.25,266.0,266.0,27000,87372000
TATAPOWER_F1,13-09-2023,14:43:00,265.95,265.95,265.65,265.65,47250,87372000
TATAPOWER_F1,13-09-2023,14:44:00,265.85,265.9,265.85,265.9,10125,87372000
TATAPOWER_F1,13-09-2023,14:45:00,266.0,266.0,266.0,266.0,6750,87392248
TATAPOWER_F1,13-09-2023,14:46:00,266.15,266.25,266.15,266.2,37125,87392248
TATAPOWER_F1,13-09-2023,14:47:00,266.15,266.15,266.05,266.05,27000,87392248
TATAPOWER_F1,13-09-2023,14:48:00,266.0,266.15,266.0,266.05,10125,87412496
TATAPOWER_F1,13-09-2023,14:49:00,266.0,266.0,265.8,265.85,33750,87412496
TATAPOWER_F1,13-09-2023,14:50:00,265.8,265.8,265.75,265.8,10125,87412496
TATAPOWER_F1,13-09-2023,14:51:00,265.75,265.75,265.7,265.7,13500,87436128
TATAPOWER_F1,13-09-2023,14:52:00,265.6,265.6,265.6,265.6,3375,87436128
TATAPOWER_F1,13-09-2023,14:53:00,265.7,265.9,265.65,265.9,27000,87436128
TATAPOWER_F1,13-09-2023,14:54:00,265.9,265.95,265.8,265.8,10125,87432752
TATAPOWER_F1,13-09-2023,14:55:00,266.0,266.0,265.95,265.95,81000,87432752
TATAPOWER_F1,13-09-2023,14:56:00,266.0,266.05,265.95,266.0,37125,87432752
TATAPOWER_F1,13-09-2023,14:57:00,266.0,266.1,265.95,266.1,23625,87507000
TATAPOWER_F1,13-09-2023,14:58:00,266.05,266.05,266.05,266.05,3375,87507000
TATAPOWER_F1,13-09-2023,14:59:00,266.15,266.15,265.95,266.05,33750,87507000
TATAPOWER_F1,13-09-2023,15:00:00,266.1,266.35,266.1,266.35,40500,87267376
TATAPOWER_F1,13-09-2023,15:01:00,266.3,266.3,266.05,266.05,43875,87267376
TATAPOWER_F1,13-09-2023,15:02:00,265.95,265.95,265.9,265.9,20250,87267376
TATAPOWER_F1,13-09-2023,15:03:00,265.75,265.9,265.75,265.9,13500,87247128
TATAPOWER_F1,13-09-2023,15:04:00,265.85,266.4,265.85,266.4,324000,87247128
TATAPOWER_F1,13-09-2023,15:05:00,266.35,266.35,266.0,266.0,172125,87247128
TATAPOWER_F1,13-09-2023,15:06:00,266.2,266.2,265.95,265.95,23625,87375376
TATAPOWER_F1,13-09-2023,15:07:00,265.9,266.0,265.85,265.85,37125,87375376
TATAPOWER_F1,13-09-2023,15:08:00,266.0,266.1,265.9,265.9,87750,87375376
TATAPOWER_F1,13-09-2023,15:09:00,266.0,266.0,265.8,265.8,33750,87334872
TATAPOWER_F1,13-09-2023,15:10:00,265.85,266.0,265.85,265.85,37125,87334872
TATAPOWER_F1,13-09-2023,15:11:00,265.7,265.7,265.55,265.55,30375,87334872
TATAPOWER_F1,13-09-2023,15:12:00,265.6,265.7,265.6,265.65,43875,87331504
TATAPOWER_F1,13-09-2023,15:13:00,265.75,265.75,265.65,265.7,33750,87331504
TATAPOWER_F1,13-09-2023,15:14:00,265.6,265.8,265.6,265.8,16875,87331504
TATAPOWER_F1,13-09-2023,15:15:00,265.65,265.7,265.65,265.7,27000,87314624
TATAPOWER_F1,13-09-2023,15:16:00,265.75,265.75,265.6,265.6,81000,87314624
TATAPOWER_F1,13-09-2023,15:17:00,265.6,265.75,265.6,265.75,87750,87314624
TATAPOWER_F1,13-09-2023,15:18:00,265.75,265.8,265.75,265.8,23625,87314624
TATAPOWER_F1,13-09-2023,15:19:00,265.8,265.8,265.8,265.8,47250,87345000
TATAPOWER_F1,13-09-2023,15:20:00,265.7,265.7,265.65,265.7,111375,87345000
TATAPOWER_F1,13-09-2023,15:21:00,265.7,265.9,265.7,265.9,70875,87324752
TATAPOWER_F1,13-09-2023,15:22:00,265.9,266.05,265.9,266.05,81000,87324752
TATAPOWER_F1,13-09-2023,15:23:00,265.95,266.0,265.8,265.85,37125,87324752
TATAPOWER_F1,13-09-2023,15:24:00,266.0,266.15,266.0,266.1,158625,87291000
TATAPOWER_F1,13-09-2023,15:25:00,266.1,266.2,266.05,266.1,70875,87291000
TATAPOWER_F1,13-09-2023,15:26:00,266.15,266.15,265.95,266.0,128250,87291000
TATAPOWER_F1,13-09-2023,15:27:00,265.85,266.05,265.85,266.05,40500,87402376
TATAPOWER_F1,13-09-2023,15:28:00,265.9,266.15,265.9,266.05,118125,87402376
TATAPOWER_F1,13-09-2023,15:29:00,266.05,266.3,266.0,266.2,104625,87402376
TATAPOWER_F1,14-09-2023,09:15:00,266.4,267.05,266.4,266.75,101253,85826248
TATAPOWER_F1,14-09-2023,09:16:00,266.6,266.7,266.5,266.5,108000,85826248
TATAPOWER_F1,14-09-2023,09:17:00,266.5,266.5,266.35,266.35,60750,192375
TATAPOWER_F1,14-09-2023,09:18:00,266.55,267.15,266.55,267.15,111375,192375
TATAPOWER_F1,14-09-2023,09:19:00,267.15,267.2,266.95,267.2,47250,192375
TATAPOWER_F1,14-09-2023,09:20:00,267.2,267.2,266.4,266.4,101250,347625
TATAPOWER_F1,14-09-2023,09:21:00,266.3,266.65,266.3,266.65,74250,347625
TATAPOWER_F1,14-09-2023,09:22:00,266.85,266.95,266.65,266.95,74250,347625
TATAPOWER_F1,14-09-2023,09:23:00,266.9,267.35,266.9,267.35,135000,479250
TATAPOWER_F1,14-09-2023,09:24:00,267.5,267.95,267.35,267.6,192375,479250
TATAPOWER_F1,14-09-2023,09:25:00,267.35,267.45,267.0,267.0,114750,479250
TATAPOWER_F1,14-09-2023,09:26:00,266.95,267.0,266.9,266.95,54000,739125
TATAPOWER_F1,14-09-2023,09:27:00,266.85,267.1,266.85,267.0,155250,739125
TATAPOWER_F1,14-09-2023,09:28:00,267.0,267.3,266.75,266.95,94500,739125
TATAPOWER_F1,14-09-2023,09:29:00,266.75,266.9,266.75,266.9,33750,870750
TATAPOWER_F1,14-09-2023,09:30:00,266.95,266.95,266.65,266.7,54000,870750
TATAPOWER_F1,14-09-2023,09:31:00,266.6,266.6,266.25,266.25,84375,870750
TATAPOWER_F1,14-09-2023,09:32:00,266.55,266.55,266.5,266.5,30375,961875
TATAPOWER_F1,14-09-2023,09:33:00,266.75,267.0,266.75,267.0,97875,961875
TATAPOWER_F1,14-09-2023,09:34:00,267.2,267.2,266.95,267.1,33750,961875
TATAPOWER_F1,14-09-2023,09:35:00,267.05,267.3,267.05,267.3,30375,1019250
TATAPOWER_F1,14-09-2023,09:36:00,267.3,267.7,267.3,267.7,87750,1019250
TATAPOWER_F1,14-09-2023,09:37:00,267.65,267.8,267.65,267.7,84375,1019250
TATAPOWER_F1,14-09-2023,09:38:00,267.75,267.8,267.75,267.8,27000,1100250
TATAPOWER_F1,14-09-2023,09:39:00,267.8,268.2,267.5,267.5,280125,1100250
TATAPOWER_F1,14-09-2023,09:40:00,267.55,267.55,267.15,267.5,97875,1100250
TATAPOWER_F1,14-09-2023,09:41:00,267.35,267.7,267.35,267.5,67500,1299375
TATAPOWER_F1,14-09-2023,09:42:00,267.45,267.9,267.45,267.7,84375,1299375
TATAPOWER_F1,14-09-2023,09:43:00,267.4,267.7,267.4,267.4,175500,1299375
TATAPOWER_F1,14-09-2023,09:44:00,267.4,267.5,267.25,267.5,37125,1458000
TATAPOWER_F1,14-09-2023,09:45:00,267.6,267.6,267.25,267.25,16875,1458000
TATAPOWER_F1,14-09-2023,09:46:00,267.1,267.55,267.1,267.5,124875,1458000
TATAPOWER_F1,14-09-2023,09:47:00,267.5,267.5,267.5,267.5,43875,1545750
TATAPOWER_F1,14-09-2023,09:48:00,267.8,267.8,267.2,267.2,47250,1545750
TATAPOWER_F1,14-09-2023,09:49:00,267.35,267.6,267.3,267.55,94500,1545750
TATAPOWER_F1,14-09-2023,09:50:00,267.45,267.45,267.15,267.15,67500,1613250
TATAPOWER_F1,14-09-2023,09:51:00,267.15,267.45,267.15,267.45,57375,1613250
TATAPOWER_F1,14-09-2023,09:52:00,267.45,267.45,267.4,267.4,16875,1613250
TATAPOWER_F1,14-09-2023,09:53:00,267.4,267.5,267.4,267.5,16875,1663875
TATAPOWER_F1,14-09-2023,09:54:00,267.45,267.5,267.45,267.5,6750,1663875
TATAPOWER_F1,14-09-2023,09:55:00,267.5,267.5,267.45,267.45,10125,1663875
TATAPOWER_F1,14-09-2023,09:56:00,267.35,267.35,267.2,267.35,50625,1707750
TATAPOWER_F1,14-09-2023,09:57:00,267.35,267.35,267.35,267.35,6750,1707750
TATAPOWER_F1,14-09-2023,09:58:00,267.3,267.35,267.3,267.3,40500,1707750
TATAPOWER_F1,14-09-2023,09:59:00,267.3,267.3,267.2,267.2,54000,1778625
TATAPOWER_F1,14-09-2023,10:00:00,267.15,267.15,267.05,267.05,135000,1778625
TATAPOWER_F1,14-09-2023,10:01:00,267.0,267.0,267.0,267.0,20250,1778625
TATAPOWER_F1,14-09-2023,10:02:00,267.0,267.0,266.6,266.7,70875,1886625
TATAPOWER_F1,14-09-2023,10:03:00,266.65,266.7,266.4,266.7,67500,1886625
TATAPOWER_F1,14-09-2023,10:04:00,266.4,266.45,266.2,266.2,74250,1886625
TATAPOWER_F1,14-09-2023,10:05:00,265.75,266.45,265.75,266.45,391500,1886625
TATAPOWER_F1,14-09-2023,10:06:00,266.5,266.5,266.2,266.2,33750,1886625
TATAPOWER_F1,14-09-2023,10:07:00,266.2,266.25,266.05,266.05,23625,1886625
TATAPOWER_F1,14-09-2023,10:08:00,266.05,266.05,265.9,265.95,30375,1886625
TATAPOWER_F1,14-09-2023,10:09:00,265.6,265.75,265.5,265.75,111375,85957872
TATAPOWER_F1,14-09-2023,10:10:00,265.55,265.55,265.4,265.5,50625,85957872
TATAPOWER_F1,14-09-2023,10:11:00,265.5,265.55,265.25,265.25,20250,85924128
TATAPOWER_F1,14-09-2023,10:12:00,265.25,265.4,265.05,265.2,128250,85924128
TATAPOWER_F1,14-09-2023,10:13:00,265.2,265.8,265.2,265.7,37125,85924128
TATAPOWER_F1,14-09-2023,10:14:00,265.55,265.95,265.55,265.95,23625,85897128
TATAPOWER_F1,14-09-2023,10:15:00,266.05,266.45,266.05,266.45,50625,85897128
TATAPOWER_F1,14-09-2023,10:16:00,266.55,266.7,266.1,266.25,101250,85897128
TATAPOWER_F1,14-09-2023,10:17:00,266.0,266.0,265.95,265.95,6750,85961248
TATAPOWER_F1,14-09-2023,10:18:00,265.95,265.95,265.8,265.85,23625,85961248
TATAPOWER_F1,14-09-2023,10:19:00,265.75,265.75,265.75,265.75,10125,85961248
TATAPOWER_F1,14-09-2023,10:20:00,265.7,265.7,265.55,265.6,37125,85971376
TATAPOWER_F1,14-09-2023,10:21:00,265.95,266.2,265.8,265.8,16875,85971376
TATAPOWER_F1,14-09-2023,10:22:00,265.95,265.95,265.85,265.85,33750,85971376
TATAPOWER_F1,14-09-2023,10:23:00,266.1,266.1,266.1,266.1,40500,85984872
TATAPOWER_F1,14-09-2023,10:24:00,266.3,266.3,266.3,266.3,10125,85984872
TATAPOWER_F1,14-09-2023,10:25:00,266.3,266.3,266.2,266.2,91125,85984872
TATAPOWER_F1,14-09-2023,10:26:00,266.2,266.4,266.2,266.4,13500,85954496
TATAPOWER_F1,14-09-2023,10:27:00,266.6,266.6,266.2,266.45,33750,85954496
TATAPOWER_F1,14-09-2023,10:30:00,266.65,266.7,266.65,266.7,13500,85978128
TATAPOWER_F1,14-09-2023,10:31:00,266.7,266.7,266.7,266.7,3375,85978128
TATAPOWER_F1,14-09-2023,10:32:00,266.6,266.6,266.6,266.6,16875,85978128
TATAPOWER_F1,14-09-2023,10:33:00,266.6,266.6,266.6,266.6,3375,85968000
TATAPOWER_F1,14-09-2023,10:34:00,266.7,266.7,266.7,266.7,3375,85968000
TATAPOWER_F1,14-09-2023,10:35:00,266.9,267.1,266.7,266.7,111375,85954496
TATAPOWER_F1,14-09-2023,10:36:00,266.75,266.75,266.55,266.55,30375,85954496
TATAPOWER_F1,14-09-2023,10:37:00,266.7,266.7,266.6,266.6,16875,85954496
TATAPOWER_F1,14-09-2023,10:38:00,266.85,267.0,266.85,266.85,20250,85947752
TATAPOWER_F1,14-09-2023,10:39:00,266.65,266.8,266.65,266.65,10125,85947752
TATAPOWER_F1,14-09-2023,10:40:00,266.4,266.4,266.4,266.4,47250,85947752
TATAPOWER_F1,14-09-2023,10:41:00,266.25,266.4,266.25,266.4,60750,85988248
TATAPOWER_F1,14-09-2023,10:42:00,266.15,266.3,266.15,266.3,23625,85988248
TATAPOWER_F1,14-09-2023,10:43:00,266.25,266.35,266.15,266.15,118125,85988248
TATAPOWER_F1,14-09-2023,10:45:00,266.25,266.25,266.25,266.25,6750,85964624
TATAPOWER_F1,14-09-2023,10:46:00,266.3,266.45,266.3,266.45,16875,85964624
TATAPOWER_F1,14-09-2023,10:47:00,266.65,266.65,266.65,266.65,33750,85964624
TATAPOWER_F1,14-09-2023,10:48:00,266.7,266.7,266.6,266.6,10125,85941000
TATAPOWER_F1,14-09-2023,10:49:00,266.45,266.5,266.45,266.5,10125,85941000
TATAPOWER_F1,14-09-2023,10:50:00,266.55,266.55,266.55,266.55,3375,85941000
TATAPOWER_F1,14-09-2023,10:51:00,266.3,266.3,266.3,266.3,3375,85910624
TATAPOWER_F1,14-09-2023,10:53:00,266.2,266.2,266.2,266.2,13500,85910624
TATAPOWER_F1,14-09-2023,10:54:00,266.25,266.3,266.25,266.3,23625,85920752
TATAPOWER_F1,14-09-2023,10:55:00,266.5,266.75,266.5,266.75,30375,85920752
TATAPOWER_F1,14-09-2023,10:56:00,266.7,266.7,266.65,266.7,10125,85920752
TATAPOWER_F1,14-09-2023,10:57:00,266.45,266.45,266.1,266.1,145125,85914000
TATAPOWER_F1,14-09-2023,10:58:00,266.45,266.45,266.45,266.45,3375,85914000
TATAPOWER_F1,14-09-2023,10:59:00,266.4,266.4,266.4,266.4,10125,85914000
TATAPOWER_F1,14-09-2023,11:00:00,266.4,266.4,266.3,266.3,54000,85893752
TATAPOWER_F1,14-09-2023,11:01:00,266.25,266.4,266.15,266.4,40500,85893752
TATAPOWER_F1,14-09-2023,11:02:00,266.5,266.5,266.5,266.5,13500,85893752
TATAPOWER_F1,14-09-2023,11:03:00,266.5,266.5,266.45,266.45,6750,85887000
TATAPOWER_F1,14-09-2023,11:04:00,266.7,266.7,266.7,266.7,6750,85887000
TATAPOWER_F1,14-09-2023,11:05:00,266.75,266.8,266.65,266.65,20250,85887000
TATAPOWER_F1,14-09-2023,11:06:00,266.9,266.9,266.85,266.85,16875,85890376
TATAPOWER_F1,14-09-2023,11:07:00,266.55,266.55,266.55,266.55,30375,85890376
TATAPOWER_F1,14-09-2023,11:08:00,266.55,266.55,266.55,266.55,10125,85890376
TATAPOWER_F1,14-09-2023,11:09:00,266.55,266.55,266.55,266.55,3375,85887000
TATAPOWER_F1,14-09-2023,11:11:00,266.55,266.55,266.45,266.45,10125,85887000
TATAPOWER_F1,14-09-2023,11:12:00,266.45,266.45,266.45,266.45,3375,85893752
TATAPOWER_F1,14-09-2023,11:13:00,266.5,266.5,266.4,266.4,23625,85893752
TATAPOWER_F1,14-09-2023,11:14:00,266.3,266.3,266.3,266.3,3375,85893752
TATAPOWER_F1,14-09-2023,11:16:00,266.35,266.45,266.35,266.45,6750,85890376
TATAPOWER_F1,14-09-2023,11:17:00,266.15,266.3,266.15,266.3,64125,85890376
TATAPOWER_F1,14-09-2023,11:18:00,266.2,266.2,266.2,266.2,3375,85907248
TATAPOWER_F1,14-09-2023,11:19:00,266.3,266.3,266.3,266.3,6750,85907248
TATAPOWER_F1,14-09-2023,11:20:00,266.15,266.15,266.15,266.15,6750,85907248
TATAPOWER_F1,14-09-2023,11:22:00,266.45,266.45,266.2,266.2,6750,85907248
TATAPOWER_F1,14-09-2023,11:23:00,266.3,266.3,266.3,266.3,3375,85907248
TATAPOWER_F1,14-09-2023,11:24:00,266.15,266.15,266.1,266.1,10125,85903872
TATAPOWER_F1,14-09-2023,11:25:00,266.3,266.3,266.3,266.3,3375,85903872
TATAPOWER_F1,14-09-2023,11:26:00,266.4,266.4,266.4,266.4,3375,85903872
TATAPOWER_F1,14-09-2023,11:27:00,266.4,266.4,266.25,266.25,10125,85880248
TATAPOWER_F1,14-09-2023,11:28:00,266.1,266.2,266.1,266.2,13500,85880248
TATAPOWER_F1,14-09-2023,11:29:00,266.2,266.2,266.2,266.2,3375,85880248
TATAPOWER_F1,14-09-2023,11:30:00,266.25,266.25,266.25,266.25,3375,85893752
TATAPOWER_F1,14-09-2023,11:31:00,266.15,266.15,266.15,266.15,3375,85893752
TATAPOWER_F1,14-09-2023,11:32:00,266.15,266.15,266.15,266.15,3375,85893752
TATAPOWER_F1,14-09-2023,11:33:00,266.0,266.05,266.0,266.05,10125,85893752
TATAPOWER_F1,14-09-2023,11:34:00,266.2,266.2,266.05,266.05,6750,85893752
TATAPOWER_F1,14-09-2023,11:35:00,266.05,266.05,266.05,266.05,3375,85893752
TATAPOWER_F1,14-09-2023,11:36:00,266.1,266.3,266.1,266.3,20250,85890376
TATAPOWER_F1,14-09-2023,11:37:00,266.2,266.2,266.0,266.0,50625,85890376
TATAPOWER_F1,14-09-2023,11:38:00,266.2,266.2,266.15,266.15,10125,85890376
TATAPOWER_F1,14-09-2023,11:39:00,266.1,266.1,265.95,265.95,43875,85876872
TATAPOWER_F1,14-09-2023,11:40:00,265.8,265.85,265.8,265.8,23625,85876872
TATAPOWER_F1,14-09-2023,11:41:00,265.7,265.7,265.7,265.7,3375,85876872
TATAPOWER_F1,14-09-2023,11:42:00,265.8,265.8,265.6,265.6,64125,85903872
TATAPOWER_F1,14-09-2023,11:43:00,265.6,265.6,265.55,265.55,6750,85903872
TATAPOWER_F1,14-09-2023,11:45:00,265.55,265.65,265.55,265.65,10125,85951128
TATAPOWER_F1,14-09-2023,11:46:00,265.65,265.65,265.5,265.5,60750,85951128
TATAPOWER_F1,14-09-2023,11:47:00,265.5,265.5,265.5,265.5,3375,85951128
TATAPOWER_F1,14-09-2023,11:48:00,265.65,265.65,265.65,265.65,10125,85995000
TATAPOWER_F1,14-09-2023,11:49:00,265.7,265.7,265.7,265.7,10125,85995000
TATAPOWER_F1,14-09-2023,11:50:00,265.7,266.1,265.7,265.9,60750,85995000
TATAPOWER_F1,14-09-2023,11:51:00,266.1,266.35,266.05,266.35,27000,85924128
TATAPOWER_F1,14-09-2023,11:52:00,266.4,266.5,266.4,266.5,27000,85924128
TATAPOWER_F1,14-09-2023,11:53:00,266.5,266.6,266.5,266.6,43875,85924128
TATAPOWER_F1,14-09-2023,11:54:00,266.25,266.25,266.25,266.25,3375,85947752
TATAPOWER_F1,14-09-2023,11:55:00,266.15,266.7,266.15,266.65,84375,85947752
TATAPOWER_F1,14-09-2023,11:56:00,266.55,266.6,266.55,266.6,13500,85947752
TATAPOWER_F1,14-09-2023,11:57:00,266.6,266.6,266.6,266.6,3375,85876872
TATAPOWER_F1,14-09-2023,11:58:00,266.8,266.8,266.8,266.8,74250,85876872
TATAPOWER_F1,14-09-2023,11:59:00,266.75,266.75,266.65,266.65,16875,85876872
TATAPOWER_F1,14-09-2023,12:00:00,266.65,266.7,266.65,266.7,10125,85849872
TATAPOWER_F1,14-09-2023,12:01:00,266.75,266.8,266.6,266.8,23625,85849872
TATAPOWER_F1,14-09-2023,12:02:00,266.75,266.75,266.75,266.75,6750,85849872
TATAPOWER_F1,14-09-2023,12:03:00,266.85,266.85,266.8,266.8,13500,85836376
TATAPOWER_F1,14-09-2023,12:04:00,266.8,266.8,266.65,266.65,20250,85836376
TATAPOWER_F1,14-09-2023,12:05:00,266.6,266.6,266.5,266.5,16875,85836376
TATAPOWER_F1,14-09-2023,12:06:00,266.6,267.0,266.6,267.0,77625,85843128
TATAPOWER_F1,14-09-2023,12:07:00,266.85,266.85,266.8,266.85,27000,85843128
TATAPOWER_F1,14-09-2023,12:08:00,266.8,266.9,266.8,266.85,20250,85843128
TATAPOWER_F1,14-09-2023,12:09:00,266.85,266.85,266.6,266.6,37125,85809376
TATAPOWER_F1,14-09-2023,12:10:00,266.5,266.5,266.5,266.5,3375,85809376
TATAPOWER_F1,14-09-2023,12:12:00,266.55,266.55,266.55,266.55,3375,85782376
TATAPOWER_F1,14-09-2023,12:13:00,266.65,266.65,266.65,266.65,10125,85782376
TATAPOWER_F1,14-09-2023,12:14:00,266.6,266.7,266.6,266.7,6750,85782376
TATAPOWER_F1,14-09-2023,12:15:00,266.65,266.85,266.65,266.85,40500,85782376
TATAPOWER_F1,14-09-2023,12:16:00,266.8,266.8,266.7,266.7,16875,85782376
TATAPOWER_F1,14-09-2023,12:17:00,266.6,266.85,266.6,266.85,74250,85782376
TATAPOWER_F1,14-09-2023,12:18:00,266.75,266.75,266.6,266.6,27000,85812752
TATAPOWER_F1,14-09-2023,12:19:00,266.65,266.65,266.5,266.6,60750,85812752
TATAPOWER_F1,14-09-2023,12:20:00,266.6,266.6,266.4,266.4,10125,85812752
TATAPOWER_F1,14-09-2023,12:21:00,266.35,266.35,266.35,266.35,6750,85839752
TATAPOWER_F1,14-09-2023,12:22:00,266.25,266.25,266.2,266.2,10125,85839752
TATAPOWER_F1,14-09-2023,12:23:00,266.15,266.3,266.15,266.3,40500,85839752
TATAPOWER_F1,14-09-2023,12:25:00,265.95,266.1,265.95,266.1,43875,85829624
TATAPOWER_F1,14-09-2023,12:26:00,266.0,266.0,266.0,266.0,16875,85829624
TATAPOWER_F1,14-09-2023,12:27:00,265.85,266.0,265.85,266.0,10125,85836376
TATAPOWER_F1,14-09-2023,12:28:00,266.0,266.0,265.85,265.85,23625,85836376
TATAPOWER_F1,14-09-2023,12:29:00,265.8,265.8,265.6,265.6,40500,85836376
TATAPOWER_F1,14-09-2023,12:30:00,265.65,265.75,265.5,265.5,37125,85856624
TATAPOWER_F1,14-09-2023,12:31:00,265.4,265.4,265.35,265.4,37125,85856624
TATAPOWER_F1,14-09-2023,12:32:00,265.35,265.35,265.15,265.15,27000,85856624
TATAPOWER_F1,14-09-2023,12:33:00,265.1,265.25,265.1,265.1,40500,85897128
TATAPOWER_F1,14-09-2023,12:34:00,264.75,264.8,264.75,264.8,97875,85897128
TATAPOWER_F1,14-09-2023,12:35:00,264.8,265.1,264.7,264.7,70875,85897128
TATAPOWER_F1,14-09-2023,12:36:00,264.7,265.0,264.7,265.0,20250,85941000
TATAPOWER_F1,14-09-2023,12:37:00,265.1,265.2,264.7,264.8,91125,85941000
TATAPOWER_F1,14-09-2023,12:38:00,264.75,264.9,264.7,264.7,30375,85941000
TATAPOWER_F1,14-09-2023,12:39:00,264.6,264.6,264.6,264.6,111375,85914000
TATAPOWER_F1,14-09-2023,12:40:00,265.0,265.0,265.0,265.0,40500,85914000
TATAPOWER_F1,14-09-2023,12:41:00,265.0,265.0,264.8,264.8,209250,85914000
TATAPOWER_F1,14-09-2023,12:42:00,264.8,265.35,264.8,265.35,121500,86038872
TATAPOWER_F1,14-09-2023,12:43:00,265.4,265.65,265.4,265.65,43875,86038872
TATAPOWER_F1,14-09-2023,12:44:00,265.35,265.35,265.35,265.35,16875,86038872
TATAPOWER_F1,14-09-2023,12:45:00,265.25,265.35,265.25,265.35,16875,86065872
TATAPOWER_F1,14-09-2023,12:46:00,265.4,265.4,265.4,265.4,20250,86065872
TATAPOWER_F1,14-09-2023,12:47:00,265.65,265.65,265.6,265.6,23625,86065872
TATAPOWER_F1,14-09-2023,12:48:00,265.5,265.5,265.4,265.45,20250,86059128
TATAPOWER_F1,14-09-2023,12:49:00,265.6,265.6,265.5,265.5,20250,86059128
TATAPOWER_F1,14-09-2023,12:50:00,265.5,265.5,265.5,265.5,3375,86059128
TATAPOWER_F1,14-09-2023,12:51:00,265.35,265.35,265.35,265.35,27000,86065872
TATAPOWER_F1,14-09-2023,12:52:00,265.3,265.45,265.3,265.45,114750,86065872
TATAPOWER_F1,14-09-2023,12:53:00,265.5,265.5,265.5,265.5,43875,86065872
TATAPOWER_F1,14-09-2023,12:54:00,265.5,265.5,265.45,265.45,20250,86018624
TATAPOWER_F1,14-09-2023,12:55:00,265.45,265.45,265.3,265.3,20250,86018624
TATAPOWER_F1,14-09-2023,12:56:00,265.2,265.2,265.1,265.2,16875,86018624
TATAPOWER_F1,14-09-2023,12:58:00,265.15,265.15,265.15,265.15,10125,86035504
TATAPOWER_F1,14-09-2023,12:59:00,265.15,265.15,265.15,265.15,13500,86035504
TATAPOWER_F1,14-09-2023,13:00:00,265.4,265.4,265.35,265.35,13500,86035504
TATAPOWER_F1,14-09-2023,13:01:00,265.2,265.2,265.15,265.15,13500,86035504
TATAPOWER_F1,14-09-2023,13:02:00,265.1,265.1,265.1,265.1,6750,86035504
TATAPOWER_F1,14-09-2023,13:03:00,265.1,265.1,265.1,265.1,10125,86049000
TATAPOWER_F1,14-09-2023,13:04:00,265.4,265.4,265.4,265.4,20250,86049000
TATAPOWER_F1,14-09-2023,13:05:00,265.25,265.25,265.15,265.15,13500,86049000
TATAPOWER_F1,14-09-2023,13:06:00,265.05,265.3,265.05,265.3,27000,86055752
TATAPOWER_F1,14-09-2023,13:08:00,265.1,265.1,265.1,265.1,3375,86055752
TATAPOWER_F1,14-09-2023,13:09:00,265.45,265.45,265.45,265.45,13500,86059128
TATAPOWER_F1,14-09-2023,13:10:00,265.55,265.65,265.55,265.65,13500,86059128
TATAPOWER_F1,14-09-2023,13:11:00,265.55,265.55,265.55,265.55,3375,86059128
TATAPOWER_F1,14-09-2023,13:13:00,265.3,265.3,265.2,265.2,91125,86059128
TATAPOWER_F1,14-09-2023,13:14:00,265.2,265.2,265.2,265.2,3375,86059128
TATAPOWER_F1,14-09-2023,13:15:00,265.15,265.15,265.05,265.05,6750,86059128
TATAPOWER_F1,14-09-2023,13:16:00,265.15,265.15,265.15,265.15,6750,86059128
TATAPOWER_F1,14-09-2023,13:17:00,265.15,265.15,265.1,265.1,16875,86059128
TATAPOWER_F1,14-09-2023,13:18:00,265.05,265.05,264.95,264.95,33750,86069248
TATAPOWER_F1,14-09-2023,13:19:00,265.05,265.05,265.05,265.05,3375,86069248
TATAPOWER_F1,14-09-2023,13:20:00,265.2,265.5,265.2,265.45,33750,86069248
TATAPOWER_F1,14-09-2023,13:21:00,265.5,265.5,265.5,265.5,6750,86069248
TATAPOWER_F1,14-09-2023,13:22:00,265.4,265.4,265.3,265.3,23625,86082752
TATAPOWER_F1,14-09-2023,13:24:00,265.3,265.3,265.3,265.3,3375,86082752
TATAPOWER_F1,14-09-2023,13:25:00,265.2,265.3,265.2,265.3,6750,86086128
TATAPOWER_F1,14-09-2023,13:26:00,265.4,265.4,265.4,265.4,3375,86086128
TATAPOWER_F1,14-09-2023,13:27:00,265.4,265.4,265.4,265.4,3375,86086128
TATAPOWER_F1,14-09-2023,13:29:00,265.3,265.3,265.3,265.3,6750,86086128
TATAPOWER_F1,14-09-2023,13:30:00,265.25,265.35,265.25,265.35,6750,86092872
TATAPOWER_F1,14-09-2023,13:31:00,265.35,265.35,265.35,265.35,6750,86092872
TATAPOWER_F1,14-09-2023,13:32:00,265.5,265.5,265.5,265.5,6750,86092872
TATAPOWER_F1,14-09-2023,13:33:00,265.45,265.7,265.45,265.7,50625,86086128
TATAPOWER_F1,14-09-2023,13:34:00,265.7,265.7,265.7,265.7,3375,86086128
TATAPOWER_F1,14-09-2023,13:35:00,265.7,265.7,265.7,265.7,10125,86086128
TATAPOWER_F1,14-09-2023,13:36:00,265.65,265.65,265.65,265.65,6750,86086128
TATAPOWER_F1,14-09-2023,13:37:00,265.6,265.65,265.6,265.65,6750,86082752
TATAPOWER_F1,14-09-2023,13:38:00,265.55,265.55,265.55,265.55,3375,86082752
TATAPOWER_F1,14-09-2023,13:39:00,265.75,265.75,265.75,265.75,33750,86086128
TATAPOWER_F1,14-09-2023,13:40:00,265.55,265.55,265.3,265.3,13500,86086128
TATAPOWER_F1,14-09-2023,13:42:00,265.25,265.25,265.15,265.15,20250,86062496
TATAPOWER_F1,14-09-2023,13:43:00,265.15,265.15,265.15,265.15,10125,86062496
TATAPOWER_F1,14-09-2023,13:44:00,265.25,265.3,265.25,265.3,6750,86062496
TATAPOWER_F1,14-09-2023,13:45:00,265.3,265.3,265.3,265.3,6750,86052376
TATAPOWER_F1,14-09-2023,13:46:00,265.6,265.6,265.6,265.6,33750,86052376
TATAPOWER_F1,14-09-2023,13:47:00,265.4,265.4,265.3,265.3,13500,86052376
TATAPOWER_F1,14-09-2023,13:48:00,265.3,265.3,265.25,265.25,6750,86052376
TATAPOWER_F1,14-09-2023,13:50:00,265.35,265.35,265.35,265.35,3375,86052376
TATAPOWER_F1,14-09-2023,13:51:00,265.15,265.15,265.15,265.15,13500,86049000
TATAPOWER_F1,14-09-2023,13:52:00,265.1,265.1,265.1,265.1,37125,86049000
TATAPOWER_F1,14-09-2023,13:53:00,265.15,265.15,265.05,265.05,16875,86049000
TATAPOWER_F1,14-09-2023,13:54:00,265.1,265.1,265.05,265.1,50625,86049000
TATAPOWER_F1,14-09-2023,13:55:00,265.1,265.1,264.9,264.9,10125,86049000
TATAPOWER_F1,14-09-2023,13:56:00,264.9,264.9,264.35,264.35,205875,86049000
TATAPOWER_F1,14-09-2023,13:57:00,264.5,264.65,264.5,264.65,37125,86190752
TATAPOWER_F1,14-09-2023,13:58:00,264.95,264.95,264.85,264.85,43875,86190752
TATAPOWER_F1,14-09-2023,13:59:00,265.0,265.0,264.75,264.85,33750,86190752
TATAPOWER_F1,14-09-2023,14:00:00,264.75,264.85,264.75,264.85,16875,86231248
TATAPOWER_F1,14-09-2023,14:01:00,264.8,264.8,264.75,264.75,13500,86231248
TATAPOWER_F1,14-09-2023,14:02:00,264.5,264.7,264.5,264.6,178875,86231248
TATAPOWER_F1,14-09-2023,14:03:00,264.6,264.6,264.4,264.4,27000,86224496
TATAPOWER_F1,14-09-2023,14:04:00,264.35,264.55,264.35,264.35,77625,86224496
TATAPOWER_F1,14-09-2023,14:05:00,264.2,264.45,264.0,264.45,145125,86224496
TATAPOWER_F1,14-09-2023,14:06:00,264.4,264.4,264.1,264.2,47250,86342624
TATAPOWER_F1,14-09-2023,14:07:00,264.25,264.4,264.15,264.4,40500,86342624
TATAPOWER_F1,14-09-2023,14:08:00,264.25,264.25,264.25,264.25,3375,86342624
TATAPOWER_F1,14-09-2023,14:09:00,264.3,264.35,264.3,264.35,13500,86325752
TATAPOWER_F1,14-09-2023,14:10:00,264.1,264.6,264.1,264.6,57375,86325752
TATAPOWER_F1,14-09-2023,14:11:00,264.45,264.45,264.45,264.45,23625,86325752
TATAPOWER_F1,14-09-2023,14:12:00,264.35,264.85,264.35,264.85,27000,86319000
TATAPOWER_F1,14-09-2023,14:13:00,265.1,265.1,265.0,265.0,37125,86319000
TATAPOWER_F1,14-09-2023,14:15:00,265.05,265.15,265.05,265.15,13500,86308872
TATAPOWER_F1,14-09-2023,14:16:00,265.1,265.2,265.1,265.2,10125,86308872
TATAPOWER_F1,14-09-2023,14:17:00,265.25,265.25,265.2,265.2,6750,86308872
TATAPOWER_F1,14-09-2023,14:18:00,265.45,265.45,265.4,265.45,23625,86298752
TATAPOWER_F1,14-09-2023,14:19:00,265.5,265.5,265.5,265.5,13500,86298752
TATAPOWER_F1,14-09-2023,14:20:00,265.4,265.6,265.4,265.6,40500,86298752
TATAPOWER_F1,14-09-2023,14:21:00,265.6,265.6,265.55,265.6,16875,86261624
TATAPOWER_F1,14-09-2023,14:22:00,265.65,265.75,265.65,265.7,70875,86261624
TATAPOWER_F1,14-09-2023,14:23:00,265.6,265.6,265.6,265.6,3375,86261624
TATAPOWER_F1,14-09-2023,14:24:00,265.5,265.6,265.5,265.6,30375,86268376
TATAPOWER_F1,14-09-2023,14:25:00,265.6,265.6,265.45,265.45,13500,86268376
TATAPOWER_F1,14-09-2023,14:26:00,265.55,265.55,265.5,265.5,13500,86268376
TATAPOWER_F1,14-09-2023,14:27:00,265.5,265.5,265.5,265.5,6750,86268376
TATAPOWER_F1,14-09-2023,14:28:00,265.55,265.55,265.55,265.55,3375,86271752
TATAPOWER_F1,14-09-2023,14:30:00,265.35,265.35,265.25,265.25,16875,86268376
TATAPOWER_F1,14-09-2023,14:31:00,265.05,265.25,265.05,265.25,84375,86268376
TATAPOWER_F1,14-09-2023,14:32:00,265.55,265.7,265.55,265.65,40500,86268376
TATAPOWER_F1,14-09-2023,14:33:00,265.7,265.7,265.7,265.7,37125,86268376
TATAPOWER_F1,14-09-2023,14:34:00,265.65,265.65,265.6,265.6,16875,86254872
TATAPOWER_F1,14-09-2023,14:35:00,265.65,265.65,265.65,265.65,37125,86254872
TATAPOWER_F1,14-09-2023,14:36:00,265.7,265.75,265.7,265.75,10125,86281872
TATAPOWER_F1,14-09-2023,14:37:00,265.8,265.9,265.75,265.75,37125,86281872
TATAPOWER_F1,14-09-2023,14:38:00,265.7,265.7,265.7,265.7,57375,86281872
TATAPOWER_F1,14-09-2023,14:39:00,265.75,265.8,265.75,265.8,6750,86302128
TATAPOWER_F1,14-09-2023,14:40:00,265.75,265.75,265.75,265.75,16875,86302128
TATAPOWER_F1,14-09-2023,14:41:00,265.75,265.75,265.65,265.65,6750,86302128
TATAPOWER_F1,14-09-2023,14:42:00,265.7,265.7,265.65,265.65,6750,86298752
TATAPOWER_F1,14-09-2023,14:45:00,265.65,265.85,265.65,265.85,50625,86275128
TATAPOWER_F1,14-09-2023,14:46:00,265.85,265.85,265.75,265.75,23625,86275128
TATAPOWER_F1,14-09-2023,14:47:00,265.65,265.65,265.65,265.65,6750,86275128
TATAPOWER_F1,14-09-2023,14:48:00,265.5,265.5,265.4,265.4,33750,86258248
TATAPOWER_F1,14-09-2023,14:49:00,265.4,265.4,265.4,265.4,3375,86258248
TATAPOWER_F1,14-09-2023,14:50:00,265.45,265.5,265.45,265.5,10125,86258248
TATAPOWER_F1,14-09-2023,14:51:00,265.6,265.65,265.6,265.65,13500,86254872
TATAPOWER_F1,14-09-2023,14:52:00,265.75,265.75,265.75,265.75,16875,86254872
TATAPOWER_F1,14-09-2023,14:53:00,265.85,266.0,265.85,266.0,60750,86254872
TATAPOWER_F1,14-09-2023,14:54:00,265.95,265.95,265.9,265.9,27000,86254872
TATAPOWER_F1,14-09-2023,14:55:00,265.85,265.9,265.85,265.85,23625,86278496
TATAPOWER_F1,14-09-2023,14:56:00,266.0,266.1,266.0,266.05,60750,86278496
TATAPOWER_F1,14-09-2023,14:57:00,266.0,266.3,266.0,266.3,64125,86275128
TATAPOWER_F1,14-09-2023,14:58:00,266.15,266.15,266.05,266.05,13500,86275128
TATAPOWER_F1,14-09-2023,14:59:00,266.05,266.15,265.85,265.85,97875,86275128
TATAPOWER_F1,14-09-2023,15:00:00,265.9,266.3,265.85,265.9,81000,86305504
TATAPOWER_F1,14-09-2023,15:01:00,266.1,266.25,266.0,266.25,67500,86305504
TATAPOWER_F1,14-09-2023,15:02:00,266.1,266.3,266.1,266.25,47250,86305504
TATAPOWER_F1,14-09-2023,15:03:00,266.25,266.6,266.25,266.4,151875,86305504
TATAPOWER_F1,14-09-2023,15:04:00,266.4,266.4,266.15,266.15,30375,86305504
TATAPOWER_F1,14-09-2023,15:05:00,266.3,266.35,266.25,266.35,16875,86305504
TATAPOWER_F1,14-09-2023,15:06:00,266.35,266.35,266.35,266.35,3375,86305504
TATAPOWER_F1,14-09-2023,15:07:00,266.3,266.3,266.3,266.3,27000,86315624
TATAPOWER_F1,14-09-2023,15:08:00,266.3,266.35,266.2,266.2,54000,86315624
TATAPOWER_F1,14-09-2023,15:09:00,266.1,266.2,266.1,266.2,20250,86339248
TATAPOWER_F1,14-09-2023,15:10:00,266.3,266.4,266.2,266.2,43875,86339248
TATAPOWER_F1,14-09-2023,15:11:00,266.3,266.3,266.15,266.15,23625,86339248
TATAPOWER_F1,14-09-2023,15:12:00,266.15,266.2,266.15,266.15,20250,86352752
TATAPOWER_F1,14-09-2023,15:13:00,266.15,266.15,266.05,266.1,27000,86352752
TATAPOWER_F1,14-09-2023,15:14:00,266.2,266.2,266.15,266.15,81000,86352752
TATAPOWER_F1,14-09-2023,15:15:00,266.15,266.15,265.9,266.0,111375,86352752
TATAPOWER_F1,14-09-2023,15:16:00,266.1,266.1,266.0,266.0,54000,86352752
TATAPOWER_F1,14-09-2023,15:17:00,266.0,266.2,265.9,266.15,74250,86352752
TATAPOWER_F1,14-09-2023,15:18:00,266.15,266.2,266.05,266.2,27000,86366248
TATAPOWER_F1,14-09-2023,15:19:00,266.1,266.15,266.0,266.0,30375,86366248
TATAPOWER_F1,14-09-2023,15:20:00,266.05,266.2,266.0,266.0,64125,86366248
TATAPOWER_F1,14-09-2023,15:21:00,266.0,266.05,265.95,266.0,47250,86389872
TATAPOWER_F1,14-09-2023,15:22:00,266.05,266.15,266.05,266.15,30375,86389872
TATAPOWER_F1,14-09-2023,15:23:00,266.1,266.1,266.0,266.0,50625,86389872
TATAPOWER_F1,14-09-2023,15:24:00,266.05,266.05,266.05,266.05,81000,86396624
TATAPOWER_F1,14-09-2023,15:25:00,266.05,266.05,266.05,266.05,64125,86396624
TATAPOWER_F1,14-09-2023,15:26:00,266.05,266.05,265.95,266.0,168750,86396624
TATAPOWER_F1,14-09-2023,15:27:00,266.1,266.2,266.1,266.2,57375,86386496
TATAPOWER_F1,14-09-2023,15:28:00,266.0,266.1,266.0,266.1,13500,86386496
TATAPOWER_F1,14-09-2023,15:29:00,266.0,266.1,266.0,266.1,43875,86386496
TATAPOWER_F1,14-09-2023,15:30:00,266.0,266.0,266.0,266.0,6750,86386496
TATAPOWER_F1,15-09-2023,09:15:00,267.1,267.8,266.85,266.85,192378,85451624
TATAPOWER_F1,15-09-2023,09:16:00,267.5,267.55,267.5,267.55,77625,85451624
TATAPOWER_F1,15-09-2023,09:17:00,267.25,267.45,267.25,267.45,141750,85552872
TATAPOWER_F1,15-09-2023,09:18:00,267.45,268.2,267.35,268.2,202500,85552872
TATAPOWER_F1,15-09-2023,09:19:00,268.2,268.3,267.95,268.0,148500,85552872
TATAPOWER_F1,15-09-2023,09:20:00,268.15,268.2,268.0,268.0,121500,85478624
TATAPOWER_F1,15-09-2023,09:21:00,267.95,267.95,267.55,267.8,81000,85478624
TATAPOWER_F1,15-09-2023,09:22:00,268.0,268.0,267.7,267.85,77625,85478624
TATAPOWER_F1,15-09-2023,09:23:00,267.7,267.95,267.55,267.6,74250,85505624
TATAPOWER_F1,15-09-2023,09:24:00,267.5,267.6,266.95,266.95,121500,85505624
TATAPOWER_F1,15-09-2023,09:25:00,267.1,267.1,266.35,266.45,172125,85505624
TATAPOWER_F1,15-09-2023,09:26:00,266.3,266.45,266.0,266.35,165375,85640624
TATAPOWER_F1,15-09-2023,09:27:00,266.3,266.5,266.1,266.5,67500,85640624
TATAPOWER_F1,15-09-2023,09:28:00,266.5,266.8,266.25,266.8,77625,85640624
TATAPOWER_F1,15-09-2023,09:29:00,266.9,267.1,266.65,266.95,64125,85684496
TATAPOWER_F1,15-09-2023,09:30:00,266.95,266.95,266.5,266.7,33750,85684496
TATAPOWER_F1,15-09-2023,09:31:00,266.45,266.65,266.4,266.65,16875,85684496
TATAPOWER_F1,15-09-2023,09:32:00,266.55,266.55,266.25,266.4,30375,85735128
TATAPOWER_F1,15-09-2023,09:33:00,266.4,266.4,266.1,266.2,47250,85735128
TATAPOWER_F1,15-09-2023,09:34:00,266.15,266.35,266.05,266.3,57375,85735128
TATAPOWER_F1,15-09-2023,09:35:00,266.3,266.5,266.3,266.5,60750,85748624
TATAPOWER_F1,15-09-2023,09:36:00,266.5,266.65,266.5,266.65,23625,85748624
TATAPOWER_F1,15-09-2023,09:37:00,266.7,266.85,266.7,266.75,33750,85748624
TATAPOWER_F1,15-09-2023,09:38:00,266.7,266.7,266.55,266.55,33750,85765504
TATAPOWER_F1,15-09-2023,09:39:00,266.65,266.65,266.65,266.65,6750,85765504
TATAPOWER_F1,15-09-2023,09:40:00,266.7,266.9,266.7,266.9,13500,85765504
TATAPOWER_F1,15-09-2023,09:41:00,266.85,266.85,266.8,266.8,6750,85765504
TATAPOWER_F1,15-09-2023,09:42:00,266.75,266.95,266.75,266.95,23625,85775624
TATAPOWER_F1,15-09-2023,09:43:00,266.85,267.2,266.85,267.2,77625,85775624
TATAPOWER_F1,15-09-2023,09:44:00,267.25,267.5,267.2,267.5,87750,85762128
TATAPOWER_F1,15-09-2023,09:45:00,267.45,267.5,267.35,267.35,37125,85762128
TATAPOWER_F1,15-09-2023,09:46:00,267.15,267.15,266.75,266.75,57375,85762128
TATAPOWER_F1,15-09-2023,09:47:00,266.8,267.1,266.8,267.1,6750,85789128
TATAPOWER_F1,15-09-2023,09:48:00,267.15,267.45,267.15,267.2,30375,85789128
TATAPOWER_F1,15-09-2023,09:49:00,267.0,267.0,266.65,266.7,43875,85789128
TATAPOWER_F1,15-09-2023,09:50:00,266.75,266.85,266.75,266.85,20250,85812752
TATAPOWER_F1,15-09-2023,09:51:00,266.6,266.6,266.45,266.45,23625,85812752
TATAPOWER_F1,15-09-2023,09:52:00,266.45,266.45,266.2,266.3,57375,85812752
TATAPOWER_F1,15-09-2023,09:53:00,266.35,266.65,266.35,266.65,30375,85802624
TATAPOWER_F1,15-09-2023,09:54:00,266.4,266.4,266.4,266.4,13500,85802624
TATAPOWER_F1,15-09-2023,09:55:00,266.5,266.55,266.5,266.55,6750,85802624
TATAPOWER_F1,15-09-2023,09:56:00,266.65,266.65,266.4,266.45,13500,85802624
TATAPOWER_F1,15-09-2023,09:57:00,266.55,266.85,266.55,266.85,33750,85792496
TATAPOWER_F1,15-09-2023,09:58:00,267.0,267.0,266.9,266.9,16875,85792496
TATAPOWER_F1,15-09-2023,10:00:00,266.7,266.75,266.7,266.7,13500,85785752
TATAPOWER_F1,15-09-2023,10:01:00,266.6,266.65,266.6,266.6,23625,85785752
TATAPOWER_F1,15-09-2023,10:02:00,266.6,266.9,266.6,266.8,30375,85799248
TATAPOWER_F1,15-09-2023,10:03:00,266.9,266.9,266.85,266.85,13500,85799248
TATAPOWER_F1,15-09-2023,10:04:00,266.75,266.85,266.75,266.8,37125,85799248
TATAPOWER_F1,15-09-2023,10:05:00,266.9,266.9,266.65,266.65,27000,85795872
TATAPOWER_F1,15-09-2023,10:06:00,266.7,266.7,266.7,266.7,13500,85795872
TATAPOWER_F1,15-09-2023,10:07:00,266.55,266.55,266.55,266.55,10125,85795872
TATAPOWER_F1,15-09-2023,10:08:00,266.45,266.45,266.45,266.45,20250,85782376
TATAPOWER_F1,15-09-2023,10:09:00,266.45,266.6,266.45,266.6,27000,85782376
TATAPOWER_F1,15-09-2023,10:10:00,266.4,266.4,266.4,266.4,13500,85782376
TATAPOWER_F1,15-09-2023,10:11:00,266.35,266.5,266.35,266.5,47250,85795872
TATAPOWER_F1,15-09-2023,10:12:00,266.5,266.6,266.4,266.4,33750,85795872
TATAPOWER_F1,15-09-2023,10:13:00,266.3,266.3,266.2,266.3,87750,85795872
TATAPOWER_F1,15-09-2023,10:14:00,266.3,266.35,266.15,266.3,50625,85816128
TATAPOWER_F1,15-09-2023,10:15:00,266.15,266.2,265.75,265.75,87750,85816128
TATAPOWER_F1,15-09-2023,10:16:00,265.75,265.8,265.75,265.8,16875,85816128
TATAPOWER_F1,15-09-2023,10:17:00,266.05,266.2,266.05,266.2,20250,85816128
TATAPOWER_F1,15-09-2023,10:18:00,266.3,266.3,266.25,266.3,13500,85843128
TATAPOWER_F1,15-09-2023,10:19:00,266.3,266.35,266.3,266.35,27000,85843128
TATAPOWER_F1,15-09-2023,10:20:00,266.3,266.3,266.2,266.2,13500,85856624
TATAPOWER_F1,15-09-2023,10:21:00,266.35,266.35,266.25,266.25,20250,85856624
TATAPOWER_F1,15-09-2023,10:22:00,266.35,266.5,266.3,266.3,27000,85856624
TATAPOWER_F1,15-09-2023,10:23:00,266.3,266.3,266.1,266.1,33750,85880248
TATAPOWER_F1,15-09-2023,10:24:00,266.15,266.15,265.85,265.9,40500,85880248
TATAPOWER_F1,15-09-2023,10:25:00,266.0,266.3,266.0,266.25,54000,85880248
TATAPOWER_F1,15-09-2023,10:26:00,266.2,266.2,266.15,266.2,13500,85937624
TATAPOWER_F1,15-09-2023,10:27:00,266.0,266.0,265.9,265.9,97875,85937624
TATAPOWER_F1,15-09-2023,10:28:00,266.0,266.05,266.0,266.0,16875,85937624
TATAPOWER_F1,15-09-2023,10:29:00,266.15,266.15,266.15,266.15,10125,85937624
TATAPOWER_F1,15-09-2023,10:30:00,266.15,266.15,266.05,266.05,6750,85927504
TATAPOWER_F1,15-09-2023,10:31:00,266.05,266.05,265.8,265.95,54000,85927504
TATAPOWER_F1,15-09-2023,10:32:00,265.8,265.8,265.8,265.8,13500,85927504
TATAPOWER_F1,15-09-2023,10:33:00,265.85,265.85,265.65,265.75,37125,85961248
TATAPOWER_F1,15-09-2023,10:34:00,265.7,265.9,265.7,265.9,23625,85961248
TATAPOWER_F1,15-09-2023,10:35:00,265.9,265.95,265.9,265.95,13500,85961248
TATAPOWER_F1,15-09-2023,10:36:00,265.95,265.95,265.95,265.95,10125,85978128
TATAPOWER_F1,15-09-2023,10:37:00,266.0,266.0,265.9,266.0,16875,85978128
TATAPOWER_F1,15-09-2023,10:38:00,266.05,266.1,266.05,266.1,10125,85988248
TATAPOWER_F1,15-09-2023,10:40:00,266.0,266.0,266.0,266.0,3375,85988248
TATAPOWER_F1,15-09-2023,10:41:00,265.85,265.85,265.85,265.85,3375,85988248
TATAPOWER_F1,15-09-2023,10:42:00,266.15,266.15,266.15,266.15,3375,85984872
TATAPOWER_F1,15-09-2023,10:44:00,266.1,266.1,266.1,266.1,3375,85978128
TATAPOWER_F1,15-09-2023,10:45:00,266.05,266.05,265.95,265.95,13500,85978128
TATAPOWER_F1,15-09-2023,10:46:00,265.9,265.95,265.9,265.95,6750,85978128
TATAPOWER_F1,15-09-2023,10:47:00,265.95,266.15,265.95,266.15,13500,85995000
TATAPOWER_F1,15-09-2023,10:48:00,266.25,266.35,266.25,266.35,43875,85995000
TATAPOWER_F1,15-09-2023,10:49:00,266.2,266.2,266.05,266.05,27000,85995000
TATAPOWER_F1,15-09-2023,10:50:00,266.1,266.1,266.0,266.0,20250,86022000
TATAPOWER_F1,15-09-2023,10:52:00,266.25,266.35,266.25,266.35,64125,86022000
TATAPOWER_F1,15-09-2023,10:53:00,266.0,266.0,265.9,265.9,10125,86022000
TATAPOWER_F1,15-09-2023,10:54:00,265.95,266.05,265.9,265.9,20250,86032128
TATAPOWER_F1,15-09-2023,10:55:00,265.85,265.85,265.75,265.75,20250,86032128
TATAPOWER_F1,15-09-2023,10:56:00,265.75,265.85,265.75,265.85,13500,86032128
TATAPOWER_F1,15-09-2023,10:57:00,265.9,265.9,265.8,265.8,67500,86032128
TATAPOWER_F1,15-09-2023,10:58:00,266.0,266.1,266.0,266.1,16875,86032128
TATAPOWER_F1,15-09-2023,10:59:00,266.0,266.2,266.0,266.2,13500,86038872
TATAPOWER_F1,15-09-2023,11:00:00,266.25,266.35,266.25,266.3,20250,86038872
TATAPOWER_F1,15-09-2023,11:01:00,266.35,266.35,266.25,266.25,10125,86038872
TATAPOWER_F1,15-09-2023,11:02:00,266.25,266.25,266.05,266.15,37125,86032128
TATAPOWER_F1,15-09-2023,11:03:00,266.05,266.1,266.05,266.1,20250,86032128
TATAPOWER_F1,15-09-2023,11:04:00,266.05,266.05,266.0,266.0,13500,86032128
TATAPOWER_F1,15-09-2023,11:05:00,265.95,265.95,265.95,265.95,6750,86035504
TATAPOWER_F1,15-09-2023,11:06:00,266.0,266.0,265.9,265.9,10125,86035504
TATAPOWER_F1,15-09-2023,11:07:00,266.0,266.0,266.0,266.0,16875,86035504
TATAPOWER_F1,15-09-2023,11:08:00,266.0,266.0,266.0,266.0,3375,86045624
TATAPOWER_F1,15-09-2023,11:09:00,266.05,266.05,266.05,266.05,3375,86045624
TATAPOWER_F1,15-09-2023,11:11:00,265.95,265.95,265.9,265.95,30375,86045624
TATAPOWER_F1,15-09-2023,11:12:00,265.9,265.9,265.9,265.9,3375,86038872
TATAPOWER_F1,15-09-2023,11:13:00,265.9,265.95,265.9,265.95,6750,86038872
TATAPOWER_F1,15-09-2023,11:14:00,266.0,266.0,265.85,265.85,16875,86049000
TATAPOWER_F1,15-09-2023,11:15:00,265.9,265.9,265.7,265.7,37125,86049000
TATAPOWER_F1,15-09-2023,11:16:00,265.7,265.7,265.55,265.55,40500,86049000
TATAPOWER_F1,15-09-2023,11:17:00,265.7,265.7,265.35,265.35,40500,86089504
TATAPOWER_F1,15-09-2023,11:18:00,265.3,265.5,265.3,265.5,23625,86089504
TATAPOWER_F1,15-09-2023,11:19:00,265.55,265.6,265.55,265.6,6750,86089504
TATAPOWER_F1,15-09-2023,11:20:00,265.5,265.65,265.5,265.65,10125,86089504
TATAPOWER_F1,15-09-2023,11:22:00,265.8,265.8,265.55,265.55,13500,86123248
TATAPOWER_F1,15-09-2023,11:23:00,265.55,265.6,265.55,265.6,6750,86123248
TATAPOWER_F1,15-09-2023,11:24:00,265.8,265.85,265.8,265.85,13500,86123248
TATAPOWER_F1,15-09-2023,11:25:00,265.85,265.85,265.85,265.85,3375,86150248
TATAPOWER_F1,15-09-2023,11:27:00,265.6,265.75,265.6,265.7,16875,86133376
TATAPOWER_F1,15-09-2023,11:28:00,265.55,265.55,265.4,265.4,30375,86133376
TATAPOWER_F1,15-09-2023,11:29:00,265.5,265.5,265.4,265.4,6750,86133376
TATAPOWER_F1,15-09-2023,11:30:00,265.45,265.45,265.3,265.3,13500,85954496
TATAPOWER_F1,15-09-2023,11:31:00,265.3,265.45,265.3,265.45,10125,85954496
TATAPOWER_F1,15-09-2023,11:33:00,265.45,265.45,265.45,265.45,3375,85954496
TATAPOWER_F1,15-09-2023,11:34:00,265.45,265.45,265.45,265.45,13500,85954496
TATAPOWER_F1,15-09-2023,11:36:00,265.25,265.25,265.1,265.1,50625,85964624
TATAPOWER_F1,15-09-2023,11:37:00,265.1,265.4,265.05,265.3,64125,85964624
TATAPOWER_F1,15-09-2023,11:38:00,265.3,265.4,265.25,265.4,16875,85964624
TATAPOWER_F1,15-09-2023,11:39:00,265.25,265.25,265.25,265.25,3375,85964624
TATAPOWER_F1,15-09-2023,11:40:00,265.35,265.45,265.35,265.45,16875,85964624
TATAPOWER_F1,15-09-2023,11:41:00,265.4,265.4,265.3,265.3,13500,85964624
TATAPOWER_F1,15-09-2023,11:42:00,265.4,265.4,265.4,265.4,3375,85964624
TATAPOWER_F1,15-09-2023,11:43:00,265.3,265.3,265.25,265.25,6750,85917376
TATAPOWER_F1,15-09-2023,11:44:00,265.2,265.2,265.2,265.2,6750,85917376
TATAPOWER_F1,15-09-2023,11:46:00,265.05,265.1,265.05,265.1,10125,85927504
TATAPOWER_F1,15-09-2023,11:47:00,265.0,265.1,265.0,265.0,84375,85927504
TATAPOWER_F1,15-09-2023,11:48:00,265.0,265.25,265.0,265.25,33750,85971376
TATAPOWER_F1,15-09-2023,11:49:00,265.3,265.3,265.25,265.25,10125,85971376
TATAPOWER_F1,15-09-2023,11:50:00,265.3,265.6,265.3,265.6,94500,85971376
TATAPOWER_F1,15-09-2023,11:51:00,265.55,265.7,265.55,265.7,47250,86035504
TATAPOWER_F1,15-09-2023,11:52:00,265.7,265.8,265.7,265.8,23625,86035504
TATAPOWER_F1,15-09-2023,11:53:00,265.85,265.85,265.65,265.65,27000,86035504
TATAPOWER_F1,15-09-2023,11:54:00,265.8,265.8,265.8,265.8,3375,86035504
TATAPOWER_F1,15-09-2023,11:55:00,265.65,265.75,265.65,265.75,13500,86055752
TATAPOWER_F1,15-09-2023,11:56:00,265.7,265.7,265.7,265.7,6750,86055752
TATAPOWER_F1,15-09-2023,11:57:00,265.7,265.7,265.6,265.6,6750,86059128
TATAPOWER_F1,15-09-2023,11:59:00,265.65,265.65,265.6,265.6,6750,86059128
TATAPOWER_F1,15-09-2023,12:00:00,265.75,265.75,265.75,265.75,3375,86059128
TATAPOWER_F1,15-09-2023,12:02:00,265.55,265.6,265.55,265.6,10125,86072624
TATAPOWER_F1,15-09-2023,12:03:00,265.65,265.75,265.6,265.75,20250,86086128
TATAPOWER_F1,15-09-2023,12:04:00,265.65,265.7,265.55,265.65,23625,86086128
TATAPOWER_F1,15-09-2023,12:05:00,265.7,265.7,265.7,265.7,3375,86086128
TATAPOWER_F1,15-09-2023,12:06:00,265.7,265.7,265.65,265.65,6750,86086128
TATAPOWER_F1,15-09-2023,12:07:00,265.45,265.45,265.45,265.45,10125,86113128
TATAPOWER_F1,15-09-2023,12:08:00,265.4,265.5,265.4,265.5,16875,86113128
TATAPOWER_F1,15-09-2023,12:09:00,265.45,265.5,265.4,265.5,10125,86113128
TATAPOWER_F1,15-09-2023,12:10:00,265.5,265.5,265.4,265.4,16875,86106376
TATAPOWER_F1,15-09-2023,12:12:00,265.55,265.6,265.3,265.3,70875,86136752
TATAPOWER_F1,15-09-2023,12:13:00,265.35,265.35,265.15,265.15,30375,86136752
TATAPOWER_F1,15-09-2023,12:14:00,265.1,265.1,264.85,264.85,50625,86136752
TATAPOWER_F1,15-09-2023,12:15:00,264.8,265.0,264.8,264.85,43875,86194128
TATAPOWER_F1,15-09-2023,12:16:00,264.75,264.8,264.7,264.8,20250,86194128
TATAPOWER_F1,15-09-2023,12:17:00,264.7,264.7,264.35,264.6,97875,86194128
TATAPOWER_F1,15-09-2023,12:18:00,264.7,264.7,264.5,264.5,40500,86244752
TATAPOWER_F1,15-09-2023,12:19:00,264.5,264.5,264.45,264.45,10125,86244752
TATAPOWER_F1,15-09-2023,12:20:00,264.5,264.6,264.35,264.35,70875,86244752
TATAPOWER_F1,15-09-2023,12:21:00,264.3,264.4,264.25,264.4,30375,86319000
TATAPOWER_F1,15-09-2023,12:22:00,264.35,264.35,264.15,264.2,81000,86319000
TATAPOWER_F1,15-09-2023,12:23:00,264.0,264.1,264.0,264.0,67500,86319000
TATAPOWER_F1,15-09-2023,12:24:00,264.1,264.15,264.05,264.1,16875,86325752
TATAPOWER_F1,15-09-2023,12:25:00,264.1,264.1,263.65,263.7,47250,86325752
TATAPOWER_F1,15-09-2023,12:26:00,263.8,264.0,263.75,263.9,37125,86325752
TATAPOWER_F1,15-09-2023,12:27:00,263.95,264.0,263.9,263.9,23625,86376376
TATAPOWER_F1,15-09-2023,12:28:00,264.0,264.3,264.0,264.1,91125,86376376
TATAPOWER_F1,15-09-2023,12:29:00,264.1,264.35,264.1,264.2,37125,86376376
TATAPOWER_F1,15-09-2023,12:30:00,264.15,264.25,264.0,264.1,54000,86376376
TATAPOWER_F1,15-09-2023,12:31:00,264.1,264.1,263.8,263.85,70875,86450624
TATAPOWER_F1,15-09-2023,12:32:00,263.95,263.95,263.8,263.8,23625,86450624
TATAPOWER_F1,15-09-2023,12:33:00,263.75,263.85,263.75,263.85,27000,86501248
TATAPOWER_F1,15-09-2023,12:34:00,263.8,263.8,263.65,263.7,60750,86501248
TATAPOWER_F1,15-09-2023,12:35:00,263.7,263.75,263.45,263.7,121500,86501248
TATAPOWER_F1,15-09-2023,12:36:00,263.7,264.0,263.7,263.85,54000,86501248
TATAPOWER_F1,15-09-2023,12:37:00,263.9,263.95,263.8,263.8,155250,86491128
TATAPOWER_F1,15-09-2023,12:38:00,263.95,263.95,263.75,263.75,141750,86491128
TATAPOWER_F1,15-09-2023,12:39:00,263.9,264.0,263.75,264.0,13500,86491128
TATAPOWER_F1,15-09-2023,12:40:00,263.85,264.1,263.85,264.1,10125,86322376
TATAPOWER_F1,15-09-2023,12:41:00,263.9,263.95,263.9,263.95,23625,86322376
TATAPOWER_F1,15-09-2023,12:42:00,263.8,263.9,263.7,263.9,47250,86339248
TATAPOWER_F1,15-09-2023,12:43:00,264.0,264.0,264.0,264.0,3375,86339248
TATAPOWER_F1,15-09-2023,12:44:00,263.95,264.15,263.95,264.15,30375,86339248
TATAPOWER_F1,15-09-2023,12:45:00,264.15,264.25,264.15,264.2,27000,86339248
TATAPOWER_F1,15-09-2023,12:46:00,264.15,264.35,264.15,264.3,37125,86366248
TATAPOWER_F1,15-09-2023,12:47:00,264.25,264.25,264.2,264.25,16875,86366248
TATAPOWER_F1,15-09-2023,12:49:00,264.15,264.25,264.15,264.25,6750,86346000
TATAPOWER_F1,15-09-2023,12:50:00,264.3,264.3,264.3,264.3,10125,86346000
TATAPOWER_F1,15-09-2023,12:51:00,264.4,264.45,264.4,264.45,10125,86339248
TATAPOWER_F1,15-09-2023,12:52:00,264.4,264.55,264.4,264.55,23625,86339248
TATAPOWER_F1,15-09-2023,12:53:00,264.55,264.6,264.5,264.6,16875,86339248
TATAPOWER_F1,15-09-2023,12:54:00,264.55,264.55,264.5,264.5,16875,86342624
TATAPOWER_F1,15-09-2023,12:55:00,264.45,264.45,264.35,264.35,13500,86342624
TATAPOWER_F1,15-09-2023,12:56:00,264.35,264.35,264.35,264.35,6750,86342624
TATAPOWER_F1,15-09-2023,12:58:00,264.35,264.35,264.25,264.25,13500,86346000
TATAPOWER_F1,15-09-2023,12:59:00,264.2,264.2,264.2,264.2,3375,86346000
TATAPOWER_F1,15-09-2023,13:00:00,264.1,264.1,264.1,264.1,3375,86346000
TATAPOWER_F1,15-09-2023,13:01:00,264.1,264.15,264.1,264.15,13500,86346000
TATAPOWER_F1,15-09-2023,13:02:00,264.1,264.1,264.1,264.1,3375,86346000
TATAPOWER_F1,15-09-2023,13:03:00,264.1,264.1,264.1,264.1,3375,86346000
TATAPOWER_F1,15-09-2023,13:04:00,264.25,264.35,264.25,264.35,10125,86356128
TATAPOWER_F1,15-09-2023,13:05:00,264.5,264.6,264.5,264.6,6750,86356128
TATAPOWER_F1,15-09-2023,13:06:00,264.6,264.6,264.6,264.6,3375,86356128
TATAPOWER_F1,15-09-2023,13:07:00,264.5,264.5,264.35,264.35,16875,86352752
TATAPOWER_F1,15-09-2023,13:08:00,264.5,264.5,264.5,264.5,6750,86352752
TATAPOWER_F1,15-09-2023,13:09:00,264.45,264.45,264.45,264.45,3375,86352752
TATAPOWER_F1,15-09-2023,13:10:00,264.5,264.5,264.5,264.5,10125,86329128
TATAPOWER_F1,15-09-2023,13:11:00,264.5,264.6,264.5,264.6,6750,86329128
TATAPOWER_F1,15-09-2023,13:14:00,264.55,264.55,264.55,264.55,3375,86325752
TATAPOWER_F1,15-09-2023,13:15:00,264.55,264.85,264.55,264.85,16875,86325752
TATAPOWER_F1,15-09-2023,13:16:00,264.9,264.9,264.85,264.85,16875,86319000
TATAPOWER_F1,15-09-2023,13:17:00,264.9,264.9,264.9,264.9,6750,86319000
TATAPOWER_F1,15-09-2023,13:18:00,264.9,264.9,264.85,264.85,13500,86319000
TATAPOWER_F1,15-09-2023,13:19:00,264.7,264.75,264.65,264.65,16875,86342624
TATAPOWER_F1,15-09-2023,13:20:00,264.8,264.8,264.8,264.8,6750,86342624
TATAPOWER_F1,15-09-2023,13:21:00,264.65,264.75,264.65,264.75,6750,86342624
TATAPOWER_F1,15-09-2023,13:22:00,264.85,264.9,264.85,264.9,20250,86346000
TATAPOWER_F1,15-09-2023,13:23:00,264.9,265.0,264.9,265.0,33750,86346000
TATAPOWER_F1,15-09-2023,13:24:00,265.0,265.0,265.0,265.0,3375,86346000
TATAPOWER_F1,15-09-2023,13:26:00,264.85,264.85,264.85,264.85,6750,86308872
TATAPOWER_F1,15-09-2023,13:27:00,264.85,264.85,264.85,264.85,6750,86308872
TATAPOWER_F1,15-09-2023,13:28:00,264.75,264.8,264.75,264.8,10125,86308872
TATAPOWER_F1,15-09-2023,13:29:00,264.85,264.85,264.85,264.85,3375,86308872
TATAPOWER_F1,15-09-2023,13:31:00,264.8,264.8,264.8,264.8,6750,86305504
TATAPOWER_F1,15-09-2023,13:32:00,264.85,264.85,264.85,264.85,3375,86305504
TATAPOWER_F1,15-09-2023,13:33:00,264.7,264.85,264.7,264.7,16875,86305504
TATAPOWER_F1,15-09-2023,13:35:00,264.7,264.7,264.45,264.45,27000,86312248
TATAPOWER_F1,15-09-2023,13:36:00,264.5,264.5,264.5,264.5,6750,86312248
TATAPOWER_F1,15-09-2023,13:37:00,264.4,264.4,264.4,264.4,3375,86305504
TATAPOWER_F1,15-09-2023,13:38:00,264.5,264.5,264.5,264.5,6750,86305504
TATAPOWER_F1,15-09-2023,13:39:00,264.45,264.45,264.4,264.45,20250,86305504
TATAPOWER_F1,15-09-2023,13:40:00,264.45,264.45,264.45,264.45,3375,86312248
TATAPOWER_F1,15-09-2023,13:41:00,264.4,264.4,264.4,264.4,6750,86312248
TATAPOWER_F1,15-09-2023,13:42:00,264.35,264.35,264.35,264.35,3375,86312248
TATAPOWER_F1,15-09-2023,13:43:00,264.35,264.35,264.3,264.3,10125,86325752
TATAPOWER_F1,15-09-2023,13:44:00,264.3,264.5,264.25,264.5,23625,86325752
TATAPOWER_F1,15-09-2023,13:45:00,264.6,264.8,264.6,264.8,10125,86325752
TATAPOWER_F1,15-09-2023,13:46:00,264.85,264.85,264.85,264.85,3375,86325752
TATAPOWER_F1,15-09-2023,13:47:00,264.7,264.8,264.7,264.8,6750,86315624
TATAPOWER_F1,15-09-2023,13:49:00,264.7,264.7,264.7,264.7,20250,86308872
TATAPOWER_F1,15-09-2023,13:50:00,264.55,264.6,264.5,264.5,13500,86308872
TATAPOWER_F1,15-09-2023,13:51:00,264.6,264.6,264.6,264.6,13500,86308872
TATAPOWER_F1,15-09-2023,13:53:00,264.55,264.65,264.55,264.65,6750,86325752
TATAPOWER_F1,15-09-2023,13:54:00,264.7,264.7,264.7,264.7,3375,86325752
TATAPOWER_F1,15-09-2023,13:55:00,264.8,264.8,264.8,264.8,13500,86325752
TATAPOWER_F1,15-09-2023,13:56:00,264.65,264.65,264.65,264.65,3375,86332496
TATAPOWER_F1,15-09-2023,13:57:00,264.7,264.7,264.7,264.7,6750,86332496
TATAPOWER_F1,15-09-2023,13:58:00,264.85,264.95,264.85,264.95,27000,86325752
TATAPOWER_F1,15-09-2023,13:59:00,265.0,265.15,265.0,265.15,27000,86325752
TATAPOWER_F1,15-09-2023,14:00:00,265.15,265.15,265.15,265.15,3375,86325752
TATAPOWER_F1,15-09-2023,14:01:00,265.15,265.15,265.05,265.05,16875,86325752
TATAPOWER_F1,15-09-2023,14:02:00,265.1,265.2,265.1,265.2,23625,86325752
TATAPOWER_F1,15-09-2023,14:03:00,265.2,265.2,265.2,265.2,13500,86325752
TATAPOWER_F1,15-09-2023,14:04:00,265.15,265.15,265.15,265.15,6750,86305504
TATAPOWER_F1,15-09-2023,14:05:00,265.2,265.2,265.1,265.1,13500,86305504
TATAPOWER_F1,15-09-2023,14:06:00,265.15,265.5,265.15,265.45,81000,86305504
TATAPOWER_F1,15-09-2023,14:07:00,265.5,265.55,265.3,265.3,40500,86281872
TATAPOWER_F1,15-09-2023,14:08:00,265.3,265.3,265.3,265.3,3375,86281872
TATAPOWER_F1,15-09-2023,14:09:00,265.2,265.25,265.15,265.15,20250,86281872
TATAPOWER_F1,15-09-2023,14:10:00,265.1,265.1,265.0,265.0,30375,86295376
TATAPOWER_F1,15-09-2023,14:11:00,265.05,265.05,264.95,264.95,10125,86295376
TATAPOWER_F1,15-09-2023,14:12:00,265.0,265.0,265.0,265.0,3375,86295376
TATAPOWER_F1,15-09-2023,14:13:00,265.1,265.1,265.1,265.1,3375,86292000
TATAPOWER_F1,15-09-2023,14:14:00,265.0,265.0,265.0,265.0,16875,86292000
TATAPOWER_F1,15-09-2023,14:15:00,264.9,264.9,264.9,264.9,16875,86292000
TATAPOWER_F1,15-09-2023,14:16:00,264.85,264.9,264.85,264.9,13500,86295376
TATAPOWER_F1,15-09-2023,14:17:00,264.85,264.85,264.85,264.85,3375,86295376
TATAPOWER_F1,15-09-2023,14:18:00,264.85,264.85,264.85,264.85,3375,86295376
TATAPOWER_F1,15-09-2023,14:19:00,264.85,264.85,264.8,264.8,10125,86298752
TATAPOWER_F1,15-09-2023,14:20:00,264.75,264.8,264.7,264.8,10125,86298752
TATAPOWER_F1,15-09-2023,14:21:00,264.8,264.9,264.75,264.9,27000,86298752
TATAPOWER_F1,15-09-2023,14:22:00,264.75,264.75,264.75,264.75,6750,86315624
TATAPOWER_F1,15-09-2023,14:23:00,264.9,264.9,264.8,264.8,6750,86315624
TATAPOWER_F1,15-09-2023,14:24:00,264.95,264.95,264.95,264.95,6750,86315624
TATAPOWER_F1,15-09-2023,14:26:00,264.8,264.8,264.75,264.8,10125,86315624
TATAPOWER_F1,15-09-2023,14:28:00,264.7,264.7,264.7,264.7,3375,86322376
TATAPOWER_F1,15-09-2023,14:29:00,264.75,264.75,264.75,264.75,3375,86322376
TATAPOWER_F1,15-09-2023,14:30:00,264.9,264.95,264.85,264.95,13500,86322376
TATAPOWER_F1,15-09-2023,14:31:00,265.0,265.0,265.0,265.0,3375,86329128
TATAPOWER_F1,15-09-2023,14:33:00,264.95,265.1,264.9,264.95,50625,86329128
TATAPOWER_F1,15-09-2023,14:35:00,264.95,265.0,264.95,265.0,6750,86342624
TATAPOWER_F1,15-09-2023,14:37:00,265.0,265.0,265.0,265.0,3375,86342624
TATAPOWER_F1,15-09-2023,14:39:00,264.95,264.95,264.95,264.95,3375,86342624
TATAPOWER_F1,15-09-2023,14:40:00,264.9,264.9,264.75,264.75,30375,86342624
TATAPOWER_F1,15-09-2023,14:41:00,264.8,264.85,264.8,264.85,10125,86332496
TATAPOWER_F1,15-09-2023,14:42:00,264.85,264.85,264.85,264.85,3375,86332496
TATAPOWER_F1,15-09-2023,14:43:00,264.95,265.3,264.95,265.25,67500,86335872
TATAPOWER_F1,15-09-2023,14:44:00,265.25,265.35,265.2,265.3,27000,86335872
TATAPOWER_F1,15-09-2023,14:46:00,265.2,265.2,265.2,265.2,10125,86322376
TATAPOWER_F1,15-09-2023,14:47:00,265.3,265.35,265.25,265.25,33750,86322376
TATAPOWER_F1,15-09-2023,14:48:00,265.25,265.25,265.25,265.25,10125,86322376
TATAPOWER_F1,15-09-2023,14:49:00,265.1,265.15,265.0,265.1,16875,86322376
TATAPOWER_F1,15-09-2023,14:50:00,265.1,265.2,265.1,265.2,16875,86322376
TATAPOWER_F1,15-09-2023,14:51:00,265.1,265.3,265.1,265.3,23625,86322376
TATAPOWER_F1,15-09-2023,14:52:00,265.3,265.35,265.3,265.35,33750,86322376
TATAPOWER_F1,15-09-2023,14:53:00,265.35,265.35,265.25,265.25,33750,86322376
TATAPOWER_F1,15-09-2023,14:54:00,265.2,265.2,265.15,265.15,6750,86322376
TATAPOWER_F1,15-09-2023,14:55:00,265.15,265.2,265.15,265.15,13500,86349376
TATAPOWER_F1,15-09-2023,14:56:00,265.15,265.2,265.15,265.2,16875,86349376
TATAPOWER_F1,15-09-2023,14:57:00,265.15,265.15,265.0,265.1,20250,86349376
TATAPOWER_F1,15-09-2023,14:58:00,265.05,265.1,265.05,265.1,20250,86335872
TATAPOWER_F1,15-09-2023,14:59:00,265.15,265.55,265.15,265.4,162000,86335872
TATAPOWER_F1,15-09-2023,15:00:00,265.45,265.7,265.35,265.6,60750,86335872
TATAPOWER_F1,15-09-2023,15:01:00,265.6,265.6,265.15,265.15,27000,86312248
TATAPOWER_F1,15-09-2023,15:02:00,265.25,265.25,265.05,265.15,27000,86312248
TATAPOWER_F1,15-09-2023,15:03:00,265.1,265.25,265.1,265.25,13500,86312248
TATAPOWER_F1,15-09-2023,15:04:00,265.1,265.2,264.95,264.95,70875,86329128
TATAPOWER_F1,15-09-2023,15:05:00,264.9,265.0,264.9,264.95,23625,86329128
TATAPOWER_F1,15-09-2023,15:06:00,264.9,264.9,264.9,264.9,20250,86329128
TATAPOWER_F1,15-09-2023,15:07:00,264.9,264.9,264.85,264.9,37125,86393248
TATAPOWER_F1,15-09-2023,15:08:00,264.9,264.95,264.8,264.85,43875,86393248
TATAPOWER_F1,15-09-2023,15:09:00,264.75,264.8,264.75,264.8,20250,86393248
TATAPOWER_F1,15-09-2023,15:10:00,264.7,264.8,264.65,264.65,27000,86403376
TATAPOWER_F1,15-09-2023,15:11:00,264.65,264.65,264.55,264.55,16875,86403376
TATAPOWER_F1,15-09-2023,15:12:00,264.55,264.65,264.5,264.5,30375,86403376
TATAPOWER_F1,15-09-2023,15:13:00,264.65,264.65,264.5,264.5,43875,86410128
TATAPOWER_F1,15-09-2023,15:14:00,264.5,264.5,264.3,264.45,104625,86410128
TATAPOWER_F1,15-09-2023,15:15:00,264.45,264.65,264.45,264.5,74250,86410128
TATAPOWER_F1,15-09-2023,15:16:00,264.6,264.6,264.5,264.5,50625,86420248
TATAPOWER_F1,15-09-2023,15:17:00,264.55,264.75,264.45,264.6,121500,86420248
TATAPOWER_F1,15-09-2023,15:18:00,264.6,264.7,264.55,264.55,54000,86420248
TATAPOWER_F1,15-09-2023,15:19:00,264.85,264.85,264.8,264.8,124875,86383128
TATAPOWER_F1,15-09-2023,15:20:00,264.75,264.8,264.65,264.75,57375,86383128
TATAPOWER_F1,15-09-2023,15:21:00,264.65,264.7,264.6,264.6,43875,86383128
TATAPOWER_F1,15-09-2023,15:22:00,264.65,264.65,264.6,264.65,37125,86423624
TATAPOWER_F1,15-09-2023,15:23:00,264.7,264.7,264.7,264.7,54000,86423624
TATAPOWER_F1,15-09-2023,15:24:00,264.65,264.7,264.5,264.5,97875,86423624
TATAPOWER_F1,15-09-2023,15:25:00,264.55,264.55,264.5,264.5,47250,86396624
TATAPOWER_F1,15-09-2023,15:26:00,264.6,264.6,264.5,264.5,50625,86396624
TATAPOWER_F1,15-09-2023,15:27:00,264.6,264.75,264.6,264.75,74250,86396624
TATAPOWER_F1,15-09-2023,15:28:00,264.75,264.75,264.6,264.6,94500,86335872
TATAPOWER_F1,15-09-2023,15:29:00,264.7,264.95,264.6,264.65,148500,86335872
TATAPOWER_F1,18-09-2023,09:15:00,264.55,265.05,263.95,263.95,128251,85691248
TATAPOWER_F1,18-09-2023,09:16:00,263.9,264.5,263.4,264.2,135000,85691248
TATAPOWER_F1,18-09-2023,09:17:00,264.25,264.55,264.15,264.55,43875,85671000
TATAPOWER_F1,18-09-2023,09:18:00,264.55,264.85,264.5,264.85,67500,85671000
TATAPOWER_F1,18-09-2023,09:19:00,264.85,264.85,264.65,264.8,60750,85671000
TATAPOWER_F1,18-09-2023,09:20:00,264.8,264.8,264.6,264.75,81000,85684496
TATAPOWER_F1,18-09-2023,09:21:00,264.5,265.0,264.5,264.95,54000,85684496
TATAPOWER_F1,18-09-2023,09:22:00,264.95,265.2,264.6,264.6,124875,85684496
TATAPOWER_F1,18-09-2023,09:23:00,264.65,264.65,263.75,263.75,81000,85738496
TATAPOWER_F1,18-09-2023,09:24:00,263.6,263.6,263.1,263.1,121500,85738496
TATAPOWER_F1,18-09-2023,09:25:00,263.25,263.75,262.75,263.7,182250,85738496
TATAPOWER_F1,18-09-2023,09:26:00,263.55,264.0,263.35,263.8,70875,85816128
TATAPOWER_F1,18-09-2023,09:27:00,264.05,264.25,264.05,264.25,74250,85816128
TATAPOWER_F1,18-09-2023,09:28:00,264.05,264.15,263.75,263.95,74250,85816128
TATAPOWER_F1,18-09-2023,09:29:00,264.05,264.4,264.0,264.4,60750,85802624
TATAPOWER_F1,18-09-2023,09:30:00,264.25,264.25,263.9,264.0,60750,85802624
TATAPOWER_F1,18-09-2023,09:31:00,263.75,263.8,263.35,263.35,94500,85802624
TATAPOWER_F1,18-09-2023,09:32:00,263.4,263.6,263.35,263.6,37125,85836376
TATAPOWER_F1,18-09-2023,09:33:00,263.55,263.85,263.55,263.6,60750,85836376
TATAPOWER_F1,18-09-2023,09:34:00,263.65,263.8,263.65,263.75,20250,85836376
TATAPOWER_F1,18-09-2023,09:35:00,263.7,263.95,263.45,263.95,81000,85849872
TATAPOWER_F1,18-09-2023,09:36:00,263.75,264.35,263.75,264.35,60750,85849872
TATAPOWER_F1,18-09-2023,09:37:00,264.5,264.7,264.5,264.7,20250,85849872
TATAPOWER_F1,18-09-2023,09:38:00,264.7,264.95,264.55,264.8,47250,85809376
TATAPOWER_F1,18-09-2023,09:39:00,264.8,264.85,264.65,264.85,33750,85809376
TATAPOWER_F1,18-09-2023,09:40:00,264.65,264.7,264.1,264.1,60750,85809376
TATAPOWER_F1,18-09-2023,09:41:00,264.25,264.6,264.25,264.4,33750,85860000
TATAPOWER_F1,18-09-2023,09:42:00,264.8,264.8,264.6,264.6,16875,85860000
TATAPOWER_F1,18-09-2023,09:43:00,264.65,264.65,264.3,264.4,20250,85860000
TATAPOWER_F1,18-09-2023,09:44:00,264.35,264.5,264.3,264.3,30375,85849872
TATAPOWER_F1,18-09-2023,09:45:00,264.35,264.35,264.0,264.0,47250,85849872
TATAPOWER_F1,18-09-2023,09:46:00,264.0,264.2,263.9,264.2,33750,85849872
TATAPOWER_F1,18-09-2023,09:47:00,264.15,264.15,263.95,264.0,10125,85866752
TATAPOWER_F1,18-09-2023,09:48:00,263.9,264.0,263.8,264.0,30375,85866752
TATAPOWER_F1,18-09-2023,09:49:00,263.75,263.75,263.4,263.5,64125,85866752
TATAPOWER_F1,18-09-2023,09:50:00,263.55,263.8,263.55,263.6,54000,85903872
TATAPOWER_F1,18-09-2023,09:51:00,263.65,263.75,263.65,263.65,33750,85903872
TATAPOWER_F1,18-09-2023,09:52:00,263.75,263.75,263.65,263.65,40500,85903872
TATAPOWER_F1,18-09-2023,09:53:00,263.55,263.6,263.4,263.5,50625,85903872
TATAPOWER_F1,18-09-2023,09:54:00,263.65,263.65,263.35,263.35,13500,85941000
TATAPOWER_F1,18-09-2023,09:55:00,263.3,263.3,262.8,262.95,165375,85941000
TATAPOWER_F1,18-09-2023,09:56:00,263.0,263.0,262.65,262.9,141750,86025376
TATAPOWER_F1,18-09-2023,09:57:00,262.95,263.0,262.95,263.0,54000,86025376
TATAPOWER_F1,18-09-2023,09:58:00,263.1,263.35,263.05,263.15,43875,86025376
TATAPOWER_F1,18-09-2023,09:59:00,263.2,263.45,263.2,263.45,50625,86025376
TATAPOWER_F1,18-09-2023,10:00:00,263.5,263.65,263.5,263.65,23625,86005128
TATAPOWER_F1,18-09-2023,10:01:00,263.7,263.7,263.2,263.2,57375,86005128
TATAPOWER_F1,18-09-2023,10:02:00,263.25,263.45,263.2,263.45,43875,86022000
TATAPOWER_F1,18-09-2023,10:03:00,263.5,263.5,263.45,263.45,16875,86022000
TATAPOWER_F1,18-09-2023,10:04:00,263.4,263.45,263.4,263.4,10125,86022000
TATAPOWER_F1,18-09-2023,10:05:00,263.35,263.35,263.2,263.35,20250,86022000
TATAPOWER_F1,18-09-2023,10:06:00,263.4,263.4,263.3,263.4,16875,86032128
TATAPOWER_F1,18-09-2023,10:07:00,263.45,263.45,263.4,263.4,6750,86032128
TATAPOWER_F1,18-09-2023,10:08:00,263.4,263.45,263.4,263.45,20250,86032128
TATAPOWER_F1,18-09-2023,10:09:00,263.65,263.75,263.6,263.7,91125,86032128
TATAPOWER_F1,18-09-2023,10:10:00,263.75,263.75,263.7,263.7,23625,86032128
TATAPOWER_F1,18-09-2023,10:11:00,263.6,263.6,263.6,263.6,13500,86025376
TATAPOWER_F1,18-09-2023,10:12:00,263.6,263.6,263.55,263.55,27000,86025376
TATAPOWER_F1,18-09-2023,10:13:00,263.6,263.6,263.5,263.5,10125,86025376
TATAPOWER_F1,18-09-2023,10:14:00,263.4,263.4,263.35,263.35,20250,86055752
TATAPOWER_F1,18-09-2023,10:15:00,263.3,263.3,263.1,263.1,84375,86055752
TATAPOWER_F1,18-09-2023,10:16:00,263.15,263.15,263.05,263.05,47250,86055752
TATAPOWER_F1,18-09-2023,10:17:00,263.2,263.4,263.2,263.4,70875,86055752
TATAPOWER_F1,18-09-2023,10:18:00,263.4,263.45,263.4,263.45,70875,86143504
TATAPOWER_F1,18-09-2023,10:19:00,263.6,263.6,263.5,263.5,20250,86143504
TATAPOWER_F1,18-09-2023,10:20:00,263.7,263.7,263.6,263.6,10125,86160376
TATAPOWER_F1,18-09-2023,10:21:00,263.6,263.8,263.6,263.8,13500,86160376
TATAPOWER_F1,18-09-2023,10:22:00,263.85,263.9,263.85,263.9,10125,86160376
TATAPOWER_F1,18-09-2023,10:23:00,263.9,263.9,263.8,263.8,23625,86160376
TATAPOWER_F1,18-09-2023,10:24:00,263.85,264.1,263.7,263.75,178875,86163752
TATAPOWER_F1,18-09-2023,10:25:00,263.7,263.8,263.65,263.75,13500,86163752
TATAPOWER_F1,18-09-2023,10:26:00,263.7,263.7,263.7,263.7,3375,86163752
TATAPOWER_F1,18-09-2023,10:27:00,263.65,263.65,263.6,263.6,6750,86157000
TATAPOWER_F1,18-09-2023,10:28:00,263.45,263.75,263.45,263.6,16875,86157000
TATAPOWER_F1,18-09-2023,10:29:00,263.25,263.25,263.15,263.15,108000,86167128
TATAPOWER_F1,18-09-2023,10:30:00,263.2,263.45,263.2,263.45,50625,86167128
TATAPOWER_F1,18-09-2023,10:31:00,263.4,263.4,263.4,263.4,3375,86167128
TATAPOWER_F1,18-09-2023,10:32:00,263.6,263.6,263.45,263.55,27000,86153624
TATAPOWER_F1,18-09-2023,10:33:00,263.55,263.7,263.55,263.7,40500,86153624
TATAPOWER_F1,18-09-2023,10:34:00,263.95,264.35,263.95,264.25,50625,86153624
TATAPOWER_F1,18-09-2023,10:35:00,264.25,264.3,264.15,264.25,37125,86153624
TATAPOWER_F1,18-09-2023,10:36:00,264.1,264.1,264.1,264.1,10125,86089504
TATAPOWER_F1,18-09-2023,10:37:00,264.0,264.0,264.0,264.0,13500,86089504
TATAPOWER_F1,18-09-2023,10:38:00,264.1,264.1,263.9,263.9,20250,86096248
TATAPOWER_F1,18-09-2023,10:39:00,264.0,264.0,264.0,264.0,10125,86096248
TATAPOWER_F1,18-09-2023,10:40:00,263.95,264.1,263.9,264.1,10125,86096248
TATAPOWER_F1,18-09-2023,10:41:00,264.1,264.4,264.1,264.4,20250,86096248
TATAPOWER_F1,18-09-2023,10:42:00,264.3,264.3,264.15,264.15,20250,86096248
TATAPOWER_F1,18-09-2023,10:43:00,264.1,264.1,264.1,264.1,10125,86096248
TATAPOWER_F1,18-09-2023,10:44:00,264.1,264.15,264.1,264.15,6750,86096248
TATAPOWER_F1,18-09-2023,10:45:00,264.25,264.25,264.25,264.25,6750,86069248
TATAPOWER_F1,18-09-2023,10:46:00,264.25,264.3,264.25,264.3,10125,86069248
TATAPOWER_F1,18-09-2023,10:47:00,264.3,264.3,264.2,264.2,6750,86069248
TATAPOWER_F1,18-09-2023,10:48:00,264.2,264.4,264.2,264.4,37125,86065872
TATAPOWER_F1,18-09-2023,10:49:00,264.35,264.35,264.3,264.3,6750,86065872
TATAPOWER_F1,18-09-2023,10:50:00,264.3,264.4,264.3,264.4,6750,86069248
TATAPOWER_F1,18-09-2023,10:51:00,264.4,264.5,264.4,264.5,27000,86069248
TATAPOWER_F1,18-09-2023,10:52:00,264.6,264.7,264.6,264.6,50625,86069248
TATAPOWER_F1,18-09-2023,10:53:00,264.4,264.65,264.35,264.65,33750,86069248
TATAPOWER_F1,18-09-2023,10:54:00,264.65,264.8,264.65,264.8,57375,86082752
TATAPOWER_F1,18-09-2023,10:55:00,264.8,264.8,264.8,264.8,16875,86082752
TATAPOWER_F1,18-09-2023,10:56:00,264.9,264.95,264.8,264.8,27000,86082752
TATAPOWER_F1,18-09-2023,10:57:00,264.75,264.8,264.75,264.8,20250,86082752
TATAPOWER_F1,18-09-2023,10:58:00,264.9,265.9,264.9,265.9,610875,86082752
TATAPOWER_F1,18-09-2023,10:59:00,265.9,265.95,265.6,265.65,283500,85934248
TATAPOWER_F1,18-09-2023,11:00:00,265.55,265.75,265.5,265.75,104625,85934248
TATAPOWER_F1,18-09-2023,11:01:00,265.9,266.15,265.65,265.65,283500,85934248
TATAPOWER_F1,18-09-2023,11:02:00,265.85,265.9,265.55,265.65,74250,85961248
TATAPOWER_F1,18-09-2023,11:03:00,265.65,265.65,265.4,265.5,33750,85961248
TATAPOWER_F1,18-09-2023,11:04:00,265.45,265.45,265.4,265.4,23625,85961248
TATAPOWER_F1,18-09-2023,11:05:00,265.35,265.35,265.05,265.05,30375,85961248
TATAPOWER_F1,18-09-2023,11:06:00,265.1,265.2,264.85,264.9,37125,85964624
TATAPOWER_F1,18-09-2023,11:07:00,264.8,265.1,264.8,265.1,30375,85964624
TATAPOWER_F1,18-09-2023,11:08:00,264.9,265.05,264.9,265.05,54000,85991624
TATAPOWER_F1,18-09-2023,11:09:00,265.1,265.1,265.1,265.1,6750,85991624
TATAPOWER_F1,18-09-2023,11:10:00,265.1,265.1,264.95,264.95,13500,85991624
TATAPOWER_F1,18-09-2023,11:11:00,265.0,265.05,264.95,264.95,40500,86018624
TATAPOWER_F1,18-09-2023,11:12:00,264.9,264.95,264.9,264.95,6750,86018624
TATAPOWER_F1,18-09-2023,11:13:00,264.95,264.95,264.85,264.85,23625,86018624
TATAPOWER_F1,18-09-2023,11:14:00,264.8,264.8,264.7,264.7,13500,86022000
TATAPOWER_F1,18-09-2023,11:15:00,264.8,264.8,264.55,264.55,13500,86022000
TATAPOWER_F1,18-09-2023,11:16:00,264.5,264.5,264.5,264.5,10125,86022000
TATAPOWER_F1,18-09-2023,11:17:00,264.7,264.8,264.7,264.8,6750,86022000
TATAPOWER_F1,18-09-2023,11:18:00,265.0,265.0,265.0,265.0,6750,86038872
TATAPOWER_F1,18-09-2023,11:19:00,265.15,265.15,265.15,265.15,30375,86038872
TATAPOWER_F1,18-09-2023,11:20:00,265.2,265.2,265.05,265.05,47250,86045624
TATAPOWER_F1,18-09-2023,11:21:00,265.05,265.05,265.05,265.05,40500,86045624
TATAPOWER_F1,18-09-2023,11:22:00,264.85,264.9,264.8,264.85,16875,86045624
TATAPOWER_F1,18-09-2023,11:24:00,264.95,264.95,264.95,264.95,3375,86038872
TATAPOWER_F1,18-09-2023,11:25:00,265.2,265.2,264.9,264.9,16875,86038872
TATAPOWER_F1,18-09-2023,11:26:00,265.05,265.15,265.0,265.0,43875,86032128
TATAPOWER_F1,18-09-2023,11:27:00,265.05,265.05,265.05,265.05,3375,86032128
TATAPOWER_F1,18-09-2023,11:28:00,264.9,264.9,264.8,264.8,16875,86032128
TATAPOWER_F1,18-09-2023,11:29:00,264.85,264.85,264.85,264.85,27000,86032128
TATAPOWER_F1,18-09-2023,11:30:00,264.85,264.85,264.75,264.75,6750,86055752
TATAPOWER_F1,18-09-2023,11:31:00,264.7,264.7,264.7,264.7,3375,86055752
TATAPOWER_F1,18-09-2023,11:32:00,264.85,264.85,264.85,264.85,3375,86059128
TATAPOWER_F1,18-09-2023,11:33:00,264.7,264.7,264.7,264.7,6750,86059128
TATAPOWER_F1,18-09-2023,11:34:00,264.85,264.85,264.85,264.85,10125,86059128
TATAPOWER_F1,18-09-2023,11:35:00,264.95,264.95,264.95,264.95,6750,86059128
TATAPOWER_F1,18-09-2023,11:36:00,265.05,265.1,264.95,264.95,16875,86045624
TATAPOWER_F1,18-09-2023,11:37:00,265.0,265.25,265.0,265.25,20250,86045624
TATAPOWER_F1,18-09-2023,11:38:00,265.35,265.35,265.3,265.3,6750,86045624
TATAPOWER_F1,18-09-2023,11:39:00,265.2,265.2,265.0,265.0,33750,86062496
TATAPOWER_F1,18-09-2023,11:40:00,265.15,265.15,265.0,265.15,16875,86062496
TATAPOWER_F1,18-09-2023,11:41:00,265.0,265.0,264.9,264.9,6750,86062496
TATAPOWER_F1,18-09-2023,11:42:00,264.9,264.9,264.9,264.9,10125,86079376
TATAPOWER_F1,18-09-2023,11:43:00,264.85,264.95,264.85,264.95,6750,86079376
TATAPOWER_F1,18-09-2023,11:44:00,264.9,264.9,264.75,264.75,27000,86082752
TATAPOWER_F1,18-09-2023,11:45:00,264.65,264.8,264.65,264.75,23625,86082752
TATAPOWER_F1,18-09-2023,11:46:00,264.75,264.85,264.75,264.85,16875,86082752
TATAPOWER_F1,18-09-2023,11:47:00,264.95,265.05,264.95,265.05,13500,86082752
TATAPOWER_F1,18-09-2023,11:48:00,265.3,265.4,265.2,265.4,27000,86092872
TATAPOWER_F1,18-09-2023,11:49:00,265.45,265.45,265.3,265.35,20250,86092872
TATAPOWER_F1,18-09-2023,11:51:00,265.35,265.4,265.25,265.25,13500,86103000
TATAPOWER_F1,18-09-2023,11:52:00,265.35,265.35,265.35,265.35,3375,86103000
TATAPOWER_F1,18-09-2023,11:53:00,265.3,265.4,265.3,265.4,10125,86103000
TATAPOWER_F1,18-09-2023,11:54:00,265.35,265.35,265.05,265.2,27000,86116496
TATAPOWER_F1,18-09-2023,11:55:00,265.3,265.3,265.25,265.25,16875,86116496
TATAPOWER_F1,18-09-2023,11:56:00,265.35,265.35,265.35,265.35,6750,86116496
TATAPOWER_F1,18-09-2023,11:57:00,265.4,265.5,265.4,265.5,16875,86116496
TATAPOWER_F1,18-09-2023,11:58:00,265.5,265.55,265.5,265.55,37125,86143504
TATAPOWER_F1,18-09-2023,11:59:00,265.55,265.6,265.55,265.6,6750,86143504
TATAPOWER_F1,18-09-2023,12:00:00,265.55,265.6,265.45,265.5,30375,86157000
TATAPOWER_F1,18-09-2023,12:01:00,265.5,265.6,265.45,265.6,30375,86157000
TATAPOWER_F1,18-09-2023,12:02:00,265.6,265.6,265.55,265.55,13500,86143504
TATAPOWER_F1,18-09-2023,12:03:00,265.45,265.6,265.45,265.6,16875,86143504
TATAPOWER_F1,18-09-2023,12:04:00,265.6,265.9,265.45,265.9,67500,86143504
TATAPOWER_F1,18-09-2023,12:05:00,265.8,265.8,265.8,265.8,16875,86143504
TATAPOWER_F1,18-09-2023,12:06:00,265.8,265.9,265.75,265.9,43875,86143504
TATAPOWER_F1,18-09-2023,12:07:00,265.8,266.2,265.8,266.15,141750,86143504
TATAPOWER_F1,18-09-2023,12:08:00,266.15,266.2,265.85,266.1,47250,86143504
TATAPOWER_F1,18-09-2023,12:09:00,266.1,266.1,265.8,265.8,60750,86116496
TATAPOWER_F1,18-09-2023,12:10:00,265.65,265.65,265.65,265.65,3375,86116496
TATAPOWER_F1,18-09-2023,12:11:00,265.65,265.65,265.4,265.4,13500,86116496
TATAPOWER_F1,18-09-2023,12:12:00,265.45,265.45,265.35,265.35,10125,86146872
TATAPOWER_F1,18-09-2023,12:13:00,265.35,265.35,265.35,265.35,23625,86146872
TATAPOWER_F1,18-09-2023,12:14:00,265.2,265.25,265.1,265.2,37125,86146872
TATAPOWER_F1,18-09-2023,12:15:00,265.2,265.25,265.0,265.0,64125,86150248
TATAPOWER_F1,18-09-2023,12:16:00,265.0,265.0,264.55,264.55,33750,86150248
TATAPOWER_F1,18-09-2023,12:17:00,264.65,264.95,264.6,264.95,20250,86150248
TATAPOWER_F1,18-09-2023,12:18:00,264.95,265.35,264.95,265.35,30375,86157000
TATAPOWER_F1,18-09-2023,12:19:00,265.55,265.55,265.35,265.5,30375,86157000
TATAPOWER_F1,18-09-2023,12:20:00,265.3,265.3,265.3,265.3,3375,86157000
TATAPOWER_F1,18-09-2023,12:22:00,265.45,265.5,265.45,265.5,16875,86160376
TATAPOWER_F1,18-09-2023,12:23:00,265.55,265.55,265.55,265.55,6750,86160376
TATAPOWER_F1,18-09-2023,12:24:00,265.6,265.6,265.5,265.6,16875,86160376
TATAPOWER_F1,18-09-2023,12:25:00,265.7,265.7,265.55,265.6,13500,86160376
TATAPOWER_F1,18-09-2023,12:26:00,265.5,265.5,265.35,265.35,13500,86160376
TATAPOWER_F1,18-09-2023,12:27:00,265.5,265.6,265.5,265.6,10125,86163752
TATAPOWER_F1,18-09-2023,12:28:00,265.7,265.7,265.65,265.65,13500,86163752
TATAPOWER_F1,18-09-2023,12:29:00,265.75,265.85,265.75,265.75,16875,86163752
TATAPOWER_F1,18-09-2023,12:30:00,265.8,265.9,265.8,265.9,13500,86170496
TATAPOWER_F1,18-09-2023,12:31:00,265.9,266.0,265.9,265.95,23625,86170496
TATAPOWER_F1,18-09-2023,12:32:00,265.9,266.0,265.8,266.0,37125,86170496
TATAPOWER_F1,18-09-2023,12:33:00,266.05,266.3,266.0,266.0,131625,86173872
TATAPOWER_F1,18-09-2023,12:34:00,266.0,266.0,265.9,265.9,10125,86173872
TATAPOWER_F1,18-09-2023,12:35:00,265.9,266.0,265.9,266.0,16875,86173872
TATAPOWER_F1,18-09-2023,12:36:00,266.0,266.0,266.0,266.0,3375,86150248
TATAPOWER_F1,18-09-2023,12:37:00,265.95,265.95,265.95,265.95,3375,86150248
TATAPOWER_F1,18-09-2023,12:38:00,266.0,266.0,265.7,265.8,43875,86150248
TATAPOWER_F1,18-09-2023,12:39:00,265.8,266.0,265.8,265.95,40500,86143504
TATAPOWER_F1,18-09-2023,12:40:00,265.95,266.0,265.95,266.0,37125,86143504
TATAPOWER_F1,18-09-2023,12:42:00,265.8,266.0,265.8,266.0,37125,86163752
TATAPOWER_F1,18-09-2023,12:43:00,265.8,265.95,265.8,265.95,13500,86163752
TATAPOWER_F1,18-09-2023,12:44:00,265.85,265.85,265.85,265.85,3375,86163752
TATAPOWER_F1,18-09-2023,12:45:00,265.8,265.9,265.75,265.9,10125,86170496
TATAPOWER_F1,18-09-2023,12:46:00,265.85,265.85,265.7,265.85,16875,86170496
TATAPOWER_F1,18-09-2023,12:47:00,265.7,265.7,265.65,265.65,13500,86170496
TATAPOWER_F1,18-09-2023,12:48:00,265.65,265.75,265.65,265.75,13500,86170496
TATAPOWER_F1,18-09-2023,12:49:00,265.7,265.75,265.7,265.75,13500,86170496
TATAPOWER_F1,18-09-2023,12:50:00,265.65,265.65,265.65,265.65,3375,86170496
TATAPOWER_F1,18-09-2023,12:51:00,265.8,265.8,265.7,265.7,6750,86173872
TATAPOWER_F1,18-09-2023,12:52:00,265.65,265.65,265.6,265.6,6750,86173872
TATAPOWER_F1,18-09-2023,12:53:00,265.65,265.8,265.6,265.8,40500,86173872
TATAPOWER_F1,18-09-2023,12:54:00,265.75,265.85,265.75,265.75,23625,86184000
TATAPOWER_F1,18-09-2023,12:56:00,265.7,265.95,265.7,265.75,27000,86184000
TATAPOWER_F1,18-09-2023,12:57:00,265.65,265.65,265.65,265.65,6750,86194128
TATAPOWER_F1,18-09-2023,12:58:00,265.75,265.9,265.75,265.8,43875,86194128
TATAPOWER_F1,18-09-2023,12:59:00,265.75,265.75,265.65,265.65,10125,86194128
TATAPOWER_F1,18-09-2023,13:00:00,265.7,265.7,265.7,265.7,10125,86163752
TATAPOWER_F1,18-09-2023,13:01:00,265.85,265.85,265.7,265.7,10125,86163752
TATAPOWER_F1,18-09-2023,13:03:00,265.75,265.9,265.75,265.85,23625,86170496
TATAPOWER_F1,18-09-2023,13:04:00,265.9,265.9,265.7,265.7,20250,86170496
TATAPOWER_F1,18-09-2023,13:05:00,265.75,265.75,265.75,265.75,6750,86170496
TATAPOWER_F1,18-09-2023,13:06:00,265.8,265.9,265.75,265.9,10125,86163752
TATAPOWER_F1,18-09-2023,13:07:00,265.9,265.9,265.9,265.9,3375,86163752
TATAPOWER_F1,18-09-2023,13:08:00,266.15,266.6,266.15,266.6,394875,86163752
TATAPOWER_F1,18-09-2023,13:09:00,266.5,266.8,266.3,266.3,273375,86022000
TATAPOWER_F1,18-09-2023,13:10:00,266.4,266.85,266.3,266.85,138375,86022000
TATAPOWER_F1,18-09-2023,13:11:00,266.9,267.0,266.5,266.7,293625,86022000
TATAPOWER_F1,18-09-2023,13:12:00,266.7,266.8,266.35,266.4,47250,86082752
TATAPOWER_F1,18-09-2023,13:13:00,266.4,266.4,266.05,266.2,70875,86082752
TATAPOWER_F1,18-09-2023,13:14:00,266.2,266.2,265.85,266.0,84375,86082752
TATAPOWER_F1,18-09-2023,13:15:00,266.15,266.3,266.15,266.25,27000,86113128
TATAPOWER_F1,18-09-2023,13:16:00,266.3,266.4,266.3,266.4,47250,86113128
TATAPOWER_F1,18-09-2023,13:17:00,266.25,266.25,266.15,266.2,64125,86113128
TATAPOWER_F1,18-09-2023,13:18:00,266.15,266.25,266.0,266.25,60750,86136752
TATAPOWER_F1,18-09-2023,13:19:00,266.15,266.2,266.1,266.2,20250,86136752
TATAPOWER_F1,18-09-2023,13:20:00,266.25,266.3,266.25,266.3,10125,86136752
TATAPOWER_F1,18-09-2023,13:21:00,266.3,266.35,266.25,266.25,27000,86126624
TATAPOWER_F1,18-09-2023,13:22:00,266.25,266.4,266.25,266.25,40500,86126624
TATAPOWER_F1,18-09-2023,13:23:00,266.15,266.15,266.15,266.15,6750,86126624
TATAPOWER_F1,18-09-2023,13:24:00,266.15,266.25,266.1,266.2,54000,86133376
TATAPOWER_F1,18-09-2023,13:25:00,266.1,266.1,266.1,266.1,10125,86133376
TATAPOWER_F1,18-09-2023,13:26:00,266.05,266.05,266.0,266.0,47250,86133376
TATAPOWER_F1,18-09-2023,13:27:00,265.9,266.05,265.9,266.05,6750,86116496
TATAPOWER_F1,18-09-2023,13:28:00,266.1,266.1,266.0,266.0,13500,86116496
TATAPOWER_F1,18-09-2023,13:29:00,266.05,266.05,266.0,266.0,6750,86116496
TATAPOWER_F1,18-09-2023,13:30:00,266.0,266.0,265.9,265.9,13500,86113128
TATAPOWER_F1,18-09-2023,13:31:00,265.75,265.75,265.6,265.6,37125,86113128
TATAPOWER_F1,18-09-2023,13:32:00,265.5,265.65,265.35,265.65,87750,86113128
TATAPOWER_F1,18-09-2023,13:33:00,265.65,265.75,265.65,265.75,6750,86062496
TATAPOWER_F1,18-09-2023,13:34:00,265.75,265.75,265.75,265.75,3375,86062496
TATAPOWER_F1,18-09-2023,13:35:00,265.65,265.75,265.6,265.6,23625,86062496
TATAPOWER_F1,18-09-2023,13:36:00,265.7,265.7,265.7,265.7,3375,86055752
TATAPOWER_F1,18-09-2023,13:37:00,265.7,265.7,265.6,265.7,10125,86055752
TATAPOWER_F1,18-09-2023,13:38:00,265.6,265.6,265.5,265.5,33750,86055752
TATAPOWER_F1,18-09-2023,13:39:00,265.55,265.55,265.35,265.35,54000,86055752
TATAPOWER_F1,18-09-2023,13:40:00,265.35,265.35,265.25,265.25,16875,86055752
TATAPOWER_F1,18-09-2023,13:41:00,265.1,265.65,265.1,265.65,97875,86055752
TATAPOWER_F1,18-09-2023,13:42:00,265.65,265.65,265.65,265.65,10125,86052376
TATAPOWER_F1,18-09-2023,13:43:00,265.65,265.7,265.6,265.7,10125,86052376
TATAPOWER_F1,18-09-2023,13:44:00,265.5,265.6,265.5,265.6,37125,86052376
TATAPOWER_F1,18-09-2023,13:45:00,265.6,265.75,265.6,265.75,33750,86052376
TATAPOWER_F1,18-09-2023,13:46:00,265.55,265.55,265.55,265.55,13500,86001752
TATAPOWER_F1,18-09-2023,13:47:00,265.5,265.5,265.5,265.5,6750,86001752
TATAPOWER_F1,18-09-2023,13:48:00,265.4,265.45,265.15,265.35,40500,86022000
TATAPOWER_F1,18-09-2023,13:49:00,265.15,265.25,265.15,265.25,10125,86022000
TATAPOWER_F1,18-09-2023,13:50:00,265.15,265.15,265.15,265.15,6750,86022000
TATAPOWER_F1,18-09-2023,13:51:00,265.1,265.25,265.1,265.25,16875,86055752
TATAPOWER_F1,18-09-2023,13:52:00,265.25,265.35,265.25,265.35,6750,86055752
TATAPOWER_F1,18-09-2023,13:53:00,265.1,265.1,265.1,265.1,20250,86055752
TATAPOWER_F1,18-09-2023,13:55:00,265.1,265.1,265.1,265.1,3375,86028752
TATAPOWER_F1,18-09-2023,13:56:00,264.95,265.0,264.9,264.95,124875,86028752
TATAPOWER_F1,18-09-2023,13:57:00,264.8,265.05,264.8,265.05,84375,85978128
TATAPOWER_F1,18-09-2023,13:58:00,265.1,265.1,264.95,265.0,40500,85978128
TATAPOWER_F1,18-09-2023,13:59:00,265.1,265.25,264.95,265.25,60750,85978128
TATAPOWER_F1,18-09-2023,14:00:00,265.05,265.05,265.05,265.05,10125,86038872
TATAPOWER_F1,18-09-2023,14:01:00,265.0,265.15,265.0,265.1,20250,86038872
TATAPOWER_F1,18-09-2023,14:02:00,265.2,265.2,265.2,265.2,6750,86038872
TATAPOWER_F1,18-09-2023,14:03:00,265.2,265.4,265.2,265.4,20250,86038872
TATAPOWER_F1,18-09-2023,14:04:00,265.2,265.45,265.2,265.45,6750,86038872
TATAPOWER_F1,18-09-2023,14:05:00,265.4,265.45,265.4,265.45,10125,86038872
TATAPOWER_F1,18-09-2023,14:06:00,265.3,265.3,265.25,265.3,13500,86038872
TATAPOWER_F1,18-09-2023,14:08:00,265.3,265.3,265.3,265.3,3375,86038872
TATAPOWER_F1,18-09-2023,14:09:00,265.55,265.6,265.5,265.5,13500,86042248
TATAPOWER_F1,18-09-2023,14:10:00,265.55,265.55,265.45,265.5,20250,86042248
TATAPOWER_F1,18-09-2023,14:11:00,265.3,265.5,265.3,265.5,30375,86042248
TATAPOWER_F1,18-09-2023,14:12:00,265.3,265.4,265.3,265.4,16875,86049000
TATAPOWER_F1,18-09-2023,14:13:00,265.4,265.5,265.35,265.35,10125,86049000
TATAPOWER_F1,18-09-2023,14:14:00,265.45,265.45,265.35,265.35,10125,86049000
TATAPOWER_F1,18-09-2023,14:15:00,265.4,265.4,265.4,265.4,6750,85843128
TATAPOWER_F1,18-09-2023,14:16:00,265.35,265.45,265.35,265.45,6750,85843128
TATAPOWER_F1,18-09-2023,14:17:00,265.35,265.4,265.35,265.4,10125,85843128
TATAPOWER_F1,18-09-2023,14:18:00,265.45,265.45,265.45,265.45,3375,85843128
TATAPOWER_F1,18-09-2023,14:19:00,265.5,265.5,265.35,265.35,13500,85836376
TATAPOWER_F1,18-09-2023,14:20:00,265.55,265.7,265.55,265.7,23625,85836376
TATAPOWER_F1,18-09-2023,14:21:00,265.75,265.8,265.75,265.8,16875,85836376
TATAPOWER_F1,18-09-2023,14:22:00,265.75,265.8,265.5,265.5,97875,85836376
TATAPOWER_F1,18-09-2023,14:23:00,265.5,265.9,265.5,265.75,64125,85836376
TATAPOWER_F1,18-09-2023,14:24:00,265.85,266.1,265.85,266.1,70875,85795872
TATAPOWER_F1,18-09-2023,14:25:00,266.0,266.0,265.8,265.8,13500,85795872
TATAPOWER_F1,18-09-2023,14:26:00,265.75,265.75,265.75,265.75,6750,85795872
TATAPOWER_F1,18-09-2023,14:27:00,265.95,265.95,265.95,265.95,3375,85806000
TATAPOWER_F1,18-09-2023,14:28:00,265.9,265.9,265.85,265.85,13500,85806000
TATAPOWER_F1,18-09-2023,14:29:00,265.85,265.95,265.85,265.95,30375,85806000
TATAPOWER_F1,18-09-2023,14:30:00,265.95,265.95,265.9,265.9,6750,85806000
TATAPOWER_F1,18-09-2023,14:31:00,265.9,265.95,265.85,265.9,20250,85799248
TATAPOWER_F1,18-09-2023,14:32:00,265.95,266.1,265.95,266.1,43875,85799248
TATAPOWER_F1,18-09-2023,14:33:00,266.0,266.15,265.95,266.15,50625,85806000
TATAPOWER_F1,18-09-2023,14:34:00,266.15,266.25,266.15,266.25,54000,85806000
TATAPOWER_F1,18-09-2023,14:35:00,266.25,266.35,266.25,266.35,23625,85806000
TATAPOWER_F1,18-09-2023,14:36:00,266.3,266.35,266.15,266.15,30375,85809376
TATAPOWER_F1,18-09-2023,14:37:00,266.15,266.25,266.0,266.25,70875,85809376
TATAPOWER_F1,18-09-2023,14:38:00,266.0,266.0,265.95,265.95,23625,85809376
TATAPOWER_F1,18-09-2023,14:39:00,266.0,266.0,265.9,265.9,6750,85809376
TATAPOWER_F1,18-09-2023,14:40:00,266.05,266.25,266.05,266.25,23625,85819504
TATAPOWER_F1,18-09-2023,14:41:00,266.25,266.25,266.2,266.25,13500,85819504
TATAPOWER_F1,18-09-2023,14:42:00,266.1,266.25,266.1,266.25,16875,85816128
TATAPOWER_F1,18-09-2023,14:43:00,266.15,266.15,266.1,266.1,27000,85816128
TATAPOWER_F1,18-09-2023,14:44:00,266.0,266.0,265.95,265.95,6750,85816128
TATAPOWER_F1,18-09-2023,14:45:00,265.85,266.0,265.85,266.0,16875,85819504
TATAPOWER_F1,18-09-2023,14:46:00,266.05,266.05,265.95,265.95,6750,85819504
TATAPOWER_F1,18-09-2023,14:47:00,266.05,266.15,265.95,266.15,37125,85819504
TATAPOWER_F1,18-09-2023,14:48:00,266.25,266.25,266.15,266.25,33750,85822872
TATAPOWER_F1,18-09-2023,14:49:00,266.25,266.25,266.25,266.25,3375,85822872
TATAPOWER_F1,18-09-2023,14:50:00,266.25,266.3,266.25,266.3,10125,85822872
TATAPOWER_F1,18-09-2023,14:51:00,266.25,266.25,266.25,266.25,3375,85822872
TATAPOWER_F1,18-09-2023,14:52:00,266.3,266.3,266.25,266.25,165375,85836376
TATAPOWER_F1,18-09-2023,14:53:00,266.4,266.5,266.1,266.1,317250,85836376
TATAPOWER_F1,18-09-2023,14:54:00,266.2,266.2,265.75,265.75,33750,85849872
TATAPOWER_F1,18-09-2023,14:55:00,265.7,265.75,265.5,265.5,108000,85849872
TATAPOWER_F1,18-09-2023,14:56:00,265.6,265.6,265.5,265.6,27000,85849872
TATAPOWER_F1,18-09-2023,14:57:00,265.7,265.85,265.6,265.6,20250,85846496
TATAPOWER_F1,18-09-2023,14:58:00,265.55,265.55,265.3,265.45,121500,85846496
TATAPOWER_F1,18-09-2023,14:59:00,265.3,265.5,265.3,265.45,40500,85846496
TATAPOWER_F1,18-09-2023,15:00:00,265.5,265.9,265.45,265.6,84375,85849872
TATAPOWER_F1,18-09-2023,15:01:00,265.65,265.9,265.65,265.9,16875,85849872
TATAPOWER_F1,18-09-2023,15:02:00,265.9,265.95,265.7,265.7,27000,85849872
TATAPOWER_F1,18-09-2023,15:03:00,265.75,265.8,265.65,265.8,37125,85880248
TATAPOWER_F1,18-09-2023,15:04:00,265.8,265.85,265.8,265.8,10125,85880248
TATAPOWER_F1,18-09-2023,15:05:00,265.75,266.05,265.7,266.05,94500,85880248
TATAPOWER_F1,18-09-2023,15:06:00,265.9,265.9,265.55,265.55,182250,85893752
TATAPOWER_F1,18-09-2023,15:07:00,265.5,265.55,265.2,265.4,141750,85893752
TATAPOWER_F1,18-09-2023,15:08:00,265.5,265.7,265.4,265.7,33750,85893752
TATAPOWER_F1,18-09-2023,15:09:00,265.7,265.8,265.7,265.8,30375,85984872
TATAPOWER_F1,18-09-2023,15:10:00,265.85,265.85,265.8,265.8,40500,85984872
TATAPOWER_F1,18-09-2023,15:11:00,265.8,265.8,265.8,265.8,47250,85984872
TATAPOWER_F1,18-09-2023,15:12:00,265.65,265.65,265.45,265.55,121500,86001752
TATAPOWER_F1,18-09-2023,15:13:00,265.6,265.6,265.4,265.45,74250,86001752
TATAPOWER_F1,18-09-2023,15:14:00,265.45,265.45,265.3,265.35,37125,86001752
TATAPOWER_F1,18-09-2023,15:15:00,265.35,265.35,265.25,265.35,50625,86045624
TATAPOWER_F1,18-09-2023,15:16:00,265.65,265.75,265.55,265.7,155250,86045624
TATAPOWER_F1,18-09-2023,15:17:00,265.65,265.75,265.55,265.6,81000,86045624
TATAPOWER_F1,18-09-2023,15:18:00,265.7,265.75,265.35,265.4,97875,86116496
TATAPOWER_F1,18-09-2023,15:19:00,265.4,265.6,265.4,265.5,47250,86116496
TATAPOWER_F1,18-09-2023,15:20:00,265.6,265.65,265.45,265.55,54000,86116496
TATAPOWER_F1,18-09-2023,15:21:00,265.55,265.6,265.5,265.5,47250,86126624
TATAPOWER_F1,18-09-2023,15:22:00,265.4,265.4,265.35,265.35,50625,86126624
TATAPOWER_F1,18-09-2023,15:23:00,265.45,265.45,265.35,265.4,64125,86126624
TATAPOWER_F1,18-09-2023,15:24:00,265.35,265.45,265.3,265.35,155250,86126624
TATAPOWER_F1,18-09-2023,15:25:00,265.55,265.55,265.3,265.45,97875,86126624
TATAPOWER_F1,18-09-2023,15:26:00,265.45,265.55,265.45,265.55,74250,86126624
TATAPOWER_F1,18-09-2023,15:27:00,265.55,265.6,265.45,265.45,114750,86119872
TATAPOWER_F1,18-09-2023,15:28:00,265.75,265.8,265.75,265.8,290250,86119872
TATAPOWER_F1,18-09-2023,15:29:00,265.8,265.85,265.65,265.8,145125,86119872
TATAPOWER_F1,20-09-2023,09:15:00,265.65,265.65,262.3,262.35,361127,84007128
TATAPOWER_F1,20-09-2023,09:16:00,262.6,262.6,261.65,262.3,226125,84007128
TATAPOWER_F1,20-09-2023,09:17:00,262.55,263.6,262.55,263.4,209250,84024000
TATAPOWER_F1,20-09-2023,09:18:00,263.35,264.7,263.35,264.7,135000,84024000
TATAPOWER_F1,20-09-2023,09:19:00,264.8,265.0,264.35,264.9,189000,84024000
TATAPOWER_F1,20-09-2023,09:20:00,264.7,265.05,264.55,264.7,216000,83963248
TATAPOWER_F1,20-09-2023,09:21:00,264.95,265.6,264.95,265.45,182250,83963248
TATAPOWER_F1,20-09-2023,09:22:00,265.45,265.9,265.45,265.75,253125,83963248
TATAPOWER_F1,20-09-2023,09:23:00,265.6,265.65,265.3,265.4,91125,83882248
TATAPOWER_F1,20-09-2023,09:24:00,265.5,265.7,265.35,265.7,81000,83882248
TATAPOWER_F1,20-09-2023,09:25:00,265.7,265.7,265.25,265.5,40500,83882248
TATAPOWER_F1,20-09-2023,09:26:00,265.75,265.75,265.5,265.7,77625,83895752
TATAPOWER_F1,20-09-2023,09:27:00,265.65,266.4,265.6,266.25,232875,83895752
TATAPOWER_F1,20-09-2023,09:28:00,266.25,266.45,265.75,266.45,162000,83895752
TATAPOWER_F1,20-09-2023,09:29:00,266.55,266.65,266.2,266.65,175500,83818128
TATAPOWER_F1,20-09-2023,09:30:00,266.65,267.2,266.65,266.9,307125,83818128
TATAPOWER_F1,20-09-2023,09:31:00,266.8,266.9,266.6,266.7,124875,83818128
TATAPOWER_F1,20-09-2023,09:32:00,266.6,266.6,265.95,266.0,97875,83689872
TATAPOWER_F1,20-09-2023,09:33:00,265.8,265.9,265.65,265.75,67500,83689872
TATAPOWER_F1,20-09-2023,09:34:00,265.7,265.7,265.45,265.5,43875,83689872
TATAPOWER_F1,20-09-2023,09:35:00,265.6,265.75,265.6,265.75,13500,83689872
TATAPOWER_F1,20-09-2023,09:36:00,265.85,266.1,265.85,266.0,47250,83649376
TATAPOWER_F1,20-09-2023,09:37:00,266.0,266.2,265.75,265.85,168750,83649376
TATAPOWER_F1,20-09-2023,09:38:00,265.7,265.85,265.15,265.45,77625,83639248
TATAPOWER_F1,20-09-2023,09:39:00,265.5,265.75,265.5,265.75,23625,83639248
TATAPOWER_F1,20-09-2023,09:40:00,265.65,265.8,265.6,265.8,30375,83639248
TATAPOWER_F1,20-09-2023,09:41:00,265.8,265.8,265.4,265.4,67500,83608872
TATAPOWER_F1,20-09-2023,09:42:00,265.4,265.4,264.9,264.9,97875,83608872
TATAPOWER_F1,20-09-2023,09:43:00,265.05,265.1,264.35,264.5,94500,83608872
TATAPOWER_F1,20-09-2023,09:44:00,264.35,264.65,264.35,264.55,30375,83504248
TATAPOWER_F1,20-09-2023,09:45:00,264.5,264.5,264.3,264.45,54000,83504248
TATAPOWER_F1,20-09-2023,09:46:00,264.4,264.4,264.3,264.3,50625,83504248
TATAPOWER_F1,20-09-2023,09:47:00,264.2,264.7,264.05,264.65,111375,83531248
TATAPOWER_F1,20-09-2023,09:48:00,264.45,264.45,263.9,264.05,108000,83531248
TATAPOWER_F1,20-09-2023,09:49:00,264.35,264.45,264.35,264.35,43875,83531248
TATAPOWER_F1,20-09-2023,09:50:00,264.25,264.55,264.1,264.55,57375,83541376
TATAPOWER_F1,20-09-2023,09:51:00,264.45,264.6,264.3,264.6,23625,83541376
TATAPOWER_F1,20-09-2023,09:52:00,264.6,264.85,264.6,264.85,114750,83541376
TATAPOWER_F1,20-09-2023,09:53:00,264.7,264.7,264.7,264.7,3375,83521128
TATAPOWER_F1,20-09-2023,09:54:00,264.5,264.5,264.25,264.3,37125,83521128
TATAPOWER_F1,20-09-2023,09:55:00,264.3,264.3,264.3,264.3,10125,83521128
TATAPOWER_F1,20-09-2023,09:56:00,264.4,264.4,264.3,264.3,104625,83538000
TATAPOWER_F1,20-09-2023,09:57:00,264.3,264.4,264.25,264.4,13500,83538000
TATAPOWER_F1,20-09-2023,09:58:00,264.2,264.2,264.15,264.15,20250,83538000
TATAPOWER_F1,20-09-2023,09:59:00,264.1,264.1,263.95,263.95,27000,83494128
TATAPOWER_F1,20-09-2023,10:00:00,264.0,264.15,263.7,263.8,219375,83494128
TATAPOWER_F1,20-09-2023,10:01:00,263.8,263.8,263.25,263.25,121500,83494128
TATAPOWER_F1,20-09-2023,10:02:00,263.35,263.35,263.15,263.15,175500,83500872
TATAPOWER_F1,20-09-2023,10:03:00,262.85,263.1,262.85,263.1,216000,83500872
TATAPOWER_F1,20-09-2023,10:04:00,262.95,263.6,262.85,263.6,189000,83500872
TATAPOWER_F1,20-09-2023,10:05:00,263.6,263.6,263.35,263.55,60750,83480624
TATAPOWER_F1,20-09-2023,10:06:00,263.45,263.7,263.4,263.55,81000,83480624
TATAPOWER_F1,20-09-2023,10:07:00,263.5,263.5,263.5,263.5,6750,83480624
TATAPOWER_F1,20-09-2023,10:08:00,263.55,263.55,263.5,263.55,23625,83484000
TATAPOWER_F1,20-09-2023,10:09:00,263.4,263.65,263.4,263.65,6750,83484000
TATAPOWER_F1,20-09-2023,10:10:00,263.7,264.1,263.7,264.05,212625,83484000
TATAPOWER_F1,20-09-2023,10:11:00,264.05,264.1,263.85,264.0,20250,83484000
TATAPOWER_F1,20-09-2023,10:12:00,263.95,263.95,263.85,263.9,23625,83430000
TATAPOWER_F1,20-09-2023,10:13:00,264.15,264.3,264.15,264.15,128250,83430000
TATAPOWER_F1,20-09-2023,10:14:00,264.15,264.15,264.0,264.0,30375,83430000
TATAPOWER_F1,20-09-2023,10:15:00,263.9,263.95,263.75,263.85,57375,83470496
TATAPOWER_F1,20-09-2023,10:16:00,264.1,264.2,264.0,264.0,141750,83470496
TATAPOWER_F1,20-09-2023,10:17:00,264.0,264.0,263.9,263.9,23625,83463752
TATAPOWER_F1,20-09-2023,10:18:00,263.85,263.85,263.6,263.6,23625,83463752
TATAPOWER_F1,20-09-2023,10:19:00,263.7,263.75,263.7,263.75,6750,83463752
TATAPOWER_F1,20-09-2023,10:20:00,263.8,263.8,263.7,263.7,10125,83460376
TATAPOWER_F1,20-09-2023,10:21:00,263.75,263.8,263.7,263.75,27000,83460376
TATAPOWER_F1,20-09-2023,10:22:00,263.85,263.85,263.85,263.85,3375,83460376
TATAPOWER_F1,20-09-2023,10:23:00,263.9,264.05,263.9,264.05,6750,83460376
TATAPOWER_F1,20-09-2023,10:24:00,264.0,264.05,264.0,264.0,16875,83457000
TATAPOWER_F1,20-09-2023,10:25:00,263.95,263.95,263.75,263.75,23625,83457000
TATAPOWER_F1,20-09-2023,10:26:00,263.75,263.75,263.5,263.5,30375,83470496
TATAPOWER_F1,20-09-2023,10:27:00,263.45,263.45,263.25,263.35,158625,83470496
TATAPOWER_F1,20-09-2023,10:28:00,263.25,263.35,263.25,263.35,57375,83470496
TATAPOWER_F1,20-09-2023,10:29:00,263.3,263.3,263.05,263.15,47250,83575128
TATAPOWER_F1,20-09-2023,10:30:00,263.1,263.15,262.75,262.75,135000,83575128
TATAPOWER_F1,20-09-2023,10:31:00,262.95,263.4,262.95,263.25,121500,83575128
TATAPOWER_F1,20-09-2023,10:32:00,263.2,263.25,263.15,263.15,16875,83588624
TATAPOWER_F1,20-09-2023,10:33:00,263.25,263.55,263.25,263.55,118125,83588624
TATAPOWER_F1,20-09-2023,10:34:00,263.25,263.4,263.2,263.2,43875,83588624
TATAPOWER_F1,20-09-2023,10:35:00,263.4,263.5,263.4,263.5,20250,83588624
TATAPOWER_F1,20-09-2023,10:36:00,263.5,263.8,263.5,263.6,40500,83541376
TATAPOWER_F1,20-09-2023,10:37:00,263.5,263.75,263.5,263.75,20250,83541376
TATAPOWER_F1,20-09-2023,10:39:00,263.9,263.9,263.75,263.75,20250,83544752
TATAPOWER_F1,20-09-2023,10:40:00,263.65,263.65,263.65,263.65,20250,83544752
TATAPOWER_F1,20-09-2023,10:41:00,263.65,263.75,263.65,263.75,10125,83544752
TATAPOWER_F1,20-09-2023,10:42:00,263.9,263.9,263.85,263.85,13500,83544752
TATAPOWER_F1,20-09-2023,10:43:00,263.75,263.85,263.75,263.85,10125,83544752
TATAPOWER_F1,20-09-2023,10:44:00,263.8,263.9,263.8,263.9,70875,83544752
TATAPOWER_F1,20-09-2023,10:45:00,263.95,264.0,263.8,263.9,33750,83544752
TATAPOWER_F1,20-09-2023,10:46:00,263.9,263.9,263.9,263.9,3375,83544752
TATAPOWER_F1,20-09-2023,10:47:00,263.75,263.9,263.6,263.9,40500,83541376
TATAPOWER_F1,20-09-2023,10:49:00,263.7,263.7,263.7,263.7,10125,83541376
TATAPOWER_F1,20-09-2023,10:50:00,263.4,263.6,263.35,263.6,40500,83554872
TATAPOWER_F1,20-09-2023,10:51:00,263.75,264.0,263.75,264.0,30375,83554872
TATAPOWER_F1,20-09-2023,10:52:00,263.9,263.9,263.9,263.9,10125,83554872
TATAPOWER_F1,20-09-2023,10:53:00,263.8,263.85,263.8,263.85,10125,83554872
TATAPOWER_F1,20-09-2023,10:56:00,263.8,263.8,263.45,263.45,13500,83534624
TATAPOWER_F1,20-09-2023,10:57:00,263.5,263.55,263.5,263.55,30375,83534624
TATAPOWER_F1,20-09-2023,10:58:00,263.55,263.55,263.55,263.55,3375,83534624
TATAPOWER_F1,20-09-2023,10:59:00,263.45,263.75,263.45,263.75,16875,83534624
TATAPOWER_F1,20-09-2023,11:00:00,263.8,263.8,263.8,263.8,10125,83521128
TATAPOWER_F1,20-09-2023,11:01:00,263.85,263.9,263.85,263.9,37125,83521128
TATAPOWER_F1,20-09-2023,11:02:00,263.65,263.7,263.65,263.7,30375,83534624
TATAPOWER_F1,20-09-2023,11:03:00,263.75,263.75,263.4,263.4,23625,83534624
TATAPOWER_F1,20-09-2023,11:04:00,263.5,263.5,263.3,263.3,40500,83534624
TATAPOWER_F1,20-09-2023,11:05:00,263.35,263.7,263.35,263.7,10125,83534624
TATAPOWER_F1,20-09-2023,11:06:00,263.75,263.75,263.6,263.75,16875,83548128
TATAPOWER_F1,20-09-2023,11:07:00,263.4,263.45,263.4,263.45,10125,83548128
TATAPOWER_F1,20-09-2023,11:08:00,263.6,263.6,263.6,263.6,10125,83548128
TATAPOWER_F1,20-09-2023,11:10:00,263.6,263.6,263.6,263.6,6750,83551504
TATAPOWER_F1,20-09-2023,11:11:00,263.65,263.65,263.5,263.5,10125,83551504
TATAPOWER_F1,20-09-2023,11:12:00,263.4,263.5,263.35,263.5,27000,83551504
TATAPOWER_F1,20-09-2023,11:14:00,263.7,263.7,263.65,263.65,60750,83551504
TATAPOWER_F1,20-09-2023,11:15:00,263.7,263.7,263.65,263.65,6750,83527872
TATAPOWER_F1,20-09-2023,11:16:00,263.8,263.9,263.8,263.8,87750,83527872
TATAPOWER_F1,20-09-2023,11:17:00,263.9,263.9,263.65,263.9,192375,83527872
TATAPOWER_F1,20-09-2023,11:18:00,263.85,263.9,263.85,263.9,10125,83480624
TATAPOWER_F1,20-09-2023,11:19:00,263.95,263.95,263.95,263.95,20250,83480624
TATAPOWER_F1,20-09-2023,11:20:00,264.05,264.05,264.05,264.05,3375,83473872
TATAPOWER_F1,20-09-2023,11:21:00,263.95,264.0,263.95,264.0,16875,83473872
TATAPOWER_F1,20-09-2023,11:22:00,263.9,264.0,263.9,264.0,6750,83473872
TATAPOWER_F1,20-09-2023,11:24:00,264.1,264.1,264.1,264.1,3375,83470496
TATAPOWER_F1,20-09-2023,11:25:00,264.1,264.4,264.1,264.4,108000,83470496
TATAPOWER_F1,20-09-2023,11:26:00,264.4,264.4,264.2,264.2,64125,83426624
TATAPOWER_F1,20-09-2023,11:27:00,264.2,264.2,264.1,264.1,10125,83426624
TATAPOWER_F1,20-09-2023,11:28:00,264.05,264.05,264.05,264.05,3375,83426624
TATAPOWER_F1,20-09-2023,11:30:00,264.1,264.2,264.1,264.2,74250,83291624
TATAPOWER_F1,20-09-2023,11:31:00,264.4,264.45,264.4,264.45,10125,83291624
TATAPOWER_F1,20-09-2023,11:32:00,264.5,264.5,264.45,264.45,10125,83241000
TATAPOWER_F1,20-09-2023,11:33:00,264.45,264.45,264.3,264.35,37125,83241000
TATAPOWER_F1,20-09-2023,11:34:00,264.5,264.6,264.4,264.5,40500,83241000
TATAPOWER_F1,20-09-2023,11:35:00,264.5,264.5,264.5,264.5,10125,83241000
TATAPOWER_F1,20-09-2023,11:36:00,264.25,264.25,264.25,264.25,40500,83207248
TATAPOWER_F1,20-09-2023,11:37:00,264.15,264.4,264.15,264.4,13500,83207248
TATAPOWER_F1,20-09-2023,11:40:00,264.5,264.5,264.5,264.5,3375,83207248
TATAPOWER_F1,20-09-2023,11:41:00,264.4,264.45,264.4,264.45,6750,83203872
TATAPOWER_F1,20-09-2023,11:42:00,264.45,264.45,264.35,264.35,13500,83203872
TATAPOWER_F1,20-09-2023,11:43:00,264.3,264.35,264.3,264.35,6750,83203872
TATAPOWER_F1,20-09-2023,11:44:00,264.35,264.35,264.35,264.35,6750,83203872
TATAPOWER_F1,20-09-2023,11:45:00,264.25,264.25,264.25,264.25,6750,83217376
TATAPOWER_F1,20-09-2023,11:46:00,264.35,264.55,264.35,264.55,81000,83217376
TATAPOWER_F1,20-09-2023,11:47:00,264.5,264.5,264.25,264.25,23625,83217376
TATAPOWER_F1,20-09-2023,11:48:00,264.2,264.2,264.05,264.05,6750,83190376
TATAPOWER_F1,20-09-2023,11:49:00,264.2,264.35,264.2,264.35,6750,83190376
TATAPOWER_F1,20-09-2023,11:50:00,264.4,264.4,264.4,264.4,3375,83190376
TATAPOWER_F1,20-09-2023,11:51:00,264.4,264.4,264.05,264.05,13500,83190376
TATAPOWER_F1,20-09-2023,11:52:00,263.95,263.95,263.8,263.9,13500,83190376
TATAPOWER_F1,20-09-2023,11:53:00,263.8,263.9,263.8,263.9,13500,83190376
TATAPOWER_F1,20-09-2023,11:54:00,263.9,263.9,263.8,263.85,16875,83153248
TATAPOWER_F1,20-09-2023,11:55:00,263.85,264.0,263.85,264.0,6750,83153248
TATAPOWER_F1,20-09-2023,11:56:00,264.1,264.1,264.1,264.1,3375,83153248
TATAPOWER_F1,20-09-2023,11:57:00,264.1,264.15,264.1,264.15,10125,83166752
TATAPOWER_F1,20-09-2023,11:58:00,264.1,264.1,263.85,263.85,30375,83166752
TATAPOWER_F1,20-09-2023,11:59:00,263.85,263.85,263.85,263.85,3375,83166752
TATAPOWER_F1,20-09-2023,12:00:00,263.95,264.1,263.95,264.0,20250,83153248
TATAPOWER_F1,20-09-2023,12:01:00,264.05,264.05,264.05,264.05,3375,83153248
TATAPOWER_F1,20-09-2023,12:03:00,264.1,264.1,264.1,264.1,10125,83153248
TATAPOWER_F1,20-09-2023,12:04:00,264.05,264.05,264.05,264.05,6750,83153248
TATAPOWER_F1,20-09-2023,12:05:00,264.0,264.35,264.0,264.35,91125,83153248
TATAPOWER_F1,20-09-2023,12:06:00,264.35,264.35,264.1,264.1,23625,83156624
TATAPOWER_F1,20-09-2023,12:07:00,264.1,264.15,264.1,264.15,20250,83156624
TATAPOWER_F1,20-09-2023,12:10:00,264.2,264.2,264.2,264.2,6750,83143128
TATAPOWER_F1,20-09-2023,12:11:00,264.35,264.5,264.35,264.5,135000,83143128
TATAPOWER_F1,20-09-2023,12:12:00,264.4,264.4,264.4,264.4,10125,83102624
TATAPOWER_F1,20-09-2023,12:13:00,264.2,264.2,264.1,264.2,23625,83102624
TATAPOWER_F1,20-09-2023,12:14:00,264.25,264.25,264.25,264.25,6750,83102624
TATAPOWER_F1,20-09-2023,12:15:00,264.15,264.15,264.15,264.15,3375,83095872
TATAPOWER_F1,20-09-2023,12:16:00,264.2,264.2,264.1,264.1,20250,83095872
TATAPOWER_F1,20-09-2023,12:17:00,264.1,264.1,264.1,264.1,3375,83095872
TATAPOWER_F1,20-09-2023,12:18:00,264.1,264.1,264.1,264.1,3375,83085752
TATAPOWER_F1,20-09-2023,12:19:00,264.15,264.15,264.15,264.15,6750,83085752
TATAPOWER_F1,20-09-2023,12:20:00,264.2,264.2,264.2,264.2,6750,83085752
TATAPOWER_F1,20-09-2023,12:22:00,264.2,264.25,264.2,264.25,10125,83082376
TATAPOWER_F1,20-09-2023,12:23:00,264.2,264.2,264.2,264.2,3375,83082376
TATAPOWER_F1,20-09-2023,12:25:00,264.25,264.35,264.25,264.35,13500,83075624
TATAPOWER_F1,20-09-2023,12:26:00,264.3,264.3,264.3,264.3,10125,83075624
TATAPOWER_F1,20-09-2023,12:27:00,264.25,264.35,264.25,264.35,10125,83055376
TATAPOWER_F1,20-09-2023,12:28:00,264.4,264.4,264.4,264.4,3375,83055376
TATAPOWER_F1,20-09-2023,12:30:00,264.35,264.35,264.25,264.25,27000,83055376
TATAPOWER_F1,20-09-2023,12:32:00,264.25,264.35,264.25,264.35,6750,83055376
TATAPOWER_F1,20-09-2023,12:33:00,264.45,264.45,264.35,264.35,10125,83055376
TATAPOWER_F1,20-09-2023,12:34:00,264.25,264.3,264.25,264.3,6750,83055376
TATAPOWER_F1,20-09-2023,12:35:00,264.3,264.3,264.3,264.3,3375,83055376
TATAPOWER_F1,20-09-2023,12:36:00,264.4,264.4,264.4,264.4,3375,83055376
TATAPOWER_F1,20-09-2023,12:37:00,264.5,264.7,264.5,264.7,64125,83055376
TATAPOWER_F1,20-09-2023,12:38:00,264.7,264.7,264.45,264.45,50625,83055376
TATAPOWER_F1,20-09-2023,12:39:00,264.25,264.35,264.0,264.35,114750,83055376
TATAPOWER_F1,20-09-2023,12:40:00,264.2,264.4,264.2,264.4,16875,83055376
TATAPOWER_F1,20-09-2023,12:41:00,264.3,264.3,264.2,264.2,16875,83055376
TATAPOWER_F1,20-09-2023,12:42:00,264.2,264.2,264.2,264.2,3375,83021624
TATAPOWER_F1,20-09-2023,12:43:00,264.2,264.2,264.2,264.2,3375,83021624
TATAPOWER_F1,20-09-2023,12:44:00,264.2,264.2,264.05,264.05,10125,83021624
TATAPOWER_F1,20-09-2023,12:45:00,264.1,264.1,264.0,264.1,20250,83014872
TATAPOWER_F1,20-09-2023,12:46:00,263.95,263.95,263.95,263.95,20250,83014872
TATAPOWER_F1,20-09-2023,12:47:00,264.0,264.0,264.0,264.0,27000,83014872
TATAPOWER_F1,20-09-2023,12:48:00,264.1,264.1,264.1,264.1,3375,83014872
TATAPOWER_F1,20-09-2023,12:50:00,264.05,264.05,264.05,264.05,3375,82994624
TATAPOWER_F1,20-09-2023,12:51:00,264.0,264.0,264.0,264.0,6750,82994624
TATAPOWER_F1,20-09-2023,12:52:00,264.25,264.35,264.25,264.35,43875,82994624
TATAPOWER_F1,20-09-2023,12:53:00,264.4,264.4,264.0,264.0,43875,82994624
TATAPOWER_F1,20-09-2023,12:55:00,264.15,264.15,264.15,264.15,3375,82991248
TATAPOWER_F1,20-09-2023,12:56:00,264.2,264.2,264.2,264.2,3375,82991248
TATAPOWER_F1,20-09-2023,12:57:00,263.95,264.15,263.95,264.15,6750,82991248
TATAPOWER_F1,20-09-2023,12:59:00,264.1,264.1,264.0,264.0,30375,82991248
TATAPOWER_F1,20-09-2023,13:00:00,263.95,263.95,263.95,263.95,3375,82991248
TATAPOWER_F1,20-09-2023,13:01:00,263.9,263.9,263.6,263.6,30375,82987872
TATAPOWER_F1,20-09-2023,13:02:00,263.6,263.6,263.6,263.6,23625,82987872
TATAPOWER_F1,20-09-2023,13:03:00,263.6,263.65,263.25,263.25,77625,82984496
TATAPOWER_F1,20-09-2023,13:04:00,263.3,263.3,263.3,263.3,3375,82984496
TATAPOWER_F1,20-09-2023,13:05:00,263.25,263.45,263.25,263.45,40500,82984496
TATAPOWER_F1,20-09-2023,13:06:00,263.4,263.4,263.25,263.25,27000,82954128
TATAPOWER_F1,20-09-2023,13:07:00,263.2,263.35,263.2,263.3,172125,82954128
TATAPOWER_F1,20-09-2023,13:08:00,263.65,263.65,263.6,263.6,33750,82954128
TATAPOWER_F1,20-09-2023,13:09:00,263.45,263.45,263.4,263.4,33750,82944000
TATAPOWER_F1,20-09-2023,13:10:00,263.5,263.5,263.4,263.4,67500,82944000
TATAPOWER_F1,20-09-2023,13:11:00,263.35,263.35,263.35,263.35,6750,82944000
TATAPOWER_F1,20-09-2023,13:12:00,263.4,263.4,263.4,263.4,13500,82940624
TATAPOWER_F1,20-09-2023,13:13:00,263.35,263.4,263.2,263.25,23625,82940624
TATAPOWER_F1,20-09-2023,13:14:00,263.1,263.1,263.05,263.05,47250,82940624
TATAPOWER_F1,20-09-2023,13:15:00,263.0,263.15,262.9,263.0,138375,82927128
TATAPOWER_F1,20-09-2023,13:16:00,263.0,263.0,263.0,263.0,10125,82927128
TATAPOWER_F1,20-09-2023,13:17:00,262.95,263.05,262.8,263.05,60750,82927128
TATAPOWER_F1,20-09-2023,13:18:00,262.95,262.95,262.75,262.75,54000,82927128
TATAPOWER_F1,20-09-2023,13:19:00,262.9,262.95,262.9,262.95,6750,82927128
TATAPOWER_F1,20-09-2023,13:21:00,263.05,263.4,262.95,262.95,168750,82937248
TATAPOWER_F1,20-09-2023,13:22:00,263.15,263.2,263.15,263.2,6750,82937248
TATAPOWER_F1,20-09-2023,13:23:00,263.2,263.2,263.1,263.1,27000,82937248
TATAPOWER_F1,20-09-2023,13:24:00,263.15,263.15,263.1,263.1,13500,82933872
TATAPOWER_F1,20-09-2023,13:25:00,263.15,263.2,263.05,263.1,23625,82933872
TATAPOWER_F1,20-09-2023,13:27:00,263.15,263.2,263.15,263.2,30375,82933872
TATAPOWER_F1,20-09-2023,13:28:00,263.25,263.25,263.15,263.15,6750,82933872
TATAPOWER_F1,20-09-2023,13:30:00,263.2,263.2,263.1,263.1,13500,82933872
TATAPOWER_F1,20-09-2023,13:31:00,263.15,263.15,263.0,263.0,33750,82933872
TATAPOWER_F1,20-09-2023,13:32:00,262.95,263.1,262.9,263.0,20250,82933872
TATAPOWER_F1,20-09-2023,13:33:00,262.95,262.95,262.95,262.95,10125,82950752
TATAPOWER_F1,20-09-2023,13:34:00,262.85,262.9,262.75,262.9,37125,82950752
TATAPOWER_F1,20-09-2023,13:35:00,263.15,263.15,262.9,262.9,13500,82950752
TATAPOWER_F1,20-09-2023,13:37:00,263.1,263.1,263.1,263.1,10125,82957504
TATAPOWER_F1,20-09-2023,13:38:00,263.15,263.15,263.15,263.15,3375,82957504
TATAPOWER_F1,20-09-2023,13:39:00,263.2,263.2,263.2,263.2,6750,82950752
TATAPOWER_F1,20-09-2023,13:40:00,263.2,263.2,263.2,263.2,3375,82950752
TATAPOWER_F1,20-09-2023,13:41:00,263.1,263.1,263.1,263.1,6750,82950752
TATAPOWER_F1,20-09-2023,13:42:00,263.2,263.2,263.2,263.2,3375,82964248
TATAPOWER_F1,20-09-2023,13:43:00,263.2,263.2,262.95,263.05,50625,82964248
TATAPOWER_F1,20-09-2023,13:44:00,262.9,262.9,262.75,262.75,20250,82964248
TATAPOWER_F1,20-09-2023,13:45:00,262.9,262.9,262.8,262.8,13500,82964248
TATAPOWER_F1,20-09-2023,13:46:00,262.75,262.75,262.6,262.6,37125,82964248
TATAPOWER_F1,20-09-2023,13:47:00,262.55,262.55,262.25,262.25,74250,82964248
TATAPOWER_F1,20-09-2023,13:48:00,262.3,262.3,261.95,261.95,270000,82960872
TATAPOWER_F1,20-09-2023,13:49:00,261.95,262.2,261.8,262.05,195750,82960872
TATAPOWER_F1,20-09-2023,13:50:00,262.0,262.15,262.0,262.15,54000,82960872
TATAPOWER_F1,20-09-2023,13:51:00,262.05,262.05,261.85,261.95,74250,83045248
TATAPOWER_F1,20-09-2023,13:52:00,261.8,261.85,261.3,261.6,330750,83045248
TATAPOWER_F1,20-09-2023,13:53:00,261.6,261.9,261.6,261.9,67500,83045248
TATAPOWER_F1,20-09-2023,13:54:00,261.95,261.95,261.7,261.7,27000,83176872
TATAPOWER_F1,20-09-2023,13:55:00,261.65,261.8,261.65,261.7,111375,83176872
TATAPOWER_F1,20-09-2023,13:56:00,261.7,261.8,261.5,261.8,57375,83176872
TATAPOWER_F1,20-09-2023,13:57:00,261.8,262.15,261.8,262.0,101250,83220752
TATAPOWER_F1,20-09-2023,13:58:00,262.1,262.35,262.1,262.25,108000,83220752
TATAPOWER_F1,20-09-2023,13:59:00,262.35,262.35,262.25,262.35,43875,83220752
TATAPOWER_F1,20-09-2023,14:00:00,262.45,262.45,262.25,262.25,111375,83187000
TATAPOWER_F1,20-09-2023,14:01:00,262.15,262.2,262.1,262.1,30375,83187000
TATAPOWER_F1,20-09-2023,14:02:00,262.0,262.1,261.95,262.1,30375,83187000
TATAPOWER_F1,20-09-2023,14:03:00,262.4,262.5,262.25,262.25,33750,83190376
TATAPOWER_F1,20-09-2023,14:04:00,262.35,262.5,262.3,262.5,70875,83190376
TATAPOWER_F1,20-09-2023,14:05:00,262.45,262.55,262.45,262.55,40500,83190376
TATAPOWER_F1,20-09-2023,14:06:00,262.55,262.55,262.45,262.45,16875,83160000
TATAPOWER_F1,20-09-2023,14:07:00,262.45,262.45,262.05,262.05,394875,83160000
TATAPOWER_F1,20-09-2023,14:08:00,262.15,262.25,262.05,262.15,27000,83160000
TATAPOWER_F1,20-09-2023,14:09:00,261.95,261.95,261.8,261.85,124875,83089128
TATAPOWER_F1,20-09-2023,14:10:00,261.7,262.15,261.7,262.15,20250,83089128
TATAPOWER_F1,20-09-2023,14:11:00,262.15,262.35,262.15,262.35,57375,83089128
TATAPOWER_F1,20-09-2023,14:12:00,262.25,262.25,262.25,262.25,60750,83075624
TATAPOWER_F1,20-09-2023,14:13:00,262.3,262.3,262.3,262.3,33750,83075624
TATAPOWER_F1,20-09-2023,14:14:00,262.35,262.35,262.35,262.35,3375,83075624
TATAPOWER_F1,20-09-2023,14:15:00,262.3,262.3,262.25,262.25,30375,83052000
TATAPOWER_F1,20-09-2023,14:16:00,262.65,262.65,262.55,262.6,162000,83052000
TATAPOWER_F1,20-09-2023,14:17:00,262.45,262.8,262.45,262.75,101250,83052000
TATAPOWER_F1,20-09-2023,14:18:00,262.8,262.8,262.6,262.6,54000,83014872
TATAPOWER_F1,20-09-2023,14:19:00,262.65,262.7,262.6,262.7,10125,83014872
TATAPOWER_F1,20-09-2023,14:20:00,262.7,262.75,262.7,262.75,10125,83014872
TATAPOWER_F1,20-09-2023,14:21:00,262.6,262.6,262.35,262.35,20250,82987872
TATAPOWER_F1,20-09-2023,14:22:00,262.35,262.55,262.35,262.55,57375,82987872
TATAPOWER_F1,20-09-2023,14:23:00,262.45,262.5,262.45,262.5,10125,82987872
TATAPOWER_F1,20-09-2023,14:24:00,262.5,262.5,262.5,262.5,6750,82987872
TATAPOWER_F1,20-09-2023,14:25:00,262.5,262.55,262.5,262.55,13500,82937248
TATAPOWER_F1,20-09-2023,14:26:00,262.4,262.4,262.4,262.4,6750,82937248
TATAPOWER_F1,20-09-2023,14:27:00,262.3,262.3,262.25,262.25,6750,82927128
TATAPOWER_F1,20-09-2023,14:28:00,262.4,262.4,262.4,262.4,6750,82927128
TATAPOWER_F1,20-09-2023,14:30:00,262.35,262.7,262.35,262.7,158625,82910248
TATAPOWER_F1,20-09-2023,14:31:00,262.7,262.8,262.7,262.75,91125,82910248
TATAPOWER_F1,20-09-2023,14:32:00,262.8,262.9,262.8,262.9,50625,82910248
TATAPOWER_F1,20-09-2023,14:33:00,262.65,262.65,262.65,262.65,27000,82883248
TATAPOWER_F1,20-09-2023,14:34:00,262.8,263.0,262.8,262.95,94500,82883248
TATAPOWER_F1,20-09-2023,14:35:00,263.0,263.1,263.0,263.1,50625,82883248
TATAPOWER_F1,20-09-2023,14:36:00,263.05,263.05,263.0,263.0,30375,82866376
TATAPOWER_F1,20-09-2023,14:37:00,263.0,263.1,263.0,263.1,6750,82866376
TATAPOWER_F1,20-09-2023,14:38:00,263.1,263.1,262.9,262.9,23625,82866376
TATAPOWER_F1,20-09-2023,14:39:00,262.9,262.9,262.8,262.9,20250,82859624
TATAPOWER_F1,20-09-2023,14:40:00,263.0,263.0,262.85,262.9,10125,82859624
TATAPOWER_F1,20-09-2023,14:41:00,263.0,263.0,262.9,262.9,6750,82859624
TATAPOWER_F1,20-09-2023,14:42:00,263.0,263.1,263.0,263.05,87750,82866376
TATAPOWER_F1,20-09-2023,14:43:00,263.0,263.0,262.85,262.85,13500,82866376
TATAPOWER_F1,20-09-2023,14:44:00,262.75,262.85,262.75,262.85,13500,82866376
TATAPOWER_F1,20-09-2023,14:45:00,263.0,263.0,263.0,263.0,27000,82687504
TATAPOWER_F1,20-09-2023,14:46:00,263.0,263.35,263.0,263.35,84375,82687504
TATAPOWER_F1,20-09-2023,14:47:00,263.35,263.35,263.35,263.35,3375,82687504
TATAPOWER_F1,20-09-2023,14:48:00,263.25,263.25,263.2,263.2,50625,82653752
TATAPOWER_F1,20-09-2023,14:49:00,263.25,263.3,263.25,263.3,6750,82653752
TATAPOWER_F1,20-09-2023,14:50:00,263.2,263.2,263.2,263.2,27000,82653752
TATAPOWER_F1,20-09-2023,14:51:00,263.1,263.1,262.95,262.95,50625,82653752
TATAPOWER_F1,20-09-2023,14:52:00,262.9,263.15,262.9,263.15,10125,82643624
TATAPOWER_F1,20-09-2023,14:53:00,263.15,263.15,263.05,263.05,30375,82643624
TATAPOWER_F1,20-09-2023,14:54:00,263.05,263.1,263.05,263.1,23625,82623376
TATAPOWER_F1,20-09-2023,14:55:00,263.1,263.15,263.1,263.15,10125,82623376
TATAPOWER_F1,20-09-2023,14:56:00,263.15,263.4,263.15,263.4,97875,82623376
TATAPOWER_F1,20-09-2023,14:57:00,263.4,263.4,263.15,263.3,87750,82606496
TATAPOWER_F1,20-09-2023,14:58:00,263.3,263.3,263.25,263.25,13500,82606496
TATAPOWER_F1,20-09-2023,14:59:00,263.2,263.4,263.15,263.4,175500,82606496
TATAPOWER_F1,20-09-2023,15:00:00,263.35,263.35,262.8,262.8,111375,82586248
TATAPOWER_F1,20-09-2023,15:01:00,262.85,263.05,262.85,262.9,172125,82586248
TATAPOWER_F1,20-09-2023,15:02:00,262.8,262.8,262.65,262.8,33750,82586248
TATAPOWER_F1,20-09-2023,15:03:00,262.8,262.95,262.8,262.95,6750,82555872
TATAPOWER_F1,20-09-2023,15:04:00,263.0,263.05,262.95,262.95,114750,82555872
TATAPOWER_F1,20-09-2023,15:06:00,262.9,262.9,262.85,262.85,10125,82555872
TATAPOWER_F1,20-09-2023,15:07:00,262.8,262.8,262.6,262.6,74250,82542376
TATAPOWER_F1,20-09-2023,15:08:00,262.65,262.8,262.65,262.8,33750,82542376
TATAPOWER_F1,20-09-2023,15:09:00,262.8,262.8,262.7,262.7,47250,82400624
TATAPOWER_F1,20-09-2023,15:10:00,262.8,262.8,262.75,262.75,6750,82400624
TATAPOWER_F1,20-09-2023,15:11:00,262.8,262.8,262.8,262.8,54000,82400624
TATAPOWER_F1,20-09-2023,15:12:00,262.75,262.75,262.75,262.75,20250,82393872
TATAPOWER_F1,20-09-2023,15:13:00,262.7,262.7,262.7,262.7,6750,82393872
TATAPOWER_F1,20-09-2023,15:14:00,262.7,262.75,262.7,262.75,16875,82393872
TATAPOWER_F1,20-09-2023,15:15:00,262.65,262.7,262.5,262.5,172125,82380376
TATAPOWER_F1,20-09-2023,15:16:00,262.25,262.3,261.9,262.05,634500,82380376
TATAPOWER_F1,20-09-2023,15:17:00,262.05,262.05,261.7,261.7,205875,82380376
TATAPOWER_F1,20-09-2023,15:18:00,261.9,261.9,261.7,261.75,47250,82360128
TATAPOWER_F1,20-09-2023,15:19:00,261.85,261.9,261.8,261.8,138375,82360128
TATAPOWER_F1,20-09-2023,15:20:00,261.8,262.1,261.8,261.9,172125,82360128
TATAPOWER_F1,20-09-2023,15:21:00,261.9,261.95,261.8,261.9,43875,82275752
TATAPOWER_F1,20-09-2023,15:22:00,261.95,262.0,261.95,262.0,91125,82275752
TATAPOWER_F1,20-09-2023,15:23:00,261.9,262.0,261.85,262.0,138375,82275752
TATAPOWER_F1,20-09-2023,15:24:00,261.9,261.9,261.9,261.9,199125,82269000
TATAPOWER_F1,20-09-2023,15:25:00,262.0,262.0,262.0,262.0,162000,82269000
TATAPOWER_F1,20-09-2023,15:26:00,262.0,262.0,262.0,262.0,94500,82269000
TATAPOWER_F1,20-09-2023,15:27:00,262.05,262.05,262.05,262.05,141750,82258872
TATAPOWER_F1,20-09-2023,15:28:00,261.85,262.1,261.85,262.1,108000,82258872
TATAPOWER_F1,20-09-2023,15:29:00,262.15,262.35,262.15,262.35,172125,82258872
TATAPOWER_F1,20-09-2023,15:30:00,262.45,262.45,262.45,262.45,6750,82258872
TATAPOWER_F1,21-09-2023,09:15:00,261.7,261.85,260.45,260.95,259876,79258496
TATAPOWER_F1,21-09-2023,09:16:00,261.05,261.05,260.7,261.0,141750,79258496
TATAPOWER_F1,21-09-2023,09:17:00,260.85,260.9,260.6,260.75,77625,79248376
TATAPOWER_F1,21-09-2023,09:18:00,260.75,260.9,260.75,260.9,20250,79248376
TATAPOWER_F1,21-09-2023,09:19:00,260.8,260.8,260.65,260.65,84375,79248376
TATAPOWER_F1,21-09-2023,09:20:00,260.35,260.55,260.1,260.5,114750,79245000
TATAPOWER_F1,21-09-2023,09:21:00,260.45,260.45,259.15,259.15,641250,79245000
TATAPOWER_F1,21-09-2023,09:22:00,259.3,259.45,258.6,259.0,621000,79245000
TATAPOWER_F1,21-09-2023,09:23:00,259.15,259.65,259.15,259.65,178875,79268624
TATAPOWER_F1,21-09-2023,09:24:00,259.65,260.1,259.65,260.1,67500,79268624
TATAPOWER_F1,21-09-2023,09:25:00,260.2,260.25,259.9,260.15,97875,79268624
TATAPOWER_F1,21-09-2023,09:26:00,260.3,260.85,260.25,260.7,209250,79285504
TATAPOWER_F1,21-09-2023,09:27:00,260.8,260.95,260.7,260.9,67500,79285504
TATAPOWER_F1,21-09-2023,09:28:00,260.95,260.95,260.85,260.9,33750,79285504
TATAPOWER_F1,21-09-2023,09:29:00,261.2,261.4,261.15,261.3,148500,79292248
TATAPOWER_F1,21-09-2023,09:30:00,261.45,261.7,261.15,261.15,108000,79292248
TATAPOWER_F1,21-09-2023,09:31:00,261.25,261.6,261.25,261.6,54000,79292248
TATAPOWER_F1,21-09-2023,09:32:00,261.45,261.45,261.45,261.45,10125,79292248
TATAPOWER_F1,21-09-2023,09:33:00,261.35,261.8,261.35,261.75,77625,79329376
TATAPOWER_F1,21-09-2023,09:34:00,261.65,261.75,261.65,261.75,67500,79329376
TATAPOWER_F1,21-09-2023,09:35:00,261.75,261.75,261.35,261.35,20250,79309128
TATAPOWER_F1,21-09-2023,09:36:00,261.45,261.6,261.35,261.6,27000,79309128
TATAPOWER_F1,21-09-2023,09:37:00,261.5,261.5,261.1,261.2,60750,79309128
TATAPOWER_F1,21-09-2023,09:38:00,261.35,261.35,261.0,261.3,94500,79315872
TATAPOWER_F1,21-09-2023,09:39:00,260.95,260.95,260.9,260.9,13500,79315872
TATAPOWER_F1,21-09-2023,09:40:00,261.1,261.3,261.0,261.0,70875,79315872
TATAPOWER_F1,21-09-2023,09:41:00,260.9,261.15,260.85,261.0,54000,79319248
TATAPOWER_F1,21-09-2023,09:42:00,261.1,261.1,260.95,261.1,94500,79319248
TATAPOWER_F1,21-09-2023,09:43:00,260.95,261.15,260.95,261.0,67500,79319248
TATAPOWER_F1,21-09-2023,09:44:00,261.05,261.4,261.05,261.25,47250,79329376
TATAPOWER_F1,21-09-2023,09:45:00,261.4,261.45,261.2,261.25,47250,79329376
TATAPOWER_F1,21-09-2023,09:46:00,261.2,261.4,261.2,261.4,20250,79329376
TATAPOWER_F1,21-09-2023,09:47:00,261.25,261.7,261.25,261.4,111375,79329376
TATAPOWER_F1,21-09-2023,09:48:00,261.55,261.7,261.5,261.6,84375,79329376
TATAPOWER_F1,21-09-2023,09:49:00,261.65,261.65,261.1,261.1,30375,79329376
TATAPOWER_F1,21-09-2023,09:50:00,261.0,261.0,260.85,260.95,57375,79349624
TATAPOWER_F1,21-09-2023,09:51:00,260.8,261.1,260.8,261.0,40500,79349624
TATAPOWER_F1,21-09-2023,09:52:00,260.75,261.0,260.75,260.9,54000,79349624
TATAPOWER_F1,21-09-2023,09:53:00,261.0,261.0,261.0,261.0,37125,79383376
TATAPOWER_F1,21-09-2023,09:54:00,261.05,261.05,260.9,260.9,20250,79383376
TATAPOWER_F1,21-09-2023,09:55:00,260.9,260.9,260.7,260.7,33750,79383376
TATAPOWER_F1,21-09-2023,09:56:00,260.7,260.9,260.65,260.85,77625,79393504
TATAPOWER_F1,21-09-2023,09:57:00,260.7,260.9,260.7,260.8,43875,79393504
TATAPOWER_F1,21-09-2023,09:58:00,260.65,260.65,260.5,260.55,43875,79393504
TATAPOWER_F1,21-09-2023,10:00:00,260.7,260.7,260.7,260.7,20250,79396872
TATAPOWER_F1,21-09-2023,10:01:00,260.65,260.65,260.35,260.35,64125,79396872
TATAPOWER_F1,21-09-2023,10:02:00,260.25,260.35,260.25,260.3,40500,79417128
TATAPOWER_F1,21-09-2023,10:03:00,260.55,260.7,260.45,260.7,205875,79417128
TATAPOWER_F1,21-09-2023,10:04:00,260.4,260.65,260.35,260.65,175500,79417128
TATAPOWER_F1,21-09-2023,10:05:00,260.65,260.85,260.65,260.85,23625,79450872
TATAPOWER_F1,21-09-2023,10:06:00,260.65,260.65,260.5,260.5,27000,79450872
TATAPOWER_F1,21-09-2023,10:07:00,260.65,260.8,260.6,260.65,162000,79450872
TATAPOWER_F1,21-09-2023,10:08:00,260.65,260.65,260.65,260.65,60750,79450872
TATAPOWER_F1,21-09-2023,10:09:00,260.35,260.35,259.6,259.6,155250,79488000
TATAPOWER_F1,21-09-2023,10:10:00,259.65,260.0,259.6,260.0,50625,79488000
TATAPOWER_F1,21-09-2023,10:11:00,260.0,260.1,259.85,260.1,47250,79471128
TATAPOWER_F1,21-09-2023,10:12:00,259.95,260.1,259.8,259.85,33750,79471128
TATAPOWER_F1,21-09-2023,10:13:00,259.85,260.0,259.85,260.0,138375,79471128
TATAPOWER_F1,21-09-2023,10:14:00,259.95,260.1,259.95,259.95,81000,79471128
TATAPOWER_F1,21-09-2023,10:15:00,259.9,260.0,259.85,260.0,141750,79363128
TATAPOWER_F1,21-09-2023,10:16:00,259.9,259.9,259.8,259.8,27000,79363128
TATAPOWER_F1,21-09-2023,10:17:00,259.95,259.95,259.95,259.95,3375,79363128
TATAPOWER_F1,21-09-2023,10:18:00,260.0,260.15,260.0,260.1,13500,79295624
TATAPOWER_F1,21-09-2023,10:19:00,260.2,260.5,260.2,260.25,50625,79295624
TATAPOWER_F1,21-09-2023,10:20:00,260.25,260.25,260.25,260.25,3375,79295624
TATAPOWER_F1,21-09-2023,10:21:00,260.25,260.25,259.9,259.95,33750,79278752
TATAPOWER_F1,21-09-2023,10:22:00,259.85,259.85,259.7,259.7,47250,79278752
TATAPOWER_F1,21-09-2023,10:23:00,259.85,259.85,259.85,259.85,16875,79278752
TATAPOWER_F1,21-09-2023,10:24:00,260.15,260.15,260.15,260.15,16875,79292248
TATAPOWER_F1,21-09-2023,10:25:00,259.85,259.85,259.85,259.85,13500,79292248
TATAPOWER_F1,21-09-2023,10:26:00,259.8,259.8,259.8,259.8,3375,79292248
TATAPOWER_F1,21-09-2023,10:27:00,260.1,260.3,260.05,260.25,54000,79278752
TATAPOWER_F1,21-09-2023,10:28:00,260.25,260.4,260.1,260.1,54000,79278752
TATAPOWER_F1,21-09-2023,10:29:00,260.1,260.25,260.1,260.1,27000,79312496
TATAPOWER_F1,21-09-2023,10:30:00,260.15,260.15,260.15,260.15,3375,79312496
TATAPOWER_F1,21-09-2023,10:32:00,260.15,260.15,260.1,260.15,43875,79312496
TATAPOWER_F1,21-09-2023,10:33:00,260.25,260.25,260.25,260.25,6750,79319248
TATAPOWER_F1,21-09-2023,10:34:00,260.25,260.25,260.2,260.2,6750,79319248
TATAPOWER_F1,21-09-2023,10:35:00,260.15,260.15,259.85,259.85,77625,79319248
TATAPOWER_F1,21-09-2023,10:37:00,260.2,260.35,260.2,260.35,30375,79346248
TATAPOWER_F1,21-09-2023,10:38:00,260.35,260.35,260.15,260.15,27000,79336128
TATAPOWER_F1,21-09-2023,10:39:00,260.45,260.45,260.25,260.25,20250,79336128
TATAPOWER_F1,21-09-2023,10:40:00,260.35,260.35,260.35,260.35,3375,79336128
TATAPOWER_F1,21-09-2023,10:41:00,260.35,260.35,260.35,260.35,3375,79336128
TATAPOWER_F1,21-09-2023,10:42:00,260.2,260.2,260.2,260.2,33750,79326000
TATAPOWER_F1,21-09-2023,10:43:00,260.2,260.2,260.1,260.1,16875,79326000
TATAPOWER_F1,21-09-2023,10:44:00,260.0,260.0,259.8,259.85,37125,79322624
TATAPOWER_F1,21-09-2023,10:45:00,259.9,259.9,259.85,259.85,13500,79322624
TATAPOWER_F1,21-09-2023,10:46:00,259.8,259.8,259.8,259.8,3375,79322624
TATAPOWER_F1,21-09-2023,10:47:00,259.7,259.7,259.25,259.25,54000,79322624
TATAPOWER_F1,21-09-2023,10:48:00,259.25,259.45,259.25,259.45,23625,79322624
TATAPOWER_F1,21-09-2023,10:49:00,259.4,259.65,259.4,259.5,43875,79322624
TATAPOWER_F1,21-09-2023,10:50:00,259.4,259.4,259.35,259.35,6750,79339504
TATAPOWER_F1,21-09-2023,10:51:00,259.35,259.35,259.35,259.35,16875,79339504
TATAPOWER_F1,21-09-2023,10:52:00,259.25,259.45,259.25,259.45,10125,79339504
TATAPOWER_F1,21-09-2023,10:53:00,259.4,259.4,259.35,259.35,16875,79339504
TATAPOWER_F1,21-09-2023,10:54:00,259.35,259.4,259.3,259.4,43875,79339504
TATAPOWER_F1,21-09-2023,10:55:00,259.35,259.35,259.35,259.35,10125,79339504
TATAPOWER_F1,21-09-2023,10:56:00,259.3,259.3,259.3,259.3,6750,79339504
TATAPOWER_F1,21-09-2023,10:57:00,259.2,259.25,259.2,259.25,23625,79329376
TATAPOWER_F1,21-09-2023,10:58:00,259.25,259.25,259.25,259.25,23625,79329376
TATAPOWER_F1,21-09-2023,10:59:00,259.2,259.2,259.2,259.2,50625,79329376
TATAPOWER_F1,21-09-2023,11:00:00,259.15,259.3,259.1,259.1,40500,79359752
TATAPOWER_F1,21-09-2023,11:01:00,259.15,259.35,259.15,259.35,30375,79359752
TATAPOWER_F1,21-09-2023,11:02:00,259.35,259.35,259.35,259.35,6750,79359752
TATAPOWER_F1,21-09-2023,11:03:00,259.4,259.4,259.4,259.4,3375,79373248
TATAPOWER_F1,21-09-2023,11:04:00,259.25,259.45,259.25,259.45,67500,79373248
TATAPOWER_F1,21-09-2023,11:05:00,259.5,260.15,259.5,260.15,54000,79353000
TATAPOWER_F1,21-09-2023,11:06:00,260.15,260.15,260.05,260.05,6750,79353000
TATAPOWER_F1,21-09-2023,11:07:00,260.1,260.3,260.1,260.3,74250,79353000
TATAPOWER_F1,21-09-2023,11:08:00,260.35,260.5,260.35,260.45,33750,79332752
TATAPOWER_F1,21-09-2023,11:09:00,260.55,260.55,260.35,260.4,33750,79332752
TATAPOWER_F1,21-09-2023,11:10:00,260.3,260.5,260.3,260.5,37125,79332752
TATAPOWER_F1,21-09-2023,11:11:00,260.55,260.55,260.55,260.55,6750,79336128
TATAPOWER_F1,21-09-2023,11:12:00,260.5,260.5,260.4,260.5,40500,79336128
TATAPOWER_F1,21-09-2023,11:14:00,260.3,260.3,260.3,260.3,6750,79336128
TATAPOWER_F1,21-09-2023,11:15:00,260.65,260.65,260.6,260.65,77625,79322624
TATAPOWER_F1,21-09-2023,11:16:00,260.7,260.7,260.65,260.65,10125,79322624
TATAPOWER_F1,21-09-2023,11:18:00,260.55,260.55,260.55,260.55,3375,79299000
TATAPOWER_F1,21-09-2023,11:19:00,260.5,260.5,260.3,260.3,27000,79299000
TATAPOWER_F1,21-09-2023,11:20:00,260.3,260.3,260.15,260.15,64125,79299000
TATAPOWER_F1,21-09-2023,11:21:00,260.1,260.3,260.1,260.3,10125,79302376
TATAPOWER_F1,21-09-2023,11:22:00,260.25,260.25,260.25,260.25,6750,79302376
TATAPOWER_F1,21-09-2023,11:24:00,260.3,260.35,260.2,260.2,27000,79305752
TATAPOWER_F1,21-09-2023,11:25:00,260.25,260.25,260.25,260.25,3375,79305752
TATAPOWER_F1,21-09-2023,11:27:00,260.2,260.2,260.2,260.2,33750,79302376
TATAPOWER_F1,21-09-2023,11:28:00,260.25,260.25,260.25,260.25,6750,79302376
TATAPOWER_F1,21-09-2023,11:30:00,260.2,260.25,260.2,260.25,37125,79305752
TATAPOWER_F1,21-09-2023,11:33:00,260.4,260.4,260.4,260.4,13500,79305752
TATAPOWER_F1,21-09-2023,11:34:00,260.1,260.1,260.1,260.1,47250,79305752
TATAPOWER_F1,21-09-2023,11:35:00,260.15,260.15,260.15,260.15,6750,79305752
TATAPOWER_F1,21-09-2023,11:36:00,260.1,260.1,260.1,260.1,3375,79326000
TATAPOWER_F1,21-09-2023,11:38:00,260.05,260.05,260.0,260.0,13500,79326000
TATAPOWER_F1,21-09-2023,11:39:00,260.0,260.0,259.95,259.95,33750,79332752
TATAPOWER_F1,21-09-2023,11:40:00,260.0,260.0,259.75,259.8,27000,79332752
TATAPOWER_F1,21-09-2023,11:41:00,259.8,259.8,259.7,259.7,40500,79332752
TATAPOWER_F1,21-09-2023,11:42:00,259.7,259.7,259.5,259.5,23625,79339504
TATAPOWER_F1,21-09-2023,11:43:00,259.5,259.95,259.5,259.95,37125,79339504
TATAPOWER_F1,21-09-2023,11:44:00,260.0,260.0,260.0,260.0,3375,79339504
TATAPOWER_F1,21-09-2023,11:45:00,260.05,260.05,260.05,260.05,6750,79326000
TATAPOWER_F1,21-09-2023,11:46:00,260.05,260.05,260.05,260.05,10125,79326000
TATAPOWER_F1,21-09-2023,11:47:00,260.05,260.1,260.05,260.1,6750,79326000
TATAPOWER_F1,21-09-2023,11:48:00,260.0,260.0,260.0,260.0,3375,79315872
TATAPOWER_F1,21-09-2023,11:51:00,260.15,260.2,260.15,260.2,6750,79312496
TATAPOWER_F1,21-09-2023,11:52:00,260.4,260.4,260.4,260.4,10125,79312496
TATAPOWER_F1,21-09-2023,11:53:00,260.3,260.3,260.3,260.3,6750,79312496
TATAPOWER_F1,21-09-2023,11:54:00,260.3,260.3,260.3,260.3,6750,79309128
TATAPOWER_F1,21-09-2023,11:55:00,260.25,260.25,260.1,260.1,20250,79309128
TATAPOWER_F1,21-09-2023,11:56:00,260.1,260.1,260.0,260.0,10125,79309128
TATAPOWER_F1,21-09-2023,11:57:00,260.3,260.3,260.3,260.3,23625,79197752
TATAPOWER_F1,21-09-2023,11:58:00,260.2,260.2,260.2,260.2,3375,79197752
TATAPOWER_F1,21-09-2023,11:59:00,260.2,260.2,260.2,260.2,3375,79197752
TATAPOWER_F1,21-09-2023,12:00:00,260.2,260.2,260.2,260.2,6750,79180872
TATAPOWER_F1,21-09-2023,12:01:00,260.0,260.0,260.0,260.0,6750,79180872
TATAPOWER_F1,21-09-2023,12:02:00,259.9,259.9,259.85,259.85,47250,79180872
TATAPOWER_F1,21-09-2023,12:03:00,259.6,259.6,259.5,259.5,6750,79194376
TATAPOWER_F1,21-09-2023,12:04:00,259.5,259.5,259.2,259.25,40500,79194376
TATAPOWER_F1,21-09-2023,12:05:00,259.2,259.25,259.2,259.25,10125,79194376
TATAPOWER_F1,21-09-2023,12:06:00,259.25,259.25,258.95,258.95,57375,79211248
TATAPOWER_F1,21-09-2023,12:07:00,258.9,258.95,258.9,258.95,54000,79211248
TATAPOWER_F1,21-09-2023,12:08:00,259.0,259.0,258.75,258.9,108000,79211248
TATAPOWER_F1,21-09-2023,12:09:00,258.7,258.7,258.1,258.1,307125,79194376
TATAPOWER_F1,21-09-2023,12:10:00,258.1,258.25,257.85,258.15,189000,79194376
TATAPOWER_F1,21-09-2023,12:11:00,258.25,258.25,257.95,258.0,104625,79194376
TATAPOWER_F1,21-09-2023,12:12:00,258.1,258.45,257.95,258.45,84375,79251752
TATAPOWER_F1,21-09-2023,12:13:00,258.45,258.55,258.4,258.4,13500,79251752
TATAPOWER_F1,21-09-2023,12:14:00,258.35,258.4,258.2,258.2,30375,79251752
TATAPOWER_F1,21-09-2023,12:15:00,258.3,258.4,258.3,258.4,84375,79238248
TATAPOWER_F1,21-09-2023,12:16:00,258.6,258.6,258.2,258.3,64125,79238248
TATAPOWER_F1,21-09-2023,12:17:00,258.3,258.3,258.05,258.05,30375,79238248
TATAPOWER_F1,21-09-2023,12:18:00,258.0,258.0,257.45,257.45,162000,79197752
TATAPOWER_F1,21-09-2023,12:19:00,257.5,257.5,257.15,257.15,151875,79197752
TATAPOWER_F1,21-09-2023,12:20:00,257.2,257.35,257.15,257.25,60750,79197752
TATAPOWER_F1,21-09-2023,12:21:00,257.35,257.5,257.35,257.5,20250,79234872
TATAPOWER_F1,21-09-2023,12:22:00,257.45,257.6,257.45,257.45,47250,79234872
TATAPOWER_F1,21-09-2023,12:23:00,257.55,257.55,257.5,257.5,13500,79234872
TATAPOWER_F1,21-09-2023,12:24:00,257.45,257.7,257.4,257.4,108000,79224752
TATAPOWER_F1,21-09-2023,12:25:00,257.3,257.55,257.3,257.5,50625,79224752
TATAPOWER_F1,21-09-2023,12:26:00,257.35,257.45,257.2,257.45,37125,79224752
TATAPOWER_F1,21-09-2023,12:27:00,257.35,257.55,257.25,257.45,168750,79207872
TATAPOWER_F1,21-09-2023,12:28:00,257.25,257.45,257.15,257.2,226125,79207872
TATAPOWER_F1,21-09-2023,12:29:00,257.35,257.35,257.2,257.35,50625,79207872
TATAPOWER_F1,21-09-2023,12:30:00,257.25,257.5,257.25,257.4,54000,79251752
TATAPOWER_F1,21-09-2023,12:31:00,257.35,257.5,257.25,257.5,74250,79251752
TATAPOWER_F1,21-09-2023,12:32:00,257.5,257.5,257.15,257.15,97875,79251752
TATAPOWER_F1,21-09-2023,12:33:00,257.25,257.35,257.15,257.3,16875,79248376
TATAPOWER_F1,21-09-2023,12:34:00,257.35,257.35,257.2,257.2,64125,79248376
TATAPOWER_F1,21-09-2023,12:35:00,257.15,257.15,257.15,257.15,13500,79248376
TATAPOWER_F1,21-09-2023,12:36:00,257.5,257.6,257.5,257.6,70875,79255128
TATAPOWER_F1,21-09-2023,12:37:00,257.5,257.55,257.45,257.45,81000,79255128
TATAPOWER_F1,21-09-2023,12:38:00,257.35,257.4,256.75,256.75,145125,79255128
TATAPOWER_F1,21-09-2023,12:39:00,256.75,256.85,256.4,256.85,219375,79275376
TATAPOWER_F1,21-09-2023,12:40:00,256.85,256.9,256.7,256.75,54000,79275376
TATAPOWER_F1,21-09-2023,12:41:00,256.75,256.85,256.65,256.85,168750,79275376
TATAPOWER_F1,21-09-2023,12:42:00,256.7,256.9,256.7,256.9,16875,79245000
TATAPOWER_F1,21-09-2023,12:43:00,256.85,257.1,256.85,257.1,81000,79245000
TATAPOWER_F1,21-09-2023,12:44:00,257.15,257.45,257.15,257.3,145125,79245000
TATAPOWER_F1,21-09-2023,12:45:00,257.35,257.8,257.35,257.8,50625,79305752
TATAPOWER_F1,21-09-2023,12:46:00,257.8,258.0,257.8,257.8,77625,79305752
TATAPOWER_F1,21-09-2023,12:47:00,257.8,257.8,257.65,257.75,57375,79305752
TATAPOWER_F1,21-09-2023,12:48:00,257.9,258.0,257.9,258.0,128250,79211248
TATAPOWER_F1,21-09-2023,12:49:00,257.8,257.9,257.8,257.9,16875,79211248
TATAPOWER_F1,21-09-2023,12:50:00,257.85,257.85,257.65,257.65,23625,79211248
TATAPOWER_F1,21-09-2023,12:51:00,257.45,257.45,257.2,257.2,37125,79218000
TATAPOWER_F1,21-09-2023,12:52:00,257.35,257.5,257.2,257.5,30375,79218000
TATAPOWER_F1,21-09-2023,12:53:00,257.4,257.4,257.15,257.15,50625,79218000
TATAPOWER_F1,21-09-2023,12:54:00,257.15,257.15,256.9,257.15,131625,79211248
TATAPOWER_F1,21-09-2023,12:55:00,257.15,257.4,257.15,257.4,10125,79211248
TATAPOWER_F1,21-09-2023,12:56:00,257.4,257.4,257.4,257.4,23625,79211248
TATAPOWER_F1,21-09-2023,12:57:00,257.45,257.45,257.25,257.25,27000,79106624
TATAPOWER_F1,21-09-2023,12:58:00,257.35,257.35,256.8,256.8,54000,79106624
TATAPOWER_F1,21-09-2023,12:59:00,256.7,256.85,256.6,256.8,151875,79106624
TATAPOWER_F1,21-09-2023,13:00:00,257.0,257.0,257.0,257.0,6750,79106624
TATAPOWER_F1,21-09-2023,13:01:00,256.8,256.95,256.7,256.95,67500,78995248
TATAPOWER_F1,21-09-2023,13:02:00,256.8,256.9,256.8,256.9,16875,78995248
TATAPOWER_F1,21-09-2023,13:03:00,256.85,256.95,256.8,256.95,16875,79039128
TATAPOWER_F1,21-09-2023,13:04:00,256.95,257.05,256.95,257.05,6750,79039128
TATAPOWER_F1,21-09-2023,13:05:00,257.05,257.05,257.05,257.05,3375,79039128
TATAPOWER_F1,21-09-2023,13:06:00,257.25,257.25,257.1,257.1,20250,79012128
TATAPOWER_F1,21-09-2023,13:07:00,257.4,257.4,257.4,257.4,6750,79012128
TATAPOWER_F1,21-09-2023,13:08:00,257.45,257.45,257.4,257.4,6750,79012128
TATAPOWER_F1,21-09-2023,13:09:00,257.4,257.5,257.4,257.5,91125,79015504
TATAPOWER_F1,21-09-2023,13:10:00,257.6,257.6,257.25,257.25,259875,79015504
TATAPOWER_F1,21-09-2023,13:11:00,257.15,257.15,257.05,257.15,64125,79015504
TATAPOWER_F1,21-09-2023,13:12:00,257.1,257.4,257.1,257.25,94500,78995248
TATAPOWER_F1,21-09-2023,13:13:00,257.35,257.4,257.1,257.1,64125,78995248
TATAPOWER_F1,21-09-2023,13:14:00,257.15,257.3,257.15,257.3,6750,78995248
TATAPOWER_F1,21-09-2023,13:15:00,257.3,257.65,257.3,257.65,37125,78991872
TATAPOWER_F1,21-09-2023,13:16:00,257.75,257.75,257.6,257.75,16875,78991872
TATAPOWER_F1,21-09-2023,13:17:00,257.7,257.75,257.55,257.75,27000,78991872
TATAPOWER_F1,21-09-2023,13:18:00,257.75,258.0,257.7,258.0,54000,78883872
TATAPOWER_F1,21-09-2023,13:19:00,258.15,258.6,258.15,258.6,297000,78883872
TATAPOWER_F1,21-09-2023,13:20:00,258.65,258.65,258.25,258.45,135000,78883872
TATAPOWER_F1,21-09-2023,13:21:00,258.55,258.8,258.55,258.8,30375,78941248
TATAPOWER_F1,21-09-2023,13:22:00,258.65,258.65,258.5,258.5,20250,78941248
TATAPOWER_F1,21-09-2023,13:23:00,258.4,258.4,258.1,258.1,23625,78941248
TATAPOWER_F1,21-09-2023,13:24:00,258.05,258.05,257.95,258.05,27000,78951376
TATAPOWER_F1,21-09-2023,13:25:00,257.9,258.1,257.9,258.1,27000,78951376
TATAPOWER_F1,21-09-2023,13:26:00,258.1,258.2,257.9,257.9,40500,78951376
TATAPOWER_F1,21-09-2023,13:27:00,258.0,258.0,258.0,258.0,3375,78961504
TATAPOWER_F1,21-09-2023,13:28:00,258.1,258.15,257.95,258.15,30375,78961504
TATAPOWER_F1,21-09-2023,13:29:00,258.2,258.2,258.1,258.1,16875,78961504
TATAPOWER_F1,21-09-2023,13:30:00,258.3,258.5,258.3,258.45,23625,78961504
TATAPOWER_F1,21-09-2023,13:31:00,258.0,258.0,258.0,258.0,3375,78961504
TATAPOWER_F1,21-09-2023,13:32:00,258.05,258.1,258.0,258.1,47250,78961504
TATAPOWER_F1,21-09-2023,13:33:00,258.0,258.1,258.0,258.1,10125,78958128
TATAPOWER_F1,21-09-2023,13:34:00,257.8,257.8,257.35,257.4,226125,78958128
TATAPOWER_F1,21-09-2023,13:35:00,257.35,257.35,257.3,257.3,23625,78958128
TATAPOWER_F1,21-09-2023,13:36:00,257.4,257.4,257.4,257.4,6750,79126872
TATAPOWER_F1,21-09-2023,13:37:00,257.65,257.7,257.6,257.6,13500,79126872
TATAPOWER_F1,21-09-2023,13:38:00,257.6,257.65,257.5,257.65,27000,79126872
TATAPOWER_F1,21-09-2023,13:39:00,257.65,257.65,257.6,257.65,13500,79126872
TATAPOWER_F1,21-09-2023,13:40:00,257.8,257.8,257.8,257.8,3375,79116752
TATAPOWER_F1,21-09-2023,13:41:00,257.8,257.85,257.8,257.85,13500,79116752
TATAPOWER_F1,21-09-2023,13:43:00,257.85,257.85,257.6,257.6,23625,79116752
TATAPOWER_F1,21-09-2023,13:44:00,257.55,257.55,257.55,257.55,3375,79116752
TATAPOWER_F1,21-09-2023,13:45:00,257.55,257.55,257.3,257.3,37125,79116752
TATAPOWER_F1,21-09-2023,13:46:00,257.55,257.7,257.55,257.7,84375,79116752
TATAPOWER_F1,21-09-2023,13:47:00,257.55,257.6,257.55,257.6,23625,79116752
TATAPOWER_F1,21-09-2023,13:48:00,257.4,257.4,257.4,257.4,13500,79116752
TATAPOWER_F1,21-09-2023,13:49:00,257.5,257.5,257.35,257.35,20250,79069504
TATAPOWER_F1,21-09-2023,13:50:00,257.3,257.45,257.3,257.45,16875,79069504
TATAPOWER_F1,21-09-2023,13:51:00,257.55,257.65,257.55,257.65,57375,79076248
TATAPOWER_F1,21-09-2023,13:52:00,257.65,257.65,257.65,257.65,27000,79076248
TATAPOWER_F1,21-09-2023,13:53:00,257.8,257.8,257.8,257.8,23625,79076248
TATAPOWER_F1,21-09-2023,13:54:00,257.8,257.85,257.8,257.85,30375,79096496
TATAPOWER_F1,21-09-2023,13:55:00,257.95,257.95,257.95,257.95,3375,79096496
TATAPOWER_F1,21-09-2023,13:56:00,257.8,257.8,257.8,257.8,13500,79096496
TATAPOWER_F1,21-09-2023,13:57:00,257.75,257.75,257.75,257.75,3375,79099872
TATAPOWER_F1,21-09-2023,13:58:00,257.75,257.75,257.75,257.75,3375,79099872
TATAPOWER_F1,21-09-2023,13:59:00,258.0,258.0,257.85,257.85,13500,79099872
TATAPOWER_F1,21-09-2023,14:00:00,258.0,258.3,258.0,258.2,43875,79096496
TATAPOWER_F1,21-09-2023,14:01:00,258.05,258.05,257.8,258.0,77625,79096496
TATAPOWER_F1,21-09-2023,14:02:00,258.05,258.2,258.05,258.05,27000,79096496
TATAPOWER_F1,21-09-2023,14:03:00,258.0,258.1,258.0,258.1,10125,79079624
TATAPOWER_F1,21-09-2023,14:06:00,258.1,258.1,258.1,258.1,10125,79079624
TATAPOWER_F1,21-09-2023,14:07:00,258.15,258.15,258.15,258.15,3375,79079624
TATAPOWER_F1,21-09-2023,14:09:00,258.1,258.1,258.1,258.1,10125,79079624
TATAPOWER_F1,21-09-2023,14:10:00,257.9,257.9,257.9,257.9,13500,79083000
TATAPOWER_F1,21-09-2023,14:11:00,257.7,258.0,257.7,257.95,13500,79083000
TATAPOWER_F1,21-09-2023,14:13:00,257.75,257.75,257.7,257.7,10125,79086376
TATAPOWER_F1,21-09-2023,14:14:00,257.65,257.65,257.65,257.65,6750,79086376
TATAPOWER_F1,21-09-2023,14:15:00,257.65,257.65,257.65,257.65,3375,79086376
TATAPOWER_F1,21-09-2023,14:16:00,257.7,257.7,257.5,257.55,33750,79083000
TATAPOWER_F1,21-09-2023,14:17:00,257.6,257.6,257.35,257.35,13500,79083000
TATAPOWER_F1,21-09-2023,14:19:00,257.7,257.9,257.7,257.9,33750,79035752
TATAPOWER_F1,21-09-2023,14:20:00,257.9,257.95,257.9,257.95,23625,79035752
TATAPOWER_F1,21-09-2023,14:21:00,258.05,258.1,258.0,258.1,13500,79039128
TATAPOWER_F1,21-09-2023,14:22:00,258.1,258.1,258.0,258.0,16875,79039128
TATAPOWER_F1,21-09-2023,14:23:00,257.85,257.85,257.75,257.75,40500,79039128
TATAPOWER_F1,21-09-2023,14:24:00,257.7,257.7,257.7,257.7,13500,79032376
TATAPOWER_F1,21-09-2023,14:25:00,257.6,257.9,257.6,257.9,50625,79032376
TATAPOWER_F1,21-09-2023,14:26:00,257.75,257.75,257.4,257.4,27000,79032376
TATAPOWER_F1,21-09-2023,14:27:00,257.4,257.6,257.35,257.6,47250,79042496
TATAPOWER_F1,21-09-2023,14:28:00,257.6,257.6,257.35,257.6,13500,79042496
TATAPOWER_F1,21-09-2023,14:29:00,257.5,257.65,257.5,257.6,27000,79042496
TATAPOWER_F1,21-09-2023,14:30:00,257.7,257.8,257.7,257.8,16875,78958128
TATAPOWER_F1,21-09-2023,14:31:00,257.8,257.8,257.75,257.75,13500,78958128
TATAPOWER_F1,21-09-2023,14:32:00,257.7,258.15,257.7,258.15,37125,78958128
TATAPOWER_F1,21-09-2023,14:33:00,258.15,258.15,258.15,258.15,3375,78951376
TATAPOWER_F1,21-09-2023,14:34:00,258.15,258.15,258.1,258.1,16875,78951376
TATAPOWER_F1,21-09-2023,14:35:00,258.05,258.05,258.05,258.05,23625,78951376
TATAPOWER_F1,21-09-2023,14:36:00,258.1,258.1,258.05,258.05,10125,78944624
TATAPOWER_F1,21-09-2023,14:37:00,257.9,257.9,257.9,257.9,3375,78944624
TATAPOWER_F1,21-09-2023,14:38:00,257.75,257.8,257.65,257.65,16875,78944624
TATAPOWER_F1,21-09-2023,14:39:00,257.75,257.75,257.75,257.75,6750,78944624
TATAPOWER_F1,21-09-2023,14:40:00,257.6,257.9,257.6,257.75,47250,78948000
TATAPOWER_F1,21-09-2023,14:41:00,257.65,257.65,257.65,257.65,3375,78948000
TATAPOWER_F1,21-09-2023,14:42:00,257.5,257.5,257.5,257.5,6750,78937872
TATAPOWER_F1,21-09-2023,14:43:00,257.55,257.55,257.35,257.4,94500,78937872
TATAPOWER_F1,21-09-2023,14:44:00,257.55,257.55,257.25,257.35,135000,78937872
TATAPOWER_F1,21-09-2023,14:45:00,257.45,257.45,257.3,257.3,16875,78998624
TATAPOWER_F1,21-09-2023,14:46:00,257.3,257.3,257.3,257.3,20250,78998624
TATAPOWER_F1,21-09-2023,14:47:00,257.15,257.15,257.15,257.15,10125,78998624
TATAPOWER_F1,21-09-2023,14:48:00,257.2,257.3,257.15,257.3,20250,78941248
TATAPOWER_F1,21-09-2023,14:49:00,257.2,257.2,256.85,256.85,57375,78941248
TATAPOWER_F1,21-09-2023,14:50:00,256.95,256.95,256.75,256.75,20250,78941248
TATAPOWER_F1,21-09-2023,14:51:00,256.75,256.8,256.6,256.8,50625,78941248
TATAPOWER_F1,21-09-2023,14:52:00,256.95,257.2,256.95,257.15,13500,78941248
TATAPOWER_F1,21-09-2023,14:53:00,257.2,257.2,257.1,257.1,13500,78941248
TATAPOWER_F1,21-09-2023,14:54:00,257.1,257.1,257.0,257.1,37125,78951376
TATAPOWER_F1,21-09-2023,14:55:00,257.05,257.2,257.05,257.1,47250,78951376
TATAPOWER_F1,21-09-2023,14:56:00,257.25,257.3,257.15,257.3,20250,78951376
TATAPOWER_F1,21-09-2023,14:57:00,257.2,257.2,257.05,257.05,20250,78951376
TATAPOWER_F1,21-09-2023,14:58:00,257.15,257.35,257.15,257.3,27000,78941248
TATAPOWER_F1,21-09-2023,14:59:00,257.35,257.35,257.35,257.35,6750,78941248
TATAPOWER_F1,21-09-2023,15:00:00,257.55,257.6,257.05,257.2,84375,78927752
TATAPOWER_F1,21-09-2023,15:01:00,257.2,257.45,257.1,257.45,20250,78927752
TATAPOWER_F1,21-09-2023,15:02:00,257.45,257.6,257.4,257.55,60750,78927752
TATAPOWER_F1,21-09-2023,15:03:00,257.6,257.75,257.6,257.75,16875,78860248
TATAPOWER_F1,21-09-2023,15:04:00,257.45,257.45,257.25,257.25,50625,78860248
TATAPOWER_F1,21-09-2023,15:05:00,257.3,257.4,257.3,257.4,13500,78860248
TATAPOWER_F1,21-09-2023,15:06:00,257.35,257.35,257.2,257.2,47250,78870376
TATAPOWER_F1,21-09-2023,15:07:00,257.2,257.25,257.2,257.25,6750,78870376
TATAPOWER_F1,21-09-2023,15:08:00,257.25,257.25,257.1,257.15,23625,78870376
TATAPOWER_F1,21-09-2023,15:09:00,257.2,257.2,257.05,257.1,37125,78846752
TATAPOWER_F1,21-09-2023,15:10:00,257.1,257.25,257.1,257.2,47250,78846752
TATAPOWER_F1,21-09-2023,15:11:00,257.15,257.15,257.05,257.05,37125,78846752
TATAPOWER_F1,21-09-2023,15:12:00,257.1,257.4,257.0,257.0,232875,78927752
TATAPOWER_F1,21-09-2023,15:13:00,257.1,257.15,257.0,257.05,64125,78927752
TATAPOWER_F1,21-09-2023,15:14:00,257.05,257.25,257.05,257.25,30375,78927752
TATAPOWER_F1,21-09-2023,15:15:00,257.25,257.25,257.1,257.1,37125,78867000
TATAPOWER_F1,21-09-2023,15:16:00,257.15,257.15,256.8,256.8,77625,78867000
TATAPOWER_F1,21-09-2023,15:17:00,256.85,257.0,256.85,256.95,64125,78867000
TATAPOWER_F1,21-09-2023,15:18:00,256.9,257.1,256.9,257.1,57375,78856872
TATAPOWER_F1,21-09-2023,15:19:00,257.1,257.1,256.95,257.05,131625,78856872
TATAPOWER_F1,21-09-2023,15:20:00,257.05,257.05,256.9,256.9,94500,78856872
TATAPOWER_F1,21-09-2023,15:21:00,256.95,257.1,256.95,257.1,340875,78769128
TATAPOWER_F1,21-09-2023,15:22:00,257.0,257.2,257.0,257.1,81000,78769128
TATAPOWER_F1,21-09-2023,15:23:00,257.15,257.15,256.95,256.95,74250,78769128
TATAPOWER_F1,21-09-2023,15:24:00,257.05,257.05,256.95,256.95,114750,78711752
TATAPOWER_F1,21-09-2023,15:25:00,256.9,256.9,256.9,256.9,70875,78711752
TATAPOWER_F1,21-09-2023,15:26:00,257.0,257.0,256.95,256.95,43875,78711752
TATAPOWER_F1,21-09-2023,15:27:00,256.95,256.95,256.95,256.95,47250,78688128
TATAPOWER_F1,21-09-2023,15:28:00,256.9,256.9,256.7,256.8,114750,78688128
TATAPOWER_F1,21-09-2023,15:29:00,256.75,256.8,256.65,256.75,84375,78688128
TATAPOWER_F1,22-09-2023,09:15:00,258.5,258.5,256.9,257.4,108002,75586496
TATAPOWER_F1,22-09-2023,09:16:00,257.3,257.75,257.3,257.75,128250,75586496
TATAPOWER_F1,22-09-2023,09:17:00,257.65,258.4,257.65,258.2,60750,75589872
TATAPOWER_F1,22-09-2023,09:18:00,258.1,258.3,257.95,258.05,172125,75589872
TATAPOWER_F1,22-09-2023,09:19:00,258.45,258.5,258.2,258.2,43875,75589872
TATAPOWER_F1,22-09-2023,09:20:00,258.2,258.35,258.0,258.35,33750,75593248
TATAPOWER_F1,22-09-2023,09:21:00,258.25,258.7,258.05,258.7,108000,75593248
TATAPOWER_F1,22-09-2023,09:22:00,258.45,258.55,258.1,258.4,84375,75593248
TATAPOWER_F1,22-09-2023,09:23:00,258.2,258.2,257.7,257.9,77625,75556128
TATAPOWER_F1,22-09-2023,09:24:00,257.8,258.35,257.8,258.2,37125,75556128
TATAPOWER_F1,22-09-2023,09:25:00,258.2,258.7,258.2,258.7,118125,75556128
TATAPOWER_F1,22-09-2023,09:26:00,258.75,258.95,258.5,258.7,280125,75586496
TATAPOWER_F1,22-09-2023,09:27:00,258.7,258.7,258.3,258.35,118125,75586496
TATAPOWER_F1,22-09-2023,09:28:00,258.25,258.4,258.0,258.0,688500,75586496
TATAPOWER_F1,22-09-2023,09:29:00,258.0,258.0,257.3,257.5,310500,75549376
TATAPOWER_F1,22-09-2023,09:30:00,257.5,257.55,256.75,257.05,172125,75549376
TATAPOWER_F1,22-09-2023,09:31:00,256.85,256.85,255.8,255.8,199125,75549376
TATAPOWER_F1,22-09-2023,09:32:00,256.1,256.75,255.95,256.65,172125,75556128
TATAPOWER_F1,22-09-2023,09:33:00,256.55,257.5,256.55,257.5,70875,75556128
TATAPOWER_F1,22-09-2023,09:34:00,257.4,257.4,257.15,257.35,20250,75556128
TATAPOWER_F1,22-09-2023,09:35:00,257.15,257.6,257.15,257.6,30375,75549376
TATAPOWER_F1,22-09-2023,09:36:00,257.6,258.0,257.6,257.75,114750,75549376
TATAPOWER_F1,22-09-2023,09:37:00,257.8,258.3,257.8,258.3,94500,75549376
TATAPOWER_F1,22-09-2023,09:38:00,258.15,258.75,258.05,258.75,101250,75485248
TATAPOWER_F1,22-09-2023,09:39:00,258.7,258.9,258.5,258.85,209250,75485248
TATAPOWER_F1,22-09-2023,09:40:00,258.8,258.9,257.95,258.05,81000,75485248
TATAPOWER_F1,22-09-2023,09:41:00,258.0,258.4,257.8,258.4,77625,75515624
TATAPOWER_F1,22-09-2023,09:42:00,258.3,258.3,257.95,258.2,67500,75515624
TATAPOWER_F1,22-09-2023,09:43:00,258.2,258.6,258.05,258.05,111375,75515624
TATAPOWER_F1,22-09-2023,09:44:00,258.0,258.1,257.95,257.95,87750,75481872
TATAPOWER_F1,22-09-2023,09:45:00,257.95,258.0,257.9,258.0,37125,75481872
TATAPOWER_F1,22-09-2023,09:46:00,258.0,258.0,258.0,258.0,10125,75481872
TATAPOWER_F1,22-09-2023,09:47:00,257.95,257.95,257.75,257.75,13500,75492000
TATAPOWER_F1,22-09-2023,09:48:00,257.6,257.75,257.6,257.75,27000,75492000
TATAPOWER_F1,22-09-2023,09:49:00,257.7,257.75,257.4,257.4,108000,75492000
TATAPOWER_F1,22-09-2023,09:50:00,257.25,257.4,257.25,257.3,57375,75454872
TATAPOWER_F1,22-09-2023,09:51:00,257.2,257.45,257.2,257.3,91125,75454872
TATAPOWER_F1,22-09-2023,09:52:00,257.35,257.6,256.75,256.75,337500,75454872
TATAPOWER_F1,22-09-2023,09:53:00,256.7,257.05,256.45,256.6,97875,75529128
TATAPOWER_F1,22-09-2023,09:54:00,256.6,256.75,256.2,256.55,212625,75529128
TATAPOWER_F1,22-09-2023,09:55:00,256.55,257.0,256.45,256.95,74250,75529128
TATAPOWER_F1,22-09-2023,09:56:00,256.8,256.8,256.25,256.25,67500,75495376
TATAPOWER_F1,22-09-2023,09:57:00,256.35,256.35,256.2,256.2,30375,75495376
TATAPOWER_F1,22-09-2023,09:58:00,256.0,256.05,255.5,255.8,273375,75495376
TATAPOWER_F1,22-09-2023,09:59:00,255.8,256.0,255.15,255.6,222750,75583128
TATAPOWER_F1,22-09-2023,10:00:00,255.55,255.95,255.35,255.8,101250,75583128
TATAPOWER_F1,22-09-2023,10:01:00,255.95,255.95,255.35,255.35,101250,75583128
TATAPOWER_F1,22-09-2023,10:02:00,255.4,255.5,255.3,255.4,81000,75573000
TATAPOWER_F1,22-09-2023,10:03:00,255.25,255.25,255.1,255.15,94500,75573000
TATAPOWER_F1,22-09-2023,10:04:00,255.1,255.15,254.65,254.65,135000,75573000
TATAPOWER_F1,22-09-2023,10:05:00,254.8,255.2,254.4,254.65,199125,75498752
TATAPOWER_F1,22-09-2023,10:06:00,254.85,255.35,254.7,255.35,67500,75498752
TATAPOWER_F1,22-09-2023,10:07:00,255.25,255.25,254.85,254.85,47250,75498752
TATAPOWER_F1,22-09-2023,10:08:00,255.15,255.6,255.15,255.6,50625,75471752
TATAPOWER_F1,22-09-2023,10:09:00,255.8,255.9,255.65,255.65,70875,75471752
TATAPOWER_F1,22-09-2023,10:10:00,255.3,255.65,255.25,255.65,67500,75471752
TATAPOWER_F1,22-09-2023,10:11:00,255.65,255.9,255.65,255.9,13500,75431248
TATAPOWER_F1,22-09-2023,10:12:00,255.9,256.15,255.9,256.1,97875,75431248
TATAPOWER_F1,22-09-2023,10:13:00,256.05,256.15,255.8,256.15,91125,75431248
TATAPOWER_F1,22-09-2023,10:14:00,256.05,256.05,255.85,255.85,10125,75431248
TATAPOWER_F1,22-09-2023,10:15:00,255.8,255.8,255.6,255.7,37125,75411000
TATAPOWER_F1,22-09-2023,10:16:00,255.6,255.6,255.5,255.5,37125,75411000
TATAPOWER_F1,22-09-2023,10:17:00,255.45,255.45,255.2,255.2,23625,75424496
TATAPOWER_F1,22-09-2023,10:18:00,255.3,255.3,255.0,255.0,16875,75424496
TATAPOWER_F1,22-09-2023,10:19:00,254.8,254.85,254.65,254.8,33750,75424496
TATAPOWER_F1,22-09-2023,10:20:00,254.7,254.85,254.5,254.5,104625,75444752
TATAPOWER_F1,22-09-2023,10:21:00,254.7,255.3,254.6,255.3,81000,75444752
TATAPOWER_F1,22-09-2023,10:22:00,255.15,255.45,255.1,255.1,30375,75444752
TATAPOWER_F1,22-09-2023,10:23:00,255.3,255.6,255.3,255.6,23625,75454872
TATAPOWER_F1,22-09-2023,10:24:00,255.7,255.7,255.55,255.7,27000,75454872
TATAPOWER_F1,22-09-2023,10:25:00,255.7,255.75,255.7,255.75,16875,75454872
TATAPOWER_F1,22-09-2023,10:26:00,255.75,256.1,255.75,255.9,77625,75400872
TATAPOWER_F1,22-09-2023,10:27:00,255.55,255.7,255.55,255.7,33750,75400872
TATAPOWER_F1,22-09-2023,10:28:00,256.0,256.05,256.0,256.0,16875,75400872
TATAPOWER_F1,22-09-2023,10:29:00,255.95,256.25,255.95,256.25,16875,75377248
TATAPOWER_F1,22-09-2023,10:30:00,256.15,256.2,256.05,256.05,27000,75377248
TATAPOWER_F1,22-09-2023,10:31:00,256.2,256.5,256.05,256.45,57375,75377248
TATAPOWER_F1,22-09-2023,10:32:00,256.45,256.45,256.35,256.45,47250,75357000
TATAPOWER_F1,22-09-2023,10:33:00,256.45,256.7,256.3,256.7,70875,75357000
TATAPOWER_F1,22-09-2023,10:34:00,256.7,256.75,256.6,256.65,33750,75357000
TATAPOWER_F1,22-09-2023,10:35:00,256.7,256.7,256.3,256.4,30375,75363752
TATAPOWER_F1,22-09-2023,10:36:00,256.4,256.4,256.4,256.4,16875,75363752
TATAPOWER_F1,22-09-2023,10:37:00,256.4,256.5,256.15,256.5,27000,75363752
TATAPOWER_F1,22-09-2023,10:38:00,256.4,256.55,256.4,256.55,10125,75346872
TATAPOWER_F1,22-09-2023,10:39:00,256.6,256.6,256.6,256.6,16875,75346872
TATAPOWER_F1,22-09-2023,10:40:00,256.6,256.7,256.6,256.7,13500,75346872
TATAPOWER_F1,22-09-2023,10:41:00,256.9,256.9,256.7,256.85,84375,75303000
TATAPOWER_F1,22-09-2023,10:42:00,256.9,256.9,256.7,256.7,50625,75303000
TATAPOWER_F1,22-09-2023,10:43:00,256.75,256.9,256.75,256.85,10125,75303000
TATAPOWER_F1,22-09-2023,10:44:00,257.0,257.0,257.0,257.0,84375,75262496
TATAPOWER_F1,22-09-2023,10:45:00,257.05,257.05,256.95,257.05,33750,75262496
TATAPOWER_F1,22-09-2023,10:46:00,257.05,257.15,257.0,257.15,40500,75262496
TATAPOWER_F1,22-09-2023,10:47:00,257.0,257.15,257.0,257.0,30375,75255752
TATAPOWER_F1,22-09-2023,10:48:00,256.9,257.0,256.75,256.95,175500,75255752
TATAPOWER_F1,22-09-2023,10:49:00,257.05,257.05,256.7,256.9,64125,75255752
TATAPOWER_F1,22-09-2023,10:50:00,256.8,256.8,256.8,256.8,6750,75255752
TATAPOWER_F1,22-09-2023,10:51:00,256.9,256.9,256.9,256.9,33750,75265872
TATAPOWER_F1,22-09-2023,10:52:00,256.75,256.85,256.75,256.85,13500,75265872
TATAPOWER_F1,22-09-2023,10:53:00,257.0,257.0,256.8,256.9,43875,75269248
TATAPOWER_F1,22-09-2023,10:54:00,256.9,257.0,256.8,256.9,94500,75269248
TATAPOWER_F1,22-09-2023,10:55:00,256.9,256.9,256.85,256.85,40500,75269248
TATAPOWER_F1,22-09-2023,10:56:00,256.8,257.2,256.8,257.2,87750,75222000
TATAPOWER_F1,22-09-2023,10:57:00,257.25,257.3,257.25,257.3,13500,75222000
TATAPOWER_F1,22-09-2023,10:58:00,257.45,257.55,257.3,257.45,155250,75222000
TATAPOWER_F1,22-09-2023,10:59:00,257.55,257.7,257.5,257.5,141750,75174752
TATAPOWER_F1,22-09-2023,11:00:00,257.6,257.75,257.55,257.7,118125,75174752
TATAPOWER_F1,22-09-2023,11:01:00,257.65,257.85,257.65,257.85,91125,75174752
TATAPOWER_F1,22-09-2023,11:02:00,257.85,257.9,257.7,257.9,185625,75201752
TATAPOWER_F1,22-09-2023,11:03:00,257.95,258.25,257.85,257.9,189000,75201752
TATAPOWER_F1,22-09-2023,11:04:00,257.9,257.9,257.75,257.8,37125,75201752
TATAPOWER_F1,22-09-2023,11:05:00,257.8,257.85,257.75,257.85,20250,75100496
TATAPOWER_F1,22-09-2023,11:06:00,257.9,257.9,257.9,257.9,37125,75100496
TATAPOWER_F1,22-09-2023,11:07:00,257.8,258.0,257.8,258.0,43875,75100496
TATAPOWER_F1,22-09-2023,11:08:00,258.0,258.1,258.0,258.1,50625,75100496
TATAPOWER_F1,22-09-2023,11:09:00,258.15,258.3,258.1,258.1,40500,74958752
TATAPOWER_F1,22-09-2023,11:10:00,258.05,258.2,258.05,258.05,27000,74958752
TATAPOWER_F1,22-09-2023,11:11:00,258.15,258.15,258.05,258.05,13500,74952000
TATAPOWER_F1,22-09-2023,11:12:00,258.05,258.15,258.0,258.15,33750,74952000
TATAPOWER_F1,22-09-2023,11:13:00,258.15,258.35,258.15,258.35,50625,74952000
TATAPOWER_F1,22-09-2023,11:14:00,258.2,258.2,258.05,258.1,37125,74952000
TATAPOWER_F1,22-09-2023,11:15:00,258.35,258.35,258.2,258.25,33750,74955376
TATAPOWER_F1,22-09-2023,11:16:00,258.55,258.6,258.05,258.1,97875,74955376
TATAPOWER_F1,22-09-2023,11:17:00,258.15,258.35,258.1,258.1,43875,74941872
TATAPOWER_F1,22-09-2023,11:18:00,257.95,257.95,257.7,257.8,43875,74941872
TATAPOWER_F1,22-09-2023,11:19:00,257.7,257.85,257.7,257.85,13500,74941872
TATAPOWER_F1,22-09-2023,11:20:00,258.0,258.1,258.0,258.1,23625,74921624
TATAPOWER_F1,22-09-2023,11:21:00,258.0,258.0,257.85,257.85,13500,74921624
TATAPOWER_F1,22-09-2023,11:22:00,257.85,258.05,257.85,258.05,94500,74921624
TATAPOWER_F1,22-09-2023,11:23:00,257.9,257.9,257.8,257.8,10125,74921624
TATAPOWER_F1,22-09-2023,11:24:00,257.85,257.85,257.85,257.85,6750,74941872
TATAPOWER_F1,22-09-2023,11:25:00,257.7,257.7,257.25,257.25,27000,74941872
TATAPOWER_F1,22-09-2023,11:26:00,257.25,257.25,257.2,257.2,16875,74901376
TATAPOWER_F1,22-09-2023,11:27:00,257.3,257.5,257.3,257.5,64125,74901376
TATAPOWER_F1,22-09-2023,11:28:00,257.55,257.7,257.5,257.55,91125,74901376
TATAPOWER_F1,22-09-2023,11:29:00,257.7,257.75,257.7,257.7,30375,74901376
TATAPOWER_F1,22-09-2023,11:30:00,257.55,257.55,257.55,257.55,13500,74901376
TATAPOWER_F1,22-09-2023,11:31:00,257.45,257.45,257.35,257.35,13500,74901376
TATAPOWER_F1,22-09-2023,11:32:00,257.4,257.7,257.4,257.7,13500,74898000
TATAPOWER_F1,22-09-2023,11:33:00,257.7,258.05,257.7,258.05,20250,74898000
TATAPOWER_F1,22-09-2023,11:34:00,258.05,258.05,257.9,258.0,33750,74898000
TATAPOWER_F1,22-09-2023,11:35:00,258.0,258.1,258.0,258.1,13500,74898000
TATAPOWER_F1,22-09-2023,11:36:00,258.15,258.2,258.1,258.1,20250,74881128
TATAPOWER_F1,22-09-2023,11:37:00,258.1,258.1,258.1,258.1,6750,74881128
TATAPOWER_F1,22-09-2023,11:38:00,258.25,258.25,258.1,258.1,13500,74881128
TATAPOWER_F1,22-09-2023,11:39:00,258.0,258.2,257.9,258.2,54000,74874376
TATAPOWER_F1,22-09-2023,11:40:00,258.25,258.35,258.2,258.2,60750,74874376
TATAPOWER_F1,22-09-2023,11:41:00,258.2,258.2,258.0,258.0,23625,74874376
TATAPOWER_F1,22-09-2023,11:42:00,258.15,258.15,258.15,258.15,6750,74854128
TATAPOWER_F1,22-09-2023,11:43:00,258.05,258.2,258.05,258.2,16875,74854128
TATAPOWER_F1,22-09-2023,11:44:00,258.1,258.1,257.95,258.0,27000,74854128
TATAPOWER_F1,22-09-2023,11:45:00,257.95,257.95,257.95,257.95,16875,74854128
TATAPOWER_F1,22-09-2023,11:46:00,257.95,257.95,257.75,257.75,10125,74854128
TATAPOWER_F1,22-09-2023,11:47:00,257.75,257.8,257.7,257.8,10125,74857504
TATAPOWER_F1,22-09-2023,11:48:00,257.8,258.0,257.65,258.0,50625,74857504
TATAPOWER_F1,22-09-2023,11:49:00,258.0,258.1,257.95,258.1,50625,74857504
TATAPOWER_F1,22-09-2023,11:50:00,258.1,258.2,258.0,258.2,50625,74850752
TATAPOWER_F1,22-09-2023,11:51:00,258.35,258.35,258.25,258.25,23625,74850752
TATAPOWER_F1,22-09-2023,11:52:00,258.25,258.25,258.0,258.0,6750,74850752
TATAPOWER_F1,22-09-2023,11:53:00,258.0,258.0,258.0,258.0,3375,74850752
TATAPOWER_F1,22-09-2023,11:54:00,257.95,257.95,257.95,257.95,6750,74817000
TATAPOWER_F1,22-09-2023,11:55:00,258.0,258.1,258.0,258.1,6750,74817000
TATAPOWER_F1,22-09-2023,11:56:00,258.0,258.1,258.0,258.1,50625,74817000
TATAPOWER_F1,22-09-2023,11:57:00,258.25,258.25,258.25,258.25,6750,74813624
TATAPOWER_F1,22-09-2023,11:58:00,258.15,258.15,258.15,258.15,43875,74813624
TATAPOWER_F1,22-09-2023,11:59:00,258.45,258.6,258.2,258.2,199125,74790000
TATAPOWER_F1,22-09-2023,12:00:00,258.35,258.35,258.25,258.25,10125,74790000
TATAPOWER_F1,22-09-2023,12:01:00,258.55,258.6,258.5,258.5,40500,74790000
TATAPOWER_F1,22-09-2023,12:02:00,258.5,258.5,258.5,258.5,3375,74790000
TATAPOWER_F1,22-09-2023,12:03:00,258.4,258.4,258.4,258.4,10125,74759624
TATAPOWER_F1,22-09-2023,12:04:00,258.5,258.5,258.5,258.5,6750,74759624
TATAPOWER_F1,22-09-2023,12:05:00,258.55,258.55,258.55,258.55,3375,74759624
TATAPOWER_F1,22-09-2023,12:06:00,258.55,258.55,258.55,258.55,6750,74759624
TATAPOWER_F1,22-09-2023,12:07:00,258.55,258.55,258.55,258.55,10125,74759624
TATAPOWER_F1,22-09-2023,12:08:00,258.55,258.55,258.45,258.45,20250,74759624
TATAPOWER_F1,22-09-2023,12:09:00,258.4,258.4,258.4,258.4,3375,74752872
TATAPOWER_F1,22-09-2023,12:10:00,258.4,258.4,258.15,258.15,30375,74752872
TATAPOWER_F1,22-09-2023,12:11:00,258.15,258.4,258.15,258.4,13500,74752872
TATAPOWER_F1,22-09-2023,12:12:00,258.4,258.5,258.3,258.5,23625,74742752
TATAPOWER_F1,22-09-2023,12:13:00,258.4,258.45,258.25,258.35,91125,74742752
TATAPOWER_F1,22-09-2023,12:14:00,258.4,258.4,258.35,258.35,37125,74742752
TATAPOWER_F1,22-09-2023,12:15:00,258.3,258.3,258.3,258.3,3375,74725872
TATAPOWER_F1,22-09-2023,12:16:00,258.3,258.3,258.2,258.3,128250,74725872
TATAPOWER_F1,22-09-2023,12:17:00,258.4,258.45,258.4,258.45,20250,74725872
TATAPOWER_F1,22-09-2023,12:18:00,258.45,258.45,258.45,258.45,16875,74719128
TATAPOWER_F1,22-09-2023,12:19:00,258.3,258.5,258.3,258.4,50625,74719128
TATAPOWER_F1,22-09-2023,12:20:00,258.55,258.55,258.55,258.55,37125,74719128
TATAPOWER_F1,22-09-2023,12:21:00,258.6,258.6,258.6,258.6,3375,74732624
TATAPOWER_F1,22-09-2023,12:22:00,258.45,258.6,258.4,258.6,13500,74732624
TATAPOWER_F1,22-09-2023,12:23:00,258.7,258.75,258.7,258.75,47250,74732624
TATAPOWER_F1,22-09-2023,12:24:00,258.8,258.8,258.6,258.65,20250,74634752
TATAPOWER_F1,22-09-2023,12:25:00,258.55,258.55,258.25,258.25,33750,74634752
TATAPOWER_F1,22-09-2023,12:26:00,258.4,258.4,258.25,258.3,20250,74634752
TATAPOWER_F1,22-09-2023,12:27:00,258.35,258.35,258.25,258.25,13500,74611128
TATAPOWER_F1,22-09-2023,12:28:00,258.4,258.4,258.3,258.3,27000,74611128
TATAPOWER_F1,22-09-2023,12:30:00,258.4,258.4,258.3,258.3,13500,74614496
TATAPOWER_F1,22-09-2023,12:31:00,258.2,258.25,258.2,258.25,13500,74614496
TATAPOWER_F1,22-09-2023,12:32:00,258.35,258.45,258.35,258.45,13500,74614496
TATAPOWER_F1,22-09-2023,12:33:00,258.4,258.45,258.35,258.35,20250,74607752
TATAPOWER_F1,22-09-2023,12:34:00,258.5,258.55,258.5,258.55,16875,74607752
TATAPOWER_F1,22-09-2023,12:35:00,258.7,258.7,258.7,258.7,3375,74607752
TATAPOWER_F1,22-09-2023,12:36:00,258.7,259.0,258.7,259.0,108000,74607752
TATAPOWER_F1,22-09-2023,12:37:00,258.8,258.85,258.75,258.85,23625,74607752
TATAPOWER_F1,22-09-2023,12:38:00,258.85,259.15,258.85,259.1,60750,74607752
TATAPOWER_F1,22-09-2023,12:39:00,259.15,259.15,258.8,258.95,77625,74590872
TATAPOWER_F1,22-09-2023,12:40:00,258.95,258.95,258.75,258.75,16875,74590872
TATAPOWER_F1,22-09-2023,12:41:00,258.8,258.8,258.8,258.8,3375,74590872
TATAPOWER_F1,22-09-2023,12:42:00,258.8,258.8,258.7,258.7,6750,74607752
TATAPOWER_F1,22-09-2023,12:43:00,258.7,258.9,258.65,258.9,23625,74607752
TATAPOWER_F1,22-09-2023,12:44:00,258.9,259.0,258.9,259.0,57375,74607752
TATAPOWER_F1,22-09-2023,12:45:00,258.9,258.9,258.75,258.75,16875,74587504
TATAPOWER_F1,22-09-2023,12:46:00,259.0,259.0,258.8,258.8,77625,74587504
TATAPOWER_F1,22-09-2023,12:47:00,258.85,258.95,258.85,258.95,13500,74587504
TATAPOWER_F1,22-09-2023,12:48:00,258.95,258.95,258.8,258.8,13500,74523376
TATAPOWER_F1,22-09-2023,12:49:00,258.85,258.85,258.8,258.8,6750,74523376
TATAPOWER_F1,22-09-2023,12:50:00,258.75,258.75,258.7,258.7,27000,74523376
TATAPOWER_F1,22-09-2023,12:51:00,258.7,258.7,258.7,258.7,10125,74516624
TATAPOWER_F1,22-09-2023,12:52:00,258.65,258.65,258.6,258.6,6750,74516624
TATAPOWER_F1,22-09-2023,12:54:00,258.6,258.6,258.6,258.6,3375,74516624
TATAPOWER_F1,22-09-2023,12:55:00,258.5,258.5,258.15,258.15,27000,74516624
TATAPOWER_F1,22-09-2023,12:56:00,258.2,258.2,258.15,258.15,16875,74516624
TATAPOWER_F1,22-09-2023,12:57:00,258.15,258.15,257.8,257.8,70875,74486248
TATAPOWER_F1,22-09-2023,12:58:00,257.8,257.95,257.8,257.95,20250,74486248
TATAPOWER_F1,22-09-2023,12:59:00,257.95,258.1,257.95,258.1,6750,74486248
TATAPOWER_F1,22-09-2023,13:00:00,258.1,258.1,258.1,258.1,6750,74469376
TATAPOWER_F1,22-09-2023,13:01:00,258.1,258.2,258.0,258.2,43875,74469376
TATAPOWER_F1,22-09-2023,13:02:00,258.2,258.3,258.2,258.3,16875,74469376
TATAPOWER_F1,22-09-2023,13:03:00,258.45,258.55,258.45,258.55,37125,74445752
TATAPOWER_F1,22-09-2023,13:04:00,258.5,258.55,258.3,258.55,27000,74445752
TATAPOWER_F1,22-09-2023,13:05:00,258.45,258.45,258.45,258.45,3375,74445752
TATAPOWER_F1,22-09-2023,13:06:00,258.45,258.6,258.45,258.6,23625,74418752
TATAPOWER_F1,22-09-2023,13:07:00,258.55,258.55,258.5,258.5,13500,74418752
TATAPOWER_F1,22-09-2023,13:08:00,258.45,258.45,258.45,258.45,10125,74418752
TATAPOWER_F1,22-09-2023,13:09:00,258.45,258.45,258.45,258.45,3375,74378248
TATAPOWER_F1,22-09-2023,13:10:00,258.45,258.45,258.35,258.35,13500,74378248
TATAPOWER_F1,22-09-2023,13:11:00,258.4,258.4,258.4,258.4,3375,74378248
TATAPOWER_F1,22-09-2023,13:12:00,258.5,258.5,258.5,258.5,16875,74341128
TATAPOWER_F1,22-09-2023,13:13:00,258.5,258.5,258.5,258.5,3375,74341128
TATAPOWER_F1,22-09-2023,13:14:00,258.5,258.5,258.5,258.5,6750,74341128
TATAPOWER_F1,22-09-2023,13:15:00,258.5,258.5,258.4,258.4,10125,74341128
TATAPOWER_F1,22-09-2023,13:16:00,258.4,258.5,258.4,258.45,40500,74341128
TATAPOWER_F1,22-09-2023,13:17:00,258.5,258.55,258.5,258.55,10125,74341128
TATAPOWER_F1,22-09-2023,13:18:00,258.55,258.75,258.45,258.6,94500,74344496
TATAPOWER_F1,22-09-2023,13:19:00,258.8,258.95,258.8,258.95,87750,74344496
TATAPOWER_F1,22-09-2023,13:20:00,259.0,259.05,259.0,259.0,77625,74344496
TATAPOWER_F1,22-09-2023,13:21:00,258.75,258.8,258.75,258.8,27000,74358000
TATAPOWER_F1,22-09-2023,13:22:00,258.8,258.8,258.8,258.8,3375,74358000
TATAPOWER_F1,22-09-2023,13:23:00,258.8,258.8,258.65,258.65,13500,74358000
TATAPOWER_F1,22-09-2023,13:24:00,258.65,258.65,258.65,258.65,33750,74364752
TATAPOWER_F1,22-09-2023,13:25:00,258.65,258.65,258.65,258.65,13500,74364752
TATAPOWER_F1,22-09-2023,13:26:00,258.65,258.65,258.55,258.55,20250,74364752
TATAPOWER_F1,22-09-2023,13:27:00,258.55,258.55,258.2,258.2,13500,74358000
TATAPOWER_F1,22-09-2023,13:28:00,258.25,258.25,258.1,258.15,23625,74358000
TATAPOWER_F1,22-09-2023,13:29:00,258.15,258.15,258.0,258.0,30375,74358000
TATAPOWER_F1,22-09-2023,13:30:00,258.0,258.0,257.7,257.7,91125,74351248
TATAPOWER_F1,22-09-2023,13:31:00,257.45,257.7,257.45,257.7,23625,74351248
TATAPOWER_F1,22-09-2023,13:32:00,257.8,257.85,257.6,257.7,47250,74351248
TATAPOWER_F1,22-09-2023,13:33:00,257.7,257.7,257.45,257.45,30375,74344496
TATAPOWER_F1,22-09-2023,13:34:00,257.35,257.35,257.2,257.2,27000,74344496
TATAPOWER_F1,22-09-2023,13:35:00,257.1,257.3,257.1,257.15,43875,74344496
TATAPOWER_F1,22-09-2023,13:36:00,257.3,257.5,257.3,257.45,16875,74334376
TATAPOWER_F1,22-09-2023,13:37:00,257.15,257.15,257.05,257.05,10125,74334376
TATAPOWER_F1,22-09-2023,13:38:00,257.0,257.35,257.0,257.25,70875,74334376
TATAPOWER_F1,22-09-2023,13:39:00,257.1,257.35,257.0,257.0,138375,74341128
TATAPOWER_F1,22-09-2023,13:40:00,257.3,257.3,257.3,257.3,10125,74341128
TATAPOWER_F1,22-09-2023,13:41:00,257.6,257.6,257.6,257.6,13500,74341128
TATAPOWER_F1,22-09-2023,13:42:00,257.6,257.9,257.6,257.9,23625,74347872
TATAPOWER_F1,22-09-2023,13:43:00,257.8,257.8,257.8,257.8,10125,74347872
TATAPOWER_F1,22-09-2023,13:44:00,257.8,257.8,257.8,257.8,3375,74347872
TATAPOWER_F1,22-09-2023,13:45:00,257.55,257.55,257.5,257.5,10125,74341128
TATAPOWER_F1,22-09-2023,13:46:00,257.2,257.25,257.2,257.25,43875,74341128
TATAPOWER_F1,22-09-2023,13:47:00,257.25,257.35,257.25,257.35,6750,74341128
TATAPOWER_F1,22-09-2023,13:48:00,257.4,257.45,257.4,257.45,16875,74314128
TATAPOWER_F1,22-09-2023,13:49:00,257.45,257.7,257.3,257.7,162000,74314128
TATAPOWER_F1,22-09-2023,13:50:00,257.7,257.7,257.5,257.5,37125,74314128
TATAPOWER_F1,22-09-2023,13:52:00,257.45,257.45,256.95,257.1,54000,74290496
TATAPOWER_F1,22-09-2023,13:54:00,257.1,257.4,257.1,257.4,23625,74310752
TATAPOWER_F1,22-09-2023,13:55:00,257.3,257.35,257.3,257.35,10125,74310752
TATAPOWER_F1,22-09-2023,13:56:00,257.35,257.35,257.25,257.35,13500,74310752
TATAPOWER_F1,22-09-2023,13:57:00,257.4,257.6,257.4,257.6,16875,74307376
TATAPOWER_F1,22-09-2023,13:58:00,257.5,257.7,257.5,257.55,13500,74307376
TATAPOWER_F1,22-09-2023,13:59:00,257.55,257.7,257.55,257.6,27000,74307376
TATAPOWER_F1,22-09-2023,14:00:00,257.7,257.75,257.6,257.75,43875,74310752
TATAPOWER_F1,22-09-2023,14:01:00,257.9,257.9,257.9,257.9,6750,74310752
TATAPOWER_F1,22-09-2023,14:02:00,257.8,257.8,257.75,257.8,27000,74310752
TATAPOWER_F1,22-09-2023,14:03:00,257.75,257.75,257.6,257.6,20250,74293872
TATAPOWER_F1,22-09-2023,14:04:00,257.8,257.85,257.8,257.85,20250,74293872
TATAPOWER_F1,22-09-2023,14:05:00,257.8,257.85,257.8,257.85,16875,74293872
TATAPOWER_F1,22-09-2023,14:06:00,257.85,258.0,257.85,258.0,33750,74287128
TATAPOWER_F1,22-09-2023,14:07:00,258.1,258.1,258.1,258.1,43875,74287128
TATAPOWER_F1,22-09-2023,14:08:00,258.1,258.25,258.1,258.25,87750,74287128
TATAPOWER_F1,22-09-2023,14:09:00,258.2,258.3,258.15,258.15,27000,74250000
TATAPOWER_F1,22-09-2023,14:10:00,258.15,258.15,258.15,258.15,20250,74250000
TATAPOWER_F1,22-09-2023,14:11:00,258.15,258.15,258.15,258.15,3375,74250000
TATAPOWER_F1,22-09-2023,14:12:00,258.05,258.15,258.05,258.05,16875,74229752
TATAPOWER_F1,22-09-2023,14:13:00,258.05,258.05,257.95,257.95,16875,74229752
TATAPOWER_F1,22-09-2023,14:14:00,258.0,258.05,258.0,258.05,13500,74229752
TATAPOWER_F1,22-09-2023,14:15:00,257.8,257.8,257.8,257.8,3375,74226376
TATAPOWER_F1,22-09-2023,14:16:00,257.8,257.8,257.8,257.8,16875,74226376
TATAPOWER_F1,22-09-2023,14:17:00,257.8,257.8,257.6,257.6,13500,74226376
TATAPOWER_F1,22-09-2023,14:18:00,257.6,257.6,257.15,257.2,47250,74219624
TATAPOWER_F1,22-09-2023,14:19:00,257.3,257.3,257.05,257.2,54000,74219624
TATAPOWER_F1,22-09-2023,14:20:00,257.2,257.35,257.2,257.35,20250,74219624
TATAPOWER_F1,22-09-2023,14:21:00,257.35,257.35,257.35,257.35,3375,74219624
TATAPOWER_F1,22-09-2023,14:22:00,257.35,257.35,257.35,257.35,3375,74202752
TATAPOWER_F1,22-09-2023,14:23:00,257.5,257.7,257.5,257.7,16875,74202752
TATAPOWER_F1,22-09-2023,14:24:00,257.7,257.9,257.7,257.9,13500,74202752
TATAPOWER_F1,22-09-2023,14:25:00,257.75,257.75,257.75,257.75,6750,74202752
TATAPOWER_F1,22-09-2023,14:26:00,257.8,257.85,257.65,257.65,16875,74202752
TATAPOWER_F1,22-09-2023,14:27:00,257.7,257.7,257.6,257.6,10125,74196000
TATAPOWER_F1,22-09-2023,14:28:00,257.75,258.0,257.7,257.7,43875,74196000
TATAPOWER_F1,22-09-2023,14:29:00,257.75,257.75,257.75,257.75,20250,74196000
TATAPOWER_F1,22-09-2023,14:30:00,257.75,258.05,257.65,258.05,50625,74172376
TATAPOWER_F1,22-09-2023,14:31:00,258.15,258.15,258.0,258.15,13500,74172376
TATAPOWER_F1,22-09-2023,14:32:00,258.0,258.0,257.8,257.8,13500,74172376
TATAPOWER_F1,22-09-2023,14:33:00,257.8,257.85,257.8,257.85,13500,74158872
TATAPOWER_F1,22-09-2023,14:34:00,257.85,257.85,257.75,257.75,16875,74158872
TATAPOWER_F1,22-09-2023,14:35:00,257.75,257.8,257.7,257.8,27000,74158872
TATAPOWER_F1,22-09-2023,14:36:00,257.8,257.8,257.8,257.8,3375,74158872
TATAPOWER_F1,22-09-2023,14:37:00,257.75,257.9,257.75,257.8,16875,74138624
TATAPOWER_F1,22-09-2023,14:38:00,257.9,257.9,257.75,257.75,27000,74138624
TATAPOWER_F1,22-09-2023,14:39:00,257.9,257.95,257.9,257.95,60750,74148752
TATAPOWER_F1,22-09-2023,14:40:00,257.8,257.8,257.8,257.8,10125,74148752
TATAPOWER_F1,22-09-2023,14:41:00,257.85,258.0,257.8,257.8,77625,74148752
TATAPOWER_F1,22-09-2023,14:42:00,257.7,257.85,257.65,257.8,104625,74152128
TATAPOWER_F1,22-09-2023,14:43:00,257.8,257.8,257.8,257.8,209250,74152128
TATAPOWER_F1,22-09-2023,14:44:00,257.85,257.85,257.85,257.85,6750,74152128
TATAPOWER_F1,22-09-2023,14:45:00,257.9,257.9,257.85,257.85,10125,74135248
TATAPOWER_F1,22-09-2023,14:46:00,257.9,257.9,257.7,257.7,30375,74135248
TATAPOWER_F1,22-09-2023,14:47:00,257.7,257.7,257.5,257.5,16875,74135248
TATAPOWER_F1,22-09-2023,14:48:00,257.5,257.5,257.45,257.45,6750,74135248
TATAPOWER_F1,22-09-2023,14:49:00,257.45,257.5,257.45,257.5,20250,74135248
TATAPOWER_F1,22-09-2023,14:50:00,257.3,257.5,257.3,257.4,50625,74135248
TATAPOWER_F1,22-09-2023,14:52:00,257.6,257.8,257.6,257.65,67500,74125128
TATAPOWER_F1,22-09-2023,14:53:00,257.65,257.65,257.6,257.6,6750,74125128
TATAPOWER_F1,22-09-2023,14:54:00,257.6,257.6,257.4,257.4,6750,74142000
TATAPOWER_F1,22-09-2023,14:55:00,257.55,257.65,257.55,257.65,10125,74142000
TATAPOWER_F1,22-09-2023,14:56:00,257.55,257.6,257.55,257.6,6750,74142000
TATAPOWER_F1,22-09-2023,14:57:00,257.4,257.4,257.4,257.4,40500,74121752
TATAPOWER_F1,22-09-2023,14:58:00,257.35,257.4,257.3,257.4,13500,74121752
TATAPOWER_F1,22-09-2023,14:59:00,257.35,257.35,257.2,257.2,27000,74121752
TATAPOWER_F1,22-09-2023,15:00:00,257.7,257.7,257.6,257.6,81000,74115000
TATAPOWER_F1,22-09-2023,15:01:00,257.35,257.5,257.3,257.45,81000,74115000
TATAPOWER_F1,22-09-2023,15:02:00,257.6,257.6,257.4,257.45,30375,74115000
TATAPOWER_F1,22-09-2023,15:03:00,257.55,257.55,257.35,257.35,33750,74118376
TATAPOWER_F1,22-09-2023,15:04:00,257.45,257.45,257.3,257.3,13500,74118376
TATAPOWER_F1,22-09-2023,15:05:00,257.35,257.35,257.35,257.35,6750,74118376
TATAPOWER_F1,22-09-2023,15:06:00,257.45,257.45,257.4,257.4,10125,74098128
TATAPOWER_F1,22-09-2023,15:07:00,257.4,257.4,257.25,257.25,50625,74098128
TATAPOWER_F1,22-09-2023,15:08:00,257.3,257.3,257.3,257.3,33750,74098128
TATAPOWER_F1,22-09-2023,15:09:00,257.3,257.35,257.3,257.35,47250,74115000
TATAPOWER_F1,22-09-2023,15:10:00,257.55,257.8,257.35,257.35,135000,74115000
TATAPOWER_F1,22-09-2023,15:11:00,257.5,257.5,257.35,257.35,10125,74115000
TATAPOWER_F1,22-09-2023,15:12:00,257.4,257.4,257.3,257.4,43875,74054248
TATAPOWER_F1,22-09-2023,15:13:00,257.4,257.4,257.3,257.3,16875,74054248
TATAPOWER_F1,22-09-2023,15:14:00,257.3,257.3,257.25,257.25,87750,74054248
TATAPOWER_F1,22-09-2023,15:15:00,257.15,257.15,257.1,257.1,74250,74111624
TATAPOWER_F1,22-09-2023,15:16:00,257.1,257.2,257.05,257.2,50625,74111624
TATAPOWER_F1,22-09-2023,15:17:00,257.1,257.1,256.9,256.9,70875,74111624
TATAPOWER_F1,22-09-2023,15:18:00,257.0,257.0,256.75,256.8,70875,74098128
TATAPOWER_F1,22-09-2023,15:19:00,256.8,256.85,256.8,256.85,40500,74098128
TATAPOWER_F1,22-09-2023,15:20:00,256.85,256.85,256.85,256.85,151875,74098128
TATAPOWER_F1,22-09-2023,15:21:00,256.85,256.9,256.75,256.8,124875,74091376
TATAPOWER_F1,22-09-2023,15:22:00,256.85,256.85,256.85,256.85,64125,74091376
TATAPOWER_F1,22-09-2023,15:23:00,256.85,257.15,256.8,257.1,128250,74091376
TATAPOWER_F1,22-09-2023,15:24:00,257.15,257.2,257.15,257.15,182250,74125128
TATAPOWER_F1,22-09-2023,15:25:00,257.25,257.3,257.25,257.3,97875,74125128
TATAPOWER_F1,22-09-2023,15:26:00,257.2,257.3,257.1,257.1,67500,74125128
TATAPOWER_F1,22-09-2023,15:27:00,257.05,257.35,257.05,257.25,101250,74118376
TATAPOWER_F1,22-09-2023,15:28:00,257.3,257.35,257.05,257.2,91125,74118376
TATAPOWER_F1,22-09-2023,15:29:00,257.3,257.8,257.3,257.8,141750,74118376
TATAPOWER_F1,25-09-2023,09:15:00,257.55,258.05,257.35,257.35,118127,68789248
TATAPOWER_F1,25-09-2023,09:16:00,257.2,257.2,257.2,257.2,64125,68789248
TATAPOWER_F1,25-09-2023,09:17:00,257.05,257.5,257.05,257.5,229500,68850000
TATAPOWER_F1,25-09-2023,09:18:00,256.95,256.95,256.4,256.4,114750,68850000
TATAPOWER_F1,25-09-2023,09:19:00,256.3,256.5,256.3,256.5,84375,68850000
TATAPOWER_F1,25-09-2023,09:20:00,256.5,257.0,256.5,257.0,81000,68819624
TATAPOWER_F1,25-09-2023,09:21:00,257.0,257.45,257.0,257.25,64125,68819624
TATAPOWER_F1,25-09-2023,09:22:00,257.0,257.25,257.0,257.0,118125,68819624
TATAPOWER_F1,25-09-2023,09:23:00,257.0,257.0,256.7,256.7,74250,68779128
TATAPOWER_F1,25-09-2023,09:24:00,256.55,256.7,256.1,256.25,155250,68779128
TATAPOWER_F1,25-09-2023,09:25:00,256.35,256.45,256.3,256.45,57375,68779128
TATAPOWER_F1,25-09-2023,09:26:00,256.6,257.15,256.6,256.6,101250,68799376
TATAPOWER_F1,25-09-2023,09:27:00,256.6,256.8,256.55,256.8,27000,68799376
TATAPOWER_F1,25-09-2023,09:28:00,256.9,256.9,256.7,256.7,60750,68799376
TATAPOWER_F1,25-09-2023,09:29:00,256.5,256.55,256.4,256.5,27000,68802752
TATAPOWER_F1,25-09-2023,09:30:00,256.5,256.7,256.5,256.55,54000,68802752
TATAPOWER_F1,25-09-2023,09:31:00,256.6,256.95,256.6,256.7,57375,68802752
TATAPOWER_F1,25-09-2023,09:32:00,256.5,256.85,256.4,256.85,50625,68823000
TATAPOWER_F1,25-09-2023,09:33:00,256.9,257.0,256.9,256.9,57375,68823000
TATAPOWER_F1,25-09-2023,09:34:00,256.85,256.95,256.8,256.95,67500,68823000
TATAPOWER_F1,25-09-2023,09:35:00,256.8,257.1,256.8,257.0,111375,68846624
TATAPOWER_F1,25-09-2023,09:36:00,257.0,257.1,257.0,257.05,27000,68846624
TATAPOWER_F1,25-09-2023,09:37:00,257.05,257.3,257.0,257.2,77625,68846624
TATAPOWER_F1,25-09-2023,09:38:00,257.1,257.45,257.1,257.3,67500,68877000
TATAPOWER_F1,25-09-2023,09:39:00,257.35,257.7,257.35,257.55,67500,68877000
TATAPOWER_F1,25-09-2023,09:40:00,257.55,257.9,257.55,257.8,124875,68877000
TATAPOWER_F1,25-09-2023,09:41:00,257.95,257.95,257.85,257.85,43875,68863504
TATAPOWER_F1,25-09-2023,09:42:00,257.85,257.85,257.7,257.7,60750,68863504
TATAPOWER_F1,25-09-2023,09:43:00,257.6,257.7,257.6,257.65,40500,68863504
TATAPOWER_F1,25-09-2023,09:44:00,257.65,257.65,257.3,257.4,43875,68863504
TATAPOWER_F1,25-09-2023,09:45:00,257.4,257.4,257.25,257.4,13500,68860128
TATAPOWER_F1,25-09-2023,09:46:00,257.3,257.4,257.3,257.3,37125,68860128
TATAPOWER_F1,25-09-2023,09:47:00,257.2,257.2,256.75,256.8,60750,68860128
TATAPOWER_F1,25-09-2023,09:48:00,256.8,257.1,256.8,257.1,104625,68833128
TATAPOWER_F1,25-09-2023,09:49:00,257.1,257.1,257.1,257.1,64125,68833128
TATAPOWER_F1,25-09-2023,09:50:00,257.1,257.1,257.0,257.0,13500,68846624
TATAPOWER_F1,25-09-2023,09:51:00,256.9,256.95,256.8,256.8,54000,68846624
TATAPOWER_F1,25-09-2023,09:52:00,256.9,256.9,256.9,256.9,10125,68846624
TATAPOWER_F1,25-09-2023,09:53:00,256.85,257.1,256.85,257.1,27000,68823000
TATAPOWER_F1,25-09-2023,09:54:00,257.15,257.15,257.05,257.05,23625,68823000
TATAPOWER_F1,25-09-2023,09:55:00,256.95,256.95,256.9,256.9,37125,68823000
TATAPOWER_F1,25-09-2023,09:56:00,256.9,256.95,256.8,256.95,33750,68823000
TATAPOWER_F1,25-09-2023,09:57:00,257.0,257.15,257.0,257.1,30375,68870248
TATAPOWER_F1,25-09-2023,09:58:00,257.1,257.15,257.1,257.15,16875,68870248
TATAPOWER_F1,25-09-2023,09:59:00,257.15,257.5,257.15,257.45,74250,68877000
TATAPOWER_F1,25-09-2023,10:00:00,257.5,257.55,257.5,257.55,20250,68877000
TATAPOWER_F1,25-09-2023,10:01:00,257.35,257.45,257.35,257.4,37125,68877000
TATAPOWER_F1,25-09-2023,10:02:00,257.4,257.4,257.2,257.2,43875,68748752
TATAPOWER_F1,25-09-2023,10:03:00,257.35,257.35,257.1,257.1,37125,68748752
TATAPOWER_F1,25-09-2023,10:04:00,256.85,257.15,256.85,257.1,37125,68748752
TATAPOWER_F1,25-09-2023,10:05:00,256.9,257.05,256.9,257.05,70875,68769000
TATAPOWER_F1,25-09-2023,10:06:00,257.05,257.05,256.5,256.55,91125,68769000
TATAPOWER_F1,25-09-2023,10:07:00,256.4,256.5,256.3,256.3,33750,68769000
TATAPOWER_F1,25-09-2023,10:08:00,256.3,256.3,255.95,256.05,155250,68870248
TATAPOWER_F1,25-09-2023,10:09:00,256.2,256.35,256.2,256.35,47250,68870248
TATAPOWER_F1,25-09-2023,10:10:00,256.35,256.35,256.3,256.35,47250,68870248
TATAPOWER_F1,25-09-2023,10:11:00,256.35,256.45,256.1,256.3,27000,68870248
TATAPOWER_F1,25-09-2023,10:12:00,256.2,256.2,255.85,256.1,77625,68877000
TATAPOWER_F1,25-09-2023,10:13:00,256.1,256.1,256.05,256.05,27000,68877000
TATAPOWER_F1,25-09-2023,10:14:00,256.05,256.05,255.75,255.75,43875,68883752
TATAPOWER_F1,25-09-2023,10:15:00,255.75,255.9,255.7,255.85,104625,68883752
TATAPOWER_F1,25-09-2023,10:16:00,255.9,255.9,255.8,255.85,91125,68883752
TATAPOWER_F1,25-09-2023,10:17:00,256.0,256.45,255.95,256.45,108000,68866872
TATAPOWER_F1,25-09-2023,10:18:00,256.45,256.65,256.4,256.5,43875,68866872
TATAPOWER_F1,25-09-2023,10:19:00,256.5,256.65,256.45,256.55,47250,68866872
TATAPOWER_F1,25-09-2023,10:20:00,256.55,256.55,256.3,256.3,57375,68846624
TATAPOWER_F1,25-09-2023,10:21:00,256.4,256.45,256.2,256.2,101250,68846624
TATAPOWER_F1,25-09-2023,10:22:00,256.2,256.25,256.2,256.25,10125,68846624
TATAPOWER_F1,25-09-2023,10:23:00,256.15,256.15,256.0,256.0,87750,68846624
TATAPOWER_F1,25-09-2023,10:24:00,256.0,256.25,256.0,256.1,54000,68819624
TATAPOWER_F1,25-09-2023,10:25:00,255.95,256.1,255.95,256.0,128250,68819624
TATAPOWER_F1,25-09-2023,10:26:00,256.0,256.0,255.35,255.35,256500,68755504
TATAPOWER_F1,25-09-2023,10:27:00,255.35,255.55,255.35,255.35,50625,68755504
TATAPOWER_F1,25-09-2023,10:28:00,255.4,255.8,255.4,255.8,108000,68755504
TATAPOWER_F1,25-09-2023,10:29:00,255.8,256.05,255.8,256.05,70875,68762248
TATAPOWER_F1,25-09-2023,10:30:00,256.0,256.0,255.7,255.85,111375,68762248
TATAPOWER_F1,25-09-2023,10:31:00,256.0,256.05,256.0,256.0,141750,68762248
TATAPOWER_F1,25-09-2023,10:32:00,255.9,256.0,255.85,255.95,16875,68762248
TATAPOWER_F1,25-09-2023,10:33:00,256.05,256.05,256.05,256.05,3375,68758872
TATAPOWER_F1,25-09-2023,10:34:00,256.05,256.05,255.75,255.75,162000,68758872
TATAPOWER_F1,25-09-2023,10:35:00,255.8,255.85,255.75,255.75,47250,68758872
TATAPOWER_F1,25-09-2023,10:36:00,255.85,255.95,255.85,255.9,30375,68772376
TATAPOWER_F1,25-09-2023,10:37:00,255.9,256.25,255.9,256.25,205875,68772376
TATAPOWER_F1,25-09-2023,10:38:00,256.1,256.35,256.1,256.25,259875,68758872
TATAPOWER_F1,25-09-2023,10:39:00,256.25,256.45,256.25,256.4,94500,68758872
TATAPOWER_F1,25-09-2023,10:40:00,256.4,256.4,256.4,256.4,27000,68758872
TATAPOWER_F1,25-09-2023,10:41:00,256.25,256.4,256.25,256.4,20250,68698128
TATAPOWER_F1,25-09-2023,10:42:00,256.05,256.3,256.05,256.3,60750,68698128
TATAPOWER_F1,25-09-2023,10:43:00,256.3,256.5,256.25,256.5,67500,68698128
TATAPOWER_F1,25-09-2023,10:44:00,256.5,256.5,256.2,256.2,27000,68708248
TATAPOWER_F1,25-09-2023,10:45:00,256.2,256.3,256.2,256.3,13500,68708248
TATAPOWER_F1,25-09-2023,10:46:00,256.3,256.3,256.15,256.15,43875,68708248
TATAPOWER_F1,25-09-2023,10:47:00,256.15,256.3,256.15,256.25,67500,68718376
TATAPOWER_F1,25-09-2023,10:48:00,256.25,256.25,256.25,256.25,37125,68718376
TATAPOWER_F1,25-09-2023,10:49:00,256.35,256.35,256.2,256.2,33750,68718376
TATAPOWER_F1,25-09-2023,10:50:00,256.35,256.35,256.25,256.25,16875,68677872
TATAPOWER_F1,25-09-2023,10:51:00,256.25,256.25,256.25,256.25,10125,68677872
TATAPOWER_F1,25-09-2023,10:52:00,256.25,256.5,256.25,256.4,87750,68677872
TATAPOWER_F1,25-09-2023,10:53:00,256.35,256.5,256.25,256.5,472500,68694752
TATAPOWER_F1,25-09-2023,10:54:00,256.5,256.5,256.45,256.45,20250,68694752
TATAPOWER_F1,25-09-2023,10:55:00,256.45,256.5,256.4,256.4,70875,68694752
TATAPOWER_F1,25-09-2023,10:56:00,256.45,256.45,256.35,256.35,172125,68701504
TATAPOWER_F1,25-09-2023,10:57:00,256.35,256.35,256.35,256.35,43875,68701504
TATAPOWER_F1,25-09-2023,10:58:00,256.4,256.4,256.1,256.15,81000,68701504
TATAPOWER_F1,25-09-2023,10:59:00,256.15,256.15,255.95,255.95,205875,68704872
TATAPOWER_F1,25-09-2023,11:00:00,255.95,255.95,255.6,255.75,124875,68704872
TATAPOWER_F1,25-09-2023,11:01:00,255.75,255.75,255.75,255.75,33750,68704872
TATAPOWER_F1,25-09-2023,11:02:00,255.65,255.7,255.65,255.7,27000,68758872
TATAPOWER_F1,25-09-2023,11:03:00,255.7,255.8,255.65,255.8,27000,68758872
TATAPOWER_F1,25-09-2023,11:04:00,255.8,255.9,255.8,255.9,33750,68758872
TATAPOWER_F1,25-09-2023,11:05:00,255.9,255.9,255.85,255.85,13500,68758872
TATAPOWER_F1,25-09-2023,11:06:00,255.85,255.9,255.8,255.9,27000,68765624
TATAPOWER_F1,25-09-2023,11:07:00,255.9,255.95,255.9,255.9,16875,68765624
TATAPOWER_F1,25-09-2023,11:08:00,255.9,255.9,255.9,255.9,30375,68725128
TATAPOWER_F1,25-09-2023,11:09:00,255.9,255.9,255.55,255.55,87750,68725128
TATAPOWER_F1,25-09-2023,11:10:00,255.85,255.85,255.85,255.85,30375,68725128
TATAPOWER_F1,25-09-2023,11:11:00,255.85,255.85,255.8,255.85,30375,68748752
TATAPOWER_F1,25-09-2023,11:12:00,255.85,255.85,255.85,255.85,27000,68748752
TATAPOWER_F1,25-09-2023,11:13:00,255.85,255.85,255.6,255.6,27000,68748752
TATAPOWER_F1,25-09-2023,11:14:00,255.6,255.6,255.4,255.4,70875,68755504
TATAPOWER_F1,25-09-2023,11:15:00,255.4,255.5,255.4,255.5,30375,68755504
TATAPOWER_F1,25-09-2023,11:16:00,255.5,255.65,255.5,255.65,30375,68755504
TATAPOWER_F1,25-09-2023,11:17:00,255.6,255.6,255.5,255.6,37125,68775752
TATAPOWER_F1,25-09-2023,11:18:00,255.45,255.5,255.2,255.35,67500,68775752
TATAPOWER_F1,25-09-2023,11:19:00,255.55,255.65,255.4,255.55,70875,68775752
TATAPOWER_F1,25-09-2023,11:20:00,255.6,255.6,255.6,255.6,20250,68782496
TATAPOWER_F1,25-09-2023,11:21:00,255.6,255.85,255.55,255.85,33750,68782496
TATAPOWER_F1,25-09-2023,11:22:00,255.65,255.65,255.6,255.6,70875,68782496
TATAPOWER_F1,25-09-2023,11:23:00,255.75,255.75,255.75,255.75,33750,68782496
TATAPOWER_F1,25-09-2023,11:24:00,255.75,255.75,255.75,255.75,30375,68785872
TATAPOWER_F1,25-09-2023,11:25:00,255.75,255.75,255.55,255.7,27000,68785872
TATAPOWER_F1,25-09-2023,11:26:00,255.7,255.7,255.7,255.7,16875,68785872
TATAPOWER_F1,25-09-2023,11:27:00,255.55,255.55,255.55,255.55,23625,68796000
TATAPOWER_F1,25-09-2023,11:28:00,255.55,255.7,255.55,255.7,30375,68796000
TATAPOWER_F1,25-09-2023,11:29:00,255.7,255.8,255.65,255.8,37125,68796000
TATAPOWER_F1,25-09-2023,11:30:00,255.8,255.9,255.8,255.9,57375,68802752
TATAPOWER_F1,25-09-2023,11:31:00,255.9,255.9,255.9,255.9,57375,68802752
TATAPOWER_F1,25-09-2023,11:32:00,255.9,255.9,255.9,255.9,23625,68863504
TATAPOWER_F1,25-09-2023,11:33:00,255.9,256.0,255.9,256.0,16875,68863504
TATAPOWER_F1,25-09-2023,11:34:00,256.0,256.0,256.0,256.0,10125,68863504
TATAPOWER_F1,25-09-2023,11:35:00,256.0,256.0,256.0,256.0,43875,68863504
TATAPOWER_F1,25-09-2023,11:36:00,256.0,256.1,255.95,256.1,158625,68880376
TATAPOWER_F1,25-09-2023,11:37:00,256.1,256.15,256.05,256.1,57375,68880376
TATAPOWER_F1,25-09-2023,11:38:00,256.05,256.15,256.0,256.15,50625,68623872
TATAPOWER_F1,25-09-2023,11:39:00,256.2,256.3,256.2,256.3,16875,68623872
TATAPOWER_F1,25-09-2023,11:40:00,256.25,256.5,256.2,256.2,70875,68623872
TATAPOWER_F1,25-09-2023,11:41:00,256.2,256.2,256.1,256.1,77625,68664376
TATAPOWER_F1,25-09-2023,11:42:00,256.1,256.1,256.05,256.05,118125,68664376
TATAPOWER_F1,25-09-2023,11:43:00,255.9,256.0,255.9,256.0,37125,68664376
TATAPOWER_F1,25-09-2023,11:44:00,256.0,256.0,255.8,255.85,33750,68610376
TATAPOWER_F1,25-09-2023,11:45:00,256.0,256.0,255.9,255.9,20250,68610376
TATAPOWER_F1,25-09-2023,11:46:00,255.9,255.95,255.9,255.9,70875,68610376
TATAPOWER_F1,25-09-2023,11:47:00,255.9,256.0,255.85,255.85,16875,68610376
TATAPOWER_F1,25-09-2023,11:48:00,255.85,255.95,255.85,255.95,23625,68667752
TATAPOWER_F1,25-09-2023,11:49:00,255.75,255.75,255.7,255.75,43875,68667752
TATAPOWER_F1,25-09-2023,11:50:00,255.75,255.75,255.55,255.65,23625,68667752
TATAPOWER_F1,25-09-2023,11:51:00,255.55,255.55,255.1,255.1,70875,68704872
TATAPOWER_F1,25-09-2023,11:52:00,255.1,255.15,254.9,254.9,162000,68704872
TATAPOWER_F1,25-09-2023,11:53:00,254.9,255.55,254.9,255.55,37125,68576624
TATAPOWER_F1,25-09-2023,11:54:00,255.55,255.55,255.45,255.55,60750,68576624
TATAPOWER_F1,25-09-2023,11:55:00,255.4,255.4,255.4,255.4,33750,68576624
TATAPOWER_F1,25-09-2023,11:56:00,255.4,255.5,255.4,255.5,27000,68576624
TATAPOWER_F1,25-09-2023,11:57:00,255.5,255.7,255.5,255.7,57375,68613752
TATAPOWER_F1,25-09-2023,11:58:00,255.7,255.7,255.65,255.65,23625,68613752
TATAPOWER_F1,25-09-2023,11:59:00,255.7,255.7,255.7,255.7,13500,68613752
TATAPOWER_F1,25-09-2023,12:00:00,255.7,255.7,255.6,255.6,13500,68630624
TATAPOWER_F1,25-09-2023,12:01:00,255.6,255.6,255.55,255.55,10125,68630624
TATAPOWER_F1,25-09-2023,12:02:00,255.55,255.55,255.35,255.35,47250,68630624
TATAPOWER_F1,25-09-2023,12:03:00,255.35,255.45,255.35,255.45,64125,68613752
TATAPOWER_F1,25-09-2023,12:04:00,255.45,255.45,255.35,255.4,23625,68613752
TATAPOWER_F1,25-09-2023,12:05:00,255.4,255.4,255.3,255.4,33750,68613752
TATAPOWER_F1,25-09-2023,12:06:00,255.4,255.4,255.4,255.4,37125,68637376
TATAPOWER_F1,25-09-2023,12:07:00,255.4,255.4,255.2,255.2,33750,68637376
TATAPOWER_F1,25-09-2023,12:08:00,255.2,255.3,255.15,255.15,33750,68637376
TATAPOWER_F1,25-09-2023,12:09:00,255.15,255.45,255.15,255.45,27000,68671128
TATAPOWER_F1,25-09-2023,12:10:00,255.45,255.5,255.45,255.5,27000,68671128
TATAPOWER_F1,25-09-2023,12:11:00,255.5,255.5,255.45,255.45,23625,68671128
TATAPOWER_F1,25-09-2023,12:12:00,255.45,255.5,255.45,255.5,50625,68657624
TATAPOWER_F1,25-09-2023,12:13:00,255.5,255.5,255.5,255.5,10125,68657624
TATAPOWER_F1,25-09-2023,12:14:00,255.6,255.65,255.6,255.6,57375,68657624
TATAPOWER_F1,25-09-2023,12:15:00,255.6,255.75,255.6,255.75,16875,68650872
TATAPOWER_F1,25-09-2023,12:16:00,255.75,255.8,255.75,255.8,16875,68650872
TATAPOWER_F1,25-09-2023,12:17:00,255.8,255.8,255.8,255.8,13500,68650872
TATAPOWER_F1,25-09-2023,12:18:00,255.8,255.8,255.8,255.8,16875,68644128
TATAPOWER_F1,25-09-2023,12:19:00,255.8,255.9,255.8,255.9,50625,68644128
TATAPOWER_F1,25-09-2023,12:20:00,255.95,256.0,255.95,256.0,30375,68644128
TATAPOWER_F1,25-09-2023,12:21:00,256.0,256.0,255.8,255.8,37125,68677872
TATAPOWER_F1,25-09-2023,12:22:00,255.8,255.8,255.8,255.8,37125,68677872
TATAPOWER_F1,25-09-2023,12:24:00,256.05,256.1,256.05,256.1,74250,68688000
TATAPOWER_F1,25-09-2023,12:25:00,256.1,256.6,256.1,256.55,155250,68688000
TATAPOWER_F1,25-09-2023,12:26:00,256.7,256.7,256.7,256.7,81000,68688000
TATAPOWER_F1,25-09-2023,12:27:00,256.7,256.7,256.65,256.65,16875,68644128
TATAPOWER_F1,25-09-2023,12:28:00,256.65,256.85,256.65,256.85,91125,68644128
TATAPOWER_F1,25-09-2023,12:29:00,256.85,256.85,256.75,256.8,70875,68644128
TATAPOWER_F1,25-09-2023,12:30:00,256.75,257.2,256.7,257.2,94500,68657624
TATAPOWER_F1,25-09-2023,12:31:00,257.25,257.35,257.25,257.25,81000,68657624
TATAPOWER_F1,25-09-2023,12:32:00,257.25,257.4,257.25,257.4,27000,68657624
TATAPOWER_F1,25-09-2023,12:33:00,257.25,257.45,257.25,257.45,57375,68603624
TATAPOWER_F1,25-09-2023,12:34:00,257.4,257.5,257.3,257.3,87750,68603624
TATAPOWER_F1,25-09-2023,12:35:00,257.3,257.35,257.15,257.15,94500,68603624
TATAPOWER_F1,25-09-2023,12:36:00,257.15,257.35,257.15,257.3,70875,68580000
TATAPOWER_F1,25-09-2023,12:37:00,257.2,257.4,257.2,257.3,111375,68580000
TATAPOWER_F1,25-09-2023,12:38:00,257.2,257.2,257.2,257.2,54000,68580000
TATAPOWER_F1,25-09-2023,12:39:00,257.2,257.3,257.2,257.25,43875,68607000
TATAPOWER_F1,25-09-2023,12:40:00,257.2,257.5,257.2,257.5,155250,68607000
TATAPOWER_F1,25-09-2023,12:41:00,257.5,257.5,257.4,257.5,91125,68607000
TATAPOWER_F1,25-09-2023,12:42:00,257.5,257.65,257.5,257.6,57375,68593504
TATAPOWER_F1,25-09-2023,12:43:00,257.55,257.55,257.5,257.5,30375,68593504
TATAPOWER_F1,25-09-2023,12:44:00,257.5,257.55,257.5,257.55,16875,68593504
TATAPOWER_F1,25-09-2023,12:45:00,257.55,257.6,257.55,257.6,94500,68563128
TATAPOWER_F1,25-09-2023,12:46:00,257.6,257.85,257.6,257.75,87750,68563128
TATAPOWER_F1,25-09-2023,12:47:00,257.75,257.95,257.75,257.95,50625,68563128
TATAPOWER_F1,25-09-2023,12:48:00,258.0,258.1,257.95,257.95,114750,68539504
TATAPOWER_F1,25-09-2023,12:49:00,258.0,258.1,257.85,258.1,40500,68539504
TATAPOWER_F1,25-09-2023,12:50:00,258.0,258.05,257.85,257.85,124875,68539504
TATAPOWER_F1,25-09-2023,12:51:00,257.85,257.85,257.75,257.85,23625,68553000
TATAPOWER_F1,25-09-2023,12:52:00,257.95,257.95,257.95,257.95,60750,68553000
TATAPOWER_F1,25-09-2023,12:53:00,257.95,258.0,257.85,258.0,114750,68553000
TATAPOWER_F1,25-09-2023,12:54:00,258.0,258.0,257.95,257.95,37125,68377504
TATAPOWER_F1,25-09-2023,12:55:00,257.9,257.9,257.9,257.9,16875,68377504
TATAPOWER_F1,25-09-2023,12:56:00,257.9,257.9,257.9,257.9,10125,68377504
TATAPOWER_F1,25-09-2023,12:57:00,257.7,257.7,257.6,257.6,40500,68387624
TATAPOWER_F1,25-09-2023,12:58:00,257.65,257.85,257.65,257.75,43875,68387624
TATAPOWER_F1,25-09-2023,12:59:00,257.75,257.9,257.7,257.9,50625,68387624
TATAPOWER_F1,25-09-2023,13:00:00,258.1,258.1,258.0,258.0,33750,68374128
TATAPOWER_F1,25-09-2023,13:01:00,258.0,258.0,257.95,258.0,30375,68374128
TATAPOWER_F1,25-09-2023,13:02:00,258.0,258.15,258.0,258.15,33750,68374128
TATAPOWER_F1,25-09-2023,13:03:00,258.0,258.35,257.95,258.35,74250,68360624
TATAPOWER_F1,25-09-2023,13:04:00,258.4,258.45,258.2,258.45,212625,68360624
TATAPOWER_F1,25-09-2023,13:05:00,258.45,258.45,258.35,258.4,182250,68360624
TATAPOWER_F1,25-09-2023,13:06:00,258.35,258.35,258.0,258.0,91125,68391000
TATAPOWER_F1,25-09-2023,13:07:00,258.0,258.0,257.8,257.85,47250,68391000
TATAPOWER_F1,25-09-2023,13:08:00,257.95,257.95,257.75,257.75,57375,68391000
TATAPOWER_F1,25-09-2023,13:09:00,257.8,257.9,257.7,257.7,47250,68391000
TATAPOWER_F1,25-09-2023,13:10:00,257.7,257.75,257.7,257.75,10125,68391000
TATAPOWER_F1,25-09-2023,13:11:00,257.75,257.75,257.65,257.65,27000,68391000
TATAPOWER_F1,25-09-2023,13:12:00,257.7,257.8,257.7,257.7,20250,68391000
TATAPOWER_F1,25-09-2023,13:13:00,257.7,257.9,257.7,257.9,50625,68391000
TATAPOWER_F1,25-09-2023,13:14:00,257.8,257.9,257.8,257.8,16875,68391000
TATAPOWER_F1,25-09-2023,13:15:00,257.95,258.2,257.95,258.2,50625,68374128
TATAPOWER_F1,25-09-2023,13:16:00,258.2,258.2,257.95,257.95,54000,68374128
TATAPOWER_F1,25-09-2023,13:17:00,258.0,258.0,258.0,258.0,50625,68374128
TATAPOWER_F1,25-09-2023,13:18:00,258.0,258.15,258.0,258.15,13500,68384248
TATAPOWER_F1,25-09-2023,13:19:00,258.15,258.15,258.0,258.1,74250,68384248
TATAPOWER_F1,25-09-2023,13:20:00,258.05,258.25,258.05,258.25,27000,68384248
TATAPOWER_F1,25-09-2023,13:21:00,258.2,258.65,258.2,258.65,182250,68364000
TATAPOWER_F1,25-09-2023,13:22:00,258.55,258.85,258.55,258.55,155250,68364000
TATAPOWER_F1,25-09-2023,13:23:00,258.55,258.7,258.45,258.7,60750,68364000
TATAPOWER_F1,25-09-2023,13:24:00,258.75,258.8,258.5,258.5,77625,68394376
TATAPOWER_F1,25-09-2023,13:25:00,258.5,258.6,258.45,258.5,37125,68394376
TATAPOWER_F1,25-09-2023,13:26:00,258.5,258.5,258.4,258.4,27000,68394376
TATAPOWER_F1,25-09-2023,13:27:00,258.35,258.35,258.35,258.35,20250,68404496
TATAPOWER_F1,25-09-2023,13:28:00,258.35,258.4,258.35,258.4,20250,68404496
TATAPOWER_F1,25-09-2023,13:29:00,258.4,258.5,258.4,258.4,27000,68404496
TATAPOWER_F1,25-09-2023,13:30:00,258.45,258.45,258.35,258.35,37125,68397752
TATAPOWER_F1,25-09-2023,13:31:00,258.35,258.35,258.2,258.2,50625,68397752
TATAPOWER_F1,25-09-2023,13:32:00,258.15,258.15,258.15,258.15,16875,68397752
TATAPOWER_F1,25-09-2023,13:33:00,258.3,258.3,258.3,258.3,43875,68380872
TATAPOWER_F1,25-09-2023,13:34:00,258.3,258.3,258.2,258.2,20250,68380872
TATAPOWER_F1,25-09-2023,13:35:00,258.2,258.25,258.2,258.25,13500,68380872
TATAPOWER_F1,25-09-2023,13:36:00,258.25,258.25,258.15,258.2,43875,67753128
TATAPOWER_F1,25-09-2023,13:37:00,258.2,258.2,258.1,258.1,27000,67753128
TATAPOWER_F1,25-09-2023,13:38:00,258.2,258.35,258.2,258.3,138375,67753128
TATAPOWER_F1,25-09-2023,13:39:00,258.3,258.3,258.2,258.2,16875,67746376
TATAPOWER_F1,25-09-2023,13:40:00,258.2,258.2,258.1,258.15,84375,67746376
TATAPOWER_F1,25-09-2023,13:41:00,258.2,258.2,258.2,258.2,23625,67746376
TATAPOWER_F1,25-09-2023,13:42:00,258.2,258.2,258.1,258.1,13500,67763248
TATAPOWER_F1,25-09-2023,13:43:00,258.1,258.15,258.05,258.15,60750,67763248
TATAPOWER_F1,25-09-2023,13:44:00,258.15,258.2,258.1,258.2,20250,67763248
TATAPOWER_F1,25-09-2023,13:45:00,258.2,258.2,258.2,258.2,3375,67763248
TATAPOWER_F1,25-09-2023,13:46:00,258.15,258.25,258.15,258.15,135000,67783504
TATAPOWER_F1,25-09-2023,13:47:00,258.1,258.1,257.9,257.9,84375,67783504
TATAPOWER_F1,25-09-2023,13:48:00,257.8,257.8,257.6,257.6,33750,67800376
TATAPOWER_F1,25-09-2023,13:49:00,257.4,257.4,257.25,257.25,60750,67800376
TATAPOWER_F1,25-09-2023,13:50:00,257.25,257.5,257.2,257.5,205875,67800376
TATAPOWER_F1,25-09-2023,13:51:00,257.5,257.5,257.5,257.5,3375,67783504
TATAPOWER_F1,25-09-2023,13:52:00,257.5,257.5,257.15,257.15,64125,67783504
TATAPOWER_F1,25-09-2023,13:53:00,257.25,257.25,257.1,257.1,104625,67783504
TATAPOWER_F1,25-09-2023,13:54:00,257.1,257.1,257.05,257.1,121500,67800376
TATAPOWER_F1,25-09-2023,13:55:00,257.2,257.2,257.2,257.2,20250,67800376
TATAPOWER_F1,25-09-2023,13:56:00,257.25,257.5,257.25,257.5,27000,67800376
TATAPOWER_F1,25-09-2023,13:57:00,257.6,257.6,257.6,257.6,3375,67800376
TATAPOWER_F1,25-09-2023,13:58:00,257.7,257.7,257.35,257.35,33750,67800376
TATAPOWER_F1,25-09-2023,13:59:00,257.2,257.25,257.2,257.25,20250,67800376
TATAPOWER_F1,25-09-2023,14:00:00,257.3,257.4,257.25,257.25,16875,67817248
TATAPOWER_F1,25-09-2023,14:01:00,257.25,257.25,257.25,257.25,20250,67817248
TATAPOWER_F1,25-09-2023,14:02:00,257.25,257.25,257.25,257.25,6750,67817248
TATAPOWER_F1,25-09-2023,14:03:00,257.25,257.45,257.25,257.45,60750,67786872
TATAPOWER_F1,25-09-2023,14:04:00,257.45,257.45,257.4,257.4,33750,67786872
TATAPOWER_F1,25-09-2023,14:05:00,257.45,257.45,257.3,257.3,560250,67786872
TATAPOWER_F1,25-09-2023,14:06:00,257.3,257.45,257.3,257.45,941625,67797000
TATAPOWER_F1,25-09-2023,14:07:00,257.4,257.4,257.25,257.3,23625,67797000
TATAPOWER_F1,25-09-2023,14:08:00,257.2,257.2,257.0,257.0,30375,67797000
TATAPOWER_F1,25-09-2023,14:09:00,256.95,256.95,256.9,256.9,33750,67773376
TATAPOWER_F1,25-09-2023,14:10:00,256.9,257.0,256.9,257.0,23625,67773376
TATAPOWER_F1,25-09-2023,14:11:00,257.0,257.0,256.95,256.95,13500,67773376
TATAPOWER_F1,25-09-2023,14:12:00,257.0,257.05,257.0,257.05,43875,67773376
TATAPOWER_F1,25-09-2023,14:13:00,257.05,257.05,256.95,257.0,40500,67773376
TATAPOWER_F1,25-09-2023,14:14:00,256.95,256.95,256.7,256.75,47250,67773376
TATAPOWER_F1,25-09-2023,14:15:00,256.65,256.75,256.45,256.6,118125,67786872
TATAPOWER_F1,25-09-2023,14:16:00,256.6,256.85,256.45,256.8,47250,67786872
TATAPOWER_F1,25-09-2023,14:17:00,256.8,256.8,256.8,256.8,13500,67786872
TATAPOWER_F1,25-09-2023,14:18:00,256.85,256.9,256.75,256.9,27000,67712624
TATAPOWER_F1,25-09-2023,14:19:00,256.9,256.95,256.9,256.95,47250,67712624
TATAPOWER_F1,25-09-2023,14:20:00,257.0,257.0,257.0,257.0,33750,67712624
TATAPOWER_F1,25-09-2023,14:21:00,257.0,257.0,256.7,256.7,67500,67709248
TATAPOWER_F1,25-09-2023,14:22:00,256.85,256.95,256.85,256.85,37125,67709248
TATAPOWER_F1,25-09-2023,14:23:00,256.85,256.85,256.85,256.85,23625,67709248
TATAPOWER_F1,25-09-2023,14:24:00,256.85,256.85,256.85,256.85,23625,67689000
TATAPOWER_F1,25-09-2023,14:25:00,256.85,257.0,256.85,256.9,47250,67689000
TATAPOWER_F1,25-09-2023,14:26:00,256.9,257.0,256.9,257.0,30375,67689000
TATAPOWER_F1,25-09-2023,14:27:00,257.05,257.05,257.0,257.0,74250,67678872
TATAPOWER_F1,25-09-2023,14:28:00,257.0,257.1,257.0,257.1,30375,67678872
TATAPOWER_F1,25-09-2023,14:29:00,257.05,257.05,257.0,257.0,3287250,67678872
TATAPOWER_F1,25-09-2023,14:30:00,257.0,257.45,257.0,257.45,428625,67692376
TATAPOWER_F1,25-09-2023,14:31:00,257.5,257.75,257.5,257.75,60750,67692376
TATAPOWER_F1,25-09-2023,14:32:00,257.75,257.8,257.65,257.8,50625,67692376
TATAPOWER_F1,25-09-2023,14:33:00,257.8,258.15,257.8,257.95,94500,67699128
TATAPOWER_F1,25-09-2023,14:34:00,257.95,258.05,257.95,258.05,16875,67699128
TATAPOWER_F1,25-09-2023,14:35:00,258.05,258.05,258.0,258.0,37125,67699128
TATAPOWER_F1,25-09-2023,14:36:00,258.05,258.1,258.05,258.1,27000,67678872
TATAPOWER_F1,25-09-2023,14:37:00,258.05,258.05,257.8,257.8,81000,67678872
TATAPOWER_F1,25-09-2023,14:38:00,257.65,257.65,257.65,257.65,23625,67678872
TATAPOWER_F1,25-09-2023,14:39:00,257.65,257.75,257.65,257.75,37125,67749752
TATAPOWER_F1,25-09-2023,14:40:00,257.65,257.85,257.6,257.8,124875,67749752
TATAPOWER_F1,25-09-2023,14:41:00,257.8,257.9,257.8,257.9,27000,67749752
TATAPOWER_F1,25-09-2023,14:42:00,257.9,257.9,257.75,257.8,43875,67489872
TATAPOWER_F1,25-09-2023,14:43:00,257.7,257.75,257.65,257.65,47250,67489872
TATAPOWER_F1,25-09-2023,14:44:00,257.65,257.65,257.5,257.5,84375,67489872
TATAPOWER_F1,25-09-2023,14:45:00,257.5,257.6,257.5,257.6,23625,67513504
TATAPOWER_F1,25-09-2023,14:46:00,257.6,257.65,257.5,257.5,47250,67513504
TATAPOWER_F1,25-09-2023,14:47:00,257.55,257.6,257.55,257.6,50625,67513504
TATAPOWER_F1,25-09-2023,14:48:00,257.6,257.6,257.6,257.6,13500,67584376
TATAPOWER_F1,25-09-2023,14:49:00,257.55,257.55,257.55,257.55,57375,67584376
TATAPOWER_F1,25-09-2023,14:50:00,257.85,258.1,257.85,257.95,57375,67584376
TATAPOWER_F1,25-09-2023,14:51:00,258.0,258.1,257.95,258.1,47250,67614752
TATAPOWER_F1,25-09-2023,14:52:00,258.0,258.2,258.0,258.1,43875,67614752
TATAPOWER_F1,25-09-2023,14:53:00,258.1,258.1,258.0,258.0,37125,67614752
TATAPOWER_F1,25-09-2023,14:54:00,258.15,258.15,258.0,258.0,178875,67668752
TATAPOWER_F1,25-09-2023,14:55:00,257.8,258.0,257.8,258.0,141750,67668752
TATAPOWER_F1,25-09-2023,14:56:00,258.0,258.1,258.0,258.1,37125,67668752
TATAPOWER_F1,25-09-2023,14:57:00,258.05,258.05,258.05,258.05,128250,67776752
TATAPOWER_F1,25-09-2023,14:58:00,258.05,258.05,258.0,258.0,20250,67776752
TATAPOWER_F1,25-09-2023,14:59:00,257.95,258.15,257.95,258.15,50625,67776752
TATAPOWER_F1,25-09-2023,15:00:00,258.15,258.25,257.6,257.6,182250,67888128
TATAPOWER_F1,25-09-2023,15:01:00,257.6,257.6,257.25,257.35,54000,67888128
TATAPOWER_F1,25-09-2023,15:02:00,257.4,257.6,257.4,257.6,40500,67888128
TATAPOWER_F1,25-09-2023,15:03:00,257.6,257.8,257.6,257.7,50625,67945504
TATAPOWER_F1,25-09-2023,15:04:00,257.65,257.7,257.65,257.7,40500,67945504
TATAPOWER_F1,25-09-2023,15:05:00,257.6,257.6,257.6,257.6,43875,67945504
TATAPOWER_F1,25-09-2023,15:06:00,257.65,257.65,257.65,257.65,50625,67992752
TATAPOWER_F1,25-09-2023,15:07:00,257.65,257.85,257.65,257.85,67500,67992752
TATAPOWER_F1,25-09-2023,15:08:00,257.55,257.7,257.55,257.7,67500,67992752
TATAPOWER_F1,25-09-2023,15:09:00,257.55,257.55,257.5,257.5,70875,67955624
TATAPOWER_F1,25-09-2023,15:10:00,257.5,257.6,257.5,257.5,50625,67955624
TATAPOWER_F1,25-09-2023,15:11:00,257.55,257.65,257.55,257.65,67500,67955624
TATAPOWER_F1,25-09-2023,15:12:00,257.65,257.65,257.65,257.65,16875,67986000
TATAPOWER_F1,25-09-2023,15:13:00,257.65,257.65,257.5,257.5,91125,67986000
TATAPOWER_F1,25-09-2023,15:14:00,257.5,257.5,257.35,257.4,104625,67986000
TATAPOWER_F1,25-09-2023,15:15:00,257.5,257.55,257.4,257.5,118125,68043376
TATAPOWER_F1,25-09-2023,15:16:00,257.5,257.5,257.3,257.3,77625,68043376
TATAPOWER_F1,25-09-2023,15:17:00,257.3,257.3,257.3,257.3,64125,68043376
TATAPOWER_F1,25-09-2023,15:18:00,257.4,257.4,257.35,257.35,94500,68063624
TATAPOWER_F1,25-09-2023,15:19:00,257.35,257.4,257.35,257.4,43875,68063624
TATAPOWER_F1,25-09-2023,15:20:00,257.3,257.3,257.3,257.3,74250,68063624
TATAPOWER_F1,25-09-2023,15:21:00,257.25,257.4,257.25,257.4,43875,68046752
TATAPOWER_F1,25-09-2023,15:22:00,257.5,257.5,257.4,257.4,20250,68046752
TATAPOWER_F1,25-09-2023,15:23:00,257.3,257.45,257.3,257.45,67500,68046752
TATAPOWER_F1,25-09-2023,15:24:00,257.2,257.3,257.2,257.3,54000,68053504
TATAPOWER_F1,25-09-2023,15:25:00,257.4,257.4,257.35,257.35,81000,68053504
TATAPOWER_F1,25-09-2023,15:26:00,257.35,257.4,257.35,257.35,60750,68053504
TATAPOWER_F1,25-09-2023,15:27:00,257.5,257.5,257.4,257.4,87750,68046752
TATAPOWER_F1,25-09-2023,15:28:00,257.3,257.3,257.3,257.3,30375,68046752
TATAPOWER_F1,25-09-2023,15:29:00,257.4,258.05,257.4,258.05,1566000,68046752
TATAPOWER_F1,25-09-2023,15:30:00,258.05,258.05,258.05,258.05,10125,68046752
TATAPOWER_F1,26-09-2023,09:15:00,257.8,258.0,257.55,257.65,87753,51080624
TATAPOWER_F1,26-09-2023,09:16:00,258.05,258.5,258.05,258.5,84375,51080624
TATAPOWER_F1,26-09-2023,09:17:00,258.3,258.3,258.25,258.25,67500,51158248
TATAPOWER_F1,26-09-2023,09:18:00,258.6,258.6,258.6,258.6,70875,51158248
TATAPOWER_F1,26-09-2023,09:19:00,258.3,258.4,258.3,258.4,104625,51158248
TATAPOWER_F1,26-09-2023,09:20:00,258.25,258.45,258.15,258.3,185625,51266248
TATAPOWER_F1,26-09-2023,09:21:00,258.35,258.4,258.2,258.2,81000,51266248
TATAPOWER_F1,26-09-2023,09:22:00,258.2,258.5,258.2,258.4,162000,51266248
TATAPOWER_F1,26-09-2023,09:23:00,258.55,258.55,258.4,258.45,91125,51266248
TATAPOWER_F1,26-09-2023,09:24:00,258.6,258.6,258.4,258.4,158625,51424876
TATAPOWER_F1,26-09-2023,09:25:00,258.3,258.3,257.95,258.0,94500,51424876
TATAPOWER_F1,26-09-2023,09:26:00,258.0,258.2,257.9,258.1,101250,51418124
TATAPOWER_F1,26-09-2023,09:27:00,258.05,258.4,258.05,258.3,94500,51418124
TATAPOWER_F1,26-09-2023,09:28:00,258.3,258.35,258.2,258.25,57375,51418124
TATAPOWER_F1,26-09-2023,09:29:00,258.25,258.4,258.25,258.4,57375,51266248
TATAPOWER_F1,26-09-2023,09:30:00,258.4,258.5,258.35,258.4,81000,51266248
TATAPOWER_F1,26-09-2023,09:31:00,258.4,258.45,258.25,258.25,84375,51266248
TATAPOWER_F1,26-09-2023,09:32:00,258.5,258.75,258.5,258.7,108000,51202124
TATAPOWER_F1,26-09-2023,09:33:00,258.7,258.85,258.6,258.85,64125,51202124
TATAPOWER_F1,26-09-2023,09:34:00,259.0,259.2,258.9,259.0,151875,51202124
TATAPOWER_F1,26-09-2023,09:35:00,259.0,260.2,259.0,260.2,293625,51205500
TATAPOWER_F1,26-09-2023,09:36:00,260.25,261.2,260.25,260.65,880875,51205500
TATAPOWER_F1,26-09-2023,09:37:00,260.65,260.95,260.45,260.45,270000,51205500
TATAPOWER_F1,26-09-2023,09:38:00,260.45,261.95,260.45,261.9,705375,51003000
TATAPOWER_F1,26-09-2023,09:39:00,261.9,262.5,261.75,262.05,664875,51003000
TATAPOWER_F1,26-09-2023,09:40:00,262.15,262.8,262.1,262.45,570375,51003000
TATAPOWER_F1,26-09-2023,09:41:00,262.55,262.55,261.95,262.0,361125,51063752
TATAPOWER_F1,26-09-2023,09:42:00,262.05,262.25,262.0,262.1,236250,51063752
TATAPOWER_F1,26-09-2023,09:43:00,262.3,262.8,262.3,262.65,303750,51063752
TATAPOWER_F1,26-09-2023,09:44:00,262.55,262.55,262.05,262.45,189000,51043500
TATAPOWER_F1,26-09-2023,09:45:00,262.3,262.75,262.3,262.7,185625,51043500
TATAPOWER_F1,26-09-2023,09:46:00,262.65,262.8,262.6,262.7,195750,51043500
TATAPOWER_F1,26-09-2023,09:47:00,262.8,263.45,262.8,263.45,425250,50888248
TATAPOWER_F1,26-09-2023,09:48:00,263.45,263.45,263.1,263.25,209250,50888248
TATAPOWER_F1,26-09-2023,09:49:00,263.2,263.2,262.7,262.7,185625,50888248
TATAPOWER_F1,26-09-2023,09:50:00,262.7,262.7,262.5,262.7,84375,50803876
TATAPOWER_F1,26-09-2023,09:51:00,262.8,262.85,262.35,262.4,141750,50803876
TATAPOWER_F1,26-09-2023,09:52:00,262.45,262.7,262.3,262.55,108000,50803876
TATAPOWER_F1,26-09-2023,09:53:00,262.6,262.6,262.25,262.4,118125,50706000
TATAPOWER_F1,26-09-2023,09:54:00,262.4,262.4,261.9,261.95,168750,50706000
TATAPOWER_F1,26-09-2023,09:55:00,261.9,262.25,261.7,262.1,104625,50706000
TATAPOWER_F1,26-09-2023,09:56:00,262.1,262.35,261.9,262.35,408375,50726248
TATAPOWER_F1,26-09-2023,09:57:00,262.4,262.65,262.3,262.3,145125,50726248
TATAPOWER_F1,26-09-2023,09:58:00,262.3,262.3,262.05,262.25,168750,50726248
TATAPOWER_F1,26-09-2023,09:59:00,262.25,262.25,262.25,262.25,40500,50726248
TATAPOWER_F1,26-09-2023,10:00:00,262.25,262.25,262.0,262.0,94500,50611500
TATAPOWER_F1,26-09-2023,10:01:00,262.05,262.15,262.05,262.15,37125,50611500
TATAPOWER_F1,26-09-2023,10:02:00,262.05,262.05,261.9,261.9,64125,50587876
TATAPOWER_F1,26-09-2023,10:03:00,261.9,262.1,261.8,261.95,111375,50587876
TATAPOWER_F1,26-09-2023,10:04:00,261.95,262.1,261.8,262.1,70875,50587876
TATAPOWER_F1,26-09-2023,10:05:00,262.1,262.1,262.1,262.1,40500,50581124
TATAPOWER_F1,26-09-2023,10:06:00,262.15,262.3,262.05,262.2,57375,50581124
TATAPOWER_F1,26-09-2023,10:07:00,262.2,262.4,262.0,262.4,67500,50581124
TATAPOWER_F1,26-09-2023,10:08:00,262.25,262.45,262.25,262.45,47250,50523752
TATAPOWER_F1,26-09-2023,10:09:00,262.45,262.45,262.25,262.25,30375,50523752
TATAPOWER_F1,26-09-2023,10:10:00,262.2,262.25,262.15,262.2,54000,50523752
TATAPOWER_F1,26-09-2023,10:11:00,262.2,262.35,262.15,262.35,57375,50503500
TATAPOWER_F1,26-09-2023,10:12:00,262.25,262.3,262.15,262.15,33750,50503500
TATAPOWER_F1,26-09-2023,10:13:00,262.2,262.2,262.1,262.15,37125,50503500
TATAPOWER_F1,26-09-2023,10:14:00,262.1,262.1,261.85,261.85,57375,50479876
TATAPOWER_F1,26-09-2023,10:15:00,262.0,262.55,262.0,262.55,104625,50479876
TATAPOWER_F1,26-09-2023,10:16:00,262.7,262.95,262.7,262.95,253125,50479876
TATAPOWER_F1,26-09-2023,10:17:00,262.95,263.0,262.9,262.9,57375,50479876
TATAPOWER_F1,26-09-2023,10:18:00,262.8,263.1,262.8,263.1,108000,50338124
TATAPOWER_F1,26-09-2023,10:19:00,263.0,263.0,263.0,263.0,16875,50338124
TATAPOWER_F1,26-09-2023,10:20:00,263.0,263.5,263.0,263.45,165375,50257124
TATAPOWER_F1,26-09-2023,10:21:00,263.7,263.7,263.2,263.3,216000,50257124
TATAPOWER_F1,26-09-2023,10:22:00,263.35,263.35,263.3,263.3,50625,50257124
TATAPOWER_F1,26-09-2023,10:23:00,263.25,263.35,263.05,263.05,77625,50233500
TATAPOWER_F1,26-09-2023,10:24:00,263.0,263.0,262.65,262.65,87750,50233500
TATAPOWER_F1,26-09-2023,10:25:00,262.75,262.8,262.7,262.75,33750,50233500
TATAPOWER_F1,26-09-2023,10:26:00,262.75,262.75,262.5,262.5,84375,50240248
TATAPOWER_F1,26-09-2023,10:27:00,262.45,262.45,262.45,262.45,13500,50240248
TATAPOWER_F1,26-09-2023,10:28:00,262.5,262.5,262.3,262.3,111375,50240248
TATAPOWER_F1,26-09-2023,10:29:00,262.3,262.3,262.0,262.0,91125,50209876
TATAPOWER_F1,26-09-2023,10:30:00,262.0,262.05,261.75,261.8,84375,50209876
TATAPOWER_F1,26-09-2023,10:31:00,261.8,261.95,261.75,261.95,47250,50209876
TATAPOWER_F1,26-09-2023,10:32:00,262.0,262.0,261.75,261.9,60750,50199752
TATAPOWER_F1,26-09-2023,10:33:00,261.9,261.9,261.6,261.6,165375,50199752
TATAPOWER_F1,26-09-2023,10:34:00,261.6,261.6,260.95,260.95,621000,50199752
TATAPOWER_F1,26-09-2023,10:35:00,261.0,261.15,260.95,260.95,60750,50199752
TATAPOWER_F1,26-09-2023,10:36:00,260.95,261.45,260.95,261.15,50625,50179500
TATAPOWER_F1,26-09-2023,10:37:00,261.25,261.45,261.2,261.4,101250,50179500
TATAPOWER_F1,26-09-2023,10:38:00,261.2,261.35,261.2,261.2,70875,50206500
TATAPOWER_F1,26-09-2023,10:39:00,261.3,261.35,261.3,261.3,54000,50206500
TATAPOWER_F1,26-09-2023,10:40:00,261.3,261.5,261.3,261.5,101250,50206500
TATAPOWER_F1,26-09-2023,10:41:00,261.5,261.5,261.4,261.4,97875,50206500
TATAPOWER_F1,26-09-2023,10:42:00,261.4,261.4,261.15,261.15,23625,50166000
TATAPOWER_F1,26-09-2023,10:43:00,261.2,261.2,261.2,261.2,20250,50166000
TATAPOWER_F1,26-09-2023,10:44:00,261.15,261.2,261.15,261.2,16875,50166000
TATAPOWER_F1,26-09-2023,10:45:00,261.15,261.25,261.15,261.25,33750,50125500
TATAPOWER_F1,26-09-2023,10:46:00,261.35,261.4,261.05,261.05,60750,50125500
TATAPOWER_F1,26-09-2023,10:47:00,261.05,261.2,261.05,261.2,16875,50125500
TATAPOWER_F1,26-09-2023,10:48:00,261.35,261.35,261.25,261.25,20250,50108624
TATAPOWER_F1,26-09-2023,10:49:00,261.25,261.25,261.25,261.25,10125,50108624
TATAPOWER_F1,26-09-2023,10:50:00,261.25,261.25,261.05,261.05,16875,50101876
TATAPOWER_F1,26-09-2023,10:51:00,261.2,261.2,261.1,261.1,27000,50101876
TATAPOWER_F1,26-09-2023,10:52:00,261.1,261.1,260.75,260.8,64125,50101876
TATAPOWER_F1,26-09-2023,10:53:00,260.85,260.9,260.75,260.9,70875,50101876
TATAPOWER_F1,26-09-2023,10:54:00,260.95,261.15,260.95,261.0,50625,50068124
TATAPOWER_F1,26-09-2023,10:55:00,261.0,261.25,261.0,261.25,23625,50068124
TATAPOWER_F1,26-09-2023,10:56:00,261.3,261.3,261.3,261.3,6750,50068124
TATAPOWER_F1,26-09-2023,10:57:00,261.3,261.3,261.2,261.2,20250,50068124
TATAPOWER_F1,26-09-2023,10:58:00,261.1,261.1,260.9,261.0,50625,50068124
TATAPOWER_F1,26-09-2023,10:59:00,261.0,261.0,260.7,260.8,40500,50068124
TATAPOWER_F1,26-09-2023,11:00:00,260.8,260.85,260.65,260.7,40500,50051248
TATAPOWER_F1,26-09-2023,11:01:00,260.75,260.75,260.65,260.65,37125,50051248
TATAPOWER_F1,26-09-2023,11:02:00,260.65,260.85,260.65,260.8,54000,50051248
TATAPOWER_F1,26-09-2023,11:03:00,260.8,260.8,260.8,260.8,27000,50034376
TATAPOWER_F1,26-09-2023,11:04:00,260.85,260.85,260.6,260.6,97875,50034376
TATAPOWER_F1,26-09-2023,11:05:00,260.75,261.2,260.75,261.2,114750,50054624
TATAPOWER_F1,26-09-2023,11:06:00,261.2,261.25,261.1,261.25,43875,50054624
TATAPOWER_F1,26-09-2023,11:07:00,261.25,261.25,261.1,261.1,20250,50054624
TATAPOWER_F1,26-09-2023,11:08:00,261.1,261.3,261.1,261.3,37125,50054624
TATAPOWER_F1,26-09-2023,11:09:00,261.3,261.3,261.3,261.3,77625,50041124
TATAPOWER_F1,26-09-2023,11:10:00,261.35,261.55,261.35,261.55,74250,50041124
TATAPOWER_F1,26-09-2023,11:11:00,261.45,261.45,261.25,261.25,30375,50041124
TATAPOWER_F1,26-09-2023,11:12:00,261.25,261.25,261.2,261.2,10125,50031000
TATAPOWER_F1,26-09-2023,11:13:00,261.15,261.15,261.1,261.1,20250,50031000
TATAPOWER_F1,26-09-2023,11:14:00,261.1,261.1,261.1,261.1,16875,50031000
TATAPOWER_F1,26-09-2023,11:15:00,261.1,261.1,260.95,260.95,27000,50017500
TATAPOWER_F1,26-09-2023,11:16:00,260.95,260.95,260.95,260.95,27000,50017500
TATAPOWER_F1,26-09-2023,11:17:00,260.95,260.95,260.95,260.95,10125,50017500
TATAPOWER_F1,26-09-2023,11:18:00,260.85,260.9,260.8,260.8,67500,50017500
TATAPOWER_F1,26-09-2023,11:19:00,260.8,260.8,260.75,260.75,16875,50017500
TATAPOWER_F1,26-09-2023,11:20:00,260.75,260.75,260.65,260.65,47250,50017500
TATAPOWER_F1,26-09-2023,11:21:00,260.65,260.7,260.65,260.7,20250,50017500
TATAPOWER_F1,26-09-2023,11:22:00,260.7,260.75,260.65,260.75,50625,50017500
TATAPOWER_F1,26-09-2023,11:23:00,260.65,260.65,260.6,260.6,101250,50017500
TATAPOWER_F1,26-09-2023,11:24:00,260.7,260.7,260.7,260.7,16875,50027624
TATAPOWER_F1,26-09-2023,11:25:00,260.6,260.6,260.4,260.5,47250,50027624
TATAPOWER_F1,26-09-2023,11:26:00,260.55,260.7,260.55,260.7,16875,50027624
TATAPOWER_F1,26-09-2023,11:27:00,260.7,260.9,260.7,260.9,74250,49983752
TATAPOWER_F1,26-09-2023,11:28:00,260.9,260.9,260.8,260.8,27000,49983752
TATAPOWER_F1,26-09-2023,11:29:00,260.8,261.0,260.8,261.0,13500,49983752
TATAPOWER_F1,26-09-2023,11:30:00,260.95,261.0,260.85,261.0,54000,49970248
TATAPOWER_F1,26-09-2023,11:31:00,261.05,261.1,261.05,261.1,23625,49970248
TATAPOWER_F1,26-09-2023,11:32:00,261.1,261.1,261.1,261.1,10125,49970248
TATAPOWER_F1,26-09-2023,11:33:00,261.1,261.2,261.0,261.2,54000,49987124
TATAPOWER_F1,26-09-2023,11:34:00,261.2,261.2,260.9,261.05,40500,49987124
TATAPOWER_F1,26-09-2023,11:35:00,261.1,261.15,261.1,261.15,13500,49987124
TATAPOWER_F1,26-09-2023,11:36:00,261.15,261.2,261.05,261.05,43875,50007376
TATAPOWER_F1,26-09-2023,11:37:00,261.05,261.05,261.0,261.0,20250,50007376
TATAPOWER_F1,26-09-2023,11:38:00,261.0,261.05,261.0,261.05,54000,50007376
TATAPOWER_F1,26-09-2023,11:39:00,261.05,261.45,261.05,261.45,64125,49993876
TATAPOWER_F1,26-09-2023,11:40:00,261.25,261.4,261.25,261.3,114750,49993876
TATAPOWER_F1,26-09-2023,11:41:00,261.3,261.35,261.25,261.25,16875,49993876
TATAPOWER_F1,26-09-2023,11:42:00,261.25,261.25,261.2,261.2,20250,50020876
TATAPOWER_F1,26-09-2023,11:43:00,261.2,261.3,261.15,261.3,101250,50020876
TATAPOWER_F1,26-09-2023,11:44:00,261.3,261.3,261.3,261.3,10125,50020876
TATAPOWER_F1,26-09-2023,11:45:00,261.3,261.3,261.3,261.3,20250,50051248
TATAPOWER_F1,26-09-2023,11:46:00,261.3,261.3,261.3,261.3,20250,50051248
TATAPOWER_F1,26-09-2023,11:47:00,261.3,261.3,261.3,261.3,13500,50051248
TATAPOWER_F1,26-09-2023,11:48:00,261.3,261.3,261.25,261.25,20250,49973624
TATAPOWER_F1,26-09-2023,11:49:00,261.2,261.2,261.15,261.15,101250,49973624
TATAPOWER_F1,26-09-2023,11:50:00,261.15,261.15,261.15,261.15,6750,49973624
TATAPOWER_F1,26-09-2023,11:51:00,261.15,261.15,261.1,261.1,37125,49926376
TATAPOWER_F1,26-09-2023,11:52:00,261.1,261.2,261.1,261.2,27000,49926376
TATAPOWER_F1,26-09-2023,11:53:00,261.15,261.15,261.05,261.05,205875,49926376
TATAPOWER_F1,26-09-2023,11:54:00,261.0,261.1,261.0,261.1,16875,49926376
TATAPOWER_F1,26-09-2023,11:55:00,261.1,261.25,261.1,261.25,33750,49926376
TATAPOWER_F1,26-09-2023,11:56:00,261.15,261.15,261.15,261.15,13500,49926376
TATAPOWER_F1,26-09-2023,11:57:00,261.15,261.2,261.15,261.2,43875,49912876
TATAPOWER_F1,26-09-2023,11:58:00,261.2,261.35,261.2,261.35,16875,49912876
TATAPOWER_F1,26-09-2023,11:59:00,261.35,261.4,261.25,261.25,40500,49912876
TATAPOWER_F1,26-09-2023,12:00:00,261.35,261.4,261.35,261.4,20250,49889248
TATAPOWER_F1,26-09-2023,12:01:00,261.4,261.4,261.3,261.4,30375,49889248
TATAPOWER_F1,26-09-2023,12:02:00,261.4,261.4,261.15,261.2,43875,49889248
TATAPOWER_F1,26-09-2023,12:03:00,261.2,261.3,261.2,261.3,27000,49885876
TATAPOWER_F1,26-09-2023,12:04:00,261.3,261.3,261.25,261.25,13500,49885876
TATAPOWER_F1,26-09-2023,12:05:00,261.35,261.55,261.35,261.5,37125,49885876
TATAPOWER_F1,26-09-2023,12:06:00,261.5,261.6,261.45,261.45,20250,49872376
TATAPOWER_F1,26-09-2023,12:07:00,261.45,261.65,261.45,261.65,23625,49872376
TATAPOWER_F1,26-09-2023,12:08:00,261.55,261.55,261.55,261.55,20250,49872376
TATAPOWER_F1,26-09-2023,12:09:00,261.55,261.55,261.5,261.5,23625,49842000
TATAPOWER_F1,26-09-2023,12:10:00,261.5,261.5,261.5,261.5,23625,49842000
TATAPOWER_F1,26-09-2023,12:11:00,261.5,261.5,261.45,261.45,6750,49842000
TATAPOWER_F1,26-09-2023,12:12:00,261.45,261.45,261.45,261.45,16875,49842000
TATAPOWER_F1,26-09-2023,12:13:00,261.75,261.8,261.75,261.75,84375,49842000
TATAPOWER_F1,26-09-2023,12:14:00,261.8,262.25,261.8,262.25,124875,49842000
TATAPOWER_F1,26-09-2023,12:15:00,262.15,262.5,262.15,262.4,104625,49852124
TATAPOWER_F1,26-09-2023,12:16:00,262.4,262.4,262.25,262.4,50625,49852124
TATAPOWER_F1,26-09-2023,12:17:00,262.4,262.65,262.4,262.55,54000,49852124
TATAPOWER_F1,26-09-2023,12:18:00,262.45,262.55,262.45,262.55,43875,49848752
TATAPOWER_F1,26-09-2023,12:19:00,262.55,262.8,262.55,262.8,81000,49848752
TATAPOWER_F1,26-09-2023,12:20:00,262.8,263.0,262.8,262.95,111375,49848752
TATAPOWER_F1,26-09-2023,12:21:00,262.85,262.85,262.65,262.65,64125,49852124
TATAPOWER_F1,26-09-2023,12:22:00,262.65,262.65,262.6,262.6,37125,49852124
TATAPOWER_F1,26-09-2023,12:23:00,262.6,262.65,262.5,262.65,23625,49852124
TATAPOWER_F1,26-09-2023,12:24:00,262.6,262.6,262.5,262.5,50625,49852124
TATAPOWER_F1,26-09-2023,12:25:00,262.5,262.5,262.35,262.35,70875,49852124
TATAPOWER_F1,26-09-2023,12:26:00,262.35,262.4,262.2,262.4,54000,49852124
TATAPOWER_F1,26-09-2023,12:27:00,262.4,262.45,262.4,262.4,47250,49845376
TATAPOWER_F1,26-09-2023,12:28:00,262.45,262.45,262.25,262.25,47250,49845376
TATAPOWER_F1,26-09-2023,12:29:00,262.2,262.2,262.0,262.0,74250,49845376
TATAPOWER_F1,26-09-2023,12:30:00,261.85,261.9,261.75,261.75,37125,49821752
TATAPOWER_F1,26-09-2023,12:31:00,261.75,261.75,261.75,261.75,6750,49821752
TATAPOWER_F1,26-09-2023,12:32:00,261.7,261.7,261.7,261.7,30375,49821752
TATAPOWER_F1,26-09-2023,12:33:00,261.7,261.75,261.7,261.75,47250,49801500
TATAPOWER_F1,26-09-2023,12:34:00,261.7,261.75,261.65,261.75,74250,49801500
TATAPOWER_F1,26-09-2023,12:35:00,262.05,262.15,261.85,261.85,101250,49801500
TATAPOWER_F1,26-09-2023,12:36:00,261.8,261.8,261.4,261.4,64125,49862248
TATAPOWER_F1,26-09-2023,12:37:00,261.3,261.4,261.2,261.3,40500,49862248
TATAPOWER_F1,26-09-2023,12:38:00,261.35,261.4,261.35,261.35,40500,49862248
TATAPOWER_F1,26-09-2023,12:39:00,261.35,261.45,261.35,261.45,60750,49865624
TATAPOWER_F1,26-09-2023,12:40:00,261.45,261.55,261.45,261.55,20250,49865624
TATAPOWER_F1,26-09-2023,12:41:00,261.4,261.4,261.35,261.35,64125,49865624
TATAPOWER_F1,26-09-2023,12:42:00,261.35,261.35,261.25,261.25,16875,49811624
TATAPOWER_F1,26-09-2023,12:43:00,261.25,261.3,260.9,260.9,70875,49811624
TATAPOWER_F1,26-09-2023,12:44:00,260.9,260.9,260.85,260.9,27000,49811624
TATAPOWER_F1,26-09-2023,12:45:00,260.9,260.9,260.45,260.55,283500,49774500
TATAPOWER_F1,26-09-2023,12:46:00,260.4,260.45,260.25,260.35,111375,49774500
TATAPOWER_F1,26-09-2023,12:47:00,260.35,260.35,260.35,260.35,13500,49774500
TATAPOWER_F1,26-09-2023,12:48:00,260.35,260.4,259.75,259.75,273375,49666500
TATAPOWER_F1,26-09-2023,12:49:00,259.75,259.8,259.65,259.75,81000,49666500
TATAPOWER_F1,26-09-2023,12:50:00,259.7,260.0,259.6,260.0,101250,49666500
TATAPOWER_F1,26-09-2023,12:51:00,259.95,260.0,259.95,260.0,43875,49673248
TATAPOWER_F1,26-09-2023,12:52:00,260.0,260.1,259.85,260.1,57375,49673248
TATAPOWER_F1,26-09-2023,12:53:00,260.1,260.3,260.1,260.2,33750,49673248
TATAPOWER_F1,26-09-2023,12:54:00,260.2,260.25,260.2,260.25,30375,49575376
TATAPOWER_F1,26-09-2023,12:55:00,260.4,260.4,260.25,260.25,13500,49575376
TATAPOWER_F1,26-09-2023,12:56:00,260.25,260.3,260.25,260.3,23625,49575376
TATAPOWER_F1,26-09-2023,12:57:00,260.2,260.2,259.95,259.95,37125,49504500
TATAPOWER_F1,26-09-2023,12:58:00,259.95,260.0,259.95,260.0,57375,49504500
TATAPOWER_F1,26-09-2023,12:59:00,259.9,259.9,259.65,259.65,20250,49504500
TATAPOWER_F1,26-09-2023,13:00:00,259.65,259.7,259.65,259.7,23625,49497752
TATAPOWER_F1,26-09-2023,13:01:00,259.45,259.7,259.25,259.6,141750,49497752
TATAPOWER_F1,26-09-2023,13:02:00,259.7,259.7,259.6,259.6,10125,49497752
TATAPOWER_F1,26-09-2023,13:03:00,259.4,259.4,259.4,259.4,3300750,49464000
TATAPOWER_F1,26-09-2023,13:04:00,259.4,259.55,259.4,259.55,16875,49464000
TATAPOWER_F1,26-09-2023,13:05:00,259.85,260.0,259.85,259.9,50625,49464000
TATAPOWER_F1,26-09-2023,13:06:00,259.95,260.1,259.95,260.1,20250,49450500
TATAPOWER_F1,26-09-2023,13:07:00,260.1,260.1,260.05,260.05,16875,49450500
TATAPOWER_F1,26-09-2023,13:08:00,260.05,260.2,259.9,259.9,27000,49450500
TATAPOWER_F1,26-09-2023,13:09:00,259.9,259.9,259.75,259.85,16875,49372876
TATAPOWER_F1,26-09-2023,13:10:00,259.85,259.95,259.85,259.95,10125,49372876
TATAPOWER_F1,26-09-2023,13:11:00,259.95,260.05,259.85,259.85,33750,49372876
TATAPOWER_F1,26-09-2023,13:12:00,259.95,259.95,259.95,259.95,27000,49359376
TATAPOWER_F1,26-09-2023,13:13:00,259.85,260.0,259.85,260.0,60750,49359376
TATAPOWER_F1,26-09-2023,13:14:00,260.05,260.25,259.85,260.25,70875,49359376
TATAPOWER_F1,26-09-2023,13:15:00,260.25,260.25,260.25,260.25,10125,49349248
TATAPOWER_F1,26-09-2023,13:16:00,260.25,260.3,260.25,260.3,27000,49349248
TATAPOWER_F1,26-09-2023,13:17:00,260.3,260.3,260.0,260.0,43875,49349248
TATAPOWER_F1,26-09-2023,13:18:00,259.95,260.0,259.95,260.0,40500,49335752
TATAPOWER_F1,26-09-2023,13:19:00,260.0,260.0,260.0,260.0,6750,49335752
TATAPOWER_F1,26-09-2023,13:20:00,260.0,260.0,259.9,259.9,13500,49335752
TATAPOWER_F1,26-09-2023,13:21:00,259.95,259.95,259.85,259.95,23625,49302000
TATAPOWER_F1,26-09-2023,13:22:00,259.85,259.85,259.85,259.85,57375,49302000
TATAPOWER_F1,26-09-2023,13:23:00,259.85,260.0,259.85,260.0,16875,49302000
TATAPOWER_F1,26-09-2023,13:24:00,260.0,260.0,260.0,260.0,13500,49302000
TATAPOWER_F1,26-09-2023,13:25:00,259.9,260.0,259.9,260.0,13500,49302000
TATAPOWER_F1,26-09-2023,13:26:00,260.0,260.0,260.0,260.0,27000,49302000
TATAPOWER_F1,26-09-2023,13:27:00,260.2,260.2,260.05,260.05,70875,49298624
TATAPOWER_F1,26-09-2023,13:28:00,260.05,260.05,260.05,260.05,10125,49298624
TATAPOWER_F1,26-09-2023,13:29:00,260.05,260.05,260.05,260.05,3375,49298624
TATAPOWER_F1,26-09-2023,13:30:00,260.05,260.15,260.05,260.15,57375,49291876
TATAPOWER_F1,26-09-2023,13:31:00,260.15,260.2,260.15,260.15,37125,49291876
TATAPOWER_F1,26-09-2023,13:32:00,260.15,260.25,260.15,260.25,10125,49291876
TATAPOWER_F1,26-09-2023,13:33:00,260.25,260.25,260.2,260.25,16875,49302000
TATAPOWER_F1,26-09-2023,13:34:00,260.25,260.25,260.25,260.25,10125,49302000
TATAPOWER_F1,26-09-2023,13:35:00,260.25,260.3,260.25,260.3,10125,49302000
TATAPOWER_F1,26-09-2023,13:36:00,260.3,260.45,260.3,260.45,57375,49251376
TATAPOWER_F1,26-09-2023,13:37:00,260.4,260.55,260.4,260.55,30375,49251376
TATAPOWER_F1,26-09-2023,13:38:00,260.5,260.5,260.3,260.3,57375,49251376
TATAPOWER_F1,26-09-2023,13:39:00,260.65,260.65,260.55,260.65,151875,49150124
TATAPOWER_F1,26-09-2023,13:40:00,260.6,260.6,260.45,260.5,94500,49150124
TATAPOWER_F1,26-09-2023,13:41:00,260.5,260.5,260.45,260.45,16875,49150124
TATAPOWER_F1,26-09-2023,13:42:00,260.45,260.45,260.3,260.35,43875,48799124
TATAPOWER_F1,26-09-2023,13:43:00,260.35,260.45,260.35,260.45,13500,48799124
TATAPOWER_F1,26-09-2023,13:44:00,260.5,260.5,260.5,260.5,10125,48799124
TATAPOWER_F1,26-09-2023,13:45:00,260.5,260.5,260.35,260.35,13500,48809248
TATAPOWER_F1,26-09-2023,13:46:00,260.35,260.35,260.35,260.35,3375,48809248
TATAPOWER_F1,26-09-2023,13:47:00,260.35,260.7,260.35,260.7,27000,48809248
TATAPOWER_F1,26-09-2023,13:48:00,260.6,260.7,260.6,260.7,20250,48768752
TATAPOWER_F1,26-09-2023,13:49:00,260.7,260.7,260.7,260.7,16875,48768752
TATAPOWER_F1,26-09-2023,13:50:00,260.7,260.7,260.65,260.65,16875,48768752
TATAPOWER_F1,26-09-2023,13:51:00,260.65,260.7,260.65,260.7,81000,48772124
TATAPOWER_F1,26-09-2023,13:52:00,260.7,260.7,260.7,260.7,3375,48772124
TATAPOWER_F1,26-09-2023,13:53:00,260.55,260.55,260.45,260.45,30375,48772124
TATAPOWER_F1,26-09-2023,13:54:00,260.65,260.65,260.55,260.55,47250,48778876
TATAPOWER_F1,26-09-2023,13:55:00,260.55,260.55,260.55,260.55,3375,48778876
TATAPOWER_F1,26-09-2023,13:56:00,260.45,260.45,260.4,260.4,10125,48778876
TATAPOWER_F1,26-09-2023,13:57:00,260.4,260.4,260.35,260.35,13500,48785624
TATAPOWER_F1,26-09-2023,13:58:00,260.3,260.45,260.3,260.45,43875,48785624
TATAPOWER_F1,26-09-2023,13:59:00,260.45,260.45,260.35,260.35,16875,48785624
TATAPOWER_F1,26-09-2023,14:00:00,260.35,260.35,260.35,260.35,6750,48741752
TATAPOWER_F1,26-09-2023,14:01:00,260.35,260.35,260.3,260.3,30375,48741752
TATAPOWER_F1,26-09-2023,14:02:00,260.25,260.3,260.25,260.25,54000,48741752
TATAPOWER_F1,26-09-2023,14:03:00,260.2,260.6,260.2,260.55,47250,48748500
TATAPOWER_F1,26-09-2023,14:04:00,260.55,260.6,260.55,260.6,27000,48748500
TATAPOWER_F1,26-09-2023,14:05:00,260.6,260.7,260.6,260.7,27000,48748500
TATAPOWER_F1,26-09-2023,14:06:00,260.7,260.7,260.55,260.55,20250,48741752
TATAPOWER_F1,26-09-2023,14:07:00,260.5,260.5,260.5,260.5,3375,48741752
TATAPOWER_F1,26-09-2023,14:08:00,260.5,260.5,260.5,260.5,10125,48741752
TATAPOWER_F1,26-09-2023,14:09:00,260.5,260.55,260.5,260.55,16875,48735000
TATAPOWER_F1,26-09-2023,14:10:00,260.55,260.55,260.55,260.55,30375,48735000
TATAPOWER_F1,26-09-2023,14:11:00,260.45,260.6,260.45,260.6,33750,48735000
TATAPOWER_F1,26-09-2023,14:12:00,260.8,260.8,260.8,260.8,23625,48745124
TATAPOWER_F1,26-09-2023,14:13:00,260.8,260.8,260.75,260.75,13500,48745124
TATAPOWER_F1,26-09-2023,14:14:00,260.75,260.75,260.6,260.6,57375,48745124
TATAPOWER_F1,26-09-2023,14:15:00,260.6,260.6,260.4,260.55,60750,48758624
TATAPOWER_F1,26-09-2023,14:16:00,260.55,260.8,260.5,260.8,97875,48758624
TATAPOWER_F1,26-09-2023,14:17:00,260.8,260.85,260.75,260.75,54000,48758624
TATAPOWER_F1,26-09-2023,14:18:00,260.75,260.75,260.7,260.7,20250,48721500
TATAPOWER_F1,26-09-2023,14:19:00,260.65,260.65,260.55,260.65,23625,48721500
TATAPOWER_F1,26-09-2023,14:20:00,260.65,260.65,260.65,260.65,10125,48721500
TATAPOWER_F1,26-09-2023,14:21:00,260.4,260.45,260.4,260.45,20250,48714752
TATAPOWER_F1,26-09-2023,14:22:00,260.45,260.5,260.45,260.5,37125,48714752
TATAPOWER_F1,26-09-2023,14:23:00,260.5,260.5,260.5,260.5,13500,48714752
TATAPOWER_F1,26-09-2023,14:24:00,260.5,260.5,260.4,260.4,16875,48708000
TATAPOWER_F1,26-09-2023,14:25:00,260.55,260.6,260.4,260.6,43875,48708000
TATAPOWER_F1,26-09-2023,14:26:00,260.55,260.55,260.5,260.5,37125,48708000
TATAPOWER_F1,26-09-2023,14:27:00,260.35,260.45,260.35,260.4,50625,48721500
TATAPOWER_F1,26-09-2023,14:28:00,260.35,260.5,260.35,260.4,77625,48721500
TATAPOWER_F1,26-09-2023,14:29:00,260.4,260.55,260.4,260.55,33750,48721500
TATAPOWER_F1,26-09-2023,14:30:00,260.35,260.6,260.35,260.6,40500,48691124
TATAPOWER_F1,26-09-2023,14:31:00,260.6,260.65,260.6,260.65,27000,48691124
TATAPOWER_F1,26-09-2023,14:32:00,260.65,260.7,260.65,260.7,13500,48691124
TATAPOWER_F1,26-09-2023,14:33:00,260.55,260.55,260.4,260.5,33750,48687752
TATAPOWER_F1,26-09-2023,14:34:00,260.5,260.65,260.5,260.65,60750,48687752
TATAPOWER_F1,26-09-2023,14:35:00,260.65,260.7,260.65,260.7,43875,48687752
TATAPOWER_F1,26-09-2023,14:36:00,260.7,260.7,260.7,260.7,6750,48667500
TATAPOWER_F1,26-09-2023,14:37:00,260.55,260.7,260.55,260.7,192375,48667500
TATAPOWER_F1,26-09-2023,14:38:00,260.7,260.75,260.55,260.65,47250,48667500
TATAPOWER_F1,26-09-2023,14:39:00,260.5,260.5,260.15,260.25,84375,48674248
TATAPOWER_F1,26-09-2023,14:40:00,260.25,260.25,260.1,260.1,33750,48674248
TATAPOWER_F1,26-09-2023,14:41:00,260.15,260.15,260.0,260.05,27000,48674248
TATAPOWER_F1,26-09-2023,14:42:00,260.05,260.05,260.0,260.0,40500,48657376
TATAPOWER_F1,26-09-2023,14:43:00,259.9,259.9,259.75,259.85,33750,48657376
TATAPOWER_F1,26-09-2023,14:44:00,259.9,260.1,259.9,260.1,27000,48657376
TATAPOWER_F1,26-09-2023,14:45:00,260.1,260.2,260.1,260.2,23625,48643876
TATAPOWER_F1,26-09-2023,14:46:00,260.15,260.15,260.1,260.1,27000,48643876
TATAPOWER_F1,26-09-2023,14:47:00,260.1,260.1,260.1,260.1,13500,48643876
TATAPOWER_F1,26-09-2023,14:48:00,259.95,260.15,259.95,260.0,33750,48637124
TATAPOWER_F1,26-09-2023,14:49:00,259.9,259.9,259.45,259.45,50625,48637124
TATAPOWER_F1,26-09-2023,14:50:00,259.6,259.65,259.6,259.65,67500,48637124
TATAPOWER_F1,26-09-2023,14:51:00,259.7,259.7,259.65,259.65,27000,48606752
TATAPOWER_F1,26-09-2023,14:52:00,259.65,259.75,259.55,259.55,33750,48606752
TATAPOWER_F1,26-09-2023,14:53:00,259.6,259.8,259.6,259.8,20250,48606752
TATAPOWER_F1,26-09-2023,14:54:00,259.8,259.8,259.7,259.7,37125,48606752
TATAPOWER_F1,26-09-2023,14:55:00,259.7,259.95,259.7,259.95,37125,48542624
TATAPOWER_F1,26-09-2023,14:56:00,259.85,259.9,259.75,259.9,77625,48542624
TATAPOWER_F1,26-09-2023,14:57:00,259.85,259.85,259.75,259.75,20250,48542624
TATAPOWER_F1,26-09-2023,14:58:00,259.75,259.9,259.75,259.9,16875,48508876
TATAPOWER_F1,26-09-2023,14:59:00,259.9,259.95,259.85,259.85,37125,48508876
TATAPOWER_F1,26-09-2023,15:00:00,260.0,260.0,259.65,259.65,87750,48495376
TATAPOWER_F1,26-09-2023,15:01:00,259.7,259.7,259.6,259.6,33750,48495376
TATAPOWER_F1,26-09-2023,15:02:00,259.6,259.6,259.55,259.55,23625,48495376
TATAPOWER_F1,26-09-2023,15:03:00,259.4,259.4,259.15,259.2,243000,48465000
TATAPOWER_F1,26-09-2023,15:04:00,259.25,259.35,259.2,259.2,114750,48465000
TATAPOWER_F1,26-09-2023,15:05:00,259.3,259.3,259.15,259.2,101250,48465000
TATAPOWER_F1,26-09-2023,15:06:00,259.2,259.4,259.2,259.35,111375,48424500
TATAPOWER_F1,26-09-2023,15:07:00,259.25,259.35,259.2,259.2,70875,48424500
TATAPOWER_F1,26-09-2023,15:08:00,259.3,259.3,259.25,259.25,40500,48424500
TATAPOWER_F1,26-09-2023,15:09:00,259.3,259.4,259.3,259.4,54000,48400876
TATAPOWER_F1,26-09-2023,15:10:00,259.6,259.7,259.6,259.6,158625,48400876
TATAPOWER_F1,26-09-2023,15:11:00,259.6,259.65,259.6,259.6,33750,48400876
TATAPOWER_F1,26-09-2023,15:12:00,259.6,259.6,259.6,259.6,30375,48400876
TATAPOWER_F1,26-09-2023,15:13:00,259.7,259.7,259.6,259.6,81000,48397500
TATAPOWER_F1,26-09-2023,15:14:00,259.6,259.7,259.6,259.65,40500,48397500
TATAPOWER_F1,26-09-2023,15:15:00,259.6,259.6,259.5,259.6,84375,48380624
TATAPOWER_F1,26-09-2023,15:16:00,259.6,259.6,259.45,259.55,23625,48380624
TATAPOWER_F1,26-09-2023,15:17:00,259.55,259.65,259.5,259.6,91125,48380624
TATAPOWER_F1,26-09-2023,15:18:00,259.6,259.6,259.3,259.3,97875,48384000
TATAPOWER_F1,26-09-2023,15:19:00,259.35,259.6,259.35,259.6,50625,48384000
TATAPOWER_F1,26-09-2023,15:20:00,259.6,259.6,259.55,259.55,64125,48384000
TATAPOWER_F1,26-09-2023,15:21:00,259.65,259.75,259.65,259.75,131625,48384000
TATAPOWER_F1,26-09-2023,15:22:00,259.75,259.75,259.7,259.7,104625,48384000
TATAPOWER_F1,26-09-2023,15:23:00,259.85,260.05,259.85,260.05,91125,48384000
TATAPOWER_F1,26-09-2023,15:24:00,260.05,260.2,259.95,260.2,104625,48357000
TATAPOWER_F1,26-09-2023,15:25:00,260.3,260.6,260.3,260.5,259875,48357000
TATAPOWER_F1,26-09-2023,15:26:00,260.35,260.5,260.2,260.3,158625,48357000
TATAPOWER_F1,26-09-2023,15:27:00,260.15,260.25,260.1,260.2,104625,48468376
TATAPOWER_F1,26-09-2023,15:28:00,260.1,260.4,260.1,260.4,91125,48468376
TATAPOWER_F1,26-09-2023,15:29:00,260.4,260.6,260.3,260.3,155250,48468376
TATAPOWER_F1,27-09-2023,09:15:00,260.15,260.3,259.55,260.15,118127,37425376
TATAPOWER_F1,27-09-2023,09:16:00,260.15,260.35,259.6,259.7,361125,37425376
TATAPOWER_F1,27-09-2023,09:17:00,259.55,259.55,259.4,259.4,74250,37425376
TATAPOWER_F1,27-09-2023,09:18:00,259.55,259.85,259.55,259.85,54000,37401752
TATAPOWER_F1,27-09-2023,09:19:00,259.85,259.85,258.75,258.75,270000,37401752
TATAPOWER_F1,27-09-2023,09:20:00,258.7,258.75,257.8,258.05,168750,37445624
TATAPOWER_F1,27-09-2023,09:21:00,258.05,258.2,257.75,257.75,37125,37445624
TATAPOWER_F1,27-09-2023,09:22:00,257.7,257.7,257.2,257.25,151875,37445624
TATAPOWER_F1,27-09-2023,09:23:00,257.3,257.45,257.2,257.2,70875,37445624
TATAPOWER_F1,27-09-2023,09:24:00,257.2,258.0,257.2,258.0,87750,37476000
TATAPOWER_F1,27-09-2023,09:25:00,257.7,257.95,257.45,257.7,101250,37476000
TATAPOWER_F1,27-09-2023,09:26:00,257.7,258.7,257.7,258.7,182250,37492876
TATAPOWER_F1,27-09-2023,09:27:00,258.75,258.75,258.45,258.45,74250,37492876
TATAPOWER_F1,27-09-2023,09:28:00,258.5,258.7,258.5,258.6,77625,37492876
TATAPOWER_F1,27-09-2023,09:29:00,258.75,258.8,258.4,258.4,70875,37536752
TATAPOWER_F1,27-09-2023,09:30:00,258.4,258.4,257.95,258.15,54000,37536752
TATAPOWER_F1,27-09-2023,09:31:00,258.15,258.4,258.0,258.0,121500,37536752
TATAPOWER_F1,27-09-2023,09:32:00,258.0,258.0,257.75,257.75,74250,37540124
TATAPOWER_F1,27-09-2023,09:33:00,257.75,257.8,257.5,257.5,64125,37540124
TATAPOWER_F1,27-09-2023,09:34:00,257.45,257.9,257.4,257.9,77625,37540124
TATAPOWER_F1,27-09-2023,09:35:00,258.1,258.2,258.05,258.05,60750,37570500
TATAPOWER_F1,27-09-2023,09:36:00,258.05,258.15,257.95,258.05,50625,37570500
TATAPOWER_F1,27-09-2023,09:37:00,257.95,258.1,257.95,258.1,104625,37570500
TATAPOWER_F1,27-09-2023,09:38:00,258.1,258.2,258.05,258.2,158625,37570500
TATAPOWER_F1,27-09-2023,09:39:00,258.1,258.15,258.05,258.15,64125,37614376
TATAPOWER_F1,27-09-2023,09:40:00,258.2,258.2,257.95,258.0,43875,37614376
TATAPOWER_F1,27-09-2023,09:41:00,258.0,258.1,258.0,258.1,91125,37692000
TATAPOWER_F1,27-09-2023,09:42:00,258.1,258.15,258.1,258.15,33750,37692000
TATAPOWER_F1,27-09-2023,09:43:00,258.15,258.5,258.15,258.5,40500,37692000
TATAPOWER_F1,27-09-2023,09:44:00,258.55,258.55,258.4,258.45,23625,37560376
TATAPOWER_F1,27-09-2023,09:45:00,258.5,258.7,258.45,258.6,54000,37560376
TATAPOWER_F1,27-09-2023,09:46:00,258.6,258.95,258.6,258.85,47250,37560376
TATAPOWER_F1,27-09-2023,09:47:00,258.85,258.85,258.65,258.65,37125,37560376
TATAPOWER_F1,27-09-2023,09:48:00,258.85,258.85,258.7,258.75,54000,37337624
TATAPOWER_F1,27-09-2023,09:49:00,258.7,258.8,258.65,258.8,27000,37337624
TATAPOWER_F1,27-09-2023,09:50:00,258.9,259.1,258.9,259.1,70875,37371376
TATAPOWER_F1,27-09-2023,09:51:00,259.1,259.1,258.9,259.05,37125,37371376
TATAPOWER_F1,27-09-2023,09:52:00,259.05,259.15,259.05,259.15,347625,37371376
TATAPOWER_F1,27-09-2023,09:53:00,259.05,259.05,258.95,258.95,54000,37371376
TATAPOWER_F1,27-09-2023,09:54:00,259.1,259.25,259.0,259.15,77625,37408500
TATAPOWER_F1,27-09-2023,09:55:00,259.1,259.1,259.1,259.1,16875,37408500
TATAPOWER_F1,27-09-2023,09:56:00,259.1,259.1,258.85,258.85,33750,37408500
TATAPOWER_F1,27-09-2023,09:57:00,258.85,258.85,258.65,258.85,172125,37408500
TATAPOWER_F1,27-09-2023,09:58:00,258.85,258.85,258.6,258.6,13500,37408500
TATAPOWER_F1,27-09-2023,09:59:00,258.6,258.6,258.4,258.4,40500,37408500
TATAPOWER_F1,27-09-2023,10:00:00,258.4,258.4,258.1,258.1,128250,37158752
TATAPOWER_F1,27-09-2023,10:01:00,258.05,258.05,257.85,257.85,33750,37158752
TATAPOWER_F1,27-09-2023,10:02:00,257.85,258.0,257.8,258.0,20250,37158752
TATAPOWER_F1,27-09-2023,10:03:00,257.85,257.85,257.75,257.8,37125,37125000
TATAPOWER_F1,27-09-2023,10:04:00,257.8,258.05,257.8,258.05,27000,37125000
TATAPOWER_F1,27-09-2023,10:05:00,258.0,258.0,258.0,258.0,20250,37125000
TATAPOWER_F1,27-09-2023,10:06:00,257.55,257.65,257.5,257.5,27000,37141876
TATAPOWER_F1,27-09-2023,10:07:00,257.5,257.6,257.35,257.5,111375,37141876
TATAPOWER_F1,27-09-2023,10:08:00,257.5,257.5,257.35,257.45,195750,37138500
TATAPOWER_F1,27-09-2023,10:09:00,257.6,257.75,257.6,257.75,209250,37138500
TATAPOWER_F1,27-09-2023,10:10:00,257.75,257.85,257.75,257.8,145125,37138500
TATAPOWER_F1,27-09-2023,10:11:00,257.8,257.8,257.8,257.8,23625,37138500
TATAPOWER_F1,27-09-2023,10:12:00,257.8,257.8,257.75,257.75,13500,37128376
TATAPOWER_F1,27-09-2023,10:13:00,257.75,257.75,257.6,257.6,60750,37128376
TATAPOWER_F1,27-09-2023,10:14:00,257.6,257.6,257.5,257.5,64125,37128376
TATAPOWER_F1,27-09-2023,10:15:00,257.5,257.5,257.4,257.45,111375,37087876
TATAPOWER_F1,27-09-2023,10:16:00,257.45,257.5,257.3,257.3,67500,37087876
TATAPOWER_F1,27-09-2023,10:17:00,257.2,257.35,257.2,257.3,155250,37071000
TATAPOWER_F1,27-09-2023,10:18:00,257.3,257.3,257.15,257.2,114750,37071000
TATAPOWER_F1,27-09-2023,10:19:00,257.3,257.3,257.1,257.15,64125,37071000
TATAPOWER_F1,27-09-2023,10:20:00,257.15,257.15,256.3,256.3,270000,37195876
TATAPOWER_F1,27-09-2023,10:21:00,256.3,256.65,256.2,256.4,182250,37195876
TATAPOWER_F1,27-09-2023,10:22:00,256.5,256.7,256.5,256.6,94500,37195876
TATAPOWER_F1,27-09-2023,10:23:00,256.6,256.6,256.4,256.6,81000,37195876
TATAPOWER_F1,27-09-2023,10:24:00,256.6,256.7,256.6,256.7,30375,37243124
TATAPOWER_F1,27-09-2023,10:25:00,256.7,256.75,256.65,256.75,128250,37243124
TATAPOWER_F1,27-09-2023,10:26:00,256.75,256.75,256.5,256.55,91125,37243124
TATAPOWER_F1,27-09-2023,10:27:00,256.55,256.55,256.35,256.35,43875,37253248
TATAPOWER_F1,27-09-2023,10:28:00,256.35,256.5,256.35,256.5,30375,37253248
TATAPOWER_F1,27-09-2023,10:29:00,256.45,256.8,256.45,256.8,67500,37202624
TATAPOWER_F1,27-09-2023,10:30:00,256.8,257.25,256.75,257.25,50625,37202624
TATAPOWER_F1,27-09-2023,10:31:00,257.1,257.2,257.1,257.1,131625,37202624
TATAPOWER_F1,27-09-2023,10:32:00,257.1,257.2,257.05,257.05,50625,37202624
TATAPOWER_F1,27-09-2023,10:33:00,257.0,257.1,256.95,257.0,57375,37155376
TATAPOWER_F1,27-09-2023,10:34:00,257.0,257.0,256.85,256.85,30375,37155376
TATAPOWER_F1,27-09-2023,10:35:00,256.85,256.9,256.7,256.9,43875,37155376
TATAPOWER_F1,27-09-2023,10:36:00,256.7,256.75,256.7,256.75,57375,37094624
TATAPOWER_F1,27-09-2023,10:37:00,256.75,256.85,256.75,256.8,104625,37094624
TATAPOWER_F1,27-09-2023,10:38:00,256.8,256.95,256.8,256.85,33750,37094624
TATAPOWER_F1,27-09-2023,10:39:00,256.85,257.0,256.75,256.75,27000,37050752
TATAPOWER_F1,27-09-2023,10:40:00,256.75,256.95,256.75,256.95,40500,37050752
TATAPOWER_F1,27-09-2023,10:41:00,256.95,257.15,256.85,257.15,121500,37050752
TATAPOWER_F1,27-09-2023,10:42:00,257.1,257.15,257.05,257.15,40500,37074376
TATAPOWER_F1,27-09-2023,10:43:00,257.15,257.15,257.0,257.05,70875,37074376
TATAPOWER_F1,27-09-2023,10:44:00,257.05,257.1,257.0,257.1,33750,37074376
TATAPOWER_F1,27-09-2023,10:45:00,257.0,257.0,256.75,256.85,151875,37071000
TATAPOWER_F1,27-09-2023,10:46:00,256.85,256.95,256.85,256.95,70875,37071000
TATAPOWER_F1,27-09-2023,10:47:00,257.0,257.1,256.95,257.0,104625,37071000
TATAPOWER_F1,27-09-2023,10:48:00,257.05,257.05,256.85,256.9,40500,36963000
TATAPOWER_F1,27-09-2023,10:49:00,256.9,257.15,256.8,257.15,43875,36963000
TATAPOWER_F1,27-09-2023,10:50:00,257.15,257.15,257.0,257.0,232875,36963000
TATAPOWER_F1,27-09-2023,10:51:00,257.0,257.05,257.0,257.0,77625,36936000
TATAPOWER_F1,27-09-2023,10:52:00,257.0,257.05,257.0,257.0,43875,36936000
TATAPOWER_F1,27-09-2023,10:53:00,257.0,257.25,257.0,257.25,20250,36936000
TATAPOWER_F1,27-09-2023,10:54:00,257.25,257.25,257.05,257.25,33750,36932624
TATAPOWER_F1,27-09-2023,10:55:00,257.25,257.3,257.25,257.3,16875,36932624
TATAPOWER_F1,27-09-2023,10:56:00,257.25,257.3,257.2,257.3,33750,36932624
TATAPOWER_F1,27-09-2023,10:57:00,257.2,257.25,257.2,257.25,27000,36939376
TATAPOWER_F1,27-09-2023,10:58:00,257.3,257.45,257.3,257.45,20250,36939376
TATAPOWER_F1,27-09-2023,10:59:00,257.45,257.65,257.45,257.65,60750,36939376
TATAPOWER_F1,27-09-2023,11:00:00,257.65,257.65,257.6,257.65,40500,36946124
TATAPOWER_F1,27-09-2023,11:01:00,257.65,257.65,257.6,257.6,64125,36946124
TATAPOWER_F1,27-09-2023,11:02:00,257.5,257.65,257.5,257.65,64125,36946124
TATAPOWER_F1,27-09-2023,11:03:00,257.65,257.65,257.55,257.55,23625,36895500
TATAPOWER_F1,27-09-2023,11:04:00,257.55,257.55,257.55,257.55,3375,36895500
TATAPOWER_F1,27-09-2023,11:05:00,257.55,257.55,257.45,257.45,6750,36895500
TATAPOWER_F1,27-09-2023,11:06:00,257.45,257.6,257.45,257.5,30375,36895500
TATAPOWER_F1,27-09-2023,11:07:00,257.5,257.5,257.5,257.5,13500,36895500
TATAPOWER_F1,27-09-2023,11:08:00,257.5,257.5,257.5,257.5,482625,36895500
TATAPOWER_F1,27-09-2023,11:09:00,257.65,257.75,257.55,257.75,74250,36902248
TATAPOWER_F1,27-09-2023,11:10:00,257.75,257.95,257.75,257.85,16875,36902248
TATAPOWER_F1,27-09-2023,11:11:00,257.85,258.05,257.85,258.0,40500,36902248
TATAPOWER_F1,27-09-2023,11:12:00,257.85,257.85,257.55,257.8,67500,36912376
TATAPOWER_F1,27-09-2023,11:13:00,257.8,258.0,257.7,257.8,94500,36912376
TATAPOWER_F1,27-09-2023,11:14:00,257.8,258.25,257.8,258.25,94500,36912376
TATAPOWER_F1,27-09-2023,11:15:00,258.25,258.25,258.1,258.1,13500,36858376
TATAPOWER_F1,27-09-2023,11:16:00,257.9,257.9,257.9,257.9,16875,36858376
TATAPOWER_F1,27-09-2023,11:17:00,257.9,257.9,257.85,257.85,20250,36858376
TATAPOWER_F1,27-09-2023,11:18:00,257.85,257.85,257.85,257.85,23625,36868500
TATAPOWER_F1,27-09-2023,11:19:00,257.85,257.95,257.85,257.95,16875,36868500
TATAPOWER_F1,27-09-2023,11:20:00,257.95,258.0,257.95,258.0,33750,36868500
TATAPOWER_F1,27-09-2023,11:21:00,258.0,258.05,258.0,258.05,16875,36865124
TATAPOWER_F1,27-09-2023,11:22:00,258.0,258.0,258.0,258.0,13500,36865124
TATAPOWER_F1,27-09-2023,11:23:00,258.0,258.1,257.95,258.1,33750,36865124
TATAPOWER_F1,27-09-2023,11:24:00,258.0,258.1,258.0,258.1,13500,36865124
TATAPOWER_F1,27-09-2023,11:25:00,258.15,258.4,258.15,258.4,50625,36865124
TATAPOWER_F1,27-09-2023,11:26:00,258.4,258.4,258.4,258.4,10125,36865124
TATAPOWER_F1,27-09-2023,11:27:00,258.45,258.45,258.3,258.3,13500,36848248
TATAPOWER_F1,27-09-2023,11:28:00,258.1,258.1,258.05,258.05,70875,36848248
TATAPOWER_F1,27-09-2023,11:29:00,258.05,258.05,258.0,258.0,30375,36848248
TATAPOWER_F1,27-09-2023,11:30:00,258.1,258.15,258.1,258.1,20250,36848248
TATAPOWER_F1,27-09-2023,11:31:00,258.1,258.1,258.1,258.1,64125,36790876
TATAPOWER_F1,27-09-2023,11:32:00,258.05,258.05,258.05,258.05,27000,36790876
TATAPOWER_F1,27-09-2023,11:33:00,257.95,258.05,257.95,258.05,37125,36814500
TATAPOWER_F1,27-09-2023,11:34:00,258.05,258.05,258.05,258.05,16875,36814500
TATAPOWER_F1,27-09-2023,11:35:00,257.95,258.35,257.95,258.3,94500,36814500
TATAPOWER_F1,27-09-2023,11:36:00,258.3,258.35,258.25,258.35,10125,36828000
TATAPOWER_F1,27-09-2023,11:37:00,258.4,258.45,258.4,258.45,23625,36828000
TATAPOWER_F1,27-09-2023,11:38:00,258.45,258.45,258.4,258.4,108000,36828000
TATAPOWER_F1,27-09-2023,11:39:00,258.4,258.4,258.25,258.3,91125,36834752
TATAPOWER_F1,27-09-2023,11:40:00,258.3,258.3,258.2,258.2,16875,36834752
TATAPOWER_F1,27-09-2023,11:41:00,258.2,258.2,258.0,258.15,128250,36834752
TATAPOWER_F1,27-09-2023,11:42:00,258.15,258.15,258.15,258.15,60750,36821248
TATAPOWER_F1,27-09-2023,11:43:00,258.15,258.25,258.1,258.25,47250,36821248
TATAPOWER_F1,27-09-2023,11:44:00,258.25,258.25,258.25,258.25,37125,36821248
TATAPOWER_F1,27-09-2023,11:45:00,258.25,258.25,258.25,258.25,162000,36787500
TATAPOWER_F1,27-09-2023,11:46:00,258.25,258.4,258.25,258.4,60750,36787500
TATAPOWER_F1,27-09-2023,11:47:00,258.4,258.4,258.4,258.4,13500,36787500
TATAPOWER_F1,27-09-2023,11:48:00,258.3,258.45,258.3,258.3,16875,36801000
TATAPOWER_F1,27-09-2023,11:49:00,258.25,258.25,258.2,258.2,13500,36801000
TATAPOWER_F1,27-09-2023,11:50:00,258.2,258.2,258.05,258.05,108000,36801000
TATAPOWER_F1,27-09-2023,11:51:00,258.1,258.1,257.9,258.0,30375,36801000
TATAPOWER_F1,27-09-2023,11:52:00,258.0,258.0,257.75,257.75,30375,36801000
TATAPOWER_F1,27-09-2023,11:53:00,257.65,258.0,257.65,257.9,118125,36801000
TATAPOWER_F1,27-09-2023,11:54:00,258.0,258.0,257.75,257.75,81000,36801000
TATAPOWER_F1,27-09-2023,11:55:00,257.75,257.75,257.75,257.75,13500,36801000
TATAPOWER_F1,27-09-2023,11:56:00,257.75,257.75,257.75,257.75,43875,36801000
TATAPOWER_F1,27-09-2023,11:57:00,257.75,257.95,257.75,257.95,40500,36848248
TATAPOWER_F1,27-09-2023,11:58:00,258.0,258.0,258.0,258.0,16875,36848248
TATAPOWER_F1,27-09-2023,11:59:00,257.95,257.95,257.95,257.95,10125,36848248
TATAPOWER_F1,27-09-2023,12:00:00,257.95,257.95,257.95,257.95,10125,36868500
TATAPOWER_F1,27-09-2023,12:01:00,257.95,257.95,257.95,257.95,3375,36868500
TATAPOWER_F1,27-09-2023,12:02:00,257.95,257.95,257.95,257.95,13500,36868500
TATAPOWER_F1,27-09-2023,12:03:00,257.95,258.0,257.95,258.0,27000,36841500
TATAPOWER_F1,27-09-2023,12:04:00,258.0,258.2,258.0,258.2,16875,36841500
TATAPOWER_F1,27-09-2023,12:05:00,258.1,258.2,258.1,258.2,16875,36841500
TATAPOWER_F1,27-09-2023,12:07:00,258.2,258.25,258.15,258.15,13500,36841500
TATAPOWER_F1,27-09-2023,12:08:00,258.15,258.3,258.1,258.25,50625,36841500
TATAPOWER_F1,27-09-2023,12:09:00,258.25,258.25,258.2,258.2,20250,36848248
TATAPOWER_F1,27-09-2023,12:10:00,258.1,258.1,257.85,257.85,97875,36848248
TATAPOWER_F1,27-09-2023,12:11:00,258.0,258.35,258.0,258.25,50625,36848248
TATAPOWER_F1,27-09-2023,12:12:00,258.25,258.25,258.1,258.1,10125,36824624
TATAPOWER_F1,27-09-2023,12:13:00,258.1,258.15,258.1,258.1,16875,36824624
TATAPOWER_F1,27-09-2023,12:14:00,258.1,258.1,257.9,258.05,94500,36824624
TATAPOWER_F1,27-09-2023,12:15:00,258.1,258.1,257.95,257.95,84375,36841500
TATAPOWER_F1,27-09-2023,12:16:00,257.85,257.95,257.85,257.95,23625,36841500
TATAPOWER_F1,27-09-2023,12:17:00,257.95,257.95,257.95,257.95,20250,36841500
TATAPOWER_F1,27-09-2023,12:18:00,257.95,258.25,257.95,258.25,47250,36851624
TATAPOWER_F1,27-09-2023,12:19:00,258.3,258.6,258.3,258.6,101250,36851624
TATAPOWER_F1,27-09-2023,12:20:00,258.7,259.6,258.7,259.6,371250,36851624
TATAPOWER_F1,27-09-2023,12:21:00,259.6,259.6,259.4,259.5,81000,36824624
TATAPOWER_F1,27-09-2023,12:22:00,259.45,259.5,259.4,259.45,47250,36824624
TATAPOWER_F1,27-09-2023,12:23:00,259.45,259.5,259.35,259.5,20250,36824624
TATAPOWER_F1,27-09-2023,12:24:00,259.45,259.45,259.4,259.4,40500,36824624
TATAPOWER_F1,27-09-2023,12:25:00,259.35,259.35,259.3,259.3,23625,36824624
TATAPOWER_F1,27-09-2023,12:26:00,259.35,259.35,259.25,259.25,27000,36824624
TATAPOWER_F1,27-09-2023,12:27:00,259.25,259.3,259.1,259.25,33750,36801000
TATAPOWER_F1,27-09-2023,12:28:00,259.25,259.25,259.05,259.15,33750,36801000
TATAPOWER_F1,27-09-2023,12:29:00,259.15,259.15,259.0,259.0,20250,36801000
TATAPOWER_F1,27-09-2023,12:30:00,259.15,259.15,259.1,259.15,60750,36790876
TATAPOWER_F1,27-09-2023,12:31:00,259.15,259.75,259.15,259.75,60750,36790876
TATAPOWER_F1,27-09-2023,12:32:00,259.75,260.0,259.75,259.85,131625,36790876
TATAPOWER_F1,27-09-2023,12:33:00,259.85,259.95,259.7,259.95,40500,36777376
TATAPOWER_F1,27-09-2023,12:34:00,259.85,260.2,259.85,260.0,67500,36777376
TATAPOWER_F1,27-09-2023,12:35:00,259.9,260.1,259.85,260.05,111375,36777376
TATAPOWER_F1,27-09-2023,12:36:00,260.05,260.2,260.05,260.2,114750,36804376
TATAPOWER_F1,27-09-2023,12:37:00,260.0,260.0,259.5,259.65,47250,36804376
TATAPOWER_F1,27-09-2023,12:38:00,259.65,259.8,259.65,259.7,40500,36804376
TATAPOWER_F1,27-09-2023,12:39:00,259.7,259.85,259.7,259.85,23625,36811124
TATAPOWER_F1,27-09-2023,12:40:00,259.75,259.75,259.65,259.65,43875,36811124
TATAPOWER_F1,27-09-2023,12:41:00,259.8,259.8,259.7,259.75,37125,36811124
TATAPOWER_F1,27-09-2023,12:42:00,259.6,259.6,259.3,259.3,27000,36767248
TATAPOWER_F1,27-09-2023,12:43:00,259.35,259.35,259.3,259.3,16875,36767248
TATAPOWER_F1,27-09-2023,12:44:00,259.3,259.35,259.25,259.25,37125,36767248
TATAPOWER_F1,27-09-2023,12:45:00,259.35,259.35,259.25,259.25,16875,36767248
TATAPOWER_F1,27-09-2023,12:46:00,259.25,259.3,259.25,259.25,70875,36767248
TATAPOWER_F1,27-09-2023,12:47:00,259.25,259.45,259.25,259.45,276750,36767248
TATAPOWER_F1,27-09-2023,12:48:00,259.45,259.45,259.45,259.45,10125,36743624
TATAPOWER_F1,27-09-2023,12:49:00,259.45,259.55,259.45,259.55,27000,36743624
TATAPOWER_F1,27-09-2023,12:50:00,259.6,259.6,259.6,259.6,10125,36743624
TATAPOWER_F1,27-09-2023,12:51:00,259.6,259.6,259.45,259.45,13500,36743624
TATAPOWER_F1,27-09-2023,12:52:00,259.4,259.45,259.4,259.45,23625,36743624
TATAPOWER_F1,27-09-2023,12:53:00,259.45,259.45,259.2,259.2,67500,36743624
TATAPOWER_F1,27-09-2023,12:54:00,259.35,259.4,259.25,259.4,47250,36733500
TATAPOWER_F1,27-09-2023,12:55:00,259.35,259.4,259.3,259.35,43875,36733500
TATAPOWER_F1,27-09-2023,12:56:00,259.35,259.35,259.3,259.3,37125,36733500
TATAPOWER_F1,27-09-2023,12:57:00,259.3,259.35,259.3,259.35,64125,36740248
TATAPOWER_F1,27-09-2023,12:58:00,259.35,259.35,259.35,259.35,20250,36740248
TATAPOWER_F1,27-09-2023,12:59:00,259.35,259.35,259.35,259.35,23625,36740248
TATAPOWER_F1,27-09-2023,13:00:00,259.35,259.4,259.35,259.4,13500,36747000
TATAPOWER_F1,27-09-2023,13:01:00,259.4,259.5,259.4,259.5,23625,36747000
TATAPOWER_F1,27-09-2023,13:02:00,259.5,259.5,259.5,259.5,16875,36747000
TATAPOWER_F1,27-09-2023,13:03:00,259.5,259.75,259.5,259.65,57375,36736876
TATAPOWER_F1,27-09-2023,13:04:00,259.65,259.7,259.5,259.5,13500,36736876
TATAPOWER_F1,27-09-2023,13:05:00,259.5,259.5,259.4,259.4,219375,36736876
TATAPOWER_F1,27-09-2023,13:06:00,259.4,259.5,259.4,259.5,16875,36740248
TATAPOWER_F1,27-09-2023,13:07:00,259.5,259.5,259.45,259.45,13500,36740248
TATAPOWER_F1,27-09-2023,13:08:00,259.45,259.45,259.4,259.4,27000,36740248
TATAPOWER_F1,27-09-2023,13:09:00,259.6,259.6,259.6,259.6,10125,36757124
TATAPOWER_F1,27-09-2023,13:10:00,259.6,259.6,259.5,259.5,16875,36757124
TATAPOWER_F1,27-09-2023,13:11:00,259.5,259.75,259.5,259.75,114750,36757124
TATAPOWER_F1,27-09-2023,13:12:00,259.85,260.1,259.85,260.05,77625,36743624
TATAPOWER_F1,27-09-2023,13:13:00,260.05,260.1,260.05,260.1,16875,36743624
TATAPOWER_F1,27-09-2023,13:14:00,260.1,260.1,260.1,260.1,27000,36743624
TATAPOWER_F1,27-09-2023,13:15:00,260.1,260.1,259.95,259.95,141750,36753752
TATAPOWER_F1,27-09-2023,13:16:00,259.95,260.05,259.95,260.05,27000,36753752
TATAPOWER_F1,27-09-2023,13:17:00,260.0,260.0,259.95,259.95,27000,36753752
TATAPOWER_F1,27-09-2023,13:18:00,259.95,260.0,259.7,259.7,84375,36763876
TATAPOWER_F1,27-09-2023,13:19:00,259.7,259.7,259.6,259.65,57375,36763876
TATAPOWER_F1,27-09-2023,13:20:00,259.65,259.75,259.65,259.75,27000,36763876
TATAPOWER_F1,27-09-2023,13:21:00,259.7,259.95,259.7,259.85,30375,36757124
TATAPOWER_F1,27-09-2023,13:22:00,259.95,259.95,259.9,259.9,33750,36757124
TATAPOWER_F1,27-09-2023,13:23:00,259.8,260.0,259.8,260.0,77625,36757124
TATAPOWER_F1,27-09-2023,13:24:00,259.9,260.0,259.9,259.9,23625,36767248
TATAPOWER_F1,27-09-2023,13:25:00,259.9,260.0,259.9,260.0,30375,36767248
TATAPOWER_F1,27-09-2023,13:26:00,260.0,260.05,259.95,260.05,23625,36767248
TATAPOWER_F1,27-09-2023,13:27:00,260.05,260.05,260.0,260.0,20250,36784124
TATAPOWER_F1,27-09-2023,13:28:00,260.0,260.1,259.95,260.1,50625,36784124
TATAPOWER_F1,27-09-2023,13:29:00,260.05,260.1,260.05,260.1,70875,36784124
TATAPOWER_F1,27-09-2023,13:30:00,260.1,260.1,260.05,260.05,47250,36797624
TATAPOWER_F1,27-09-2023,13:31:00,260.1,260.1,259.95,260.0,30375,36797624
TATAPOWER_F1,27-09-2023,13:32:00,260.0,260.0,260.0,260.0,10125,36797624
TATAPOWER_F1,27-09-2023,13:33:00,260.15,260.15,260.0,260.0,23625,36801000
TATAPOWER_F1,27-09-2023,13:34:00,259.95,260.1,259.95,260.1,47250,36801000
TATAPOWER_F1,27-09-2023,13:35:00,259.95,260.0,259.9,259.9,33750,36801000
TATAPOWER_F1,27-09-2023,13:36:00,259.9,259.9,259.7,259.7,60750,36821248
TATAPOWER_F1,27-09-2023,13:37:00,259.7,259.8,259.7,259.75,20250,36821248
TATAPOWER_F1,27-09-2023,13:38:00,259.7,259.75,259.6,259.7,20250,36821248
TATAPOWER_F1,27-09-2023,13:39:00,259.7,259.7,259.7,259.7,27000,36821248
TATAPOWER_F1,27-09-2023,13:40:00,259.65,259.85,259.65,259.85,13500,36821248
TATAPOWER_F1,27-09-2023,13:41:00,259.85,259.85,259.65,259.7,54000,36821248
TATAPOWER_F1,27-09-2023,13:42:00,259.6,259.7,259.6,259.6,30375,36844876
TATAPOWER_F1,27-09-2023,13:43:00,259.6,259.65,259.6,259.65,10125,36844876
TATAPOWER_F1,27-09-2023,13:44:00,259.6,259.6,259.5,259.5,81000,36844876
TATAPOWER_F1,27-09-2023,13:45:00,259.5,259.85,259.5,259.85,91125,36841500
TATAPOWER_F1,27-09-2023,13:46:00,259.85,259.9,259.8,259.9,16875,36841500
TATAPOWER_F1,27-09-2023,13:47:00,259.95,259.95,259.95,259.95,40500,36841500
TATAPOWER_F1,27-09-2023,13:48:00,260.0,260.05,260.0,260.05,27000,36858376
TATAPOWER_F1,27-09-2023,13:49:00,260.05,260.05,260.05,260.05,6750,36858376
TATAPOWER_F1,27-09-2023,13:50:00,260.05,260.05,260.0,260.0,30375,36858376
TATAPOWER_F1,27-09-2023,13:51:00,260.0,260.15,259.95,260.15,77625,36868500
TATAPOWER_F1,27-09-2023,13:52:00,260.15,260.15,260.15,260.15,114750,36868500
TATAPOWER_F1,27-09-2023,13:53:00,260.25,260.8,260.25,260.75,202500,36868500
TATAPOWER_F1,27-09-2023,13:54:00,260.65,260.7,260.5,260.7,64125,36882000
TATAPOWER_F1,27-09-2023,13:55:00,260.75,260.95,260.75,260.75,141750,36882000
TATAPOWER_F1,27-09-2023,13:56:00,260.65,260.7,260.35,260.35,30375,36882000
TATAPOWER_F1,27-09-2023,13:57:00,260.35,260.4,260.3,260.4,70875,36892124
TATAPOWER_F1,27-09-2023,13:58:00,260.4,260.4,260.4,260.4,10125,36892124
TATAPOWER_F1,27-09-2023,13:59:00,260.5,260.5,260.4,260.45,47250,36892124
TATAPOWER_F1,27-09-2023,14:00:00,260.55,260.55,260.45,260.55,50625,36895500
TATAPOWER_F1,27-09-2023,14:01:00,260.55,260.7,260.55,260.7,20250,36895500
TATAPOWER_F1,27-09-2023,14:02:00,260.8,260.8,260.8,260.8,13500,36895500
TATAPOWER_F1,27-09-2023,14:03:00,260.8,260.8,260.8,260.8,23625,36922500
TATAPOWER_F1,27-09-2023,14:04:00,260.8,260.8,260.55,260.55,20250,36922500
TATAPOWER_F1,27-09-2023,14:05:00,260.55,260.6,260.55,260.6,13500,36922500
TATAPOWER_F1,27-09-2023,14:06:00,260.65,260.7,260.55,260.7,16875,36929248
TATAPOWER_F1,27-09-2023,14:07:00,260.7,260.7,260.5,260.5,37125,36929248
TATAPOWER_F1,27-09-2023,14:08:00,260.5,260.65,260.4,260.65,47250,36929248
TATAPOWER_F1,27-09-2023,14:09:00,260.65,260.65,260.6,260.6,13500,36942752
TATAPOWER_F1,27-09-2023,14:10:00,260.5,260.55,260.5,260.55,13500,36942752
TATAPOWER_F1,27-09-2023,14:11:00,260.55,260.7,260.5,260.55,37125,36942752
TATAPOWER_F1,27-09-2023,14:12:00,260.55,260.55,260.55,260.55,20250,36952876
TATAPOWER_F1,27-09-2023,14:13:00,260.6,260.6,260.5,260.5,37125,36952876
TATAPOWER_F1,27-09-2023,14:14:00,260.5,260.6,260.5,260.6,47250,36952876
TATAPOWER_F1,27-09-2023,14:15:00,260.5,260.65,260.5,260.65,16875,36966376
TATAPOWER_F1,27-09-2023,14:16:00,260.6,260.65,260.5,260.6,33750,36966376
TATAPOWER_F1,27-09-2023,14:17:00,260.6,260.6,260.5,260.5,10125,36966376
TATAPOWER_F1,27-09-2023,14:18:00,260.5,260.5,260.5,260.5,13500,36979876
TATAPOWER_F1,27-09-2023,14:19:00,260.5,260.5,260.15,260.15,47250,36979876
TATAPOWER_F1,27-09-2023,14:20:00,260.15,260.15,260.0,260.0,13500,36979876
TATAPOWER_F1,27-09-2023,14:21:00,260.0,260.0,260.0,260.0,10125,36996752
TATAPOWER_F1,27-09-2023,14:22:00,260.0,260.0,260.0,260.0,10125,36996752
TATAPOWER_F1,27-09-2023,14:23:00,260.0,260.1,260.0,260.1,87750,36996752
TATAPOWER_F1,27-09-2023,14:24:00,260.0,260.1,259.95,259.95,37125,36986624
TATAPOWER_F1,27-09-2023,14:25:00,260.1,260.1,260.0,260.0,20250,36986624
TATAPOWER_F1,27-09-2023,14:26:00,260.0,260.1,260.0,260.1,30375,36986624
TATAPOWER_F1,27-09-2023,14:27:00,260.05,260.1,260.05,260.05,30375,37000124
TATAPOWER_F1,27-09-2023,14:28:00,260.05,260.1,260.05,260.1,23625,37000124
TATAPOWER_F1,27-09-2023,14:29:00,260.1,260.1,260.0,260.0,23625,37000124
TATAPOWER_F1,27-09-2023,14:30:00,260.15,260.2,260.05,260.05,37125,37023752
TATAPOWER_F1,27-09-2023,14:31:00,260.1,260.1,260.1,260.1,16875,37023752
TATAPOWER_F1,27-09-2023,14:32:00,260.1,260.1,259.75,259.75,50625,37023752
TATAPOWER_F1,27-09-2023,14:33:00,259.75,259.85,259.75,259.75,33750,37023752
TATAPOWER_F1,27-09-2023,14:34:00,259.75,259.85,259.7,259.85,60750,37057500
TATAPOWER_F1,27-09-2023,14:35:00,259.85,259.85,259.75,259.75,16875,37057500
TATAPOWER_F1,27-09-2023,14:36:00,259.75,259.75,259.75,259.75,23625,37060876
TATAPOWER_F1,27-09-2023,14:37:00,259.4,259.45,259.3,259.35,172125,37060876
TATAPOWER_F1,27-09-2023,14:38:00,259.35,259.45,259.35,259.4,37125,37060876
TATAPOWER_F1,27-09-2023,14:39:00,259.4,259.65,259.4,259.6,74250,37118248
TATAPOWER_F1,27-09-2023,14:40:00,259.6,259.75,259.6,259.65,60750,37118248
TATAPOWER_F1,27-09-2023,14:41:00,259.65,259.75,259.65,259.65,37125,37118248
TATAPOWER_F1,27-09-2023,14:42:00,259.65,259.7,259.55,259.7,87750,37158752
TATAPOWER_F1,27-09-2023,14:43:00,259.7,259.9,259.7,259.9,131625,37158752
TATAPOWER_F1,27-09-2023,14:44:00,259.9,259.9,259.9,259.9,43875,37158752
TATAPOWER_F1,27-09-2023,14:45:00,259.95,260.0,259.8,260.0,108000,37189124
TATAPOWER_F1,27-09-2023,14:46:00,259.9,260.1,259.9,260.1,148500,37189124
TATAPOWER_F1,27-09-2023,14:47:00,260.1,260.15,260.1,260.15,20250,37189124
TATAPOWER_F1,27-09-2023,14:48:00,260.2,260.2,260.0,260.0,57375,37219500
TATAPOWER_F1,27-09-2023,14:49:00,260.1,260.2,260.1,260.2,101250,37219500
TATAPOWER_F1,27-09-2023,14:50:00,260.2,260.2,260.0,260.0,40500,37219500
TATAPOWER_F1,27-09-2023,14:51:00,260.0,260.2,260.0,260.15,57375,37233000
TATAPOWER_F1,27-09-2023,14:52:00,260.15,260.2,260.15,260.2,74250,37233000
TATAPOWER_F1,27-09-2023,14:53:00,260.2,260.2,260.1,260.1,27000,37233000
TATAPOWER_F1,27-09-2023,14:54:00,260.1,260.1,260.1,260.1,23625,37239752
TATAPOWER_F1,27-09-2023,14:55:00,260.1,260.1,260.0,260.0,16875,37239752
TATAPOWER_F1,27-09-2023,14:56:00,259.9,260.0,259.9,260.0,13500,37239752
TATAPOWER_F1,27-09-2023,14:57:00,259.9,259.9,259.75,259.9,91125,37216124
TATAPOWER_F1,27-09-2023,14:58:00,259.9,260.0,259.9,260.0,13500,37216124
TATAPOWER_F1,27-09-2023,14:59:00,260.0,260.0,260.0,260.0,10125,37216124
TATAPOWER_F1,27-09-2023,15:00:00,259.95,260.2,259.95,260.15,60750,37216124
TATAPOWER_F1,27-09-2023,15:01:00,260.1,260.1,260.05,260.1,60750,37229624
TATAPOWER_F1,27-09-2023,15:02:00,259.95,259.95,259.95,259.95,13500,37229624
TATAPOWER_F1,27-09-2023,15:03:00,259.95,259.95,259.7,259.7,37125,37233000
TATAPOWER_F1,27-09-2023,15:04:00,259.8,259.8,259.7,259.7,23625,37233000
TATAPOWER_F1,27-09-2023,15:05:00,259.65,259.65,259.6,259.6,64125,37233000
TATAPOWER_F1,27-09-2023,15:06:00,259.55,259.7,259.55,259.7,27000,37233000
TATAPOWER_F1,27-09-2023,15:07:00,259.7,259.7,259.7,259.7,81000,37209376
TATAPOWER_F1,27-09-2023,15:08:00,259.7,259.7,259.7,259.7,23625,37209376
TATAPOWER_F1,27-09-2023,15:09:00,259.65,259.65,259.65,259.65,54000,37209376
TATAPOWER_F1,27-09-2023,15:10:00,259.65,259.65,259.65,259.65,57375,37236376
TATAPOWER_F1,27-09-2023,15:11:00,259.65,260.2,259.65,260.2,1174500,37236376
TATAPOWER_F1,27-09-2023,15:12:00,260.3,260.3,260.05,260.05,138375,37945124
TATAPOWER_F1,27-09-2023,15:13:00,260.15,260.2,260.05,260.1,30375,37945124
TATAPOWER_F1,27-09-2023,15:14:00,260.1,260.3,260.05,260.2,81000,37945124
TATAPOWER_F1,27-09-2023,15:15:00,260.2,260.2,260.1,260.2,101250,37924876
TATAPOWER_F1,27-09-2023,15:16:00,260.05,260.05,260.05,260.05,77625,37924876
TATAPOWER_F1,27-09-2023,15:17:00,260.0,260.05,259.95,260.05,128250,37924876
TATAPOWER_F1,27-09-2023,15:18:00,260.05,260.1,260.0,260.05,104625,37921500
TATAPOWER_F1,27-09-2023,15:19:00,260.05,260.05,259.95,259.95,74250,37921500
TATAPOWER_F1,27-09-2023,15:20:00,259.95,259.95,259.8,259.8,162000,37921500
TATAPOWER_F1,27-09-2023,15:21:00,259.8,259.85,259.8,259.85,111375,37894500
TATAPOWER_F1,27-09-2023,15:22:00,260.0,260.0,259.85,260.0,155250,37894500
TATAPOWER_F1,27-09-2023,15:23:00,259.9,260.0,259.9,259.95,87750,37894500
TATAPOWER_F1,27-09-2023,15:24:00,260.3,260.3,260.05,260.15,199125,37300500
TATAPOWER_F1,27-09-2023,15:25:00,260.05,260.1,260.05,260.1,27000,37300500
TATAPOWER_F1,27-09-2023,15:26:00,260.0,260.15,260.0,260.15,40500,37300500
TATAPOWER_F1,27-09-2023,15:27:00,260.15,260.25,260.15,260.25,60750,37344376
TATAPOWER_F1,27-09-2023,15:28:00,260.25,260.25,260.25,260.25,111375,37344376
TATAPOWER_F1,27-09-2023,15:29:00,260.5,260.5,260.35,260.35,60750,37344376
TATAPOWER_F1,27-09-2023,15:30:00,260.45,260.45,260.45,260.45,84375,37344376
TATAPOWER_F1,28-09-2023,09:15:00,261.65,261.9,261.25,261.25,131627,22666500
TATAPOWER_F1,28-09-2023,09:16:00,261.05,261.4,261.05,261.4,60750,22666500
TATAPOWER_F1,28-09-2023,09:17:00,261.45,261.45,261.45,261.45,87750,22666500
TATAPOWER_F1,28-09-2023,09:18:00,261.25,261.25,261.25,261.25,50625,22683376
TATAPOWER_F1,28-09-2023,09:19:00,261.3,261.35,261.3,261.3,195750,22683376
TATAPOWER_F1,28-09-2023,09:20:00,261.2,261.3,261.15,261.25,74250,22683376
TATAPOWER_F1,28-09-2023,09:21:00,261.3,261.95,261.3,261.8,148500,22663124
TATAPOWER_F1,28-09-2023,09:22:00,261.85,262.1,261.85,262.1,178875,22663124
TATAPOWER_F1,28-09-2023,09:23:00,262.2,262.35,262.2,262.35,216000,22663124
TATAPOWER_F1,28-09-2023,09:24:00,262.75,263.0,262.75,262.9,378000,22568624
TATAPOWER_F1,28-09-2023,09:25:00,262.9,262.9,262.4,262.55,192375,22568624
TATAPOWER_F1,28-09-2023,09:26:00,262.55,262.55,262.4,262.5,77625,22568624
TATAPOWER_F1,28-09-2023,09:27:00,262.25,262.3,262.25,262.3,108000,22626000
TATAPOWER_F1,28-09-2023,09:28:00,262.85,263.5,262.85,263.4,492750,22632750
TATAPOWER_F1,28-09-2023,09:29:00,263.05,263.65,263.05,263.25,445500,22632750
TATAPOWER_F1,28-09-2023,09:30:00,263.4,263.5,262.9,262.9,141750,22632750
TATAPOWER_F1,28-09-2023,09:31:00,262.9,262.9,262.5,262.5,57375,22696876
TATAPOWER_F1,28-09-2023,09:32:00,262.4,262.5,262.25,262.45,84375,22696876
TATAPOWER_F1,28-09-2023,09:33:00,262.35,262.55,262.3,262.3,162000,22696876
TATAPOWER_F1,28-09-2023,09:34:00,262.2,262.2,261.8,262.05,205875,22642876
TATAPOWER_F1,28-09-2023,09:35:00,262.0,262.1,261.75,261.75,131625,22642876
TATAPOWER_F1,28-09-2023,09:36:00,261.95,261.95,261.85,261.85,111375,22642876
TATAPOWER_F1,28-09-2023,09:37:00,261.95,261.95,261.7,261.7,94500,22642876
TATAPOWER_F1,28-09-2023,09:38:00,261.7,261.7,261.7,261.7,23625,22585500
TATAPOWER_F1,28-09-2023,09:39:00,261.8,261.8,261.6,261.6,64125,22585500
TATAPOWER_F1,28-09-2023,09:40:00,261.6,261.6,261.5,261.5,70875,22585500
TATAPOWER_F1,28-09-2023,09:41:00,261.45,261.8,261.45,261.8,128250,22572000
TATAPOWER_F1,28-09-2023,09:42:00,261.85,261.9,261.85,261.9,67500,22572000
TATAPOWER_F1,28-09-2023,09:43:00,261.85,261.85,261.7,261.7,27000,22572000
TATAPOWER_F1,28-09-2023,09:44:00,261.4,261.4,261.4,261.4,60750,22582124
TATAPOWER_F1,28-09-2023,09:45:00,261.35,261.35,261.35,261.35,33750,22582124
TATAPOWER_F1,28-09-2023,09:46:00,261.5,261.5,261.35,261.35,77625,22582124
TATAPOWER_F1,28-09-2023,09:47:00,261.45,261.5,261.45,261.5,23625,22514624
TATAPOWER_F1,28-09-2023,09:48:00,261.65,261.75,261.65,261.75,290250,22514624
TATAPOWER_F1,28-09-2023,09:49:00,261.7,261.7,261.4,261.4,43875,22514624
TATAPOWER_F1,28-09-2023,09:50:00,261.5,261.65,261.5,261.65,104625,22514624
TATAPOWER_F1,28-09-2023,09:51:00,262.05,262.05,262.05,262.05,87750,22524750
TATAPOWER_F1,28-09-2023,09:52:00,262.35,262.35,262.2,262.2,108000,22524750
TATAPOWER_F1,28-09-2023,09:53:00,262.25,262.35,262.25,262.35,81000,22524750
TATAPOWER_F1,28-09-2023,09:54:00,262.4,262.5,262.4,262.5,43875,22582124
TATAPOWER_F1,28-09-2023,09:55:00,262.5,262.5,262.5,262.5,243000,22582124
TATAPOWER_F1,28-09-2023,09:56:00,262.05,262.05,262.05,262.05,202500,22582124
TATAPOWER_F1,28-09-2023,09:57:00,261.95,261.95,261.95,261.95,327375,22632750
TATAPOWER_F1,28-09-2023,09:58:00,262.0,262.0,261.85,261.85,425250,22632750
TATAPOWER_F1,28-09-2023,09:59:00,261.8,261.8,261.75,261.75,16875,22632750
TATAPOWER_F1,28-09-2023,10:00:00,261.75,261.75,261.7,261.7,23625,22639500
TATAPOWER_F1,28-09-2023,10:01:00,261.7,261.7,261.7,261.7,253125,22639500
TATAPOWER_F1,28-09-2023,10:02:00,261.9,261.9,261.9,261.9,138375,22639500
TATAPOWER_F1,28-09-2023,10:03:00,261.85,261.85,261.85,261.85,30375,22663124
TATAPOWER_F1,28-09-2023,10:04:00,261.85,262.0,261.85,262.0,344250,22663124
TATAPOWER_F1,28-09-2023,10:05:00,262.0,262.0,262.0,262.0,297000,22663124
TATAPOWER_F1,28-09-2023,10:06:00,262.1,262.1,262.1,262.1,30375,22663124
TATAPOWER_F1,28-09-2023,10:07:00,262.05,262.05,262.05,262.05,43875,22663124
TATAPOWER_F1,28-09-2023,10:08:00,261.85,261.85,261.75,261.75,27000,22663124
TATAPOWER_F1,28-09-2023,10:09:00,261.75,261.85,261.75,261.85,27000,22673250
TATAPOWER_F1,28-09-2023,10:10:00,261.8,261.9,261.8,261.9,50625,22673250
TATAPOWER_F1,28-09-2023,10:11:00,261.9,261.9,261.9,261.9,6750,22673250
TATAPOWER_F1,28-09-2023,10:12:00,261.8,261.8,261.65,261.65,23625,22680000
TATAPOWER_F1,28-09-2023,10:13:00,261.7,261.7,261.65,261.65,20250,22680000
TATAPOWER_F1,28-09-2023,10:14:00,261.65,261.65,261.55,261.55,114750,22680000
TATAPOWER_F1,28-09-2023,10:15:00,261.75,261.75,261.75,261.75,27000,22673250
TATAPOWER_F1,28-09-2023,10:16:00,261.75,261.75,261.7,261.7,148500,22673250
TATAPOWER_F1,28-09-2023,10:17:00,261.6,261.6,261.5,261.5,118125,22673250
TATAPOWER_F1,28-09-2023,10:18:00,261.5,261.5,261.5,261.5,87750,22649624
TATAPOWER_F1,28-09-2023,10:19:00,261.6,261.65,261.6,261.65,64125,22649624
TATAPOWER_F1,28-09-2023,10:20:00,261.5,261.6,261.5,261.6,10125,22649624
TATAPOWER_F1,28-09-2023,10:21:00,261.5,261.5,261.5,261.5,64125,22656376
TATAPOWER_F1,28-09-2023,10:22:00,261.5,261.6,261.5,261.6,74250,22656376
TATAPOWER_F1,28-09-2023,10:23:00,261.35,261.35,261.35,261.35,27000,22656376
TATAPOWER_F1,28-09-2023,10:24:00,261.35,261.35,261.3,261.3,23625,22690124
TATAPOWER_F1,28-09-2023,10:25:00,260.8,260.8,260.65,260.65,111375,22690124
TATAPOWER_F1,28-09-2023,10:26:00,260.85,260.85,260.85,260.85,111375,22690124
TATAPOWER_F1,28-09-2023,10:27:00,261.3,261.3,261.3,261.3,108000,22659750
TATAPOWER_F1,28-09-2023,10:28:00,261.25,261.25,261.25,261.25,97875,22659750
TATAPOWER_F1,28-09-2023,10:29:00,261.3,261.5,261.3,261.5,84375,22659750
TATAPOWER_F1,28-09-2023,10:30:00,261.5,261.5,261.3,261.3,70875,22632750
TATAPOWER_F1,28-09-2023,10:31:00,261.25,261.25,261.25,261.25,13500,22632750
TATAPOWER_F1,28-09-2023,10:32:00,261.4,261.4,261.4,261.4,27000,22632750
TATAPOWER_F1,28-09-2023,10:33:00,261.25,261.25,261.15,261.15,43875,22639500
TATAPOWER_F1,28-09-2023,10:34:00,261.2,261.2,261.2,261.2,70875,22639500
TATAPOWER_F1,28-09-2023,10:35:00,261.35,261.35,261.2,261.2,158625,22639500
TATAPOWER_F1,28-09-2023,10:36:00,261.2,261.35,261.2,261.25,40500,22595624
TATAPOWER_F1,28-09-2023,10:37:00,261.35,261.35,261.3,261.3,138375,22595624
TATAPOWER_F1,28-09-2023,10:38:00,261.4,261.45,261.3,261.3,81000,22595624
TATAPOWER_F1,28-09-2023,10:39:00,261.5,261.5,261.5,261.5,10125,22538250
TATAPOWER_F1,28-09-2023,10:40:00,261.55,261.6,261.55,261.6,87750,22538250
TATAPOWER_F1,28-09-2023,10:41:00,261.6,261.6,261.6,261.6,87750,22538250
TATAPOWER_F1,28-09-2023,10:42:00,261.6,261.6,261.6,261.6,6750,22538250
TATAPOWER_F1,28-09-2023,10:43:00,261.45,261.45,261.25,261.4,50625,22518000
TATAPOWER_F1,28-09-2023,10:44:00,261.4,261.4,261.4,261.4,13500,22518000
TATAPOWER_F1,28-09-2023,10:45:00,261.4,261.5,261.4,261.5,16875,22494376
TATAPOWER_F1,28-09-2023,10:46:00,261.5,261.7,261.5,261.7,20250,22494376
TATAPOWER_F1,28-09-2023,10:47:00,261.55,261.8,261.55,261.8,67500,22494376
TATAPOWER_F1,28-09-2023,10:48:00,261.75,261.95,261.75,261.95,33750,22464000
TATAPOWER_F1,28-09-2023,10:49:00,261.9,261.9,261.8,261.8,43875,22464000
TATAPOWER_F1,28-09-2023,10:50:00,261.65,261.65,261.65,261.65,23625,22464000
TATAPOWER_F1,28-09-2023,10:51:00,261.75,262.0,261.75,261.9,54000,22450500
TATAPOWER_F1,28-09-2023,10:52:00,261.9,261.9,261.85,261.85,10125,22450500
TATAPOWER_F1,28-09-2023,10:53:00,261.8,261.85,261.8,261.85,47250,22450500
TATAPOWER_F1,28-09-2023,10:54:00,261.95,262.0,261.9,261.9,20250,22437000
TATAPOWER_F1,28-09-2023,10:55:00,261.9,261.9,261.9,261.9,3375,22437000
TATAPOWER_F1,28-09-2023,10:56:00,261.9,261.9,261.7,261.7,104625,22437000
TATAPOWER_F1,28-09-2023,10:57:00,261.65,261.7,261.65,261.7,57375,22420124
TATAPOWER_F1,28-09-2023,10:58:00,261.65,261.65,261.65,261.65,16875,22420124
TATAPOWER_F1,28-09-2023,10:59:00,261.9,261.95,261.9,261.95,124875,22420124
TATAPOWER_F1,28-09-2023,11:00:00,262.0,262.0,261.95,261.95,27000,22416750
TATAPOWER_F1,28-09-2023,11:01:00,262.0,262.0,261.9,262.0,57375,22416750
TATAPOWER_F1,28-09-2023,11:02:00,262.1,262.1,262.1,262.1,50625,22416750
TATAPOWER_F1,28-09-2023,11:03:00,262.1,262.1,262.05,262.05,47250,22386376
TATAPOWER_F1,28-09-2023,11:04:00,262.0,262.0,261.9,261.9,16875,22386376
TATAPOWER_F1,28-09-2023,11:05:00,262.0,262.0,261.9,261.9,182250,22386376
TATAPOWER_F1,28-09-2023,11:06:00,261.9,261.9,261.8,261.8,23625,22366124
TATAPOWER_F1,28-09-2023,11:07:00,261.75,261.75,261.75,261.75,47250,22366124
TATAPOWER_F1,28-09-2023,11:08:00,261.85,261.85,261.7,261.7,16875,22366124
TATAPOWER_F1,28-09-2023,11:09:00,261.7,261.7,261.7,261.7,81000,22366124
TATAPOWER_F1,28-09-2023,11:10:00,261.65,261.7,261.65,261.7,16875,22366124
TATAPOWER_F1,28-09-2023,11:11:00,261.7,261.7,261.5,261.5,16875,22366124
TATAPOWER_F1,28-09-2023,11:12:00,261.5,261.5,261.35,261.35,60750,22366124
TATAPOWER_F1,28-09-2023,11:13:00,261.5,261.55,261.5,261.55,108000,22366124
TATAPOWER_F1,28-09-2023,11:14:00,261.45,261.45,261.35,261.35,64125,22366124
TATAPOWER_F1,28-09-2023,11:15:00,261.4,261.4,261.35,261.4,27000,22406624
TATAPOWER_F1,28-09-2023,11:16:00,261.35,261.35,261.35,261.35,6750,22406624
TATAPOWER_F1,28-09-2023,11:17:00,261.3,261.45,261.3,261.45,57375,22406624
TATAPOWER_F1,28-09-2023,11:18:00,261.25,261.6,261.25,261.6,47250,22403250
TATAPOWER_F1,28-09-2023,11:19:00,261.5,261.65,261.5,261.65,27000,22403250
TATAPOWER_F1,28-09-2023,11:20:00,261.6,261.7,261.6,261.7,33750,22403250
TATAPOWER_F1,28-09-2023,11:21:00,261.8,261.8,261.5,261.5,70875,22403250
TATAPOWER_F1,28-09-2023,11:22:00,261.4,261.4,261.35,261.35,6750,22403250
TATAPOWER_F1,28-09-2023,11:23:00,261.4,261.4,261.35,261.35,27000,22403250
TATAPOWER_F1,28-09-2023,11:24:00,261.25,261.25,261.25,261.25,13500,22413376
TATAPOWER_F1,28-09-2023,11:25:00,261.25,261.35,261.25,261.35,27000,22413376
TATAPOWER_F1,28-09-2023,11:26:00,261.5,261.5,261.5,261.5,23625,22413376
TATAPOWER_F1,28-09-2023,11:27:00,261.45,261.5,261.45,261.45,54000,22413376
TATAPOWER_F1,28-09-2023,11:28:00,261.35,261.45,261.35,261.35,33750,22413376
TATAPOWER_F1,28-09-2023,11:29:00,261.25,261.25,261.2,261.2,16875,22413376
TATAPOWER_F1,28-09-2023,11:30:00,261.2,261.25,261.2,261.25,13500,22416750
TATAPOWER_F1,28-09-2023,11:31:00,261.25,261.35,261.25,261.35,74250,22416750
TATAPOWER_F1,28-09-2023,11:32:00,261.2,261.2,261.2,261.2,33750,22416750
TATAPOWER_F1,28-09-2023,11:33:00,261.2,261.2,261.1,261.1,74250,22430250
TATAPOWER_F1,28-09-2023,11:34:00,261.3,261.3,261.3,261.3,20250,22430250
TATAPOWER_F1,28-09-2023,11:35:00,261.2,261.25,261.2,261.25,13500,22430250
TATAPOWER_F1,28-09-2023,11:36:00,261.35,261.35,261.15,261.15,30375,22410000
TATAPOWER_F1,28-09-2023,11:37:00,261.15,261.15,261.15,261.15,27000,22410000
TATAPOWER_F1,28-09-2023,11:38:00,261.15,261.15,261.15,261.15,67500,22410000
TATAPOWER_F1,28-09-2023,11:39:00,261.15,261.15,261.15,261.15,16875,22410000
TATAPOWER_F1,28-09-2023,11:40:00,261.1,261.15,261.1,261.15,20250,22410000
TATAPOWER_F1,28-09-2023,11:41:00,261.15,261.25,261.15,261.25,30375,22410000
TATAPOWER_F1,28-09-2023,11:42:00,261.15,261.15,261.1,261.1,23625,22406624
TATAPOWER_F1,28-09-2023,11:43:00,261.25,261.3,261.25,261.3,13500,22406624
TATAPOWER_F1,28-09-2023,11:44:00,261.1,261.2,261.1,261.2,13500,22406624
TATAPOWER_F1,28-09-2023,11:45:00,261.2,261.2,261.1,261.1,30375,22393124
TATAPOWER_F1,28-09-2023,11:46:00,261.1,261.1,261.1,261.1,108000,22393124
TATAPOWER_F1,28-09-2023,11:47:00,261.1,261.1,261.05,261.05,27000,22393124
TATAPOWER_F1,28-09-2023,11:48:00,261.3,261.35,261.25,261.25,54000,22383000
TATAPOWER_F1,28-09-2023,11:49:00,261.35,261.4,261.35,261.4,16875,22383000
TATAPOWER_F1,28-09-2023,11:50:00,261.3,261.3,261.3,261.3,13500,22666500
TATAPOWER_F1,28-09-2023,11:51:00,261.25,261.3,261.25,261.3,13500,22666500
TATAPOWER_F1,28-09-2023,11:52:00,261.3,261.35,261.3,261.3,20250,22666500
TATAPOWER_F1,28-09-2023,11:53:00,261.5,261.65,261.5,261.65,30375,22383000
TATAPOWER_F1,28-09-2023,11:54:00,261.9,262.0,261.9,262.0,33750,22383000
TATAPOWER_F1,28-09-2023,11:55:00,261.85,261.85,261.6,261.6,47250,22383000
TATAPOWER_F1,28-09-2023,11:56:00,261.5,261.5,261.5,261.5,10125,22383000
TATAPOWER_F1,28-09-2023,11:57:00,261.5,261.5,261.45,261.45,20250,22386376
TATAPOWER_F1,28-09-2023,11:58:00,261.5,261.5,261.45,261.45,43875,22386376
TATAPOWER_F1,28-09-2023,11:59:00,261.6,261.65,261.55,261.65,43875,22369500
TATAPOWER_F1,28-09-2023,12:00:00,261.55,261.55,261.55,261.55,47250,22369500
TATAPOWER_F1,28-09-2023,12:01:00,261.5,261.6,261.5,261.6,23625,22369500
TATAPOWER_F1,28-09-2023,12:02:00,261.65,261.65,261.65,261.65,27000,22356000
TATAPOWER_F1,28-09-2023,12:03:00,261.6,261.6,261.4,261.4,40500,22356000
TATAPOWER_F1,28-09-2023,12:04:00,261.65,261.65,261.5,261.65,23625,22356000
TATAPOWER_F1,28-09-2023,12:05:00,261.65,261.65,261.55,261.55,13500,22325624
TATAPOWER_F1,28-09-2023,12:06:00,261.6,261.8,261.6,261.8,43875,22325624
TATAPOWER_F1,28-09-2023,12:07:00,261.65,261.7,261.65,261.7,30375,22325624
TATAPOWER_F1,28-09-2023,12:08:00,261.6,261.65,261.6,261.65,30375,22278376
TATAPOWER_F1,28-09-2023,12:09:00,261.6,261.6,261.55,261.55,118125,22278376
TATAPOWER_F1,28-09-2023,12:10:00,261.45,261.5,261.4,261.5,10125,22278376
TATAPOWER_F1,28-09-2023,12:11:00,261.35,261.35,261.35,261.35,70875,22278376
TATAPOWER_F1,28-09-2023,12:12:00,261.35,261.55,261.35,261.5,37125,22339124
TATAPOWER_F1,28-09-2023,12:13:00,261.35,261.45,261.35,261.45,10125,22339124
TATAPOWER_F1,28-09-2023,12:14:00,261.45,261.45,261.45,261.45,3375,22305376
TATAPOWER_F1,28-09-2023,12:15:00,261.45,261.45,261.45,261.45,13500,22305376
TATAPOWER_F1,28-09-2023,12:16:00,261.45,261.45,261.45,261.45,10125,22305376
TATAPOWER_F1,28-09-2023,12:17:00,261.4,261.4,261.4,261.4,20250,22305376
TATAPOWER_F1,28-09-2023,12:19:00,261.4,261.4,261.3,261.4,20250,22305376
TATAPOWER_F1,28-09-2023,12:20:00,261.4,261.4,261.3,261.3,13500,22302000
TATAPOWER_F1,28-09-2023,12:21:00,261.25,261.4,261.25,261.4,20250,22302000
TATAPOWER_F1,28-09-2023,12:22:00,261.45,261.45,261.45,261.45,20250,22302000
TATAPOWER_F1,28-09-2023,12:23:00,261.4,261.4,261.4,261.4,43875,22302000
TATAPOWER_F1,28-09-2023,12:24:00,261.45,261.45,261.35,261.35,30375,22295250
TATAPOWER_F1,28-09-2023,12:25:00,261.4,261.5,261.4,261.5,13500,22295250
TATAPOWER_F1,28-09-2023,12:26:00,261.5,261.5,261.5,261.5,10125,22291876
TATAPOWER_F1,28-09-2023,12:27:00,261.25,261.25,261.25,261.25,30375,22291876
TATAPOWER_F1,28-09-2023,12:28:00,261.25,261.45,261.2,261.2,33750,22291876
TATAPOWER_F1,28-09-2023,12:29:00,261.2,261.2,261.15,261.15,13500,22291876
TATAPOWER_F1,28-09-2023,12:30:00,261.25,261.25,261.05,261.1,37125,22288500
TATAPOWER_F1,28-09-2023,12:31:00,261.05,261.05,261.05,261.05,16875,22288500
TATAPOWER_F1,28-09-2023,12:32:00,261.15,261.15,261.15,261.15,3375,22288500
TATAPOWER_F1,28-09-2023,12:33:00,261.3,261.4,261.3,261.4,13500,22278376
TATAPOWER_F1,28-09-2023,12:34:00,261.4,261.4,261.4,261.4,3375,22278376
TATAPOWER_F1,28-09-2023,12:35:00,261.3,261.3,261.3,261.3,3375,22278376
TATAPOWER_F1,28-09-2023,12:36:00,261.15,261.15,261.15,261.15,3375,22285124
TATAPOWER_F1,28-09-2023,12:37:00,261.15,261.15,261.05,261.05,6750,22285124
TATAPOWER_F1,28-09-2023,12:38:00,260.95,260.95,260.95,260.95,6750,22278376
TATAPOWER_F1,28-09-2023,12:39:00,260.7,260.7,260.7,260.7,13500,22278376
TATAPOWER_F1,28-09-2023,12:40:00,260.5,260.5,260.4,260.45,84375,22278376
TATAPOWER_F1,28-09-2023,12:41:00,260.5,260.5,260.5,260.5,3375,22268250
TATAPOWER_F1,28-09-2023,12:42:00,260.35,260.35,260.25,260.25,60750,22268250
TATAPOWER_F1,28-09-2023,12:43:00,260.15,260.3,260.15,260.3,114750,22268250
TATAPOWER_F1,28-09-2023,12:44:00,260.5,260.7,260.5,260.7,64125,22295250
TATAPOWER_F1,28-09-2023,12:45:00,260.75,260.75,260.75,260.75,27000,22295250
TATAPOWER_F1,28-09-2023,12:46:00,260.9,260.9,260.8,260.8,114750,22295250
TATAPOWER_F1,28-09-2023,12:47:00,260.6,260.6,260.6,260.6,16875,22295250
TATAPOWER_F1,28-09-2023,12:48:00,260.5,260.6,260.35,260.6,94500,22302000
TATAPOWER_F1,28-09-2023,12:49:00,260.55,260.7,260.45,260.6,57375,22302000
TATAPOWER_F1,28-09-2023,12:50:00,260.65,260.65,260.55,260.6,16875,22332376
TATAPOWER_F1,28-09-2023,12:51:00,260.6,260.6,260.4,260.5,27000,22332376
TATAPOWER_F1,28-09-2023,12:52:00,260.5,260.5,260.5,260.5,10125,22332376
TATAPOWER_F1,28-09-2023,12:53:00,260.4,260.4,260.4,260.4,10125,22342500
TATAPOWER_F1,28-09-2023,12:54:00,260.45,260.45,260.4,260.4,37125,22342500
TATAPOWER_F1,28-09-2023,12:55:00,260.4,260.4,260.4,260.4,148500,22342500
TATAPOWER_F1,28-09-2023,12:56:00,260.4,260.4,260.35,260.35,23625,22339124
TATAPOWER_F1,28-09-2023,12:57:00,260.4,260.4,260.25,260.25,47250,22339124
TATAPOWER_F1,28-09-2023,12:58:00,260.5,260.5,260.45,260.45,57375,22339124
TATAPOWER_F1,28-09-2023,12:59:00,260.5,260.6,260.5,260.6,30375,22383000
TATAPOWER_F1,28-09-2023,13:00:00,260.45,260.45,260.35,260.35,16875,22383000
TATAPOWER_F1,28-09-2023,13:01:00,260.5,260.5,260.5,260.5,118125,22383000
TATAPOWER_F1,28-09-2023,13:02:00,260.45,260.45,260.35,260.35,13500,22383000
TATAPOWER_F1,28-09-2023,13:03:00,260.55,260.8,260.55,260.8,67500,22379624
TATAPOWER_F1,28-09-2023,13:04:00,260.6,260.7,260.6,260.7,16875,22379624
TATAPOWER_F1,28-09-2023,13:05:00,260.6,260.6,260.6,260.6,23625,22379624
TATAPOWER_F1,28-09-2023,13:06:00,260.8,260.8,260.8,260.8,3375,22406624
TATAPOWER_F1,28-09-2023,13:07:00,260.5,260.65,260.5,260.65,91125,22406624
TATAPOWER_F1,28-09-2023,13:08:00,260.65,260.65,260.55,260.55,16875,22406624
TATAPOWER_F1,28-09-2023,13:09:00,260.6,260.6,260.6,260.6,6750,22399876
TATAPOWER_F1,28-09-2023,13:10:00,260.4,260.4,260.4,260.4,6750,22399876
TATAPOWER_F1,28-09-2023,13:11:00,260.3,260.3,260.1,260.1,13500,22399876
TATAPOWER_F1,28-09-2023,13:12:00,260.1,260.2,260.1,260.2,13500,22406624
TATAPOWER_F1,28-09-2023,13:13:00,260.15,260.15,260.05,260.05,84375,22406624
TATAPOWER_F1,28-09-2023,13:14:00,260.05,260.1,260.05,260.1,50625,22406624
TATAPOWER_F1,28-09-2023,13:15:00,260.2,260.2,260.0,260.0,276750,22396500
TATAPOWER_F1,28-09-2023,13:16:00,259.9,260.0,259.75,259.75,259875,22396500
TATAPOWER_F1,28-09-2023,13:17:00,259.85,259.85,259.35,259.35,60750,22491000
TATAPOWER_F1,28-09-2023,13:18:00,259.05,259.55,259.05,259.55,87750,22491000
TATAPOWER_F1,28-09-2023,13:19:00,259.5,259.5,259.05,259.1,43875,22491000
TATAPOWER_F1,28-09-2023,13:20:00,259.35,259.4,259.3,259.4,20250,22491000
TATAPOWER_F1,28-09-2023,13:21:00,259.2,259.45,259.2,259.45,57375,22507876
TATAPOWER_F1,28-09-2023,13:22:00,259.55,259.7,259.55,259.6,361125,22507876
TATAPOWER_F1,28-09-2023,13:23:00,259.55,259.55,259.35,259.35,30375,22507876
TATAPOWER_F1,28-09-2023,13:24:00,259.3,259.3,259.3,259.3,13500,22534876
TATAPOWER_F1,28-09-2023,13:25:00,259.3,259.6,259.3,259.55,33750,22534876
TATAPOWER_F1,28-09-2023,13:26:00,259.5,259.5,259.25,259.35,563625,22534876
TATAPOWER_F1,28-09-2023,13:27:00,259.25,259.25,259.15,259.15,13500,23078250
TATAPOWER_F1,28-09-2023,13:28:00,259.0,259.0,259.0,259.0,33750,23078250
TATAPOWER_F1,28-09-2023,13:29:00,258.9,259.3,258.9,259.3,111375,23078250
TATAPOWER_F1,28-09-2023,13:30:00,259.05,259.2,259.05,259.2,114750,23078250
TATAPOWER_F1,28-09-2023,13:31:00,259.15,259.15,259.15,259.15,27000,23078250
TATAPOWER_F1,28-09-2023,13:32:00,259.25,259.3,259.25,259.3,30375,23112000
TATAPOWER_F1,28-09-2023,13:33:00,259.2,259.2,259.2,259.2,27000,23112000
TATAPOWER_F1,28-09-2023,13:34:00,259.15,259.2,259.05,259.05,37125,23112000
TATAPOWER_F1,28-09-2023,13:35:00,259.25,259.45,259.25,259.45,108000,23098500
TATAPOWER_F1,28-09-2023,13:36:00,259.8,260.0,259.8,260.0,87750,23098500
TATAPOWER_F1,28-09-2023,13:37:00,260.15,260.15,259.85,259.85,148500,23098500
TATAPOWER_F1,28-09-2023,13:38:00,259.85,259.9,259.7,259.7,13500,23098500
TATAPOWER_F1,28-09-2023,13:40:00,259.8,260.0,259.8,260.0,10125,23091750
TATAPOWER_F1,28-09-2023,13:41:00,260.0,260.0,260.0,260.0,3375,23091750
TATAPOWER_F1,28-09-2023,13:42:00,259.9,260.0,259.9,260.0,37125,23091750
TATAPOWER_F1,28-09-2023,13:43:00,259.9,260.0,259.9,260.0,10125,23091750
TATAPOWER_F1,28-09-2023,13:44:00,260.2,260.2,260.15,260.15,37125,23091750
TATAPOWER_F1,28-09-2023,13:45:00,260.0,260.0,259.65,259.65,158625,23071500
TATAPOWER_F1,28-09-2023,13:46:00,259.9,259.9,259.8,259.8,16875,23071500
TATAPOWER_F1,28-09-2023,13:47:00,259.7,259.8,259.7,259.8,13500,23071500
TATAPOWER_F1,28-09-2023,13:48:00,259.6,259.6,259.6,259.6,47250,23004000
TATAPOWER_F1,28-09-2023,13:49:00,259.25,259.6,259.25,259.6,94500,23004000
TATAPOWER_F1,28-09-2023,13:50:00,259.6,259.6,259.3,259.4,64125,23004000
TATAPOWER_F1,28-09-2023,13:51:00,259.4,259.4,259.4,259.4,101250,22990500
TATAPOWER_F1,28-09-2023,13:53:00,259.3,259.3,258.9,259.0,33750,22990500
TATAPOWER_F1,28-09-2023,13:54:00,259.15,259.15,259.15,259.15,3375,22977000
TATAPOWER_F1,28-09-2023,13:55:00,259.0,259.0,258.95,258.95,40500,22977000
TATAPOWER_F1,28-09-2023,13:56:00,258.9,258.9,258.85,258.85,16875,22977000
TATAPOWER_F1,28-09-2023,13:57:00,258.8,258.8,258.7,258.8,54000,22923000
TATAPOWER_F1,28-09-2023,13:58:00,259.25,259.25,259.1,259.1,50625,22923000
TATAPOWER_F1,28-09-2023,14:00:00,259.3,259.3,259.05,259.05,47250,22926376
TATAPOWER_F1,28-09-2023,14:01:00,259.0,259.0,259.0,259.0,20250,22926376
TATAPOWER_F1,28-09-2023,14:02:00,259.05,259.1,259.0,259.1,57375,22926376
TATAPOWER_F1,28-09-2023,14:03:00,259.15,259.15,258.95,258.95,16875,22919624
TATAPOWER_F1,28-09-2023,14:04:00,258.95,258.95,258.4,258.45,94500,22919624
TATAPOWER_F1,28-09-2023,14:05:00,258.5,258.75,258.5,258.75,6750,22919624
TATAPOWER_F1,28-09-2023,14:06:00,258.55,258.55,258.25,258.55,91125,22923000
TATAPOWER_F1,28-09-2023,14:07:00,258.4,258.45,258.4,258.45,16875,22923000
TATAPOWER_F1,28-09-2023,14:08:00,258.35,258.45,258.35,258.45,13500,22923000
TATAPOWER_F1,28-09-2023,14:09:00,258.4,258.5,258.4,258.5,37125,22926376
TATAPOWER_F1,28-09-2023,14:10:00,258.5,258.5,258.5,258.5,16875,22926376
TATAPOWER_F1,28-09-2023,14:11:00,258.5,258.5,258.3,258.3,33750,22926376
TATAPOWER_F1,28-09-2023,14:12:00,258.3,258.3,258.3,258.3,27000,22919624
TATAPOWER_F1,28-09-2023,14:13:00,258.5,258.5,258.5,258.5,155250,22919624
TATAPOWER_F1,28-09-2023,14:14:00,258.5,258.5,258.35,258.35,27000,22919624
TATAPOWER_F1,28-09-2023,14:15:00,258.5,258.55,258.45,258.45,165375,22916250
TATAPOWER_F1,28-09-2023,14:16:00,258.55,258.7,258.55,258.7,40500,22916250
TATAPOWER_F1,28-09-2023,14:17:00,258.8,259.0,258.75,259.0,54000,22946624
TATAPOWER_F1,28-09-2023,14:18:00,259.05,259.15,259.05,259.15,60750,22946624
TATAPOWER_F1,28-09-2023,14:19:00,259.25,259.55,259.25,259.4,67500,22946624
TATAPOWER_F1,28-09-2023,14:20:00,259.35,259.55,259.35,259.45,43875,22946624
TATAPOWER_F1,28-09-2023,14:21:00,259.2,259.2,258.75,259.0,135000,22953376
TATAPOWER_F1,28-09-2023,14:22:00,259.05,259.05,258.65,258.65,87750,22953376
TATAPOWER_F1,28-09-2023,14:23:00,258.75,258.8,258.65,258.65,172125,23058000
TATAPOWER_F1,28-09-2023,14:24:00,258.75,258.75,258.75,258.75,27000,23058000
TATAPOWER_F1,28-09-2023,14:25:00,258.6,258.7,258.6,258.7,91125,23058000
TATAPOWER_F1,28-09-2023,14:26:00,258.7,258.7,258.55,258.55,70875,23058000
TATAPOWER_F1,28-09-2023,14:27:00,258.6,258.6,258.6,258.6,37125,23085000
TATAPOWER_F1,28-09-2023,14:28:00,258.55,258.6,258.55,258.55,57375,23085000
TATAPOWER_F1,28-09-2023,14:29:00,258.6,258.6,258.55,258.55,43875,23085000
TATAPOWER_F1,28-09-2023,14:30:00,258.45,258.45,258.15,258.15,209250,23118750
TATAPOWER_F1,28-09-2023,14:31:00,258.0,258.0,258.0,258.0,50625,23118750
TATAPOWER_F1,28-09-2023,14:32:00,257.5,257.8,257.5,257.8,273375,23118750
TATAPOWER_F1,28-09-2023,14:33:00,257.4,258.0,257.4,257.8,158625,23068124
TATAPOWER_F1,28-09-2023,14:34:00,257.8,258.1,257.8,258.1,64125,23068124
TATAPOWER_F1,28-09-2023,14:35:00,258.25,258.6,258.2,258.55,138375,23051250
TATAPOWER_F1,28-09-2023,14:36:00,258.45,258.45,258.4,258.4,43875,23051250
TATAPOWER_F1,28-09-2023,14:37:00,258.45,258.55,258.45,258.55,1606500,23051250
TATAPOWER_F1,28-09-2023,14:38:00,258.75,258.75,258.7,258.7,850500,23051250
TATAPOWER_F1,28-09-2023,14:39:00,258.9,258.9,258.8,258.8,104625,24921000
TATAPOWER_F1,28-09-2023,14:40:00,258.75,258.95,258.75,258.95,33750,24921000
TATAPOWER_F1,28-09-2023,14:41:00,258.8,258.8,258.8,258.8,67500,24921000
TATAPOWER_F1,28-09-2023,14:42:00,258.75,258.75,258.65,258.65,94500,24921000
TATAPOWER_F1,28-09-2023,14:43:00,258.6,258.9,258.6,258.9,104625,24921000
TATAPOWER_F1,28-09-2023,14:44:00,258.9,258.9,258.9,258.9,104625,24921000
TATAPOWER_F1,28-09-2023,14:45:00,258.85,258.85,258.7,258.7,290250,24941250
TATAPOWER_F1,28-09-2023,14:46:00,258.7,258.7,258.6,258.6,131625,24941250
TATAPOWER_F1,28-09-2023,14:47:00,258.55,258.65,258.5,258.65,178875,24941250
TATAPOWER_F1,28-09-2023,14:48:00,258.7,258.7,258.65,258.65,70875,25059376
TATAPOWER_F1,28-09-2023,14:49:00,258.7,258.7,258.7,258.7,13500,25059376
TATAPOWER_F1,28-09-2023,14:50:00,258.75,258.8,258.75,258.75,67500,25059376
TATAPOWER_F1,28-09-2023,14:51:00,258.75,258.85,258.75,258.85,54000,25083000
TATAPOWER_F1,28-09-2023,14:52:00,258.7,258.8,258.7,258.8,23625,25083000
TATAPOWER_F1,28-09-2023,14:53:00,258.7,258.7,258.65,258.7,81000,25083000
TATAPOWER_F1,28-09-2023,14:54:00,258.8,258.8,258.8,258.8,13500,25093124
TATAPOWER_F1,28-09-2023,14:55:00,258.7,258.7,258.7,258.7,185625,25093124
TATAPOWER_F1,28-09-2023,14:56:00,258.7,258.7,258.7,258.7,16875,25093124
TATAPOWER_F1,28-09-2023,14:57:00,258.7,258.7,258.6,258.6,50625,25120124
TATAPOWER_F1,28-09-2023,14:58:00,258.6,258.6,258.6,258.6,40500,25120124
TATAPOWER_F1,28-09-2023,14:59:00,258.6,258.85,258.6,258.85,118125,25120124
TATAPOWER_F1,28-09-2023,15:00:00,258.75,258.75,257.5,257.6,435375,25147124
TATAPOWER_F1,28-09-2023,15:01:00,257.45,257.8,257.25,257.7,189000,25147124
TATAPOWER_F1,28-09-2023,15:02:00,257.75,257.9,257.7,257.8,74250,25147124
TATAPOWER_F1,28-09-2023,15:03:00,257.65,257.85,257.6,257.65,77625,25079624
TATAPOWER_F1,28-09-2023,15:04:00,257.6,257.95,257.6,257.7,202500,25079624
TATAPOWER_F1,28-09-2023,15:05:00,257.65,257.75,257.55,257.75,118125,25079624
TATAPOWER_F1,28-09-2023,15:06:00,257.75,257.9,257.7,257.8,64125,25110000
TATAPOWER_F1,28-09-2023,15:07:00,258.05,258.1,258.05,258.1,104625,25110000
TATAPOWER_F1,28-09-2023,15:08:00,258.05,258.05,257.5,257.5,94500,25110000
TATAPOWER_F1,28-09-2023,15:09:00,257.65,258.2,257.65,258.1,280125,25191000
TATAPOWER_F1,28-09-2023,15:10:00,258.2,258.2,257.95,258.1,175500,25191000
TATAPOWER_F1,28-09-2023,15:11:00,258.1,258.15,257.8,257.95,118125,25191000
TATAPOWER_F1,28-09-2023,15:12:00,257.85,257.85,257.55,257.75,148500,25265250
TATAPOWER_F1,28-09-2023,15:13:00,257.8,257.85,257.65,257.65,67500,25265250
TATAPOWER_F1,28-09-2023,15:14:00,257.7,257.8,257.6,257.7,175500,25265250
TATAPOWER_F1,28-09-2023,15:15:00,257.65,258.15,257.6,257.9,425250,25295624
TATAPOWER_F1,28-09-2023,15:16:00,258.0,258.2,257.9,258.0,303750,25295624
TATAPOWER_F1,28-09-2023,15:17:00,258.2,258.35,258.05,258.25,590625,25295624
TATAPOWER_F1,28-09-2023,15:18:00,258.3,258.35,257.85,258.05,192375,25555500
TATAPOWER_F1,28-09-2023,15:19:00,258.15,258.15,258.05,258.15,84375,25555500
TATAPOWER_F1,28-09-2023,15:20:00,258.15,258.35,258.0,258.1,347625,25555500
TATAPOWER_F1,28-09-2023,15:21:00,258.15,258.35,258.15,258.35,263250,25670250
TATAPOWER_F1,28-09-2023,15:22:00,258.35,258.6,258.3,258.45,563625,25670250
TATAPOWER_F1,28-09-2023,15:23:00,258.45,258.5,258.25,258.45,320625,25670250
TATAPOWER_F1,28-09-2023,15:24:00,258.4,258.5,258.35,258.5,172125,26055000
TATAPOWER_F1,28-09-2023,15:25:00,258.45,259.0,258.4,259.0,168750,26055000
TATAPOWER_F1,28-09-2023,15:26:00,259.0,259.1,259.0,259.0,33750,26055000
TATAPOWER_F1,28-09-2023,15:27:00,259.05,259.05,258.9,258.9,23625,26156250
TATAPOWER_F1,28-09-2023,15:28:00,259.2,259.5,259.0,259.5,54000,26156250
TATAPOWER_F1,28-09-2023,15:29:00,259.15,260.4,259.15,259.2,60750,26156250
TATAPOWER_F1,29-09-2023,09:15:00,261.8,261.9,261.4,261.9,148503,87490128
TATAPOWER_F1,29-09-2023,09:16:00,261.9,262.6,261.9,262.1,246375,87490128
TATAPOWER_F1,29-09-2023,09:17:00,262.2,262.2,261.6,261.7,91125,87527248
TATAPOWER_F1,29-09-2023,09:18:00,261.7,261.85,261.7,261.85,40500,87527248
TATAPOWER_F1,29-09-2023,09:19:00,261.9,262.3,261.85,262.3,148500,87527248
TATAPOWER_F1,29-09-2023,09:20:00,262.3,262.55,262.2,262.55,222750,87635248
TATAPOWER_F1,29-09-2023,09:21:00,262.5,263.35,262.5,263.2,482625,87635248
TATAPOWER_F1,29-09-2023,09:22:00,263.3,263.65,262.95,263.6,425250,87635248
TATAPOWER_F1,29-09-2023,09:23:00,263.5,264.7,263.5,264.7,837000,87571128
TATAPOWER_F1,29-09-2023,09:24:00,264.65,264.75,263.6,263.7,543375,87571128
TATAPOWER_F1,29-09-2023,09:25:00,263.55,263.85,263.4,263.85,151875,87571128
TATAPOWER_F1,29-09-2023,09:26:00,263.7,265.15,263.65,265.15,1012500,87739872
TATAPOWER_F1,29-09-2023,09:27:00,265.15,265.3,264.75,265.25,654750,87739872
TATAPOWER_F1,29-09-2023,09:28:00,265.05,265.25,265.0,265.15,543375,87739872
TATAPOWER_F1,29-09-2023,09:29:00,265.4,265.8,264.6,265.0,941625,87682496
TATAPOWER_F1,29-09-2023,09:30:00,264.85,265.0,264.5,264.75,232875,87682496
TATAPOWER_F1,29-09-2023,09:31:00,264.65,264.9,264.45,264.5,202500,87682496
TATAPOWER_F1,29-09-2023,09:32:00,264.55,264.65,264.25,264.35,77625,87790496
TATAPOWER_F1,29-09-2023,09:33:00,264.3,264.3,263.8,263.8,276750,87790496
TATAPOWER_F1,29-09-2023,09:34:00,263.9,264.05,263.75,264.0,101250,87790496
TATAPOWER_F1,29-09-2023,09:35:00,263.9,263.9,263.6,263.6,259875,87564376
TATAPOWER_F1,29-09-2023,09:36:00,263.75,263.9,263.35,263.35,118125,87564376
TATAPOWER_F1,29-09-2023,09:37:00,263.6,263.75,263.6,263.65,108000,87564376
TATAPOWER_F1,29-09-2023,09:38:00,263.6,263.6,263.45,263.45,104625,87537376
TATAPOWER_F1,29-09-2023,09:39:00,263.25,263.35,263.2,263.35,168750,87537376
TATAPOWER_F1,29-09-2023,09:40:00,263.25,263.25,263.25,263.25,57375,87537376
TATAPOWER_F1,29-09-2023,09:41:00,263.25,263.7,263.25,263.7,91125,87682496
TATAPOWER_F1,29-09-2023,09:42:00,263.45,263.5,263.2,263.2,172125,87682496
TATAPOWER_F1,29-09-2023,09:43:00,263.2,263.2,263.2,263.2,47250,87682496
TATAPOWER_F1,29-09-2023,09:44:00,263.3,264.1,263.3,264.1,270000,87787128
TATAPOWER_F1,29-09-2023,09:45:00,263.8,263.8,263.7,263.7,202500,87787128
TATAPOWER_F1,29-09-2023,09:46:00,263.5,263.6,263.5,263.55,108000,87787128
TATAPOWER_F1,29-09-2023,09:47:00,263.45,263.7,263.45,263.5,47250,87922128
TATAPOWER_F1,29-09-2023,09:48:00,263.5,263.5,263.3,263.45,60750,87922128
TATAPOWER_F1,29-09-2023,09:49:00,263.25,263.25,263.15,263.15,74250,87922128
TATAPOWER_F1,29-09-2023,09:50:00,263.25,264.15,263.25,264.15,432000,87986248
TATAPOWER_F1,29-09-2023,09:51:00,264.0,264.5,263.9,264.5,199125,87986248
TATAPOWER_F1,29-09-2023,09:52:00,264.3,264.3,264.25,264.3,128250,87986248
TATAPOWER_F1,29-09-2023,09:53:00,264.35,264.35,264.25,264.25,57375,88205624
TATAPOWER_F1,29-09-2023,09:54:00,264.3,264.35,264.1,264.1,168750,88205624
TATAPOWER_F1,29-09-2023,09:55:00,264.1,264.1,263.8,263.8,84375,88205624
TATAPOWER_F1,29-09-2023,09:56:00,263.75,264.0,263.75,264.0,64125,88246128
TATAPOWER_F1,29-09-2023,09:57:00,263.95,263.95,263.6,263.6,33750,88246128
TATAPOWER_F1,29-09-2023,09:58:00,263.5,263.7,263.5,263.7,33750,88246128
TATAPOWER_F1,29-09-2023,09:59:00,263.7,263.7,263.55,263.55,43875,88306872
TATAPOWER_F1,29-09-2023,10:00:00,263.35,263.35,263.35,263.35,30375,88306872
TATAPOWER_F1,29-09-2023,10:01:00,263.5,263.95,263.5,263.95,67500,88306872
TATAPOWER_F1,29-09-2023,10:02:00,263.95,264.0,263.9,264.0,23625,88273128
TATAPOWER_F1,29-09-2023,10:03:00,264.0,264.0,263.85,263.85,37125,88273128
TATAPOWER_F1,29-09-2023,10:04:00,263.65,263.85,263.65,263.75,54000,88273128
TATAPOWER_F1,29-09-2023,10:05:00,263.75,263.75,263.7,263.7,43875,88313624
TATAPOWER_F1,29-09-2023,10:06:00,263.9,264.2,263.85,264.2,293625,88313624
TATAPOWER_F1,29-09-2023,10:07:00,264.15,264.15,263.8,263.8,97875,88313624
TATAPOWER_F1,29-09-2023,10:08:00,263.65,263.7,263.65,263.65,47250,88421624
TATAPOWER_F1,29-09-2023,10:09:00,263.45,263.5,263.45,263.5,104625,88421624
TATAPOWER_F1,29-09-2023,10:10:00,263.5,263.5,263.4,263.4,43875,88421624
TATAPOWER_F1,29-09-2023,10:11:00,263.4,263.65,263.3,263.65,97875,88418248
TATAPOWER_F1,29-09-2023,10:12:00,263.65,263.8,263.65,263.8,67500,88418248
TATAPOWER_F1,29-09-2023,10:14:00,263.7,263.75,263.65,263.75,50625,88404752
TATAPOWER_F1,29-09-2023,10:15:00,264.0,264.1,264.0,264.1,60750,88404752
TATAPOWER_F1,29-09-2023,10:16:00,264.25,264.4,264.25,264.4,70875,88404752
TATAPOWER_F1,29-09-2023,10:17:00,264.4,264.5,264.4,264.5,37125,88354128
TATAPOWER_F1,29-09-2023,10:18:00,264.8,265.2,264.8,265.2,313875,88354128
TATAPOWER_F1,29-09-2023,10:19:00,265.15,265.4,265.15,265.25,327375,88354128
TATAPOWER_F1,29-09-2023,10:20:00,265.1,265.15,264.55,264.55,118125,88229248
TATAPOWER_F1,29-09-2023,10:21:00,264.65,264.75,264.55,264.75,135000,88229248
TATAPOWER_F1,29-09-2023,10:22:00,264.8,264.8,264.7,264.7,47250,88229248
TATAPOWER_F1,29-09-2023,10:23:00,264.75,264.95,264.75,264.9,97875,88276496
TATAPOWER_F1,29-09-2023,10:24:00,265.05,265.15,265.05,265.15,165375,88276496
TATAPOWER_F1,29-09-2023,10:25:00,264.7,264.7,264.45,264.45,70875,88276496
TATAPOWER_F1,29-09-2023,10:26:00,264.5,264.8,264.5,264.7,108000,88381128
TATAPOWER_F1,29-09-2023,10:27:00,264.6,264.6,264.5,264.5,30375,88381128
TATAPOWER_F1,29-09-2023,10:28:00,264.6,264.6,264.55,264.55,20250,88381128
TATAPOWER_F1,29-09-2023,10:29:00,264.6,264.6,264.4,264.4,16875,88401376
TATAPOWER_F1,29-09-2023,10:30:00,264.2,264.35,264.2,264.35,60750,88401376
TATAPOWER_F1,29-09-2023,10:31:00,264.35,264.35,264.25,264.25,13500,88401376
TATAPOWER_F1,29-09-2023,10:32:00,264.4,264.95,264.4,264.85,438750,88377752
TATAPOWER_F1,29-09-2023,10:33:00,265.05,265.05,264.7,264.7,43875,88377752
TATAPOWER_F1,29-09-2023,10:34:00,264.65,264.95,264.65,264.95,111375,88377752
TATAPOWER_F1,29-09-2023,10:35:00,264.95,264.95,264.6,264.6,37125,88489128
TATAPOWER_F1,29-09-2023,10:36:00,264.65,264.65,264.65,264.65,23625,88489128
TATAPOWER_F1,29-09-2023,10:37:00,264.7,264.7,264.6,264.6,33750,88489128
TATAPOWER_F1,29-09-2023,10:38:00,264.6,264.9,264.6,264.9,155250,88506000
TATAPOWER_F1,29-09-2023,10:39:00,264.55,264.55,264.45,264.45,23625,88506000
TATAPOWER_F1,29-09-2023,10:40:00,264.25,264.4,264.25,264.35,54000,88506000
TATAPOWER_F1,29-09-2023,10:41:00,264.35,264.5,264.25,264.5,67500,88519504
TATAPOWER_F1,29-09-2023,10:42:00,264.5,264.5,264.5,264.5,3375,88519504
TATAPOWER_F1,29-09-2023,10:43:00,264.6,264.65,264.5,264.65,27000,88519504
TATAPOWER_F1,29-09-2023,10:44:00,264.45,264.6,264.45,264.55,23625,88506000
TATAPOWER_F1,29-09-2023,10:45:00,264.5,264.5,264.45,264.45,10125,88506000
TATAPOWER_F1,29-09-2023,10:46:00,264.25,264.25,264.15,264.15,30375,88506000
TATAPOWER_F1,29-09-2023,10:47:00,264.4,264.4,264.15,264.15,23625,88495872
TATAPOWER_F1,29-09-2023,10:48:00,264.15,264.15,264.15,264.15,13500,88495872
TATAPOWER_F1,29-09-2023,10:49:00,264.25,264.35,264.25,264.35,13500,88495872
TATAPOWER_F1,29-09-2023,10:50:00,264.25,264.25,264.05,264.05,81000,88549872
TATAPOWER_F1,29-09-2023,10:51:00,263.9,263.9,263.7,263.7,168750,88549872
TATAPOWER_F1,29-09-2023,10:52:00,263.65,263.65,263.3,263.3,84375,88549872
TATAPOWER_F1,29-09-2023,10:53:00,263.45,263.5,263.45,263.45,104625,88664624
TATAPOWER_F1,29-09-2023,10:54:00,263.6,263.6,263.45,263.45,33750,88664624
TATAPOWER_F1,29-09-2023,10:55:00,263.5,263.55,263.5,263.55,23625,88664624
TATAPOWER_F1,29-09-2023,10:56:00,263.45,263.7,263.45,263.7,16875,88671376
TATAPOWER_F1,29-09-2023,10:57:00,263.75,263.8,263.75,263.8,27000,88671376
TATAPOWER_F1,29-09-2023,10:58:00,263.75,263.75,263.75,263.75,10125,88671376
TATAPOWER_F1,29-09-2023,10:59:00,263.6,263.7,263.6,263.7,13500,88678128
TATAPOWER_F1,29-09-2023,11:00:00,263.6,263.6,263.55,263.55,70875,88678128
TATAPOWER_F1,29-09-2023,11:01:00,263.65,263.65,263.55,263.55,195750,88678128
TATAPOWER_F1,29-09-2023,11:02:00,263.9,263.9,263.75,263.75,50625,88566752
TATAPOWER_F1,29-09-2023,11:03:00,263.55,263.65,263.55,263.65,13500,88566752
TATAPOWER_F1,29-09-2023,11:04:00,263.65,263.65,263.65,263.65,3375,88566752
TATAPOWER_F1,29-09-2023,11:05:00,263.55,263.7,263.55,263.7,23625,88583624
TATAPOWER_F1,29-09-2023,11:06:00,263.7,263.7,263.7,263.7,3375,88583624
TATAPOWER_F1,29-09-2023,11:07:00,263.6,263.6,263.6,263.6,3375,88583624
TATAPOWER_F1,29-09-2023,11:08:00,263.6,263.65,263.6,263.65,10125,88587000
TATAPOWER_F1,29-09-2023,11:09:00,263.55,263.65,263.55,263.65,6750,88587000
TATAPOWER_F1,29-09-2023,11:10:00,263.65,263.7,263.65,263.7,10125,88587000
TATAPOWER_F1,29-09-2023,11:11:00,263.75,264.1,263.75,264.1,23625,88590376
TATAPOWER_F1,29-09-2023,11:12:00,263.75,263.75,263.75,263.75,10125,88590376
TATAPOWER_F1,29-09-2023,11:13:00,263.8,263.8,263.8,263.8,6750,88590376
TATAPOWER_F1,29-09-2023,11:14:00,263.8,263.8,263.65,263.65,16875,88603872
TATAPOWER_F1,29-09-2023,11:16:00,263.65,263.65,263.55,263.55,16875,88603872
TATAPOWER_F1,29-09-2023,11:17:00,263.6,263.75,263.6,263.75,6750,88607248
TATAPOWER_F1,29-09-2023,11:18:00,263.8,263.8,263.65,263.65,10125,88607248
TATAPOWER_F1,29-09-2023,11:19:00,263.5,263.55,263.5,263.55,23625,88607248
TATAPOWER_F1,29-09-2023,11:20:00,263.65,263.65,263.65,263.65,3375,88607248
TATAPOWER_F1,29-09-2023,11:21:00,263.8,263.8,263.6,263.75,64125,88607248
TATAPOWER_F1,29-09-2023,11:22:00,263.5,263.5,263.5,263.5,37125,88607248
TATAPOWER_F1,29-09-2023,11:23:00,263.5,264.05,263.5,264.05,77625,88711872
TATAPOWER_F1,29-09-2023,11:24:00,264.2,264.2,264.0,264.0,47250,88711872
TATAPOWER_F1,29-09-2023,11:25:00,263.9,263.95,263.9,263.95,6750,88711872
TATAPOWER_F1,29-09-2023,11:26:00,263.85,263.85,263.85,263.85,13500,88711872
TATAPOWER_F1,29-09-2023,11:27:00,263.8,263.8,263.8,263.8,3375,88708496
TATAPOWER_F1,29-09-2023,11:28:00,264.0,264.0,263.8,263.8,20250,88708496
TATAPOWER_F1,29-09-2023,11:29:00,263.95,263.95,263.95,263.95,16875,88701752
TATAPOWER_F1,29-09-2023,11:30:00,264.25,264.25,264.15,264.15,47250,88701752
TATAPOWER_F1,29-09-2023,11:31:00,264.4,264.4,264.35,264.35,77625,88701752
TATAPOWER_F1,29-09-2023,11:32:00,264.25,264.25,264.25,264.25,3375,88701752
TATAPOWER_F1,29-09-2023,11:33:00,264.1,264.25,264.1,264.25,43875,88732128
TATAPOWER_F1,29-09-2023,11:34:00,264.3,264.4,264.3,264.4,50625,88732128
TATAPOWER_F1,29-09-2023,11:35:00,264.35,264.45,264.35,264.45,13500,88772624
TATAPOWER_F1,29-09-2023,11:36:00,264.3,264.3,264.3,264.3,6750,88772624
TATAPOWER_F1,29-09-2023,11:37:00,264.3,264.3,264.3,264.3,10125,88772624
TATAPOWER_F1,29-09-2023,11:38:00,264.4,264.5,264.4,264.4,67500,88762496
TATAPOWER_F1,29-09-2023,11:39:00,264.4,264.6,264.4,264.6,16875,88762496
TATAPOWER_F1,29-09-2023,11:40:00,264.5,264.5,264.5,264.5,10125,88762496
TATAPOWER_F1,29-09-2023,11:41:00,264.6,264.75,264.6,264.6,16875,88745624
TATAPOWER_F1,29-09-2023,11:42:00,264.7,264.7,264.55,264.7,33750,88745624
TATAPOWER_F1,29-09-2023,11:43:00,264.6,264.6,264.4,264.4,23625,88745624
TATAPOWER_F1,29-09-2023,11:44:00,264.4,264.5,264.4,264.5,30375,88732128
TATAPOWER_F1,29-09-2023,11:45:00,264.5,264.65,264.5,264.65,10125,88732128
TATAPOWER_F1,29-09-2023,11:46:00,264.75,264.75,264.75,264.75,60750,88732128
TATAPOWER_F1,29-09-2023,11:47:00,264.9,264.9,264.75,264.75,195750,88732128
TATAPOWER_F1,29-09-2023,11:48:00,264.85,265.05,264.85,265.05,138375,88732128
TATAPOWER_F1,29-09-2023,11:49:00,265.0,265.0,264.85,264.85,91125,88732128
TATAPOWER_F1,29-09-2023,11:50:00,264.7,264.8,264.7,264.8,57375,88806376
TATAPOWER_F1,29-09-2023,11:51:00,264.85,265.05,264.85,265.05,91125,88806376
TATAPOWER_F1,29-09-2023,11:52:00,265.1,265.1,264.9,265.0,40500,88806376
TATAPOWER_F1,29-09-2023,11:53:00,264.95,264.95,264.75,264.75,27000,88890752
TATAPOWER_F1,29-09-2023,11:54:00,264.65,264.65,264.55,264.55,13500,88890752
TATAPOWER_F1,29-09-2023,11:55:00,264.75,264.75,264.6,264.6,60750,88890752
TATAPOWER_F1,29-09-2023,11:56:00,264.55,264.55,264.5,264.5,10125,88890752
TATAPOWER_F1,29-09-2023,11:57:00,264.55,264.6,264.55,264.6,23625,88914376
TATAPOWER_F1,29-09-2023,11:58:00,264.6,264.6,264.55,264.55,10125,88914376
TATAPOWER_F1,29-09-2023,11:59:00,264.55,264.55,264.35,264.35,13500,88914376
TATAPOWER_F1,29-09-2023,12:00:00,264.6,264.6,264.6,264.6,13500,88931248
TATAPOWER_F1,29-09-2023,12:01:00,264.6,264.8,264.6,264.8,33750,88931248
TATAPOWER_F1,29-09-2023,12:02:00,264.85,264.85,264.75,264.75,135000,89029128
TATAPOWER_F1,29-09-2023,12:03:00,264.75,264.9,264.75,264.9,13500,89029128
TATAPOWER_F1,29-09-2023,12:04:00,264.9,264.9,264.75,264.75,20250,89029128
TATAPOWER_F1,29-09-2023,12:05:00,264.7,264.7,264.7,264.7,27000,89029128
TATAPOWER_F1,29-09-2023,12:06:00,264.65,264.7,264.65,264.7,13500,89029128
TATAPOWER_F1,29-09-2023,12:07:00,264.75,264.75,264.75,264.75,6750,89029128
TATAPOWER_F1,29-09-2023,12:08:00,264.75,264.85,264.65,264.85,30375,89019000
TATAPOWER_F1,29-09-2023,12:09:00,265.1,265.1,264.7,264.7,91125,89019000
TATAPOWER_F1,29-09-2023,12:10:00,264.8,264.9,264.8,264.85,54000,89019000
TATAPOWER_F1,29-09-2023,12:11:00,265.0,265.0,264.8,264.8,43875,88944752
TATAPOWER_F1,29-09-2023,12:12:00,264.8,264.8,264.8,264.8,3375,88944752
TATAPOWER_F1,29-09-2023,12:13:00,264.9,264.9,264.9,264.9,3375,88944752
TATAPOWER_F1,29-09-2023,12:14:00,264.6,264.6,264.6,264.6,13500,88944752
TATAPOWER_F1,29-09-2023,12:15:00,264.6,264.8,264.6,264.8,10125,88840128
TATAPOWER_F1,29-09-2023,12:16:00,264.9,264.9,264.9,264.9,16875,88840128
TATAPOWER_F1,29-09-2023,12:17:00,264.85,264.85,264.6,264.6,27000,88853624
TATAPOWER_F1,29-09-2023,12:18:00,264.75,264.75,264.75,264.75,27000,88853624
TATAPOWER_F1,29-09-2023,12:20:00,264.55,264.7,264.55,264.7,23625,88853624
TATAPOWER_F1,29-09-2023,12:21:00,264.8,264.8,264.65,264.65,13500,88857000
TATAPOWER_F1,29-09-2023,12:23:00,265.4,265.5,265.3,265.35,614250,88971752
TATAPOWER_F1,29-09-2023,12:24:00,265.4,265.45,265.35,265.35,30375,88971752
TATAPOWER_F1,29-09-2023,12:25:00,265.35,266.0,265.35,266.0,475875,88971752
TATAPOWER_F1,29-09-2023,12:26:00,265.95,265.95,265.65,265.7,118125,88816496
TATAPOWER_F1,29-09-2023,12:27:00,265.75,265.85,265.75,265.85,101250,88816496
TATAPOWER_F1,29-09-2023,12:28:00,265.85,265.85,265.75,265.75,97875,88816496
TATAPOWER_F1,29-09-2023,12:29:00,265.75,265.75,265.65,265.65,57375,88755752
TATAPOWER_F1,29-09-2023,12:30:00,265.55,265.9,265.55,265.9,94500,88755752
TATAPOWER_F1,29-09-2023,12:31:00,265.85,265.85,265.65,265.65,50625,88755752
TATAPOWER_F1,29-09-2023,12:32:00,265.6,265.8,265.6,265.8,108000,88769248
TATAPOWER_F1,29-09-2023,12:33:00,265.65,265.65,265.65,265.65,135000,88769248
TATAPOWER_F1,29-09-2023,12:34:00,265.6,265.7,265.6,265.7,37125,88769248
TATAPOWER_F1,29-09-2023,12:35:00,265.7,265.75,265.7,265.75,43875,88789504
TATAPOWER_F1,29-09-2023,12:36:00,265.85,265.85,265.85,265.85,40500,88789504
TATAPOWER_F1,29-09-2023,12:37:00,265.7,265.75,265.7,265.75,77625,88789504
TATAPOWER_F1,29-09-2023,12:38:00,265.55,265.7,265.55,265.7,23625,88789504
TATAPOWER_F1,29-09-2023,12:39:00,265.55,265.55,265.25,265.25,23625,88765872
TATAPOWER_F1,29-09-2023,12:40:00,265.25,265.55,265.2,265.55,81000,88765872
TATAPOWER_F1,29-09-2023,12:41:00,265.55,265.55,265.5,265.5,30375,88765872
TATAPOWER_F1,29-09-2023,12:42:00,265.5,265.55,265.5,265.55,111375,88786128
TATAPOWER_F1,29-09-2023,12:43:00,265.65,265.65,265.55,265.55,6750,88786128
TATAPOWER_F1,29-09-2023,12:44:00,265.6,265.7,265.6,265.7,81000,88786128
TATAPOWER_F1,29-09-2023,12:45:00,265.8,265.8,265.6,265.6,91125,88826624
TATAPOWER_F1,29-09-2023,12:46:00,265.7,265.7,265.7,265.7,20250,88826624
TATAPOWER_F1,29-09-2023,12:47:00,265.6,265.6,265.6,265.6,16875,88826624
TATAPOWER_F1,29-09-2023,12:48:00,265.6,265.6,265.6,265.6,13500,88816496
TATAPOWER_F1,29-09-2023,12:49:00,265.6,265.6,265.45,265.45,47250,88816496
TATAPOWER_F1,29-09-2023,12:50:00,265.5,265.5,265.5,265.5,43875,88789504
TATAPOWER_F1,29-09-2023,12:51:00,265.5,265.5,265.5,265.5,30375,88789504
TATAPOWER_F1,29-09-2023,12:52:00,265.45,265.45,265.4,265.4,27000,88789504
TATAPOWER_F1,29-09-2023,12:53:00,265.35,265.35,265.2,265.2,27000,88772624
TATAPOWER_F1,29-09-2023,12:54:00,265.25,265.4,265.15,265.4,30375,88772624
TATAPOWER_F1,29-09-2023,12:55:00,265.5,265.5,265.4,265.4,37125,88772624
TATAPOWER_F1,29-09-2023,12:56:00,265.4,265.4,265.35,265.35,16875,88779376
TATAPOWER_F1,29-09-2023,12:57:00,265.45,265.45,265.4,265.4,30375,88779376
TATAPOWER_F1,29-09-2023,12:58:00,265.25,265.25,265.05,265.05,27000,88779376
TATAPOWER_F1,29-09-2023,12:59:00,265.05,265.05,265.0,265.0,30375,88779376
TATAPOWER_F1,29-09-2023,13:00:00,265.15,265.45,265.15,265.45,30375,88806376
TATAPOWER_F1,29-09-2023,13:01:00,265.55,265.8,265.55,265.8,131625,88806376
TATAPOWER_F1,29-09-2023,13:02:00,265.8,265.8,265.6,265.6,16875,88806376
TATAPOWER_F1,29-09-2023,13:03:00,265.45,265.6,265.45,265.6,57375,88755752
TATAPOWER_F1,29-09-2023,13:04:00,265.65,265.65,265.65,265.65,20250,88755752
TATAPOWER_F1,29-09-2023,13:05:00,265.65,265.8,265.65,265.8,57375,88755752
TATAPOWER_F1,29-09-2023,13:06:00,265.85,266.2,265.85,266.05,378000,88749000
TATAPOWER_F1,29-09-2023,13:07:00,266.05,266.4,266.05,266.35,293625,88749000
TATAPOWER_F1,29-09-2023,13:08:00,266.35,266.35,265.95,265.95,84375,88900872
TATAPOWER_F1,29-09-2023,13:09:00,266.0,266.0,265.9,265.9,104625,88900872
TATAPOWER_F1,29-09-2023,13:10:00,266.05,266.15,265.95,265.95,84375,88900872
TATAPOWER_F1,29-09-2023,13:11:00,265.85,265.85,265.8,265.8,30375,88900872
TATAPOWER_F1,29-09-2023,13:12:00,265.65,265.65,265.5,265.5,77625,88830000
TATAPOWER_F1,29-09-2023,13:13:00,265.4,265.45,265.4,265.45,43875,88830000
TATAPOWER_F1,29-09-2023,13:14:00,265.7,265.95,265.7,265.95,57375,88830000
TATAPOWER_F1,29-09-2023,13:15:00,265.95,266.25,265.95,266.2,104625,88826624
TATAPOWER_F1,29-09-2023,13:16:00,266.1,266.1,266.1,266.1,33750,88826624
TATAPOWER_F1,29-09-2023,13:17:00,266.2,266.2,266.1,266.1,37125,88826624
TATAPOWER_F1,29-09-2023,13:18:00,266.0,266.1,266.0,266.1,70875,88806376
TATAPOWER_F1,29-09-2023,13:19:00,265.85,265.85,265.8,265.8,27000,88806376
TATAPOWER_F1,29-09-2023,13:20:00,265.75,265.8,265.75,265.8,16875,88806376
TATAPOWER_F1,29-09-2023,13:21:00,265.8,265.8,265.8,265.8,13500,88803000
TATAPOWER_F1,29-09-2023,13:22:00,265.7,265.75,265.5,265.5,57375,88803000
TATAPOWER_F1,29-09-2023,13:23:00,265.65,265.8,265.65,265.8,43875,88803000
TATAPOWER_F1,29-09-2023,13:24:00,265.8,265.8,265.65,265.65,20250,88809752
TATAPOWER_F1,29-09-2023,13:25:00,265.7,265.85,265.7,265.85,16875,88809752
TATAPOWER_F1,29-09-2023,13:26:00,266.0,266.05,266.0,266.0,114750,88809752
TATAPOWER_F1,29-09-2023,13:27:00,266.1,266.1,266.0,266.1,40500,88880624
TATAPOWER_F1,29-09-2023,13:28:00,266.15,266.2,266.15,266.15,70875,88880624
TATAPOWER_F1,29-09-2023,13:29:00,266.15,266.2,266.1,266.2,81000,88961624
TATAPOWER_F1,29-09-2023,13:30:00,266.25,266.5,266.2,266.5,178875,88961624
TATAPOWER_F1,29-09-2023,13:31:00,266.5,266.5,266.4,266.4,77625,88961624
TATAPOWER_F1,29-09-2023,13:32:00,266.35,266.35,266.15,266.15,27000,88992000
TATAPOWER_F1,29-09-2023,13:33:00,266.0,266.1,266.0,266.0,57375,88992000
TATAPOWER_F1,29-09-2023,13:34:00,266.1,266.1,266.05,266.05,33750,88992000
TATAPOWER_F1,29-09-2023,13:35:00,266.0,266.0,266.0,266.0,43875,88992000
TATAPOWER_F1,29-09-2023,13:36:00,266.0,266.05,266.0,266.05,33750,89056128
TATAPOWER_F1,29-09-2023,13:37:00,266.25,266.25,266.05,266.05,30375,89056128
TATAPOWER_F1,29-09-2023,13:39:00,266.0,266.1,266.0,266.1,64125,89069624
TATAPOWER_F1,29-09-2023,13:40:00,266.0,266.05,266.0,266.05,20250,89069624
TATAPOWER_F1,29-09-2023,13:41:00,266.0,266.05,266.0,266.05,30375,89069624
TATAPOWER_F1,29-09-2023,13:42:00,266.15,266.15,265.9,265.9,97875,89029128
TATAPOWER_F1,29-09-2023,13:43:00,266.0,266.0,266.0,266.0,97875,89029128
TATAPOWER_F1,29-09-2023,13:44:00,266.05,266.05,266.0,266.0,27000,89029128
TATAPOWER_F1,29-09-2023,13:45:00,266.1,266.4,266.1,266.4,97875,88968376
TATAPOWER_F1,29-09-2023,13:46:00,266.5,266.5,266.15,266.15,40500,88968376
TATAPOWER_F1,29-09-2023,13:47:00,266.15,266.15,266.05,266.05,10125,88968376
TATAPOWER_F1,29-09-2023,13:48:00,266.1,266.1,266.1,266.1,6750,88992000
TATAPOWER_F1,29-09-2023,13:49:00,266.0,266.2,266.0,266.2,87750,88992000
TATAPOWER_F1,29-09-2023,13:50:00,266.1,266.1,266.1,266.1,13500,88992000
TATAPOWER_F1,29-09-2023,13:51:00,266.1,266.15,266.05,266.05,16875,88998752
TATAPOWER_F1,29-09-2023,13:52:00,266.0,266.0,266.0,266.0,27000,88998752
TATAPOWER_F1,29-09-2023,13:53:00,266.0,266.0,266.0,266.0,40500,89019000
TATAPOWER_F1,29-09-2023,13:54:00,266.05,266.05,266.0,266.0,27000,89019000
TATAPOWER_F1,29-09-2023,13:55:00,266.0,266.15,266.0,266.0,47250,89019000
TATAPOWER_F1,29-09-2023,13:56:00,266.0,266.05,266.0,266.0,27000,89019000
TATAPOWER_F1,29-09-2023,13:57:00,266.05,266.05,266.0,266.0,20250,89049376
TATAPOWER_F1,29-09-2023,13:58:00,266.0,266.05,266.0,266.05,33750,89049376
TATAPOWER_F1,29-09-2023,13:59:00,266.0,266.0,265.9,265.9,10125,89049376
TATAPOWER_F1,29-09-2023,14:00:00,265.95,266.1,265.95,266.1,60750,89046000
TATAPOWER_F1,29-09-2023,14:01:00,266.1,266.2,266.1,266.1,40500,89046000
TATAPOWER_F1,29-09-2023,14:02:00,266.0,266.0,265.6,265.6,33750,89046000
TATAPOWER_F1,29-09-2023,14:03:00,265.65,265.65,265.5,265.5,23625,89025752
TATAPOWER_F1,29-09-2023,14:04:00,265.65,265.65,265.3,265.3,128250,89025752
TATAPOWER_F1,29-09-2023,14:05:00,265.3,265.35,265.3,265.35,27000,89025752
TATAPOWER_F1,29-09-2023,14:06:00,265.35,265.35,265.35,265.35,13500,89079752
TATAPOWER_F1,29-09-2023,14:07:00,265.3,265.3,265.25,265.25,50625,89079752
TATAPOWER_F1,29-09-2023,14:08:00,265.1,265.1,265.0,265.0,128250,89079752
TATAPOWER_F1,29-09-2023,14:09:00,265.0,265.05,265.0,265.05,47250,89025752
TATAPOWER_F1,29-09-2023,14:10:00,265.0,265.0,264.85,264.95,70875,89025752
TATAPOWER_F1,29-09-2023,14:11:00,264.85,264.85,264.85,264.85,10125,89025752
TATAPOWER_F1,29-09-2023,14:12:00,264.85,264.9,264.85,264.85,27000,88992000
TATAPOWER_F1,29-09-2023,14:13:00,264.85,264.85,264.7,264.7,74250,88992000
TATAPOWER_F1,29-09-2023,14:14:00,264.75,264.95,264.75,264.95,64125,88992000
TATAPOWER_F1,29-09-2023,14:15:00,264.85,264.95,264.85,264.9,20250,89025752
TATAPOWER_F1,29-09-2023,14:16:00,264.9,265.0,264.9,265.0,13500,89025752
TATAPOWER_F1,29-09-2023,14:17:00,265.0,265.05,264.9,264.9,23625,89025752
TATAPOWER_F1,29-09-2023,14:18:00,264.9,264.9,264.8,264.8,77625,89032496
TATAPOWER_F1,29-09-2023,14:19:00,264.95,265.15,264.95,265.15,30375,89032496
TATAPOWER_F1,29-09-2023,14:20:00,265.05,265.05,264.9,264.9,20250,89032496
TATAPOWER_F1,29-09-2023,14:21:00,265.0,265.0,264.85,264.85,40500,89059504
TATAPOWER_F1,29-09-2023,14:22:00,264.95,265.05,264.8,265.05,40500,89059504
TATAPOWER_F1,29-09-2023,14:23:00,265.1,265.1,264.9,264.9,30375,89059504
TATAPOWER_F1,29-09-2023,14:24:00,264.95,264.95,264.75,264.85,94500,89066248
TATAPOWER_F1,29-09-2023,14:25:00,264.75,264.75,264.65,264.65,27000,89066248
TATAPOWER_F1,29-09-2023,14:26:00,264.75,264.75,264.7,264.7,16875,89066248
TATAPOWER_F1,29-09-2023,14:27:00,264.7,264.7,264.6,264.6,47250,89143872
TATAPOWER_F1,29-09-2023,14:28:00,264.9,264.9,264.75,264.85,40500,89143872
TATAPOWER_F1,29-09-2023,14:29:00,264.75,264.75,264.6,264.7,13500,89143872
TATAPOWER_F1,29-09-2023,14:30:00,264.7,264.8,264.7,264.8,20250,89164128
TATAPOWER_F1,29-09-2023,14:31:00,264.9,264.9,264.9,264.9,10125,89164128
TATAPOWER_F1,29-09-2023,14:32:00,264.9,265.0,264.9,265.0,43875,89164128
TATAPOWER_F1,29-09-2023,14:33:00,264.9,264.9,264.85,264.85,20250,89187752
TATAPOWER_F1,29-09-2023,14:34:00,264.85,264.85,264.85,264.85,16875,89187752
TATAPOWER_F1,29-09-2023,14:35:00,264.85,264.9,264.85,264.9,23625,89187752
TATAPOWER_F1,29-09-2023,14:36:00,264.9,265.0,264.9,265.0,16875,89201248
TATAPOWER_F1,29-09-2023,14:37:00,265.0,265.0,265.0,265.0,6750,89201248
TATAPOWER_F1,29-09-2023,14:38:00,264.9,265.1,264.9,265.1,33750,89201248
TATAPOWER_F1,29-09-2023,14:40:00,265.05,265.05,265.0,265.0,16875,89201248
TATAPOWER_F1,29-09-2023,14:41:00,265.05,265.05,264.9,264.9,10125,89201248
TATAPOWER_F1,29-09-2023,14:42:00,264.9,264.9,264.9,264.9,13500,89214752
TATAPOWER_F1,29-09-2023,14:43:00,264.9,265.1,264.9,265.1,33750,89214752
TATAPOWER_F1,29-09-2023,14:44:00,265.2,265.2,265.15,265.15,16875,89214752
TATAPOWER_F1,29-09-2023,14:45:00,265.15,265.15,265.0,265.0,16875,89191128
TATAPOWER_F1,29-09-2023,14:46:00,265.05,265.05,265.05,265.05,16875,89191128
TATAPOWER_F1,29-09-2023,14:47:00,265.0,265.2,265.0,265.1,33750,89191128
TATAPOWER_F1,29-09-2023,14:48:00,265.15,265.2,265.15,265.2,47250,89191128
TATAPOWER_F1,29-09-2023,14:49:00,265.05,265.15,264.95,264.95,70875,89191128
TATAPOWER_F1,29-09-2023,14:50:00,264.7,265.0,264.65,265.0,57375,89191128
TATAPOWER_F1,29-09-2023,14:51:00,264.9,264.9,264.9,264.9,3375,89251872
TATAPOWER_F1,29-09-2023,14:52:00,264.8,264.8,264.8,264.8,6750,89251872
TATAPOWER_F1,29-09-2023,14:53:00,264.7,264.7,264.7,264.7,57375,89251872
TATAPOWER_F1,29-09-2023,14:54:00,264.65,264.75,264.65,264.75,20250,89262000
TATAPOWER_F1,29-09-2023,14:55:00,264.6,264.6,264.45,264.45,138375,89262000
TATAPOWER_F1,29-09-2023,14:56:00,264.5,264.55,264.5,264.55,101250,89262000
TATAPOWER_F1,29-09-2023,14:57:00,264.65,264.65,264.65,264.65,13500,89208000
TATAPOWER_F1,29-09-2023,14:58:00,264.6,264.6,264.5,264.5,27000,89208000
TATAPOWER_F1,29-09-2023,14:59:00,264.6,264.7,264.6,264.7,23625,89208000
TATAPOWER_F1,29-09-2023,15:00:00,264.75,264.8,264.7,264.7,43875,89197872
TATAPOWER_F1,29-09-2023,15:01:00,264.65,264.65,264.5,264.5,30375,89197872
TATAPOWER_F1,29-09-2023,15:02:00,264.3,264.3,264.25,264.3,74250,89197872
TATAPOWER_F1,29-09-2023,15:03:00,264.25,264.25,264.15,264.15,47250,89170872
TATAPOWER_F1,29-09-2023,15:04:00,264.0,264.15,264.0,264.15,175500,89170872
TATAPOWER_F1,29-09-2023,15:05:00,263.65,263.9,263.65,263.9,421875,89170872
TATAPOWER_F1,29-09-2023,15:06:00,263.95,263.95,263.75,263.75,121500,88904248
TATAPOWER_F1,29-09-2023,15:07:00,263.65,263.65,263.55,263.55,118125,88904248
TATAPOWER_F1,29-09-2023,15:08:00,263.35,263.5,263.35,263.5,84375,88904248
TATAPOWER_F1,29-09-2023,15:09:00,263.45,263.65,263.45,263.65,60750,88911000
TATAPOWER_F1,29-09-2023,15:10:00,263.5,263.65,263.5,263.65,60750,88911000
TATAPOWER_F1,29-09-2023,15:11:00,263.5,263.7,263.5,263.65,27000,88911000
TATAPOWER_F1,29-09-2023,15:12:00,263.55,263.7,263.5,263.7,70875,88900872
TATAPOWER_F1,29-09-2023,15:13:00,263.7,263.75,263.6,263.6,33750,88900872
TATAPOWER_F1,29-09-2023,15:14:00,263.65,263.7,263.65,263.7,40500,88900872
TATAPOWER_F1,29-09-2023,15:15:00,263.6,263.75,263.6,263.75,135000,88863752
TATAPOWER_F1,29-09-2023,15:16:00,263.8,263.85,263.8,263.85,67500,88863752
TATAPOWER_F1,29-09-2023,15:17:00,263.9,263.9,263.9,263.9,135000,88863752
TATAPOWER_F1,29-09-2023,15:18:00,264.1,264.1,264.1,264.1,70875,88786128
TATAPOWER_F1,29-09-2023,15:19:00,263.85,264.1,263.85,264.1,81000,88786128
TATAPOWER_F1,29-09-2023,15:20:00,264.1,264.3,264.1,264.3,81000,88786128
TATAPOWER_F1,29-09-2023,15:21:00,264.1,264.2,264.1,264.2,212625,88695000
TATAPOWER_F1,29-09-2023,15:22:00,264.1,264.1,263.85,263.85,54000,88695000
TATAPOWER_F1,29-09-2023,15:23:00,263.95,263.95,263.9,263.95,114750,88695000
TATAPOWER_F1,29-09-2023,15:24:00,263.95,264.05,263.95,264.0,94500,88843504
TATAPOWER_F1,29-09-2023,15:25:00,264.05,264.05,264.0,264.0,84375,88843504
TATAPOWER_F1,29-09-2023,15:26:00,264.15,264.15,264.05,264.05,47250,88843504
TATAPOWER_F1,29-09-2023,15:27:00,264.1,264.15,264.1,264.15,124875,88853624
TATAPOWER_F1,29-09-2023,15:28:00,264.1,264.1,264.1,264.1,101250,88853624
TATAPOWER_F1,29-09-2023,15:29:00,264.1,264.15,264.1,264.15,91125,88853624
TATAPOWER_F1,29-09-2023,15:30:00,264.15,264.15,264.15,264.15,3375,88853624
