<ticker>,<date>,<time>,<open>,<high>,<low>,<close>,<volume>,<o/i> 
ABFRL_F2,07/01/2022,09:20:00,237.40,237.40,237.40,237.40,2601,145600
ABFRL_F2,07/01/2022,12:09:00,241.10,241.10,241.10,241.10,2600,145600
ABFRL_F2,07/01/2022,12:10:00,241.35,241.35,241.35,241.35,2600,145600
ABFRL_F2,07/01/2022,12:22:00,241.35,241.35,241.35,241.35,2600,145600
ABFRL_F2,07/01/2022,13:41:00,240.90,240.90,240.90,240.90,2600,145600
ABFRL_F2,07/01/2022,14:46:00,241.10,241.10,241.10,241.10,2600,148200
ABFRL_F2,07/01/2022,15:05:00,242.30,242.30,242.30,242.30,2600,148200
ABFRL_F2,07/01/2022,15:16:00,243.60,243.60,243.60,243.60,5200,150800
ABFRL_F2,07/01/2022,15:18:00,243.60,243.60,243.60,243.60,2600,153400
ABFRL_F2,07/04/2022,09:17:00,244.05,244.05,244.05,244.05,2601,153400
ABFRL_F2,07/04/2022,09:18:00,245.00,245.00,245.00,245.00,2600,153400
ABFRL_F2,07/04/2022,09:19:00,245.00,245.00,245.00,245.00,2600,153400
ABFRL_F2,07/04/2022,09:23:00,246.05,246.05,246.05,246.05,5200,153400
ABFRL_F2,07/04/2022,09:24:00,246.30,246.40,246.30,246.40,5200,158600
ABFRL_F2,07/04/2022,09:25:00,246.40,246.40,246.40,246.40,5200,158600
ABFRL_F2,07/04/2022,09:28:00,246.55,246.55,246.55,246.55,2600,163800
ABFRL_F2,07/04/2022,09:31:00,246.80,246.80,246.80,246.80,2600,163800
ABFRL_F2,07/04/2022,09:32:00,246.80,246.80,246.80,246.80,2600,163800
ABFRL_F2,07/04/2022,09:42:00,246.80,246.80,246.80,246.80,2600,166400
ABFRL_F2,07/04/2022,09:46:00,246.80,246.80,246.80,246.80,2600,166400
ABFRL_F2,07/04/2022,09:51:00,247.20,247.20,247.20,247.20,2600,166400
ABFRL_F2,07/04/2022,09:52:00,247.20,247.20,247.20,247.20,2600,166400
ABFRL_F2,07/04/2022,10:07:00,247.20,247.20,247.20,247.20,2600,166400
ABFRL_F2,07/04/2022,10:10:00,247.40,247.40,247.40,247.40,2600,166400
ABFRL_F2,07/04/2022,10:14:00,247.40,247.40,247.40,247.40,2600,169000
ABFRL_F2,07/04/2022,10:20:00,247.70,247.70,247.70,247.70,2600,169000
ABFRL_F2,07/04/2022,10:21:00,248.25,248.25,248.25,248.25,7800,169000
ABFRL_F2,07/04/2022,10:25:00,248.50,248.55,248.50,248.55,7800,169000
ABFRL_F2,07/04/2022,10:26:00,248.65,248.65,248.65,248.65,2600,169000
ABFRL_F2,07/04/2022,10:27:00,248.65,248.65,248.65,248.65,2600,169000
ABFRL_F2,07/04/2022,10:31:00,248.65,248.65,248.65,248.65,2600,171600
ABFRL_F2,07/04/2022,10:32:00,248.40,248.40,248.20,248.20,7800,171600
ABFRL_F2,07/04/2022,10:36:00,248.55,248.55,248.55,248.55,2600,176800
ABFRL_F2,07/04/2022,10:42:00,248.00,248.00,248.00,248.00,2600,174200
ABFRL_F2,07/04/2022,10:45:00,248.20,248.20,248.20,248.20,2600,174200
ABFRL_F2,07/04/2022,10:46:00,248.35,248.35,248.35,248.35,2600,176800
ABFRL_F2,07/04/2022,10:47:00,248.70,248.70,248.70,248.70,5200,176800
ABFRL_F2,07/04/2022,10:48:00,248.70,248.70,248.70,248.70,2600,176800
ABFRL_F2,07/04/2022,10:52:00,248.00,248.00,248.00,248.00,2600,176800
ABFRL_F2,07/04/2022,10:53:00,248.15,248.15,248.15,248.15,7800,176800
ABFRL_F2,07/04/2022,11:00:00,248.70,248.70,248.70,248.70,2600,184600
ABFRL_F2,07/04/2022,11:06:00,249.15,249.15,249.15,249.15,2600,184600
ABFRL_F2,07/04/2022,11:13:00,249.15,249.15,249.15,249.15,5200,184600
ABFRL_F2,07/04/2022,11:14:00,248.60,248.60,248.60,248.60,5200,182000
ABFRL_F2,07/04/2022,11:17:00,248.55,248.55,248.55,248.55,15600,182000
ABFRL_F2,07/04/2022,11:18:00,248.65,249.05,248.65,249.05,7800,195000
ABFRL_F2,07/04/2022,11:37:00,248.95,248.95,248.95,248.95,2600,200200
ABFRL_F2,07/04/2022,11:40:00,248.90,248.90,248.90,248.90,2600,197600
ABFRL_F2,07/04/2022,11:48:00,249.30,249.30,249.30,249.30,2600,200200
ABFRL_F2,07/04/2022,11:50:00,249.50,249.55,249.50,249.55,5200,197600
ABFRL_F2,07/04/2022,11:54:00,249.55,249.55,249.55,249.55,2600,197600
ABFRL_F2,07/04/2022,12:01:00,249.55,249.55,249.55,249.55,2600,202800
ABFRL_F2,07/04/2022,12:57:00,249.20,249.20,249.20,249.20,2600,200200
ABFRL_F2,07/04/2022,13:16:00,248.80,248.80,248.80,248.80,5200,202800
ABFRL_F2,07/04/2022,13:52:00,248.35,248.35,248.35,248.35,5200,197600
ABFRL_F2,07/04/2022,13:53:00,248.50,248.50,248.50,248.50,2600,197600
ABFRL_F2,07/04/2022,14:16:00,248.95,248.95,248.95,248.95,2600,200200
ABFRL_F2,07/04/2022,14:20:00,249.20,249.20,249.20,249.20,5200,197600
ABFRL_F2,07/04/2022,14:38:00,249.30,249.30,249.30,249.30,2600,197600
ABFRL_F2,07/04/2022,14:44:00,249.80,249.95,249.80,249.95,10400,197600
ABFRL_F2,07/04/2022,14:45:00,249.55,249.55,249.30,249.30,13000,192400
ABFRL_F2,07/04/2022,14:50:00,249.10,249.10,249.10,249.10,2600,187200
ABFRL_F2,07/04/2022,14:55:00,249.60,249.60,249.60,249.60,2600,189800
ABFRL_F2,07/04/2022,14:56:00,250.15,250.15,250.15,250.15,5200,189800
ABFRL_F2,07/04/2022,15:21:00,250.15,250.15,250.15,250.15,2600,189800
ABFRL_F2,07/04/2022,15:22:00,250.00,250.25,250.00,250.25,5200,189800
ABFRL_F2,07/04/2022,15:25:00,250.25,250.25,250.25,250.25,7800,192400
ABFRL_F2,07/04/2022,15:26:00,249.55,249.60,249.55,249.60,5200,192400
ABFRL_F2,07/04/2022,15:27:00,249.40,249.40,249.40,249.40,7800,192400
ABFRL_F2,07/05/2022,09:25:00,248.00,248.00,248.00,248.00,2601,192400
ABFRL_F2,07/05/2022,09:28:00,248.45,248.45,248.45,248.45,2600,189800
ABFRL_F2,07/05/2022,09:41:00,249.70,249.70,249.70,249.70,10400,189800
ABFRL_F2,07/05/2022,09:42:00,249.70,249.70,249.70,249.70,2600,189800
ABFRL_F2,07/05/2022,09:50:00,248.50,248.50,248.30,248.30,10400,189800
ABFRL_F2,07/05/2022,09:55:00,247.75,247.75,247.75,247.75,2600,195000
ABFRL_F2,07/05/2022,09:57:00,247.20,247.20,247.20,247.20,2600,197600
ABFRL_F2,07/05/2022,10:09:00,246.65,246.65,246.65,246.65,2600,200200
ABFRL_F2,07/05/2022,10:18:00,246.65,246.65,246.65,246.65,2600,202800
ABFRL_F2,07/05/2022,10:25:00,248.10,248.10,248.10,248.10,2600,205400
ABFRL_F2,07/05/2022,10:27:00,248.35,248.35,248.35,248.35,2600,208000
ABFRL_F2,07/05/2022,10:42:00,248.85,248.85,248.85,248.85,2600,208000
ABFRL_F2,07/05/2022,10:43:00,249.00,249.00,249.00,249.00,2600,208000
ABFRL_F2,07/05/2022,10:54:00,248.10,248.10,248.10,248.10,2600,208000
ABFRL_F2,07/05/2022,10:59:00,248.35,248.35,248.35,248.35,2600,208000
ABFRL_F2,07/05/2022,11:15:00,248.10,248.10,248.10,248.10,2600,208000
ABFRL_F2,07/05/2022,12:27:00,249.10,249.10,249.10,249.10,5200,210600
ABFRL_F2,07/05/2022,12:29:00,248.90,248.90,248.90,248.90,2600,210600
ABFRL_F2,07/05/2022,12:40:00,248.90,248.90,248.90,248.90,2600,218400
ABFRL_F2,07/05/2022,12:42:00,248.25,248.25,248.25,248.25,2600,215800
ABFRL_F2,07/05/2022,12:43:00,248.55,248.55,248.55,248.55,2600,215800
ABFRL_F2,07/05/2022,13:08:00,248.20,248.20,248.20,248.20,5200,215800
ABFRL_F2,07/05/2022,13:15:00,248.10,248.10,248.10,248.10,2600,192400
ABFRL_F2,07/05/2022,13:45:00,247.40,247.40,247.40,247.40,2600,192400
ABFRL_F2,07/05/2022,13:51:00,246.65,246.65,246.65,246.65,2600,192400
ABFRL_F2,07/05/2022,13:55:00,246.00,246.00,246.00,246.00,2600,195000
ABFRL_F2,07/05/2022,14:07:00,245.60,245.60,245.60,245.60,2600,197600
ABFRL_F2,07/05/2022,14:26:00,245.20,245.20,245.20,245.20,2600,200200
ABFRL_F2,07/05/2022,14:42:00,243.80,243.80,243.80,243.80,2600,202800
ABFRL_F2,07/05/2022,14:43:00,243.80,243.80,243.80,243.80,2600,205400
ABFRL_F2,07/05/2022,14:45:00,244.20,244.20,244.20,244.20,2600,208000
ABFRL_F2,07/05/2022,14:51:00,244.00,244.00,244.00,244.00,2600,210600
ABFRL_F2,07/05/2022,15:02:00,243.00,243.00,243.00,243.00,10400,210600
ABFRL_F2,07/05/2022,15:03:00,243.00,243.00,243.00,243.00,2600,210600
ABFRL_F2,07/05/2022,15:15:00,243.00,243.00,243.00,243.00,2600,221000
ABFRL_F2,07/05/2022,15:17:00,243.00,243.00,243.00,243.00,2600,223600
ABFRL_F2,07/05/2022,15:20:00,243.35,243.35,243.35,243.35,2600,223600
ABFRL_F2,07/05/2022,15:21:00,243.10,243.10,243.10,243.10,5200,226200
ABFRL_F2,07/05/2022,15:22:00,243.20,243.20,243.20,243.20,2600,226200
ABFRL_F2,07/05/2022,15:24:00,243.10,243.10,243.10,243.10,2600,226200
ABFRL_F2,07/05/2022,15:30:00,242.00,242.00,242.00,242.00,5200,223600
ABFRL_F2,07/06/2022,09:42:00,238.00,238.00,238.00,238.00,2601,221000
ABFRL_F2,07/06/2022,09:48:00,239.50,239.50,239.50,239.50,10400,223600
ABFRL_F2,07/06/2022,09:56:00,239.50,239.50,239.50,239.50,2600,234000
ABFRL_F2,07/06/2022,10:05:00,238.75,238.75,238.75,238.75,2600,234000
ABFRL_F2,07/06/2022,10:07:00,238.50,238.50,238.50,238.50,2600,234000
ABFRL_F2,07/06/2022,10:18:00,240.35,240.35,240.35,240.35,2600,231400
ABFRL_F2,07/06/2022,10:21:00,240.35,240.35,240.35,240.35,5200,231400
ABFRL_F2,07/06/2022,10:36:00,239.00,239.00,239.00,239.00,2600,236600
ABFRL_F2,07/06/2022,11:05:00,239.10,239.10,239.10,239.10,2600,239200
ABFRL_F2,07/06/2022,11:22:00,240.00,240.00,240.00,240.00,2600,241800
ABFRL_F2,07/06/2022,11:29:00,240.50,240.50,240.50,240.50,2600,241800
ABFRL_F2,07/06/2022,11:38:00,240.50,240.50,240.50,240.50,2600,241800
ABFRL_F2,07/06/2022,12:55:00,241.25,241.25,241.25,241.25,2600,241800
ABFRL_F2,07/06/2022,13:09:00,241.25,241.25,241.25,241.25,2600,244400
ABFRL_F2,07/06/2022,13:10:00,241.55,241.55,241.55,241.55,10400,244400
ABFRL_F2,07/06/2022,13:14:00,241.55,241.55,241.55,241.55,2600,247000
ABFRL_F2,07/06/2022,13:15:00,241.00,241.00,241.00,241.00,5200,249600
ABFRL_F2,07/06/2022,13:16:00,241.00,241.00,241.00,241.00,2600,249600
ABFRL_F2,07/06/2022,13:24:00,242.40,242.40,242.40,242.40,2600,254800
ABFRL_F2,07/06/2022,13:29:00,242.40,242.40,242.40,242.40,2600,254800
ABFRL_F2,07/06/2022,13:38:00,242.50,242.50,242.50,242.50,2600,257400
ABFRL_F2,07/06/2022,13:51:00,242.50,242.50,242.50,242.50,2600,260000
ABFRL_F2,07/06/2022,13:54:00,242.70,242.70,242.70,242.70,10400,260000
ABFRL_F2,07/06/2022,14:09:00,242.70,242.70,242.70,242.70,10400,270400
ABFRL_F2,07/06/2022,14:25:00,242.05,242.05,242.05,242.05,2600,260000
ABFRL_F2,07/06/2022,14:40:00,244.15,244.15,244.15,244.15,2600,262600
ABFRL_F2,07/06/2022,14:55:00,244.15,244.15,244.15,244.15,2600,260000
ABFRL_F2,07/06/2022,14:57:00,244.50,244.50,244.50,244.50,5200,260000
ABFRL_F2,07/06/2022,14:59:00,244.50,244.50,244.50,244.50,2600,257400
ABFRL_F2,07/06/2022,15:01:00,244.70,244.70,244.70,244.70,2600,257400
ABFRL_F2,07/06/2022,15:07:00,244.85,244.85,244.85,244.85,2600,257400
ABFRL_F2,07/06/2022,15:08:00,244.85,244.85,244.85,244.85,10400,257400
ABFRL_F2,07/06/2022,15:11:00,245.15,245.15,245.15,245.15,2600,267800
ABFRL_F2,07/06/2022,15:15:00,245.15,245.15,245.15,245.15,2600,267800
ABFRL_F2,07/06/2022,15:16:00,244.05,244.05,244.05,244.05,2600,267800
ABFRL_F2,07/06/2022,15:20:00,245.10,245.10,245.10,245.10,2600,262600
ABFRL_F2,07/06/2022,15:21:00,245.20,245.20,245.20,245.20,2600,262600
ABFRL_F2,07/06/2022,15:22:00,245.20,245.20,245.20,245.20,5200,257400
ABFRL_F2,07/06/2022,15:23:00,245.25,245.25,245.25,245.25,2600,257400
ABFRL_F2,07/06/2022,15:25:00,245.50,245.50,245.50,245.50,2600,249600
ABFRL_F2,07/07/2022,09:18:00,248.00,248.00,248.00,248.00,2601,252200
ABFRL_F2,07/07/2022,10:30:00,248.15,248.15,248.15,248.15,2600,252200
ABFRL_F2,07/07/2022,10:35:00,248.40,248.40,248.40,248.40,2600,254800
ABFRL_F2,07/07/2022,10:48:00,248.40,248.40,248.40,248.40,2600,257400
ABFRL_F2,07/07/2022,10:57:00,247.80,247.80,247.80,247.80,2600,257400
ABFRL_F2,07/07/2022,11:25:00,248.45,248.45,248.45,248.45,2600,260000
ABFRL_F2,07/07/2022,11:37:00,247.80,247.80,247.80,247.80,2600,260000
ABFRL_F2,07/07/2022,11:50:00,248.65,248.65,248.65,248.65,18200,262600
ABFRL_F2,07/07/2022,12:26:00,248.65,248.65,248.65,248.65,5200,262600
ABFRL_F2,07/07/2022,12:36:00,247.60,247.60,247.60,247.60,2600,262600
ABFRL_F2,07/07/2022,12:39:00,250.00,250.00,250.00,250.00,2600,260000
ABFRL_F2,07/07/2022,12:41:00,252.00,252.00,252.00,252.00,23400,260000
ABFRL_F2,07/07/2022,12:43:00,251.50,251.50,251.50,251.50,5200,270400
ABFRL_F2,07/07/2022,12:44:00,251.85,251.85,251.85,251.85,2600,270400
ABFRL_F2,07/07/2022,12:45:00,250.75,250.75,250.75,250.75,2600,270400
ABFRL_F2,07/07/2022,12:48:00,253.25,253.25,253.25,253.25,20800,273000
ABFRL_F2,07/07/2022,12:50:00,253.25,253.25,252.75,252.75,5200,273000
ABFRL_F2,07/07/2022,12:51:00,253.50,253.50,253.50,253.50,2600,260000
ABFRL_F2,07/07/2022,13:01:00,253.50,253.50,253.50,253.50,5200,260000
ABFRL_F2,07/07/2022,13:06:00,252.50,252.50,252.50,252.50,2600,262600
ABFRL_F2,07/07/2022,13:07:00,252.65,252.65,252.65,252.65,2600,262600
ABFRL_F2,07/07/2022,13:11:00,251.95,251.95,251.95,251.95,10400,265200
ABFRL_F2,07/07/2022,13:14:00,252.15,252.15,252.15,252.15,2600,254800
ABFRL_F2,07/07/2022,13:21:00,252.75,252.75,252.75,252.75,10400,257400
ABFRL_F2,07/07/2022,13:30:00,252.40,252.45,252.40,252.45,13000,262600
ABFRL_F2,07/07/2022,13:39:00,252.45,252.45,252.45,252.45,2600,257400
ABFRL_F2,07/07/2022,13:46:00,252.45,252.45,252.45,252.45,2600,260000
ABFRL_F2,07/07/2022,14:09:00,250.50,250.50,250.50,250.50,5200,260000
ABFRL_F2,07/07/2022,14:11:00,249.70,249.70,249.70,249.70,7800,262600
ABFRL_F2,07/07/2022,14:52:00,250.05,250.05,250.05,250.05,2600,254800
ABFRL_F2,07/07/2022,14:54:00,250.10,250.10,250.10,250.10,2600,254800
ABFRL_F2,07/07/2022,15:03:00,251.70,251.70,251.70,251.70,2600,252200
ABFRL_F2,07/07/2022,15:05:00,251.65,251.65,251.65,251.65,5200,252200
ABFRL_F2,07/07/2022,15:07:00,252.05,252.05,252.05,252.05,5200,254800
ABFRL_F2,07/07/2022,15:09:00,251.85,251.85,251.85,251.85,2600,254800
ABFRL_F2,07/07/2022,15:12:00,251.75,251.75,251.75,251.75,2600,252200
ABFRL_F2,07/07/2022,15:16:00,252.00,252.00,252.00,252.00,7800,249600
ABFRL_F2,07/07/2022,15:17:00,251.85,252.20,251.85,252.20,5200,249600
ABFRL_F2,07/07/2022,15:23:00,251.75,251.75,251.75,251.75,5200,244400
ABFRL_F2,07/07/2022,15:24:00,251.85,251.85,251.85,251.85,2600,244400
ABFRL_F2,07/08/2022,09:16:00,252.50,252.50,252.50,252.50,2601,247000
ABFRL_F2,07/08/2022,09:18:00,251.10,251.10,251.10,251.10,5200,244400
ABFRL_F2,07/08/2022,09:20:00,251.10,251.10,250.80,250.80,5200,241800
ABFRL_F2,07/08/2022,09:27:00,250.80,250.80,250.80,250.80,2600,244400
ABFRL_F2,07/08/2022,09:39:00,251.40,251.40,251.40,251.40,2600,247000
ABFRL_F2,07/08/2022,09:46:00,251.35,251.35,251.35,251.35,10400,244400
ABFRL_F2,07/08/2022,09:51:00,250.75,250.75,250.75,250.75,7800,236600
ABFRL_F2,07/08/2022,09:54:00,250.00,250.00,250.00,250.00,10400,236600
ABFRL_F2,07/08/2022,10:00:00,250.00,250.00,250.00,250.00,2600,228800
ABFRL_F2,07/08/2022,10:12:00,249.95,249.95,249.95,249.95,2600,228800
ABFRL_F2,07/08/2022,10:17:00,249.65,249.65,249.65,249.65,2600,228800
ABFRL_F2,07/08/2022,10:21:00,249.65,249.65,249.65,249.65,2600,231400
ABFRL_F2,07/08/2022,10:24:00,249.90,249.90,249.90,249.90,2600,228800
ABFRL_F2,07/08/2022,10:27:00,250.15,250.15,250.15,250.15,2600,231400
ABFRL_F2,07/08/2022,10:29:00,250.00,250.00,250.00,250.00,2600,231400
ABFRL_F2,07/08/2022,11:29:00,249.85,249.85,249.85,249.85,2600,228800
ABFRL_F2,07/08/2022,11:33:00,250.40,250.40,250.40,250.40,2600,231400
ABFRL_F2,07/08/2022,11:34:00,249.70,249.70,249.70,249.70,5200,231400
ABFRL_F2,07/08/2022,11:45:00,250.20,250.20,250.20,250.20,2600,234000
ABFRL_F2,07/08/2022,12:04:00,249.60,249.60,249.60,249.60,2600,236600
ABFRL_F2,07/08/2022,12:40:00,249.60,249.60,249.60,249.60,2600,236600
ABFRL_F2,07/08/2022,12:46:00,252.30,252.30,252.30,252.30,2600,239200
ABFRL_F2,07/08/2022,13:01:00,251.55,251.55,251.55,251.55,2600,239200
ABFRL_F2,07/08/2022,13:16:00,252.80,252.80,252.80,252.80,2600,241800
ABFRL_F2,07/08/2022,13:36:00,253.20,253.20,253.20,253.20,2600,239200
ABFRL_F2,07/08/2022,13:44:00,253.60,253.60,253.60,253.60,2600,239200
ABFRL_F2,07/08/2022,13:50:00,253.60,253.60,253.60,253.60,2600,239200
ABFRL_F2,07/08/2022,13:53:00,252.90,252.90,252.90,252.90,2600,241800
ABFRL_F2,07/08/2022,13:54:00,253.20,253.20,253.20,253.20,2600,241800
ABFRL_F2,07/08/2022,13:58:00,252.80,252.80,252.80,252.80,7800,244400
ABFRL_F2,07/08/2022,14:00:00,252.20,252.20,252.20,252.20,2600,244400
ABFRL_F2,07/08/2022,14:07:00,252.45,252.45,252.45,252.45,5200,247000
ABFRL_F2,07/08/2022,14:17:00,252.25,252.25,252.25,252.25,5200,247000
ABFRL_F2,07/08/2022,14:20:00,251.75,251.75,251.75,251.75,2600,247000
ABFRL_F2,07/08/2022,14:24:00,251.65,251.65,251.65,251.65,2600,244400
ABFRL_F2,07/08/2022,14:45:00,251.80,251.80,251.80,251.80,2600,244400
ABFRL_F2,07/08/2022,14:56:00,252.60,252.60,252.60,252.60,15600,241800
ABFRL_F2,07/08/2022,14:59:00,253.00,253.00,253.00,253.00,2600,249600
ABFRL_F2,07/08/2022,15:00:00,253.15,253.40,253.15,253.40,10400,249600
ABFRL_F2,07/08/2022,15:01:00,253.95,254.00,253.95,254.00,5200,249600
ABFRL_F2,07/08/2022,15:02:00,254.75,254.75,254.75,254.75,2600,249600
ABFRL_F2,07/08/2022,15:03:00,255.00,255.00,255.00,255.00,10400,247000
ABFRL_F2,07/08/2022,15:04:00,255.55,255.55,254.70,254.70,23400,247000
ABFRL_F2,07/08/2022,15:08:00,254.45,254.45,254.45,254.45,2600,239200
ABFRL_F2,07/08/2022,15:09:00,254.60,254.60,254.60,254.60,5200,239200
ABFRL_F2,07/08/2022,15:11:00,254.60,254.60,254.60,254.60,5200,241800
ABFRL_F2,07/08/2022,15:14:00,254.35,254.35,254.35,254.35,2600,241800
ABFRL_F2,07/08/2022,15:16:00,254.00,254.00,254.00,254.00,5200,241800
ABFRL_F2,07/08/2022,15:20:00,253.95,254.10,253.95,254.10,7800,244400
ABFRL_F2,07/08/2022,15:22:00,254.05,254.05,254.05,254.05,2600,247000
ABFRL_F2,07/08/2022,15:23:00,254.05,254.40,254.05,254.40,10400,247000
ABFRL_F2,07/08/2022,15:26:00,254.50,254.50,254.50,254.50,2600,247000
ABFRL_F2,07/11/2022,09:16:00,252.50,252.50,252.50,252.50,2601,257400
ABFRL_F2,07/11/2022,09:18:00,254.00,254.00,254.00,254.00,2600,257400
ABFRL_F2,07/11/2022,09:19:00,254.50,254.50,254.50,254.50,2600,257400
ABFRL_F2,07/11/2022,09:20:00,254.50,254.50,254.50,254.50,5200,260000
ABFRL_F2,07/11/2022,09:22:00,255.80,255.80,255.80,255.80,7800,260000
ABFRL_F2,07/11/2022,09:24:00,256.25,256.25,256.25,256.25,2600,267800
ABFRL_F2,07/11/2022,09:27:00,257.40,257.40,257.40,257.40,7800,270400
ABFRL_F2,07/11/2022,09:29:00,256.75,256.75,256.75,256.75,2600,270400
ABFRL_F2,07/11/2022,09:31:00,257.90,258.20,257.90,258.20,10400,262600
ABFRL_F2,07/11/2022,09:33:00,258.95,258.95,258.95,258.95,10400,270400
ABFRL_F2,07/11/2022,09:34:00,258.20,258.20,257.50,257.50,5200,270400
ABFRL_F2,07/11/2022,09:37:00,258.40,258.40,258.40,258.40,2600,280800
ABFRL_F2,07/11/2022,09:40:00,258.65,258.65,258.65,258.65,10400,280800
ABFRL_F2,07/11/2022,09:41:00,259.65,259.65,259.65,259.65,2600,280800
ABFRL_F2,07/11/2022,09:44:00,259.65,259.65,259.65,259.65,2600,273000
ABFRL_F2,07/11/2022,09:45:00,259.50,259.50,259.50,259.50,2600,273000
ABFRL_F2,07/11/2022,09:46:00,259.25,259.25,259.25,259.25,2600,273000
ABFRL_F2,07/11/2022,09:47:00,258.30,258.30,258.30,258.30,2600,270400
ABFRL_F2,07/11/2022,09:48:00,258.25,258.25,258.25,258.25,2600,270400
ABFRL_F2,07/11/2022,09:52:00,259.20,259.20,259.20,259.20,5200,270400
ABFRL_F2,07/11/2022,09:54:00,258.00,258.00,258.00,258.00,7800,273000
ABFRL_F2,07/11/2022,09:55:00,258.30,258.30,258.25,258.25,5200,273000
ABFRL_F2,07/11/2022,09:56:00,259.10,259.10,259.10,259.10,2600,275600
ABFRL_F2,07/11/2022,10:02:00,258.45,258.45,258.45,258.45,2600,278200
ABFRL_F2,07/11/2022,10:12:00,258.50,258.50,258.50,258.50,2600,275600
ABFRL_F2,07/11/2022,10:26:00,258.15,258.15,258.15,258.15,5200,275600
ABFRL_F2,07/11/2022,10:48:00,258.05,258.05,258.05,258.05,5200,273000
ABFRL_F2,07/11/2022,10:57:00,258.10,258.10,258.10,258.10,2600,278200
ABFRL_F2,07/11/2022,10:58:00,259.00,259.00,259.00,259.00,2600,278200
ABFRL_F2,07/11/2022,11:10:00,259.00,259.00,259.00,259.00,2600,283400
ABFRL_F2,07/11/2022,11:25:00,258.00,258.00,257.90,257.90,5200,286000
ABFRL_F2,07/11/2022,11:30:00,257.95,257.95,257.95,257.95,2600,288600
ABFRL_F2,07/11/2022,11:31:00,258.10,258.10,258.10,258.10,2600,288600
ABFRL_F2,07/11/2022,11:58:00,257.95,257.95,257.95,257.95,2600,291200
ABFRL_F2,07/11/2022,12:19:00,259.00,259.00,259.00,259.00,2600,288600
ABFRL_F2,07/11/2022,12:23:00,260.05,260.05,260.05,260.05,2600,288600
ABFRL_F2,07/11/2022,12:24:00,260.05,260.05,260.05,260.05,2600,291200
ABFRL_F2,07/11/2022,12:28:00,259.90,259.90,259.90,259.90,2600,288600
ABFRL_F2,07/11/2022,12:30:00,260.05,260.05,260.05,260.05,5200,288600
ABFRL_F2,07/11/2022,12:37:00,260.00,260.00,260.00,260.00,2600,286000
ABFRL_F2,07/11/2022,13:00:00,259.40,259.40,259.40,259.40,5200,288600
ABFRL_F2,07/11/2022,13:07:00,260.25,260.25,260.25,260.25,2600,288600
ABFRL_F2,07/11/2022,13:11:00,260.25,260.25,260.25,260.25,5200,291200
ABFRL_F2,07/11/2022,13:16:00,260.55,260.55,260.55,260.55,2600,288600
ABFRL_F2,07/11/2022,13:18:00,260.80,260.80,260.80,260.80,2600,291200
ABFRL_F2,07/11/2022,13:22:00,261.30,261.30,261.30,261.30,5200,288600
ABFRL_F2,07/11/2022,13:31:00,261.30,261.30,261.30,261.30,2600,293800
ABFRL_F2,07/11/2022,13:54:00,259.90,259.90,259.90,259.90,10400,293800
ABFRL_F2,07/11/2022,14:17:00,259.95,259.95,259.95,259.95,2600,288600
ABFRL_F2,07/11/2022,14:19:00,260.40,260.40,260.40,260.40,20800,286000
ABFRL_F2,07/11/2022,14:24:00,261.20,261.20,261.20,261.20,2600,299000
ABFRL_F2,07/11/2022,14:27:00,261.05,261.05,261.05,261.05,2600,301600
ABFRL_F2,07/11/2022,14:31:00,261.40,263.45,261.40,263.45,15600,299000
ABFRL_F2,07/11/2022,14:32:00,263.45,263.45,262.05,263.00,13000,299000
ABFRL_F2,07/11/2022,14:33:00,262.50,262.50,262.30,262.30,5200,296400
ABFRL_F2,07/11/2022,14:35:00,262.60,262.60,262.60,262.60,5200,296400
ABFRL_F2,07/11/2022,14:36:00,262.50,264.00,262.50,264.00,33800,296400
ABFRL_F2,07/11/2022,14:37:00,264.00,264.00,264.00,264.00,2600,296400
ABFRL_F2,07/11/2022,14:38:00,263.00,263.00,263.00,263.00,2600,296400
ABFRL_F2,07/11/2022,14:39:00,262.55,262.55,262.55,262.55,2600,317200
ABFRL_F2,07/11/2022,14:40:00,262.50,262.50,262.50,262.50,2600,317200
ABFRL_F2,07/11/2022,14:41:00,262.40,262.40,262.40,262.40,2600,317200
ABFRL_F2,07/11/2022,14:42:00,262.55,262.55,262.55,262.55,2600,322400
ABFRL_F2,07/11/2022,14:43:00,262.55,262.55,262.55,262.55,2600,322400
ABFRL_F2,07/11/2022,14:48:00,262.55,262.55,262.55,262.55,2600,325000
ABFRL_F2,07/11/2022,14:51:00,262.00,262.00,262.00,262.00,7800,325000
ABFRL_F2,07/11/2022,14:59:00,262.00,262.00,262.00,262.00,2600,330200
ABFRL_F2,07/11/2022,15:00:00,262.35,262.35,262.35,262.35,5200,330200
ABFRL_F2,07/11/2022,15:02:00,262.40,262.40,262.40,262.40,2600,330200
ABFRL_F2,07/11/2022,15:04:00,262.40,262.40,262.40,262.40,2600,330200
ABFRL_F2,07/11/2022,15:05:00,262.90,262.90,262.90,262.90,2600,330200
ABFRL_F2,07/11/2022,15:10:00,263.25,263.25,263.25,263.25,2600,332800
ABFRL_F2,07/11/2022,15:14:00,263.00,263.00,263.00,263.00,2600,332800
ABFRL_F2,07/11/2022,15:16:00,262.50,262.50,262.50,262.50,7800,335400
ABFRL_F2,07/11/2022,15:18:00,262.60,262.60,262.45,262.45,5200,332800
ABFRL_F2,07/11/2022,15:19:00,262.30,262.30,262.30,262.30,7800,332800
ABFRL_F2,07/11/2022,15:20:00,262.80,262.80,262.65,262.65,5200,332800
ABFRL_F2,07/11/2022,15:22:00,262.50,262.50,262.50,262.50,2600,330200
ABFRL_F2,07/11/2022,15:24:00,261.95,261.95,261.95,261.95,2600,330200
ABFRL_F2,07/11/2022,15:27:00,262.35,262.35,262.35,262.35,2600,332800
ABFRL_F2,07/12/2022,09:15:00,260.75,260.75,260.75,260.75,2601,330200
ABFRL_F2,07/12/2022,09:17:00,260.85,260.85,260.45,260.45,26000,330200
ABFRL_F2,07/12/2022,09:21:00,261.35,261.35,261.35,261.35,2600,335400
ABFRL_F2,07/12/2022,09:28:00,262.55,262.55,262.55,262.55,2600,338000
ABFRL_F2,07/12/2022,09:29:00,263.00,263.00,263.00,263.00,7800,340600
ABFRL_F2,07/12/2022,09:30:00,263.00,263.00,263.00,263.00,7800,340600
ABFRL_F2,07/12/2022,09:32:00,263.15,263.15,262.70,262.70,10400,348400
ABFRL_F2,07/12/2022,09:34:00,262.80,262.80,262.80,262.80,2600,348400
ABFRL_F2,07/12/2022,09:40:00,263.50,263.50,263.50,263.50,10400,345800
ABFRL_F2,07/12/2022,09:42:00,264.10,264.50,264.10,264.35,15600,343200
ABFRL_F2,07/12/2022,09:48:00,262.80,263.05,262.80,263.05,10400,348400
ABFRL_F2,07/12/2022,09:49:00,262.60,262.60,262.60,262.60,13000,348400
ABFRL_F2,07/12/2022,10:00:00,262.25,262.25,262.25,262.25,2600,340600
ABFRL_F2,07/12/2022,10:12:00,262.10,262.10,262.10,262.10,5200,338000
ABFRL_F2,07/12/2022,10:30:00,261.50,261.50,261.50,261.50,18200,338000
ABFRL_F2,07/12/2022,10:35:00,261.40,261.40,261.40,261.40,5200,327600
ABFRL_F2,07/12/2022,11:17:00,261.95,261.95,261.95,261.95,2600,325000
ABFRL_F2,07/12/2022,11:18:00,261.95,261.95,261.95,261.95,2600,325000
ABFRL_F2,07/12/2022,11:20:00,262.50,262.50,262.50,262.50,7800,325000
ABFRL_F2,07/12/2022,11:24:00,262.60,262.60,262.60,262.60,2600,330200
ABFRL_F2,07/12/2022,11:25:00,261.75,261.75,261.75,261.75,5200,330200
ABFRL_F2,07/12/2022,11:29:00,261.75,261.75,261.40,261.40,7800,327600
ABFRL_F2,07/12/2022,11:36:00,261.05,261.05,261.05,261.05,2600,330200
ABFRL_F2,07/12/2022,11:43:00,259.25,259.25,259.25,259.25,7800,327600
ABFRL_F2,07/12/2022,11:44:00,259.25,259.25,259.25,259.25,2600,325000
ABFRL_F2,07/12/2022,12:20:00,259.70,259.70,259.70,259.70,2600,325000
ABFRL_F2,07/12/2022,12:36:00,260.00,260.00,260.00,260.00,2600,325000
ABFRL_F2,07/12/2022,12:37:00,260.45,260.45,260.45,260.45,2600,325000
ABFRL_F2,07/12/2022,12:44:00,260.40,260.40,260.40,260.40,2600,325000
ABFRL_F2,07/12/2022,12:52:00,260.15,260.15,260.15,260.15,2600,325000
ABFRL_F2,07/12/2022,12:58:00,260.05,260.05,260.05,260.05,2600,327600
ABFRL_F2,07/12/2022,13:01:00,259.20,259.20,259.20,259.20,2600,327600
ABFRL_F2,07/12/2022,13:12:00,259.00,259.00,259.00,259.00,2600,325000
ABFRL_F2,07/12/2022,13:38:00,258.90,258.90,258.90,258.90,2600,325000
ABFRL_F2,07/12/2022,13:55:00,258.90,258.90,258.90,258.90,2600,325000
ABFRL_F2,07/12/2022,13:56:00,258.70,258.70,258.70,258.70,2600,325000
ABFRL_F2,07/12/2022,14:16:00,258.70,258.70,258.70,258.70,2600,325000
ABFRL_F2,07/12/2022,14:31:00,260.55,260.55,260.55,260.55,5200,312000
ABFRL_F2,07/12/2022,14:32:00,260.55,260.55,260.55,260.55,2600,312000
ABFRL_F2,07/12/2022,14:41:00,259.85,259.85,259.85,259.85,2600,312000
ABFRL_F2,07/12/2022,14:45:00,259.45,259.45,259.45,259.45,2600,314600
ABFRL_F2,07/12/2022,14:52:00,259.40,259.40,259.40,259.40,2600,317200
ABFRL_F2,07/12/2022,14:59:00,258.25,258.25,258.25,258.25,2600,317200
ABFRL_F2,07/12/2022,15:00:00,258.25,258.25,258.25,258.25,5200,317200
ABFRL_F2,07/12/2022,15:20:00,258.55,258.55,258.55,258.55,2600,317200
ABFRL_F2,07/12/2022,15:22:00,258.55,258.55,258.55,258.55,2600,317200
ABFRL_F2,07/12/2022,15:24:00,258.50,258.50,258.50,258.50,5200,319800
ABFRL_F2,07/12/2022,15:27:00,257.60,257.60,257.60,257.60,2600,319800
ABFRL_F2,07/12/2022,15:28:00,257.60,257.60,257.60,257.60,2600,322400
ABFRL_F2,07/13/2022,09:18:00,259.35,259.35,259.30,259.30,5202,312000
ABFRL_F2,07/13/2022,09:21:00,259.95,259.95,259.95,259.95,5200,306800
ABFRL_F2,07/13/2022,09:28:00,260.70,260.70,260.70,260.70,2600,309400
ABFRL_F2,07/13/2022,09:32:00,260.70,260.70,260.70,260.70,2600,309400
ABFRL_F2,07/13/2022,09:44:00,260.45,260.45,260.45,260.45,2600,309400
ABFRL_F2,07/13/2022,09:56:00,260.35,260.35,260.35,260.35,2600,309400
ABFRL_F2,07/13/2022,10:02:00,260.05,260.05,260.05,260.05,2600,309400
ABFRL_F2,07/13/2022,10:07:00,259.30,259.30,259.30,259.30,2600,309400
ABFRL_F2,07/13/2022,10:12:00,259.00,259.00,259.00,259.00,2600,306800
ABFRL_F2,07/13/2022,10:19:00,257.80,257.80,257.80,257.80,5200,306800
ABFRL_F2,07/13/2022,10:43:00,256.30,256.30,256.30,256.30,2600,309400
ABFRL_F2,07/13/2022,10:46:00,256.30,256.30,256.30,256.30,2600,309400
ABFRL_F2,07/13/2022,10:51:00,256.20,256.20,256.20,256.20,2600,309400
ABFRL_F2,07/13/2022,11:16:00,256.20,256.20,256.20,256.20,2600,312000
ABFRL_F2,07/13/2022,11:29:00,256.60,256.60,256.60,256.60,2600,312000
ABFRL_F2,07/13/2022,12:02:00,256.15,256.15,256.15,256.15,2600,312000
ABFRL_F2,07/13/2022,12:56:00,256.15,256.15,256.15,256.15,2600,312000
ABFRL_F2,07/13/2022,13:06:00,256.65,256.65,256.65,256.65,5200,312000
ABFRL_F2,07/13/2022,13:34:00,255.55,255.55,255.55,255.55,5200,312000
ABFRL_F2,07/13/2022,13:53:00,256.85,256.85,256.85,256.85,2600,317200
ABFRL_F2,07/13/2022,14:30:00,257.30,257.30,257.30,257.30,2600,317200
ABFRL_F2,07/13/2022,15:00:00,257.00,257.00,256.35,256.35,5200,319800
ABFRL_F2,07/13/2022,15:03:00,256.35,256.35,256.35,256.35,2600,319800
ABFRL_F2,07/13/2022,15:09:00,256.75,256.75,256.75,256.75,2600,322400
ABFRL_F2,07/13/2022,15:20:00,257.00,257.00,257.00,257.00,10400,322400
ABFRL_F2,07/13/2022,15:23:00,256.75,256.75,256.75,256.75,2600,332800
ABFRL_F2,07/13/2022,15:24:00,256.95,256.95,256.95,256.95,2600,332800
ABFRL_F2,07/14/2022,09:30:00,256.95,256.95,256.95,256.95,7800,296400
ABFRL_F2,07/14/2022,09:35:00,257.55,257.55,257.55,257.55,2600,296400
ABFRL_F2,07/14/2022,09:39:00,258.10,258.10,258.10,258.10,2600,296400
ABFRL_F2,07/14/2022,09:45:00,258.10,258.10,258.10,258.10,2600,299000
ABFRL_F2,07/14/2022,10:05:00,258.70,258.70,258.70,258.70,2600,299000
ABFRL_F2,07/14/2022,10:18:00,258.70,258.70,258.70,258.70,10400,301600
ABFRL_F2,07/14/2022,10:25:00,258.55,258.55,258.55,258.55,2600,293800
ABFRL_F2,07/14/2022,10:27:00,258.50,258.50,258.50,258.50,2600,296400
ABFRL_F2,07/14/2022,10:33:00,258.25,258.25,258.25,258.25,2600,293800
ABFRL_F2,07/14/2022,10:43:00,258.50,258.50,258.50,258.50,2600,291200
ABFRL_F2,07/14/2022,10:44:00,258.75,258.75,258.75,258.75,2600,291200
ABFRL_F2,07/14/2022,10:45:00,259.05,259.05,259.05,259.05,2600,293800
ABFRL_F2,07/14/2022,10:52:00,259.40,259.40,259.40,259.40,2600,293800
ABFRL_F2,07/14/2022,11:00:00,260.95,260.95,260.95,260.95,5200,296400
ABFRL_F2,07/14/2022,11:11:00,260.95,260.95,260.95,260.95,2600,296400
ABFRL_F2,07/14/2022,11:13:00,259.40,259.40,259.40,259.40,2600,296400
ABFRL_F2,07/14/2022,11:19:00,259.05,259.05,259.05,259.05,2600,293800
ABFRL_F2,07/14/2022,11:20:00,258.80,258.80,258.80,258.80,2600,293800
ABFRL_F2,07/14/2022,11:21:00,258.80,258.80,258.80,258.80,2600,293800
ABFRL_F2,07/14/2022,11:32:00,257.50,257.50,257.50,257.50,2600,293800
ABFRL_F2,07/14/2022,11:35:00,256.55,256.55,256.55,256.55,20800,291200
ABFRL_F2,07/14/2022,11:37:00,256.40,256.40,256.40,256.40,2600,293800
ABFRL_F2,07/14/2022,11:40:00,256.50,256.50,256.50,256.50,2600,293800
ABFRL_F2,07/14/2022,11:50:00,256.15,256.15,256.15,256.15,2600,293800
ABFRL_F2,07/14/2022,11:59:00,256.15,256.15,256.15,256.15,5200,291200
ABFRL_F2,07/14/2022,12:13:00,256.20,256.20,256.20,256.20,2600,293800
ABFRL_F2,07/14/2022,12:21:00,256.65,256.65,256.65,256.65,2600,296400
ABFRL_F2,07/14/2022,12:26:00,256.65,256.65,256.65,256.65,7800,296400
ABFRL_F2,07/14/2022,12:28:00,256.00,256.00,256.00,256.00,2600,296400
ABFRL_F2,07/14/2022,12:35:00,255.90,255.90,255.90,255.90,2600,293800
ABFRL_F2,07/14/2022,13:02:00,256.45,256.45,256.45,256.45,2600,291200
ABFRL_F2,07/14/2022,13:06:00,256.45,256.45,256.45,256.45,2600,288600
ABFRL_F2,07/14/2022,13:09:00,255.70,255.70,255.70,255.70,5200,291200
ABFRL_F2,07/14/2022,13:20:00,256.70,256.70,256.70,256.70,2600,291200
ABFRL_F2,07/14/2022,13:34:00,254.80,254.80,254.80,254.80,5200,288600
ABFRL_F2,07/14/2022,13:40:00,254.95,254.95,254.95,254.95,2600,288600
ABFRL_F2,07/14/2022,14:09:00,254.90,254.90,254.90,254.90,2600,288600
ABFRL_F2,07/14/2022,14:21:00,254.15,254.15,254.15,254.15,2600,293800
ABFRL_F2,07/14/2022,14:38:00,255.05,255.05,255.05,255.05,2600,291200
ABFRL_F2,07/14/2022,14:39:00,255.30,255.30,255.30,255.30,2600,291200
ABFRL_F2,07/14/2022,14:51:00,254.70,254.70,254.70,254.70,2600,291200
ABFRL_F2,07/14/2022,14:56:00,254.55,254.55,254.55,254.55,2600,293800
ABFRL_F2,07/14/2022,14:58:00,254.85,254.85,254.85,254.85,2600,293800
ABFRL_F2,07/14/2022,15:06:00,255.95,255.95,255.95,255.95,2600,293800
ABFRL_F2,07/14/2022,15:09:00,256.40,256.40,256.40,256.40,2600,296400
ABFRL_F2,07/14/2022,15:13:00,256.60,256.60,256.60,256.60,2600,296400
ABFRL_F2,07/14/2022,15:16:00,255.80,255.80,255.80,255.80,2600,296400
ABFRL_F2,07/14/2022,15:21:00,256.20,256.20,256.20,256.20,2600,299000
ABFRL_F2,07/14/2022,15:25:00,256.50,256.50,256.50,256.50,2600,299000
ABFRL_F2,07/14/2022,15:26:00,256.60,256.60,256.60,256.60,2600,299000
ABFRL_F2,07/14/2022,15:29:00,256.85,256.85,256.85,256.85,2600,304200
ABFRL_F2,07/15/2022,09:51:00,255.75,255.75,255.75,255.75,2601,301600
ABFRL_F2,07/15/2022,09:55:00,256.05,256.05,256.05,256.05,2600,301600
ABFRL_F2,07/15/2022,10:11:00,256.45,256.45,256.45,256.45,2600,304200
ABFRL_F2,07/15/2022,10:13:00,256.45,256.45,256.45,256.45,2600,306800
ABFRL_F2,07/15/2022,10:44:00,256.45,256.45,256.45,256.45,2600,304200
ABFRL_F2,07/15/2022,11:07:00,255.15,255.15,255.15,255.15,13000,304200
ABFRL_F2,07/15/2022,11:19:00,255.15,255.15,255.15,255.15,2600,299000
ABFRL_F2,07/15/2022,11:26:00,255.00,255.00,255.00,255.00,2600,299000
ABFRL_F2,07/15/2022,13:06:00,254.45,254.45,254.45,254.45,2600,296400
ABFRL_F2,07/15/2022,13:21:00,253.95,253.95,253.95,253.95,2600,299000
ABFRL_F2,07/15/2022,13:22:00,253.50,253.50,253.50,253.50,2600,299000
ABFRL_F2,07/15/2022,13:23:00,253.00,253.00,253.00,253.00,5200,299000
ABFRL_F2,07/15/2022,13:24:00,252.40,252.40,252.40,252.40,2600,301600
ABFRL_F2,07/15/2022,13:39:00,252.40,252.40,252.40,252.40,2600,299000
ABFRL_F2,07/15/2022,14:02:00,253.10,253.10,253.10,253.10,2600,299000
ABFRL_F2,07/15/2022,14:42:00,255.25,255.25,255.25,255.25,23400,301600
ABFRL_F2,07/15/2022,14:47:00,255.25,255.25,255.25,255.25,7800,304200
ABFRL_F2,07/15/2022,15:12:00,255.95,255.95,255.95,255.95,2600,304200
ABFRL_F2,07/15/2022,15:15:00,255.40,255.40,255.40,255.40,2600,301600
ABFRL_F2,07/15/2022,15:27:00,255.45,255.45,255.45,255.45,5200,301600
ABFRL_F2,07/15/2022,15:28:00,255.70,255.70,255.50,255.50,13000,301600
ABFRL_F2,07/18/2022,09:16:00,259.90,259.90,259.90,259.90,2601,296400
ABFRL_F2,07/18/2022,09:17:00,260.00,260.00,260.00,260.00,2600,296400
ABFRL_F2,07/18/2022,09:27:00,260.00,260.00,260.00,260.00,2600,293800
ABFRL_F2,07/18/2022,09:33:00,258.90,258.90,258.90,258.90,7800,293800
ABFRL_F2,07/18/2022,09:34:00,259.35,259.35,259.35,259.35,5200,293800
ABFRL_F2,07/18/2022,09:35:00,259.20,259.20,259.20,259.20,2600,293800
ABFRL_F2,07/18/2022,09:39:00,259.00,259.00,259.00,259.00,2600,299000
ABFRL_F2,07/18/2022,09:41:00,259.00,259.00,259.00,259.00,2600,299000
ABFRL_F2,07/18/2022,09:42:00,259.70,259.70,259.50,259.50,5200,301600
ABFRL_F2,07/18/2022,09:44:00,260.45,260.45,260.45,260.45,10400,299000
ABFRL_F2,07/18/2022,09:45:00,261.20,261.20,261.20,261.20,2600,299000
ABFRL_F2,07/18/2022,09:50:00,261.20,261.20,261.20,261.20,10400,299000
ABFRL_F2,07/18/2022,09:52:00,261.20,261.20,261.20,261.20,2600,299000
ABFRL_F2,07/18/2022,09:57:00,259.10,259.10,259.10,259.10,2600,301600
ABFRL_F2,07/18/2022,10:00:00,258.75,258.75,258.75,258.75,18200,299000
ABFRL_F2,07/18/2022,10:07:00,260.00,260.00,260.00,260.00,2600,306800
ABFRL_F2,07/18/2022,10:09:00,260.05,260.05,260.05,260.05,5200,304200
ABFRL_F2,07/18/2022,10:24:00,260.55,260.55,260.55,260.55,2600,304200
ABFRL_F2,07/18/2022,10:35:00,260.55,260.55,260.55,260.55,5200,306800
ABFRL_F2,07/18/2022,10:36:00,260.55,260.55,260.35,260.35,31200,309400
ABFRL_F2,07/18/2022,10:46:00,260.55,260.55,260.55,260.55,7800,338000
ABFRL_F2,07/18/2022,10:51:00,261.00,261.00,261.00,261.00,5200,340600
ABFRL_F2,07/18/2022,10:57:00,261.90,261.90,261.90,261.90,10400,340600
ABFRL_F2,07/18/2022,11:00:00,261.90,261.90,261.85,261.85,26000,348400
ABFRL_F2,07/18/2022,11:01:00,261.70,261.70,261.70,261.70,2600,348400
ABFRL_F2,07/18/2022,11:04:00,261.55,261.55,261.55,261.55,2600,374400
ABFRL_F2,07/18/2022,11:05:00,261.70,261.70,261.70,261.70,2600,374400
ABFRL_F2,07/18/2022,11:09:00,261.40,261.40,261.40,261.40,2600,374400
ABFRL_F2,07/18/2022,11:33:00,261.90,261.90,261.90,261.90,2600,374400
ABFRL_F2,07/18/2022,11:37:00,261.80,261.80,261.80,261.80,2600,377000
ABFRL_F2,07/18/2022,11:39:00,261.60,261.60,261.60,261.60,2600,379600
ABFRL_F2,07/18/2022,11:44:00,261.35,261.35,261.35,261.35,2600,377000
ABFRL_F2,07/18/2022,11:59:00,261.70,261.70,261.70,261.70,5200,374400
ABFRL_F2,07/18/2022,12:05:00,262.00,262.00,262.00,262.00,2600,379600
ABFRL_F2,07/18/2022,12:10:00,262.00,262.00,262.00,262.00,2600,382200
ABFRL_F2,07/18/2022,12:16:00,262.00,262.00,262.00,262.00,2600,384800
ABFRL_F2,07/18/2022,12:19:00,262.00,262.00,262.00,262.00,2600,387400
ABFRL_F2,07/18/2022,12:21:00,261.00,261.00,261.00,261.00,15600,384800
ABFRL_F2,07/18/2022,12:25:00,261.00,261.00,261.00,261.00,5200,392600
ABFRL_F2,07/18/2022,12:27:00,260.70,260.70,260.70,260.70,2600,392600
ABFRL_F2,07/18/2022,12:28:00,260.40,260.40,260.40,260.40,7800,392600
ABFRL_F2,07/18/2022,12:31:00,261.10,261.10,260.70,260.70,7800,390000
ABFRL_F2,07/18/2022,12:39:00,260.15,260.15,259.70,259.70,10400,395200
ABFRL_F2,07/18/2022,12:43:00,260.60,260.60,260.60,260.60,2600,397800
ABFRL_F2,07/18/2022,12:44:00,260.70,260.70,260.70,260.70,5200,397800
ABFRL_F2,07/18/2022,12:46:00,260.80,260.80,260.80,260.80,2600,397800
ABFRL_F2,07/18/2022,12:47:00,260.95,260.95,260.95,260.95,2600,397800
ABFRL_F2,07/18/2022,13:09:00,259.95,259.95,259.95,259.95,2600,395200
ABFRL_F2,07/18/2022,13:12:00,259.95,259.95,259.95,259.95,2600,395200
ABFRL_F2,07/18/2022,13:18:00,260.55,260.55,260.55,260.55,2600,395200
ABFRL_F2,07/18/2022,13:28:00,260.55,260.55,260.55,260.55,2600,397800
ABFRL_F2,07/18/2022,13:42:00,261.10,261.10,261.10,261.10,5200,400400
ABFRL_F2,07/18/2022,13:45:00,261.10,261.10,261.10,261.10,2600,403000
ABFRL_F2,07/18/2022,13:47:00,261.55,261.55,261.55,261.55,2600,403000
ABFRL_F2,07/18/2022,13:50:00,261.00,261.00,261.00,261.00,2600,403000
ABFRL_F2,07/18/2022,13:55:00,261.50,261.50,261.50,261.50,2600,403000
ABFRL_F2,07/18/2022,14:12:00,260.95,260.95,260.95,260.95,2600,403000
ABFRL_F2,07/18/2022,14:16:00,260.70,260.70,260.70,260.70,2600,403000
ABFRL_F2,07/18/2022,14:19:00,261.85,261.85,261.85,261.85,2600,403000
ABFRL_F2,07/18/2022,14:20:00,262.00,262.00,262.00,262.00,2600,403000
ABFRL_F2,07/18/2022,14:27:00,262.00,262.00,262.00,262.00,2600,403000
ABFRL_F2,07/18/2022,14:30:00,262.00,262.00,262.00,262.00,2600,405600
ABFRL_F2,07/18/2022,14:37:00,263.20,263.20,263.20,263.20,7800,405600
ABFRL_F2,07/18/2022,14:38:00,263.20,263.20,262.90,262.90,23400,405600
ABFRL_F2,07/18/2022,14:39:00,263.30,263.30,263.30,263.30,5200,418600
ABFRL_F2,07/18/2022,14:40:00,263.30,263.30,263.30,263.30,5200,418600
ABFRL_F2,07/18/2022,14:41:00,263.30,263.30,262.95,262.95,10400,418600
ABFRL_F2,07/18/2022,14:42:00,262.90,262.90,262.90,262.90,2600,418600
ABFRL_F2,07/18/2022,14:43:00,262.50,262.75,262.50,262.75,5200,423800
ABFRL_F2,07/18/2022,14:45:00,262.90,262.90,262.85,262.85,5200,421200
ABFRL_F2,07/18/2022,14:47:00,262.70,262.70,262.70,262.70,2600,421200
ABFRL_F2,07/18/2022,14:58:00,263.50,263.70,263.50,263.70,20800,426400
ABFRL_F2,07/18/2022,15:00:00,263.70,263.70,263.40,263.40,5200,426400
ABFRL_F2,07/18/2022,15:01:00,263.40,263.40,263.40,263.40,2600,436800
ABFRL_F2,07/18/2022,15:03:00,263.25,263.25,263.25,263.25,2600,436800
ABFRL_F2,07/18/2022,15:08:00,263.25,263.25,263.25,263.25,2600,444600
ABFRL_F2,07/18/2022,15:12:00,263.10,263.10,263.10,263.10,2600,447200
ABFRL_F2,07/18/2022,15:13:00,263.20,263.25,263.20,263.25,5200,447200
ABFRL_F2,07/18/2022,15:14:00,263.25,263.25,263.25,263.25,2600,447200
ABFRL_F2,07/18/2022,15:20:00,263.35,263.35,263.35,263.35,5200,455000
ABFRL_F2,07/18/2022,15:21:00,263.25,263.25,263.25,263.25,2600,455000
ABFRL_F2,07/18/2022,15:22:00,263.40,263.40,263.40,263.40,2600,452400
ABFRL_F2,07/18/2022,15:26:00,263.00,263.00,263.00,263.00,2600,455000
ABFRL_F2,07/18/2022,15:27:00,263.25,263.25,263.25,263.25,2600,455000
ABFRL_F2,07/18/2022,15:28:00,263.25,263.25,263.25,263.25,2600,455000
ABFRL_F2,07/19/2022,09:17:00,262.60,262.60,262.60,262.60,2601,455000
ABFRL_F2,07/19/2022,09:18:00,262.75,262.75,262.75,262.75,2600,452400
ABFRL_F2,07/19/2022,09:19:00,262.75,262.75,262.00,262.00,7800,452400
ABFRL_F2,07/19/2022,09:20:00,261.65,261.65,261.65,261.65,2600,455000
ABFRL_F2,07/19/2022,09:21:00,261.65,261.65,261.65,261.65,2600,455000
ABFRL_F2,07/19/2022,09:22:00,261.65,261.65,261.65,261.65,2600,455000
ABFRL_F2,07/19/2022,09:23:00,262.00,262.00,262.00,262.00,7800,455000
ABFRL_F2,07/19/2022,09:28:00,262.50,262.50,262.50,262.50,5200,457600
ABFRL_F2,07/19/2022,09:34:00,262.30,262.30,262.30,262.30,2600,460200
ABFRL_F2,07/19/2022,09:40:00,262.65,262.65,262.65,262.65,2600,457600
ABFRL_F2,07/19/2022,09:42:00,263.30,263.30,263.30,263.30,26000,460200
ABFRL_F2,07/19/2022,09:44:00,263.15,263.15,263.15,263.15,2600,460200
ABFRL_F2,07/19/2022,09:45:00,262.85,262.85,262.85,262.85,5200,473200
ABFRL_F2,07/19/2022,09:49:00,263.30,263.30,263.30,263.30,5200,470600
ABFRL_F2,07/19/2022,09:50:00,263.50,263.50,263.50,263.50,15600,470600
ABFRL_F2,07/19/2022,09:53:00,264.15,264.15,264.15,264.15,2600,475800
ABFRL_F2,07/19/2022,09:54:00,265.00,265.00,264.95,264.95,18200,475800
ABFRL_F2,07/19/2022,09:55:00,264.80,265.40,264.80,265.40,5200,475800
ABFRL_F2,07/19/2022,09:56:00,265.95,265.95,265.95,265.95,2600,475800
ABFRL_F2,07/19/2022,09:57:00,265.95,265.95,265.95,265.95,2600,475800
ABFRL_F2,07/19/2022,09:58:00,264.65,264.65,264.65,264.65,7800,475800
ABFRL_F2,07/19/2022,10:00:00,264.70,264.70,264.70,264.70,2600,475800
ABFRL_F2,07/19/2022,10:01:00,264.70,264.70,264.70,264.70,2600,475800
ABFRL_F2,07/19/2022,10:03:00,265.30,265.30,265.30,265.30,2600,481000
ABFRL_F2,07/19/2022,10:05:00,265.10,265.10,265.10,265.10,2600,481000
ABFRL_F2,07/19/2022,10:06:00,265.45,265.50,265.45,265.50,13000,483600
ABFRL_F2,07/19/2022,10:07:00,265.75,265.75,265.55,265.55,5200,483600
ABFRL_F2,07/19/2022,10:10:00,264.50,264.50,264.50,264.50,5200,488800
ABFRL_F2,07/19/2022,10:11:00,264.70,264.70,264.70,264.70,2600,488800
ABFRL_F2,07/19/2022,10:14:00,265.40,265.40,265.40,265.40,2600,491400
ABFRL_F2,07/19/2022,10:18:00,265.60,265.60,265.60,265.60,2600,494000
ABFRL_F2,07/19/2022,10:22:00,265.10,265.10,265.10,265.10,7800,491400
ABFRL_F2,07/19/2022,10:25:00,265.45,265.45,265.45,265.45,5200,488800
ABFRL_F2,07/19/2022,10:26:00,265.55,266.00,265.55,266.00,5200,488800
ABFRL_F2,07/19/2022,10:27:00,266.35,266.55,266.35,266.55,5200,494000
ABFRL_F2,07/19/2022,10:28:00,266.55,266.55,266.25,266.25,5200,494000
ABFRL_F2,07/19/2022,10:29:00,267.30,267.60,267.30,267.60,20800,499200
ABFRL_F2,07/19/2022,10:30:00,267.60,267.60,267.00,267.00,5200,499200
ABFRL_F2,07/19/2022,10:31:00,266.70,266.70,266.70,266.70,5200,499200
ABFRL_F2,07/19/2022,10:34:00,265.70,265.70,265.70,265.70,5200,496600
ABFRL_F2,07/19/2022,10:35:00,265.95,265.95,265.95,265.95,2600,496600
ABFRL_F2,07/19/2022,10:38:00,266.40,266.40,266.40,266.40,5200,504400
ABFRL_F2,07/19/2022,10:45:00,266.10,266.10,266.10,266.10,2600,509600
ABFRL_F2,07/19/2022,10:52:00,265.90,265.90,265.90,265.90,2600,509600
ABFRL_F2,07/19/2022,10:53:00,265.75,265.75,265.75,265.75,5200,509600
ABFRL_F2,07/19/2022,10:54:00,265.40,265.40,265.40,265.40,2600,509600
ABFRL_F2,07/19/2022,11:01:00,265.40,265.40,265.40,265.40,5200,512200
ABFRL_F2,07/19/2022,11:06:00,265.60,265.60,265.60,265.60,2600,514800
ABFRL_F2,07/19/2022,11:09:00,266.00,266.00,266.00,266.00,5200,517400
ABFRL_F2,07/19/2022,11:25:00,265.80,265.90,265.80,265.90,15600,514800
ABFRL_F2,07/19/2022,11:27:00,265.95,265.95,265.95,265.95,2600,520000
ABFRL_F2,07/19/2022,11:29:00,265.15,265.15,265.15,265.15,5200,520000
ABFRL_F2,07/19/2022,11:30:00,264.80,264.80,264.80,264.80,10400,522600
ABFRL_F2,07/19/2022,11:31:00,264.70,264.70,264.70,264.70,2600,522600
ABFRL_F2,07/19/2022,11:38:00,264.30,264.30,264.30,264.30,2600,525200
ABFRL_F2,07/19/2022,11:39:00,264.35,264.35,264.35,264.35,2600,525200
ABFRL_F2,07/19/2022,11:41:00,264.05,264.05,264.05,264.05,13000,522600
ABFRL_F2,07/19/2022,11:42:00,264.05,264.05,264.05,264.05,5200,522600
ABFRL_F2,07/19/2022,11:43:00,264.00,264.00,263.70,263.75,7800,522600
ABFRL_F2,07/19/2022,11:46:00,263.65,263.65,263.65,263.65,7800,522600
ABFRL_F2,07/19/2022,11:58:00,264.35,264.35,264.35,264.35,2600,527800
ABFRL_F2,07/19/2022,12:02:00,264.70,264.70,264.70,264.70,2600,527800
ABFRL_F2,07/19/2022,12:05:00,264.95,264.95,264.95,264.95,5200,530400
ABFRL_F2,07/19/2022,12:11:00,265.05,265.05,265.05,265.05,2600,533000
ABFRL_F2,07/19/2022,12:15:00,265.05,265.05,265.05,265.05,2600,535600
ABFRL_F2,07/19/2022,12:18:00,264.75,264.75,264.75,264.75,2600,535600
ABFRL_F2,07/19/2022,12:21:00,264.85,264.85,264.85,264.85,2600,535600
ABFRL_F2,07/19/2022,12:32:00,264.55,264.55,264.55,264.55,2600,540800
ABFRL_F2,07/19/2022,12:37:00,264.85,264.85,264.85,264.85,2600,540800
ABFRL_F2,07/19/2022,12:42:00,264.85,264.85,264.85,264.85,2600,543400
ABFRL_F2,07/19/2022,12:50:00,264.50,264.50,264.20,264.20,5200,546000
ABFRL_F2,07/19/2022,12:53:00,264.30,264.30,264.30,264.30,2600,543400
ABFRL_F2,07/19/2022,13:05:00,264.60,264.60,264.60,264.60,2600,543400
ABFRL_F2,07/19/2022,13:10:00,264.65,264.65,264.30,264.30,7800,543400
ABFRL_F2,07/19/2022,13:14:00,264.00,264.00,264.00,264.00,2600,535600
ABFRL_F2,07/19/2022,13:15:00,263.85,263.85,263.85,263.85,2600,535600
ABFRL_F2,07/19/2022,13:21:00,264.30,264.30,264.30,264.30,2600,535600
ABFRL_F2,07/19/2022,13:25:00,264.45,264.45,264.45,264.45,2600,535600
ABFRL_F2,07/19/2022,13:27:00,264.55,264.55,264.55,264.55,2600,535600
ABFRL_F2,07/19/2022,13:28:00,264.35,264.35,264.35,264.35,5200,538200
ABFRL_F2,07/19/2022,13:29:00,264.50,264.50,264.50,264.50,5200,538200
ABFRL_F2,07/19/2022,13:51:00,264.25,264.25,264.25,264.25,7800,533000
ABFRL_F2,07/19/2022,13:52:00,264.25,264.25,264.25,264.25,15600,533000
ABFRL_F2,07/19/2022,13:53:00,264.25,264.25,264.25,264.25,2600,533000
ABFRL_F2,07/19/2022,13:54:00,264.20,264.20,264.20,264.20,5200,533000
ABFRL_F2,07/19/2022,14:00:00,264.05,264.05,264.05,264.05,2600,522600
ABFRL_F2,07/19/2022,14:04:00,264.65,264.65,264.65,264.65,5200,522600
ABFRL_F2,07/19/2022,14:12:00,264.65,264.65,264.40,264.40,5200,527800
ABFRL_F2,07/19/2022,14:16:00,264.50,264.50,264.50,264.50,5200,527800
ABFRL_F2,07/19/2022,14:18:00,264.60,264.60,264.60,264.60,2600,530400
ABFRL_F2,07/19/2022,14:26:00,264.90,264.90,264.90,264.90,2600,530400
ABFRL_F2,07/19/2022,14:32:00,264.75,264.75,264.75,264.75,2600,530400
ABFRL_F2,07/19/2022,14:35:00,265.00,265.00,265.00,265.00,2600,527800
ABFRL_F2,07/19/2022,14:40:00,265.30,265.30,265.30,265.30,2600,525200
ABFRL_F2,07/19/2022,14:41:00,265.10,265.15,265.10,265.15,5200,525200
ABFRL_F2,07/19/2022,14:49:00,265.15,265.15,265.15,265.15,5200,533000
ABFRL_F2,07/19/2022,14:55:00,265.10,265.10,265.10,265.10,7800,533000
ABFRL_F2,07/19/2022,14:57:00,264.90,264.90,264.90,264.90,2600,533000
ABFRL_F2,07/19/2022,15:07:00,265.45,265.45,265.45,265.45,2600,540800
ABFRL_F2,07/19/2022,15:16:00,265.35,265.35,265.35,265.35,2600,540800
ABFRL_F2,07/19/2022,15:20:00,265.25,265.25,265.25,265.25,2600,540800
ABFRL_F2,07/19/2022,15:28:00,264.90,264.90,264.90,264.90,5200,538200
ABFRL_F2,07/20/2022,09:15:00,267.35,267.35,267.10,267.10,5201,538200
ABFRL_F2,07/20/2022,09:16:00,266.50,266.50,266.50,266.50,7800,538200
ABFRL_F2,07/20/2022,09:17:00,266.40,266.50,266.00,266.00,23400,538200
ABFRL_F2,07/20/2022,09:19:00,266.00,266.00,266.00,266.00,5200,540800
ABFRL_F2,07/20/2022,09:20:00,266.50,266.50,266.15,266.15,18200,546000
ABFRL_F2,07/20/2022,09:21:00,266.10,266.10,266.10,266.10,5200,546000
ABFRL_F2,07/20/2022,09:22:00,265.50,265.50,265.50,265.50,2600,546000
ABFRL_F2,07/20/2022,09:23:00,265.50,265.50,265.50,265.50,2600,546000
ABFRL_F2,07/20/2022,09:25:00,265.20,265.20,264.70,264.70,15600,556400
ABFRL_F2,07/20/2022,09:26:00,264.75,265.00,264.75,265.00,23400,556400
ABFRL_F2,07/20/2022,09:27:00,265.20,265.20,265.20,265.20,2600,569400
ABFRL_F2,07/20/2022,09:28:00,265.20,265.20,265.20,265.20,2600,569400
ABFRL_F2,07/20/2022,09:29:00,265.00,265.00,265.00,265.00,2600,569400
ABFRL_F2,07/20/2022,09:30:00,265.30,265.30,265.30,265.30,5200,566800
ABFRL_F2,07/20/2022,09:31:00,265.00,265.00,265.00,265.00,7800,566800
ABFRL_F2,07/20/2022,09:35:00,265.00,265.00,265.00,265.00,5200,566800
ABFRL_F2,07/20/2022,09:39:00,264.80,264.80,264.80,264.80,2600,566800
ABFRL_F2,07/20/2022,09:41:00,264.90,264.90,264.90,264.90,2600,566800
ABFRL_F2,07/20/2022,09:43:00,265.10,265.10,265.10,265.10,2600,569400
ABFRL_F2,07/20/2022,09:44:00,265.25,265.25,265.25,265.25,2600,572000
ABFRL_F2,07/20/2022,09:45:00,265.25,265.55,265.25,265.55,13000,572000
ABFRL_F2,07/20/2022,09:46:00,265.00,265.00,265.00,265.00,5200,572000
ABFRL_F2,07/20/2022,09:48:00,265.95,266.60,265.95,266.45,7800,574600
ABFRL_F2,07/20/2022,09:50:00,266.45,266.45,266.45,266.45,5200,574600
ABFRL_F2,07/20/2022,09:52:00,266.30,266.30,266.30,266.30,5200,579800
ABFRL_F2,07/20/2022,09:54:00,266.20,266.40,266.20,266.40,10400,582400
ABFRL_F2,07/20/2022,09:59:00,266.15,266.15,266.15,266.15,2600,585000
ABFRL_F2,07/20/2022,10:06:00,266.15,266.15,265.90,265.90,5200,582400
ABFRL_F2,07/20/2022,10:08:00,265.60,265.60,265.60,265.60,7800,582400
ABFRL_F2,07/20/2022,10:12:00,266.15,266.15,266.15,266.15,5200,587600
ABFRL_F2,07/20/2022,10:14:00,266.25,266.30,266.25,266.30,5200,587600
ABFRL_F2,07/20/2022,10:15:00,266.30,266.30,266.30,266.30,2600,590200
ABFRL_F2,07/20/2022,10:16:00,266.40,266.40,266.40,266.40,5200,590200
ABFRL_F2,07/20/2022,10:20:00,266.30,266.30,266.30,266.30,2600,587600
ABFRL_F2,07/20/2022,10:21:00,265.95,265.95,265.95,265.95,2600,587600
ABFRL_F2,07/20/2022,10:36:00,266.10,266.30,266.10,266.30,5200,585000
ABFRL_F2,07/20/2022,10:58:00,265.90,265.90,265.80,265.80,7800,585000
ABFRL_F2,07/20/2022,11:04:00,265.40,265.40,265.40,265.40,2600,577200
ABFRL_F2,07/20/2022,11:10:00,265.65,265.65,265.65,265.65,2600,577200
ABFRL_F2,07/20/2022,11:13:00,265.65,265.65,265.65,265.65,2600,577200
ABFRL_F2,07/20/2022,11:20:00,265.00,265.00,265.00,265.00,5200,579800
ABFRL_F2,07/20/2022,11:21:00,265.00,265.00,265.00,265.00,10400,585000
ABFRL_F2,07/20/2022,11:23:00,265.00,265.00,265.00,265.00,5200,585000
ABFRL_F2,07/20/2022,11:29:00,265.60,265.60,265.60,265.60,23400,577200
ABFRL_F2,07/20/2022,11:30:00,265.85,265.85,265.85,265.85,2600,592800
ABFRL_F2,07/20/2022,11:32:00,265.80,265.80,265.80,265.80,5200,592800
ABFRL_F2,07/20/2022,11:33:00,266.00,266.00,266.00,266.00,2600,587600
ABFRL_F2,07/20/2022,11:34:00,267.00,267.00,267.00,267.00,13000,587600
ABFRL_F2,07/20/2022,11:35:00,266.85,266.85,266.85,266.85,5200,587600
ABFRL_F2,07/20/2022,11:37:00,267.55,267.55,267.55,267.55,2600,582400
ABFRL_F2,07/20/2022,11:38:00,267.60,267.60,267.60,267.60,2600,582400
ABFRL_F2,07/20/2022,11:40:00,268.20,268.20,268.20,268.20,26000,585000
ABFRL_F2,07/20/2022,11:41:00,268.20,268.20,268.20,268.20,5200,585000
ABFRL_F2,07/20/2022,11:42:00,268.00,268.00,268.00,268.00,2600,585000
ABFRL_F2,07/20/2022,11:45:00,268.00,268.00,267.80,267.80,13000,587600
ABFRL_F2,07/20/2022,11:46:00,267.40,267.40,267.40,267.40,5200,587600
ABFRL_F2,07/20/2022,11:52:00,266.90,266.90,266.90,266.90,2600,582400
ABFRL_F2,07/20/2022,12:04:00,266.80,267.20,266.80,267.20,10400,582400
ABFRL_F2,07/20/2022,12:05:00,267.10,267.10,267.10,267.10,2600,582400
ABFRL_F2,07/20/2022,12:10:00,266.85,266.85,266.85,266.85,2600,582400
ABFRL_F2,07/20/2022,12:13:00,266.85,266.85,266.85,266.85,2600,587600
ABFRL_F2,07/20/2022,12:23:00,266.50,266.50,266.50,266.50,2600,587600
ABFRL_F2,07/20/2022,12:28:00,267.00,267.00,267.00,267.00,5200,590200
ABFRL_F2,07/20/2022,12:35:00,267.00,267.00,267.00,267.00,2600,592800
ABFRL_F2,07/20/2022,12:37:00,266.95,267.15,266.95,267.15,5200,590200
ABFRL_F2,07/20/2022,12:42:00,267.25,267.25,267.25,267.25,2600,587600
ABFRL_F2,07/20/2022,12:45:00,267.30,267.40,267.30,267.40,5200,585000
ABFRL_F2,07/20/2022,12:51:00,267.10,267.10,267.10,267.10,5200,585000
ABFRL_F2,07/20/2022,12:53:00,267.10,267.10,267.10,267.10,2600,590200
ABFRL_F2,07/20/2022,12:54:00,267.10,267.10,267.10,267.10,57200,590200
ABFRL_F2,07/20/2022,12:55:00,267.10,267.10,267.10,267.10,28600,590200
ABFRL_F2,07/20/2022,12:57:00,267.25,267.25,267.25,267.25,2600,642200
ABFRL_F2,07/20/2022,13:09:00,265.75,265.75,265.50,265.50,5200,642200
ABFRL_F2,07/20/2022,13:10:00,265.00,265.00,265.00,265.00,5200,644800
ABFRL_F2,07/20/2022,13:11:00,264.05,264.05,264.05,264.05,5200,644800
ABFRL_F2,07/20/2022,13:13:00,265.10,265.20,265.10,265.20,5200,650000
ABFRL_F2,07/20/2022,13:20:00,264.05,264.05,264.05,264.05,2600,652600
ABFRL_F2,07/20/2022,13:23:00,264.95,264.95,264.95,264.95,2600,652600
ABFRL_F2,07/20/2022,13:24:00,264.55,264.55,264.55,264.55,5200,652600
ABFRL_F2,07/20/2022,13:36:00,264.25,264.25,264.25,264.25,2600,650000
ABFRL_F2,07/20/2022,13:44:00,264.05,264.05,264.05,264.05,2600,650000
ABFRL_F2,07/20/2022,13:48:00,264.10,264.10,263.75,263.75,10400,647400
ABFRL_F2,07/20/2022,13:50:00,263.50,263.50,263.50,263.50,5200,647400
ABFRL_F2,07/20/2022,13:52:00,263.50,263.50,263.50,263.50,2600,642200
ABFRL_F2,07/20/2022,13:53:00,263.70,263.70,263.70,263.70,2600,642200
ABFRL_F2,07/20/2022,13:56:00,263.80,263.80,263.80,263.80,2600,642200
ABFRL_F2,07/20/2022,13:57:00,263.80,263.80,263.80,263.80,2600,642200
ABFRL_F2,07/20/2022,13:58:00,263.40,263.40,263.40,263.40,10400,642200
ABFRL_F2,07/20/2022,13:59:00,264.00,264.00,264.00,264.00,2600,642200
ABFRL_F2,07/20/2022,14:09:00,264.90,265.30,264.90,265.30,7800,642200
ABFRL_F2,07/20/2022,14:10:00,265.40,265.40,265.40,265.40,2600,639600
ABFRL_F2,07/20/2022,14:12:00,265.40,265.40,265.40,265.40,2600,639600
ABFRL_F2,07/20/2022,14:17:00,264.40,264.40,264.40,264.40,2600,644800
ABFRL_F2,07/20/2022,14:19:00,264.95,264.95,264.95,264.95,7800,644800
ABFRL_F2,07/20/2022,14:28:00,264.20,264.20,264.20,264.20,2600,647400
ABFRL_F2,07/20/2022,14:34:00,264.35,264.35,264.35,264.35,2600,647400
ABFRL_F2,07/20/2022,14:37:00,264.30,264.30,264.30,264.30,2600,647400
ABFRL_F2,07/20/2022,14:39:00,264.25,264.25,264.25,264.25,2600,647400
ABFRL_F2,07/20/2022,14:41:00,264.05,264.05,264.05,264.05,2600,647400
ABFRL_F2,07/20/2022,14:42:00,264.00,264.00,264.00,264.00,2600,647400
ABFRL_F2,07/20/2022,14:43:00,264.05,264.05,264.05,264.05,2600,650000
ABFRL_F2,07/20/2022,14:46:00,263.65,263.65,263.65,263.65,2600,650000
ABFRL_F2,07/20/2022,14:49:00,264.10,264.10,264.10,264.10,2600,650000
ABFRL_F2,07/20/2022,14:51:00,264.05,264.05,264.05,264.05,2600,650000
ABFRL_F2,07/20/2022,14:55:00,264.10,264.10,264.10,264.10,10400,652600
ABFRL_F2,07/20/2022,15:00:00,263.35,263.35,263.35,263.35,2600,657800
ABFRL_F2,07/20/2022,15:04:00,263.30,263.30,263.30,263.30,2600,657800
ABFRL_F2,07/20/2022,15:06:00,263.20,263.20,263.20,263.20,23400,665600
ABFRL_F2,07/20/2022,15:08:00,263.20,263.20,263.20,263.20,5200,665600
ABFRL_F2,07/20/2022,15:09:00,263.70,264.00,263.70,264.00,5200,665600
ABFRL_F2,07/20/2022,15:10:00,264.25,264.25,264.00,264.00,5200,681200
ABFRL_F2,07/20/2022,15:12:00,264.00,264.00,264.00,264.00,2600,681200
ABFRL_F2,07/20/2022,15:13:00,263.60,263.60,263.60,263.60,2600,681200
ABFRL_F2,07/20/2022,15:14:00,263.55,263.55,263.55,263.55,2600,683800
ABFRL_F2,07/20/2022,15:16:00,263.45,263.45,263.45,263.45,2600,689000
ABFRL_F2,07/20/2022,15:17:00,263.25,263.25,263.25,263.25,2600,689000
ABFRL_F2,07/20/2022,15:19:00,263.50,263.50,263.50,263.50,2600,691600
ABFRL_F2,07/20/2022,15:21:00,263.25,263.25,263.25,263.25,2600,691600
ABFRL_F2,07/20/2022,15:24:00,263.40,263.40,263.20,263.20,20800,691600
ABFRL_F2,07/20/2022,15:27:00,263.15,263.15,263.15,263.15,2600,691600
ABFRL_F2,07/20/2022,15:29:00,262.70,262.70,262.70,262.70,5200,694200
ABFRL_F2,07/21/2022,09:15:00,261.95,261.95,261.95,261.95,2601,665600
ABFRL_F2,07/21/2022,09:16:00,262.65,262.65,262.65,262.65,10400,665600
ABFRL_F2,07/21/2022,09:17:00,262.50,262.50,262.50,262.50,2600,665600
ABFRL_F2,07/21/2022,09:19:00,264.80,264.80,264.80,264.80,2600,676000
ABFRL_F2,07/21/2022,09:20:00,264.80,264.80,264.80,264.80,2600,676000
ABFRL_F2,07/21/2022,09:21:00,264.80,264.80,264.80,264.80,2600,676000
ABFRL_F2,07/21/2022,09:24:00,265.25,265.25,265.25,265.25,10400,676000
ABFRL_F2,07/21/2022,09:25:00,265.00,265.45,265.00,265.45,7800,676000
ABFRL_F2,07/21/2022,09:26:00,265.65,265.65,265.65,265.65,2600,676000
ABFRL_F2,07/21/2022,09:27:00,265.70,265.70,265.70,265.70,2600,673400
ABFRL_F2,07/21/2022,09:30:00,265.70,265.70,265.70,265.70,2600,673400
ABFRL_F2,07/21/2022,09:34:00,264.85,264.85,264.85,264.85,2600,676000
ABFRL_F2,07/21/2022,09:38:00,264.65,264.65,264.65,264.65,2600,678600
ABFRL_F2,07/21/2022,09:39:00,264.65,264.65,264.65,264.65,2600,681200
ABFRL_F2,07/21/2022,09:41:00,264.65,264.65,264.65,264.65,5200,686400
ABFRL_F2,07/21/2022,09:42:00,265.15,265.15,265.15,265.15,2600,686400
ABFRL_F2,07/21/2022,09:51:00,265.20,265.20,265.20,265.20,5200,691600
ABFRL_F2,07/21/2022,09:55:00,265.50,265.50,265.50,265.50,5200,696800
ABFRL_F2,07/21/2022,09:58:00,265.45,265.45,265.45,265.45,2600,699400
ABFRL_F2,07/21/2022,10:01:00,265.70,266.00,265.70,266.00,7800,702000
ABFRL_F2,07/21/2022,10:02:00,266.40,266.40,265.90,265.90,7800,702000
ABFRL_F2,07/21/2022,10:04:00,266.15,266.15,266.15,266.15,5200,699400
ABFRL_F2,07/21/2022,10:05:00,266.00,266.00,266.00,266.00,2600,699400
ABFRL_F2,07/21/2022,10:06:00,266.15,266.15,266.15,266.15,2600,699400
ABFRL_F2,07/21/2022,10:09:00,266.40,266.40,266.40,266.40,7800,702000
ABFRL_F2,07/21/2022,10:12:00,266.50,266.50,266.50,266.50,2600,699400
ABFRL_F2,07/21/2022,10:14:00,266.50,266.50,266.50,266.50,2600,699400
ABFRL_F2,07/21/2022,10:15:00,266.25,266.30,266.25,266.30,7800,696800
ABFRL_F2,07/21/2022,10:17:00,266.05,266.05,266.05,266.05,7800,696800
ABFRL_F2,07/21/2022,10:25:00,266.05,266.05,266.05,266.05,2600,691600
ABFRL_F2,07/21/2022,10:27:00,265.70,265.70,265.70,265.70,26000,691600
ABFRL_F2,07/21/2022,10:28:00,265.50,265.50,265.50,265.50,28600,691600
ABFRL_F2,07/21/2022,10:36:00,265.00,265.00,265.00,265.00,2600,722800
ABFRL_F2,07/21/2022,10:41:00,265.05,265.05,265.05,265.05,2600,722800
ABFRL_F2,07/21/2022,10:58:00,265.70,265.70,265.70,265.70,15600,722800
ABFRL_F2,07/21/2022,11:03:00,266.40,266.40,266.40,266.40,2600,722800
ABFRL_F2,07/21/2022,11:07:00,266.15,266.15,266.15,266.15,2600,725400
ABFRL_F2,07/21/2022,11:13:00,266.40,266.40,266.40,266.40,5200,722800
ABFRL_F2,07/21/2022,11:14:00,266.45,266.45,266.45,266.45,2600,722800
ABFRL_F2,07/21/2022,11:15:00,266.95,266.95,266.95,266.95,5200,722800
ABFRL_F2,07/21/2022,11:17:00,266.95,266.95,266.95,266.95,2600,722800
ABFRL_F2,07/21/2022,11:19:00,266.25,266.25,266.25,266.25,10400,728000
ABFRL_F2,07/21/2022,11:22:00,266.20,266.20,266.20,266.20,2600,728000
ABFRL_F2,07/21/2022,11:23:00,265.50,265.50,265.50,265.50,15600,728000
ABFRL_F2,07/21/2022,11:25:00,266.00,266.00,266.00,266.00,2600,717600
ABFRL_F2,07/21/2022,11:29:00,266.00,266.00,266.00,266.00,2600,720200
ABFRL_F2,07/21/2022,11:32:00,266.10,266.10,266.10,266.10,2600,722800
ABFRL_F2,07/21/2022,11:34:00,266.10,266.10,266.10,266.10,2600,722800
ABFRL_F2,07/21/2022,11:44:00,266.20,266.20,266.20,266.20,2600,720200
ABFRL_F2,07/21/2022,11:47:00,266.00,266.00,266.00,266.00,5200,720200
ABFRL_F2,07/21/2022,12:09:00,264.65,264.70,264.50,264.70,67600,717600
ABFRL_F2,07/21/2022,12:16:00,265.25,265.25,265.25,265.25,2600,735800
ABFRL_F2,07/21/2022,12:21:00,264.90,264.90,264.90,264.90,2600,738400
ABFRL_F2,07/21/2022,12:22:00,264.75,264.75,264.70,264.70,7800,741000
ABFRL_F2,07/21/2022,12:24:00,264.15,264.15,264.15,264.15,2600,748800
ABFRL_F2,07/21/2022,12:26:00,264.40,264.50,264.40,264.50,10400,748800
ABFRL_F2,07/21/2022,12:28:00,264.50,264.50,264.50,264.50,2600,751400
ABFRL_F2,07/21/2022,12:44:00,264.50,264.50,264.50,264.50,2600,754000
ABFRL_F2,07/21/2022,12:59:00,264.10,264.10,264.10,264.10,10400,754000
ABFRL_F2,07/21/2022,13:00:00,263.80,263.80,263.80,263.80,13000,754000
ABFRL_F2,07/21/2022,13:05:00,263.45,263.45,263.45,263.45,5200,769600
ABFRL_F2,07/21/2022,13:06:00,263.50,263.50,263.50,263.50,7800,769600
ABFRL_F2,07/21/2022,13:11:00,263.50,263.50,263.50,263.50,2600,769600
ABFRL_F2,07/21/2022,13:15:00,263.50,263.50,263.50,263.50,2600,772200
ABFRL_F2,07/21/2022,13:27:00,264.50,264.50,264.50,264.50,2600,774800
ABFRL_F2,07/21/2022,13:31:00,265.00,265.00,265.00,265.00,5200,774800
ABFRL_F2,07/21/2022,13:38:00,264.95,264.95,264.95,264.95,7800,769600
ABFRL_F2,07/21/2022,13:43:00,264.95,264.95,264.95,264.95,10400,777400
ABFRL_F2,07/21/2022,13:44:00,265.55,265.85,265.40,265.85,10400,777400
ABFRL_F2,07/21/2022,13:45:00,265.90,265.90,265.90,265.90,2600,767000
ABFRL_F2,07/21/2022,13:53:00,265.90,265.90,265.90,265.90,2600,764400
ABFRL_F2,07/21/2022,13:54:00,265.90,265.90,265.90,265.90,2600,764400
ABFRL_F2,07/21/2022,13:55:00,265.35,265.35,265.20,265.20,5200,767000
ABFRL_F2,07/21/2022,13:56:00,265.50,265.50,265.50,265.50,2600,767000
ABFRL_F2,07/21/2022,13:57:00,265.20,265.20,265.20,265.20,2600,764400
ABFRL_F2,07/21/2022,13:58:00,265.15,265.15,265.15,265.15,2600,764400
ABFRL_F2,07/21/2022,14:03:00,265.50,265.50,265.50,265.50,2600,761800
ABFRL_F2,07/21/2022,14:05:00,265.80,265.80,265.80,265.80,5200,759200
ABFRL_F2,07/21/2022,14:10:00,266.00,266.00,266.00,266.00,2600,759200
ABFRL_F2,07/21/2022,14:14:00,266.20,266.20,266.20,266.20,5200,759200
ABFRL_F2,07/21/2022,14:17:00,266.45,266.45,266.45,266.45,5200,759200
ABFRL_F2,07/21/2022,14:23:00,267.50,267.50,267.50,267.50,28600,756600
ABFRL_F2,07/21/2022,14:24:00,268.00,268.00,268.00,268.00,13000,743600
ABFRL_F2,07/21/2022,14:26:00,267.90,267.90,267.90,267.90,10400,743600
ABFRL_F2,07/21/2022,14:28:00,267.75,267.75,267.75,267.75,2600,738400
ABFRL_F2,07/21/2022,14:31:00,267.90,267.90,267.90,267.90,2600,738400
ABFRL_F2,07/21/2022,14:32:00,267.60,267.60,267.60,267.60,2600,738400
ABFRL_F2,07/21/2022,14:33:00,267.65,267.65,267.65,267.65,2600,738400
ABFRL_F2,07/21/2022,14:34:00,267.75,267.75,267.75,267.75,2600,735800
ABFRL_F2,07/21/2022,14:35:00,268.00,268.00,268.00,268.00,2600,735800
ABFRL_F2,07/21/2022,14:37:00,268.30,268.30,268.30,268.30,5200,735800
ABFRL_F2,07/21/2022,14:38:00,268.30,268.30,268.30,268.30,10400,735800
ABFRL_F2,07/21/2022,14:40:00,268.25,268.25,268.25,268.25,2600,735800
ABFRL_F2,07/21/2022,14:44:00,268.30,268.30,268.30,268.30,2600,728000
ABFRL_F2,07/21/2022,14:46:00,268.00,268.00,267.95,267.95,7800,725400
ABFRL_F2,07/21/2022,14:47:00,268.00,268.00,268.00,268.00,2600,725400
ABFRL_F2,07/21/2022,14:50:00,268.35,268.35,268.35,268.35,2600,720200
ABFRL_F2,07/21/2022,14:53:00,268.35,268.35,268.35,268.35,2600,722800
ABFRL_F2,07/21/2022,14:57:00,268.65,268.65,268.65,268.65,2600,720200
ABFRL_F2,07/21/2022,14:59:00,269.20,269.20,269.20,269.20,23400,717600
ABFRL_F2,07/21/2022,15:00:00,269.20,269.20,268.75,268.75,5200,717600
ABFRL_F2,07/21/2022,15:01:00,269.35,269.35,269.35,269.35,5200,709800
ABFRL_F2,07/21/2022,15:02:00,269.35,269.50,269.35,269.50,20800,709800
ABFRL_F2,07/21/2022,15:03:00,269.65,269.80,269.65,269.80,10400,709800
ABFRL_F2,07/21/2022,15:04:00,269.80,269.80,269.80,269.80,5200,709800
ABFRL_F2,07/21/2022,15:06:00,270.00,270.00,270.00,270.00,5200,709800
ABFRL_F2,07/21/2022,15:07:00,270.15,270.15,270.15,270.15,2600,709800
ABFRL_F2,07/21/2022,15:08:00,270.15,270.15,270.15,270.15,2600,709800
ABFRL_F2,07/21/2022,15:09:00,270.25,270.25,270.10,270.15,15600,709800
ABFRL_F2,07/21/2022,15:10:00,270.20,270.20,270.20,270.20,2600,709800
ABFRL_F2,07/21/2022,15:12:00,270.00,270.45,270.00,270.45,13000,709800
ABFRL_F2,07/21/2022,15:13:00,270.80,270.80,270.80,270.80,15600,715000
ABFRL_F2,07/21/2022,15:14:00,270.70,270.70,270.70,270.70,2600,715000
ABFRL_F2,07/21/2022,15:16:00,270.15,270.15,270.15,270.15,2600,728000
ABFRL_F2,07/21/2022,15:17:00,269.65,269.90,269.65,269.90,15600,728000
ABFRL_F2,07/21/2022,15:18:00,270.00,270.00,269.90,269.90,15600,733200
ABFRL_F2,07/21/2022,15:19:00,270.10,270.10,270.10,270.10,2600,733200
ABFRL_F2,07/21/2022,15:20:00,270.35,270.35,270.35,270.35,2600,733200
ABFRL_F2,07/21/2022,15:21:00,270.50,270.50,270.30,270.30,5200,735800
ABFRL_F2,07/21/2022,15:22:00,270.30,270.50,270.30,270.50,7800,735800
ABFRL_F2,07/21/2022,15:23:00,270.50,270.50,270.50,270.50,5200,735800
ABFRL_F2,07/21/2022,15:24:00,270.00,270.00,270.00,270.00,2600,735800
ABFRL_F2,07/21/2022,15:25:00,270.00,270.00,270.00,270.00,2600,733200
ABFRL_F2,07/21/2022,15:27:00,270.00,270.00,269.80,270.00,13000,735800
ABFRL_F2,07/21/2022,15:28:00,270.00,270.00,270.00,270.00,7800,735800
ABFRL_F2,07/21/2022,15:29:00,270.00,270.00,269.65,269.65,5200,735800
ABFRL_F2,07/21/2022,15:30:00,269.65,269.65,269.65,269.65,5200,735800
ABFRL_F2,07/22/2022,09:15:00,271.50,271.90,271.50,271.90,10402,699400
ABFRL_F2,07/22/2022,09:16:00,270.70,270.70,270.70,270.70,5200,699400
ABFRL_F2,07/22/2022,09:17:00,271.45,271.45,271.45,271.45,2600,704600
ABFRL_F2,07/22/2022,09:19:00,271.45,271.45,271.45,271.45,28600,704600
ABFRL_F2,07/22/2022,09:20:00,271.00,271.00,271.00,271.00,2600,704600
ABFRL_F2,07/22/2022,09:21:00,270.50,270.50,270.50,270.50,5200,720200
ABFRL_F2,07/22/2022,09:22:00,270.75,270.75,270.75,270.75,2600,720200
ABFRL_F2,07/22/2022,09:23:00,270.95,270.95,270.95,270.95,10400,725400
ABFRL_F2,07/22/2022,09:24:00,271.20,271.20,271.20,271.20,2600,725400
ABFRL_F2,07/22/2022,09:25:00,271.00,271.05,271.00,271.05,5200,725400
ABFRL_F2,07/22/2022,09:26:00,270.65,271.00,270.65,271.00,5200,735800
ABFRL_F2,07/22/2022,09:27:00,270.90,271.60,270.90,271.60,7800,735800
ABFRL_F2,07/22/2022,09:28:00,272.30,272.80,272.30,272.80,5200,735800
ABFRL_F2,07/22/2022,09:29:00,272.80,272.80,272.60,272.60,15600,746200
ABFRL_F2,07/22/2022,09:30:00,272.80,272.80,272.80,272.80,2600,746200
ABFRL_F2,07/22/2022,09:31:00,272.20,272.20,272.00,272.00,28600,746200
ABFRL_F2,07/22/2022,09:32:00,271.70,272.40,271.70,272.40,28600,764400
ABFRL_F2,07/22/2022,09:33:00,272.85,273.10,272.85,273.10,5200,764400
ABFRL_F2,07/22/2022,09:35:00,273.10,273.10,272.15,272.15,20800,767000
ABFRL_F2,07/22/2022,09:36:00,272.10,272.20,272.10,272.15,7800,767000
ABFRL_F2,07/22/2022,09:37:00,272.00,272.00,271.90,272.00,13000,767000
ABFRL_F2,07/22/2022,09:38:00,272.05,272.05,271.95,271.95,41600,782600
ABFRL_F2,07/22/2022,09:39:00,271.60,271.60,271.60,271.60,13000,782600
ABFRL_F2,07/22/2022,09:40:00,271.50,271.50,271.50,271.50,7800,782600
ABFRL_F2,07/22/2022,09:41:00,271.60,271.60,271.60,271.60,5200,782600
ABFRL_F2,07/22/2022,09:42:00,271.00,271.00,271.00,271.00,2600,793000
ABFRL_F2,07/22/2022,09:43:00,270.60,270.60,270.60,270.60,2600,793000
ABFRL_F2,07/22/2022,09:44:00,271.45,271.45,270.80,270.80,5200,793000
ABFRL_F2,07/22/2022,09:45:00,271.45,271.45,271.45,271.45,2600,793000
ABFRL_F2,07/22/2022,09:46:00,271.45,271.45,271.45,271.45,5200,793000
ABFRL_F2,07/22/2022,09:47:00,271.85,272.35,271.85,272.35,10400,793000
ABFRL_F2,07/22/2022,09:48:00,272.35,272.35,272.35,272.35,5200,798200
ABFRL_F2,07/22/2022,09:49:00,272.60,272.60,272.60,272.60,7800,798200
ABFRL_F2,07/22/2022,09:53:00,272.40,272.40,272.25,272.25,10400,795600
ABFRL_F2,07/22/2022,09:54:00,272.00,272.00,272.00,272.00,2600,798200
ABFRL_F2,07/22/2022,09:55:00,271.65,271.65,271.65,271.65,2600,798200
ABFRL_F2,07/22/2022,09:56:00,272.00,272.00,272.00,272.00,5200,798200
ABFRL_F2,07/22/2022,09:58:00,272.00,272.00,272.00,272.00,2600,798200
ABFRL_F2,07/22/2022,09:59:00,272.00,272.00,272.00,272.00,2600,795600
ABFRL_F2,07/22/2022,10:00:00,271.65,271.65,271.60,271.60,7800,795600
ABFRL_F2,07/22/2022,10:04:00,271.05,271.60,271.05,271.60,20800,800800
ABFRL_F2,07/22/2022,10:05:00,271.25,271.25,271.25,271.25,10400,800800
ABFRL_F2,07/22/2022,10:08:00,271.20,271.20,271.20,271.20,2600,800800
ABFRL_F2,07/22/2022,10:09:00,271.10,271.30,271.05,271.30,7800,800800
ABFRL_F2,07/22/2022,10:10:00,271.00,271.00,271.00,271.00,5200,800800
ABFRL_F2,07/22/2022,10:11:00,270.80,270.80,270.80,270.80,2600,800800
ABFRL_F2,07/22/2022,10:12:00,270.85,270.85,270.85,270.85,2600,811200
ABFRL_F2,07/22/2022,10:13:00,271.15,271.15,271.15,271.15,5200,811200
ABFRL_F2,07/22/2022,10:15:00,271.15,271.15,271.15,271.15,2600,808600
ABFRL_F2,07/22/2022,10:16:00,271.10,271.10,271.10,271.10,2600,808600
ABFRL_F2,07/22/2022,10:18:00,271.10,271.10,271.10,271.10,2600,808600
ABFRL_F2,07/22/2022,10:23:00,271.15,271.15,271.15,271.15,2600,811200
ABFRL_F2,07/22/2022,10:25:00,271.15,271.15,271.15,271.15,2600,811200
ABFRL_F2,07/22/2022,10:33:00,271.00,271.00,271.00,271.00,2600,808600
ABFRL_F2,07/22/2022,10:34:00,270.95,270.95,270.65,270.65,5200,808600
ABFRL_F2,07/22/2022,10:35:00,270.65,270.65,270.65,270.65,2600,808600
ABFRL_F2,07/22/2022,10:38:00,270.65,270.65,270.65,270.65,5200,808600
ABFRL_F2,07/22/2022,10:39:00,270.65,270.65,270.65,270.65,10400,808600
ABFRL_F2,07/22/2022,10:40:00,270.35,270.35,270.35,270.35,2600,808600
ABFRL_F2,07/22/2022,10:41:00,270.20,270.20,270.15,270.15,5200,819000
ABFRL_F2,07/22/2022,10:42:00,270.15,270.15,270.15,270.15,2600,819000
ABFRL_F2,07/22/2022,10:43:00,270.00,270.00,270.00,270.00,10400,819000
ABFRL_F2,07/22/2022,10:44:00,270.10,270.10,270.10,270.10,2600,819000
ABFRL_F2,07/22/2022,10:45:00,270.10,270.10,270.10,270.10,2600,826800
ABFRL_F2,07/22/2022,10:47:00,270.20,270.20,270.20,270.20,2600,826800
ABFRL_F2,07/22/2022,10:49:00,270.25,270.25,270.25,270.25,2600,826800
ABFRL_F2,07/22/2022,10:54:00,270.30,270.30,270.30,270.30,2600,824200
ABFRL_F2,07/22/2022,11:00:00,270.30,270.30,270.30,270.30,2600,826800
ABFRL_F2,07/22/2022,11:02:00,270.10,270.10,270.10,270.10,2600,826800
ABFRL_F2,07/22/2022,11:06:00,270.30,270.35,270.30,270.35,5200,824200
ABFRL_F2,07/22/2022,11:10:00,270.35,270.35,270.35,270.35,2600,824200
ABFRL_F2,07/22/2022,11:12:00,270.45,270.45,270.45,270.45,2600,821600
ABFRL_F2,07/22/2022,11:13:00,270.75,270.75,270.75,270.75,5200,821600
ABFRL_F2,07/22/2022,11:17:00,270.75,270.75,270.75,270.75,2600,821600
ABFRL_F2,07/22/2022,11:20:00,270.75,270.75,270.75,270.75,2600,829400
ABFRL_F2,07/22/2022,11:27:00,271.10,271.10,271.10,271.10,2600,829400
ABFRL_F2,07/22/2022,11:28:00,271.00,271.00,271.00,271.00,2600,829400
ABFRL_F2,07/22/2022,11:30:00,271.00,271.00,271.00,271.00,2600,829400
ABFRL_F2,07/22/2022,11:32:00,270.75,270.75,270.75,270.75,2600,829400
ABFRL_F2,07/22/2022,11:35:00,270.75,270.75,270.75,270.75,2600,832000
ABFRL_F2,07/22/2022,11:44:00,270.75,270.75,270.75,270.75,5200,834600
ABFRL_F2,07/22/2022,11:54:00,270.75,270.75,270.75,270.75,2600,834600
ABFRL_F2,07/22/2022,11:58:00,270.60,270.60,270.60,270.60,2600,834600
ABFRL_F2,07/22/2022,12:00:00,270.60,270.70,270.60,270.70,5200,834600
ABFRL_F2,07/22/2022,12:01:00,270.80,271.00,270.80,271.00,5200,834600
ABFRL_F2,07/22/2022,12:04:00,271.00,271.00,271.00,271.00,13000,842400
ABFRL_F2,07/22/2022,12:05:00,270.75,270.75,270.75,270.75,2600,842400
ABFRL_F2,07/22/2022,12:11:00,270.85,270.85,270.85,270.85,2600,852800
ABFRL_F2,07/22/2022,12:13:00,270.90,270.90,270.90,270.90,2600,855400
ABFRL_F2,07/22/2022,12:19:00,270.90,270.90,270.90,270.90,2600,855400
ABFRL_F2,07/22/2022,12:20:00,270.60,270.60,270.55,270.55,5200,855400
ABFRL_F2,07/22/2022,12:21:00,270.85,270.85,270.85,270.85,10400,858000
ABFRL_F2,07/22/2022,12:23:00,271.00,271.00,271.00,271.00,2600,858000
ABFRL_F2,07/22/2022,12:29:00,271.10,271.10,271.10,271.10,5200,860600
ABFRL_F2,07/22/2022,12:32:00,271.10,271.10,271.10,271.10,2600,863200
ABFRL_F2,07/22/2022,12:34:00,271.10,271.10,271.10,271.10,2600,865800
ABFRL_F2,07/22/2022,12:40:00,271.10,271.10,271.10,271.10,2600,868400
ABFRL_F2,07/22/2022,12:44:00,270.90,270.90,270.90,270.90,2600,868400
ABFRL_F2,07/22/2022,12:45:00,270.90,270.90,270.90,270.90,2600,871000
ABFRL_F2,07/22/2022,12:46:00,271.00,271.00,270.75,270.75,5200,871000
ABFRL_F2,07/22/2022,12:50:00,271.15,271.15,271.15,271.15,5200,873600
ABFRL_F2,07/22/2022,12:51:00,271.10,271.10,271.10,271.10,2600,876200
ABFRL_F2,07/22/2022,12:53:00,271.35,271.35,271.35,271.35,20800,876200
ABFRL_F2,07/22/2022,12:54:00,271.35,271.35,271.15,271.15,5200,897000
ABFRL_F2,07/22/2022,13:00:00,270.55,270.55,270.55,270.55,5200,899600
ABFRL_F2,07/22/2022,13:02:00,270.25,270.25,270.25,270.25,2600,899600
ABFRL_F2,07/22/2022,13:05:00,270.25,270.25,270.25,270.25,2600,907400
ABFRL_F2,07/22/2022,13:06:00,270.10,270.10,270.10,270.10,2600,907400
ABFRL_F2,07/22/2022,13:07:00,269.50,269.50,269.50,269.50,5200,907400
ABFRL_F2,07/22/2022,13:08:00,269.30,269.30,269.30,269.30,2600,907400
ABFRL_F2,07/22/2022,13:09:00,269.30,269.30,269.30,269.30,2600,910000
ABFRL_F2,07/22/2022,13:10:00,269.55,269.55,269.55,269.55,2600,910000
ABFRL_F2,07/22/2022,13:15:00,269.55,269.55,269.55,269.55,2600,912600
ABFRL_F2,07/22/2022,13:16:00,269.70,269.70,269.70,269.70,2600,912600
ABFRL_F2,07/22/2022,13:20:00,269.50,269.50,269.50,269.50,5200,912600
ABFRL_F2,07/22/2022,13:21:00,269.60,269.60,269.60,269.60,2600,910000
ABFRL_F2,07/22/2022,13:25:00,269.60,269.60,269.60,269.60,2600,912600
ABFRL_F2,07/22/2022,13:26:00,269.00,269.00,269.00,269.00,20800,912600
ABFRL_F2,07/22/2022,13:27:00,268.65,268.65,268.65,268.65,15600,912600
ABFRL_F2,07/22/2022,13:32:00,269.05,269.05,269.05,269.05,2600,912600
ABFRL_F2,07/22/2022,13:33:00,268.75,268.75,268.75,268.75,2600,915200
ABFRL_F2,07/22/2022,13:34:00,268.75,268.75,268.75,268.75,2600,915200
ABFRL_F2,07/22/2022,13:50:00,268.75,268.75,268.75,268.75,2600,917800
ABFRL_F2,07/22/2022,14:00:00,268.75,268.75,268.75,268.75,2600,917800
ABFRL_F2,07/22/2022,14:01:00,268.70,268.70,268.70,268.70,2600,917800
ABFRL_F2,07/22/2022,14:05:00,269.30,269.30,269.30,269.30,5200,920400
ABFRL_F2,07/22/2022,14:06:00,269.50,269.50,269.50,269.50,2600,920400
ABFRL_F2,07/22/2022,14:08:00,269.90,269.90,269.90,269.90,5200,920400
ABFRL_F2,07/22/2022,14:09:00,269.75,269.75,269.20,269.20,5200,920400
ABFRL_F2,07/22/2022,14:10:00,269.20,269.20,269.20,269.20,2600,920400
ABFRL_F2,07/22/2022,14:11:00,269.30,269.30,269.30,269.30,2600,920400
ABFRL_F2,07/22/2022,14:14:00,268.50,268.50,268.50,268.50,2600,917800
ABFRL_F2,07/22/2022,14:15:00,268.50,268.50,268.50,268.50,5200,917800
ABFRL_F2,07/22/2022,14:19:00,268.50,268.50,268.50,268.50,5200,923000
ABFRL_F2,07/22/2022,14:20:00,268.60,268.60,268.60,268.60,2600,923000
ABFRL_F2,07/22/2022,14:22:00,269.35,269.35,269.35,269.35,57200,925600
ABFRL_F2,07/22/2022,14:23:00,269.75,269.95,269.55,269.95,26000,925600
ABFRL_F2,07/22/2022,14:25:00,270.00,270.00,270.00,270.00,2600,1003600
ABFRL_F2,07/22/2022,14:26:00,270.30,270.30,270.30,270.30,2600,1003600
ABFRL_F2,07/22/2022,14:27:00,270.45,270.45,270.45,270.45,10400,1003600
ABFRL_F2,07/22/2022,14:28:00,271.15,271.30,271.10,271.30,26000,1003600
ABFRL_F2,07/22/2022,14:29:00,271.40,271.40,271.40,271.40,5200,1003600
ABFRL_F2,07/22/2022,14:30:00,271.55,271.85,271.50,271.85,10400,1003600
ABFRL_F2,07/22/2022,14:31:00,272.00,272.00,272.00,272.00,2600,1003600
ABFRL_F2,07/22/2022,14:32:00,272.75,272.90,272.75,272.90,26000,1003600
ABFRL_F2,07/22/2022,14:33:00,273.00,273.00,272.55,272.55,13000,1001000
ABFRL_F2,07/22/2022,14:34:00,273.00,273.00,272.30,272.30,31200,1001000
ABFRL_F2,07/22/2022,14:35:00,273.00,273.00,273.00,273.00,10400,1001000
ABFRL_F2,07/22/2022,14:36:00,273.20,273.45,273.20,273.45,10400,1024400
ABFRL_F2,07/22/2022,14:37:00,273.45,273.45,272.40,272.40,13000,1024400
ABFRL_F2,07/22/2022,14:38:00,272.95,273.20,272.70,272.70,15600,1024400
ABFRL_F2,07/22/2022,14:39:00,273.00,273.00,272.70,272.70,15600,1024400
ABFRL_F2,07/22/2022,14:40:00,272.05,272.05,272.05,272.05,2600,1027000
ABFRL_F2,07/22/2022,14:42:00,272.00,272.35,272.00,272.35,13000,1034800
ABFRL_F2,07/22/2022,14:43:00,271.85,271.85,271.75,271.75,5200,1034800
ABFRL_F2,07/22/2022,14:45:00,271.75,271.75,271.75,271.75,59800,1034800
ABFRL_F2,07/22/2022,14:46:00,272.00,272.00,272.00,272.00,2600,1034800
ABFRL_F2,07/22/2022,14:48:00,271.30,271.30,271.30,271.30,10400,1092000
ABFRL_F2,07/22/2022,14:49:00,270.60,270.75,270.60,270.75,5200,1092000
ABFRL_F2,07/22/2022,14:50:00,270.90,271.65,270.90,271.35,10400,1092000
ABFRL_F2,07/22/2022,14:51:00,271.20,271.20,271.20,271.20,28600,1099800
ABFRL_F2,07/22/2022,14:53:00,271.05,271.05,271.05,271.05,2600,1099800
ABFRL_F2,07/22/2022,14:57:00,270.80,270.80,270.80,270.80,2600,1112800
ABFRL_F2,07/22/2022,14:59:00,270.75,270.75,270.75,270.75,2600,1112800
ABFRL_F2,07/22/2022,15:01:00,271.20,271.20,271.20,271.20,2600,1118000
ABFRL_F2,07/22/2022,15:02:00,271.40,271.40,271.40,271.40,2600,1118000
ABFRL_F2,07/22/2022,15:03:00,271.60,271.60,271.60,271.60,26000,1120600
ABFRL_F2,07/22/2022,15:06:00,271.00,271.00,271.00,271.00,2600,1123200
ABFRL_F2,07/22/2022,15:07:00,271.30,271.30,271.25,271.25,15600,1123200
ABFRL_F2,07/22/2022,15:08:00,271.45,271.45,271.45,271.45,20800,1123200
ABFRL_F2,07/22/2022,15:09:00,271.40,271.40,271.40,271.40,2600,1123200
ABFRL_F2,07/22/2022,15:10:00,271.55,271.60,271.55,271.60,20800,1136200
ABFRL_F2,07/22/2022,15:12:00,271.40,271.40,271.40,271.40,7800,1136200
ABFRL_F2,07/22/2022,15:15:00,271.65,271.65,271.65,271.65,33800,1144000
ABFRL_F2,07/22/2022,15:17:00,271.80,271.80,271.80,271.80,2600,1144000
ABFRL_F2,07/22/2022,15:20:00,271.15,271.15,271.15,271.15,2600,1136200
ABFRL_F2,07/22/2022,15:24:00,270.35,270.35,270.35,270.35,10400,1133600
ABFRL_F2,07/22/2022,15:25:00,270.70,270.70,270.60,270.70,10400,1133600
ABFRL_F2,07/22/2022,15:26:00,270.70,270.70,270.70,270.70,5200,1133600
ABFRL_F2,07/22/2022,15:27:00,271.15,271.75,271.15,271.75,7800,1131000
ABFRL_F2,07/22/2022,15:28:00,271.30,271.30,271.30,271.30,2600,1131000
ABFRL_F2,07/22/2022,15:29:00,271.40,271.40,271.40,271.40,5200,1131000
ABFRL_F2,07/22/2022,15:30:00,270.85,270.85,270.85,270.85,2600,1131000
ABFRL_F2,07/25/2022,09:15:00,271.40,271.40,270.75,270.75,7801,1131000
ABFRL_F2,07/25/2022,09:16:00,270.80,271.90,270.80,271.90,26000,1131000
ABFRL_F2,07/25/2022,09:17:00,273.00,273.00,272.60,272.60,20800,1146600
ABFRL_F2,07/25/2022,09:18:00,271.90,271.90,271.80,271.80,10400,1146600
ABFRL_F2,07/25/2022,09:19:00,272.45,272.45,271.75,271.90,18200,1146600
ABFRL_F2,07/25/2022,09:20:00,271.75,271.75,271.60,271.60,18200,1162200
ABFRL_F2,07/25/2022,09:22:00,271.90,272.00,271.90,272.00,7800,1162200
ABFRL_F2,07/25/2022,09:23:00,272.25,272.25,272.25,272.25,5200,1162200
ABFRL_F2,07/25/2022,09:24:00,271.85,271.85,271.85,271.85,2600,1167400
ABFRL_F2,07/25/2022,09:25:00,271.85,271.85,271.85,271.85,23400,1167400
ABFRL_F2,07/25/2022,09:26:00,271.50,271.50,271.20,271.20,13000,1172600
ABFRL_F2,07/25/2022,09:27:00,271.60,271.60,271.60,271.60,7800,1172600
ABFRL_F2,07/25/2022,09:29:00,271.25,271.25,271.25,271.25,2600,1172600
ABFRL_F2,07/25/2022,09:30:00,271.10,271.10,270.90,270.90,10400,1180400
ABFRL_F2,07/25/2022,09:31:00,269.75,270.20,269.75,270.20,18200,1180400
ABFRL_F2,07/25/2022,09:32:00,270.00,270.00,270.00,270.00,2600,1185600
ABFRL_F2,07/25/2022,09:33:00,270.05,270.05,270.05,270.05,2600,1185600
ABFRL_F2,07/25/2022,09:34:00,270.25,270.25,270.25,270.25,2600,1185600
ABFRL_F2,07/25/2022,09:35:00,270.25,270.25,270.25,270.25,2600,1185600
ABFRL_F2,07/25/2022,09:36:00,270.90,271.25,270.90,271.25,7800,1185600
ABFRL_F2,07/25/2022,09:40:00,270.60,270.80,270.60,270.80,5200,1180400
ABFRL_F2,07/25/2022,09:41:00,271.65,271.65,271.65,271.65,2600,1180400
ABFRL_F2,07/25/2022,09:45:00,270.25,270.25,270.25,270.25,7800,1185600
ABFRL_F2,07/25/2022,09:50:00,270.20,270.20,270.20,270.20,2600,1190800
ABFRL_F2,07/25/2022,09:51:00,270.25,270.25,270.25,270.25,5200,1190800
ABFRL_F2,07/25/2022,09:53:00,269.60,269.60,269.60,269.60,5200,1193400
ABFRL_F2,07/25/2022,09:55:00,269.60,269.60,269.60,269.60,2600,1193400
ABFRL_F2,07/25/2022,09:56:00,269.00,269.00,269.00,269.00,2600,1193400
ABFRL_F2,07/25/2022,09:57:00,268.95,268.95,268.95,268.95,10400,1198600
ABFRL_F2,07/25/2022,09:59:00,268.95,269.60,268.95,269.60,5200,1188200
ABFRL_F2,07/25/2022,10:00:00,269.35,269.35,269.35,269.35,2600,1188200
ABFRL_F2,07/25/2022,10:01:00,269.35,269.35,269.35,269.35,2600,1188200
ABFRL_F2,07/25/2022,10:02:00,269.35,269.35,269.35,269.35,7800,1193400
ABFRL_F2,07/25/2022,10:04:00,268.50,270.15,268.50,270.15,54600,1193400
ABFRL_F2,07/25/2022,10:05:00,270.15,270.50,269.90,270.50,28600,1206400
ABFRL_F2,07/25/2022,10:06:00,270.90,271.20,270.90,271.20,26000,1206400
ABFRL_F2,07/25/2022,10:08:00,271.40,271.40,271.40,271.40,5200,1206400
ABFRL_F2,07/25/2022,10:09:00,272.00,272.15,272.00,272.15,13000,1227200
ABFRL_F2,07/25/2022,10:10:00,271.30,271.30,271.30,271.30,7800,1227200
ABFRL_F2,07/25/2022,10:12:00,271.30,271.30,271.30,271.30,2600,1222000
ABFRL_F2,07/25/2022,10:13:00,271.30,271.30,271.30,271.30,10400,1222000
ABFRL_F2,07/25/2022,10:14:00,271.30,271.60,271.30,271.60,5200,1222000
ABFRL_F2,07/25/2022,10:15:00,271.60,271.60,271.60,271.60,10400,1224600
ABFRL_F2,07/25/2022,10:18:00,270.65,270.65,270.65,270.65,2600,1222000
ABFRL_F2,07/25/2022,10:19:00,271.00,271.00,271.00,271.00,5200,1222000
ABFRL_F2,07/25/2022,10:20:00,271.05,271.05,271.05,271.05,13000,1222000
ABFRL_F2,07/25/2022,10:21:00,270.90,271.90,270.90,271.90,119600,1232400
ABFRL_F2,07/25/2022,10:25:00,271.60,271.60,271.60,271.60,2600,1310400
ABFRL_F2,07/25/2022,10:26:00,271.95,271.95,271.05,271.45,28600,1310400
ABFRL_F2,07/25/2022,10:28:00,271.55,271.55,271.55,271.55,2600,1328600
ABFRL_F2,07/25/2022,10:30:00,271.55,271.55,271.55,271.55,2600,1323400
ABFRL_F2,07/25/2022,10:31:00,270.60,270.80,270.60,270.80,33800,1323400
ABFRL_F2,07/25/2022,10:32:00,270.80,270.80,270.80,270.80,5200,1323400
ABFRL_F2,07/25/2022,10:33:00,270.75,271.05,270.75,271.05,13000,1354600
ABFRL_F2,07/25/2022,10:34:00,271.05,271.40,271.05,271.40,7800,1354600
ABFRL_F2,07/25/2022,10:35:00,271.60,272.00,271.60,272.00,15600,1354600
ABFRL_F2,07/25/2022,10:36:00,271.90,272.00,271.90,272.00,7800,1354600
ABFRL_F2,07/25/2022,10:37:00,271.75,271.75,271.75,271.75,2600,1354600
ABFRL_F2,07/25/2022,10:38:00,272.05,272.15,272.05,272.15,5200,1362400
ABFRL_F2,07/25/2022,10:39:00,272.05,272.05,272.05,272.05,2600,1362400
ABFRL_F2,07/25/2022,10:40:00,272.05,272.05,272.05,272.05,2600,1362400
ABFRL_F2,07/25/2022,10:42:00,272.45,272.45,272.45,272.45,18200,1359800
ABFRL_F2,07/25/2022,10:43:00,272.40,272.40,272.40,272.40,2600,1359800
ABFRL_F2,07/25/2022,10:44:00,272.45,272.45,272.45,272.45,2600,1359800
ABFRL_F2,07/25/2022,10:45:00,272.00,272.00,272.00,272.00,5200,1375400
ABFRL_F2,07/25/2022,10:49:00,272.00,272.00,272.00,272.00,2600,1375400
ABFRL_F2,07/25/2022,10:51:00,272.30,272.30,272.15,272.15,10400,1378000
ABFRL_F2,07/25/2022,10:52:00,271.90,271.90,271.70,271.70,7800,1378000
ABFRL_F2,07/25/2022,10:59:00,271.70,271.70,271.55,271.55,5200,1388400
ABFRL_F2,07/25/2022,11:03:00,271.80,271.80,271.80,271.80,2600,1391000
ABFRL_F2,07/25/2022,11:09:00,271.80,271.80,271.80,271.80,5200,1391000
ABFRL_F2,07/25/2022,11:10:00,271.80,271.80,270.65,270.65,62400,1391000
ABFRL_F2,07/25/2022,11:12:00,270.85,270.85,270.85,270.85,5200,1453400
ABFRL_F2,07/25/2022,11:16:00,270.50,270.90,270.50,270.90,26000,1456000
ABFRL_F2,07/25/2022,11:17:00,270.90,270.90,270.90,270.90,10400,1456000
ABFRL_F2,07/25/2022,11:19:00,270.90,270.90,270.90,270.90,5200,1484600
ABFRL_F2,07/25/2022,11:21:00,270.75,270.75,270.75,270.75,2600,1489800
ABFRL_F2,07/25/2022,11:24:00,270.75,270.75,270.55,270.55,13000,1492400
ABFRL_F2,07/25/2022,11:25:00,270.45,271.00,270.45,271.00,75400,1492400
ABFRL_F2,07/25/2022,11:26:00,271.45,271.80,271.45,271.75,31200,1492400
ABFRL_F2,07/25/2022,11:27:00,271.75,271.95,271.45,271.95,111800,1588600
ABFRL_F2,07/25/2022,11:28:00,272.00,272.00,272.00,272.00,2600,1588600
ABFRL_F2,07/25/2022,11:29:00,271.95,271.95,271.95,271.95,10400,1588600
ABFRL_F2,07/25/2022,11:30:00,271.95,271.95,271.95,271.95,13000,1708200
ABFRL_F2,07/25/2022,11:33:00,272.00,272.20,272.00,272.20,166400,1721200
ABFRL_F2,07/25/2022,11:35:00,271.70,271.70,271.70,271.70,2600,1721200
ABFRL_F2,07/25/2022,11:37:00,271.70,271.70,271.70,271.70,7800,1864200
ABFRL_F2,07/25/2022,11:38:00,271.70,271.70,271.70,271.70,2600,1864200
ABFRL_F2,07/25/2022,11:39:00,271.40,271.40,271.40,271.40,2600,1874600
ABFRL_F2,07/25/2022,11:40:00,271.40,271.40,271.40,271.40,2600,1874600
ABFRL_F2,07/25/2022,11:41:00,271.40,271.40,271.40,271.40,2600,1874600
ABFRL_F2,07/25/2022,11:43:00,271.40,271.40,271.20,271.20,7800,1879800
ABFRL_F2,07/25/2022,11:45:00,271.20,271.20,271.20,271.20,2600,1879800
ABFRL_F2,07/25/2022,11:46:00,271.20,271.20,271.20,271.20,2600,1885000
ABFRL_F2,07/25/2022,11:47:00,270.70,270.70,270.70,270.70,18200,1885000
ABFRL_F2,07/25/2022,11:48:00,270.60,270.60,270.60,270.60,2600,1885000
ABFRL_F2,07/25/2022,11:51:00,270.60,270.60,270.60,270.60,5200,1890200
ABFRL_F2,07/25/2022,11:52:00,270.60,270.60,270.60,270.60,5200,1890200
ABFRL_F2,07/25/2022,11:53:00,270.60,270.60,270.60,270.60,2600,1890200
ABFRL_F2,07/25/2022,11:55:00,270.00,270.00,269.80,270.00,85800,1903200
ABFRL_F2,07/25/2022,11:56:00,270.00,270.00,270.00,270.00,2600,1903200
ABFRL_F2,07/25/2022,11:57:00,270.00,270.00,270.00,270.00,2600,1848600
ABFRL_F2,07/25/2022,11:58:00,269.70,269.70,269.70,269.70,5200,1848600
ABFRL_F2,07/25/2022,11:59:00,269.95,270.00,269.95,270.00,13000,1848600
ABFRL_F2,07/25/2022,12:00:00,270.00,270.00,270.00,270.00,80600,1853800
ABFRL_F2,07/25/2022,12:01:00,270.00,270.00,270.00,270.00,15600,1853800
ABFRL_F2,07/25/2022,12:03:00,270.00,270.00,270.00,270.00,5200,1950000
ABFRL_F2,07/25/2022,12:04:00,270.00,270.00,270.00,270.00,2600,1950000
ABFRL_F2,07/25/2022,12:05:00,269.75,269.75,269.75,269.75,7800,1950000
ABFRL_F2,07/25/2022,12:06:00,269.90,269.90,269.35,269.45,67600,1957800
ABFRL_F2,07/25/2022,12:07:00,269.40,269.40,269.00,269.00,20800,1957800
ABFRL_F2,07/25/2022,12:08:00,269.00,269.60,269.00,269.60,39000,1957800
ABFRL_F2,07/25/2022,12:09:00,269.60,269.60,269.60,269.60,2600,1882400
ABFRL_F2,07/25/2022,12:11:00,269.60,269.60,269.55,269.55,5200,1882400
ABFRL_F2,07/25/2022,12:12:00,269.55,269.55,269.55,269.55,2600,1885000
ABFRL_F2,07/25/2022,12:13:00,269.55,269.55,269.55,269.55,2600,1885000
ABFRL_F2,07/25/2022,12:14:00,269.30,269.30,269.30,269.30,2600,1885000
ABFRL_F2,07/25/2022,12:15:00,269.25,269.25,269.25,269.25,72800,1887600
ABFRL_F2,07/25/2022,12:16:00,269.25,269.25,269.25,269.25,28600,1887600
ABFRL_F2,07/25/2022,12:17:00,269.25,269.25,269.25,269.25,2600,1887600
ABFRL_F2,07/25/2022,12:22:00,269.65,269.65,269.65,269.65,2600,1989000
ABFRL_F2,07/25/2022,12:23:00,269.65,269.65,269.65,269.65,5200,1989000
ABFRL_F2,07/25/2022,12:25:00,269.75,269.75,269.75,269.75,2600,1994200
ABFRL_F2,07/25/2022,12:26:00,269.50,269.50,269.35,269.35,13000,1994200
ABFRL_F2,07/25/2022,12:28:00,269.35,269.35,269.35,269.35,2600,2007200
ABFRL_F2,07/25/2022,12:31:00,269.45,269.45,269.45,269.45,2600,2009800
ABFRL_F2,07/25/2022,12:32:00,269.35,269.35,269.25,269.25,10400,2009800
ABFRL_F2,07/25/2022,12:34:00,269.55,269.55,269.55,269.55,5200,2020200
ABFRL_F2,07/25/2022,12:36:00,269.50,269.50,269.50,269.50,5200,2020200
ABFRL_F2,07/25/2022,12:38:00,269.50,269.50,269.50,269.50,2600,2020200
ABFRL_F2,07/25/2022,12:39:00,269.65,269.65,269.65,269.65,7800,2020200
ABFRL_F2,07/25/2022,12:40:00,269.65,269.90,269.65,269.90,7800,2025400
ABFRL_F2,07/25/2022,12:41:00,269.90,269.90,269.90,269.90,2600,2025400
ABFRL_F2,07/25/2022,12:42:00,269.80,269.80,269.80,269.80,5200,2030600
ABFRL_F2,07/25/2022,12:44:00,269.95,270.05,269.95,270.05,7800,2030600
ABFRL_F2,07/25/2022,12:48:00,270.05,270.05,270.05,270.05,2600,2028000
ABFRL_F2,07/25/2022,12:50:00,270.00,270.00,270.00,270.00,5200,2030600
ABFRL_F2,07/25/2022,12:53:00,269.65,269.95,269.65,269.95,13000,2033200
ABFRL_F2,07/25/2022,12:54:00,269.50,269.50,269.50,269.50,2600,2033200
ABFRL_F2,07/25/2022,12:58:00,269.50,269.50,269.50,269.50,2600,2030600
ABFRL_F2,07/25/2022,12:59:00,269.50,269.50,269.50,269.50,2600,2030600
ABFRL_F2,07/25/2022,13:03:00,269.00,269.00,269.00,269.00,5200,2035800
ABFRL_F2,07/25/2022,13:05:00,269.00,269.00,269.00,269.00,2600,2035800
ABFRL_F2,07/25/2022,13:06:00,269.20,269.40,269.20,269.40,5200,2043600
ABFRL_F2,07/25/2022,13:08:00,269.40,269.40,269.40,269.40,2600,2043600
ABFRL_F2,07/25/2022,13:11:00,269.80,269.80,269.80,269.80,7800,2048800
ABFRL_F2,07/25/2022,13:14:00,270.00,270.00,270.00,270.00,5200,2051400
ABFRL_F2,07/25/2022,13:16:00,270.05,270.05,270.05,270.05,2600,2056600
ABFRL_F2,07/25/2022,13:17:00,270.05,270.05,270.05,270.05,2600,2056600
ABFRL_F2,07/25/2022,13:18:00,270.05,270.05,270.05,270.05,2600,2056600
ABFRL_F2,07/25/2022,13:20:00,269.50,269.50,269.50,269.50,2600,2061800
ABFRL_F2,07/25/2022,13:22:00,269.75,269.75,269.75,269.75,5200,2064400
ABFRL_F2,07/25/2022,13:23:00,269.70,269.70,269.70,269.70,5200,2064400
ABFRL_F2,07/25/2022,13:25:00,269.40,269.40,269.40,269.40,2600,2072200
ABFRL_F2,07/25/2022,13:28:00,269.30,269.30,269.25,269.25,7800,2072200
ABFRL_F2,07/25/2022,13:30:00,269.20,269.20,268.95,268.95,10400,2080000
ABFRL_F2,07/25/2022,13:32:00,269.20,269.20,269.00,269.00,5200,2080000
ABFRL_F2,07/25/2022,13:33:00,268.80,268.80,268.80,268.80,7800,2080000
ABFRL_F2,07/25/2022,13:34:00,268.60,268.60,268.60,268.60,2600,2082600
ABFRL_F2,07/25/2022,13:35:00,268.60,268.60,268.60,268.60,5200,2082600
ABFRL_F2,07/25/2022,13:38:00,269.00,269.00,269.00,269.00,18200,2090400
ABFRL_F2,07/25/2022,13:39:00,269.00,269.20,269.00,269.20,13000,2090400
ABFRL_F2,07/25/2022,13:40:00,269.20,269.20,269.20,269.20,10400,2106000
ABFRL_F2,07/25/2022,13:41:00,269.20,269.20,269.20,269.20,13000,2106000
ABFRL_F2,07/25/2022,13:42:00,269.20,269.20,269.20,269.20,2600,2129400
ABFRL_F2,07/25/2022,13:45:00,269.20,269.20,269.20,269.20,7800,2129400
ABFRL_F2,07/25/2022,13:47:00,269.35,269.35,269.35,269.35,2600,2139800
ABFRL_F2,07/25/2022,13:48:00,269.35,269.50,269.35,269.50,23400,2163200
ABFRL_F2,07/25/2022,13:49:00,269.50,269.50,269.50,269.50,2600,2163200
ABFRL_F2,07/25/2022,13:51:00,269.00,269.00,269.00,269.00,2600,2163200
ABFRL_F2,07/25/2022,13:52:00,268.55,268.55,268.45,268.45,10400,2163200
ABFRL_F2,07/25/2022,13:53:00,268.45,268.45,268.45,268.45,2600,2163200
ABFRL_F2,07/25/2022,13:55:00,267.70,268.40,267.70,268.40,28600,2171000
ABFRL_F2,07/25/2022,13:56:00,268.65,268.75,268.65,268.75,10400,2171000
ABFRL_F2,07/25/2022,13:58:00,268.90,268.90,268.75,268.75,7800,2176200
ABFRL_F2,07/25/2022,13:59:00,268.75,268.75,268.75,268.75,2600,2176200
ABFRL_F2,07/25/2022,14:00:00,269.10,269.10,269.10,269.10,2600,2176200
ABFRL_F2,07/25/2022,14:01:00,269.10,269.10,269.10,269.10,2600,2178800
ABFRL_F2,07/25/2022,14:02:00,269.10,269.10,269.10,269.10,5200,2178800
ABFRL_F2,07/25/2022,14:04:00,269.10,269.10,269.10,269.10,2600,2186600
ABFRL_F2,07/25/2022,14:08:00,269.10,269.10,269.10,269.10,2600,2184000
ABFRL_F2,07/25/2022,14:11:00,269.45,269.50,269.45,269.50,7800,2189200
ABFRL_F2,07/25/2022,14:12:00,269.45,269.45,269.45,269.45,13000,2189200
ABFRL_F2,07/25/2022,14:13:00,269.50,269.75,269.50,269.75,18200,2202200
ABFRL_F2,07/25/2022,14:19:00,269.60,269.90,269.60,269.90,18200,2207400
ABFRL_F2,07/25/2022,14:22:00,270.05,270.05,270.00,270.00,5200,2215200
ABFRL_F2,07/25/2022,14:27:00,270.05,270.05,270.00,270.00,5200,2217800
ABFRL_F2,07/25/2022,14:28:00,270.00,270.00,270.00,270.00,208000,2220400
ABFRL_F2,07/25/2022,14:29:00,270.00,270.00,270.00,270.00,2600,2220400
ABFRL_F2,07/25/2022,14:30:00,270.00,270.00,270.00,270.00,39000,2433600
ABFRL_F2,07/25/2022,14:31:00,269.75,269.75,269.75,269.75,5200,2433600
ABFRL_F2,07/25/2022,14:32:00,269.40,269.40,269.40,269.40,2600,2433600
ABFRL_F2,07/25/2022,14:36:00,269.80,269.85,269.80,269.85,5200,2464800
ABFRL_F2,07/25/2022,14:40:00,269.40,269.40,269.40,269.40,7800,2467400
ABFRL_F2,07/25/2022,14:42:00,269.25,269.50,269.25,269.50,7800,2464800
ABFRL_F2,07/25/2022,14:45:00,269.50,269.50,269.30,269.30,5200,2464800
ABFRL_F2,07/25/2022,14:47:00,269.45,269.65,269.45,269.65,7800,2467400
ABFRL_F2,07/25/2022,14:49:00,269.65,269.65,269.65,269.65,2600,2464800
ABFRL_F2,07/25/2022,14:50:00,269.65,269.65,269.65,269.65,7800,2464800
ABFRL_F2,07/25/2022,14:51:00,269.50,269.50,269.50,269.50,2600,2464800
ABFRL_F2,07/25/2022,14:52:00,269.35,269.35,269.35,269.35,10400,2475200
ABFRL_F2,07/25/2022,14:54:00,268.75,268.90,268.75,268.90,13000,2477800
ABFRL_F2,07/25/2022,14:57:00,269.10,269.10,269.10,269.10,2600,2477800
ABFRL_F2,07/25/2022,14:58:00,269.40,269.40,269.40,269.40,15600,2477800
ABFRL_F2,07/25/2022,15:00:00,268.80,268.80,268.80,268.80,7800,2477800
ABFRL_F2,07/25/2022,15:01:00,268.70,268.70,268.70,268.70,10400,2493400
ABFRL_F2,07/25/2022,15:02:00,268.80,268.80,268.80,268.80,7800,2493400
ABFRL_F2,07/25/2022,15:03:00,268.80,268.80,268.60,268.60,7800,2485600
ABFRL_F2,07/25/2022,15:05:00,268.85,268.90,268.85,268.90,5200,2485600
ABFRL_F2,07/25/2022,15:07:00,269.40,269.40,269.40,269.40,7800,2490800
ABFRL_F2,07/25/2022,15:11:00,269.25,269.25,269.25,269.25,7800,2496000
ABFRL_F2,07/25/2022,15:13:00,269.30,269.30,269.30,269.30,5200,2503800
ABFRL_F2,07/25/2022,15:15:00,269.00,269.00,269.00,269.00,2600,2503800
ABFRL_F2,07/25/2022,15:17:00,269.00,269.10,269.00,269.10,7800,2506400
ABFRL_F2,07/25/2022,15:19:00,269.10,269.10,269.10,269.10,2600,2506400
ABFRL_F2,07/25/2022,15:20:00,269.00,269.00,269.00,269.00,2600,2506400
ABFRL_F2,07/25/2022,15:22:00,269.00,269.00,269.00,269.00,5200,2509000
ABFRL_F2,07/25/2022,15:23:00,269.10,269.20,269.10,269.20,5200,2509000
ABFRL_F2,07/25/2022,15:24:00,269.00,269.00,269.00,269.00,2600,2509000
ABFRL_F2,07/25/2022,15:25:00,269.40,269.40,269.40,269.40,2600,2503800
ABFRL_F2,07/25/2022,15:28:00,268.85,268.85,268.85,268.85,2600,2503800
ABFRL_F2,07/25/2022,15:29:00,269.25,269.25,269.25,269.25,2600,2501200
ABFRL_F2,07/26/2022,09:15:00,269.25,269.25,269.25,269.25,2600,2480400
ABFRL_F2,07/26/2022,09:16:00,268.10,268.10,268.10,268.10,2600,2480400
ABFRL_F2,07/26/2022,09:17:00,268.10,268.10,267.85,267.85,7800,2480400
ABFRL_F2,07/26/2022,09:19:00,268.50,268.50,268.50,268.50,7800,2485600
ABFRL_F2,07/26/2022,09:20:00,269.00,269.00,269.00,269.00,5200,2485600
ABFRL_F2,07/26/2022,09:21:00,269.00,269.00,269.00,269.00,2600,2488200
ABFRL_F2,07/26/2022,09:22:00,268.55,268.55,268.55,268.55,2600,2488200
ABFRL_F2,07/26/2022,09:24:00,269.25,269.25,269.25,269.25,15600,2480400
ABFRL_F2,07/26/2022,09:25:00,269.35,269.35,269.35,269.35,18200,2480400
ABFRL_F2,07/26/2022,09:26:00,269.55,269.55,269.55,269.55,2600,2480400
ABFRL_F2,07/26/2022,09:27:00,269.90,270.50,269.90,270.50,7800,2501200
ABFRL_F2,07/26/2022,09:28:00,270.50,270.50,270.25,270.25,5200,2501200
ABFRL_F2,07/26/2022,09:29:00,269.90,269.90,269.90,269.90,13000,2501200
ABFRL_F2,07/26/2022,09:30:00,270.30,270.30,270.20,270.20,20800,2509000
ABFRL_F2,07/26/2022,09:31:00,270.15,270.15,270.15,270.15,5200,2509000
ABFRL_F2,07/26/2022,09:32:00,270.15,270.15,269.80,269.80,5200,2522000
ABFRL_F2,07/26/2022,09:33:00,269.30,269.30,269.30,269.30,2600,2522000
ABFRL_F2,07/26/2022,09:34:00,268.95,268.95,268.90,268.90,5200,2522000
ABFRL_F2,07/26/2022,09:35:00,268.90,268.90,268.90,268.90,7800,2522000
ABFRL_F2,07/26/2022,09:38:00,269.30,269.30,269.30,269.30,10400,2532400
ABFRL_F2,07/26/2022,09:40:00,269.30,269.30,269.20,269.20,5200,2542800
ABFRL_F2,07/26/2022,09:41:00,269.20,269.50,269.20,269.50,7800,2542800
ABFRL_F2,07/26/2022,09:42:00,269.40,269.40,269.35,269.35,7800,2545400
ABFRL_F2,07/26/2022,09:44:00,269.35,269.35,269.35,269.35,2600,2548000
ABFRL_F2,07/26/2022,09:46:00,269.35,269.35,269.35,269.35,2600,2548000
ABFRL_F2,07/26/2022,09:47:00,269.25,269.25,269.25,269.25,2600,2548000
ABFRL_F2,07/26/2022,09:48:00,269.25,269.25,269.25,269.25,2600,2553200
ABFRL_F2,07/26/2022,09:49:00,269.25,269.25,269.25,269.25,5200,2553200
ABFRL_F2,07/26/2022,09:50:00,269.55,269.55,269.55,269.55,2600,2553200
ABFRL_F2,07/26/2022,09:51:00,269.50,269.50,269.50,269.50,5200,2563600
ABFRL_F2,07/26/2022,09:52:00,269.85,269.85,269.85,269.85,7800,2563600
ABFRL_F2,07/26/2022,09:53:00,269.85,269.85,269.85,269.85,2600,2563600
ABFRL_F2,07/26/2022,09:55:00,269.85,269.85,269.85,269.85,2600,2561000
ABFRL_F2,07/26/2022,09:56:00,269.65,269.85,269.65,269.85,23400,2561000
ABFRL_F2,07/26/2022,09:57:00,269.85,269.85,269.85,269.85,2600,2561000
ABFRL_F2,07/26/2022,09:59:00,269.30,269.30,269.30,269.30,5200,2561000
ABFRL_F2,07/26/2022,10:00:00,269.00,269.00,268.55,268.70,18200,2566200
ABFRL_F2,07/26/2022,10:01:00,269.00,269.00,269.00,269.00,10400,2566200
ABFRL_F2,07/26/2022,10:04:00,268.70,268.70,267.85,267.95,44200,2579200
ABFRL_F2,07/26/2022,10:05:00,267.95,267.95,267.95,267.95,2600,2579200
ABFRL_F2,07/26/2022,10:06:00,267.95,267.95,267.95,267.95,2600,2597400
ABFRL_F2,07/26/2022,10:07:00,268.25,268.25,268.25,268.25,7800,2597400
ABFRL_F2,07/26/2022,10:08:00,268.25,268.30,268.25,268.30,59800,2597400
ABFRL_F2,07/26/2022,10:09:00,268.30,268.30,268.25,268.25,5200,2657200
ABFRL_F2,07/26/2022,10:10:00,267.70,267.70,267.70,267.70,5200,2657200
ABFRL_F2,07/26/2022,10:12:00,268.10,268.10,268.10,268.10,2600,2665000
ABFRL_F2,07/26/2022,10:13:00,268.10,268.10,268.10,268.10,2600,2665000
ABFRL_F2,07/26/2022,10:14:00,268.10,268.10,268.10,268.10,2600,2670200
ABFRL_F2,07/26/2022,10:16:00,268.10,268.10,267.95,267.95,15600,2670200
ABFRL_F2,07/26/2022,10:17:00,267.95,267.95,267.95,267.95,2600,2670200
ABFRL_F2,07/26/2022,10:18:00,267.70,267.70,267.70,267.70,15600,2683200
ABFRL_F2,07/26/2022,10:19:00,267.70,267.70,267.70,267.70,70200,2683200
ABFRL_F2,07/26/2022,10:20:00,268.00,268.00,268.00,268.00,2600,2683200
ABFRL_F2,07/26/2022,10:21:00,268.00,268.00,267.70,267.70,15600,2763800
ABFRL_F2,07/26/2022,10:23:00,267.70,267.70,267.50,267.50,13000,2763800
ABFRL_F2,07/26/2022,10:24:00,267.70,267.70,267.10,267.60,57200,2789800
ABFRL_F2,07/26/2022,10:26:00,267.50,267.50,267.50,267.50,2600,2789800
ABFRL_F2,07/26/2022,10:27:00,267.60,267.60,267.60,267.60,2600,2802800
ABFRL_F2,07/26/2022,10:28:00,267.60,267.60,267.50,267.50,7800,2802800
ABFRL_F2,07/26/2022,10:29:00,267.35,267.35,267.35,267.35,5200,2813200
ABFRL_F2,07/26/2022,10:30:00,267.35,267.35,267.20,267.20,7800,2813200
ABFRL_F2,07/26/2022,10:31:00,267.20,267.20,267.20,267.20,67600,2813200
ABFRL_F2,07/26/2022,10:32:00,267.35,267.35,267.30,267.30,5200,2813200
ABFRL_F2,07/26/2022,10:33:00,267.25,267.25,267.20,267.20,10400,2891200
ABFRL_F2,07/26/2022,10:34:00,267.50,267.50,267.50,267.50,5200,2891200
ABFRL_F2,07/26/2022,10:35:00,267.25,267.25,267.25,267.25,7800,2901600
ABFRL_F2,07/26/2022,10:39:00,267.55,267.55,267.55,267.55,13000,2904200
ABFRL_F2,07/26/2022,10:40:00,267.55,267.55,267.55,267.55,2600,2904200
ABFRL_F2,07/26/2022,10:41:00,267.55,267.55,267.55,267.55,20800,2904200
ABFRL_F2,07/26/2022,10:42:00,267.55,267.55,267.55,267.55,31200,2940600
ABFRL_F2,07/26/2022,10:43:00,267.55,267.75,267.50,267.75,140400,2940600
ABFRL_F2,07/26/2022,10:44:00,267.75,267.75,267.75,267.75,5200,2940600
ABFRL_F2,07/26/2022,10:45:00,267.60,267.60,267.60,267.60,13000,3107000
ABFRL_F2,07/26/2022,10:47:00,267.60,267.60,267.60,267.60,2600,3107000
ABFRL_F2,07/26/2022,10:48:00,267.60,267.60,267.60,267.60,7800,3122600
ABFRL_F2,07/26/2022,10:49:00,267.40,267.40,267.40,267.40,7800,3122600
ABFRL_F2,07/26/2022,10:50:00,267.05,267.25,267.05,267.25,26000,3122600
ABFRL_F2,07/26/2022,10:52:00,267.40,267.40,267.40,267.40,2600,3151200
ABFRL_F2,07/26/2022,10:54:00,267.40,267.40,267.40,267.40,7800,3153800
ABFRL_F2,07/26/2022,10:55:00,267.40,267.40,267.40,267.40,2600,3153800
ABFRL_F2,07/26/2022,10:56:00,267.00,267.00,266.85,266.85,23400,3153800
ABFRL_F2,07/26/2022,10:57:00,267.05,267.05,267.05,267.05,2600,3179800
ABFRL_F2,07/26/2022,10:58:00,267.05,267.05,267.05,267.05,5200,3179800
ABFRL_F2,07/26/2022,11:00:00,267.05,267.05,266.95,266.95,13000,3185000
ABFRL_F2,07/26/2022,11:01:00,267.00,267.00,266.90,266.90,7800,3185000
ABFRL_F2,07/26/2022,11:02:00,266.90,266.90,266.85,266.85,5200,3185000
ABFRL_F2,07/26/2022,11:03:00,266.85,266.85,266.85,266.85,2600,3195400
ABFRL_F2,07/26/2022,11:04:00,266.85,266.85,266.85,266.85,2600,3195400
ABFRL_F2,07/26/2022,11:05:00,266.85,266.85,266.85,266.85,5200,3195400
ABFRL_F2,07/26/2022,11:07:00,267.10,267.10,267.10,267.10,5200,3203200
ABFRL_F2,07/26/2022,11:08:00,267.10,267.10,267.10,267.10,2600,3203200
ABFRL_F2,07/26/2022,11:09:00,267.00,267.00,266.75,266.75,13000,3205800
ABFRL_F2,07/26/2022,11:10:00,266.75,266.75,266.75,266.75,2600,3205800
ABFRL_F2,07/26/2022,11:11:00,266.75,266.75,266.75,266.75,5200,3205800
ABFRL_F2,07/26/2022,11:13:00,266.75,266.75,266.75,266.75,5200,3218800
ABFRL_F2,07/26/2022,11:14:00,266.75,266.75,266.75,266.75,2600,3218800
ABFRL_F2,07/26/2022,11:15:00,266.65,266.65,266.65,266.65,5200,3226600
ABFRL_F2,07/26/2022,11:16:00,266.60,266.60,266.60,266.60,7800,3226600
ABFRL_F2,07/26/2022,11:18:00,266.60,266.60,266.60,266.60,2600,3234400
ABFRL_F2,07/26/2022,11:19:00,266.60,266.85,266.60,266.85,10400,3234400
ABFRL_F2,07/26/2022,11:21:00,266.85,266.85,266.85,266.85,5200,3244800
ABFRL_F2,07/26/2022,11:22:00,266.90,266.90,266.55,266.55,5200,3244800
ABFRL_F2,07/26/2022,11:23:00,266.55,266.55,266.55,266.55,2600,3244800
ABFRL_F2,07/26/2022,11:24:00,266.55,266.55,266.55,266.55,5200,3252600
ABFRL_F2,07/26/2022,11:25:00,266.55,266.55,266.55,266.55,2600,3252600
ABFRL_F2,07/26/2022,11:26:00,266.90,266.90,266.90,266.90,5200,3252600
ABFRL_F2,07/26/2022,11:27:00,266.90,266.90,266.90,266.90,2600,3263000
ABFRL_F2,07/26/2022,11:28:00,266.65,266.65,266.65,266.65,5200,3263000
ABFRL_F2,07/26/2022,11:29:00,266.70,266.70,266.70,266.70,7800,3263000
ABFRL_F2,07/26/2022,11:30:00,266.70,266.70,266.70,266.70,2600,3268200
ABFRL_F2,07/26/2022,11:31:00,266.70,266.70,266.70,266.70,7800,3268200
ABFRL_F2,07/26/2022,11:33:00,266.70,266.70,266.70,266.70,2600,3278600
ABFRL_F2,07/26/2022,11:34:00,266.70,266.70,266.70,266.70,2600,3278600
ABFRL_F2,07/26/2022,11:36:00,266.70,266.70,266.70,266.70,5200,3283800
ABFRL_F2,07/26/2022,11:39:00,266.70,266.70,266.65,266.65,28600,3304600
ABFRL_F2,07/26/2022,11:41:00,266.65,266.65,266.60,266.60,7800,3304600
ABFRL_F2,07/26/2022,11:42:00,266.60,266.60,266.60,266.60,5200,3317600
ABFRL_F2,07/26/2022,11:43:00,266.60,266.70,266.60,266.70,5200,3317600
ABFRL_F2,07/26/2022,11:44:00,266.45,266.45,266.45,266.45,31200,3317600
ABFRL_F2,07/26/2022,11:46:00,266.45,266.45,266.45,266.45,2600,3354000
ABFRL_F2,07/26/2022,11:47:00,266.45,266.45,266.45,266.45,5200,3354000
ABFRL_F2,07/26/2022,11:48:00,266.45,266.45,266.45,266.45,5200,3361800
ABFRL_F2,07/26/2022,11:49:00,266.35,266.35,266.35,266.35,2600,3361800
ABFRL_F2,07/26/2022,11:50:00,266.35,266.35,266.35,266.35,5200,3361800
ABFRL_F2,07/26/2022,11:52:00,266.35,266.40,266.35,266.40,13000,3372200
ABFRL_F2,07/26/2022,11:53:00,266.40,266.40,266.40,266.40,2600,3372200
ABFRL_F2,07/26/2022,11:54:00,266.60,266.60,266.60,266.60,7800,3390400
ABFRL_F2,07/26/2022,11:55:00,266.60,266.60,266.60,266.60,2600,3390400
ABFRL_F2,07/26/2022,11:57:00,266.60,266.60,266.60,266.60,5200,3398200
ABFRL_F2,07/26/2022,11:58:00,266.60,266.60,266.60,266.60,5200,3398200
ABFRL_F2,07/26/2022,11:59:00,267.00,267.00,267.00,267.00,20800,3398200
ABFRL_F2,07/26/2022,12:00:00,266.95,266.95,266.95,266.95,13000,3424200
ABFRL_F2,07/26/2022,12:01:00,267.50,267.50,267.50,267.50,13000,3424200
ABFRL_F2,07/26/2022,12:02:00,267.30,267.30,267.30,267.30,5200,3424200
ABFRL_F2,07/26/2022,12:03:00,267.20,267.20,267.20,267.20,5200,3432000
ABFRL_F2,07/26/2022,12:04:00,267.20,267.20,267.10,267.10,18200,3432000
ABFRL_F2,07/26/2022,12:05:00,267.50,267.60,267.50,267.60,39000,3432000
ABFRL_F2,07/26/2022,12:06:00,267.65,267.65,267.65,267.65,7800,3471000
ABFRL_F2,07/26/2022,12:08:00,267.80,267.80,267.80,267.80,13000,3471000
ABFRL_F2,07/26/2022,12:09:00,267.80,267.80,267.80,267.80,2600,3486600
ABFRL_F2,07/26/2022,12:11:00,267.25,267.25,267.25,267.25,2600,3486600
ABFRL_F2,07/26/2022,12:13:00,267.75,267.95,267.75,267.95,20800,3489200
ABFRL_F2,07/26/2022,12:14:00,267.60,268.10,267.60,268.10,210600,3489200
ABFRL_F2,07/26/2022,12:15:00,268.10,268.10,268.10,268.10,5200,3702400
ABFRL_F2,07/26/2022,12:16:00,267.85,267.85,267.85,267.85,2600,3702400
ABFRL_F2,07/26/2022,12:18:00,267.65,267.65,267.50,267.50,137800,3705000
ABFRL_F2,07/26/2022,12:19:00,267.70,267.70,267.70,267.70,2600,3705000
ABFRL_F2,07/26/2022,12:20:00,267.70,267.80,267.70,267.80,5200,3705000
ABFRL_F2,07/26/2022,12:21:00,267.75,267.75,267.75,267.75,2600,3715400
ABFRL_F2,07/26/2022,12:22:00,267.75,267.75,267.75,267.75,2600,3715400
ABFRL_F2,07/26/2022,12:23:00,267.40,267.40,267.40,267.40,10400,3715400
ABFRL_F2,07/26/2022,12:24:00,267.40,267.80,267.40,267.80,10400,3725800
ABFRL_F2,07/26/2022,12:25:00,267.85,267.85,267.85,267.85,2600,3725800
ABFRL_F2,07/26/2022,12:26:00,267.85,267.85,267.85,267.85,2600,3725800
ABFRL_F2,07/26/2022,12:29:00,267.85,267.85,267.10,267.10,7800,3736200
ABFRL_F2,07/26/2022,12:30:00,267.10,267.45,267.10,267.45,13000,3746600
ABFRL_F2,07/26/2022,12:31:00,267.90,268.20,267.90,268.20,13000,3746600
ABFRL_F2,07/26/2022,12:32:00,268.10,268.30,268.10,268.30,10400,3746600
ABFRL_F2,07/26/2022,12:33:00,268.25,268.25,268.25,268.25,2600,3744000
ABFRL_F2,07/26/2022,12:34:00,268.10,268.10,268.10,268.10,7800,3744000
ABFRL_F2,07/26/2022,12:35:00,268.10,268.10,268.10,268.10,33800,3744000
ABFRL_F2,07/26/2022,12:37:00,268.10,268.10,268.05,268.05,7800,3783000
ABFRL_F2,07/26/2022,12:39:00,268.80,268.80,268.80,268.80,44200,3788200
ABFRL_F2,07/26/2022,12:40:00,268.80,268.80,268.80,268.80,5200,3788200
ABFRL_F2,07/26/2022,12:41:00,268.50,268.50,268.50,268.50,5200,3788200
ABFRL_F2,07/26/2022,12:44:00,268.50,268.50,268.50,268.50,7800,3819400
ABFRL_F2,07/26/2022,12:45:00,268.50,268.50,268.50,268.50,2600,3819400
ABFRL_F2,07/26/2022,12:46:00,268.50,268.50,268.50,268.50,7800,3829800
ABFRL_F2,07/26/2022,12:49:00,268.50,268.50,268.50,268.50,2600,3832400
ABFRL_F2,07/26/2022,12:50:00,268.50,268.50,267.65,267.65,7800,3832400
ABFRL_F2,07/26/2022,12:52:00,267.65,267.65,267.65,267.65,2600,3837600
ABFRL_F2,07/26/2022,12:54:00,267.85,267.85,267.85,267.85,2600,3840200
ABFRL_F2,07/26/2022,12:55:00,267.85,267.85,267.85,267.85,2600,3840200
ABFRL_F2,07/26/2022,12:56:00,267.85,267.85,267.85,267.85,5200,3840200
ABFRL_F2,07/26/2022,12:58:00,267.85,267.85,267.85,267.85,5200,3845400
ABFRL_F2,07/26/2022,12:59:00,267.70,267.70,267.70,267.70,5200,3845400
ABFRL_F2,07/26/2022,13:01:00,267.70,267.70,267.70,267.70,2600,3848000
ABFRL_F2,07/26/2022,13:02:00,267.40,267.40,267.40,267.40,5200,3848000
ABFRL_F2,07/26/2022,13:04:00,267.40,267.40,267.40,267.40,5200,3850600
ABFRL_F2,07/26/2022,13:05:00,267.40,267.40,267.40,267.40,2600,3850600
ABFRL_F2,07/26/2022,13:06:00,267.20,267.20,267.05,267.05,23400,3861000
ABFRL_F2,07/26/2022,13:08:00,267.25,267.25,267.25,267.25,5200,3861000
ABFRL_F2,07/26/2022,13:09:00,267.25,267.25,267.25,267.25,59800,3874000
ABFRL_F2,07/26/2022,13:11:00,267.55,267.55,267.55,267.55,7800,3874000
ABFRL_F2,07/26/2022,13:14:00,267.55,267.55,267.55,267.55,5200,3933800
ABFRL_F2,07/26/2022,13:15:00,267.55,267.90,267.55,267.90,13000,3939000
ABFRL_F2,07/26/2022,13:16:00,268.00,268.00,267.70,267.70,7800,3939000
ABFRL_F2,07/26/2022,13:19:00,267.70,267.70,267.70,267.70,2600,3933800
ABFRL_F2,07/26/2022,13:20:00,268.15,268.15,268.15,268.15,18200,3933800
ABFRL_F2,07/26/2022,13:21:00,268.15,268.15,268.15,268.15,2600,3933800
ABFRL_F2,07/26/2022,13:22:00,268.15,268.15,268.15,268.15,2600,3944200
ABFRL_F2,07/26/2022,13:24:00,268.15,268.15,268.15,268.15,5200,3944200
ABFRL_F2,07/26/2022,13:25:00,268.20,268.90,268.20,268.90,23400,3944200
ABFRL_F2,07/26/2022,13:26:00,268.90,268.90,268.65,268.90,7800,3944200
ABFRL_F2,07/26/2022,13:27:00,269.15,269.20,269.15,269.20,10400,3933800
ABFRL_F2,07/26/2022,13:28:00,269.10,269.10,269.10,269.10,5200,3933800
ABFRL_F2,07/26/2022,13:29:00,269.10,269.10,269.10,269.10,5200,3933800
ABFRL_F2,07/26/2022,13:30:00,268.85,268.85,268.85,268.85,2600,3946800
ABFRL_F2,07/26/2022,13:34:00,268.85,268.85,268.85,268.85,7800,3946800
ABFRL_F2,07/26/2022,13:35:00,268.85,268.85,268.85,268.85,2600,3946800
ABFRL_F2,07/26/2022,13:36:00,268.55,268.55,268.55,268.55,7800,3952000
ABFRL_F2,07/26/2022,13:37:00,268.45,268.45,268.45,268.45,2600,3952000
ABFRL_F2,07/26/2022,13:38:00,268.20,268.20,267.85,267.85,5200,3952000
ABFRL_F2,07/26/2022,13:40:00,267.85,267.85,267.85,267.85,5200,3954600
ABFRL_F2,07/26/2022,13:43:00,267.25,267.25,267.15,267.15,13000,3959800
ABFRL_F2,07/26/2022,13:44:00,267.30,267.30,267.30,267.30,2600,3959800
ABFRL_F2,07/26/2022,13:45:00,267.30,267.30,267.30,267.30,2600,3959800
ABFRL_F2,07/26/2022,13:46:00,267.30,267.30,267.30,267.30,5200,3952000
ABFRL_F2,07/26/2022,13:48:00,267.00,267.00,267.00,267.00,5200,3952000
ABFRL_F2,07/26/2022,13:49:00,266.55,266.55,266.55,266.55,5200,3965000
ABFRL_F2,07/26/2022,13:50:00,266.55,266.55,266.55,266.55,2600,3965000
ABFRL_F2,07/26/2022,13:51:00,266.40,266.40,266.40,266.40,7800,3965000
ABFRL_F2,07/26/2022,13:52:00,266.30,266.55,266.30,266.55,5200,3975400
ABFRL_F2,07/26/2022,13:53:00,266.90,266.90,266.90,266.90,5200,3975400
ABFRL_F2,07/26/2022,13:54:00,266.55,266.55,266.55,266.55,2600,3983200
ABFRL_F2,07/26/2022,13:55:00,266.55,266.55,266.30,266.30,7800,3983200
ABFRL_F2,07/26/2022,13:57:00,266.30,266.30,266.30,266.30,2600,3991000
ABFRL_F2,07/26/2022,13:58:00,266.55,266.85,266.55,266.85,7800,3991000
ABFRL_F2,07/26/2022,13:59:00,267.00,267.00,266.95,266.95,18200,3991000
ABFRL_F2,07/26/2022,14:00:00,267.20,267.20,266.45,266.45,18200,4009200
ABFRL_F2,07/26/2022,14:01:00,266.45,266.45,266.45,266.45,2600,4009200
ABFRL_F2,07/26/2022,14:02:00,266.40,266.70,266.40,266.70,7800,4009200
ABFRL_F2,07/26/2022,14:03:00,266.40,266.40,266.40,266.40,2600,4017000
ABFRL_F2,07/26/2022,14:04:00,266.40,266.45,266.40,266.45,5200,4017000
ABFRL_F2,07/26/2022,14:05:00,266.45,266.45,266.45,266.45,2600,4017000
ABFRL_F2,07/26/2022,14:06:00,266.45,266.45,266.45,266.45,2600,4027400
ABFRL_F2,07/26/2022,14:08:00,266.40,266.40,266.40,266.40,7800,4027400
ABFRL_F2,07/26/2022,14:09:00,266.40,266.40,266.40,266.40,10400,4027400
ABFRL_F2,07/26/2022,14:10:00,266.40,266.40,266.40,266.40,5200,4037800
ABFRL_F2,07/26/2022,14:11:00,266.45,266.45,266.45,266.45,2600,4037800
ABFRL_F2,07/26/2022,14:12:00,266.45,266.45,266.45,266.45,2600,4045600
ABFRL_F2,07/26/2022,14:13:00,266.45,266.45,266.45,266.45,2600,4045600
ABFRL_F2,07/26/2022,14:14:00,266.45,266.45,266.45,266.45,2600,4045600
ABFRL_F2,07/26/2022,14:15:00,266.50,266.50,266.15,266.15,31200,4069000
ABFRL_F2,07/26/2022,14:16:00,266.15,266.15,266.15,266.15,2600,4069000
ABFRL_F2,07/26/2022,14:17:00,266.15,266.15,266.15,266.15,2600,4069000
ABFRL_F2,07/26/2022,14:18:00,266.25,266.25,266.25,266.25,10400,4069000
ABFRL_F2,07/26/2022,14:19:00,266.25,266.25,266.25,266.25,5200,4079400
ABFRL_F2,07/26/2022,14:21:00,266.25,266.25,266.25,266.25,5200,4079400
ABFRL_F2,07/26/2022,14:22:00,266.25,266.25,266.25,266.25,2600,4071600
ABFRL_F2,07/26/2022,14:24:00,266.10,266.10,266.00,266.00,13000,4079400
ABFRL_F2,07/26/2022,14:26:00,265.85,266.00,265.85,266.00,18200,4079400
ABFRL_F2,07/26/2022,14:27:00,266.00,266.00,266.00,266.00,2600,4079400
ABFRL_F2,07/26/2022,14:28:00,265.50,265.50,265.50,265.50,5200,4076800
ABFRL_F2,07/26/2022,14:29:00,265.50,265.75,265.45,265.75,15600,4076800
ABFRL_F2,07/26/2022,14:31:00,266.10,266.10,266.10,266.10,2600,4082000
ABFRL_F2,07/26/2022,14:32:00,266.10,266.10,265.75,265.75,7800,4082000
ABFRL_F2,07/26/2022,14:33:00,266.00,266.00,266.00,266.00,20800,4082000
ABFRL_F2,07/26/2022,14:34:00,266.10,266.20,266.10,266.20,13000,4092400
ABFRL_F2,07/26/2022,14:35:00,266.20,266.20,266.20,266.20,2600,4092400
ABFRL_F2,07/26/2022,14:36:00,266.60,266.80,266.60,266.80,7800,4092400
ABFRL_F2,07/26/2022,14:37:00,266.80,266.80,266.80,266.80,2600,4089800
ABFRL_F2,07/26/2022,14:38:00,266.60,266.60,266.60,266.60,28600,4089800
ABFRL_F2,07/26/2022,14:40:00,266.05,266.15,266.00,266.00,18200,4113200
ABFRL_F2,07/26/2022,14:42:00,266.00,266.00,265.75,265.75,5200,4113200
ABFRL_F2,07/26/2022,14:43:00,265.70,265.70,265.70,265.70,5200,4105400
ABFRL_F2,07/26/2022,14:46:00,265.70,265.70,265.40,265.40,7800,4110600
ABFRL_F2,07/26/2022,14:47:00,265.50,265.50,265.50,265.50,2600,4110600
ABFRL_F2,07/26/2022,14:49:00,265.40,265.40,265.40,265.40,10400,4102800
ABFRL_F2,07/26/2022,14:50:00,265.80,265.80,265.80,265.80,2600,4102800
ABFRL_F2,07/26/2022,14:52:00,265.60,265.65,265.60,265.65,5200,4108000
ABFRL_F2,07/26/2022,14:55:00,265.65,266.25,265.65,266.25,5200,4110600
ABFRL_F2,07/26/2022,14:56:00,266.20,266.20,266.20,266.20,2600,4110600
ABFRL_F2,07/26/2022,14:57:00,266.05,266.05,266.05,266.05,2600,4110600
ABFRL_F2,07/26/2022,14:59:00,265.35,265.35,265.35,265.35,2600,4115800
ABFRL_F2,07/26/2022,15:01:00,265.95,265.95,265.95,265.95,15600,4118400
ABFRL_F2,07/26/2022,15:02:00,265.95,265.95,265.95,265.95,7800,4118400
ABFRL_F2,07/26/2022,15:03:00,265.60,265.60,265.60,265.60,7800,4118400
ABFRL_F2,07/26/2022,15:04:00,266.20,266.20,266.15,266.15,13000,4136600
ABFRL_F2,07/26/2022,15:05:00,266.25,266.25,266.25,266.25,10400,4136600
ABFRL_F2,07/26/2022,15:06:00,266.25,266.25,266.25,266.25,2600,4141800
ABFRL_F2,07/26/2022,15:07:00,266.45,266.45,266.45,266.45,2600,4141800
ABFRL_F2,07/26/2022,15:08:00,266.45,266.45,266.45,266.45,2600,4141800
ABFRL_F2,07/26/2022,15:09:00,266.30,266.30,266.30,266.30,2600,4141800
ABFRL_F2,07/26/2022,15:10:00,266.35,266.35,266.35,266.35,5200,4147000
ABFRL_F2,07/26/2022,15:13:00,266.60,266.60,266.60,266.60,2600,4152200
ABFRL_F2,07/26/2022,15:14:00,266.60,266.60,266.60,266.60,2600,4152200
ABFRL_F2,07/26/2022,15:17:00,266.45,266.80,266.45,266.80,7800,4154800
ABFRL_F2,07/26/2022,15:18:00,266.80,267.05,266.80,266.85,31200,4167800
ABFRL_F2,07/26/2022,15:19:00,267.00,267.25,267.00,267.25,18200,4167800
ABFRL_F2,07/26/2022,15:20:00,266.85,266.90,266.85,266.90,5200,4167800
ABFRL_F2,07/26/2022,15:21:00,266.95,266.95,266.95,266.95,5200,4167800
ABFRL_F2,07/26/2022,15:24:00,266.65,266.65,266.65,266.65,5200,4165200
ABFRL_F2,07/26/2022,15:25:00,266.75,266.75,266.65,266.65,10400,4167800
ABFRL_F2,07/26/2022,15:26:00,266.65,266.65,266.65,266.65,2600,4167800
ABFRL_F2,07/26/2022,15:27:00,266.15,266.45,266.15,266.45,7800,4160000
ABFRL_F2,07/26/2022,15:28:00,266.45,266.45,266.45,266.45,5200,4160000
ABFRL_F2,07/26/2022,15:29:00,266.15,266.40,266.15,266.40,13000,4160000
ABFRL_F2,07/27/2022,09:15:00,265.50,265.60,265.50,265.60,5202,4126200
ABFRL_F2,07/27/2022,09:16:00,266.85,267.05,266.85,267.05,39000,4126200
ABFRL_F2,07/27/2022,09:17:00,267.05,267.05,267.05,267.05,2600,4131400
ABFRL_F2,07/27/2022,09:18:00,267.10,267.10,267.10,267.10,5200,4131400
ABFRL_F2,07/27/2022,09:20:00,267.70,269.00,267.70,269.00,127400,4157400
ABFRL_F2,07/27/2022,09:21:00,269.15,269.15,268.20,268.20,59800,4157400
ABFRL_F2,07/27/2022,09:22:00,268.20,269.00,268.20,269.00,28600,4157400
ABFRL_F2,07/27/2022,09:23:00,268.70,268.70,268.70,268.70,15600,4251000
ABFRL_F2,07/27/2022,09:24:00,268.70,268.70,268.60,268.60,31200,4251000
ABFRL_F2,07/27/2022,09:25:00,268.10,268.10,268.10,268.10,2600,4251000
ABFRL_F2,07/27/2022,09:27:00,267.95,268.10,267.95,268.10,7800,4290000
ABFRL_F2,07/27/2022,09:30:00,267.90,267.90,267.90,267.90,5200,4292600
ABFRL_F2,07/27/2022,09:31:00,267.90,267.90,267.90,267.90,5200,4292600
ABFRL_F2,07/27/2022,09:32:00,267.80,267.80,267.75,267.75,5200,4292600
ABFRL_F2,07/27/2022,09:33:00,267.40,267.40,267.30,267.30,10400,4303000
ABFRL_F2,07/27/2022,09:34:00,267.30,267.30,267.30,267.30,2600,4303000
ABFRL_F2,07/27/2022,09:35:00,267.55,267.55,267.55,267.55,2600,4303000
ABFRL_F2,07/27/2022,09:36:00,267.85,267.85,267.85,267.85,2600,4308200
ABFRL_F2,07/27/2022,09:37:00,267.65,267.65,267.65,267.65,2600,4308200
ABFRL_F2,07/27/2022,09:38:00,267.50,267.50,267.45,267.45,5200,4308200
ABFRL_F2,07/27/2022,09:40:00,266.95,266.95,266.95,266.95,494000,4313400
ABFRL_F2,07/27/2022,09:41:00,267.10,267.10,267.10,267.10,44200,4313400
ABFRL_F2,07/27/2022,09:43:00,266.80,266.80,266.80,266.80,5200,4836000
ABFRL_F2,07/27/2022,09:44:00,267.40,267.40,266.95,266.95,7800,4836000
ABFRL_F2,07/27/2022,09:45:00,266.95,266.95,266.50,266.50,163800,4843800
ABFRL_F2,07/27/2022,09:46:00,266.45,267.15,266.45,267.15,20800,4843800
ABFRL_F2,07/27/2022,09:47:00,267.60,267.60,267.30,267.30,10400,4997200
ABFRL_F2,07/27/2022,09:49:00,267.55,267.60,267.55,267.60,210600,4997200
ABFRL_F2,07/27/2022,09:50:00,267.60,267.60,267.60,267.60,18200,4997200
ABFRL_F2,07/27/2022,09:51:00,267.55,267.55,267.55,267.55,7800,5223400
ABFRL_F2,07/27/2022,09:53:00,267.90,267.90,267.90,267.90,15600,5223400
ABFRL_F2,07/27/2022,09:55:00,267.60,267.60,267.60,267.60,23400,5244200
ABFRL_F2,07/27/2022,09:56:00,267.60,267.60,267.60,267.60,2600,5244200
ABFRL_F2,07/27/2022,09:57:00,267.50,268.00,267.50,268.00,28600,5262400
ABFRL_F2,07/27/2022,09:58:00,267.50,268.05,267.50,268.05,59800,5262400
ABFRL_F2,07/27/2022,09:59:00,268.05,268.30,268.05,268.30,15600,5262400
ABFRL_F2,07/27/2022,10:01:00,268.25,268.45,268.25,268.45,20800,5327400
ABFRL_F2,07/27/2022,10:02:00,268.50,268.55,268.50,268.55,10400,5327400
ABFRL_F2,07/27/2022,10:03:00,268.50,268.50,268.25,268.25,39000,5356000
ABFRL_F2,07/27/2022,10:04:00,268.25,268.25,268.25,268.25,5200,5356000
ABFRL_F2,07/27/2022,10:05:00,268.25,268.25,268.25,268.25,2600,5395000
ABFRL_F2,07/27/2022,10:07:00,268.25,268.25,268.25,268.25,5200,5395000
ABFRL_F2,07/27/2022,10:08:00,268.50,268.55,268.50,268.55,20800,5395000
ABFRL_F2,07/27/2022,10:09:00,268.55,268.55,268.55,268.55,2600,5405400
ABFRL_F2,07/27/2022,10:10:00,268.55,268.55,267.70,267.70,57200,5405400
ABFRL_F2,07/27/2022,10:11:00,267.50,267.50,267.50,267.50,5200,5405400
ABFRL_F2,07/27/2022,10:12:00,267.50,267.50,267.50,267.50,10400,5452200
ABFRL_F2,07/27/2022,10:13:00,267.50,267.50,267.40,267.40,7800,5452200
ABFRL_F2,07/27/2022,10:14:00,267.40,267.40,267.40,267.40,2600,5452200
ABFRL_F2,07/27/2022,10:15:00,267.85,267.90,267.85,267.90,15600,5470400
ABFRL_F2,07/27/2022,10:16:00,267.65,267.65,267.65,267.65,7800,5470400
ABFRL_F2,07/27/2022,10:17:00,267.65,267.65,267.65,267.65,10400,5470400
ABFRL_F2,07/27/2022,10:18:00,267.65,267.65,267.65,267.65,7800,5496400
ABFRL_F2,07/27/2022,10:19:00,267.65,267.65,267.65,267.65,2600,5496400
ABFRL_F2,07/27/2022,10:20:00,267.50,267.50,267.50,267.50,7800,5496400
ABFRL_F2,07/27/2022,10:21:00,267.50,267.50,267.50,267.50,5200,5514600
ABFRL_F2,07/27/2022,10:22:00,267.45,267.45,267.45,267.45,7800,5514600
ABFRL_F2,07/27/2022,10:23:00,267.50,267.50,267.50,267.50,10400,5514600
ABFRL_F2,07/27/2022,10:24:00,267.55,267.55,267.55,267.55,28600,5538000
ABFRL_F2,07/27/2022,10:25:00,267.55,267.55,267.55,267.55,10400,5538000
ABFRL_F2,07/27/2022,10:26:00,267.55,267.55,267.55,267.55,20800,5538000
ABFRL_F2,07/27/2022,10:27:00,267.55,267.55,267.55,267.55,2600,5571800
ABFRL_F2,07/27/2022,10:28:00,267.55,267.55,267.55,267.55,5200,5571800
ABFRL_F2,07/27/2022,10:29:00,267.55,267.55,267.55,267.55,2600,5571800
ABFRL_F2,07/27/2022,10:30:00,267.55,267.55,267.55,267.55,7800,5582200
ABFRL_F2,07/27/2022,10:31:00,267.60,267.60,267.60,267.60,10400,5582200
ABFRL_F2,07/27/2022,10:32:00,267.60,267.60,267.60,267.60,2600,5582200
ABFRL_F2,07/27/2022,10:33:00,267.60,267.90,267.60,267.90,5200,5592600
ABFRL_F2,07/27/2022,10:34:00,267.90,267.90,267.50,267.60,46800,5592600
ABFRL_F2,07/27/2022,10:35:00,268.00,268.00,267.90,267.90,93600,5592600
ABFRL_F2,07/27/2022,10:36:00,268.30,268.30,268.30,268.30,5200,5725200
ABFRL_F2,07/27/2022,10:37:00,267.65,267.65,267.65,267.65,10400,5725200
ABFRL_F2,07/27/2022,10:38:00,267.65,267.65,267.65,267.65,2600,5725200
ABFRL_F2,07/27/2022,10:39:00,267.65,267.65,267.65,267.65,2600,5743400
ABFRL_F2,07/27/2022,10:40:00,267.65,267.65,267.65,267.65,5200,5743400
ABFRL_F2,07/27/2022,10:41:00,267.65,267.65,267.65,267.65,2600,5743400
ABFRL_F2,07/27/2022,10:42:00,268.00,268.20,267.75,267.75,26000,5748600
ABFRL_F2,07/27/2022,10:43:00,267.15,267.60,267.15,267.60,88400,5748600
ABFRL_F2,07/27/2022,10:45:00,267.60,267.60,267.60,267.60,2600,5748600
ABFRL_F2,07/27/2022,10:46:00,267.20,267.20,267.20,267.20,13000,5816200
ABFRL_F2,07/27/2022,10:47:00,267.20,267.20,267.20,267.20,2600,5816200
ABFRL_F2,07/27/2022,10:48:00,267.20,267.20,267.20,267.20,2600,5824000
ABFRL_F2,07/27/2022,10:49:00,267.20,267.20,267.20,267.20,2600,5824000
ABFRL_F2,07/27/2022,10:50:00,267.20,267.20,267.20,267.20,2600,5824000
ABFRL_F2,07/27/2022,10:52:00,267.20,267.20,267.20,267.20,72800,5824000
ABFRL_F2,07/27/2022,10:53:00,267.25,267.25,267.25,267.25,10400,5824000
ABFRL_F2,07/27/2022,10:54:00,267.25,267.25,267.25,267.25,5200,5891600
ABFRL_F2,07/27/2022,10:55:00,267.25,267.25,267.25,267.25,2600,5891600
ABFRL_F2,07/27/2022,10:56:00,267.25,267.25,267.25,267.25,5200,5891600
ABFRL_F2,07/27/2022,10:57:00,267.25,267.25,267.25,267.25,2600,5904600
ABFRL_F2,07/27/2022,10:58:00,267.25,267.25,267.25,267.25,44200,5904600
ABFRL_F2,07/27/2022,10:59:00,267.35,267.60,267.35,267.60,286000,5904600
ABFRL_F2,07/27/2022,11:00:00,267.85,268.00,267.85,268.00,202800,6208800
ABFRL_F2,07/27/2022,11:01:00,268.00,268.00,268.00,268.00,2600,6208800
ABFRL_F2,07/27/2022,11:02:00,268.00,268.00,268.00,268.00,2600,6208800
ABFRL_F2,07/27/2022,11:03:00,267.90,267.90,267.90,267.90,7800,6411600
ABFRL_F2,07/27/2022,11:05:00,267.90,267.90,267.90,267.90,2600,6411600
ABFRL_F2,07/27/2022,11:06:00,267.90,267.90,267.90,267.90,5200,6419400
ABFRL_F2,07/27/2022,11:07:00,267.90,267.90,267.90,267.90,2600,6419400
ABFRL_F2,07/27/2022,11:08:00,267.90,267.90,267.90,267.90,2600,6419400
ABFRL_F2,07/27/2022,11:09:00,267.90,267.90,267.90,267.90,5200,6427200
ABFRL_F2,07/27/2022,11:11:00,267.90,267.90,267.90,267.90,5200,6427200
ABFRL_F2,07/27/2022,11:12:00,267.90,267.90,267.90,267.90,10400,6437600
ABFRL_F2,07/27/2022,11:13:00,267.90,267.90,267.90,267.90,2600,6437600
ABFRL_F2,07/27/2022,11:14:00,268.00,268.00,268.00,268.00,88400,6437600
ABFRL_F2,07/27/2022,11:15:00,268.25,268.25,268.25,268.25,10400,6528600
ABFRL_F2,07/27/2022,11:16:00,268.25,268.25,268.25,268.25,2600,6528600
ABFRL_F2,07/27/2022,11:17:00,268.25,268.25,268.05,268.05,10400,6528600
ABFRL_F2,07/27/2022,11:18:00,268.25,268.25,268.20,268.20,13000,6528600
ABFRL_F2,07/27/2022,11:19:00,268.20,268.20,268.20,268.20,2600,6528600
ABFRL_F2,07/27/2022,11:20:00,268.20,268.20,268.20,268.20,5200,6528600
ABFRL_F2,07/27/2022,11:21:00,268.20,268.20,267.90,267.90,10400,6541600
ABFRL_F2,07/27/2022,11:22:00,267.90,267.90,267.90,267.90,2600,6541600
ABFRL_F2,07/27/2022,11:24:00,267.90,267.90,267.90,267.90,2600,6541600
ABFRL_F2,07/27/2022,11:25:00,267.90,267.90,267.90,267.90,2600,6552000
ABFRL_F2,07/27/2022,11:26:00,267.90,267.90,267.90,267.90,2600,6552000
ABFRL_F2,07/27/2022,11:27:00,267.90,267.90,267.90,267.90,2600,6554600
ABFRL_F2,07/27/2022,11:28:00,267.90,267.90,267.90,267.90,2600,6554600
ABFRL_F2,07/27/2022,11:30:00,267.80,268.00,267.80,268.00,7800,6562400
ABFRL_F2,07/27/2022,11:31:00,268.00,268.00,268.00,268.00,2600,6562400
ABFRL_F2,07/27/2022,11:32:00,268.00,268.00,268.00,268.00,13000,6562400
ABFRL_F2,07/27/2022,11:33:00,268.00,268.00,268.00,268.00,2600,6580600
ABFRL_F2,07/27/2022,11:34:00,268.00,268.00,268.00,268.00,2600,6580600
ABFRL_F2,07/27/2022,11:35:00,268.00,268.00,268.00,268.00,2600,6580600
ABFRL_F2,07/27/2022,11:36:00,268.00,268.00,268.00,268.00,20800,6593600
ABFRL_F2,07/27/2022,11:37:00,268.00,268.00,268.00,268.00,2600,6593600
ABFRL_F2,07/27/2022,11:38:00,268.00,268.00,268.00,268.00,5200,6593600
ABFRL_F2,07/27/2022,11:39:00,268.00,268.00,268.00,268.00,2600,6591000
ABFRL_F2,07/27/2022,11:40:00,268.00,268.00,268.00,268.00,600600,6591000
ABFRL_F2,07/27/2022,11:41:00,268.00,268.00,268.00,268.00,5200,6591000
ABFRL_F2,07/27/2022,11:42:00,268.25,268.25,267.95,267.95,7800,7202000
ABFRL_F2,07/27/2022,11:44:00,267.95,268.35,267.95,268.35,7800,7202000
ABFRL_F2,07/27/2022,11:45:00,268.35,268.35,268.35,268.35,5200,7212400
ABFRL_F2,07/27/2022,11:46:00,268.40,268.90,268.40,268.90,59800,7212400
ABFRL_F2,07/27/2022,11:47:00,269.00,269.00,268.90,268.95,75400,7212400
ABFRL_F2,07/27/2022,11:48:00,268.75,268.75,268.75,268.75,23400,7287800
ABFRL_F2,07/27/2022,11:49:00,268.90,268.90,268.85,268.85,10400,7287800
ABFRL_F2,07/27/2022,11:50:00,268.85,268.85,268.70,268.70,7800,7287800
ABFRL_F2,07/27/2022,11:51:00,268.70,268.70,268.30,268.30,31200,7321600
ABFRL_F2,07/27/2022,11:52:00,268.10,268.10,268.10,268.10,13000,7321600
ABFRL_F2,07/27/2022,11:53:00,268.10,268.10,268.10,268.10,5200,7321600
ABFRL_F2,07/27/2022,11:54:00,268.10,268.10,268.10,268.10,5200,7358000
ABFRL_F2,07/27/2022,11:55:00,268.10,268.10,268.10,268.10,15600,7358000
ABFRL_F2,07/27/2022,11:56:00,268.10,268.10,268.10,268.10,5200,7358000
ABFRL_F2,07/27/2022,11:57:00,268.10,268.10,268.10,268.10,5200,7358000
ABFRL_F2,07/27/2022,11:58:00,268.10,268.10,268.10,268.10,26000,7371000
ABFRL_F2,07/27/2022,11:59:00,268.10,268.10,268.10,268.10,20800,7371000
ABFRL_F2,07/27/2022,12:00:00,268.10,268.10,268.10,268.10,2600,7410000
ABFRL_F2,07/27/2022,12:02:00,268.10,268.10,268.10,268.10,5200,7410000
ABFRL_F2,07/27/2022,12:03:00,268.10,268.15,268.10,268.15,7800,7420400
ABFRL_F2,07/27/2022,12:04:00,268.15,268.15,268.15,268.15,2600,7420400
ABFRL_F2,07/27/2022,12:05:00,268.15,268.15,268.15,268.15,5200,7420400
ABFRL_F2,07/27/2022,12:06:00,268.15,268.15,268.15,268.15,2600,7430800
ABFRL_F2,07/27/2022,12:07:00,267.60,267.60,267.60,267.60,10400,7430800
ABFRL_F2,07/27/2022,12:08:00,267.60,267.60,267.45,267.45,7800,7430800
ABFRL_F2,07/27/2022,12:09:00,267.80,267.80,267.80,267.80,20800,7441200
ABFRL_F2,07/27/2022,12:10:00,267.80,267.80,267.80,267.80,2600,7441200
ABFRL_F2,07/27/2022,12:11:00,267.80,267.80,267.80,267.80,5200,7441200
ABFRL_F2,07/27/2022,12:12:00,267.60,267.85,267.60,267.85,13000,7464600
ABFRL_F2,07/27/2022,12:13:00,267.85,267.85,267.85,267.85,2600,7464600
ABFRL_F2,07/27/2022,12:14:00,267.65,267.65,267.65,267.65,7800,7464600
ABFRL_F2,07/27/2022,12:15:00,267.65,267.65,267.65,267.65,10400,7464600
ABFRL_F2,07/27/2022,12:16:00,267.65,267.65,267.65,267.65,5200,7490600
ABFRL_F2,07/27/2022,12:17:00,267.65,268.15,267.65,268.15,15600,7490600
ABFRL_F2,07/27/2022,12:18:00,268.00,268.00,268.00,268.00,5200,7514000
ABFRL_F2,07/27/2022,12:19:00,268.00,268.00,268.00,268.00,2600,7514000
ABFRL_F2,07/27/2022,12:20:00,268.00,268.00,268.00,268.00,5200,7514000
ABFRL_F2,07/27/2022,12:21:00,267.65,267.65,267.60,267.60,15600,7527000
ABFRL_F2,07/27/2022,12:22:00,267.60,267.60,267.60,267.60,7800,7527000
ABFRL_F2,07/27/2022,12:23:00,267.60,267.60,267.60,267.60,7800,7527000
ABFRL_F2,07/27/2022,12:24:00,267.60,267.65,267.60,267.65,7800,7545200
ABFRL_F2,07/27/2022,12:25:00,267.95,267.95,267.70,267.70,7800,7545200
ABFRL_F2,07/27/2022,12:26:00,267.70,267.70,267.10,267.10,62400,7545200
ABFRL_F2,07/27/2022,12:27:00,267.05,267.05,267.00,267.00,10400,7560800
ABFRL_F2,07/27/2022,12:28:00,267.05,267.10,267.05,267.10,20800,7560800
ABFRL_F2,07/27/2022,12:29:00,267.55,267.55,267.55,267.55,39000,7560800
ABFRL_F2,07/27/2022,12:30:00,267.55,267.55,267.30,267.30,39000,7618000
ABFRL_F2,07/27/2022,12:31:00,267.30,267.30,267.30,267.30,10400,7618000
ABFRL_F2,07/27/2022,12:32:00,267.30,267.45,267.30,267.45,15600,7618000
ABFRL_F2,07/27/2022,12:33:00,267.35,267.35,267.35,267.35,5200,7654400
ABFRL_F2,07/27/2022,12:34:00,267.40,267.40,267.40,267.40,10400,7654400
ABFRL_F2,07/27/2022,12:35:00,267.40,267.40,267.40,267.40,46800,7654400
ABFRL_F2,07/27/2022,12:36:00,267.45,267.45,267.30,267.30,26000,7701200
ABFRL_F2,07/27/2022,12:37:00,267.30,267.45,267.30,267.45,7800,7701200
ABFRL_F2,07/27/2022,12:38:00,267.45,267.45,267.30,267.30,20800,7701200
ABFRL_F2,07/27/2022,12:39:00,267.45,267.45,267.45,267.45,13000,7724600
ABFRL_F2,07/27/2022,12:40:00,267.45,267.45,267.45,267.45,5200,7724600
ABFRL_F2,07/27/2022,12:41:00,267.45,267.45,267.45,267.45,2600,7724600
ABFRL_F2,07/27/2022,12:42:00,267.45,267.45,267.45,267.45,5200,7724600
ABFRL_F2,07/27/2022,12:43:00,267.50,267.50,267.45,267.45,13000,7724600
ABFRL_F2,07/27/2022,12:44:00,267.45,267.45,267.40,267.40,7800,7724600
ABFRL_F2,07/27/2022,12:45:00,267.40,267.40,267.30,267.30,10400,7732400
ABFRL_F2,07/27/2022,12:46:00,267.30,267.30,267.30,267.30,5200,7732400
ABFRL_F2,07/27/2022,12:47:00,267.30,267.30,267.30,267.30,5200,7732400
ABFRL_F2,07/27/2022,12:48:00,267.30,268.25,267.30,268.25,187200,7755800
ABFRL_F2,07/27/2022,12:49:00,268.50,269.25,268.50,269.25,59800,7755800
ABFRL_F2,07/27/2022,12:50:00,269.15,269.15,269.00,269.00,18200,7755800
ABFRL_F2,07/27/2022,12:51:00,269.25,269.25,269.25,269.25,10400,7748000
ABFRL_F2,07/27/2022,12:52:00,269.00,269.00,269.00,269.00,5200,7748000
ABFRL_F2,07/27/2022,12:53:00,269.45,269.45,269.45,269.45,13000,7748000
ABFRL_F2,07/27/2022,12:55:00,269.45,269.45,269.45,269.45,2600,7748000
ABFRL_F2,07/27/2022,12:56:00,269.45,269.45,269.45,269.45,5200,7748000
ABFRL_F2,07/27/2022,12:57:00,269.00,269.00,269.00,269.00,2600,7750600
ABFRL_F2,07/27/2022,12:58:00,269.00,269.00,269.00,269.00,2600,7750600
ABFRL_F2,07/27/2022,12:59:00,268.95,268.95,268.95,268.95,5200,7750600
ABFRL_F2,07/27/2022,13:00:00,268.95,268.95,268.95,268.95,5200,7750600
ABFRL_F2,07/27/2022,13:01:00,269.25,269.25,269.25,269.25,5200,7755800
ABFRL_F2,07/27/2022,13:02:00,268.65,268.75,268.50,268.50,39000,7755800
ABFRL_F2,07/27/2022,13:03:00,268.50,268.50,268.50,268.50,2600,7755800
ABFRL_F2,07/27/2022,13:04:00,268.50,268.50,268.50,268.50,2600,7763600
ABFRL_F2,07/27/2022,13:06:00,268.50,268.55,268.50,268.55,5200,7763600
ABFRL_F2,07/27/2022,13:07:00,268.55,268.55,268.40,268.50,7800,7763600
ABFRL_F2,07/27/2022,13:08:00,268.50,268.50,268.50,268.50,2600,7763600
ABFRL_F2,07/27/2022,13:09:00,268.50,268.50,268.50,268.50,2600,7763600
ABFRL_F2,07/27/2022,13:10:00,268.50,268.50,268.50,268.50,2600,7750600
ABFRL_F2,07/27/2022,13:11:00,268.50,268.50,268.50,268.50,2600,7750600
ABFRL_F2,07/27/2022,13:12:00,268.50,268.50,268.50,268.50,2600,7753200
ABFRL_F2,07/27/2022,13:14:00,268.50,268.50,268.50,268.50,2600,7753200
ABFRL_F2,07/27/2022,13:15:00,268.50,268.50,268.50,268.50,2600,7753200
ABFRL_F2,07/27/2022,13:16:00,268.50,268.50,268.50,268.50,2600,7753200
ABFRL_F2,07/27/2022,13:17:00,268.50,268.50,268.50,268.50,2600,7753200
ABFRL_F2,07/27/2022,13:19:00,268.50,268.60,268.50,268.60,7800,7753200
ABFRL_F2,07/27/2022,13:20:00,268.60,268.70,268.60,268.70,10400,7753200
ABFRL_F2,07/27/2022,13:21:00,268.70,269.20,268.70,269.20,5200,7753200
ABFRL_F2,07/27/2022,13:22:00,269.20,269.20,268.80,269.00,28600,7753200
ABFRL_F2,07/27/2022,13:23:00,268.95,269.00,268.35,269.00,54600,7753200
ABFRL_F2,07/27/2022,13:24:00,268.85,268.85,268.70,268.80,33800,7797400
ABFRL_F2,07/27/2022,13:26:00,268.80,268.80,268.80,268.80,2600,7797400
ABFRL_F2,07/27/2022,13:27:00,268.80,268.80,268.80,268.80,2600,7797400
ABFRL_F2,07/27/2022,13:28:00,268.80,268.80,268.80,268.80,2600,7810400
ABFRL_F2,07/27/2022,13:29:00,268.30,268.30,268.30,268.30,10400,7810400
ABFRL_F2,07/27/2022,13:30:00,268.30,268.30,268.30,268.30,2600,7815600
ABFRL_F2,07/27/2022,13:31:00,268.30,268.30,268.30,268.30,2600,7815600
ABFRL_F2,07/27/2022,13:32:00,268.30,268.30,268.30,268.30,2600,7815600
ABFRL_F2,07/27/2022,13:34:00,268.50,268.50,268.50,268.50,5200,7818200
ABFRL_F2,07/27/2022,13:35:00,268.50,268.50,268.50,268.50,2600,7818200
ABFRL_F2,07/27/2022,13:36:00,268.50,268.50,268.50,268.50,2600,7818200
ABFRL_F2,07/27/2022,13:37:00,268.50,268.50,268.50,268.50,5200,7818200
ABFRL_F2,07/27/2022,13:38:00,268.50,268.50,268.50,268.50,2600,7818200
ABFRL_F2,07/27/2022,13:40:00,268.50,268.50,268.50,268.50,2600,7818200
ABFRL_F2,07/27/2022,13:41:00,268.50,268.50,268.50,268.50,2600,7818200
ABFRL_F2,07/27/2022,13:42:00,268.50,268.50,268.50,268.50,2600,7818200
ABFRL_F2,07/27/2022,13:43:00,268.50,268.50,268.50,268.50,2600,7818200
ABFRL_F2,07/27/2022,13:44:00,268.20,268.20,268.20,268.20,2600,7818200
ABFRL_F2,07/27/2022,13:45:00,268.20,268.20,268.20,268.20,5200,7818200
ABFRL_F2,07/27/2022,13:46:00,268.20,268.20,268.20,268.20,2600,7823400
ABFRL_F2,07/27/2022,13:47:00,268.20,268.20,268.20,268.20,2600,7823400
ABFRL_F2,07/27/2022,13:48:00,268.20,268.20,268.20,268.20,2600,7823400
ABFRL_F2,07/27/2022,13:49:00,269.50,269.50,268.30,268.30,52000,7823400
ABFRL_F2,07/27/2022,13:50:00,268.30,268.30,268.30,268.30,2600,7823400
ABFRL_F2,07/27/2022,13:51:00,268.30,268.30,268.30,268.30,5200,7813000
ABFRL_F2,07/27/2022,13:52:00,268.20,268.20,268.20,268.20,2600,7813000
ABFRL_F2,07/27/2022,13:53:00,268.20,268.20,268.20,268.20,2600,7813000
ABFRL_F2,07/27/2022,13:54:00,268.20,268.20,268.20,268.20,2600,7813000
ABFRL_F2,07/27/2022,13:55:00,268.20,268.20,268.20,268.20,2600,7813000
ABFRL_F2,07/27/2022,13:56:00,268.80,268.80,268.80,268.80,5200,7813000
ABFRL_F2,07/27/2022,13:58:00,268.30,268.60,268.30,268.60,18200,7815600
ABFRL_F2,07/27/2022,14:00:00,268.60,268.60,268.60,268.60,2600,7815600
ABFRL_F2,07/27/2022,14:01:00,268.70,268.70,268.70,268.70,5200,7813000
ABFRL_F2,07/27/2022,14:02:00,268.70,268.70,268.70,268.70,2600,7813000
ABFRL_F2,07/27/2022,14:03:00,268.70,268.70,268.70,268.70,2600,7815600
ABFRL_F2,07/27/2022,14:05:00,268.70,268.70,268.70,268.70,2600,7815600
ABFRL_F2,07/27/2022,14:06:00,268.70,268.70,268.70,268.70,2600,7815600
ABFRL_F2,07/27/2022,14:07:00,268.70,268.70,268.70,268.70,2600,7815600
ABFRL_F2,07/27/2022,14:08:00,268.55,268.55,268.55,268.55,5200,7815600
ABFRL_F2,07/27/2022,14:09:00,268.50,268.50,268.50,268.50,7800,7815600
ABFRL_F2,07/27/2022,14:10:00,268.50,268.50,268.50,268.50,2600,7815600
ABFRL_F2,07/27/2022,14:11:00,268.50,268.70,268.50,268.70,7800,7815600
ABFRL_F2,07/27/2022,14:12:00,268.70,268.70,268.70,268.70,5200,7815600
ABFRL_F2,07/27/2022,14:13:00,268.70,268.70,268.70,268.70,10400,7826000
ABFRL_F2,07/27/2022,14:14:00,268.70,268.70,268.70,268.70,2600,7826000
ABFRL_F2,07/27/2022,14:15:00,268.70,268.70,268.70,268.70,5200,7833800
ABFRL_F2,07/27/2022,14:16:00,268.70,268.70,268.70,268.70,2600,7833800
ABFRL_F2,07/27/2022,14:18:00,268.15,268.15,268.15,268.15,15600,7833800
ABFRL_F2,07/27/2022,14:19:00,268.90,268.90,268.90,268.90,39000,7839000
ABFRL_F2,07/27/2022,14:20:00,268.90,268.90,268.90,268.90,2600,7839000
ABFRL_F2,07/27/2022,14:21:00,268.90,268.90,268.90,268.90,7800,7839000
ABFRL_F2,07/27/2022,14:22:00,268.95,269.20,268.95,269.20,7800,7872800
ABFRL_F2,07/27/2022,14:23:00,269.20,269.20,269.20,269.20,2600,7872800
ABFRL_F2,07/27/2022,14:24:00,269.20,269.20,269.20,269.20,2600,7867600
ABFRL_F2,07/27/2022,14:26:00,269.20,269.20,268.95,268.95,10400,7867600
ABFRL_F2,07/27/2022,14:27:00,268.95,268.95,268.95,268.95,2600,7867600
ABFRL_F2,07/27/2022,14:28:00,268.95,268.95,268.95,268.95,2600,7875400
ABFRL_F2,07/27/2022,14:29:00,269.05,269.05,269.05,269.05,7800,7875400
ABFRL_F2,07/27/2022,14:31:00,269.05,269.45,269.05,269.45,13000,7875400
ABFRL_F2,07/27/2022,14:32:00,269.50,269.50,269.50,269.50,31200,7875400
ABFRL_F2,07/27/2022,14:33:00,269.65,269.65,268.85,268.85,46800,7917000
ABFRL_F2,07/27/2022,14:34:00,268.70,268.80,268.70,268.75,33800,7917000
ABFRL_F2,07/27/2022,14:35:00,268.90,268.90,268.80,268.80,10400,7917000
ABFRL_F2,07/27/2022,14:36:00,268.80,268.80,268.70,268.70,20800,7917000
ABFRL_F2,07/27/2022,14:37:00,268.70,268.70,268.70,268.70,5200,7945600
ABFRL_F2,07/27/2022,14:38:00,268.70,268.70,268.70,268.70,2600,7945600
ABFRL_F2,07/27/2022,14:39:00,268.70,268.70,268.70,268.70,2600,7945600
ABFRL_F2,07/27/2022,14:40:00,268.55,268.55,268.55,268.55,5200,7950800
ABFRL_F2,07/27/2022,14:41:00,268.55,268.55,268.55,268.55,2600,7950800
ABFRL_F2,07/27/2022,14:42:00,268.40,268.40,268.40,268.40,31200,7974200
ABFRL_F2,07/27/2022,14:43:00,268.40,268.50,268.40,268.50,13000,7974200
ABFRL_F2,07/27/2022,14:44:00,268.50,268.50,268.50,268.50,5200,7974200
ABFRL_F2,07/27/2022,14:45:00,268.50,268.65,268.50,268.65,13000,7974200
ABFRL_F2,07/27/2022,14:47:00,268.65,268.65,268.55,268.55,23400,8000200
ABFRL_F2,07/27/2022,14:48:00,268.40,268.40,268.40,268.40,2600,8000200
ABFRL_F2,07/27/2022,14:49:00,268.30,268.30,268.30,268.30,5200,8021000
ABFRL_F2,07/27/2022,14:52:00,268.75,268.75,268.75,268.75,2600,8023600
ABFRL_F2,07/27/2022,14:53:00,268.85,268.85,268.85,268.85,5200,8023600
ABFRL_F2,07/27/2022,14:54:00,269.05,269.05,269.05,269.05,2600,8023600
ABFRL_F2,07/27/2022,14:56:00,269.50,269.50,269.50,269.50,23400,8026200
ABFRL_F2,07/27/2022,14:57:00,269.45,269.45,269.30,269.30,5200,8026200
ABFRL_F2,07/27/2022,14:58:00,269.25,269.25,268.85,268.85,44200,8023600
ABFRL_F2,07/27/2022,14:59:00,268.80,268.80,268.80,268.80,2600,8023600
ABFRL_F2,07/27/2022,15:00:00,269.10,269.10,269.10,269.10,10400,8023600
ABFRL_F2,07/27/2022,15:02:00,269.15,269.15,269.15,269.15,2600,8036600
ABFRL_F2,07/27/2022,15:03:00,269.45,269.50,269.45,269.50,20800,8039200
ABFRL_F2,07/27/2022,15:04:00,269.20,269.20,269.20,269.20,2600,8039200
ABFRL_F2,07/27/2022,15:06:00,269.35,269.45,269.35,269.45,7800,8041800
ABFRL_F2,07/27/2022,15:07:00,269.40,269.40,269.40,269.40,18200,8041800
ABFRL_F2,07/27/2022,15:08:00,269.20,269.20,269.20,269.20,23400,8041800
ABFRL_F2,07/27/2022,15:09:00,269.05,269.05,269.05,269.05,2600,8075600
ABFRL_F2,07/27/2022,15:10:00,269.20,269.20,269.20,269.20,2600,8075600
ABFRL_F2,07/27/2022,15:12:00,269.10,269.10,269.10,269.10,18200,8075600
ABFRL_F2,07/27/2022,15:13:00,269.55,269.55,269.40,269.40,28600,8091200
ABFRL_F2,07/27/2022,15:16:00,269.65,269.65,269.65,269.65,13000,8096400
ABFRL_F2,07/27/2022,15:17:00,269.50,269.75,269.50,269.75,10400,8096400
ABFRL_F2,07/27/2022,15:18:00,269.75,269.75,269.75,269.75,18200,8096400
ABFRL_F2,07/27/2022,15:19:00,269.30,269.30,269.30,269.30,15600,8114600
ABFRL_F2,07/27/2022,15:21:00,269.65,269.65,269.65,269.65,26000,8114600
ABFRL_F2,07/27/2022,15:22:00,269.75,269.75,269.75,269.75,2600,8114600
ABFRL_F2,07/27/2022,15:23:00,269.70,269.70,269.45,269.45,13000,8130200
ABFRL_F2,07/27/2022,15:24:00,269.30,269.30,269.30,269.30,41600,8130200
ABFRL_F2,07/27/2022,15:25:00,269.25,269.25,269.10,269.10,36400,8164000
ABFRL_F2,07/27/2022,15:26:00,268.95,269.15,268.95,269.15,15600,8164000
ABFRL_F2,07/27/2022,15:27:00,269.15,269.20,269.15,269.20,15600,8174400
ABFRL_F2,07/27/2022,15:28:00,269.50,269.50,269.45,269.45,72800,8174400
ABFRL_F2,07/27/2022,15:29:00,269.05,269.05,268.95,268.95,13000,8174400
ABFRL_F2,07/27/2022,15:30:00,268.90,268.90,268.90,268.90,5200,8174400
ABFRL_F2,07/28/2022,09:15:00,272.00,274.00,270.00,271.80,44203,7950800
ABFRL_F2,07/28/2022,09:16:00,271.50,272.15,271.50,271.60,44200,7950800
ABFRL_F2,07/28/2022,09:17:00,271.05,271.05,270.90,270.90,7800,7950800
ABFRL_F2,07/28/2022,09:18:00,270.45,270.45,270.35,270.35,7800,7979400
ABFRL_F2,07/28/2022,09:19:00,270.40,270.40,270.40,270.40,5200,7979400
ABFRL_F2,07/28/2022,09:20:00,270.15,270.25,270.15,270.25,13000,7979400
ABFRL_F2,07/28/2022,09:21:00,270.20,270.45,270.20,270.45,10400,7995000
ABFRL_F2,07/28/2022,09:24:00,270.45,270.45,270.45,270.45,18200,8000200
ABFRL_F2,07/28/2022,09:25:00,270.10,270.55,270.10,270.55,15600,8000200
ABFRL_F2,07/28/2022,09:26:00,270.55,270.55,270.55,270.55,2600,8000200
ABFRL_F2,07/28/2022,09:27:00,270.20,270.65,270.20,270.65,122200,8023600
ABFRL_F2,07/28/2022,09:28:00,270.65,270.65,270.20,270.20,23400,8023600
ABFRL_F2,07/28/2022,09:29:00,270.20,270.20,270.20,270.20,18200,8023600
ABFRL_F2,07/28/2022,09:30:00,270.55,270.60,270.55,270.60,41600,8138000
ABFRL_F2,07/28/2022,09:31:00,270.65,270.65,270.65,270.65,52000,8138000
ABFRL_F2,07/28/2022,09:32:00,270.65,270.65,270.65,270.65,2600,8138000
ABFRL_F2,07/28/2022,09:33:00,270.60,270.75,270.60,270.75,10400,8216000
ABFRL_F2,07/28/2022,09:34:00,271.00,271.00,270.55,270.55,31200,8216000
ABFRL_F2,07/28/2022,09:35:00,270.65,270.65,270.30,270.55,7800,8216000
ABFRL_F2,07/28/2022,09:36:00,270.20,270.20,269.50,269.50,13000,8223800
ABFRL_F2,07/28/2022,09:37:00,269.50,269.50,269.50,269.50,31200,8223800
ABFRL_F2,07/28/2022,09:38:00,269.50,270.50,269.50,270.50,13000,8223800
ABFRL_F2,07/28/2022,09:39:00,270.45,270.75,270.45,270.75,7800,8265400
ABFRL_F2,07/28/2022,09:41:00,270.80,271.00,270.80,271.00,20800,8265400
ABFRL_F2,07/28/2022,09:42:00,271.10,271.15,270.70,270.70,13000,8270600
ABFRL_F2,07/28/2022,09:43:00,270.70,270.70,270.70,270.70,2600,8270600
ABFRL_F2,07/28/2022,09:45:00,271.15,271.15,271.10,271.10,15600,8268000
ABFRL_F2,07/28/2022,09:46:00,270.95,271.00,270.85,271.00,10400,8268000
ABFRL_F2,07/28/2022,09:47:00,270.95,271.05,270.95,271.05,78000,8268000
ABFRL_F2,07/28/2022,09:48:00,270.95,270.95,270.95,270.95,18200,8255000
ABFRL_F2,07/28/2022,09:49:00,270.90,270.90,270.90,270.90,2600,8255000
ABFRL_F2,07/28/2022,09:50:00,271.25,271.25,271.25,271.25,2600,8255000
ABFRL_F2,07/28/2022,09:51:00,270.95,270.95,270.95,270.95,15600,8270600
ABFRL_F2,07/28/2022,09:52:00,271.15,271.15,270.80,270.80,85800,8270600
ABFRL_F2,07/28/2022,09:53:00,271.20,271.45,271.20,271.45,85800,8275800
ABFRL_F2,07/28/2022,09:54:00,271.45,271.45,271.15,271.15,10400,8275800
ABFRL_F2,07/28/2022,09:55:00,271.00,271.00,271.00,271.00,10400,8275800
ABFRL_F2,07/28/2022,09:56:00,271.00,271.00,271.00,271.00,10400,8275800
ABFRL_F2,07/28/2022,09:57:00,270.85,270.85,270.85,270.85,5200,8296600
ABFRL_F2,07/28/2022,09:58:00,271.25,271.60,270.75,271.60,195000,8296600
ABFRL_F2,07/28/2022,10:01:00,271.30,271.30,271.30,271.30,7800,8343400
ABFRL_F2,07/28/2022,10:02:00,271.30,271.30,271.30,271.30,28600,8343400
ABFRL_F2,07/28/2022,10:03:00,271.20,271.20,271.20,271.20,31200,8346000
ABFRL_F2,07/28/2022,10:04:00,271.20,271.40,271.20,271.40,15600,8346000
ABFRL_F2,07/28/2022,10:05:00,271.40,271.40,270.95,270.95,98800,8346000
ABFRL_F2,07/28/2022,10:06:00,270.95,270.95,270.95,270.95,23400,8353800
ABFRL_F2,07/28/2022,10:07:00,270.95,271.15,270.95,271.15,41600,8353800
ABFRL_F2,07/28/2022,10:08:00,271.35,271.35,271.35,271.35,7800,8353800
ABFRL_F2,07/28/2022,10:11:00,270.80,270.80,270.80,270.80,5200,8364200
ABFRL_F2,07/28/2022,10:12:00,270.70,270.70,270.70,270.70,31200,8366800
ABFRL_F2,07/28/2022,10:13:00,270.50,270.50,270.20,270.20,28600,8366800
ABFRL_F2,07/28/2022,10:14:00,270.20,270.35,270.20,270.20,117000,8366800
ABFRL_F2,07/28/2022,10:15:00,270.20,270.20,270.20,270.20,2600,8392800
ABFRL_F2,07/28/2022,10:16:00,270.20,270.20,270.20,270.20,10400,8392800
ABFRL_F2,07/28/2022,10:19:00,270.20,270.20,270.20,270.20,2600,8400600
ABFRL_F2,07/28/2022,10:20:00,270.35,270.35,270.35,270.35,10400,8400600
ABFRL_F2,07/28/2022,10:23:00,270.35,270.35,270.15,270.25,10400,8405800
ABFRL_F2,07/28/2022,10:24:00,270.10,270.10,270.10,270.10,5200,8408400
ABFRL_F2,07/28/2022,10:26:00,270.10,270.10,270.00,270.00,28600,8408400
ABFRL_F2,07/28/2022,10:27:00,270.00,270.00,270.00,270.00,15600,8426600
ABFRL_F2,07/28/2022,10:29:00,270.00,270.00,269.50,269.50,5200,8426600
ABFRL_F2,07/28/2022,10:30:00,269.30,269.30,269.30,269.30,23400,8447400
ABFRL_F2,07/28/2022,10:32:00,269.70,269.80,269.70,269.80,7800,8447400
ABFRL_F2,07/28/2022,10:33:00,269.80,269.80,269.80,269.80,2600,8447400
ABFRL_F2,07/28/2022,10:34:00,269.85,269.85,269.85,269.85,7800,8442200
ABFRL_F2,07/28/2022,10:35:00,270.15,270.15,269.65,269.65,171600,8442200
ABFRL_F2,07/28/2022,10:36:00,269.90,269.95,269.90,269.95,5200,8598200
ABFRL_F2,07/28/2022,10:37:00,269.90,269.90,269.50,269.50,7800,8598200
ABFRL_F2,07/28/2022,10:38:00,269.50,269.85,269.50,269.85,13000,8598200
ABFRL_F2,07/28/2022,10:39:00,269.80,269.95,269.80,269.95,13000,8611200
ABFRL_F2,07/28/2022,10:40:00,269.95,270.50,269.95,270.50,75400,8611200
ABFRL_F2,07/28/2022,10:41:00,270.50,270.50,270.50,270.50,39000,8611200
ABFRL_F2,07/28/2022,10:42:00,270.50,270.50,270.40,270.40,7800,8730800
ABFRL_F2,07/28/2022,10:43:00,270.50,270.50,270.50,270.50,57200,8730800
ABFRL_F2,07/28/2022,10:44:00,270.50,270.50,270.40,270.40,33800,8730800
ABFRL_F2,07/28/2022,10:45:00,270.40,270.40,270.35,270.35,31200,8811400
ABFRL_F2,07/28/2022,10:46:00,270.35,270.35,270.35,270.35,36400,8811400
ABFRL_F2,07/28/2022,10:47:00,270.35,270.35,270.35,270.35,23400,8811400
ABFRL_F2,07/28/2022,10:49:00,270.20,270.20,270.20,270.20,2600,8879000
ABFRL_F2,07/28/2022,10:50:00,270.25,270.25,270.25,270.25,2600,8879000
ABFRL_F2,07/28/2022,10:52:00,270.25,270.25,270.25,270.25,2600,8879000
ABFRL_F2,07/28/2022,10:54:00,270.25,270.25,270.25,270.25,7800,8879000
ABFRL_F2,07/28/2022,10:56:00,270.60,270.60,270.60,270.60,18200,8879000
ABFRL_F2,07/28/2022,11:00:00,270.10,270.25,270.10,270.25,31200,8894600
ABFRL_F2,07/28/2022,11:01:00,270.40,270.40,270.40,270.40,13000,8894600
ABFRL_F2,07/28/2022,11:02:00,270.25,270.25,270.25,270.25,7800,8894600
ABFRL_F2,07/28/2022,11:07:00,271.20,271.20,270.90,270.90,23400,8905000
ABFRL_F2,07/28/2022,11:08:00,271.10,271.10,271.10,271.10,2600,8905000
ABFRL_F2,07/28/2022,11:09:00,270.95,270.95,270.95,270.95,26000,8915400
ABFRL_F2,07/28/2022,11:10:00,270.85,270.85,270.85,270.85,5200,8915400
ABFRL_F2,07/28/2022,11:12:00,270.75,270.75,270.75,270.75,2600,8944000
ABFRL_F2,07/28/2022,11:13:00,270.75,270.75,270.75,270.75,5200,8944000
ABFRL_F2,07/28/2022,11:15:00,270.50,270.50,270.50,270.50,13000,8944000
ABFRL_F2,07/28/2022,11:17:00,270.80,270.80,270.80,270.80,5200,8944000
ABFRL_F2,07/28/2022,11:20:00,270.80,270.80,270.80,270.80,15600,8949200
ABFRL_F2,07/28/2022,11:21:00,270.80,270.80,270.80,270.80,7800,8949200
ABFRL_F2,07/28/2022,11:22:00,269.95,269.95,269.95,269.95,7800,8972600
ABFRL_F2,07/28/2022,11:23:00,270.20,270.20,270.20,270.20,5200,8972600
ABFRL_F2,07/28/2022,11:24:00,270.20,270.20,270.20,270.20,52000,9019400
ABFRL_F2,07/28/2022,11:25:00,270.20,270.30,270.20,270.30,62400,9019400
ABFRL_F2,07/28/2022,11:28:00,270.50,270.85,270.50,270.85,39000,9071400
ABFRL_F2,07/28/2022,11:30:00,270.85,270.85,270.85,270.85,2600,9097400
ABFRL_F2,07/28/2022,11:31:00,270.75,270.75,270.75,270.75,18200,9097400
ABFRL_F2,07/28/2022,11:33:00,270.75,270.75,270.75,270.75,2600,9115600
ABFRL_F2,07/28/2022,11:34:00,270.75,270.75,270.75,270.75,2600,9115600
ABFRL_F2,07/28/2022,11:37:00,270.75,270.75,270.75,270.75,2600,9120800
ABFRL_F2,07/28/2022,11:38:00,270.90,270.90,270.90,270.90,5200,9120800
ABFRL_F2,07/28/2022,11:40:00,270.70,270.70,270.70,270.70,5200,9120800
ABFRL_F2,07/28/2022,11:41:00,271.25,271.25,271.25,271.25,46800,9120800
ABFRL_F2,07/28/2022,11:42:00,271.00,271.00,271.00,271.00,7800,9120800
ABFRL_F2,07/28/2022,11:43:00,270.85,270.85,270.85,270.85,2600,9159800
ABFRL_F2,07/28/2022,11:45:00,271.15,271.40,271.15,271.40,23400,9162400
ABFRL_F2,07/28/2022,11:46:00,271.40,271.60,271.40,271.60,23400,9162400
ABFRL_F2,07/28/2022,11:47:00,271.85,271.90,271.75,271.90,28600,9162400
ABFRL_F2,07/28/2022,11:48:00,271.75,271.90,271.75,271.90,5200,9196200
ABFRL_F2,07/28/2022,11:49:00,271.85,271.85,271.55,271.55,28600,9196200
ABFRL_F2,07/28/2022,11:50:00,271.55,271.55,271.55,271.55,10400,9196200
ABFRL_F2,07/28/2022,11:51:00,271.55,271.55,271.55,271.55,5200,9201400
ABFRL_F2,07/28/2022,11:53:00,271.55,271.55,271.55,271.55,5200,9201400
ABFRL_F2,07/28/2022,11:54:00,271.50,271.50,271.50,271.50,33800,9224800
ABFRL_F2,07/28/2022,11:55:00,271.50,271.65,271.50,271.65,15600,9224800
ABFRL_F2,07/28/2022,11:57:00,271.30,271.30,271.30,271.30,7800,9250800
ABFRL_F2,07/28/2022,11:58:00,271.50,271.65,271.50,271.65,15600,9250800
ABFRL_F2,07/28/2022,11:59:00,271.90,271.90,271.90,271.90,7800,9250800
ABFRL_F2,07/28/2022,12:00:00,271.55,271.55,271.55,271.55,5200,9266400
ABFRL_F2,07/28/2022,12:03:00,271.80,271.95,271.80,271.95,10400,9266400
ABFRL_F2,07/28/2022,12:07:00,272.00,272.00,272.00,272.00,7800,9269000
ABFRL_F2,07/28/2022,12:10:00,272.20,272.20,272.20,272.20,2600,9269000
ABFRL_F2,07/28/2022,12:12:00,271.90,271.90,271.90,271.90,2600,9269000
ABFRL_F2,07/28/2022,12:13:00,271.60,272.00,271.60,272.00,23400,9271600
ABFRL_F2,07/28/2022,12:14:00,272.00,272.05,272.00,272.05,13000,9271600
ABFRL_F2,07/28/2022,12:17:00,271.55,271.55,271.55,271.55,2600,9287200
ABFRL_F2,07/28/2022,12:18:00,271.30,271.30,271.10,271.10,67600,9331400
ABFRL_F2,07/28/2022,12:21:00,271.15,271.15,270.90,270.90,10400,9323600
ABFRL_F2,07/28/2022,12:22:00,270.90,270.90,270.90,270.90,5200,9323600
ABFRL_F2,07/28/2022,12:25:00,270.90,270.90,270.90,270.90,2600,9323600
ABFRL_F2,07/28/2022,12:26:00,271.25,271.25,271.25,271.25,13000,9323600
ABFRL_F2,07/28/2022,12:27:00,271.10,271.10,271.05,271.05,13000,9344400
ABFRL_F2,07/28/2022,12:29:00,271.35,271.35,271.35,271.35,31200,9344400
ABFRL_F2,07/28/2022,12:30:00,271.60,271.60,271.40,271.40,7800,9344400
ABFRL_F2,07/28/2022,12:31:00,271.70,271.70,271.70,271.70,2600,9378200
ABFRL_F2,07/28/2022,12:32:00,271.60,271.60,271.60,271.60,5200,9378200
ABFRL_F2,07/28/2022,12:34:00,271.95,271.95,271.70,271.70,46800,9375600
ABFRL_F2,07/28/2022,12:37:00,271.90,271.90,271.90,271.90,2600,9409400
ABFRL_F2,07/28/2022,12:38:00,271.80,271.95,271.80,271.95,13000,9409400
ABFRL_F2,07/28/2022,12:40:00,271.90,271.90,271.90,271.90,5200,9409400
ABFRL_F2,07/28/2022,12:41:00,271.80,271.95,271.80,271.95,5200,9409400
ABFRL_F2,07/28/2022,12:42:00,271.80,271.80,271.80,271.80,2600,9409400
ABFRL_F2,07/28/2022,12:43:00,272.10,272.10,272.10,272.10,2600,9412000
ABFRL_F2,07/28/2022,12:44:00,272.20,272.20,272.20,272.20,2600,9412000
ABFRL_F2,07/28/2022,12:46:00,272.00,272.00,271.90,271.90,7800,9412000
ABFRL_F2,07/28/2022,12:47:00,272.05,272.05,271.90,271.90,5200,9412000
ABFRL_F2,07/28/2022,12:51:00,271.55,271.90,271.55,271.90,20800,9406800
ABFRL_F2,07/28/2022,12:52:00,271.70,271.70,271.35,271.35,7800,9419800
ABFRL_F2,07/28/2022,12:53:00,271.50,271.50,271.50,271.50,18200,9419800
ABFRL_F2,07/28/2022,12:54:00,271.25,271.35,271.25,271.35,5200,9419800
ABFRL_F2,07/28/2022,12:55:00,271.20,271.20,271.20,271.20,13000,9435400
ABFRL_F2,07/28/2022,12:58:00,271.35,271.35,271.35,271.35,2600,9443200
ABFRL_F2,07/28/2022,12:59:00,271.30,271.30,271.30,271.30,5200,9443200
ABFRL_F2,07/28/2022,13:00:00,271.15,271.15,271.15,271.15,2600,9438000
ABFRL_F2,07/28/2022,13:01:00,270.95,270.95,270.90,270.90,15600,9438000
ABFRL_F2,07/28/2022,13:02:00,270.75,270.85,270.75,270.85,5200,9438000
ABFRL_F2,07/28/2022,13:03:00,270.65,271.05,270.65,271.05,15600,9453600
ABFRL_F2,07/28/2022,13:06:00,271.30,271.30,271.30,271.30,10400,9453600
ABFRL_F2,07/28/2022,13:07:00,271.45,271.45,271.45,271.45,2600,9464000
ABFRL_F2,07/28/2022,13:08:00,271.55,271.55,271.55,271.55,2600,9464000
ABFRL_F2,07/28/2022,13:09:00,271.55,271.55,271.55,271.55,2600,9464000
ABFRL_F2,07/28/2022,13:12:00,271.45,271.45,271.45,271.45,5200,9471800
ABFRL_F2,07/28/2022,13:13:00,271.45,271.45,271.30,271.30,15600,9474400
ABFRL_F2,07/28/2022,13:14:00,271.40,271.40,271.40,271.40,5200,9474400
ABFRL_F2,07/28/2022,13:16:00,271.55,271.55,271.55,271.55,2600,9484800
ABFRL_F2,07/28/2022,13:17:00,271.55,271.55,271.55,271.55,2600,9484800
ABFRL_F2,07/28/2022,13:19:00,271.35,271.35,271.35,271.35,2600,9479600
ABFRL_F2,07/28/2022,13:25:00,271.50,271.50,271.50,271.50,5200,9474400
ABFRL_F2,07/28/2022,13:26:00,271.50,271.50,271.50,271.50,28600,9474400
ABFRL_F2,07/28/2022,13:28:00,271.00,271.00,271.00,271.00,26000,9505600
ABFRL_F2,07/28/2022,13:29:00,270.85,271.30,270.85,271.30,31200,9505600
ABFRL_F2,07/28/2022,13:30:00,271.30,271.30,271.30,271.30,7800,9495200
ABFRL_F2,07/28/2022,13:31:00,271.30,271.30,271.30,271.30,46800,9495200
ABFRL_F2,07/28/2022,13:36:00,271.30,271.30,271.30,271.30,5200,9495200
ABFRL_F2,07/28/2022,13:39:00,271.00,271.10,271.00,271.10,5200,9500400
ABFRL_F2,07/28/2022,13:41:00,271.00,271.00,271.00,271.00,23400,9495200
ABFRL_F2,07/28/2022,13:42:00,271.35,271.35,271.35,271.35,41600,9495200
ABFRL_F2,07/28/2022,13:43:00,271.35,271.35,271.35,271.35,10400,9495200
ABFRL_F2,07/28/2022,13:49:00,271.40,271.40,271.40,271.40,2600,9495200
ABFRL_F2,07/28/2022,13:50:00,271.40,271.40,271.40,271.40,5200,9495200
ABFRL_F2,07/28/2022,13:51:00,271.20,271.20,271.20,271.20,2600,9495200
ABFRL_F2,07/28/2022,13:53:00,271.40,271.40,271.40,271.40,5200,9503000
ABFRL_F2,07/28/2022,13:56:00,271.40,271.40,271.40,271.40,7800,9508200
ABFRL_F2,07/28/2022,13:57:00,271.30,271.30,271.30,271.30,2600,9508200
ABFRL_F2,07/28/2022,13:59:00,271.15,271.15,271.15,271.15,10400,9510800
ABFRL_F2,07/28/2022,14:00:00,271.00,271.00,271.00,271.00,5200,9510800
ABFRL_F2,07/28/2022,14:02:00,271.00,271.00,270.90,270.90,13000,9505600
ABFRL_F2,07/28/2022,14:03:00,270.75,270.75,270.75,270.75,5200,9505600
ABFRL_F2,07/28/2022,14:04:00,270.65,270.65,270.55,270.55,10400,9510800
ABFRL_F2,07/28/2022,14:05:00,270.15,270.20,270.15,270.20,5200,9510800
ABFRL_F2,07/28/2022,14:06:00,270.15,270.15,270.15,270.15,2600,9510800
ABFRL_F2,07/28/2022,14:07:00,270.45,270.45,270.45,270.45,2600,9508200
ABFRL_F2,07/28/2022,14:08:00,270.00,270.00,270.00,270.00,20800,9508200
ABFRL_F2,07/28/2022,14:09:00,269.40,269.40,269.40,269.40,5200,9508200
ABFRL_F2,07/28/2022,14:10:00,269.15,269.15,269.00,269.00,36400,9500400
ABFRL_F2,07/28/2022,14:11:00,269.40,269.40,269.20,269.20,20800,9500400
ABFRL_F2,07/28/2022,14:12:00,269.30,269.30,269.05,269.05,15600,9500400
ABFRL_F2,07/28/2022,14:13:00,269.10,269.10,269.05,269.10,41600,9523800
ABFRL_F2,07/28/2022,14:14:00,268.95,268.95,268.95,268.95,18200,9523800
ABFRL_F2,07/28/2022,14:15:00,268.95,268.95,268.95,268.95,15600,9523800
ABFRL_F2,07/28/2022,14:16:00,269.20,269.20,269.20,269.20,7800,9534200
ABFRL_F2,07/28/2022,14:18:00,269.15,269.35,269.15,269.35,18200,9534200
ABFRL_F2,07/28/2022,14:19:00,269.15,269.40,269.15,269.40,52000,9531600
ABFRL_F2,07/28/2022,14:20:00,269.75,269.75,269.75,269.75,18200,9531600
ABFRL_F2,07/28/2022,14:21:00,269.75,269.75,269.75,269.75,5200,9531600
ABFRL_F2,07/28/2022,14:24:00,269.50,269.50,269.50,269.50,7800,9586200
ABFRL_F2,07/28/2022,14:27:00,269.70,269.70,269.70,269.70,2600,9586200
ABFRL_F2,07/28/2022,14:28:00,269.50,269.50,269.50,269.50,5200,9586200
ABFRL_F2,07/28/2022,14:30:00,269.55,269.55,269.55,269.55,2600,9586200
ABFRL_F2,07/28/2022,14:31:00,269.40,269.40,269.40,269.40,18200,9591400
ABFRL_F2,07/28/2022,14:32:00,269.15,269.15,269.00,269.00,15600,9591400
ABFRL_F2,07/28/2022,14:33:00,268.55,268.55,268.55,268.55,10400,9596600
ABFRL_F2,07/28/2022,14:34:00,268.55,268.55,268.55,268.55,13000,9596600
ABFRL_F2,07/28/2022,14:35:00,268.50,268.90,268.50,268.90,26000,9596600
ABFRL_F2,07/28/2022,14:37:00,268.70,268.70,268.70,268.70,20800,9609600
ABFRL_F2,07/28/2022,14:39:00,268.80,268.80,268.80,268.80,2600,9609600
ABFRL_F2,07/28/2022,14:40:00,268.55,268.55,268.55,268.55,2600,9625200
ABFRL_F2,07/28/2022,14:41:00,268.20,268.20,268.20,268.20,15600,9625200
ABFRL_F2,07/28/2022,14:42:00,268.10,268.10,267.65,267.65,26000,9648600
ABFRL_F2,07/28/2022,14:43:00,267.30,267.50,267.30,267.50,54600,9648600
ABFRL_F2,07/28/2022,14:44:00,267.90,267.90,267.80,267.80,13000,9648600
ABFRL_F2,07/28/2022,14:45:00,267.80,267.80,267.70,267.70,7800,9648600
ABFRL_F2,07/28/2022,14:46:00,267.80,267.80,267.75,267.75,7800,9651200
ABFRL_F2,07/28/2022,14:47:00,267.75,267.75,267.75,267.75,2600,9651200
ABFRL_F2,07/28/2022,14:49:00,267.75,268.15,267.75,268.15,7800,9653800
ABFRL_F2,07/28/2022,14:50:00,268.30,268.30,268.30,268.30,7800,9653800
ABFRL_F2,07/28/2022,14:51:00,268.65,268.65,268.60,268.60,7800,9653800
ABFRL_F2,07/28/2022,14:52:00,268.60,268.60,268.60,268.60,7800,9669400
ABFRL_F2,07/28/2022,14:53:00,268.80,268.80,268.80,268.80,2600,9669400
ABFRL_F2,07/28/2022,14:54:00,268.60,268.60,268.60,268.60,2600,9669400
ABFRL_F2,07/28/2022,14:55:00,268.40,268.40,268.40,268.40,18200,9679800
ABFRL_F2,07/28/2022,14:56:00,268.50,268.50,268.50,268.50,2600,9679800
ABFRL_F2,07/28/2022,14:57:00,268.35,268.35,268.35,268.35,7800,9679800
ABFRL_F2,07/28/2022,15:00:00,268.50,268.90,268.50,268.90,70200,9708400
ABFRL_F2,07/28/2022,15:01:00,268.90,269.00,268.90,269.00,10400,9713600
ABFRL_F2,07/28/2022,15:02:00,269.25,269.25,268.45,268.45,91000,9713600
ABFRL_F2,07/28/2022,15:03:00,268.25,268.25,268.20,268.20,10400,9713600
ABFRL_F2,07/28/2022,15:04:00,267.20,267.35,266.95,267.35,182000,9716200
ABFRL_F2,07/28/2022,15:05:00,267.05,267.35,267.05,267.35,13000,9716200
ABFRL_F2,07/28/2022,15:06:00,267.30,268.35,267.30,268.00,109200,9578400
ABFRL_F2,07/28/2022,15:07:00,268.50,268.70,268.50,268.70,10400,9578400
ABFRL_F2,07/28/2022,15:08:00,269.00,269.10,269.00,269.10,18200,9578400
ABFRL_F2,07/28/2022,15:09:00,269.30,269.30,269.30,269.30,10400,9578400
ABFRL_F2,07/28/2022,15:10:00,269.50,269.65,269.20,269.55,46800,9601800
ABFRL_F2,07/28/2022,15:12:00,269.50,269.50,269.50,269.50,23400,9601800
ABFRL_F2,07/28/2022,15:13:00,269.55,269.55,269.50,269.50,31200,9622600
ABFRL_F2,07/28/2022,15:14:00,269.60,269.70,269.60,269.70,7800,9622600
ABFRL_F2,07/28/2022,15:15:00,269.70,269.70,269.40,269.45,20800,9622600
ABFRL_F2,07/28/2022,15:16:00,269.75,269.75,269.75,269.75,5200,9646000
ABFRL_F2,07/28/2022,15:17:00,269.75,269.75,269.45,269.45,18200,9646000
ABFRL_F2,07/28/2022,15:18:00,269.55,269.55,269.55,269.55,2600,9646000
ABFRL_F2,07/28/2022,15:19:00,269.80,269.80,269.45,269.45,20800,9656400
ABFRL_F2,07/28/2022,15:20:00,269.20,269.45,269.05,269.05,18200,9656400
ABFRL_F2,07/28/2022,15:21:00,269.05,269.55,269.05,269.45,18200,9659000
ABFRL_F2,07/28/2022,15:22:00,269.60,269.65,269.55,269.65,15600,9659000
ABFRL_F2,07/28/2022,15:23:00,269.75,269.75,269.75,269.75,10400,9659000
ABFRL_F2,07/28/2022,15:24:00,269.65,269.65,269.60,269.60,26000,9659000
ABFRL_F2,07/28/2022,15:25:00,269.45,269.45,269.45,269.45,54600,9682400
ABFRL_F2,07/28/2022,15:26:00,269.50,269.70,269.50,269.70,54600,9682400
ABFRL_F2,07/28/2022,15:27:00,269.70,269.80,269.70,269.80,52000,9737000
ABFRL_F2,07/28/2022,15:28:00,269.70,269.80,269.25,269.25,13000,9737000
ABFRL_F2,07/28/2022,15:29:00,269.15,269.50,269.10,269.50,7800,9737000
ABFRL_F2,07/29/2022,09:36:00,272.70,272.75,272.70,272.75,7802,93600
ABFRL_F2,07/29/2022,09:40:00,272.75,272.75,272.75,272.75,2600,98800
ABFRL_F2,07/29/2022,10:02:00,273.00,273.20,273.00,273.20,7800,101400
ABFRL_F2,07/29/2022,10:21:00,273.20,273.20,273.20,273.20,2600,106600
ABFRL_F2,07/29/2022,10:27:00,271.00,271.00,271.00,271.00,2600,109200
ABFRL_F2,07/29/2022,10:53:00,271.00,271.00,271.00,271.00,7800,111800
ABFRL_F2,07/29/2022,13:35:00,271.00,271.00,271.00,271.00,2600,111800
ABFRL_F2,07/29/2022,14:31:00,270.20,270.20,270.20,270.20,2600,114400
ABFRL_F2,07/29/2022,14:46:00,270.20,270.20,270.20,270.20,2600,111800
ABFRL_F2,07/29/2022,15:22:00,272.00,272.00,272.00,272.00,2600,114400
ABFRL_F2,07/29/2022,15:29:00,271.80,271.80,271.80,271.80,2600,117000
