<ticker>,<date>,<time>,<open>,<high>,<low>,<close>,<volume>,<o/i> 
EICHERMOT_F1,11/01/2022,09:15:00,3850.55,3853.65,3836.90,3837.60,20477,2809625
EICHERMOT_F1,11/01/2022,09:16:00,3840.00,3848.00,3831.20,3848.00,9800,2809625
EICHERMOT_F1,11/01/2022,09:17:00,3842.60,3842.60,3831.90,3833.00,12075,2814875
EICHERMOT_F1,11/01/2022,09:18:00,3833.05,3835.35,3827.00,3835.35,15225,2814875
EICHERMOT_F1,11/01/2022,09:19:00,3836.75,3844.95,3836.75,3843.90,9275,2814875
EICHERMOT_F1,11/01/2022,09:20:00,3845.00,3848.90,3840.05,3840.05,9625,2821525
EICHERMOT_F1,11/01/2022,09:21:00,3840.00,3840.00,3830.05,3832.60,7525,2821525
EICHERMOT_F1,11/01/2022,09:22:00,3832.00,3833.40,3826.50,3826.50,7700,2821525
EICHERMOT_F1,11/01/2022,09:23:00,3830.05,3830.55,3827.00,3827.00,2100,2824325
EICHERMOT_F1,11/01/2022,09:24:00,3827.00,3830.00,3826.55,3826.55,5250,2824325
EICHERMOT_F1,11/01/2022,09:25:00,3828.30,3831.05,3828.30,3828.70,2625,2824325
EICHERMOT_F1,11/01/2022,09:26:00,3829.80,3835.45,3826.00,3835.30,11900,2825375
EICHERMOT_F1,11/01/2022,09:27:00,3836.15,3836.55,3827.75,3829.05,8400,2825375
EICHERMOT_F1,11/01/2022,09:28:00,3828.35,3828.70,3825.20,3828.00,8750,2825375
EICHERMOT_F1,11/01/2022,09:29:00,3828.00,3828.00,3826.80,3826.80,1400,2833950
EICHERMOT_F1,11/01/2022,09:30:00,3826.05,3830.00,3826.05,3827.90,9450,2833950
EICHERMOT_F1,11/01/2022,09:31:00,3827.00,3830.90,3826.85,3830.90,1925,2833950
EICHERMOT_F1,11/01/2022,09:32:00,3832.40,3835.60,3832.40,3833.20,4550,2836750
EICHERMOT_F1,11/01/2022,09:33:00,3836.00,3838.55,3835.50,3836.70,3325,2836750
EICHERMOT_F1,11/01/2022,09:34:00,3838.10,3839.60,3838.10,3839.60,350,2836750
EICHERMOT_F1,11/01/2022,09:35:00,3839.60,3839.60,3832.45,3832.45,3325,2837975
EICHERMOT_F1,11/01/2022,09:36:00,3830.05,3832.20,3830.05,3832.15,1925,2837975
EICHERMOT_F1,11/01/2022,09:37:00,3831.95,3833.00,3830.50,3833.00,1225,2837975
EICHERMOT_F1,11/01/2022,09:38:00,3834.95,3835.90,3830.60,3830.60,1225,2838325
EICHERMOT_F1,11/01/2022,09:39:00,3831.30,3832.80,3831.30,3832.00,1050,2838325
EICHERMOT_F1,11/01/2022,09:40:00,3833.15,3835.90,3833.15,3834.30,2100,2838325
EICHERMOT_F1,11/01/2022,09:41:00,3833.70,3833.70,3829.05,3830.15,3850,2841825
EICHERMOT_F1,11/01/2022,09:42:00,3828.10,3832.35,3825.85,3832.35,3675,2841825
EICHERMOT_F1,11/01/2022,09:43:00,3830.85,3836.95,3830.85,3836.95,3150,2841825
EICHERMOT_F1,11/01/2022,09:44:00,3839.10,3841.35,3837.40,3839.65,3675,2839900
EICHERMOT_F1,11/01/2022,09:45:00,3841.00,3844.20,3841.00,3844.20,3500,2839900
EICHERMOT_F1,11/01/2022,09:46:00,3843.80,3845.50,3841.60,3845.50,2975,2839900
EICHERMOT_F1,11/01/2022,09:47:00,3844.10,3845.50,3838.05,3838.05,1400,2841300
EICHERMOT_F1,11/01/2022,09:48:00,3841.50,3841.50,3838.40,3841.30,1750,2841300
EICHERMOT_F1,11/01/2022,09:49:00,3841.45,3841.95,3838.85,3839.95,1575,2841300
EICHERMOT_F1,11/01/2022,09:50:00,3839.95,3839.95,3839.00,3839.00,2100,2843925
EICHERMOT_F1,11/01/2022,09:51:00,3839.00,3839.00,3839.00,3839.00,525,2843925
EICHERMOT_F1,11/01/2022,09:52:00,3835.00,3836.95,3835.00,3836.95,2100,2843925
EICHERMOT_F1,11/01/2022,09:53:00,3839.10,3839.10,3836.75,3836.75,1575,2845325
EICHERMOT_F1,11/01/2022,09:54:00,3837.00,3837.00,3835.25,3835.50,875,2845325
EICHERMOT_F1,11/01/2022,09:55:00,3835.25,3837.00,3833.05,3836.30,1750,2845325
EICHERMOT_F1,11/01/2022,09:56:00,3837.20,3837.65,3834.00,3834.00,1400,2846550
EICHERMOT_F1,11/01/2022,09:57:00,3834.00,3834.00,3829.65,3829.65,2800,2846550
EICHERMOT_F1,11/01/2022,09:58:00,3832.90,3837.00,3832.90,3837.00,525,2846550
EICHERMOT_F1,11/01/2022,09:59:00,3838.30,3838.30,3830.90,3834.10,3675,2847075
EICHERMOT_F1,11/01/2022,10:00:00,3830.00,3830.00,3825.50,3825.50,2100,2847075
EICHERMOT_F1,11/01/2022,10:01:00,3828.30,3830.45,3823.20,3824.75,12425,2847075
EICHERMOT_F1,11/01/2022,10:02:00,3824.75,3824.75,3822.00,3824.10,3850,2846200
EICHERMOT_F1,11/01/2022,10:03:00,3824.00,3824.55,3824.00,3824.55,875,2846200
EICHERMOT_F1,11/01/2022,10:04:00,3825.80,3827.55,3825.80,3827.05,1225,2846200
EICHERMOT_F1,11/01/2022,10:05:00,3821.05,3821.05,3817.00,3817.00,25725,2853375
EICHERMOT_F1,11/01/2022,10:06:00,3817.05,3820.45,3816.00,3818.80,6300,2853375
EICHERMOT_F1,11/01/2022,10:07:00,3818.80,3818.80,3813.65,3813.65,1575,2853375
EICHERMOT_F1,11/01/2022,10:08:00,3813.75,3815.00,3811.00,3811.00,1925,2869475
EICHERMOT_F1,11/01/2022,10:09:00,3811.00,3818.65,3811.00,3818.65,4725,2869475
EICHERMOT_F1,11/01/2022,10:10:00,3818.70,3824.90,3817.40,3823.05,2625,2869475
EICHERMOT_F1,11/01/2022,10:11:00,3824.35,3824.35,3821.15,3822.00,1400,2868950
EICHERMOT_F1,11/01/2022,10:12:00,3822.45,3822.45,3817.30,3818.55,1925,2868950
EICHERMOT_F1,11/01/2022,10:13:00,3818.55,3820.85,3818.55,3820.00,1925,2868950
EICHERMOT_F1,11/01/2022,10:14:00,3820.00,3820.00,3815.65,3815.65,2450,2869125
EICHERMOT_F1,11/01/2022,10:15:00,3817.00,3817.00,3814.05,3814.05,1925,2869125
EICHERMOT_F1,11/01/2022,10:16:00,3814.10,3814.10,3814.10,3814.10,350,2869125
EICHERMOT_F1,11/01/2022,10:17:00,3810.00,3816.25,3809.90,3816.25,4025,2870875
EICHERMOT_F1,11/01/2022,10:18:00,3816.65,3816.65,3813.90,3813.90,1225,2870875
EICHERMOT_F1,11/01/2022,10:19:00,3816.10,3816.50,3812.00,3813.90,8050,2870875
EICHERMOT_F1,11/01/2022,10:20:00,3813.90,3813.90,3813.90,3813.90,350,2865275
EICHERMOT_F1,11/01/2022,10:21:00,3815.65,3815.90,3814.40,3814.40,1225,2865275
EICHERMOT_F1,11/01/2022,10:22:00,3813.50,3815.40,3810.85,3812.05,2275,2865275
EICHERMOT_F1,11/01/2022,10:23:00,3812.05,3812.05,3804.70,3804.70,8925,2871400
EICHERMOT_F1,11/01/2022,10:24:00,3805.00,3805.00,3802.00,3804.95,4200,2871400
EICHERMOT_F1,11/01/2022,10:25:00,3802.50,3802.95,3802.50,3802.95,2100,2871400
EICHERMOT_F1,11/01/2022,10:26:00,3802.80,3805.00,3801.75,3805.00,1400,2876125
EICHERMOT_F1,11/01/2022,10:27:00,3807.60,3811.00,3807.60,3811.00,2625,2876125
EICHERMOT_F1,11/01/2022,10:28:00,3809.65,3809.65,3809.65,3809.65,175,2876125
EICHERMOT_F1,11/01/2022,10:29:00,3807.00,3808.95,3806.85,3808.95,1575,2876125
EICHERMOT_F1,11/01/2022,10:30:00,3810.90,3810.90,3810.90,3810.90,700,2876125
EICHERMOT_F1,11/01/2022,10:31:00,3811.70,3811.70,3808.00,3808.00,11550,2876125
EICHERMOT_F1,11/01/2022,10:32:00,3809.30,3809.30,3806.40,3807.60,3500,2876125
EICHERMOT_F1,11/01/2022,10:33:00,3808.35,3808.35,3808.35,3808.35,175,2876125
EICHERMOT_F1,11/01/2022,10:34:00,3808.15,3809.65,3808.15,3809.65,875,2876125
EICHERMOT_F1,11/01/2022,10:35:00,3811.95,3812.00,3811.00,3812.00,2100,2886450
EICHERMOT_F1,11/01/2022,10:36:00,3812.05,3813.00,3812.05,3813.00,525,2886450
EICHERMOT_F1,11/01/2022,10:37:00,3812.75,3814.70,3812.75,3813.85,700,2886450
EICHERMOT_F1,11/01/2022,10:38:00,3813.85,3813.85,3812.80,3812.80,875,2886800
EICHERMOT_F1,11/01/2022,10:39:00,3811.80,3811.80,3809.15,3811.00,1400,2886800
EICHERMOT_F1,11/01/2022,10:40:00,3810.00,3810.55,3807.60,3807.60,1925,2886800
EICHERMOT_F1,11/01/2022,10:41:00,3807.00,3807.55,3806.00,3807.55,1575,2888025
EICHERMOT_F1,11/01/2022,10:42:00,3806.30,3806.30,3804.15,3804.15,350,2888025
EICHERMOT_F1,11/01/2022,10:43:00,3804.15,3805.05,3802.00,3802.00,1225,2888025
EICHERMOT_F1,11/01/2022,10:44:00,3803.40,3803.95,3803.40,3803.95,700,2888900
EICHERMOT_F1,11/01/2022,10:45:00,3802.05,3802.05,3795.95,3796.80,2975,2888900
EICHERMOT_F1,11/01/2022,10:46:00,3797.85,3799.55,3793.90,3796.30,2625,2888900
EICHERMOT_F1,11/01/2022,10:47:00,3799.25,3799.25,3796.45,3796.45,2100,2888900
EICHERMOT_F1,11/01/2022,10:48:00,3798.85,3798.85,3796.85,3798.85,875,2891350
EICHERMOT_F1,11/01/2022,10:49:00,3798.90,3799.00,3798.90,3799.00,700,2891350
EICHERMOT_F1,11/01/2022,10:50:00,3796.40,3797.35,3796.40,3797.35,525,2891350
EICHERMOT_F1,11/01/2022,10:51:00,3797.35,3797.35,3797.35,3797.35,1050,2891700
EICHERMOT_F1,11/01/2022,10:52:00,3799.45,3805.05,3799.45,3805.05,1400,2891700
EICHERMOT_F1,11/01/2022,10:53:00,3805.05,3805.90,3805.05,3805.90,525,2892050
EICHERMOT_F1,11/01/2022,10:54:00,3806.00,3806.00,3801.85,3801.85,700,2892050
EICHERMOT_F1,11/01/2022,10:56:00,3802.45,3802.45,3801.00,3801.00,525,2892050
EICHERMOT_F1,11/01/2022,10:57:00,3799.95,3799.95,3799.80,3799.80,1400,2892575
EICHERMOT_F1,11/01/2022,10:59:00,3799.85,3799.85,3799.00,3799.00,875,2894675
EICHERMOT_F1,11/01/2022,11:00:00,3797.00,3797.00,3795.10,3795.10,1225,2894675
EICHERMOT_F1,11/01/2022,11:01:00,3792.15,3795.35,3791.00,3792.55,3150,2894675
EICHERMOT_F1,11/01/2022,11:02:00,3791.70,3792.50,3791.70,3792.50,350,2894675
EICHERMOT_F1,11/01/2022,11:03:00,3791.40,3791.80,3790.35,3790.35,1225,2894850
EICHERMOT_F1,11/01/2022,11:04:00,3790.00,3790.00,3787.45,3788.90,1750,2894850
EICHERMOT_F1,11/01/2022,11:05:00,3789.10,3789.10,3788.50,3789.00,1050,2895200
EICHERMOT_F1,11/01/2022,11:06:00,3790.45,3790.45,3788.10,3788.25,1400,2895200
EICHERMOT_F1,11/01/2022,11:07:00,3790.65,3790.65,3790.65,3790.65,175,2895200
EICHERMOT_F1,11/01/2022,11:08:00,3790.60,3790.70,3786.00,3788.00,3500,2894850
EICHERMOT_F1,11/01/2022,11:09:00,3786.25,3787.40,3786.10,3786.10,700,2894850
EICHERMOT_F1,11/01/2022,11:10:00,3788.35,3790.10,3787.85,3787.85,1050,2894850
EICHERMOT_F1,11/01/2022,11:11:00,3787.55,3787.55,3786.10,3786.10,1575,2894850
EICHERMOT_F1,11/01/2022,11:12:00,3787.15,3789.05,3787.15,3788.55,875,2895900
EICHERMOT_F1,11/01/2022,11:13:00,3789.75,3792.95,3789.75,3792.95,700,2895900
EICHERMOT_F1,11/01/2022,11:14:00,3790.35,3794.80,3790.35,3791.20,1925,2896250
EICHERMOT_F1,11/01/2022,11:15:00,3793.00,3795.10,3792.55,3794.15,1400,2896250
EICHERMOT_F1,11/01/2022,11:16:00,3792.50,3792.50,3789.45,3789.45,2450,2896250
EICHERMOT_F1,11/01/2022,11:17:00,3790.50,3790.50,3786.15,3786.15,1575,2900450
EICHERMOT_F1,11/01/2022,11:18:00,3787.60,3787.60,3786.10,3786.10,1575,2900450
EICHERMOT_F1,11/01/2022,11:19:00,3785.00,3786.35,3783.20,3783.75,3675,2900450
EICHERMOT_F1,11/01/2022,11:20:00,3783.15,3783.15,3783.15,3783.15,175,2900450
EICHERMOT_F1,11/01/2022,11:21:00,3783.15,3783.15,3782.15,3782.15,2100,2902375
EICHERMOT_F1,11/01/2022,11:22:00,3782.05,3786.00,3782.05,3786.00,2975,2902375
EICHERMOT_F1,11/01/2022,11:23:00,3784.30,3784.30,3783.00,3783.00,2100,2902375
EICHERMOT_F1,11/01/2022,11:24:00,3783.90,3783.90,3782.00,3782.00,1225,2903600
EICHERMOT_F1,11/01/2022,11:25:00,3781.25,3783.30,3781.00,3781.00,2275,2903600
EICHERMOT_F1,11/01/2022,11:26:00,3781.00,3781.00,3778.10,3778.10,4025,2906050
EICHERMOT_F1,11/01/2022,11:27:00,3777.80,3780.80,3775.70,3780.80,7525,2906050
EICHERMOT_F1,11/01/2022,11:28:00,3778.60,3781.20,3776.40,3777.60,4900,2906050
EICHERMOT_F1,11/01/2022,11:29:00,3776.50,3781.15,3776.50,3781.00,2975,2906050
EICHERMOT_F1,11/01/2022,11:30:00,3780.10,3780.10,3778.60,3779.70,1225,2911650
EICHERMOT_F1,11/01/2022,11:32:00,3778.95,3778.95,3778.00,3778.00,1400,2911650
EICHERMOT_F1,11/01/2022,11:33:00,3776.60,3779.80,3776.30,3779.40,3325,2912175
EICHERMOT_F1,11/01/2022,11:34:00,3778.60,3787.60,3778.60,3783.35,6825,2912175
EICHERMOT_F1,11/01/2022,11:35:00,3782.30,3783.70,3777.65,3777.65,6300,2916900
EICHERMOT_F1,11/01/2022,11:36:00,3777.00,3780.95,3777.00,3780.95,1400,2916900
EICHERMOT_F1,11/01/2022,11:37:00,3780.45,3781.30,3778.00,3779.75,3325,2916900
EICHERMOT_F1,11/01/2022,11:38:00,3782.00,3783.25,3780.55,3783.25,1050,2916900
EICHERMOT_F1,11/01/2022,11:39:00,3784.65,3789.00,3782.90,3783.05,4900,2920575
EICHERMOT_F1,11/01/2022,11:40:00,3782.40,3783.90,3779.00,3779.00,19600,2920575
EICHERMOT_F1,11/01/2022,11:41:00,3778.75,3782.05,3778.75,3782.00,2975,2928450
EICHERMOT_F1,11/01/2022,11:42:00,3781.75,3783.00,3781.30,3782.95,4900,2928450
EICHERMOT_F1,11/01/2022,11:43:00,3782.70,3782.70,3780.00,3780.00,2275,2928450
EICHERMOT_F1,11/01/2022,11:44:00,3779.15,3780.00,3778.00,3778.75,2450,2929675
EICHERMOT_F1,11/01/2022,11:45:00,3777.80,3778.75,3771.60,3771.60,8225,2929675
EICHERMOT_F1,11/01/2022,11:46:00,3773.25,3775.70,3773.25,3774.45,2100,2929675
EICHERMOT_F1,11/01/2022,11:47:00,3773.55,3774.50,3771.40,3774.50,2275,2932475
EICHERMOT_F1,11/01/2022,11:48:00,3773.50,3774.00,3773.50,3774.00,525,2932475
EICHERMOT_F1,11/01/2022,11:49:00,3774.55,3774.55,3771.35,3771.50,1050,2932475
EICHERMOT_F1,11/01/2022,11:50:00,3771.65,3771.75,3770.30,3771.75,1750,2931775
EICHERMOT_F1,11/01/2022,11:51:00,3770.00,3770.00,3769.50,3769.50,2800,2931775
EICHERMOT_F1,11/01/2022,11:52:00,3769.50,3774.30,3769.50,3771.40,2975,2931775
EICHERMOT_F1,11/01/2022,11:53:00,3772.70,3772.75,3770.00,3772.00,2625,2931775
EICHERMOT_F1,11/01/2022,11:54:00,3771.85,3772.00,3771.85,3772.00,1050,2934925
EICHERMOT_F1,11/01/2022,11:55:00,3772.95,3774.50,3770.95,3772.00,2450,2934925
EICHERMOT_F1,11/01/2022,11:56:00,3773.80,3773.80,3771.30,3773.25,1575,2936325
EICHERMOT_F1,11/01/2022,11:57:00,3771.70,3774.90,3771.70,3774.00,1225,2936325
EICHERMOT_F1,11/01/2022,11:58:00,3774.00,3775.05,3774.00,3774.25,1750,2936325
EICHERMOT_F1,11/01/2022,11:59:00,3772.80,3772.80,3770.00,3770.00,1925,2936325
EICHERMOT_F1,11/01/2022,12:00:00,3769.65,3769.90,3769.65,3769.90,350,2938250
EICHERMOT_F1,11/01/2022,12:01:00,3768.00,3768.00,3765.00,3765.00,5425,2938250
EICHERMOT_F1,11/01/2022,12:02:00,3765.00,3765.00,3763.60,3763.60,1400,2938250
EICHERMOT_F1,11/01/2022,12:03:00,3763.60,3772.20,3763.60,3770.00,6475,2939825
EICHERMOT_F1,11/01/2022,12:04:00,3769.15,3769.15,3766.85,3767.40,1050,2939825
EICHERMOT_F1,11/01/2022,12:05:00,3766.60,3766.60,3764.05,3766.05,2450,2940350
EICHERMOT_F1,11/01/2022,12:06:00,3766.35,3767.00,3766.35,3767.00,350,2940350
EICHERMOT_F1,11/01/2022,12:09:00,3768.60,3768.60,3765.35,3765.35,1050,2940700
EICHERMOT_F1,11/01/2022,12:10:00,3766.35,3766.35,3766.35,3766.35,350,2940700
EICHERMOT_F1,11/01/2022,12:11:00,3765.35,3765.35,3761.20,3761.20,2100,2940700
EICHERMOT_F1,11/01/2022,12:12:00,3761.20,3761.35,3761.20,3761.20,1575,2931775
EICHERMOT_F1,11/01/2022,12:13:00,3761.00,3761.00,3759.70,3760.00,3675,2931775
EICHERMOT_F1,11/01/2022,12:14:00,3760.90,3760.95,3754.25,3758.00,6125,2933175
EICHERMOT_F1,11/01/2022,12:15:00,3760.45,3760.45,3756.50,3756.50,875,2933175
EICHERMOT_F1,11/01/2022,12:16:00,3756.00,3758.70,3755.00,3755.15,4200,2933175
EICHERMOT_F1,11/01/2022,12:17:00,3755.30,3757.85,3754.40,3755.30,1575,2933700
EICHERMOT_F1,11/01/2022,12:18:00,3756.80,3757.00,3754.40,3756.05,1225,2933700
EICHERMOT_F1,11/01/2022,12:19:00,3755.30,3755.30,3747.65,3749.25,20125,2933700
EICHERMOT_F1,11/01/2022,12:20:00,3749.00,3753.95,3747.40,3751.05,6300,2936150
EICHERMOT_F1,11/01/2022,12:21:00,3751.05,3753.55,3750.80,3751.00,2100,2936150
EICHERMOT_F1,11/01/2022,12:22:00,3750.10,3751.50,3748.00,3751.50,2275,2936150
EICHERMOT_F1,11/01/2022,12:23:00,3751.25,3752.90,3749.95,3752.85,3850,2937550
EICHERMOT_F1,11/01/2022,12:24:00,3753.75,3754.70,3753.75,3754.70,525,2937550
EICHERMOT_F1,11/01/2022,12:25:00,3754.75,3754.75,3751.65,3751.65,2625,2937550
EICHERMOT_F1,11/01/2022,12:26:00,3753.15,3758.50,3753.15,3756.35,2100,2939475
EICHERMOT_F1,11/01/2022,12:27:00,3757.00,3757.20,3755.05,3755.05,1050,2939475
EICHERMOT_F1,11/01/2022,12:28:00,3755.50,3755.50,3752.00,3753.20,4725,2939475
EICHERMOT_F1,11/01/2022,12:29:00,3753.10,3757.10,3753.10,3754.55,2625,2940175
EICHERMOT_F1,11/01/2022,12:30:00,3753.90,3754.95,3748.50,3748.50,4900,2940175
EICHERMOT_F1,11/01/2022,12:31:00,3747.20,3747.80,3744.65,3744.65,5075,2940175
EICHERMOT_F1,11/01/2022,12:32:00,3744.00,3744.00,3735.60,3736.85,14525,2940175
EICHERMOT_F1,11/01/2022,12:33:00,3739.35,3739.35,3735.25,3738.30,7350,2948925
EICHERMOT_F1,11/01/2022,12:34:00,3737.25,3742.00,3735.55,3738.30,16100,2948925
EICHERMOT_F1,11/01/2022,12:35:00,3739.25,3739.25,3736.15,3739.00,1750,2948925
EICHERMOT_F1,11/01/2022,12:36:00,3737.65,3738.10,3733.75,3734.90,7525,2948925
EICHERMOT_F1,11/01/2022,12:37:00,3735.05,3739.25,3735.05,3737.90,1575,2948925
EICHERMOT_F1,11/01/2022,12:38:00,3738.10,3746.15,3738.10,3746.15,9100,2948925
EICHERMOT_F1,11/01/2022,12:39:00,3745.90,3749.05,3743.35,3747.40,24500,2948925
EICHERMOT_F1,11/01/2022,12:40:00,3746.15,3755.25,3746.15,3755.00,19600,2948925
EICHERMOT_F1,11/01/2022,12:41:00,3753.20,3762.05,3750.00,3760.70,19950,2948925
EICHERMOT_F1,11/01/2022,12:42:00,3758.75,3759.65,3756.15,3758.30,8575,2949275
EICHERMOT_F1,11/01/2022,12:43:00,3759.60,3759.90,3753.90,3754.15,3675,2949275
EICHERMOT_F1,11/01/2022,12:44:00,3752.95,3757.85,3752.15,3757.85,2100,2949275
EICHERMOT_F1,11/01/2022,12:45:00,3758.55,3764.50,3757.50,3763.40,3150,2952600
EICHERMOT_F1,11/01/2022,12:46:00,3762.15,3769.95,3762.15,3766.30,7350,2952600
EICHERMOT_F1,11/01/2022,12:47:00,3765.20,3765.95,3762.35,3764.45,4375,2952600
EICHERMOT_F1,11/01/2022,12:48:00,3763.65,3766.20,3758.55,3758.55,3850,2960825
EICHERMOT_F1,11/01/2022,12:49:00,3758.70,3760.50,3758.70,3760.50,700,2960825
EICHERMOT_F1,11/01/2022,12:50:00,3759.10,3759.10,3749.30,3753.85,6475,2960825
EICHERMOT_F1,11/01/2022,12:51:00,3754.85,3756.90,3754.65,3756.45,1750,2966950
EICHERMOT_F1,11/01/2022,12:52:00,3757.00,3757.00,3752.90,3755.50,2800,2966950
EICHERMOT_F1,11/01/2022,12:53:00,3755.15,3755.15,3755.15,3755.15,350,2966950
EICHERMOT_F1,11/01/2022,12:54:00,3754.40,3754.40,3754.40,3754.40,175,2967475
EICHERMOT_F1,11/01/2022,12:55:00,3754.10,3754.10,3749.30,3750.00,7350,2967475
EICHERMOT_F1,11/01/2022,12:56:00,3749.45,3750.00,3747.00,3748.90,1575,2967475
EICHERMOT_F1,11/01/2022,12:57:00,3747.30,3748.90,3747.30,3748.90,350,2967650
EICHERMOT_F1,11/01/2022,12:58:00,3747.45,3747.45,3744.30,3744.60,1925,2967650
EICHERMOT_F1,11/01/2022,12:59:00,3742.05,3743.50,3741.80,3743.30,3325,2967650
EICHERMOT_F1,11/01/2022,13:00:00,3744.30,3746.40,3744.30,3745.05,3325,2970275
EICHERMOT_F1,11/01/2022,13:01:00,3744.00,3744.00,3741.00,3741.25,1575,2970275
EICHERMOT_F1,11/01/2022,13:02:00,3743.00,3744.95,3742.25,3744.25,1400,2970275
EICHERMOT_F1,11/01/2022,13:03:00,3742.00,3743.40,3740.00,3740.00,4550,2972900
EICHERMOT_F1,11/01/2022,13:04:00,3738.75,3738.75,3735.80,3736.85,6825,2972900
EICHERMOT_F1,11/01/2022,13:05:00,3739.00,3739.00,3735.40,3735.40,2625,2972900
EICHERMOT_F1,11/01/2022,13:06:00,3737.35,3739.25,3733.00,3739.25,5600,2976575
EICHERMOT_F1,11/01/2022,13:07:00,3739.40,3739.45,3736.05,3737.20,3500,2976575
EICHERMOT_F1,11/01/2022,13:08:00,3737.00,3738.25,3735.75,3738.25,2975,2976575
EICHERMOT_F1,11/01/2022,13:09:00,3737.55,3738.80,3735.55,3735.90,2100,2981125
EICHERMOT_F1,11/01/2022,13:10:00,3736.15,3737.55,3735.05,3735.10,1925,2981125
EICHERMOT_F1,11/01/2022,13:11:00,3735.00,3735.60,3731.00,3731.00,5775,2981125
EICHERMOT_F1,11/01/2022,13:12:00,3731.00,3731.90,3728.35,3731.00,7350,2985500
EICHERMOT_F1,11/01/2022,13:13:00,3731.75,3731.75,3728.05,3728.05,700,2985500
EICHERMOT_F1,11/01/2022,13:14:00,3728.05,3736.30,3728.05,3736.30,4900,2985500
EICHERMOT_F1,11/01/2022,13:15:00,3733.30,3733.30,3729.20,3731.95,2275,2987075
EICHERMOT_F1,11/01/2022,13:16:00,3732.45,3734.65,3730.35,3732.00,3150,2987075
EICHERMOT_F1,11/01/2022,13:17:00,3732.15,3733.15,3730.55,3732.25,1225,2987075
EICHERMOT_F1,11/01/2022,13:18:00,3731.70,3735.50,3731.70,3733.55,1925,2989350
EICHERMOT_F1,11/01/2022,13:19:00,3733.60,3734.60,3732.25,3734.60,700,2989350
EICHERMOT_F1,11/01/2022,13:20:00,3735.65,3744.40,3735.65,3740.00,8925,2989350
EICHERMOT_F1,11/01/2022,13:21:00,3741.15,3742.85,3739.25,3740.85,2975,2994250
EICHERMOT_F1,11/01/2022,13:22:00,3741.20,3742.80,3741.15,3741.85,1225,2994250
EICHERMOT_F1,11/01/2022,13:23:00,3742.45,3743.80,3742.45,3743.80,1225,2994250
EICHERMOT_F1,11/01/2022,13:24:00,3742.90,3742.90,3740.10,3740.10,2275,2996525
EICHERMOT_F1,11/01/2022,13:25:00,3739.65,3741.60,3739.25,3740.25,2625,2996525
EICHERMOT_F1,11/01/2022,13:26:00,3740.80,3740.80,3740.80,3740.80,175,2996525
EICHERMOT_F1,11/01/2022,13:27:00,3741.00,3742.00,3740.50,3740.50,875,2999675
EICHERMOT_F1,11/01/2022,13:28:00,3740.50,3744.90,3740.50,3743.70,1400,2999675
EICHERMOT_F1,11/01/2022,13:29:00,3743.25,3745.65,3743.25,3745.65,1400,2999675
EICHERMOT_F1,11/01/2022,13:30:00,3746.85,3753.00,3746.85,3753.00,3150,3001775
EICHERMOT_F1,11/01/2022,13:31:00,3751.90,3754.90,3749.20,3754.00,4200,3001775
EICHERMOT_F1,11/01/2022,13:32:00,3753.00,3753.25,3751.90,3752.45,3675,3001775
EICHERMOT_F1,11/01/2022,13:33:00,3753.50,3756.30,3753.50,3756.30,2100,3001250
EICHERMOT_F1,11/01/2022,13:34:00,3755.15,3757.75,3754.85,3756.35,2625,3001250
EICHERMOT_F1,11/01/2022,13:35:00,3759.00,3759.00,3756.60,3756.60,525,3001250
EICHERMOT_F1,11/01/2022,13:36:00,3756.30,3756.50,3755.40,3755.40,525,3001425
EICHERMOT_F1,11/01/2022,13:37:00,3755.00,3755.40,3750.00,3750.00,3150,3001425
EICHERMOT_F1,11/01/2022,13:38:00,3749.40,3750.75,3748.75,3748.75,875,3001425
EICHERMOT_F1,11/01/2022,13:39:00,3750.25,3750.25,3748.10,3749.30,1050,3002475
EICHERMOT_F1,11/01/2022,13:40:00,3749.00,3749.00,3744.30,3744.30,1225,3002475
EICHERMOT_F1,11/01/2022,13:41:00,3745.55,3746.90,3743.00,3745.90,3325,3002475
EICHERMOT_F1,11/01/2022,13:42:00,3747.85,3750.60,3746.30,3747.10,5600,3002650
EICHERMOT_F1,11/01/2022,13:43:00,3747.15,3747.15,3747.15,3747.15,525,3002650
EICHERMOT_F1,11/01/2022,13:44:00,3747.10,3748.00,3747.10,3747.90,700,3002650
EICHERMOT_F1,11/01/2022,13:45:00,3747.45,3748.15,3743.65,3744.05,6825,3002300
EICHERMOT_F1,11/01/2022,13:46:00,3745.40,3745.45,3742.25,3742.25,2450,3002300
EICHERMOT_F1,11/01/2022,13:47:00,3741.25,3742.65,3740.25,3740.25,1050,3002300
EICHERMOT_F1,11/01/2022,13:48:00,3741.00,3743.10,3741.00,3743.10,875,3005625
EICHERMOT_F1,11/01/2022,13:49:00,3743.05,3744.70,3743.05,3744.70,1225,3005625
EICHERMOT_F1,11/01/2022,13:50:00,3746.55,3748.00,3746.55,3747.55,700,3005625
EICHERMOT_F1,11/01/2022,13:51:00,3748.10,3750.90,3747.80,3748.30,3150,3005625
EICHERMOT_F1,11/01/2022,13:52:00,3751.35,3751.35,3750.00,3750.00,1050,3005625
EICHERMOT_F1,11/01/2022,13:53:00,3751.65,3751.65,3750.00,3750.00,700,3005625
EICHERMOT_F1,11/01/2022,13:54:00,3750.00,3750.00,3745.15,3746.20,2450,3007550
EICHERMOT_F1,11/01/2022,13:55:00,3746.50,3746.50,3744.15,3744.15,700,3007550
EICHERMOT_F1,11/01/2022,13:56:00,3744.95,3753.05,3744.95,3753.05,1575,3007550
EICHERMOT_F1,11/01/2022,13:57:00,3749.90,3751.20,3749.90,3751.20,525,3008250
EICHERMOT_F1,11/01/2022,13:58:00,3749.90,3751.40,3748.10,3748.10,1925,3008250
EICHERMOT_F1,11/01/2022,13:59:00,3749.05,3749.05,3745.05,3745.05,1750,3008250
EICHERMOT_F1,11/01/2022,14:00:00,3744.15,3746.35,3744.15,3746.35,525,3008425
EICHERMOT_F1,11/01/2022,14:01:00,3746.60,3747.05,3745.45,3745.45,525,3008425
EICHERMOT_F1,11/01/2022,14:02:00,3745.35,3745.35,3745.35,3745.35,350,3008425
EICHERMOT_F1,11/01/2022,14:03:00,3743.60,3743.60,3743.25,3743.25,350,3008775
EICHERMOT_F1,11/01/2022,14:04:00,3743.00,3745.00,3743.00,3745.00,875,3008775
EICHERMOT_F1,11/01/2022,14:05:00,3741.55,3742.50,3741.55,3742.50,875,3008775
EICHERMOT_F1,11/01/2022,14:06:00,3741.25,3742.50,3741.25,3742.25,875,3009125
EICHERMOT_F1,11/01/2022,14:07:00,3742.00,3742.20,3742.00,3742.15,1050,3009125
EICHERMOT_F1,11/01/2022,14:08:00,3742.15,3743.10,3741.00,3743.10,4725,3009125
EICHERMOT_F1,11/01/2022,14:09:00,3742.55,3744.00,3742.35,3742.35,1225,3013850
EICHERMOT_F1,11/01/2022,14:10:00,3742.35,3743.00,3742.35,3743.00,1400,3013850
EICHERMOT_F1,11/01/2022,14:11:00,3742.35,3744.00,3741.15,3744.00,1400,3013850
EICHERMOT_F1,11/01/2022,14:12:00,3743.10,3745.00,3743.10,3744.45,875,3014725
EICHERMOT_F1,11/01/2022,14:13:00,3747.55,3750.65,3746.70,3747.90,1925,3014725
EICHERMOT_F1,11/01/2022,14:14:00,3746.90,3753.00,3746.90,3752.35,3850,3014725
EICHERMOT_F1,11/01/2022,14:15:00,3751.00,3756.65,3751.00,3755.05,4900,3012625
EICHERMOT_F1,11/01/2022,14:16:00,3756.20,3760.55,3756.05,3758.70,6125,3012625
EICHERMOT_F1,11/01/2022,14:17:00,3760.55,3760.55,3757.75,3760.00,6300,3012625
EICHERMOT_F1,11/01/2022,14:18:00,3760.00,3761.30,3757.70,3760.00,2975,3012100
EICHERMOT_F1,11/01/2022,14:19:00,3760.00,3763.65,3758.35,3760.30,3675,3012100
EICHERMOT_F1,11/01/2022,14:20:00,3758.45,3759.65,3756.00,3759.65,1400,3012100
EICHERMOT_F1,11/01/2022,14:21:00,3758.90,3761.30,3758.65,3758.65,1575,3009650
EICHERMOT_F1,11/01/2022,14:22:00,3758.10,3758.10,3756.85,3756.85,525,3009650
EICHERMOT_F1,11/01/2022,14:23:00,3757.20,3759.50,3757.00,3757.05,4375,3009650
EICHERMOT_F1,11/01/2022,14:24:00,3756.95,3757.60,3755.00,3755.00,875,3006500
EICHERMOT_F1,11/01/2022,14:25:00,3750.05,3752.00,3750.05,3750.05,4550,3006500
EICHERMOT_F1,11/01/2022,14:26:00,3749.80,3749.80,3747.80,3747.80,700,3006500
EICHERMOT_F1,11/01/2022,14:27:00,3748.85,3750.90,3748.85,3750.90,2100,3004575
EICHERMOT_F1,11/01/2022,14:28:00,3749.70,3752.95,3749.70,3751.00,1575,3004575
EICHERMOT_F1,11/01/2022,14:29:00,3753.00,3753.25,3749.45,3749.45,4025,3004575
EICHERMOT_F1,11/01/2022,14:30:00,3749.60,3752.45,3749.60,3751.20,2800,3008075
EICHERMOT_F1,11/01/2022,14:31:00,3750.10,3751.45,3749.35,3751.05,1925,3008075
EICHERMOT_F1,11/01/2022,14:33:00,3750.85,3751.25,3749.90,3749.90,1225,3008775
EICHERMOT_F1,11/01/2022,14:34:00,3751.05,3752.35,3751.05,3751.95,1050,3008775
EICHERMOT_F1,11/01/2022,14:35:00,3754.55,3757.50,3754.35,3757.50,1050,3008775
EICHERMOT_F1,11/01/2022,14:36:00,3755.75,3757.15,3755.05,3755.05,1750,3009475
EICHERMOT_F1,11/01/2022,14:37:00,3755.40,3757.15,3755.40,3757.15,525,3009475
EICHERMOT_F1,11/01/2022,14:38:00,3754.55,3754.55,3754.55,3754.55,525,3009475
EICHERMOT_F1,11/01/2022,14:39:00,3751.45,3753.20,3749.35,3752.20,2100,3011225
EICHERMOT_F1,11/01/2022,14:40:00,3753.40,3755.00,3752.55,3752.75,1575,3011225
EICHERMOT_F1,11/01/2022,14:41:00,3756.05,3757.75,3755.85,3757.75,1400,3011225
EICHERMOT_F1,11/01/2022,14:42:00,3755.45,3755.45,3752.85,3754.55,1225,3011750
EICHERMOT_F1,11/01/2022,14:43:00,3754.30,3754.30,3754.30,3754.30,175,3011750
EICHERMOT_F1,11/01/2022,14:44:00,3755.60,3759.00,3755.60,3758.25,2800,3011750
EICHERMOT_F1,11/01/2022,14:45:00,3758.10,3758.10,3758.00,3758.00,525,3011575
EICHERMOT_F1,11/01/2022,14:46:00,3756.85,3756.85,3755.00,3755.80,1750,3011575
EICHERMOT_F1,11/01/2022,14:47:00,3757.95,3762.05,3757.95,3762.05,9450,3011575
EICHERMOT_F1,11/01/2022,14:48:00,3761.45,3762.75,3758.50,3761.50,4550,3010525
EICHERMOT_F1,11/01/2022,14:49:00,3761.45,3761.45,3758.55,3759.75,3325,3010525
EICHERMOT_F1,11/01/2022,14:50:00,3759.80,3760.30,3756.10,3756.10,3150,3010525
EICHERMOT_F1,11/01/2022,14:51:00,3756.90,3759.65,3756.05,3758.05,1575,3013325
EICHERMOT_F1,11/01/2022,14:52:00,3756.00,3756.25,3754.25,3756.25,1050,3013325
EICHERMOT_F1,11/01/2022,14:53:00,3756.70,3756.70,3756.70,3756.70,175,3013325
EICHERMOT_F1,11/01/2022,14:54:00,3754.75,3759.00,3752.70,3759.00,2800,3013850
EICHERMOT_F1,11/01/2022,14:55:00,3760.00,3760.00,3755.45,3755.45,2100,3013850
EICHERMOT_F1,11/01/2022,14:56:00,3755.65,3756.60,3753.85,3756.10,3150,3013850
EICHERMOT_F1,11/01/2022,14:57:00,3757.00,3761.70,3755.05,3761.70,3150,3013500
EICHERMOT_F1,11/01/2022,14:58:00,3760.30,3760.35,3757.50,3757.90,5075,3013500
EICHERMOT_F1,11/01/2022,14:59:00,3759.00,3764.30,3759.00,3764.30,2800,3013500
EICHERMOT_F1,11/01/2022,15:00:00,3763.10,3773.50,3763.10,3773.00,6300,3015600
EICHERMOT_F1,11/01/2022,15:01:00,3773.40,3773.40,3769.40,3771.00,7875,3015600
EICHERMOT_F1,11/01/2022,15:02:00,3772.55,3778.70,3772.55,3777.65,10675,3015600
EICHERMOT_F1,11/01/2022,15:03:00,3777.60,3797.90,3776.70,3793.25,34475,3012975
EICHERMOT_F1,11/01/2022,15:04:00,3792.00,3792.00,3782.00,3782.00,5600,3012975
EICHERMOT_F1,11/01/2022,15:05:00,3783.00,3784.20,3779.30,3781.00,4900,3012975
EICHERMOT_F1,11/01/2022,15:06:00,3781.35,3781.60,3778.75,3779.30,4550,3027675
EICHERMOT_F1,11/01/2022,15:07:00,3780.50,3781.00,3777.00,3779.75,7350,3027675
EICHERMOT_F1,11/01/2022,15:08:00,3782.65,3783.35,3777.80,3780.40,6825,3027675
EICHERMOT_F1,11/01/2022,15:09:00,3778.10,3778.95,3773.70,3778.95,4550,3027325
EICHERMOT_F1,11/01/2022,15:10:00,3778.25,3778.95,3775.15,3778.95,3850,3027325
EICHERMOT_F1,11/01/2022,15:11:00,3779.05,3781.00,3776.55,3781.00,3675,3027325
EICHERMOT_F1,11/01/2022,15:12:00,3782.55,3782.55,3779.05,3779.05,3325,3025750
EICHERMOT_F1,11/01/2022,15:13:00,3780.35,3780.90,3778.80,3780.00,3850,3025750
EICHERMOT_F1,11/01/2022,15:14:00,3778.70,3778.75,3776.15,3778.20,3500,3025750
EICHERMOT_F1,11/01/2022,15:15:00,3779.50,3781.00,3777.35,3778.50,3850,3025750
EICHERMOT_F1,11/01/2022,15:16:00,3778.20,3780.00,3776.00,3778.80,3500,3025750
EICHERMOT_F1,11/01/2022,15:17:00,3777.05,3778.55,3776.00,3776.90,1575,3025750
EICHERMOT_F1,11/01/2022,15:18:00,3775.50,3779.20,3775.00,3776.15,3675,3026275
EICHERMOT_F1,11/01/2022,15:19:00,3776.75,3776.75,3775.20,3776.40,1925,3026275
EICHERMOT_F1,11/01/2022,15:20:00,3776.70,3778.55,3776.35,3778.55,2625,3026275
EICHERMOT_F1,11/01/2022,15:21:00,3778.10,3781.55,3778.10,3781.55,3675,3025925
EICHERMOT_F1,11/01/2022,15:22:00,3782.15,3782.15,3780.05,3780.30,5250,3025925
EICHERMOT_F1,11/01/2022,15:23:00,3780.75,3782.55,3780.05,3782.00,4200,3025925
EICHERMOT_F1,11/01/2022,15:24:00,3780.05,3781.30,3780.00,3780.70,2800,3028550
EICHERMOT_F1,11/01/2022,15:25:00,3781.60,3781.85,3774.10,3774.10,8225,3028550
EICHERMOT_F1,11/01/2022,15:26:00,3775.75,3777.50,3772.70,3773.65,6825,3028550
EICHERMOT_F1,11/01/2022,15:27:00,3772.85,3775.50,3772.60,3775.50,5600,3032400
EICHERMOT_F1,11/01/2022,15:28:00,3775.65,3776.60,3772.15,3774.05,5250,3032400
EICHERMOT_F1,11/01/2022,15:29:00,3774.15,3778.75,3774.00,3775.00,2625,3032400
EICHERMOT_F1,11/02/2022,09:15:00,3821.45,3821.45,3789.55,3795.00,73502,2888725
EICHERMOT_F1,11/02/2022,09:16:00,3791.10,3798.95,3773.25,3781.40,48825,2888725
EICHERMOT_F1,11/02/2022,09:17:00,3780.70,3791.85,3770.75,3783.00,56350,2964150
EICHERMOT_F1,11/02/2022,09:18:00,3781.70,3781.70,3755.00,3757.10,55125,2964150
EICHERMOT_F1,11/02/2022,09:19:00,3757.35,3763.45,3750.00,3758.30,21700,2964150
EICHERMOT_F1,11/02/2022,09:20:00,3758.25,3758.25,3738.55,3743.55,17500,3010175
EICHERMOT_F1,11/02/2022,09:21:00,3744.90,3754.55,3743.95,3747.45,14350,3010175
EICHERMOT_F1,11/02/2022,09:22:00,3749.80,3761.85,3749.80,3760.00,7175,3010175
EICHERMOT_F1,11/02/2022,09:23:00,3760.20,3760.20,3746.70,3747.60,18200,3017875
EICHERMOT_F1,11/02/2022,09:24:00,3748.60,3752.90,3743.00,3744.70,11200,3017875
EICHERMOT_F1,11/02/2022,09:25:00,3743.60,3743.60,3727.75,3727.80,29750,3017875
EICHERMOT_F1,11/02/2022,09:26:00,3729.75,3737.60,3725.65,3725.65,16275,3046575
EICHERMOT_F1,11/02/2022,09:27:00,3725.65,3735.95,3725.65,3726.70,16800,3046575
EICHERMOT_F1,11/02/2022,09:28:00,3728.40,3730.95,3718.80,3721.85,25900,3046575
EICHERMOT_F1,11/02/2022,09:29:00,3724.75,3730.00,3718.00,3721.75,11025,3067750
EICHERMOT_F1,11/02/2022,09:30:00,3717.25,3720.10,3711.35,3720.10,19775,3067750
EICHERMOT_F1,11/02/2022,09:31:00,3721.45,3726.35,3712.60,3722.15,15575,3067750
EICHERMOT_F1,11/02/2022,09:32:00,3722.35,3724.80,3715.15,3724.80,4725,3082800
EICHERMOT_F1,11/02/2022,09:33:00,3726.80,3726.80,3719.55,3722.05,4375,3082800
EICHERMOT_F1,11/02/2022,09:34:00,3723.40,3724.25,3716.85,3716.85,4375,3082800
EICHERMOT_F1,11/02/2022,09:35:00,3718.45,3721.70,3716.10,3720.20,3500,3089625
EICHERMOT_F1,11/02/2022,09:36:00,3718.40,3720.00,3717.05,3719.00,5250,3089625
EICHERMOT_F1,11/02/2022,09:37:00,3720.80,3728.00,3720.05,3728.00,3325,3089625
EICHERMOT_F1,11/02/2022,09:38:00,3728.00,3729.75,3721.45,3725.55,7000,3093825
EICHERMOT_F1,11/02/2022,09:39:00,3722.20,3724.70,3722.00,3722.10,2800,3093825
EICHERMOT_F1,11/02/2022,09:40:00,3723.80,3726.65,3722.85,3725.40,2975,3093825
EICHERMOT_F1,11/02/2022,09:41:00,3726.35,3729.05,3724.90,3726.95,3325,3098025
EICHERMOT_F1,11/02/2022,09:42:00,3726.95,3728.55,3723.70,3727.90,5250,3098025
EICHERMOT_F1,11/02/2022,09:43:00,3727.85,3729.40,3723.95,3729.40,4900,3098025
EICHERMOT_F1,11/02/2022,09:44:00,3732.50,3734.85,3728.80,3728.80,9100,3104150
EICHERMOT_F1,11/02/2022,09:45:00,3731.30,3735.00,3730.25,3734.00,2625,3104150
EICHERMOT_F1,11/02/2022,09:46:00,3736.00,3738.00,3733.00,3733.00,3325,3104150
EICHERMOT_F1,11/02/2022,09:47:00,3734.80,3734.80,3727.00,3728.05,4375,3106250
EICHERMOT_F1,11/02/2022,09:48:00,3727.50,3727.50,3725.05,3725.05,875,3106250
EICHERMOT_F1,11/02/2022,09:49:00,3729.70,3729.70,3725.00,3728.30,2100,3106250
EICHERMOT_F1,11/02/2022,09:50:00,3724.35,3724.35,3720.70,3720.70,5600,3108525
EICHERMOT_F1,11/02/2022,09:51:00,3720.60,3721.90,3718.70,3720.00,3500,3108525
EICHERMOT_F1,11/02/2022,09:52:00,3720.55,3721.75,3715.55,3715.55,4550,3108525
EICHERMOT_F1,11/02/2022,09:53:00,3717.60,3717.60,3712.05,3712.05,4200,3113425
EICHERMOT_F1,11/02/2022,09:54:00,3714.80,3714.80,3705.00,3709.00,12600,3113425
EICHERMOT_F1,11/02/2022,09:55:00,3706.85,3706.85,3702.05,3702.55,7350,3113425
EICHERMOT_F1,11/02/2022,09:56:00,3707.45,3707.45,3703.00,3706.70,6125,3119200
EICHERMOT_F1,11/02/2022,09:57:00,3706.35,3708.85,3693.10,3693.10,17850,3119200
EICHERMOT_F1,11/02/2022,09:58:00,3695.70,3698.20,3693.10,3696.60,4025,3119200
EICHERMOT_F1,11/02/2022,09:59:00,3698.25,3708.45,3698.25,3704.50,4900,3127425
EICHERMOT_F1,11/02/2022,10:00:00,3706.85,3706.90,3697.05,3698.85,5600,3127425
EICHERMOT_F1,11/02/2022,10:01:00,3696.70,3702.30,3696.35,3698.70,7350,3127425
EICHERMOT_F1,11/02/2022,10:02:00,3702.45,3702.45,3696.55,3696.55,4025,3134250
EICHERMOT_F1,11/02/2022,10:03:00,3696.00,3700.00,3694.55,3700.00,6650,3134250
EICHERMOT_F1,11/02/2022,10:04:00,3700.55,3700.80,3699.00,3700.80,2275,3134250
EICHERMOT_F1,11/02/2022,10:05:00,3701.85,3702.20,3698.05,3702.20,3500,3138975
EICHERMOT_F1,11/02/2022,10:06:00,3704.95,3707.05,3703.00,3707.00,5075,3138975
EICHERMOT_F1,11/02/2022,10:07:00,3707.40,3709.90,3705.00,3709.75,2800,3138975
EICHERMOT_F1,11/02/2022,10:08:00,3709.70,3709.70,3705.20,3705.20,3150,3142300
EICHERMOT_F1,11/02/2022,10:09:00,3705.00,3706.35,3705.00,3705.85,1225,3142300
EICHERMOT_F1,11/02/2022,10:10:00,3704.05,3704.05,3700.35,3701.55,1400,3142300
EICHERMOT_F1,11/02/2022,10:11:00,3702.10,3702.10,3700.00,3701.55,3325,3144925
EICHERMOT_F1,11/02/2022,10:12:00,3699.80,3699.80,3696.00,3698.50,2975,3144925
EICHERMOT_F1,11/02/2022,10:13:00,3699.25,3702.00,3699.25,3702.00,875,3144925
EICHERMOT_F1,11/02/2022,10:14:00,3701.95,3701.95,3698.05,3698.05,2975,3147200
EICHERMOT_F1,11/02/2022,10:15:00,3696.95,3696.95,3691.65,3694.65,6825,3147200
EICHERMOT_F1,11/02/2022,10:16:00,3694.30,3696.60,3693.55,3695.00,1750,3147200
EICHERMOT_F1,11/02/2022,10:17:00,3695.65,3699.10,3693.45,3699.10,4200,3151925
EICHERMOT_F1,11/02/2022,10:18:00,3698.85,3698.85,3696.25,3697.65,1400,3151925
EICHERMOT_F1,11/02/2022,10:19:00,3699.70,3702.25,3698.05,3702.15,2625,3151925
EICHERMOT_F1,11/02/2022,10:20:00,3700.00,3700.00,3697.80,3699.10,2100,3156300
EICHERMOT_F1,11/02/2022,10:21:00,3699.15,3706.95,3699.15,3705.50,2450,3156300
EICHERMOT_F1,11/02/2022,10:22:00,3705.00,3705.00,3701.30,3703.00,2975,3156300
EICHERMOT_F1,11/02/2022,10:23:00,3703.00,3704.45,3701.95,3704.45,875,3158400
EICHERMOT_F1,11/02/2022,10:24:00,3704.45,3704.45,3703.30,3703.30,525,3158400
EICHERMOT_F1,11/02/2022,10:25:00,3705.00,3705.00,3701.90,3702.95,1750,3158400
EICHERMOT_F1,11/02/2022,10:26:00,3701.30,3701.90,3701.30,3701.90,700,3160325
EICHERMOT_F1,11/02/2022,10:27:00,3701.90,3710.50,3700.85,3710.50,6300,3160325
EICHERMOT_F1,11/02/2022,10:28:00,3708.80,3713.70,3706.00,3710.80,5950,3160325
EICHERMOT_F1,11/02/2022,10:29:00,3710.30,3710.30,3706.25,3708.75,1750,3158575
EICHERMOT_F1,11/02/2022,10:30:00,3706.15,3708.15,3706.15,3708.15,1050,3158575
EICHERMOT_F1,11/02/2022,10:31:00,3709.00,3709.65,3709.00,3709.65,2275,3158575
EICHERMOT_F1,11/02/2022,10:32:00,3708.55,3709.15,3708.55,3709.15,525,3158575
EICHERMOT_F1,11/02/2022,10:33:00,3709.90,3710.00,3709.90,3710.00,700,3160675
EICHERMOT_F1,11/02/2022,10:34:00,3709.00,3711.45,3706.85,3709.05,2975,3160675
EICHERMOT_F1,11/02/2022,10:35:00,3712.00,3716.80,3712.00,3716.35,9625,3163475
EICHERMOT_F1,11/02/2022,10:36:00,3717.05,3719.50,3712.70,3712.70,6475,3163475
EICHERMOT_F1,11/02/2022,10:37:00,3717.30,3717.30,3717.30,3717.30,525,3163475
EICHERMOT_F1,11/02/2022,10:38:00,3718.65,3719.00,3716.95,3719.00,1400,3161375
EICHERMOT_F1,11/02/2022,10:39:00,3717.90,3720.60,3717.90,3720.00,3675,3161375
EICHERMOT_F1,11/02/2022,10:40:00,3722.95,3724.10,3716.40,3717.00,2625,3161375
EICHERMOT_F1,11/02/2022,10:41:00,3719.00,3719.00,3716.00,3716.00,875,3162075
EICHERMOT_F1,11/02/2022,10:42:00,3715.40,3719.50,3715.00,3719.50,1225,3162075
EICHERMOT_F1,11/02/2022,10:43:00,3720.95,3722.95,3720.95,3722.95,1400,3162075
EICHERMOT_F1,11/02/2022,10:44:00,3724.00,3724.00,3719.60,3719.85,2275,3162075
EICHERMOT_F1,11/02/2022,10:45:00,3722.00,3722.00,3716.35,3716.50,1925,3163300
EICHERMOT_F1,11/02/2022,10:46:00,3716.15,3716.75,3709.10,3709.45,7525,3163300
EICHERMOT_F1,11/02/2022,10:47:00,3709.55,3712.00,3709.55,3709.85,4200,3162075
EICHERMOT_F1,11/02/2022,10:48:00,3709.05,3709.05,3706.10,3707.45,1750,3162075
EICHERMOT_F1,11/02/2022,10:49:00,3707.45,3710.00,3706.00,3710.00,1050,3162075
EICHERMOT_F1,11/02/2022,10:50:00,3707.05,3707.05,3704.00,3704.00,875,3162075
EICHERMOT_F1,11/02/2022,10:51:00,3705.00,3705.00,3703.00,3704.30,1575,3158575
EICHERMOT_F1,11/02/2022,10:52:00,3705.45,3707.40,3703.35,3703.35,1225,3158575
EICHERMOT_F1,11/02/2022,10:53:00,3702.40,3704.50,3702.15,3702.80,2800,3158925
EICHERMOT_F1,11/02/2022,10:54:00,3702.00,3702.65,3698.45,3700.55,2100,3158925
EICHERMOT_F1,11/02/2022,10:55:00,3700.00,3700.00,3698.05,3698.05,1400,3158925
EICHERMOT_F1,11/02/2022,10:56:00,3699.50,3700.90,3695.00,3699.10,4025,3160150
EICHERMOT_F1,11/02/2022,10:57:00,3695.50,3697.90,3694.05,3694.05,3150,3160150
EICHERMOT_F1,11/02/2022,10:58:00,3696.00,3697.80,3696.00,3697.80,1225,3160150
EICHERMOT_F1,11/02/2022,10:59:00,3696.00,3696.00,3693.05,3693.05,4725,3159800
EICHERMOT_F1,11/02/2022,11:00:00,3694.30,3694.55,3687.75,3688.00,16800,3159800
EICHERMOT_F1,11/02/2022,11:01:00,3688.85,3692.85,3688.35,3688.70,4025,3159800
EICHERMOT_F1,11/02/2022,11:02:00,3688.20,3688.20,3683.00,3685.05,6475,3172575
EICHERMOT_F1,11/02/2022,11:03:00,3687.90,3687.90,3684.60,3685.70,5775,3172575
EICHERMOT_F1,11/02/2022,11:04:00,3684.60,3684.60,3682.20,3682.20,2450,3172575
EICHERMOT_F1,11/02/2022,11:05:00,3682.00,3686.25,3681.40,3686.25,5250,3178700
EICHERMOT_F1,11/02/2022,11:06:00,3685.90,3686.95,3685.00,3685.00,8750,3178700
EICHERMOT_F1,11/02/2022,11:07:00,3686.00,3689.35,3683.30,3686.15,6125,3178700
EICHERMOT_F1,11/02/2022,11:08:00,3686.25,3686.80,3685.85,3685.85,1750,3177300
EICHERMOT_F1,11/02/2022,11:09:00,3686.35,3686.35,3682.45,3683.95,3150,3177300
EICHERMOT_F1,11/02/2022,11:10:00,3683.90,3683.90,3680.45,3680.45,9275,3177300
EICHERMOT_F1,11/02/2022,11:11:00,3676.90,3681.25,3676.10,3677.15,26775,3179050
EICHERMOT_F1,11/02/2022,11:12:00,3680.15,3682.55,3679.05,3682.55,12775,3179050
EICHERMOT_F1,11/02/2022,11:13:00,3684.50,3686.00,3682.90,3685.15,2800,3179050
EICHERMOT_F1,11/02/2022,11:14:00,3684.15,3692.15,3684.15,3690.00,4375,3178000
EICHERMOT_F1,11/02/2022,11:15:00,3687.00,3688.65,3686.10,3686.70,5950,3178000
EICHERMOT_F1,11/02/2022,11:16:00,3686.05,3686.70,3683.75,3685.20,3150,3178000
EICHERMOT_F1,11/02/2022,11:17:00,3684.80,3688.65,3684.80,3688.65,2800,3178000
EICHERMOT_F1,11/02/2022,11:18:00,3688.65,3689.90,3688.00,3689.50,5250,3184650
EICHERMOT_F1,11/02/2022,11:19:00,3690.00,3692.75,3690.00,3690.05,3325,3184650
EICHERMOT_F1,11/02/2022,11:20:00,3689.00,3692.85,3687.00,3692.85,4900,3187275
EICHERMOT_F1,11/02/2022,11:21:00,3692.60,3692.60,3687.00,3687.00,1050,3187275
EICHERMOT_F1,11/02/2022,11:22:00,3688.00,3688.25,3686.15,3688.25,1575,3187275
EICHERMOT_F1,11/02/2022,11:23:00,3688.20,3689.90,3686.45,3689.90,2975,3187275
EICHERMOT_F1,11/02/2022,11:24:00,3689.45,3690.25,3687.50,3690.25,3150,3188675
EICHERMOT_F1,11/02/2022,11:25:00,3690.25,3690.25,3688.40,3690.00,1575,3188675
EICHERMOT_F1,11/02/2022,11:26:00,3687.40,3688.85,3686.00,3686.00,1925,3188675
EICHERMOT_F1,11/02/2022,11:27:00,3688.15,3688.15,3686.50,3686.50,2975,3190250
EICHERMOT_F1,11/02/2022,11:28:00,3688.00,3689.70,3687.50,3687.50,875,3190250
EICHERMOT_F1,11/02/2022,11:29:00,3688.10,3688.10,3686.60,3686.60,525,3190250
EICHERMOT_F1,11/02/2022,11:30:00,3688.90,3688.90,3684.55,3686.00,5425,3192875
EICHERMOT_F1,11/02/2022,11:31:00,3686.85,3688.90,3686.85,3688.90,1050,3192875
EICHERMOT_F1,11/02/2022,11:32:00,3688.60,3689.00,3688.00,3688.00,700,3194450
EICHERMOT_F1,11/02/2022,11:33:00,3687.00,3687.00,3682.85,3682.85,2800,3194450
EICHERMOT_F1,11/02/2022,11:34:00,3685.85,3688.45,3682.85,3684.15,3500,3194450
EICHERMOT_F1,11/02/2022,11:35:00,3684.85,3688.90,3684.85,3685.10,4375,3194450
EICHERMOT_F1,11/02/2022,11:36:00,3688.05,3688.05,3686.65,3686.65,350,3199350
EICHERMOT_F1,11/02/2022,11:37:00,3685.10,3685.10,3685.10,3685.10,175,3199350
EICHERMOT_F1,11/02/2022,11:38:00,3685.75,3685.75,3685.75,3685.75,350,3199350
EICHERMOT_F1,11/02/2022,11:39:00,3689.50,3690.55,3687.35,3690.55,12600,3199875
EICHERMOT_F1,11/02/2022,11:40:00,3694.00,3698.95,3693.20,3698.00,12075,3199875
EICHERMOT_F1,11/02/2022,11:41:00,3699.00,3699.00,3696.15,3697.85,3150,3199875
EICHERMOT_F1,11/02/2022,11:42:00,3698.05,3698.95,3696.00,3697.45,3325,3203200
EICHERMOT_F1,11/02/2022,11:43:00,3698.00,3704.40,3696.00,3700.95,12425,3203200
EICHERMOT_F1,11/02/2022,11:44:00,3702.00,3702.10,3699.00,3699.00,1225,3200750
EICHERMOT_F1,11/02/2022,11:45:00,3700.85,3701.45,3697.05,3697.05,4025,3200750
EICHERMOT_F1,11/02/2022,11:46:00,3698.10,3700.80,3697.05,3699.45,1400,3200750
EICHERMOT_F1,11/02/2022,11:47:00,3699.95,3705.85,3699.00,3705.00,5950,3200750
EICHERMOT_F1,11/02/2022,11:48:00,3706.00,3710.05,3703.95,3706.85,10675,3196375
EICHERMOT_F1,11/02/2022,11:49:00,3702.75,3705.00,3702.75,3705.00,3325,3196375
EICHERMOT_F1,11/02/2022,11:50:00,3706.00,3706.00,3702.50,3702.50,875,3196375
EICHERMOT_F1,11/02/2022,11:51:00,3702.70,3706.85,3702.70,3705.90,2100,3196200
EICHERMOT_F1,11/02/2022,11:52:00,3704.50,3704.50,3702.90,3702.90,875,3196200
EICHERMOT_F1,11/02/2022,11:53:00,3703.70,3704.00,3702.25,3704.00,700,3196200
EICHERMOT_F1,11/02/2022,11:54:00,3705.95,3705.95,3704.40,3704.40,875,3195675
EICHERMOT_F1,11/02/2022,11:55:00,3702.45,3702.45,3702.45,3702.45,175,3195675
EICHERMOT_F1,11/02/2022,11:56:00,3703.40,3704.25,3702.10,3703.80,1750,3195675
EICHERMOT_F1,11/02/2022,11:57:00,3702.95,3704.70,3701.80,3703.10,1225,3195325
EICHERMOT_F1,11/02/2022,11:58:00,3705.55,3706.00,3703.45,3703.45,1750,3195325
EICHERMOT_F1,11/02/2022,11:59:00,3705.60,3705.60,3702.35,3702.35,350,3195325
EICHERMOT_F1,11/02/2022,12:00:00,3703.00,3703.95,3700.00,3700.55,4025,3193750
EICHERMOT_F1,11/02/2022,12:01:00,3700.50,3700.50,3700.00,3700.00,525,3193750
EICHERMOT_F1,11/02/2022,12:02:00,3703.15,3703.15,3700.15,3700.15,875,3193750
EICHERMOT_F1,11/02/2022,12:03:00,3701.00,3701.00,3699.00,3700.10,700,3193400
EICHERMOT_F1,11/02/2022,12:04:00,3700.30,3700.30,3698.50,3699.60,1225,3193400
EICHERMOT_F1,11/02/2022,12:05:00,3700.65,3703.00,3700.65,3703.00,1050,3193400
EICHERMOT_F1,11/02/2022,12:06:00,3703.00,3703.00,3701.55,3701.55,1575,3193750
EICHERMOT_F1,11/02/2022,12:07:00,3700.00,3701.75,3699.50,3699.50,1400,3193750
EICHERMOT_F1,11/02/2022,12:08:00,3700.85,3701.05,3700.85,3701.05,350,3193750
EICHERMOT_F1,11/02/2022,12:09:00,3699.30,3699.30,3699.30,3699.30,175,3194450
EICHERMOT_F1,11/02/2022,12:10:00,3700.55,3700.55,3700.55,3700.55,700,3194450
EICHERMOT_F1,11/02/2022,12:11:00,3700.00,3702.10,3700.00,3702.10,350,3194450
EICHERMOT_F1,11/02/2022,12:12:00,3702.10,3702.10,3700.20,3702.10,525,3194450
EICHERMOT_F1,11/02/2022,12:13:00,3700.05,3700.10,3700.00,3700.00,875,3194450
EICHERMOT_F1,11/02/2022,12:14:00,3699.00,3700.70,3699.00,3700.70,350,3194450
EICHERMOT_F1,11/02/2022,12:15:00,3698.50,3698.50,3698.00,3698.00,525,3195150
EICHERMOT_F1,11/02/2022,12:16:00,3699.55,3699.55,3699.55,3699.55,525,3195150
EICHERMOT_F1,11/02/2022,12:17:00,3700.70,3706.05,3700.50,3706.05,10850,3195150
EICHERMOT_F1,11/02/2022,12:18:00,3706.60,3708.40,3704.00,3704.00,2275,3197600
EICHERMOT_F1,11/02/2022,12:19:00,3702.55,3702.55,3701.10,3702.20,700,3197600
EICHERMOT_F1,11/02/2022,12:20:00,3701.50,3705.50,3701.50,3705.20,1750,3197600
EICHERMOT_F1,11/02/2022,12:21:00,3706.95,3706.95,3705.55,3705.55,525,3197425
EICHERMOT_F1,11/02/2022,12:22:00,3706.95,3708.70,3705.70,3705.80,2100,3197425
EICHERMOT_F1,11/02/2022,12:23:00,3704.20,3707.25,3704.20,3707.25,700,3197425
EICHERMOT_F1,11/02/2022,12:25:00,3702.35,3703.65,3700.65,3703.65,875,3197600
EICHERMOT_F1,11/02/2022,12:26:00,3702.45,3702.90,3701.50,3702.20,1050,3197600
EICHERMOT_F1,11/02/2022,12:27:00,3701.40,3701.40,3701.05,3701.05,700,3198300
EICHERMOT_F1,11/02/2022,12:28:00,3701.00,3701.00,3701.00,3701.00,175,3198300
EICHERMOT_F1,11/02/2022,12:29:00,3700.60,3700.85,3700.20,3700.85,875,3198300
EICHERMOT_F1,11/02/2022,12:30:00,3702.45,3702.45,3702.45,3702.45,175,3198300
EICHERMOT_F1,11/02/2022,12:31:00,3701.30,3701.30,3700.95,3700.95,350,3198825
EICHERMOT_F1,11/02/2022,12:32:00,3705.20,3705.90,3704.00,3704.00,1925,3198825
EICHERMOT_F1,11/02/2022,12:33:00,3704.60,3704.60,3703.65,3703.65,525,3198650
EICHERMOT_F1,11/02/2022,12:34:00,3703.65,3703.65,3703.65,3703.65,175,3198650
EICHERMOT_F1,11/02/2022,12:35:00,3701.80,3701.80,3701.10,3701.80,525,3198650
EICHERMOT_F1,11/02/2022,12:36:00,3701.30,3702.80,3700.65,3700.65,700,3199000
EICHERMOT_F1,11/02/2022,12:37:00,3700.25,3700.25,3700.05,3700.05,350,3199000
EICHERMOT_F1,11/02/2022,12:38:00,3699.05,3699.05,3698.00,3698.00,1400,3199000
EICHERMOT_F1,11/02/2022,12:39:00,3698.80,3700.85,3698.05,3698.05,1750,3199350
EICHERMOT_F1,11/02/2022,12:40:00,3697.50,3697.50,3691.05,3691.05,1925,3199350
EICHERMOT_F1,11/02/2022,12:41:00,3692.20,3695.80,3692.20,3695.50,1575,3199350
EICHERMOT_F1,11/02/2022,12:42:00,3695.70,3702.00,3695.70,3702.00,5250,3200225
EICHERMOT_F1,11/02/2022,12:43:00,3700.95,3705.65,3700.00,3703.60,7350,3200225
EICHERMOT_F1,11/02/2022,12:44:00,3700.00,3700.65,3699.95,3699.95,2100,3200225
EICHERMOT_F1,11/02/2022,12:45:00,3699.50,3702.65,3699.05,3700.55,2100,3194800
EICHERMOT_F1,11/02/2022,12:47:00,3699.35,3699.35,3696.55,3696.55,525,3194800
EICHERMOT_F1,11/02/2022,12:48:00,3698.20,3698.20,3698.20,3698.20,525,3195325
EICHERMOT_F1,11/02/2022,12:49:00,3696.75,3698.10,3694.90,3698.10,4725,3195325
EICHERMOT_F1,11/02/2022,12:50:00,3700.30,3700.65,3698.80,3698.80,1750,3195325
EICHERMOT_F1,11/02/2022,12:51:00,3696.20,3698.20,3695.40,3695.40,1225,3194800
EICHERMOT_F1,11/02/2022,12:52:00,3695.30,3698.35,3695.30,3698.35,1050,3194800
EICHERMOT_F1,11/02/2022,12:53:00,3696.90,3696.90,3696.90,3696.90,175,3194800
EICHERMOT_F1,11/02/2022,12:54:00,3700.00,3704.00,3700.00,3701.00,5600,3195150
EICHERMOT_F1,11/02/2022,12:55:00,3702.90,3702.90,3702.90,3702.90,175,3195150
EICHERMOT_F1,11/02/2022,12:56:00,3701.65,3701.75,3700.05,3700.05,5600,3195150
EICHERMOT_F1,11/02/2022,12:57:00,3701.10,3703.50,3701.00,3703.50,875,3190600
EICHERMOT_F1,11/02/2022,12:58:00,3701.25,3701.25,3701.20,3701.20,525,3190600
EICHERMOT_F1,11/02/2022,12:59:00,3701.10,3701.10,3700.00,3700.00,875,3190600
EICHERMOT_F1,11/02/2022,13:00:00,3699.00,3700.45,3697.85,3697.85,1050,3190775
EICHERMOT_F1,11/02/2022,13:02:00,3699.35,3699.35,3696.60,3697.20,875,3190775
EICHERMOT_F1,11/02/2022,13:03:00,3696.85,3703.10,3696.85,3703.10,2275,3192000
EICHERMOT_F1,11/02/2022,13:04:00,3704.05,3704.10,3701.10,3701.10,700,3192000
EICHERMOT_F1,11/02/2022,13:05:00,3701.75,3703.00,3700.05,3701.85,1575,3192000
EICHERMOT_F1,11/02/2022,13:06:00,3702.30,3703.90,3701.70,3703.90,875,3193575
EICHERMOT_F1,11/02/2022,13:07:00,3701.70,3701.75,3701.70,3701.70,525,3193575
EICHERMOT_F1,11/02/2022,13:08:00,3701.70,3705.00,3701.60,3701.60,2625,3193575
EICHERMOT_F1,11/02/2022,13:09:00,3702.55,3702.55,3702.55,3702.55,175,3193225
EICHERMOT_F1,11/02/2022,13:10:00,3702.55,3702.60,3701.25,3702.60,1225,3193225
EICHERMOT_F1,11/02/2022,13:11:00,3701.00,3701.00,3698.70,3698.75,1575,3193225
EICHERMOT_F1,11/02/2022,13:12:00,3700.90,3701.05,3699.55,3699.55,1050,3194975
EICHERMOT_F1,11/02/2022,13:13:00,3701.90,3701.90,3701.05,3701.05,350,3194975
EICHERMOT_F1,11/02/2022,13:14:00,3700.90,3700.90,3699.85,3700.15,875,3194975
EICHERMOT_F1,11/02/2022,13:15:00,3700.40,3701.65,3700.10,3701.65,700,3196025
EICHERMOT_F1,11/02/2022,13:16:00,3700.30,3702.05,3700.30,3700.90,525,3196025
EICHERMOT_F1,11/02/2022,13:17:00,3700.30,3700.30,3700.00,3700.00,525,3196025
EICHERMOT_F1,11/02/2022,13:18:00,3700.00,3702.05,3700.00,3700.05,1050,3197600
EICHERMOT_F1,11/02/2022,13:19:00,3700.20,3702.15,3700.20,3700.85,700,3197600
EICHERMOT_F1,11/02/2022,13:20:00,3701.50,3701.50,3700.00,3700.00,875,3197600
EICHERMOT_F1,11/02/2022,13:21:00,3700.00,3700.00,3700.00,3700.00,700,3197775
EICHERMOT_F1,11/02/2022,13:22:00,3699.80,3700.15,3698.85,3698.85,3150,3197775
EICHERMOT_F1,11/02/2022,13:23:00,3700.65,3700.65,3698.65,3698.65,1050,3197775
EICHERMOT_F1,11/02/2022,13:24:00,3699.95,3699.95,3698.50,3699.05,525,3197425
EICHERMOT_F1,11/02/2022,13:25:00,3699.85,3699.85,3697.95,3697.95,350,3197425
EICHERMOT_F1,11/02/2022,13:26:00,3697.45,3697.45,3693.90,3693.90,1575,3197425
EICHERMOT_F1,11/02/2022,13:27:00,3695.80,3697.25,3695.20,3696.70,2100,3198125
EICHERMOT_F1,11/02/2022,13:28:00,3695.75,3697.60,3693.85,3693.85,1050,3198125
EICHERMOT_F1,11/02/2022,13:29:00,3697.45,3697.45,3694.45,3694.45,1750,3198125
EICHERMOT_F1,11/02/2022,13:30:00,3693.70,3693.70,3691.25,3691.25,1225,3199350
EICHERMOT_F1,11/02/2022,13:31:00,3691.10,3694.00,3690.15,3692.00,1750,3199350
EICHERMOT_F1,11/02/2022,13:32:00,3691.35,3691.35,3691.35,3691.35,175,3199350
EICHERMOT_F1,11/02/2022,13:33:00,3688.25,3688.25,3685.40,3686.50,6825,3201100
EICHERMOT_F1,11/02/2022,13:34:00,3687.60,3688.25,3686.50,3686.50,1400,3201100
EICHERMOT_F1,11/02/2022,13:36:00,3686.50,3688.45,3685.05,3685.05,4550,3202150
EICHERMOT_F1,11/02/2022,13:37:00,3688.05,3690.00,3688.00,3688.00,1050,3202150
EICHERMOT_F1,11/02/2022,13:38:00,3685.00,3686.85,3685.00,3685.05,4900,3202150
EICHERMOT_F1,11/02/2022,13:39:00,3683.30,3685.00,3683.15,3684.95,3500,3204775
EICHERMOT_F1,11/02/2022,13:40:00,3683.20,3685.95,3683.20,3684.60,2625,3204775
EICHERMOT_F1,11/02/2022,13:41:00,3684.95,3684.95,3680.30,3680.30,2975,3204775
EICHERMOT_F1,11/02/2022,13:42:00,3680.30,3681.30,3680.00,3680.55,3500,3204775
EICHERMOT_F1,11/02/2022,13:43:00,3680.75,3688.55,3680.75,3687.00,13825,3204775
EICHERMOT_F1,11/02/2022,13:44:00,3686.00,3686.95,3684.20,3685.70,700,3204775
EICHERMOT_F1,11/02/2022,13:45:00,3685.00,3685.00,3683.90,3683.90,350,3200400
EICHERMOT_F1,11/02/2022,13:46:00,3685.20,3690.00,3685.20,3688.55,4200,3200400
EICHERMOT_F1,11/02/2022,13:47:00,3688.15,3688.65,3688.15,3688.65,700,3200400
EICHERMOT_F1,11/02/2022,13:48:00,3689.00,3689.00,3688.00,3688.75,525,3198650
EICHERMOT_F1,11/02/2022,13:49:00,3687.55,3695.25,3687.55,3695.25,6125,3198650
EICHERMOT_F1,11/02/2022,13:50:00,3695.85,3703.50,3695.85,3703.50,14175,3198650
EICHERMOT_F1,11/02/2022,13:51:00,3701.80,3703.00,3699.85,3699.85,1225,3196725
EICHERMOT_F1,11/02/2022,13:52:00,3700.95,3701.00,3700.05,3700.05,1050,3196725
EICHERMOT_F1,11/02/2022,13:53:00,3702.60,3703.00,3702.60,3703.00,875,3196725
EICHERMOT_F1,11/02/2022,13:54:00,3700.70,3701.45,3699.70,3699.70,525,3196375
EICHERMOT_F1,11/02/2022,13:55:00,3700.00,3700.00,3699.60,3699.60,350,3196375
EICHERMOT_F1,11/02/2022,13:56:00,3701.90,3701.90,3699.65,3699.65,1400,3196375
EICHERMOT_F1,11/02/2022,13:57:00,3699.45,3699.45,3699.45,3699.45,175,3196375
EICHERMOT_F1,11/02/2022,13:58:00,3698.90,3700.55,3698.90,3699.95,525,3196375
EICHERMOT_F1,11/02/2022,13:59:00,3698.95,3700.50,3698.95,3699.05,1050,3196375
EICHERMOT_F1,11/02/2022,14:00:00,3699.00,3700.00,3698.30,3698.30,700,3197250
EICHERMOT_F1,11/02/2022,14:01:00,3698.55,3700.35,3697.85,3700.35,1925,3197250
EICHERMOT_F1,11/02/2022,14:02:00,3699.15,3706.40,3699.15,3704.00,4900,3197250
EICHERMOT_F1,11/02/2022,14:03:00,3704.70,3707.20,3704.70,3707.20,6300,3195675
EICHERMOT_F1,11/02/2022,14:04:00,3708.00,3709.70,3704.95,3705.15,2100,3195675
EICHERMOT_F1,11/02/2022,14:05:00,3704.10,3705.15,3704.10,3705.15,700,3195675
EICHERMOT_F1,11/02/2022,14:06:00,3702.75,3704.55,3701.70,3701.70,525,3195675
EICHERMOT_F1,11/02/2022,14:07:00,3701.50,3703.20,3701.25,3701.25,1925,3193925
EICHERMOT_F1,11/02/2022,14:08:00,3698.00,3698.85,3698.00,3698.85,1225,3193925
EICHERMOT_F1,11/02/2022,14:09:00,3701.00,3701.00,3701.00,3701.00,525,3193225
EICHERMOT_F1,11/02/2022,14:10:00,3699.90,3706.00,3699.90,3704.85,5950,3193225
EICHERMOT_F1,11/02/2022,14:11:00,3707.95,3711.00,3704.40,3708.65,17500,3193225
EICHERMOT_F1,11/02/2022,14:12:00,3710.00,3713.50,3708.25,3710.30,2975,3186575
EICHERMOT_F1,11/02/2022,14:13:00,3708.35,3709.95,3708.00,3708.00,700,3186575
EICHERMOT_F1,11/02/2022,14:14:00,3709.45,3710.20,3709.00,3710.20,2625,3186575
EICHERMOT_F1,11/02/2022,14:15:00,3708.90,3712.10,3708.90,3710.05,1925,3185350
EICHERMOT_F1,11/02/2022,14:16:00,3710.00,3710.30,3709.25,3709.45,1050,3185350
EICHERMOT_F1,11/02/2022,14:17:00,3710.00,3712.35,3710.00,3712.05,1925,3185350
EICHERMOT_F1,11/02/2022,14:18:00,3711.95,3714.90,3709.85,3714.90,2625,3185175
EICHERMOT_F1,11/02/2022,14:19:00,3714.70,3714.70,3713.20,3714.40,875,3185175
EICHERMOT_F1,11/02/2022,14:20:00,3712.70,3714.20,3712.45,3712.45,1050,3185175
EICHERMOT_F1,11/02/2022,14:21:00,3714.00,3714.00,3712.55,3713.60,700,3185525
EICHERMOT_F1,11/02/2022,14:22:00,3713.80,3713.80,3712.40,3713.15,1750,3185525
EICHERMOT_F1,11/02/2022,14:23:00,3711.90,3712.45,3711.90,3712.45,1750,3185525
EICHERMOT_F1,11/02/2022,14:24:00,3714.00,3714.10,3713.65,3713.65,3500,3185000
EICHERMOT_F1,11/02/2022,14:25:00,3712.95,3712.95,3711.95,3711.95,1050,3185000
EICHERMOT_F1,11/02/2022,14:26:00,3711.45,3712.65,3711.45,3712.20,1050,3185000
EICHERMOT_F1,11/02/2022,14:27:00,3711.05,3711.45,3708.30,3708.30,1050,3184475
EICHERMOT_F1,11/02/2022,14:28:00,3708.60,3708.85,3704.20,3705.45,2800,3184475
EICHERMOT_F1,11/02/2022,14:29:00,3703.35,3703.35,3702.05,3702.95,1750,3184475
EICHERMOT_F1,11/02/2022,14:30:00,3704.70,3704.70,3703.35,3704.60,1575,3184650
EICHERMOT_F1,11/02/2022,14:31:00,3705.70,3705.70,3705.10,3705.25,1225,3184650
EICHERMOT_F1,11/02/2022,14:32:00,3705.45,3705.45,3705.45,3705.45,875,3184650
EICHERMOT_F1,11/02/2022,14:33:00,3706.70,3707.05,3706.70,3707.05,700,3184650
EICHERMOT_F1,11/02/2022,14:34:00,3706.10,3707.00,3704.20,3706.40,2275,3179925
EICHERMOT_F1,11/02/2022,14:35:00,3705.95,3707.90,3705.95,3707.90,1400,3179925
EICHERMOT_F1,11/02/2022,14:36:00,3708.70,3709.45,3708.70,3709.45,350,3179925
EICHERMOT_F1,11/02/2022,14:37:00,3706.70,3706.70,3706.70,3706.70,350,3179400
EICHERMOT_F1,11/02/2022,14:38:00,3704.80,3704.80,3703.05,3703.05,525,3179400
EICHERMOT_F1,11/02/2022,14:39:00,3704.45,3705.40,3703.05,3705.40,2100,3179225
EICHERMOT_F1,11/02/2022,14:40:00,3704.50,3704.50,3704.50,3704.50,175,3179225
EICHERMOT_F1,11/02/2022,14:41:00,3705.30,3706.15,3704.00,3704.00,1400,3179225
EICHERMOT_F1,11/02/2022,14:42:00,3702.40,3703.35,3702.35,3703.35,875,3179225
EICHERMOT_F1,11/02/2022,14:43:00,3702.15,3705.50,3702.15,3705.50,1400,3179400
EICHERMOT_F1,11/02/2022,14:44:00,3703.40,3703.40,3700.00,3700.00,3150,3179400
EICHERMOT_F1,11/02/2022,14:45:00,3700.75,3701.85,3698.50,3698.50,3850,3179575
EICHERMOT_F1,11/02/2022,14:46:00,3699.20,3699.20,3695.05,3695.05,2975,3179575
EICHERMOT_F1,11/02/2022,14:47:00,3695.05,3699.00,3695.00,3699.00,1575,3179575
EICHERMOT_F1,11/02/2022,14:48:00,3696.70,3697.85,3696.50,3697.40,700,3179400
EICHERMOT_F1,11/02/2022,14:49:00,3697.00,3697.30,3696.35,3697.30,2100,3179400
EICHERMOT_F1,11/02/2022,14:50:00,3695.95,3698.00,3695.95,3698.00,700,3179400
EICHERMOT_F1,11/02/2022,14:51:00,3696.75,3697.80,3695.10,3695.10,1575,3178700
EICHERMOT_F1,11/02/2022,14:52:00,3695.00,3701.20,3695.00,3701.20,8225,3178700
EICHERMOT_F1,11/02/2022,14:53:00,3699.05,3699.05,3697.60,3697.60,875,3178700
EICHERMOT_F1,11/02/2022,14:54:00,3697.60,3699.00,3696.80,3699.00,2275,3177475
EICHERMOT_F1,11/02/2022,14:55:00,3698.95,3701.50,3697.45,3697.45,875,3177475
EICHERMOT_F1,11/02/2022,14:56:00,3698.30,3698.30,3697.20,3697.20,700,3177475
EICHERMOT_F1,11/02/2022,14:57:00,3696.40,3700.55,3695.45,3700.55,2800,3178000
EICHERMOT_F1,11/02/2022,14:58:00,3698.40,3702.15,3698.40,3701.75,2800,3178000
EICHERMOT_F1,11/02/2022,14:59:00,3702.90,3702.90,3701.20,3701.20,1050,3178000
EICHERMOT_F1,11/02/2022,15:00:00,3701.15,3710.00,3701.15,3707.80,9625,3176600
EICHERMOT_F1,11/02/2022,15:01:00,3704.85,3707.45,3704.80,3705.00,2100,3176600
EICHERMOT_F1,11/02/2022,15:02:00,3706.30,3710.50,3705.10,3709.25,3325,3176600
EICHERMOT_F1,11/02/2022,15:03:00,3708.10,3715.05,3708.00,3713.40,5425,3174675
EICHERMOT_F1,11/02/2022,15:04:00,3713.55,3713.55,3709.55,3710.65,2450,3174675
EICHERMOT_F1,11/02/2022,15:05:00,3710.70,3714.00,3708.00,3708.00,4900,3174675
EICHERMOT_F1,11/02/2022,15:06:00,3709.45,3711.95,3709.45,3710.50,2975,3176425
EICHERMOT_F1,11/02/2022,15:07:00,3711.85,3713.90,3710.00,3710.85,4200,3176425
EICHERMOT_F1,11/02/2022,15:08:00,3712.15,3712.15,3709.65,3710.90,1050,3176425
EICHERMOT_F1,11/02/2022,15:09:00,3711.15,3715.80,3711.15,3713.15,6300,3178175
EICHERMOT_F1,11/02/2022,15:10:00,3713.90,3715.55,3713.30,3713.30,1400,3178175
EICHERMOT_F1,11/02/2022,15:11:00,3712.70,3712.70,3708.80,3710.35,5950,3178175
EICHERMOT_F1,11/02/2022,15:12:00,3710.60,3712.15,3710.15,3712.15,1750,3177475
EICHERMOT_F1,11/02/2022,15:13:00,3712.40,3713.10,3710.90,3712.75,5075,3177475
EICHERMOT_F1,11/02/2022,15:14:00,3710.90,3711.55,3709.70,3711.25,2275,3177475
EICHERMOT_F1,11/02/2022,15:15:00,3710.20,3712.75,3709.25,3712.25,3675,3176775
EICHERMOT_F1,11/02/2022,15:16:00,3710.80,3712.20,3710.25,3711.70,2800,3176775
EICHERMOT_F1,11/02/2022,15:17:00,3711.05,3711.30,3709.75,3710.00,5250,3176775
EICHERMOT_F1,11/02/2022,15:18:00,3710.80,3710.80,3706.00,3709.55,10675,3170650
EICHERMOT_F1,11/02/2022,15:19:00,3709.00,3709.50,3706.60,3708.10,3850,3170650
EICHERMOT_F1,11/02/2022,15:20:00,3708.90,3710.65,3707.90,3709.95,10500,3170650
EICHERMOT_F1,11/02/2022,15:21:00,3711.75,3713.80,3711.75,3712.70,2625,3170475
EICHERMOT_F1,11/02/2022,15:22:00,3713.00,3713.10,3711.35,3711.35,3150,3170475
EICHERMOT_F1,11/02/2022,15:23:00,3712.95,3713.00,3711.30,3711.45,2100,3170475
EICHERMOT_F1,11/02/2022,15:24:00,3712.75,3712.95,3710.25,3710.25,3850,3172225
EICHERMOT_F1,11/02/2022,15:25:00,3710.65,3713.00,3710.55,3712.95,5950,3172225
EICHERMOT_F1,11/02/2022,15:26:00,3712.50,3712.70,3711.10,3712.60,3150,3172225
EICHERMOT_F1,11/02/2022,15:27:00,3711.55,3712.50,3710.65,3710.80,2100,3169775
EICHERMOT_F1,11/02/2022,15:28:00,3712.10,3714.95,3710.60,3714.95,9100,3169775
EICHERMOT_F1,11/02/2022,15:29:00,3714.00,3715.00,3712.00,3713.00,9100,3169775
EICHERMOT_F1,11/03/2022,09:15:00,3677.80,3708.00,3675.00,3705.60,8051,3090150
EICHERMOT_F1,11/03/2022,09:16:00,3706.55,3724.65,3706.55,3713.05,12950,3090150
EICHERMOT_F1,11/03/2022,09:17:00,3716.95,3717.20,3708.70,3709.90,9800,3092600
EICHERMOT_F1,11/03/2022,09:18:00,3713.45,3714.35,3705.35,3705.35,4200,3092600
EICHERMOT_F1,11/03/2022,09:19:00,3707.00,3711.00,3704.00,3704.55,4375,3092600
EICHERMOT_F1,11/03/2022,09:20:00,3703.30,3707.40,3701.00,3705.90,5600,3094350
EICHERMOT_F1,11/03/2022,09:21:00,3705.00,3710.05,3704.05,3708.65,6300,3094350
EICHERMOT_F1,11/03/2022,09:22:00,3708.90,3722.00,3708.90,3714.20,8400,3094350
EICHERMOT_F1,11/03/2022,09:23:00,3715.25,3715.70,3709.25,3709.25,2975,3098900
EICHERMOT_F1,11/03/2022,09:24:00,3711.15,3716.65,3711.15,3716.05,4900,3098900
EICHERMOT_F1,11/03/2022,09:25:00,3714.45,3719.95,3714.45,3717.10,10150,3098900
EICHERMOT_F1,11/03/2022,09:26:00,3717.85,3717.85,3706.45,3706.45,9625,3103625
EICHERMOT_F1,11/03/2022,09:27:00,3707.80,3709.25,3705.85,3706.00,5250,3103625
EICHERMOT_F1,11/03/2022,09:28:00,3706.20,3713.30,3703.95,3709.15,6300,3103625
EICHERMOT_F1,11/03/2022,09:29:00,3708.20,3712.65,3708.20,3711.00,3150,3106950
EICHERMOT_F1,11/03/2022,09:30:00,3706.00,3711.60,3706.00,3711.60,2625,3106950
EICHERMOT_F1,11/03/2022,09:31:00,3711.65,3718.20,3711.65,3718.20,4025,3106950
EICHERMOT_F1,11/03/2022,09:32:00,3716.95,3717.85,3712.25,3712.35,5775,3107125
EICHERMOT_F1,11/03/2022,09:33:00,3716.70,3721.60,3716.45,3721.40,8925,3107125
EICHERMOT_F1,11/03/2022,09:34:00,3721.00,3724.00,3719.40,3721.60,3850,3107125
EICHERMOT_F1,11/03/2022,09:35:00,3721.75,3724.00,3720.05,3724.00,4025,3106075
EICHERMOT_F1,11/03/2022,09:36:00,3724.75,3724.75,3717.85,3717.85,2275,3106075
EICHERMOT_F1,11/03/2022,09:37:00,3719.15,3722.00,3715.40,3717.05,4025,3106075
EICHERMOT_F1,11/03/2022,09:38:00,3715.00,3718.00,3715.00,3718.00,525,3106075
EICHERMOT_F1,11/03/2022,09:39:00,3717.70,3719.25,3714.10,3714.10,2100,3105550
EICHERMOT_F1,11/03/2022,09:40:00,3714.00,3714.80,3712.80,3712.80,875,3105550
EICHERMOT_F1,11/03/2022,09:41:00,3712.85,3713.40,3709.05,3713.40,2625,3105900
EICHERMOT_F1,11/03/2022,09:42:00,3714.40,3716.25,3714.40,3716.05,875,3105900
EICHERMOT_F1,11/03/2022,09:43:00,3718.20,3719.40,3716.55,3716.55,2275,3105900
EICHERMOT_F1,11/03/2022,09:44:00,3717.00,3717.60,3714.45,3717.00,2800,3105375
EICHERMOT_F1,11/03/2022,09:45:00,3715.75,3715.75,3714.20,3715.75,875,3105375
EICHERMOT_F1,11/03/2022,09:46:00,3717.35,3721.95,3717.35,3719.00,2450,3105375
EICHERMOT_F1,11/03/2022,09:47:00,3721.20,3723.85,3717.20,3717.20,4200,3102575
EICHERMOT_F1,11/03/2022,09:48:00,3718.90,3724.00,3718.90,3722.15,2275,3102575
EICHERMOT_F1,11/03/2022,09:49:00,3724.10,3724.95,3719.35,3719.50,2625,3102575
EICHERMOT_F1,11/03/2022,09:50:00,3720.00,3720.00,3718.25,3720.00,1925,3103800
EICHERMOT_F1,11/03/2022,09:51:00,3721.00,3721.60,3717.00,3718.05,2800,3103800
EICHERMOT_F1,11/03/2022,09:52:00,3718.70,3718.70,3713.40,3715.00,3500,3103800
EICHERMOT_F1,11/03/2022,09:53:00,3716.00,3717.00,3715.00,3716.35,1050,3103800
EICHERMOT_F1,11/03/2022,09:54:00,3717.00,3717.20,3716.10,3716.10,700,3103800
EICHERMOT_F1,11/03/2022,09:55:00,3716.00,3718.00,3715.05,3717.05,1575,3103800
EICHERMOT_F1,11/03/2022,09:56:00,3715.95,3718.15,3715.95,3716.55,2100,3104150
EICHERMOT_F1,11/03/2022,09:57:00,3716.65,3716.65,3715.00,3715.00,700,3104150
EICHERMOT_F1,11/03/2022,09:58:00,3712.00,3714.80,3712.00,3714.80,4025,3104150
EICHERMOT_F1,11/03/2022,09:59:00,3710.15,3715.85,3710.15,3715.35,5775,3102225
EICHERMOT_F1,11/03/2022,10:00:00,3715.50,3716.45,3714.70,3716.00,3325,3102225
EICHERMOT_F1,11/03/2022,10:01:00,3715.95,3715.95,3715.80,3715.80,1050,3102225
EICHERMOT_F1,11/03/2022,10:02:00,3714.35,3715.00,3712.65,3712.65,875,3105725
EICHERMOT_F1,11/03/2022,10:03:00,3713.55,3713.55,3707.80,3707.80,3150,3105725
EICHERMOT_F1,11/03/2022,10:04:00,3706.80,3706.80,3697.80,3700.20,9800,3105725
EICHERMOT_F1,11/03/2022,10:05:00,3702.10,3703.95,3701.80,3703.95,1750,3105725
EICHERMOT_F1,11/03/2022,10:06:00,3701.80,3701.80,3698.25,3700.15,3325,3109750
EICHERMOT_F1,11/03/2022,10:07:00,3698.10,3700.40,3690.10,3690.10,14350,3109750
EICHERMOT_F1,11/03/2022,10:08:00,3691.85,3695.65,3688.20,3691.05,15225,3111850
EICHERMOT_F1,11/03/2022,10:09:00,3691.95,3691.95,3688.30,3690.20,3850,3111850
EICHERMOT_F1,11/03/2022,10:10:00,3690.10,3693.65,3690.10,3693.00,2450,3111850
EICHERMOT_F1,11/03/2022,10:11:00,3694.00,3696.75,3694.00,3696.75,1575,3112025
EICHERMOT_F1,11/03/2022,10:12:00,3697.50,3700.00,3697.50,3700.00,1225,3112025
EICHERMOT_F1,11/03/2022,10:13:00,3700.00,3700.00,3697.95,3698.10,1225,3112025
EICHERMOT_F1,11/03/2022,10:14:00,3698.20,3699.20,3698.00,3698.70,2800,3111850
EICHERMOT_F1,11/03/2022,10:15:00,3698.50,3701.00,3698.50,3700.00,3500,3111850
EICHERMOT_F1,11/03/2022,10:16:00,3698.00,3698.00,3693.10,3693.10,2450,3111850
EICHERMOT_F1,11/03/2022,10:17:00,3693.60,3696.60,3693.60,3694.70,700,3111500
EICHERMOT_F1,11/03/2022,10:18:00,3696.35,3699.95,3696.30,3699.95,2975,3111500
EICHERMOT_F1,11/03/2022,10:19:00,3700.50,3704.00,3700.50,3702.35,4550,3111500
EICHERMOT_F1,11/03/2022,10:20:00,3701.60,3703.10,3701.55,3701.55,875,3111500
EICHERMOT_F1,11/03/2022,10:21:00,3700.05,3700.05,3697.30,3697.30,1400,3112200
EICHERMOT_F1,11/03/2022,10:22:00,3701.35,3705.20,3701.35,3705.20,3850,3112200
EICHERMOT_F1,11/03/2022,10:23:00,3705.50,3708.10,3705.50,3708.10,1050,3111850
EICHERMOT_F1,11/03/2022,10:24:00,3708.45,3708.45,3705.05,3705.75,2450,3111850
EICHERMOT_F1,11/03/2022,10:25:00,3708.00,3708.00,3708.00,3708.00,525,3111850
EICHERMOT_F1,11/03/2022,10:26:00,3709.90,3713.80,3709.90,3713.55,2100,3111850
EICHERMOT_F1,11/03/2022,10:27:00,3712.95,3716.15,3712.95,3713.15,1575,3112025
EICHERMOT_F1,11/03/2022,10:28:00,3713.50,3713.50,3713.50,3713.50,175,3112025
EICHERMOT_F1,11/03/2022,10:29:00,3713.45,3714.40,3711.00,3711.00,1925,3112025
EICHERMOT_F1,11/03/2022,10:30:00,3708.75,3709.05,3705.90,3707.05,1575,3110450
EICHERMOT_F1,11/03/2022,10:31:00,3707.05,3707.05,3702.25,3704.80,2100,3110450
EICHERMOT_F1,11/03/2022,10:32:00,3706.00,3706.00,3705.10,3705.10,350,3110450
EICHERMOT_F1,11/03/2022,10:33:00,3704.55,3704.55,3700.70,3700.70,1575,3111675
EICHERMOT_F1,11/03/2022,10:34:00,3700.60,3702.30,3700.60,3702.30,700,3111675
EICHERMOT_F1,11/03/2022,10:35:00,3702.35,3702.35,3700.60,3700.60,875,3111675
EICHERMOT_F1,11/03/2022,10:36:00,3700.40,3700.40,3700.20,3700.20,1050,3112725
EICHERMOT_F1,11/03/2022,10:37:00,3699.05,3701.10,3699.05,3701.10,2975,3112725
EICHERMOT_F1,11/03/2022,10:38:00,3704.55,3704.55,3700.55,3700.55,1575,3112725
EICHERMOT_F1,11/03/2022,10:39:00,3700.00,3700.00,3698.85,3698.85,700,3112725
EICHERMOT_F1,11/03/2022,10:40:00,3698.65,3699.20,3697.00,3698.25,3325,3112725
EICHERMOT_F1,11/03/2022,10:41:00,3698.15,3698.30,3698.15,3698.30,525,3112725
EICHERMOT_F1,11/03/2022,10:42:00,3697.85,3699.65,3697.85,3699.65,1575,3112025
EICHERMOT_F1,11/03/2022,10:43:00,3699.65,3700.05,3699.65,3700.05,1225,3112025
EICHERMOT_F1,11/03/2022,10:44:00,3699.05,3699.05,3692.30,3692.40,4025,3113600
EICHERMOT_F1,11/03/2022,10:45:00,3692.95,3693.25,3692.00,3692.00,700,3113600
EICHERMOT_F1,11/03/2022,10:46:00,3691.70,3693.00,3691.70,3693.00,1400,3113600
EICHERMOT_F1,11/03/2022,10:47:00,3694.40,3695.45,3692.50,3693.45,2100,3115350
EICHERMOT_F1,11/03/2022,10:49:00,3693.65,3693.65,3691.75,3691.75,1750,3115350
EICHERMOT_F1,11/03/2022,10:50:00,3691.70,3692.10,3691.25,3691.25,1225,3115350
EICHERMOT_F1,11/03/2022,10:51:00,3691.10,3691.10,3689.05,3689.05,2450,3117450
EICHERMOT_F1,11/03/2022,10:52:00,3690.70,3694.80,3690.70,3694.80,1750,3117450
EICHERMOT_F1,11/03/2022,10:54:00,3692.60,3692.60,3691.35,3691.35,350,3119025
EICHERMOT_F1,11/03/2022,10:55:00,3690.85,3691.40,3690.85,3691.40,525,3119025
EICHERMOT_F1,11/03/2022,10:56:00,3691.50,3695.55,3691.50,3695.55,1750,3120250
EICHERMOT_F1,11/03/2022,10:58:00,3695.00,3695.00,3691.95,3693.90,2975,3120250
EICHERMOT_F1,11/03/2022,10:59:00,3693.80,3693.80,3692.35,3692.35,525,3120250
EICHERMOT_F1,11/03/2022,11:00:00,3692.00,3693.00,3691.55,3692.35,2275,3120250
EICHERMOT_F1,11/03/2022,11:01:00,3691.60,3691.60,3691.60,3691.60,350,3120250
EICHERMOT_F1,11/03/2022,11:02:00,3692.55,3692.55,3690.90,3691.90,2450,3117800
EICHERMOT_F1,11/03/2022,11:03:00,3690.00,3690.20,3689.00,3690.20,2450,3117800
EICHERMOT_F1,11/03/2022,11:04:00,3689.65,3689.65,3688.30,3688.30,350,3117800
EICHERMOT_F1,11/03/2022,11:05:00,3688.85,3690.00,3688.05,3688.05,1575,3117800
EICHERMOT_F1,11/03/2022,11:06:00,3688.05,3688.05,3683.10,3683.10,3675,3119900
EICHERMOT_F1,11/03/2022,11:07:00,3682.85,3686.05,3682.85,3684.90,5425,3119900
EICHERMOT_F1,11/03/2022,11:08:00,3684.25,3684.25,3682.35,3684.00,2100,3125325
EICHERMOT_F1,11/03/2022,11:09:00,3684.70,3685.95,3682.00,3682.00,2275,3125325
EICHERMOT_F1,11/03/2022,11:10:00,3681.75,3690.40,3681.75,3690.40,8925,3125325
EICHERMOT_F1,11/03/2022,11:11:00,3688.05,3688.05,3686.80,3687.55,1225,3125325
EICHERMOT_F1,11/03/2022,11:12:00,3682.75,3686.55,3682.00,3685.50,2800,3126900
EICHERMOT_F1,11/03/2022,11:13:00,3685.00,3686.80,3685.00,3685.60,1750,3126900
EICHERMOT_F1,11/03/2022,11:14:00,3684.90,3684.90,3682.20,3683.20,2975,3130925
EICHERMOT_F1,11/03/2022,11:15:00,3682.05,3683.80,3675.00,3681.85,16625,3130925
EICHERMOT_F1,11/03/2022,11:16:00,3679.40,3683.40,3678.25,3678.25,3850,3130925
EICHERMOT_F1,11/03/2022,11:17:00,3679.60,3682.85,3678.55,3682.85,5600,3130925
EICHERMOT_F1,11/03/2022,11:18:00,3682.15,3682.15,3680.00,3680.90,1575,3134075
EICHERMOT_F1,11/03/2022,11:19:00,3680.50,3681.25,3678.10,3681.25,2625,3134075
EICHERMOT_F1,11/03/2022,11:20:00,3678.45,3679.85,3677.45,3677.45,700,3136700
EICHERMOT_F1,11/03/2022,11:21:00,3677.05,3678.40,3677.05,3678.30,700,3136700
EICHERMOT_F1,11/03/2022,11:22:00,3680.30,3680.30,3677.45,3678.65,1750,3136700
EICHERMOT_F1,11/03/2022,11:23:00,3679.20,3679.20,3679.20,3679.20,350,3136700
EICHERMOT_F1,11/03/2022,11:24:00,3679.20,3679.20,3677.70,3677.70,525,3138625
EICHERMOT_F1,11/03/2022,11:25:00,3677.55,3678.00,3677.55,3678.00,525,3138625
EICHERMOT_F1,11/03/2022,11:26:00,3677.50,3677.50,3677.45,3677.45,350,3138625
EICHERMOT_F1,11/03/2022,11:27:00,3677.45,3679.00,3677.40,3677.40,1400,3138275
EICHERMOT_F1,11/03/2022,11:28:00,3677.10,3678.95,3677.10,3678.95,1225,3138275
EICHERMOT_F1,11/03/2022,11:29:00,3679.00,3679.55,3678.00,3678.00,1225,3139675
EICHERMOT_F1,11/03/2022,11:30:00,3679.70,3679.70,3678.45,3679.10,1575,3139675
EICHERMOT_F1,11/03/2022,11:31:00,3679.70,3681.50,3679.55,3679.55,1750,3139675
EICHERMOT_F1,11/03/2022,11:32:00,3680.25,3680.25,3679.05,3679.05,525,3139675
EICHERMOT_F1,11/03/2022,11:33:00,3678.00,3678.00,3676.05,3677.30,1925,3140375
EICHERMOT_F1,11/03/2022,11:34:00,3677.05,3678.15,3676.05,3677.35,2975,3140375
EICHERMOT_F1,11/03/2022,11:35:00,3675.25,3675.35,3669.10,3670.60,15400,3143000
EICHERMOT_F1,11/03/2022,11:36:00,3669.40,3672.45,3663.30,3663.30,11900,3143000
EICHERMOT_F1,11/03/2022,11:37:00,3663.05,3668.20,3662.40,3668.20,4725,3143000
EICHERMOT_F1,11/03/2022,11:38:00,3667.10,3675.50,3667.10,3675.50,2625,3146675
EICHERMOT_F1,11/03/2022,11:39:00,3676.00,3676.35,3671.85,3671.85,875,3146675
EICHERMOT_F1,11/03/2022,11:40:00,3673.05,3673.05,3670.80,3672.90,3150,3146675
EICHERMOT_F1,11/03/2022,11:41:00,3672.95,3672.95,3671.45,3671.45,525,3146675
EICHERMOT_F1,11/03/2022,11:42:00,3672.15,3672.15,3669.55,3670.55,1400,3145275
EICHERMOT_F1,11/03/2022,11:43:00,3670.10,3671.95,3667.10,3670.00,8750,3145275
EICHERMOT_F1,11/03/2022,11:44:00,3668.10,3668.85,3662.05,3662.05,4725,3145275
EICHERMOT_F1,11/03/2022,11:45:00,3661.40,3663.25,3660.60,3662.30,5600,3146150
EICHERMOT_F1,11/03/2022,11:46:00,3661.40,3665.00,3660.10,3662.75,9625,3146150
EICHERMOT_F1,11/03/2022,11:47:00,3663.70,3663.70,3663.70,3663.70,175,3146150
EICHERMOT_F1,11/03/2022,11:48:00,3665.25,3665.55,3662.35,3662.35,2800,3145975
EICHERMOT_F1,11/03/2022,11:49:00,3663.45,3663.45,3661.05,3662.00,2100,3145975
EICHERMOT_F1,11/03/2022,11:50:00,3660.00,3660.00,3658.00,3658.00,4375,3145975
EICHERMOT_F1,11/03/2022,11:51:00,3658.00,3661.45,3656.45,3656.45,8750,3147025
EICHERMOT_F1,11/03/2022,11:52:00,3656.45,3659.95,3656.05,3656.85,11025,3147025
EICHERMOT_F1,11/03/2022,11:53:00,3656.50,3657.65,3655.55,3655.55,3675,3147025
EICHERMOT_F1,11/03/2022,11:54:00,3655.55,3655.70,3646.55,3651.60,26075,3153675
EICHERMOT_F1,11/03/2022,11:55:00,3649.95,3654.25,3648.70,3654.25,4725,3153675
EICHERMOT_F1,11/03/2022,11:56:00,3655.25,3656.10,3653.00,3654.95,3675,3153675
EICHERMOT_F1,11/03/2022,11:57:00,3655.00,3657.25,3655.00,3656.50,1225,3159975
EICHERMOT_F1,11/03/2022,11:58:00,3655.00,3655.00,3655.00,3655.00,350,3159975
EICHERMOT_F1,11/03/2022,11:59:00,3654.20,3658.50,3652.70,3658.50,2625,3159975
EICHERMOT_F1,11/03/2022,12:00:00,3655.65,3660.35,3655.65,3660.35,2275,3161725
EICHERMOT_F1,11/03/2022,12:01:00,3658.00,3658.30,3658.00,3658.30,1400,3161725
EICHERMOT_F1,11/03/2022,12:02:00,3657.30,3661.55,3657.30,3659.10,2100,3161725
EICHERMOT_F1,11/03/2022,12:03:00,3658.90,3658.90,3657.45,3658.10,1050,3160500
EICHERMOT_F1,11/03/2022,12:04:00,3657.00,3657.00,3654.50,3654.50,525,3160500
EICHERMOT_F1,11/03/2022,12:05:00,3653.00,3655.85,3653.00,3655.50,1400,3160500
EICHERMOT_F1,11/03/2022,12:06:00,3654.20,3654.25,3653.30,3654.25,525,3155950
EICHERMOT_F1,11/03/2022,12:07:00,3656.80,3657.40,3655.00,3655.00,1575,3155950
EICHERMOT_F1,11/03/2022,12:08:00,3653.00,3653.00,3650.00,3650.00,1050,3155950
EICHERMOT_F1,11/03/2022,12:09:00,3651.65,3654.35,3651.10,3651.10,2275,3156300
EICHERMOT_F1,11/03/2022,12:10:00,3650.25,3652.50,3650.20,3652.50,1575,3156300
EICHERMOT_F1,11/03/2022,12:11:00,3654.85,3655.30,3654.60,3654.60,700,3156300
EICHERMOT_F1,11/03/2022,12:12:00,3655.45,3657.60,3655.45,3657.60,1575,3155250
EICHERMOT_F1,11/03/2022,12:13:00,3657.25,3657.60,3655.80,3657.00,2100,3155250
EICHERMOT_F1,11/03/2022,12:14:00,3658.70,3658.70,3657.00,3657.00,350,3155250
EICHERMOT_F1,11/03/2022,12:15:00,3657.00,3657.00,3656.10,3656.10,700,3156125
EICHERMOT_F1,11/03/2022,12:16:00,3654.80,3655.00,3654.80,3655.00,525,3156125
EICHERMOT_F1,11/03/2022,12:17:00,3654.50,3655.60,3653.30,3655.60,1925,3156125
EICHERMOT_F1,11/03/2022,12:18:00,3656.00,3658.50,3656.00,3657.70,2625,3157000
EICHERMOT_F1,11/03/2022,12:19:00,3657.50,3657.50,3657.50,3657.50,175,3157000
EICHERMOT_F1,11/03/2022,12:20:00,3657.50,3657.50,3655.00,3655.00,875,3157000
EICHERMOT_F1,11/03/2022,12:21:00,3655.00,3655.35,3653.80,3653.80,525,3156475
EICHERMOT_F1,11/03/2022,12:22:00,3653.45,3655.75,3653.45,3655.75,1575,3156475
EICHERMOT_F1,11/03/2022,12:23:00,3653.65,3654.75,3653.65,3654.75,875,3156475
EICHERMOT_F1,11/03/2022,12:24:00,3653.30,3654.30,3653.30,3654.30,1225,3157525
EICHERMOT_F1,11/03/2022,12:25:00,3654.00,3654.50,3652.30,3652.65,1050,3157525
EICHERMOT_F1,11/03/2022,12:27:00,3652.25,3652.25,3651.60,3651.60,700,3157700
EICHERMOT_F1,11/03/2022,12:28:00,3654.75,3654.75,3652.95,3653.00,1925,3157700
EICHERMOT_F1,11/03/2022,12:29:00,3652.50,3653.05,3652.45,3653.05,525,3157700
EICHERMOT_F1,11/03/2022,12:30:00,3652.45,3652.45,3649.45,3650.60,3500,3159450
EICHERMOT_F1,11/03/2022,12:31:00,3653.30,3653.30,3649.10,3649.10,2450,3159450
EICHERMOT_F1,11/03/2022,12:32:00,3652.20,3652.55,3652.20,3652.55,875,3159450
EICHERMOT_F1,11/03/2022,12:33:00,3652.70,3652.90,3652.70,3652.90,525,3158925
EICHERMOT_F1,11/03/2022,12:34:00,3652.95,3652.95,3652.95,3652.95,175,3158925
EICHERMOT_F1,11/03/2022,12:35:00,3651.15,3652.50,3651.00,3652.35,2800,3158925
EICHERMOT_F1,11/03/2022,12:36:00,3653.90,3653.90,3652.00,3652.00,350,3160150
EICHERMOT_F1,11/03/2022,12:37:00,3651.95,3651.95,3650.65,3650.65,700,3160150
EICHERMOT_F1,11/03/2022,12:38:00,3652.00,3652.00,3650.05,3650.65,2450,3160150
EICHERMOT_F1,11/03/2022,12:39:00,3650.60,3650.60,3648.40,3648.40,1750,3159625
EICHERMOT_F1,11/03/2022,12:40:00,3649.75,3649.75,3647.15,3647.90,5250,3159625
EICHERMOT_F1,11/03/2022,12:41:00,3647.90,3648.85,3647.00,3648.85,1050,3159625
EICHERMOT_F1,11/03/2022,12:42:00,3645.20,3651.40,3643.45,3648.95,10675,3161725
EICHERMOT_F1,11/03/2022,12:43:00,3649.10,3649.10,3647.10,3647.10,700,3161725
EICHERMOT_F1,11/03/2022,12:44:00,3649.50,3649.50,3647.65,3647.65,875,3161725
EICHERMOT_F1,11/03/2022,12:45:00,3647.10,3647.10,3643.75,3643.75,1750,3162075
EICHERMOT_F1,11/03/2022,12:46:00,3643.55,3645.25,3643.00,3643.00,2800,3162075
EICHERMOT_F1,11/03/2022,12:47:00,3642.10,3643.75,3642.10,3643.75,1400,3162075
EICHERMOT_F1,11/03/2022,12:48:00,3642.60,3643.15,3640.05,3640.05,3850,3163825
EICHERMOT_F1,11/03/2022,12:49:00,3640.05,3641.40,3640.00,3641.40,1575,3163825
EICHERMOT_F1,11/03/2022,12:50:00,3643.20,3643.20,3639.90,3640.65,3500,3163825
EICHERMOT_F1,11/03/2022,12:51:00,3640.65,3640.65,3639.85,3639.85,525,3168375
EICHERMOT_F1,11/03/2022,12:52:00,3639.85,3640.05,3638.10,3640.00,5250,3168375
EICHERMOT_F1,11/03/2022,12:53:00,3640.00,3640.00,3637.65,3639.35,2100,3168375
EICHERMOT_F1,11/03/2022,12:54:00,3637.60,3640.40,3636.35,3640.40,2800,3169250
EICHERMOT_F1,11/03/2022,12:55:00,3639.60,3639.60,3636.00,3636.00,2975,3169250
EICHERMOT_F1,11/03/2022,12:56:00,3634.45,3635.95,3634.20,3635.95,5075,3169250
EICHERMOT_F1,11/03/2022,12:57:00,3638.15,3638.15,3636.25,3636.40,1400,3172400
EICHERMOT_F1,11/03/2022,12:58:00,3634.95,3636.25,3634.25,3636.00,1575,3172400
EICHERMOT_F1,11/03/2022,12:59:00,3635.30,3637.40,3635.00,3637.40,1925,3172400
EICHERMOT_F1,11/03/2022,13:00:00,3635.10,3636.35,3635.10,3636.35,1050,3173450
EICHERMOT_F1,11/03/2022,13:01:00,3636.35,3637.00,3635.55,3637.00,1750,3173450
EICHERMOT_F1,11/03/2022,13:02:00,3635.00,3636.10,3633.25,3636.10,1575,3173450
EICHERMOT_F1,11/03/2022,13:03:00,3633.80,3633.80,3632.05,3632.05,1050,3172750
EICHERMOT_F1,11/03/2022,13:04:00,3632.05,3633.40,3631.00,3631.00,5250,3172750
EICHERMOT_F1,11/03/2022,13:05:00,3630.55,3632.10,3630.55,3631.00,4200,3172750
EICHERMOT_F1,11/03/2022,13:06:00,3630.00,3632.00,3629.80,3632.00,12075,3172225
EICHERMOT_F1,11/03/2022,13:07:00,3632.95,3636.00,3632.95,3636.00,2625,3172225
EICHERMOT_F1,11/03/2022,13:08:00,3636.50,3639.50,3635.95,3639.30,4725,3172225
EICHERMOT_F1,11/03/2022,13:09:00,3639.50,3643.10,3639.50,3642.80,4900,3167850
EICHERMOT_F1,11/03/2022,13:10:00,3640.45,3642.60,3640.15,3640.15,875,3167850
EICHERMOT_F1,11/03/2022,13:11:00,3638.00,3639.45,3637.50,3638.55,1925,3167850
EICHERMOT_F1,11/03/2022,13:12:00,3639.20,3639.20,3637.75,3637.75,1575,3165225
EICHERMOT_F1,11/03/2022,13:13:00,3638.45,3638.45,3637.00,3637.35,2275,3165225
EICHERMOT_F1,11/03/2022,13:14:00,3637.40,3637.40,3635.75,3635.90,1400,3165225
EICHERMOT_F1,11/03/2022,13:15:00,3636.20,3641.25,3636.20,3641.25,3850,3166625
EICHERMOT_F1,11/03/2022,13:16:00,3641.15,3641.20,3639.80,3639.80,1050,3166625
EICHERMOT_F1,11/03/2022,13:17:00,3638.00,3642.25,3638.00,3638.05,2625,3166625
EICHERMOT_F1,11/03/2022,13:18:00,3638.55,3644.40,3638.55,3643.60,2275,3164875
EICHERMOT_F1,11/03/2022,13:19:00,3644.80,3645.20,3644.75,3645.00,1400,3164875
EICHERMOT_F1,11/03/2022,13:20:00,3645.25,3646.40,3645.25,3646.30,4900,3164875
EICHERMOT_F1,11/03/2022,13:21:00,3646.10,3649.00,3645.85,3649.00,1925,3169950
EICHERMOT_F1,11/03/2022,13:22:00,3649.00,3649.00,3645.65,3645.65,1575,3169950
EICHERMOT_F1,11/03/2022,13:23:00,3647.20,3650.90,3647.20,3650.50,2800,3169950
EICHERMOT_F1,11/03/2022,13:24:00,3650.75,3651.30,3650.75,3650.80,700,3171525
EICHERMOT_F1,11/03/2022,13:25:00,3650.80,3652.75,3648.30,3652.75,2100,3171525
EICHERMOT_F1,11/03/2022,13:26:00,3654.00,3654.95,3653.70,3653.70,1400,3171525
EICHERMOT_F1,11/03/2022,13:27:00,3652.30,3652.30,3651.00,3652.00,2450,3172400
EICHERMOT_F1,11/03/2022,13:28:00,3650.00,3652.75,3650.00,3652.75,2100,3172400
EICHERMOT_F1,11/03/2022,13:29:00,3651.25,3651.50,3651.25,3651.50,875,3172400
EICHERMOT_F1,11/03/2022,13:30:00,3652.30,3653.00,3649.80,3649.80,1750,3170650
EICHERMOT_F1,11/03/2022,13:31:00,3649.80,3649.80,3647.80,3649.00,2100,3170650
EICHERMOT_F1,11/03/2022,13:32:00,3650.40,3650.40,3650.40,3650.40,175,3170650
EICHERMOT_F1,11/03/2022,13:33:00,3651.55,3651.75,3651.55,3651.75,525,3171700
EICHERMOT_F1,11/03/2022,13:35:00,3651.45,3651.45,3649.40,3649.40,1225,3171700
EICHERMOT_F1,11/03/2022,13:36:00,3650.25,3650.25,3649.35,3650.20,1575,3172925
EICHERMOT_F1,11/03/2022,13:37:00,3651.60,3651.60,3651.60,3651.60,175,3172925
EICHERMOT_F1,11/03/2022,13:38:00,3651.80,3652.00,3651.80,3652.00,525,3172925
EICHERMOT_F1,11/03/2022,13:39:00,3652.75,3654.80,3652.05,3653.45,1575,3172575
EICHERMOT_F1,11/03/2022,13:40:00,3652.15,3652.15,3650.25,3652.10,1225,3172575
EICHERMOT_F1,11/03/2022,13:41:00,3652.70,3656.00,3652.20,3653.65,2800,3172575
EICHERMOT_F1,11/03/2022,13:42:00,3654.30,3654.95,3654.30,3654.95,700,3173100
EICHERMOT_F1,11/03/2022,13:43:00,3654.20,3654.70,3654.15,3654.15,875,3173100
EICHERMOT_F1,11/03/2022,13:44:00,3655.55,3658.45,3655.00,3656.15,2975,3173100
EICHERMOT_F1,11/03/2022,13:45:00,3656.15,3658.30,3656.15,3656.40,1225,3172400
EICHERMOT_F1,11/03/2022,13:46:00,3656.15,3656.15,3652.00,3653.95,1400,3172400
EICHERMOT_F1,11/03/2022,13:47:00,3654.20,3655.35,3654.20,3655.35,1750,3172400
EICHERMOT_F1,11/03/2022,13:48:00,3653.00,3653.00,3651.35,3651.35,525,3174325
EICHERMOT_F1,11/03/2022,13:49:00,3651.15,3653.35,3649.95,3653.35,2100,3174325
EICHERMOT_F1,11/03/2022,13:50:00,3650.60,3653.20,3650.60,3653.20,2275,3174325
EICHERMOT_F1,11/03/2022,13:51:00,3651.90,3651.90,3649.15,3649.90,1050,3176075
EICHERMOT_F1,11/03/2022,13:52:00,3649.95,3653.30,3649.95,3650.15,1750,3176075
EICHERMOT_F1,11/03/2022,13:53:00,3652.05,3655.00,3650.65,3655.00,2100,3176075
EICHERMOT_F1,11/03/2022,13:54:00,3655.40,3655.40,3655.00,3655.00,350,3176775
EICHERMOT_F1,11/03/2022,13:55:00,3651.70,3651.70,3650.40,3650.40,525,3176775
EICHERMOT_F1,11/03/2022,13:56:00,3650.10,3650.10,3648.10,3648.10,875,3176775
EICHERMOT_F1,11/03/2022,13:57:00,3647.15,3647.20,3645.45,3647.20,3150,3177475
EICHERMOT_F1,11/03/2022,13:58:00,3647.75,3647.75,3645.85,3645.85,700,3177475
EICHERMOT_F1,11/03/2022,13:59:00,3649.35,3649.40,3649.35,3649.40,2100,3177475
EICHERMOT_F1,11/03/2022,14:00:00,3649.05,3649.70,3646.65,3649.70,1575,3176775
EICHERMOT_F1,11/03/2022,14:01:00,3649.10,3649.10,3649.10,3649.10,175,3176775
EICHERMOT_F1,11/03/2022,14:02:00,3651.70,3652.65,3650.35,3650.95,1925,3176775
EICHERMOT_F1,11/03/2022,14:03:00,3651.15,3653.25,3651.15,3653.25,700,3177650
EICHERMOT_F1,11/03/2022,14:04:00,3653.25,3653.25,3652.00,3652.00,525,3177650
EICHERMOT_F1,11/03/2022,14:05:00,3651.25,3651.25,3650.00,3650.00,700,3177650
EICHERMOT_F1,11/03/2022,14:06:00,3648.85,3649.80,3648.65,3649.80,1925,3178350
EICHERMOT_F1,11/03/2022,14:07:00,3651.40,3651.40,3649.55,3649.55,875,3178350
EICHERMOT_F1,11/03/2022,14:08:00,3648.20,3649.55,3648.20,3649.55,1225,3178350
EICHERMOT_F1,11/03/2022,14:09:00,3651.35,3652.15,3650.65,3652.15,700,3178350
EICHERMOT_F1,11/03/2022,14:10:00,3649.90,3651.65,3649.90,3651.65,350,3178350
EICHERMOT_F1,11/03/2022,14:11:00,3650.30,3654.00,3650.30,3654.00,2275,3178350
EICHERMOT_F1,11/03/2022,14:12:00,3655.00,3655.25,3655.00,3655.25,1750,3177475
EICHERMOT_F1,11/03/2022,14:13:00,3655.30,3655.30,3651.80,3651.95,1575,3177475
EICHERMOT_F1,11/03/2022,14:14:00,3651.60,3652.50,3650.65,3651.85,1925,3177475
EICHERMOT_F1,11/03/2022,14:15:00,3651.50,3651.50,3651.50,3651.50,175,3177475
EICHERMOT_F1,11/03/2022,14:16:00,3652.80,3652.80,3651.05,3651.30,1050,3176775
EICHERMOT_F1,11/03/2022,14:17:00,3652.75,3652.75,3651.30,3652.50,875,3176775
EICHERMOT_F1,11/03/2022,14:18:00,3651.35,3651.35,3650.70,3650.70,350,3176425
EICHERMOT_F1,11/03/2022,14:19:00,3650.65,3650.65,3647.50,3647.50,875,3176425
EICHERMOT_F1,11/03/2022,14:20:00,3647.10,3647.10,3646.40,3646.40,875,3176425
EICHERMOT_F1,11/03/2022,14:21:00,3646.10,3646.10,3646.10,3646.10,350,3177825
EICHERMOT_F1,11/03/2022,14:22:00,3646.45,3646.65,3644.85,3646.65,1050,3177825
EICHERMOT_F1,11/03/2022,14:23:00,3646.65,3647.20,3646.35,3646.40,1575,3177825
EICHERMOT_F1,11/03/2022,14:24:00,3646.25,3646.45,3646.00,3646.00,1050,3177475
EICHERMOT_F1,11/03/2022,14:25:00,3644.70,3645.85,3644.55,3645.85,700,3177475
EICHERMOT_F1,11/03/2022,14:26:00,3647.10,3648.70,3647.10,3647.75,1400,3177475
EICHERMOT_F1,11/03/2022,14:27:00,3648.80,3648.80,3648.50,3648.50,525,3178000
EICHERMOT_F1,11/03/2022,14:28:00,3647.75,3647.75,3645.85,3645.85,525,3178000
EICHERMOT_F1,11/03/2022,14:29:00,3644.55,3645.90,3644.45,3645.20,2975,3178000
EICHERMOT_F1,11/03/2022,14:30:00,3645.20,3647.50,3645.20,3647.50,350,3179225
EICHERMOT_F1,11/03/2022,14:31:00,3648.90,3651.60,3648.90,3650.50,1925,3179225
EICHERMOT_F1,11/03/2022,14:32:00,3652.40,3654.50,3652.40,3653.45,1225,3179225
EICHERMOT_F1,11/03/2022,14:33:00,3654.45,3654.45,3654.45,3654.45,175,3179225
EICHERMOT_F1,11/03/2022,14:34:00,3655.35,3655.35,3653.50,3653.50,1050,3178700
EICHERMOT_F1,11/03/2022,14:35:00,3653.05,3654.00,3650.70,3654.00,3850,3178700
EICHERMOT_F1,11/03/2022,14:36:00,3654.15,3654.55,3654.15,3654.55,700,3180625
EICHERMOT_F1,11/03/2022,14:37:00,3655.90,3656.90,3655.45,3656.90,1225,3180625
EICHERMOT_F1,11/03/2022,14:38:00,3656.35,3657.10,3655.70,3655.70,1575,3180625
EICHERMOT_F1,11/03/2022,14:40:00,3655.55,3656.35,3654.35,3656.35,3675,3181675
EICHERMOT_F1,11/03/2022,14:41:00,3655.10,3656.00,3652.15,3653.65,3500,3181675
EICHERMOT_F1,11/03/2022,14:42:00,3653.85,3653.85,3651.95,3651.95,1225,3185875
EICHERMOT_F1,11/03/2022,14:43:00,3651.95,3651.95,3650.50,3650.50,350,3185875
EICHERMOT_F1,11/03/2022,14:44:00,3650.45,3653.00,3648.65,3651.20,3150,3185875
EICHERMOT_F1,11/03/2022,14:45:00,3651.80,3651.80,3651.80,3651.80,175,3185875
EICHERMOT_F1,11/03/2022,14:46:00,3649.95,3653.90,3649.95,3653.90,2625,3187275
EICHERMOT_F1,11/03/2022,14:47:00,3653.05,3653.05,3651.20,3651.80,3150,3187275
EICHERMOT_F1,11/03/2022,14:48:00,3651.75,3653.45,3651.55,3653.05,1750,3186750
EICHERMOT_F1,11/03/2022,14:49:00,3653.05,3653.45,3651.50,3653.45,2450,3186750
EICHERMOT_F1,11/03/2022,14:50:00,3652.00,3652.50,3649.85,3649.85,2100,3186750
EICHERMOT_F1,11/03/2022,14:51:00,3650.75,3652.20,3650.60,3651.75,5950,3190775
EICHERMOT_F1,11/03/2022,14:52:00,3651.20,3652.65,3649.70,3651.55,3150,3190775
EICHERMOT_F1,11/03/2022,14:53:00,3651.15,3651.90,3649.40,3650.05,4025,3190775
EICHERMOT_F1,11/03/2022,14:54:00,3650.00,3650.35,3648.00,3649.05,3675,3197425
EICHERMOT_F1,11/03/2022,14:55:00,3650.75,3652.30,3649.05,3649.75,4375,3197425
EICHERMOT_F1,11/03/2022,14:56:00,3650.00,3650.00,3649.50,3649.50,700,3197425
EICHERMOT_F1,11/03/2022,14:57:00,3649.40,3651.90,3649.40,3650.80,3325,3203550
EICHERMOT_F1,11/03/2022,14:58:00,3651.40,3653.40,3650.80,3652.00,2800,3203550
EICHERMOT_F1,11/03/2022,14:59:00,3652.30,3652.30,3649.60,3649.60,1050,3203550
EICHERMOT_F1,11/03/2022,15:00:00,3652.15,3654.70,3650.70,3654.00,8925,3203550
EICHERMOT_F1,11/03/2022,15:01:00,3654.75,3658.00,3653.95,3655.50,7175,3207400
EICHERMOT_F1,11/03/2022,15:02:00,3655.65,3656.05,3654.00,3654.00,6825,3207400
EICHERMOT_F1,11/03/2022,15:03:00,3655.15,3655.15,3652.80,3654.00,3500,3209325
EICHERMOT_F1,11/03/2022,15:04:00,3653.30,3653.30,3651.70,3652.90,4375,3209325
EICHERMOT_F1,11/03/2022,15:05:00,3652.40,3652.40,3650.85,3652.25,3675,3209325
EICHERMOT_F1,11/03/2022,15:06:00,3652.65,3654.70,3651.85,3652.05,3325,3213700
EICHERMOT_F1,11/03/2022,15:07:00,3652.10,3654.15,3651.45,3653.45,3325,3213700
EICHERMOT_F1,11/03/2022,15:08:00,3654.65,3656.30,3651.05,3651.80,7175,3213700
EICHERMOT_F1,11/03/2022,15:09:00,3652.55,3655.35,3652.40,3655.35,3500,3216850
EICHERMOT_F1,11/03/2022,15:10:00,3655.50,3655.50,3653.20,3654.55,2800,3216850
EICHERMOT_F1,11/03/2022,15:11:00,3654.30,3654.30,3653.25,3653.25,1575,3216850
EICHERMOT_F1,11/03/2022,15:12:00,3654.30,3657.40,3654.00,3657.40,10675,3216150
EICHERMOT_F1,11/03/2022,15:13:00,3655.25,3655.85,3651.50,3651.50,6650,3216150
EICHERMOT_F1,11/03/2022,15:14:00,3652.45,3652.45,3648.60,3649.20,6825,3216150
EICHERMOT_F1,11/03/2022,15:15:00,3649.30,3651.00,3648.05,3648.25,9100,3224900
EICHERMOT_F1,11/03/2022,15:16:00,3648.75,3651.00,3648.75,3649.75,3675,3224900
EICHERMOT_F1,11/03/2022,15:17:00,3649.00,3649.00,3647.80,3648.30,1925,3224900
EICHERMOT_F1,11/03/2022,15:18:00,3649.00,3650.90,3649.00,3650.70,4725,3224725
EICHERMOT_F1,11/03/2022,15:19:00,3651.30,3651.50,3649.90,3650.15,1575,3224725
EICHERMOT_F1,11/03/2022,15:20:00,3649.60,3652.45,3649.15,3652.45,2800,3224725
EICHERMOT_F1,11/03/2022,15:21:00,3652.30,3657.55,3651.70,3656.80,7350,3222975
EICHERMOT_F1,11/03/2022,15:22:00,3656.05,3657.95,3654.60,3657.55,2100,3222975
EICHERMOT_F1,11/03/2022,15:23:00,3655.00,3658.00,3655.00,3657.15,5775,3222975
EICHERMOT_F1,11/03/2022,15:24:00,3655.90,3659.55,3655.00,3659.55,5425,3221575
EICHERMOT_F1,11/03/2022,15:25:00,3657.00,3659.45,3657.00,3658.00,6125,3221575
EICHERMOT_F1,11/03/2022,15:26:00,3658.75,3659.65,3658.00,3658.50,2625,3221575
EICHERMOT_F1,11/03/2022,15:27:00,3657.45,3658.10,3657.45,3658.00,1750,3225950
EICHERMOT_F1,11/03/2022,15:28:00,3659.00,3659.70,3657.25,3659.00,4200,3225950
EICHERMOT_F1,11/03/2022,15:29:00,3658.00,3660.00,3657.50,3659.00,3500,3225950
EICHERMOT_F1,11/04/2022,09:15:00,3676.10,3705.00,3676.10,3687.00,13127,3167500
EICHERMOT_F1,11/04/2022,09:16:00,3683.45,3684.90,3679.30,3684.90,6125,3167500
EICHERMOT_F1,11/04/2022,09:17:00,3686.60,3687.60,3685.00,3687.60,7350,3168375
EICHERMOT_F1,11/04/2022,09:18:00,3682.00,3684.00,3677.30,3677.30,6300,3168375
EICHERMOT_F1,11/04/2022,09:19:00,3677.00,3677.00,3666.70,3675.00,8225,3168375
EICHERMOT_F1,11/04/2022,09:20:00,3673.00,3674.25,3670.30,3671.25,3325,3171875
EICHERMOT_F1,11/04/2022,09:21:00,3671.25,3671.25,3664.10,3665.00,5425,3171875
EICHERMOT_F1,11/04/2022,09:22:00,3663.95,3667.00,3659.00,3661.30,3325,3171875
EICHERMOT_F1,11/04/2022,09:23:00,3659.35,3662.20,3659.35,3661.40,1050,3175200
EICHERMOT_F1,11/04/2022,09:24:00,3658.85,3666.55,3658.85,3665.80,3500,3175200
EICHERMOT_F1,11/04/2022,09:25:00,3666.60,3666.60,3656.10,3656.10,3150,3175200
EICHERMOT_F1,11/04/2022,09:26:00,3656.10,3658.35,3656.10,3658.35,2975,3178700
EICHERMOT_F1,11/04/2022,09:27:00,3658.30,3659.75,3650.10,3650.10,5425,3178700
EICHERMOT_F1,11/04/2022,09:28:00,3650.10,3651.00,3648.50,3648.50,1750,3178700
EICHERMOT_F1,11/04/2022,09:29:00,3646.40,3646.40,3644.05,3645.25,2975,3181500
EICHERMOT_F1,11/04/2022,09:30:00,3647.10,3647.10,3643.25,3646.90,2275,3181500
EICHERMOT_F1,11/04/2022,09:31:00,3648.90,3651.95,3647.70,3651.95,6650,3181500
EICHERMOT_F1,11/04/2022,09:32:00,3651.95,3655.00,3651.95,3655.00,875,3184825
EICHERMOT_F1,11/04/2022,09:33:00,3655.05,3664.10,3653.80,3660.00,5775,3184825
EICHERMOT_F1,11/04/2022,09:34:00,3660.75,3662.25,3656.15,3661.25,3325,3184825
EICHERMOT_F1,11/04/2022,09:35:00,3662.65,3664.85,3662.00,3664.85,1925,3185875
EICHERMOT_F1,11/04/2022,09:36:00,3664.85,3666.50,3661.90,3666.50,2800,3185875
EICHERMOT_F1,11/04/2022,09:37:00,3667.00,3674.00,3667.00,3670.50,5425,3185875
EICHERMOT_F1,11/04/2022,09:38:00,3673.30,3674.95,3672.00,3672.00,1400,3190250
EICHERMOT_F1,11/04/2022,09:39:00,3672.20,3674.50,3667.60,3674.50,2800,3190250
EICHERMOT_F1,11/04/2022,09:40:00,3676.00,3680.00,3671.45,3671.45,5075,3190250
EICHERMOT_F1,11/04/2022,09:41:00,3668.45,3676.65,3668.45,3671.85,2625,3193050
EICHERMOT_F1,11/04/2022,09:42:00,3675.95,3675.95,3670.65,3670.65,1750,3193050
EICHERMOT_F1,11/04/2022,09:43:00,3672.15,3675.00,3671.80,3675.00,1750,3193050
EICHERMOT_F1,11/04/2022,09:44:00,3676.55,3680.00,3676.05,3680.00,3675,3192875
EICHERMOT_F1,11/04/2022,09:45:00,3679.95,3679.95,3669.25,3671.65,5775,3192875
EICHERMOT_F1,11/04/2022,09:46:00,3671.95,3672.60,3671.00,3671.35,1750,3192875
EICHERMOT_F1,11/04/2022,09:47:00,3669.30,3672.00,3669.25,3672.00,1750,3192175
EICHERMOT_F1,11/04/2022,09:48:00,3675.00,3678.00,3675.00,3677.30,1050,3192175
EICHERMOT_F1,11/04/2022,09:49:00,3676.00,3679.05,3675.10,3675.10,1925,3192175
EICHERMOT_F1,11/04/2022,09:50:00,3676.30,3677.45,3675.15,3675.15,700,3193225
EICHERMOT_F1,11/04/2022,09:51:00,3678.20,3682.00,3676.60,3676.60,4200,3193225
EICHERMOT_F1,11/04/2022,09:52:00,3677.00,3677.00,3674.00,3674.00,1750,3193225
EICHERMOT_F1,11/04/2022,09:53:00,3673.35,3674.85,3673.35,3674.00,525,3191650
EICHERMOT_F1,11/04/2022,09:54:00,3674.00,3674.00,3673.10,3673.10,350,3191650
EICHERMOT_F1,11/04/2022,09:55:00,3674.00,3674.00,3672.50,3672.50,1225,3191650
EICHERMOT_F1,11/04/2022,09:56:00,3672.65,3676.00,3672.50,3676.00,1400,3191300
EICHERMOT_F1,11/04/2022,09:57:00,3675.60,3678.00,3675.60,3678.00,875,3191300
EICHERMOT_F1,11/04/2022,09:58:00,3680.00,3680.05,3680.00,3680.05,525,3191300
EICHERMOT_F1,11/04/2022,09:59:00,3680.00,3680.00,3676.00,3679.80,1400,3190950
EICHERMOT_F1,11/04/2022,10:00:00,3680.25,3680.25,3675.85,3675.85,350,3190950
EICHERMOT_F1,11/04/2022,10:01:00,3676.85,3681.00,3676.85,3681.00,875,3190950
EICHERMOT_F1,11/04/2022,10:02:00,3681.45,3688.20,3681.45,3685.75,2975,3191825
EICHERMOT_F1,11/04/2022,10:03:00,3685.65,3685.65,3683.00,3683.05,2625,3191825
EICHERMOT_F1,11/04/2022,10:04:00,3684.95,3686.85,3683.00,3683.00,3150,3191825
EICHERMOT_F1,11/04/2022,10:05:00,3686.00,3687.00,3685.45,3686.00,2450,3194100
EICHERMOT_F1,11/04/2022,10:06:00,3685.55,3685.55,3681.95,3681.95,2275,3194100
EICHERMOT_F1,11/04/2022,10:07:00,3684.20,3684.20,3684.20,3684.20,350,3194100
EICHERMOT_F1,11/04/2022,10:08:00,3680.20,3680.20,3680.20,3680.20,175,3194275
EICHERMOT_F1,11/04/2022,10:09:00,3682.95,3685.80,3682.95,3685.80,1400,3194275
EICHERMOT_F1,11/04/2022,10:10:00,3684.10,3687.60,3683.10,3683.10,2100,3194275
EICHERMOT_F1,11/04/2022,10:11:00,3684.10,3684.10,3683.10,3683.10,1050,3195150
EICHERMOT_F1,11/04/2022,10:12:00,3682.85,3684.75,3682.65,3684.75,700,3195150
EICHERMOT_F1,11/04/2022,10:13:00,3685.35,3687.45,3683.15,3683.15,1225,3195150
EICHERMOT_F1,11/04/2022,10:14:00,3686.10,3686.10,3686.10,3686.10,175,3195150
EICHERMOT_F1,11/04/2022,10:15:00,3686.10,3690.00,3685.30,3690.00,3325,3195500
EICHERMOT_F1,11/04/2022,10:16:00,3690.00,3693.00,3690.00,3692.05,2800,3195500
EICHERMOT_F1,11/04/2022,10:17:00,3692.95,3692.95,3689.90,3690.90,2450,3194450
EICHERMOT_F1,11/04/2022,10:18:00,3692.00,3692.45,3690.15,3692.45,700,3194450
EICHERMOT_F1,11/04/2022,10:19:00,3693.00,3694.70,3693.00,3694.70,1925,3194450
EICHERMOT_F1,11/04/2022,10:20:00,3693.95,3694.00,3693.95,3694.00,350,3192875
EICHERMOT_F1,11/04/2022,10:21:00,3695.00,3699.75,3695.00,3696.85,7525,3192875
EICHERMOT_F1,11/04/2022,10:22:00,3696.00,3698.00,3694.00,3698.00,1575,3192875
EICHERMOT_F1,11/04/2022,10:23:00,3699.00,3699.50,3698.50,3699.50,1575,3194275
EICHERMOT_F1,11/04/2022,10:24:00,3699.85,3709.35,3698.85,3705.00,16275,3194275
EICHERMOT_F1,11/04/2022,10:25:00,3704.95,3704.95,3700.00,3700.00,3150,3194275
EICHERMOT_F1,11/04/2022,10:26:00,3699.00,3699.20,3697.00,3697.00,1575,3196725
EICHERMOT_F1,11/04/2022,10:27:00,3696.90,3696.90,3696.90,3696.90,175,3196725
EICHERMOT_F1,11/04/2022,10:28:00,3696.90,3696.90,3694.00,3696.05,1400,3196725
EICHERMOT_F1,11/04/2022,10:29:00,3693.70,3693.70,3688.25,3688.25,1400,3196900
EICHERMOT_F1,11/04/2022,10:30:00,3688.25,3689.95,3688.25,3689.95,350,3196900
EICHERMOT_F1,11/04/2022,10:31:00,3691.55,3692.70,3691.55,3692.70,875,3196900
EICHERMOT_F1,11/04/2022,10:32:00,3692.75,3692.75,3690.00,3690.95,1050,3197250
EICHERMOT_F1,11/04/2022,10:33:00,3688.45,3688.45,3688.45,3688.45,350,3197250
EICHERMOT_F1,11/04/2022,10:34:00,3686.30,3690.00,3686.30,3690.00,1050,3197250
EICHERMOT_F1,11/04/2022,10:35:00,3692.00,3692.00,3692.00,3692.00,175,3197950
EICHERMOT_F1,11/04/2022,10:36:00,3692.75,3692.75,3690.00,3690.00,875,3197950
EICHERMOT_F1,11/04/2022,10:37:00,3690.00,3690.00,3690.00,3690.00,175,3197950
EICHERMOT_F1,11/04/2022,10:38:00,3692.20,3692.20,3692.00,3692.00,525,3197600
EICHERMOT_F1,11/04/2022,10:39:00,3696.90,3696.90,3694.95,3694.95,525,3197600
EICHERMOT_F1,11/04/2022,10:40:00,3692.00,3692.00,3690.05,3690.05,700,3197600
EICHERMOT_F1,11/04/2022,10:41:00,3690.30,3690.30,3688.45,3688.45,525,3197600
EICHERMOT_F1,11/04/2022,10:42:00,3689.60,3692.20,3689.60,3692.20,700,3197600
EICHERMOT_F1,11/04/2022,10:43:00,3691.00,3691.00,3690.05,3690.05,350,3197600
EICHERMOT_F1,11/04/2022,10:44:00,3690.00,3690.00,3689.35,3689.35,875,3197600
EICHERMOT_F1,11/04/2022,10:45:00,3688.40,3688.40,3682.95,3684.15,3150,3197425
EICHERMOT_F1,11/04/2022,10:46:00,3682.90,3685.60,3682.90,3684.35,1400,3197425
EICHERMOT_F1,11/04/2022,10:47:00,3685.90,3685.90,3684.20,3684.20,350,3197425
EICHERMOT_F1,11/04/2022,10:48:00,3687.05,3687.05,3687.05,3687.05,350,3197250
EICHERMOT_F1,11/04/2022,10:49:00,3688.55,3688.55,3687.10,3688.55,700,3197250
EICHERMOT_F1,11/04/2022,10:50:00,3686.95,3687.20,3686.90,3687.20,700,3197250
EICHERMOT_F1,11/04/2022,10:51:00,3688.50,3688.50,3688.50,3688.50,175,3197250
EICHERMOT_F1,11/04/2022,10:52:00,3690.00,3690.00,3690.00,3690.00,175,3197250
EICHERMOT_F1,11/04/2022,10:55:00,3690.00,3690.85,3690.00,3690.85,350,3196900
EICHERMOT_F1,11/04/2022,10:56:00,3692.10,3693.00,3686.00,3686.00,3150,3196725
EICHERMOT_F1,11/04/2022,10:57:00,3683.65,3683.65,3682.20,3682.20,875,3196725
EICHERMOT_F1,11/04/2022,10:58:00,3680.50,3680.50,3678.55,3678.55,1050,3196725
EICHERMOT_F1,11/04/2022,10:59:00,3676.35,3679.05,3676.35,3679.05,350,3196025
EICHERMOT_F1,11/04/2022,11:00:00,3680.00,3680.00,3679.85,3679.85,5075,3196025
EICHERMOT_F1,11/04/2022,11:01:00,3679.40,3681.15,3679.05,3681.15,875,3196025
EICHERMOT_F1,11/04/2022,11:02:00,3679.50,3680.95,3679.50,3680.95,350,3196025
EICHERMOT_F1,11/04/2022,11:03:00,3679.00,3679.15,3677.00,3679.15,1750,3196900
EICHERMOT_F1,11/04/2022,11:04:00,3680.45,3680.45,3679.35,3679.35,1050,3196900
EICHERMOT_F1,11/04/2022,11:05:00,3680.50,3683.35,3680.50,3683.35,700,3196900
EICHERMOT_F1,11/04/2022,11:06:00,3680.50,3680.50,3680.50,3680.50,525,3193925
EICHERMOT_F1,11/04/2022,11:08:00,3683.80,3683.90,3683.80,3683.90,350,3193925
EICHERMOT_F1,11/04/2022,11:09:00,3681.70,3681.70,3680.95,3680.95,700,3194100
EICHERMOT_F1,11/04/2022,11:11:00,3684.00,3688.25,3684.00,3687.05,1400,3194975
EICHERMOT_F1,11/04/2022,11:12:00,3686.65,3686.65,3682.90,3684.60,1575,3194975
EICHERMOT_F1,11/04/2022,11:15:00,3679.10,3679.10,3679.10,3679.10,525,3194450
EICHERMOT_F1,11/04/2022,11:16:00,3681.40,3681.40,3679.10,3679.10,350,3194450
EICHERMOT_F1,11/04/2022,11:19:00,3683.20,3683.20,3683.20,3683.20,700,3194275
EICHERMOT_F1,11/04/2022,11:20:00,3683.20,3683.20,3683.20,3683.20,175,3194275
EICHERMOT_F1,11/04/2022,11:22:00,3683.20,3683.20,3679.55,3680.00,1750,3194450
EICHERMOT_F1,11/04/2022,11:23:00,3678.25,3678.25,3678.25,3678.25,175,3195325
EICHERMOT_F1,11/04/2022,11:24:00,3679.00,3683.10,3677.80,3683.10,1225,3195325
EICHERMOT_F1,11/04/2022,11:25:00,3680.00,3680.00,3680.00,3680.00,700,3195325
EICHERMOT_F1,11/04/2022,11:26:00,3677.70,3677.70,3677.65,3677.65,875,3195500
EICHERMOT_F1,11/04/2022,11:27:00,3675.05,3675.05,3673.55,3673.55,1750,3195500
EICHERMOT_F1,11/04/2022,11:28:00,3673.30,3674.65,3672.20,3673.70,1575,3195500
EICHERMOT_F1,11/04/2022,11:29:00,3676.45,3676.45,3676.45,3676.45,175,3195500
EICHERMOT_F1,11/04/2022,11:30:00,3680.15,3680.15,3679.00,3679.00,350,3195675
EICHERMOT_F1,11/04/2022,11:31:00,3676.30,3676.30,3676.30,3676.30,1050,3195675
EICHERMOT_F1,11/04/2022,11:32:00,3676.75,3676.75,3676.50,3676.50,875,3195675
EICHERMOT_F1,11/04/2022,11:33:00,3680.90,3680.90,3678.00,3678.00,875,3194800
EICHERMOT_F1,11/04/2022,11:34:00,3678.45,3678.45,3678.45,3678.45,525,3194800
EICHERMOT_F1,11/04/2022,11:35:00,3680.85,3680.85,3680.85,3680.85,350,3194800
EICHERMOT_F1,11/04/2022,11:36:00,3682.85,3684.20,3682.85,3684.20,350,3193925
EICHERMOT_F1,11/04/2022,11:37:00,3684.10,3686.15,3684.10,3686.00,875,3193925
EICHERMOT_F1,11/04/2022,11:38:00,3686.70,3688.10,3685.45,3685.45,700,3194100
EICHERMOT_F1,11/04/2022,11:39:00,3686.00,3686.00,3683.10,3683.10,875,3194100
EICHERMOT_F1,11/04/2022,11:40:00,3683.05,3683.05,3683.00,3683.00,350,3194100
EICHERMOT_F1,11/04/2022,11:41:00,3680.10,3681.40,3679.00,3681.30,1400,3194100
EICHERMOT_F1,11/04/2022,11:43:00,3678.80,3678.80,3678.75,3678.75,525,3193750
EICHERMOT_F1,11/04/2022,11:44:00,3678.20,3678.20,3678.20,3678.20,175,3193750
EICHERMOT_F1,11/04/2022,11:45:00,3680.10,3680.25,3680.10,3680.25,350,3194100
EICHERMOT_F1,11/04/2022,11:46:00,3682.10,3682.10,3682.10,3682.10,350,3194100
EICHERMOT_F1,11/04/2022,11:47:00,3682.80,3682.80,3680.10,3682.80,1400,3194275
EICHERMOT_F1,11/04/2022,11:48:00,3680.10,3680.75,3680.10,3680.70,2275,3194275
EICHERMOT_F1,11/04/2022,11:49:00,3680.60,3680.65,3679.25,3679.25,2275,3194275
EICHERMOT_F1,11/04/2022,11:52:00,3680.30,3680.30,3680.30,3680.30,175,3196550
EICHERMOT_F1,11/04/2022,11:53:00,3680.60,3680.60,3680.60,3680.60,175,3196375
EICHERMOT_F1,11/04/2022,11:55:00,3683.95,3683.95,3681.40,3681.40,525,3196375
EICHERMOT_F1,11/04/2022,11:56:00,3681.55,3683.95,3681.55,3683.95,350,3196375
EICHERMOT_F1,11/04/2022,11:57:00,3683.95,3683.95,3683.95,3683.95,175,3196550
EICHERMOT_F1,11/04/2022,11:58:00,3684.30,3684.30,3684.30,3684.30,175,3196550
EICHERMOT_F1,11/04/2022,12:00:00,3682.55,3682.55,3682.55,3682.55,175,3196725
EICHERMOT_F1,11/04/2022,12:02:00,3685.55,3685.55,3685.55,3685.55,175,3196725
EICHERMOT_F1,11/04/2022,12:03:00,3683.90,3683.90,3683.90,3683.90,175,3196900
EICHERMOT_F1,11/04/2022,12:05:00,3683.85,3683.85,3683.85,3683.85,350,3196900
EICHERMOT_F1,11/04/2022,12:06:00,3685.20,3686.05,3683.20,3683.20,525,3196900
EICHERMOT_F1,11/04/2022,12:07:00,3684.80,3684.80,3684.80,3684.80,175,3196900
EICHERMOT_F1,11/04/2022,12:09:00,3684.95,3684.95,3683.60,3683.60,525,3196900
EICHERMOT_F1,11/04/2022,12:10:00,3679.70,3679.70,3679.50,3679.50,1925,3196900
EICHERMOT_F1,11/04/2022,12:11:00,3683.70,3683.70,3683.70,3683.70,175,3195675
EICHERMOT_F1,11/04/2022,12:12:00,3684.70,3684.70,3682.65,3682.65,350,3195675
EICHERMOT_F1,11/04/2022,12:13:00,3682.20,3682.20,3681.55,3681.55,525,3195675
EICHERMOT_F1,11/04/2022,12:14:00,3682.10,3682.10,3682.10,3682.10,175,3195150
EICHERMOT_F1,11/04/2022,12:16:00,3680.30,3680.30,3680.30,3680.30,175,3195150
EICHERMOT_F1,11/04/2022,12:17:00,3680.30,3680.30,3680.30,3680.30,350,3195500
EICHERMOT_F1,11/04/2022,12:18:00,3681.30,3682.95,3680.95,3682.95,1575,3195500
EICHERMOT_F1,11/04/2022,12:19:00,3683.50,3683.55,3683.50,3683.55,350,3195500
EICHERMOT_F1,11/04/2022,12:20:00,3682.50,3684.05,3682.50,3684.05,1225,3195500
EICHERMOT_F1,11/04/2022,12:22:00,3680.00,3680.00,3678.00,3678.00,875,3195325
EICHERMOT_F1,11/04/2022,12:23:00,3678.05,3679.60,3678.05,3679.00,525,3195150
EICHERMOT_F1,11/04/2022,12:24:00,3676.50,3679.55,3676.50,3679.55,525,3195150
EICHERMOT_F1,11/04/2022,12:25:00,3678.00,3680.10,3678.00,3680.10,525,3195150
EICHERMOT_F1,11/04/2022,12:26:00,3677.50,3677.50,3677.50,3677.50,175,3195150
EICHERMOT_F1,11/04/2022,12:27:00,3679.65,3679.65,3679.05,3679.05,350,3194800
EICHERMOT_F1,11/04/2022,12:29:00,3677.75,3677.75,3677.75,3677.75,175,3194975
EICHERMOT_F1,11/04/2022,12:30:00,3676.05,3676.05,3676.05,3676.05,1225,3194975
EICHERMOT_F1,11/04/2022,12:31:00,3675.00,3677.85,3672.75,3672.75,4375,3194975
EICHERMOT_F1,11/04/2022,12:32:00,3673.40,3673.90,3672.35,3673.90,875,3194975
EICHERMOT_F1,11/04/2022,12:33:00,3674.00,3674.00,3673.00,3673.00,1050,3196900
EICHERMOT_F1,11/04/2022,12:34:00,3671.95,3673.30,3671.95,3673.30,700,3196900
EICHERMOT_F1,11/04/2022,12:35:00,3673.95,3673.95,3670.40,3671.85,3150,3198475
EICHERMOT_F1,11/04/2022,12:36:00,3671.10,3671.10,3671.10,3671.10,175,3198475
EICHERMOT_F1,11/04/2022,12:37:00,3668.80,3668.90,3666.20,3666.20,3150,3198475
EICHERMOT_F1,11/04/2022,12:38:00,3668.05,3669.80,3667.20,3667.20,1750,3198475
EICHERMOT_F1,11/04/2022,12:39:00,3668.60,3668.60,3666.00,3666.00,700,3198475
EICHERMOT_F1,11/04/2022,12:40:00,3667.40,3668.40,3665.00,3668.40,2275,3198475
EICHERMOT_F1,11/04/2022,12:41:00,3665.00,3665.00,3662.40,3662.40,1050,3198475
EICHERMOT_F1,11/04/2022,12:42:00,3662.40,3662.40,3662.00,3662.00,700,3197425
EICHERMOT_F1,11/04/2022,12:43:00,3664.25,3664.25,3662.05,3664.10,525,3197425
EICHERMOT_F1,11/04/2022,12:44:00,3663.30,3663.85,3662.15,3662.15,1225,3197950
EICHERMOT_F1,11/04/2022,12:45:00,3662.05,3662.05,3660.75,3660.75,1925,3197950
EICHERMOT_F1,11/04/2022,12:46:00,3661.00,3662.00,3661.00,3662.00,350,3197950
EICHERMOT_F1,11/04/2022,12:47:00,3663.00,3663.00,3662.85,3662.85,350,3197950
EICHERMOT_F1,11/04/2022,12:48:00,3662.00,3662.00,3660.40,3660.40,700,3197600
EICHERMOT_F1,11/04/2022,12:49:00,3660.40,3660.40,3660.40,3660.40,1050,3197600
EICHERMOT_F1,11/04/2022,12:50:00,3660.40,3660.40,3659.10,3659.10,1050,3197600
EICHERMOT_F1,11/04/2022,12:51:00,3659.15,3659.15,3657.30,3658.60,875,3197600
EICHERMOT_F1,11/04/2022,12:52:00,3658.60,3658.60,3656.05,3656.30,1925,3197600
EICHERMOT_F1,11/04/2022,12:53:00,3657.10,3657.20,3657.10,3657.20,875,3197600
EICHERMOT_F1,11/04/2022,12:54:00,3654.95,3655.20,3654.95,3655.20,700,3196900
EICHERMOT_F1,11/04/2022,12:55:00,3653.00,3653.50,3652.25,3652.85,2275,3196900
EICHERMOT_F1,11/04/2022,12:56:00,3652.90,3654.05,3652.50,3653.95,1575,3196900
EICHERMOT_F1,11/04/2022,12:57:00,3653.65,3655.45,3652.85,3655.10,1575,3197600
EICHERMOT_F1,11/04/2022,12:58:00,3654.25,3657.50,3654.05,3657.30,1050,3197600
EICHERMOT_F1,11/04/2022,12:59:00,3658.00,3659.00,3658.00,3658.00,1400,3197600
EICHERMOT_F1,11/04/2022,13:00:00,3658.05,3658.05,3658.05,3658.05,350,3197425
EICHERMOT_F1,11/04/2022,13:01:00,3657.50,3657.50,3657.50,3657.50,175,3197425
EICHERMOT_F1,11/04/2022,13:02:00,3658.20,3660.05,3658.20,3660.05,875,3197425
EICHERMOT_F1,11/04/2022,13:03:00,3659.95,3660.00,3659.00,3660.00,700,3196200
EICHERMOT_F1,11/04/2022,13:04:00,3659.20,3663.00,3659.20,3663.00,1225,3196200
EICHERMOT_F1,11/04/2022,13:05:00,3662.50,3662.90,3660.00,3662.90,1575,3198300
EICHERMOT_F1,11/04/2022,13:06:00,3661.50,3661.95,3661.50,3661.95,525,3198300
EICHERMOT_F1,11/04/2022,13:07:00,3659.50,3659.50,3657.20,3657.20,1050,3198300
EICHERMOT_F1,11/04/2022,13:08:00,3655.25,3655.25,3652.50,3653.40,1575,3195325
EICHERMOT_F1,11/04/2022,13:09:00,3652.50,3652.50,3652.10,3652.25,1050,3195325
EICHERMOT_F1,11/04/2022,13:10:00,3652.00,3652.00,3652.00,3652.00,700,3195325
EICHERMOT_F1,11/04/2022,13:11:00,3653.90,3653.90,3652.00,3652.00,1225,3196725
EICHERMOT_F1,11/04/2022,13:12:00,3651.00,3651.00,3650.00,3650.65,2275,3196725
EICHERMOT_F1,11/04/2022,13:13:00,3651.00,3651.00,3647.45,3649.60,4550,3196725
EICHERMOT_F1,11/04/2022,13:14:00,3647.50,3650.10,3647.50,3650.10,1750,3196725
EICHERMOT_F1,11/04/2022,13:15:00,3652.00,3653.45,3651.55,3651.55,700,3196025
EICHERMOT_F1,11/04/2022,13:16:00,3651.40,3651.40,3649.45,3649.45,525,3196025
EICHERMOT_F1,11/04/2022,13:17:00,3649.35,3650.65,3649.35,3649.90,1050,3196025
EICHERMOT_F1,11/04/2022,13:19:00,3651.55,3651.55,3651.55,3651.55,525,3194975
EICHERMOT_F1,11/04/2022,13:20:00,3652.20,3652.60,3650.55,3652.00,1050,3194975
EICHERMOT_F1,11/04/2022,13:21:00,3650.55,3650.80,3650.00,3650.00,1925,3195325
EICHERMOT_F1,11/04/2022,13:22:00,3649.95,3649.95,3649.95,3649.95,700,3195325
EICHERMOT_F1,11/04/2022,13:23:00,3646.60,3646.60,3646.10,3646.10,1925,3195325
EICHERMOT_F1,11/04/2022,13:24:00,3646.05,3646.60,3644.30,3644.30,2625,3195325
EICHERMOT_F1,11/04/2022,13:25:00,3646.15,3647.05,3644.05,3647.05,875,3195325
EICHERMOT_F1,11/04/2022,13:26:00,3645.65,3645.85,3644.00,3645.85,2100,3195325
EICHERMOT_F1,11/04/2022,13:27:00,3644.35,3644.90,3643.50,3644.50,875,3195150
EICHERMOT_F1,11/04/2022,13:28:00,3646.45,3649.95,3646.45,3647.25,2450,3195150
EICHERMOT_F1,11/04/2022,13:29:00,3644.20,3651.20,3644.20,3651.20,1225,3195150
EICHERMOT_F1,11/04/2022,13:30:00,3649.50,3649.50,3648.05,3648.05,350,3194450
EICHERMOT_F1,11/04/2022,13:31:00,3650.80,3650.80,3646.00,3646.95,1050,3194450
EICHERMOT_F1,11/04/2022,13:32:00,3646.55,3648.60,3645.25,3648.60,875,3194450
EICHERMOT_F1,11/04/2022,13:33:00,3649.60,3649.60,3647.40,3647.40,875,3195325
EICHERMOT_F1,11/04/2022,13:34:00,3646.70,3647.25,3646.70,3647.25,1050,3195325
EICHERMOT_F1,11/04/2022,13:35:00,3647.15,3647.15,3645.50,3645.50,700,3195325
EICHERMOT_F1,11/04/2022,13:36:00,3645.40,3645.40,3645.40,3645.40,350,3196025
EICHERMOT_F1,11/04/2022,13:38:00,3645.70,3645.80,3643.55,3644.45,1575,3196025
EICHERMOT_F1,11/04/2022,13:39:00,3644.30,3645.95,3644.00,3644.00,1050,3195675
EICHERMOT_F1,11/04/2022,13:40:00,3643.85,3644.30,3643.85,3644.30,875,3195675
EICHERMOT_F1,11/04/2022,13:41:00,3645.90,3647.65,3645.30,3647.05,2450,3195675
EICHERMOT_F1,11/04/2022,13:42:00,3648.15,3648.15,3646.25,3646.25,2100,3195325
EICHERMOT_F1,11/04/2022,13:43:00,3648.00,3648.40,3645.40,3645.40,6650,3195325
EICHERMOT_F1,11/04/2022,13:44:00,3645.55,3646.00,3645.50,3646.00,1400,3195325
EICHERMOT_F1,11/04/2022,13:45:00,3646.05,3649.65,3646.05,3649.65,700,3191825
EICHERMOT_F1,11/04/2022,13:46:00,3650.15,3651.00,3648.50,3651.00,1050,3191825
EICHERMOT_F1,11/04/2022,13:47:00,3652.15,3653.15,3650.75,3651.00,1925,3191825
EICHERMOT_F1,11/04/2022,13:49:00,3652.05,3652.05,3652.05,3652.05,175,3192875
EICHERMOT_F1,11/04/2022,13:50:00,3651.80,3655.85,3651.80,3655.85,700,3192875
EICHERMOT_F1,11/04/2022,13:51:00,3655.95,3655.95,3655.95,3655.95,525,3193050
EICHERMOT_F1,11/04/2022,13:52:00,3655.95,3655.95,3655.95,3655.95,175,3193050
EICHERMOT_F1,11/04/2022,13:53:00,3655.95,3656.35,3655.35,3656.35,1575,3193050
EICHERMOT_F1,11/04/2022,13:54:00,3657.95,3658.90,3657.95,3658.90,1225,3190775
EICHERMOT_F1,11/04/2022,13:55:00,3661.25,3661.45,3661.25,3661.25,1050,3190775
EICHERMOT_F1,11/04/2022,13:56:00,3659.95,3659.95,3659.10,3659.10,525,3190775
EICHERMOT_F1,11/04/2022,13:57:00,3657.40,3657.40,3656.25,3656.25,350,3190950
EICHERMOT_F1,11/04/2022,13:58:00,3656.00,3656.00,3656.00,3656.00,525,3190950
EICHERMOT_F1,11/04/2022,13:59:00,3656.55,3656.55,3652.00,3652.00,1050,3190950
EICHERMOT_F1,11/04/2022,14:00:00,3650.65,3650.65,3648.10,3648.10,1575,3190425
EICHERMOT_F1,11/04/2022,14:01:00,3649.20,3652.40,3649.20,3652.40,3325,3190425
EICHERMOT_F1,11/04/2022,14:02:00,3652.30,3652.30,3652.30,3652.30,175,3190425
EICHERMOT_F1,11/04/2022,14:03:00,3651.10,3651.10,3651.10,3651.10,175,3188675
EICHERMOT_F1,11/04/2022,14:04:00,3650.05,3650.05,3648.35,3648.35,700,3188675
EICHERMOT_F1,11/04/2022,14:05:00,3648.90,3648.90,3648.90,3648.90,350,3188675
EICHERMOT_F1,11/04/2022,14:07:00,3649.85,3651.25,3649.85,3651.25,525,3188325
EICHERMOT_F1,11/04/2022,14:08:00,3651.70,3651.70,3651.70,3651.70,350,3188325
EICHERMOT_F1,11/04/2022,14:09:00,3652.70,3654.20,3652.45,3653.25,1400,3187450
EICHERMOT_F1,11/04/2022,14:10:00,3652.40,3652.40,3652.40,3652.40,175,3187450
EICHERMOT_F1,11/04/2022,14:11:00,3652.85,3652.85,3649.55,3651.35,1050,3187450
EICHERMOT_F1,11/04/2022,14:12:00,3649.65,3650.20,3649.60,3650.20,1400,3187450
EICHERMOT_F1,11/04/2022,14:13:00,3651.45,3651.45,3649.60,3649.60,525,3187450
EICHERMOT_F1,11/04/2022,14:14:00,3649.05,3650.85,3649.05,3649.35,875,3187450
EICHERMOT_F1,11/04/2022,14:15:00,3647.80,3647.95,3645.45,3647.95,1225,3186750
EICHERMOT_F1,11/04/2022,14:16:00,3647.80,3647.80,3647.80,3647.80,175,3186750
EICHERMOT_F1,11/04/2022,14:17:00,3648.95,3649.00,3648.95,3649.00,700,3186750
EICHERMOT_F1,11/04/2022,14:18:00,3647.50,3647.50,3647.00,3647.00,875,3186050
EICHERMOT_F1,11/04/2022,14:19:00,3646.30,3650.05,3646.30,3650.05,700,3186050
EICHERMOT_F1,11/04/2022,14:21:00,3649.30,3649.30,3647.00,3647.00,700,3186050
EICHERMOT_F1,11/04/2022,14:22:00,3648.00,3648.00,3647.00,3647.00,525,3186050
EICHERMOT_F1,11/04/2022,14:23:00,3646.30,3646.30,3640.00,3642.55,9100,3186050
EICHERMOT_F1,11/04/2022,14:24:00,3642.55,3644.70,3642.55,3644.70,1225,3188500
EICHERMOT_F1,11/04/2022,14:25:00,3644.55,3644.55,3642.15,3642.15,875,3188500
EICHERMOT_F1,11/04/2022,14:26:00,3639.75,3639.75,3639.75,3639.75,1750,3188500
EICHERMOT_F1,11/04/2022,14:27:00,3639.75,3642.45,3639.75,3642.45,2975,3189200
EICHERMOT_F1,11/04/2022,14:28:00,3643.20,3646.80,3642.40,3646.80,3675,3189200
EICHERMOT_F1,11/04/2022,14:29:00,3643.95,3645.30,3643.80,3645.30,1925,3189200
EICHERMOT_F1,11/04/2022,14:30:00,3643.95,3647.95,3643.95,3647.90,1225,3186225
EICHERMOT_F1,11/04/2022,14:31:00,3649.05,3650.55,3648.35,3650.00,1925,3186225
EICHERMOT_F1,11/04/2022,14:32:00,3649.20,3651.60,3649.20,3650.55,1225,3186225
EICHERMOT_F1,11/04/2022,14:33:00,3650.65,3650.65,3650.65,3650.65,175,3186225
EICHERMOT_F1,11/04/2022,14:34:00,3651.35,3651.35,3649.05,3649.05,1225,3184475
EICHERMOT_F1,11/04/2022,14:35:00,3648.35,3648.60,3647.00,3647.00,1575,3184475
EICHERMOT_F1,11/04/2022,14:36:00,3646.90,3647.70,3645.25,3645.45,1050,3184825
EICHERMOT_F1,11/04/2022,14:37:00,3646.40,3648.95,3646.40,3648.95,525,3184825
EICHERMOT_F1,11/04/2022,14:38:00,3648.70,3649.60,3648.70,3648.85,525,3184825
EICHERMOT_F1,11/04/2022,14:39:00,3649.10,3652.00,3649.10,3650.40,1750,3183950
EICHERMOT_F1,11/04/2022,14:40:00,3650.40,3651.65,3648.85,3650.75,1575,3183950
EICHERMOT_F1,11/04/2022,14:41:00,3648.25,3648.25,3648.15,3648.15,700,3183950
EICHERMOT_F1,11/04/2022,14:42:00,3646.60,3647.25,3646.60,3647.25,350,3183950
EICHERMOT_F1,11/04/2022,14:43:00,3646.05,3646.05,3646.05,3646.05,175,3183950
EICHERMOT_F1,11/04/2022,14:44:00,3647.30,3650.10,3647.30,3649.00,1225,3183950
EICHERMOT_F1,11/04/2022,14:45:00,3649.15,3650.10,3649.15,3650.10,700,3183775
EICHERMOT_F1,11/04/2022,14:46:00,3651.80,3651.80,3646.95,3650.00,4375,3183775
EICHERMOT_F1,11/04/2022,14:47:00,3651.50,3651.50,3649.50,3649.50,700,3183775
EICHERMOT_F1,11/04/2022,14:48:00,3650.25,3651.05,3649.35,3651.05,4900,3183425
EICHERMOT_F1,11/04/2022,14:49:00,3653.30,3653.30,3651.15,3651.15,525,3183425
EICHERMOT_F1,11/04/2022,14:50:00,3650.50,3650.50,3650.50,3650.50,350,3183425
EICHERMOT_F1,11/04/2022,14:52:00,3652.60,3652.60,3652.20,3652.20,1400,3184650
EICHERMOT_F1,11/04/2022,14:53:00,3653.20,3654.25,3653.20,3654.25,1575,3184650
EICHERMOT_F1,11/04/2022,14:54:00,3654.25,3654.25,3652.80,3652.80,700,3184475
EICHERMOT_F1,11/04/2022,14:55:00,3654.25,3655.60,3654.25,3655.60,1225,3184475
EICHERMOT_F1,11/04/2022,14:56:00,3656.75,3656.75,3656.50,3656.50,350,3184475
EICHERMOT_F1,11/04/2022,14:57:00,3658.90,3660.50,3656.20,3656.20,4025,3183250
EICHERMOT_F1,11/04/2022,14:58:00,3658.05,3658.05,3654.65,3654.65,700,3183250
EICHERMOT_F1,11/04/2022,14:59:00,3656.60,3656.60,3656.30,3656.30,350,3183250
EICHERMOT_F1,11/04/2022,15:00:00,3656.85,3662.35,3656.75,3659.25,4725,3180450
EICHERMOT_F1,11/04/2022,15:01:00,3662.40,3666.45,3662.40,3665.10,4725,3180450
EICHERMOT_F1,11/04/2022,15:02:00,3665.10,3666.80,3663.00,3665.05,2625,3180450
EICHERMOT_F1,11/04/2022,15:03:00,3665.00,3665.00,3661.05,3664.00,3150,3180275
EICHERMOT_F1,11/04/2022,15:04:00,3665.00,3665.10,3662.40,3662.40,2275,3180275
EICHERMOT_F1,11/04/2022,15:05:00,3662.50,3665.60,3661.85,3665.20,3325,3180275
EICHERMOT_F1,11/04/2022,15:06:00,3665.00,3667.00,3663.70,3665.25,3675,3180625
EICHERMOT_F1,11/04/2022,15:07:00,3667.45,3669.10,3666.95,3669.10,3850,3180625
EICHERMOT_F1,11/04/2022,15:08:00,3668.00,3670.60,3668.00,3670.60,2975,3180625
EICHERMOT_F1,11/04/2022,15:09:00,3671.30,3671.30,3668.75,3669.85,2800,3181850
EICHERMOT_F1,11/04/2022,15:10:00,3669.55,3672.80,3669.55,3672.80,3675,3181850
EICHERMOT_F1,11/04/2022,15:11:00,3672.20,3673.90,3671.90,3673.80,2450,3181850
EICHERMOT_F1,11/04/2022,15:12:00,3673.30,3673.70,3670.00,3670.00,4375,3182900
EICHERMOT_F1,11/04/2022,15:13:00,3671.25,3672.05,3670.95,3670.95,2275,3182900
EICHERMOT_F1,11/04/2022,15:14:00,3671.00,3671.20,3669.60,3671.20,3850,3182900
EICHERMOT_F1,11/04/2022,15:15:00,3671.75,3671.75,3671.15,3671.70,6125,3182200
EICHERMOT_F1,11/04/2022,15:16:00,3670.60,3672.10,3670.60,3670.90,3150,3182200
EICHERMOT_F1,11/04/2022,15:17:00,3672.65,3672.70,3671.70,3671.70,4025,3182200
EICHERMOT_F1,11/04/2022,15:18:00,3673.95,3674.85,3671.15,3672.00,4900,3181325
EICHERMOT_F1,11/04/2022,15:19:00,3673.65,3674.35,3670.65,3674.35,6825,3181325
EICHERMOT_F1,11/04/2022,15:20:00,3674.35,3674.60,3672.15,3672.65,5250,3181325
EICHERMOT_F1,11/04/2022,15:21:00,3673.50,3673.95,3672.00,3672.85,9100,3178875
EICHERMOT_F1,11/04/2022,15:22:00,3672.85,3673.45,3671.55,3671.55,2275,3178875
EICHERMOT_F1,11/04/2022,15:23:00,3670.15,3673.90,3669.55,3673.00,3150,3178875
EICHERMOT_F1,11/04/2022,15:24:00,3672.10,3674.00,3672.10,3674.00,7000,3181500
EICHERMOT_F1,11/04/2022,15:25:00,3673.90,3674.60,3673.05,3674.00,5600,3181500
EICHERMOT_F1,11/04/2022,15:26:00,3673.80,3675.60,3672.50,3673.50,6825,3181500
EICHERMOT_F1,11/04/2022,15:27:00,3674.15,3675.15,3672.65,3675.15,3150,3181325
EICHERMOT_F1,11/04/2022,15:28:00,3674.95,3675.95,3673.55,3675.00,2100,3181325
EICHERMOT_F1,11/04/2022,15:29:00,3675.00,3675.50,3672.05,3675.05,13300,3181325
EICHERMOT_F1,11/07/2022,09:15:00,3665.90,3705.45,3658.15,3700.00,7877,3172575
EICHERMOT_F1,11/07/2022,09:16:00,3697.95,3698.85,3689.60,3691.05,3850,3172575
EICHERMOT_F1,11/07/2022,09:17:00,3691.85,3694.65,3689.10,3690.75,3500,3170475
EICHERMOT_F1,11/07/2022,09:18:00,3690.00,3696.45,3689.40,3696.45,6300,3170475
EICHERMOT_F1,11/07/2022,09:19:00,3694.60,3704.60,3694.60,3698.85,4900,3170475
EICHERMOT_F1,11/07/2022,09:20:00,3700.70,3704.30,3692.05,3700.05,8575,3171350
EICHERMOT_F1,11/07/2022,09:21:00,3700.00,3707.75,3700.00,3707.75,7525,3171350
EICHERMOT_F1,11/07/2022,09:22:00,3707.75,3714.90,3706.90,3711.45,11200,3171350
EICHERMOT_F1,11/07/2022,09:23:00,3707.80,3714.40,3704.60,3712.00,9975,3166975
EICHERMOT_F1,11/07/2022,09:24:00,3711.95,3711.95,3702.15,3702.15,10150,3166975
EICHERMOT_F1,11/07/2022,09:25:00,3702.05,3702.05,3690.25,3690.25,6825,3166975
EICHERMOT_F1,11/07/2022,09:26:00,3690.10,3692.00,3686.55,3689.90,4025,3164000
EICHERMOT_F1,11/07/2022,09:27:00,3690.00,3696.00,3690.00,3691.25,4375,3164000
EICHERMOT_F1,11/07/2022,09:28:00,3690.90,3691.15,3682.65,3690.20,6300,3164000
EICHERMOT_F1,11/07/2022,09:29:00,3694.00,3694.00,3691.95,3691.95,1050,3166275
EICHERMOT_F1,11/07/2022,09:30:00,3692.55,3692.55,3691.15,3691.15,1225,3166275
EICHERMOT_F1,11/07/2022,09:31:00,3690.80,3691.95,3688.75,3688.75,1400,3166275
EICHERMOT_F1,11/07/2022,09:32:00,3692.65,3695.90,3692.30,3692.30,1575,3167150
EICHERMOT_F1,11/07/2022,09:33:00,3692.00,3696.95,3692.00,3695.40,2625,3167150
EICHERMOT_F1,11/07/2022,09:34:00,3693.90,3693.90,3686.95,3689.40,2100,3167150
EICHERMOT_F1,11/07/2022,09:35:00,3689.40,3689.40,3689.40,3689.40,175,3166975
EICHERMOT_F1,11/07/2022,09:36:00,3692.00,3692.00,3692.00,3692.00,1400,3166975
EICHERMOT_F1,11/07/2022,09:37:00,3693.40,3699.95,3693.40,3699.45,11025,3166975
EICHERMOT_F1,11/07/2022,09:38:00,3700.00,3700.00,3700.00,3700.00,1750,3167500
EICHERMOT_F1,11/07/2022,09:39:00,3700.00,3707.85,3698.60,3706.50,6825,3167500
EICHERMOT_F1,11/07/2022,09:40:00,3708.00,3712.00,3706.25,3710.15,8225,3167500
EICHERMOT_F1,11/07/2022,09:41:00,3710.00,3711.95,3708.45,3710.00,2275,3173275
EICHERMOT_F1,11/07/2022,09:42:00,3709.80,3711.75,3709.20,3710.45,3850,3173275
EICHERMOT_F1,11/07/2022,09:43:00,3709.05,3718.00,3709.05,3718.00,7000,3173275
EICHERMOT_F1,11/07/2022,09:44:00,3716.40,3716.90,3710.60,3714.95,4900,3174150
EICHERMOT_F1,11/07/2022,09:45:00,3713.75,3714.00,3709.35,3710.90,11375,3174150
EICHERMOT_F1,11/07/2022,09:46:00,3710.60,3715.00,3709.70,3711.25,4025,3174150
EICHERMOT_F1,11/07/2022,09:47:00,3710.10,3710.10,3707.00,3708.65,5075,3176775
EICHERMOT_F1,11/07/2022,09:48:00,3706.95,3707.15,3703.65,3705.25,1575,3176775
EICHERMOT_F1,11/07/2022,09:49:00,3704.65,3707.85,3704.45,3707.05,5250,3176775
EICHERMOT_F1,11/07/2022,09:50:00,3706.60,3706.75,3703.00,3703.00,1750,3178525
EICHERMOT_F1,11/07/2022,09:51:00,3700.65,3701.85,3697.50,3700.85,4375,3178525
EICHERMOT_F1,11/07/2022,09:52:00,3701.70,3702.55,3699.30,3699.30,700,3178525
EICHERMOT_F1,11/07/2022,09:53:00,3700.65,3700.65,3696.80,3696.80,1050,3179750
EICHERMOT_F1,11/07/2022,09:54:00,3698.95,3700.20,3696.00,3696.00,875,3179750
EICHERMOT_F1,11/07/2022,09:55:00,3694.15,3694.15,3690.00,3691.00,2100,3179750
EICHERMOT_F1,11/07/2022,09:56:00,3693.25,3696.80,3693.25,3696.80,1750,3181850
EICHERMOT_F1,11/07/2022,09:57:00,3695.50,3695.50,3695.50,3695.50,175,3181850
EICHERMOT_F1,11/07/2022,09:58:00,3694.45,3695.00,3693.75,3695.00,2100,3181850
EICHERMOT_F1,11/07/2022,09:59:00,3695.20,3697.65,3695.20,3697.65,525,3182200
EICHERMOT_F1,11/07/2022,10:00:00,3697.20,3702.50,3697.20,3702.50,2100,3182200
EICHERMOT_F1,11/07/2022,10:01:00,3701.65,3708.30,3701.65,3708.30,2800,3182200
EICHERMOT_F1,11/07/2022,10:02:00,3708.80,3708.80,3707.00,3707.00,700,3184125
EICHERMOT_F1,11/07/2022,10:03:00,3708.30,3708.30,3708.30,3708.30,175,3184125
EICHERMOT_F1,11/07/2022,10:04:00,3705.95,3706.30,3705.95,3706.30,700,3184125
EICHERMOT_F1,11/07/2022,10:05:00,3703.70,3703.90,3702.45,3703.90,525,3184300
EICHERMOT_F1,11/07/2022,10:06:00,3703.00,3704.55,3703.00,3704.35,875,3184300
EICHERMOT_F1,11/07/2022,10:07:00,3705.90,3708.80,3705.90,3708.80,700,3184300
EICHERMOT_F1,11/07/2022,10:08:00,3706.80,3706.80,3706.80,3706.80,175,3184300
EICHERMOT_F1,11/07/2022,10:09:00,3707.80,3707.80,3704.50,3704.50,525,3184650
EICHERMOT_F1,11/07/2022,10:10:00,3703.65,3703.70,3702.25,3702.25,525,3184650
EICHERMOT_F1,11/07/2022,10:11:00,3701.15,3702.80,3700.65,3700.65,1225,3185000
EICHERMOT_F1,11/07/2022,10:12:00,3700.15,3702.40,3700.15,3702.40,525,3185000
EICHERMOT_F1,11/07/2022,10:13:00,3703.00,3707.75,3702.40,3707.75,2975,3185000
EICHERMOT_F1,11/07/2022,10:14:00,3705.15,3705.15,3705.15,3705.15,175,3185350
EICHERMOT_F1,11/07/2022,10:15:00,3706.85,3706.85,3702.90,3702.90,1050,3185350
EICHERMOT_F1,11/07/2022,10:16:00,3703.20,3703.65,3700.60,3700.60,1050,3185350
EICHERMOT_F1,11/07/2022,10:17:00,3699.00,3699.00,3697.50,3697.50,1400,3184825
EICHERMOT_F1,11/07/2022,10:18:00,3697.15,3699.65,3697.15,3699.65,350,3184825
EICHERMOT_F1,11/07/2022,10:19:00,3698.65,3698.65,3697.90,3697.90,700,3184825
EICHERMOT_F1,11/07/2022,10:20:00,3699.95,3701.95,3699.95,3700.00,1225,3184825
EICHERMOT_F1,11/07/2022,10:21:00,3700.00,3701.25,3700.00,3701.25,525,3183775
EICHERMOT_F1,11/07/2022,10:22:00,3703.00,3703.00,3695.60,3702.45,3850,3183775
EICHERMOT_F1,11/07/2022,10:23:00,3703.05,3704.50,3701.60,3704.50,875,3183075
EICHERMOT_F1,11/07/2022,10:24:00,3705.00,3705.00,3704.00,3704.00,525,3183075
EICHERMOT_F1,11/07/2022,10:25:00,3705.00,3708.00,3704.95,3708.00,1750,3183075
EICHERMOT_F1,11/07/2022,10:26:00,3706.35,3710.75,3706.35,3710.75,5600,3182200
EICHERMOT_F1,11/07/2022,10:27:00,3712.70,3714.50,3711.10,3714.50,4900,3182200
EICHERMOT_F1,11/07/2022,10:28:00,3713.00,3713.75,3713.00,3713.75,525,3182200
EICHERMOT_F1,11/07/2022,10:29:00,3713.60,3713.60,3713.60,3713.60,525,3182200
EICHERMOT_F1,11/07/2022,10:30:00,3710.90,3711.75,3710.75,3710.75,875,3184125
EICHERMOT_F1,11/07/2022,10:31:00,3710.35,3710.35,3708.05,3708.05,1400,3184125
EICHERMOT_F1,11/07/2022,10:32:00,3708.75,3708.75,3708.75,3708.75,1050,3184125
EICHERMOT_F1,11/07/2022,10:33:00,3708.25,3708.25,3708.25,3708.25,175,3183600
EICHERMOT_F1,11/07/2022,10:34:00,3710.35,3710.35,3708.40,3708.40,1925,3183600
EICHERMOT_F1,11/07/2022,10:36:00,3708.10,3709.85,3708.10,3709.85,1225,3183775
EICHERMOT_F1,11/07/2022,10:37:00,3710.05,3711.75,3710.05,3711.75,1400,3183775
EICHERMOT_F1,11/07/2022,10:38:00,3711.80,3711.80,3709.85,3709.85,525,3183425
EICHERMOT_F1,11/07/2022,10:39:00,3706.35,3706.35,3706.10,3706.10,2275,3183425
EICHERMOT_F1,11/07/2022,10:40:00,3706.10,3706.10,3702.80,3703.90,2100,3183425
EICHERMOT_F1,11/07/2022,10:42:00,3703.85,3703.85,3702.40,3702.40,1575,3184125
EICHERMOT_F1,11/07/2022,10:43:00,3704.60,3704.60,3701.80,3702.15,1050,3184125
EICHERMOT_F1,11/07/2022,10:44:00,3701.00,3703.70,3697.95,3703.70,1925,3184300
EICHERMOT_F1,11/07/2022,10:45:00,3704.30,3706.70,3704.30,3706.70,700,3184300
EICHERMOT_F1,11/07/2022,10:46:00,3704.65,3704.65,3704.65,3704.65,175,3184300
EICHERMOT_F1,11/07/2022,10:47:00,3702.90,3702.90,3702.90,3702.90,175,3184300
EICHERMOT_F1,11/07/2022,10:48:00,3701.70,3702.20,3701.70,3702.20,875,3183950
EICHERMOT_F1,11/07/2022,10:49:00,3703.85,3707.45,3703.85,3707.45,1575,3183950
EICHERMOT_F1,11/07/2022,10:50:00,3705.70,3705.70,3705.15,3705.15,350,3183950
EICHERMOT_F1,11/07/2022,10:51:00,3706.20,3706.20,3706.20,3706.20,175,3183775
EICHERMOT_F1,11/07/2022,10:52:00,3704.45,3706.70,3704.45,3706.00,1575,3183775
EICHERMOT_F1,11/07/2022,10:53:00,3707.15,3707.15,3705.45,3706.00,700,3182900
EICHERMOT_F1,11/07/2022,10:54:00,3707.65,3707.70,3707.65,3707.70,350,3182900
EICHERMOT_F1,11/07/2022,10:55:00,3708.50,3708.50,3708.50,3708.50,175,3182900
EICHERMOT_F1,11/07/2022,10:56:00,3708.85,3709.15,3708.05,3708.35,875,3182375
EICHERMOT_F1,11/07/2022,10:57:00,3709.25,3709.25,3707.60,3708.90,1225,3182375
EICHERMOT_F1,11/07/2022,10:58:00,3706.05,3706.85,3706.05,3706.85,525,3182375
EICHERMOT_F1,11/07/2022,10:59:00,3703.35,3703.35,3700.10,3700.10,700,3182375
EICHERMOT_F1,11/07/2022,11:00:00,3699.80,3702.75,3699.80,3701.95,1400,3182900
EICHERMOT_F1,11/07/2022,11:01:00,3702.50,3705.40,3702.50,3703.55,875,3182900
EICHERMOT_F1,11/07/2022,11:02:00,3705.00,3705.30,3705.00,3705.30,525,3182900
EICHERMOT_F1,11/07/2022,11:03:00,3705.30,3705.40,3705.30,3705.40,2625,3182725
EICHERMOT_F1,11/07/2022,11:04:00,3705.65,3705.65,3705.00,3705.00,700,3182725
EICHERMOT_F1,11/07/2022,11:05:00,3707.00,3707.00,3707.00,3707.00,350,3182725
EICHERMOT_F1,11/07/2022,11:06:00,3709.00,3709.00,3709.00,3709.00,4025,3183075
EICHERMOT_F1,11/07/2022,11:07:00,3710.90,3710.90,3709.25,3709.25,1225,3183075
EICHERMOT_F1,11/07/2022,11:08:00,3711.00,3711.00,3710.05,3711.00,2800,3183075
EICHERMOT_F1,11/07/2022,11:09:00,3709.50,3711.00,3709.50,3711.00,1400,3177125
EICHERMOT_F1,11/07/2022,11:10:00,3710.40,3711.00,3709.45,3709.45,1575,3177125
EICHERMOT_F1,11/07/2022,11:11:00,3711.00,3711.85,3711.00,3711.85,525,3177300
EICHERMOT_F1,11/07/2022,11:12:00,3710.85,3711.00,3710.05,3710.05,700,3177300
EICHERMOT_F1,11/07/2022,11:13:00,3709.55,3709.55,3709.55,3709.55,175,3177300
EICHERMOT_F1,11/07/2022,11:14:00,3711.25,3711.25,3711.25,3711.25,175,3177300
EICHERMOT_F1,11/07/2022,11:15:00,3710.75,3710.75,3709.20,3709.25,700,3176775
EICHERMOT_F1,11/07/2022,11:16:00,3709.25,3710.40,3709.25,3710.40,350,3176775
EICHERMOT_F1,11/07/2022,11:19:00,3709.10,3709.10,3709.10,3709.10,175,3177125
EICHERMOT_F1,11/07/2022,11:22:00,3708.80,3708.80,3708.80,3708.80,175,3176250
EICHERMOT_F1,11/07/2022,11:23:00,3708.80,3708.80,3708.00,3708.00,350,3176250
EICHERMOT_F1,11/07/2022,11:25:00,3706.25,3706.25,3706.25,3706.25,700,3176600
EICHERMOT_F1,11/07/2022,11:28:00,3704.40,3704.40,3704.40,3704.40,175,3176075
EICHERMOT_F1,11/07/2022,11:29:00,3703.00,3703.00,3703.00,3703.00,525,3176075
EICHERMOT_F1,11/07/2022,11:30:00,3703.00,3703.00,3703.00,3703.00,175,3176075
EICHERMOT_F1,11/07/2022,11:32:00,3704.05,3704.05,3704.05,3704.05,175,3176425
EICHERMOT_F1,11/07/2022,11:33:00,3703.95,3706.60,3703.00,3704.00,1050,3176600
EICHERMOT_F1,11/07/2022,11:34:00,3702.25,3702.25,3702.25,3702.25,175,3176600
EICHERMOT_F1,11/07/2022,11:35:00,3702.00,3702.00,3700.30,3700.30,525,3176600
EICHERMOT_F1,11/07/2022,11:36:00,3702.00,3702.00,3698.50,3698.50,1750,3177125
EICHERMOT_F1,11/07/2022,11:37:00,3701.00,3701.00,3701.00,3701.00,175,3177125
EICHERMOT_F1,11/07/2022,11:38:00,3703.55,3703.55,3703.55,3703.55,175,3177825
EICHERMOT_F1,11/07/2022,11:39:00,3704.50,3704.50,3704.50,3704.50,350,3177825
EICHERMOT_F1,11/07/2022,11:40:00,3703.15,3703.15,3703.15,3703.15,175,3177825
EICHERMOT_F1,11/07/2022,11:41:00,3701.30,3701.30,3701.30,3701.30,175,3177825
EICHERMOT_F1,11/07/2022,11:43:00,3700.30,3700.30,3700.30,3700.30,175,3178175
EICHERMOT_F1,11/07/2022,11:45:00,3705.90,3705.90,3705.90,3705.90,175,3178175
EICHERMOT_F1,11/07/2022,11:50:00,3702.00,3702.70,3702.00,3702.70,1050,3177125
EICHERMOT_F1,11/07/2022,11:51:00,3701.30,3701.30,3701.30,3701.30,350,3177125
EICHERMOT_F1,11/07/2022,11:54:00,3700.00,3701.45,3700.00,3701.45,2450,3177475
EICHERMOT_F1,11/07/2022,11:55:00,3700.00,3700.00,3699.00,3699.00,350,3177475
EICHERMOT_F1,11/07/2022,11:57:00,3696.00,3696.00,3696.00,3696.00,350,3176775
EICHERMOT_F1,11/07/2022,11:58:00,3697.75,3697.75,3697.75,3697.75,175,3176775
EICHERMOT_F1,11/07/2022,11:59:00,3698.00,3698.00,3697.15,3697.15,350,3176775
EICHERMOT_F1,11/07/2022,12:00:00,3695.00,3695.00,3695.00,3695.00,175,3176775
EICHERMOT_F1,11/07/2022,12:01:00,3693.20,3693.95,3693.20,3693.25,525,3176775
EICHERMOT_F1,11/07/2022,12:02:00,3693.45,3693.45,3693.45,3693.45,175,3176775
EICHERMOT_F1,11/07/2022,12:03:00,3693.05,3693.05,3693.05,3693.05,875,3177125
EICHERMOT_F1,11/07/2022,12:04:00,3692.30,3694.40,3692.30,3694.00,875,3177125
EICHERMOT_F1,11/07/2022,12:06:00,3697.20,3698.05,3697.20,3698.05,350,3176775
EICHERMOT_F1,11/07/2022,12:07:00,3697.75,3697.75,3697.75,3697.75,350,3176775
EICHERMOT_F1,11/07/2022,12:08:00,3698.25,3699.50,3698.25,3699.50,700,3176775
EICHERMOT_F1,11/07/2022,12:09:00,3700.50,3700.75,3700.50,3700.75,525,3176775
EICHERMOT_F1,11/07/2022,12:10:00,3702.70,3705.00,3702.70,3704.20,1400,3176775
EICHERMOT_F1,11/07/2022,12:13:00,3702.45,3702.65,3700.20,3701.40,700,3176775
EICHERMOT_F1,11/07/2022,12:14:00,3701.00,3701.00,3701.00,3701.00,700,3176775
EICHERMOT_F1,11/07/2022,12:15:00,3700.70,3700.70,3700.70,3700.70,175,3176775
EICHERMOT_F1,11/07/2022,12:16:00,3701.15,3701.15,3700.45,3700.45,350,3176075
EICHERMOT_F1,11/07/2022,12:17:00,3699.85,3699.85,3699.80,3699.80,1400,3175900
EICHERMOT_F1,11/07/2022,12:18:00,3698.15,3698.95,3698.15,3698.95,525,3175900
EICHERMOT_F1,11/07/2022,12:19:00,3699.85,3699.85,3699.50,3699.50,350,3175900
EICHERMOT_F1,11/07/2022,12:21:00,3700.90,3700.90,3700.90,3700.90,175,3175900
EICHERMOT_F1,11/07/2022,12:22:00,3699.80,3699.80,3699.80,3699.80,175,3175900
EICHERMOT_F1,11/07/2022,12:23:00,3700.40,3701.35,3700.40,3701.35,350,3175900
EICHERMOT_F1,11/07/2022,12:24:00,3699.00,3699.00,3699.00,3699.00,175,3175550
EICHERMOT_F1,11/07/2022,12:26:00,3699.00,3699.00,3699.00,3699.00,350,3175550
EICHERMOT_F1,11/07/2022,12:28:00,3699.90,3701.50,3699.90,3701.25,875,3175375
EICHERMOT_F1,11/07/2022,12:29:00,3701.20,3701.20,3701.20,3701.20,175,3175375
EICHERMOT_F1,11/07/2022,12:30:00,3702.45,3702.45,3702.20,3702.20,350,3175725
EICHERMOT_F1,11/07/2022,12:31:00,3698.50,3698.85,3698.50,3698.85,1050,3175725
EICHERMOT_F1,11/07/2022,12:32:00,3699.40,3699.40,3697.55,3697.55,700,3175725
EICHERMOT_F1,11/07/2022,12:33:00,3694.60,3694.60,3694.00,3694.00,350,3176250
EICHERMOT_F1,11/07/2022,12:34:00,3693.20,3693.75,3693.20,3693.75,525,3176250
EICHERMOT_F1,11/07/2022,12:35:00,3690.40,3691.45,3690.00,3691.45,1575,3176775
EICHERMOT_F1,11/07/2022,12:36:00,3691.45,3693.00,3691.20,3691.20,875,3176775
EICHERMOT_F1,11/07/2022,12:37:00,3691.10,3693.00,3691.10,3693.00,700,3176775
EICHERMOT_F1,11/07/2022,12:38:00,3693.00,3693.10,3693.00,3693.10,350,3176775
EICHERMOT_F1,11/07/2022,12:39:00,3692.80,3692.80,3690.50,3691.80,1400,3176775
EICHERMOT_F1,11/07/2022,12:40:00,3691.90,3691.90,3691.65,3691.65,525,3176775
EICHERMOT_F1,11/07/2022,12:41:00,3693.10,3693.15,3691.45,3691.45,1050,3176425
EICHERMOT_F1,11/07/2022,12:42:00,3691.00,3698.50,3691.00,3697.30,9275,3176425
EICHERMOT_F1,11/07/2022,12:43:00,3694.95,3698.80,3694.95,3698.80,3325,3176425
EICHERMOT_F1,11/07/2022,12:45:00,3698.25,3698.25,3697.80,3697.80,525,3174675
EICHERMOT_F1,11/07/2022,12:46:00,3698.15,3699.20,3698.15,3699.20,875,3174675
EICHERMOT_F1,11/07/2022,12:47:00,3700.00,3700.00,3700.00,3700.00,350,3174675
EICHERMOT_F1,11/07/2022,12:49:00,3698.35,3698.50,3698.35,3698.50,350,3175375
EICHERMOT_F1,11/07/2022,12:50:00,3698.80,3698.80,3698.80,3698.80,175,3175375
EICHERMOT_F1,11/07/2022,12:51:00,3698.85,3698.85,3698.85,3698.85,175,3175550
EICHERMOT_F1,11/07/2022,12:52:00,3699.45,3699.45,3699.45,3699.45,350,3175550
EICHERMOT_F1,11/07/2022,12:53:00,3701.45,3701.45,3700.25,3700.25,350,3175550
EICHERMOT_F1,11/07/2022,12:54:00,3700.50,3700.50,3700.50,3700.50,175,3175375
EICHERMOT_F1,11/07/2022,12:55:00,3700.50,3700.50,3699.85,3700.15,2275,3175375
EICHERMOT_F1,11/07/2022,12:56:00,3698.95,3701.55,3698.95,3701.55,1050,3174850
EICHERMOT_F1,11/07/2022,12:57:00,3701.95,3701.95,3701.95,3701.95,175,3174850
EICHERMOT_F1,11/07/2022,12:58:00,3701.00,3701.30,3701.00,3701.30,700,3174850
EICHERMOT_F1,11/07/2022,12:59:00,3702.10,3702.50,3702.10,3702.50,350,3174850
EICHERMOT_F1,11/07/2022,13:00:00,3703.00,3703.00,3703.00,3703.00,350,3175375
EICHERMOT_F1,11/07/2022,13:01:00,3704.00,3704.00,3704.00,3704.00,350,3175375
EICHERMOT_F1,11/07/2022,13:02:00,3703.55,3703.55,3702.00,3702.00,350,3175375
EICHERMOT_F1,11/07/2022,13:03:00,3703.45,3703.45,3701.90,3703.35,700,3175025
EICHERMOT_F1,11/07/2022,13:04:00,3702.60,3704.00,3702.60,3704.00,350,3175025
EICHERMOT_F1,11/07/2022,13:05:00,3703.00,3704.00,3703.00,3704.00,700,3175025
EICHERMOT_F1,11/07/2022,13:06:00,3703.60,3706.00,3703.60,3706.00,1400,3175025
EICHERMOT_F1,11/07/2022,13:07:00,3707.65,3707.80,3705.00,3706.00,3850,3175025
EICHERMOT_F1,11/07/2022,13:09:00,3707.20,3707.20,3707.20,3707.20,175,3176950
EICHERMOT_F1,11/07/2022,13:10:00,3708.00,3708.00,3708.00,3708.00,525,3176950
EICHERMOT_F1,11/07/2022,13:11:00,3710.20,3710.95,3710.20,3710.95,1225,3176950
EICHERMOT_F1,11/07/2022,13:12:00,3709.00,3709.55,3709.00,3709.55,1225,3174500
EICHERMOT_F1,11/07/2022,13:13:00,3709.85,3710.90,3708.90,3710.00,875,3174500
EICHERMOT_F1,11/07/2022,13:14:00,3710.70,3710.70,3710.70,3710.70,175,3174500
EICHERMOT_F1,11/07/2022,13:15:00,3709.80,3709.80,3709.80,3709.80,175,3174500
EICHERMOT_F1,11/07/2022,13:16:00,3708.10,3710.30,3708.10,3710.30,525,3175375
EICHERMOT_F1,11/07/2022,13:17:00,3710.00,3713.95,3710.00,3713.95,2975,3175375
EICHERMOT_F1,11/07/2022,13:18:00,3710.70,3713.85,3710.70,3712.05,2275,3175900
EICHERMOT_F1,11/07/2022,13:19:00,3714.00,3715.15,3713.00,3714.80,4375,3175900
EICHERMOT_F1,11/07/2022,13:20:00,3714.00,3714.95,3710.65,3712.85,2275,3175900
EICHERMOT_F1,11/07/2022,13:21:00,3711.55,3711.55,3710.00,3711.00,1750,3177650
EICHERMOT_F1,11/07/2022,13:22:00,3710.15,3711.40,3710.15,3711.40,525,3177650
EICHERMOT_F1,11/07/2022,13:23:00,3711.25,3712.00,3709.15,3709.15,875,3177650
EICHERMOT_F1,11/07/2022,13:24:00,3706.00,3706.00,3704.50,3704.50,525,3178175
EICHERMOT_F1,11/07/2022,13:25:00,3704.00,3705.55,3702.90,3704.30,1750,3178175
EICHERMOT_F1,11/07/2022,13:26:00,3704.10,3704.35,3704.05,3704.35,875,3178175
EICHERMOT_F1,11/07/2022,13:27:00,3705.00,3706.90,3705.00,3706.85,875,3176250
EICHERMOT_F1,11/07/2022,13:28:00,3704.55,3704.55,3704.55,3704.55,525,3176250
EICHERMOT_F1,11/07/2022,13:29:00,3703.00,3704.80,3703.00,3704.80,350,3176250
EICHERMOT_F1,11/07/2022,13:30:00,3702.70,3705.60,3702.70,3703.80,875,3172925
EICHERMOT_F1,11/07/2022,13:31:00,3702.50,3704.85,3702.50,3704.85,2975,3172925
EICHERMOT_F1,11/07/2022,13:32:00,3703.95,3703.95,3703.00,3703.00,350,3172925
EICHERMOT_F1,11/07/2022,13:33:00,3704.95,3706.40,3704.95,3706.40,1925,3173450
EICHERMOT_F1,11/07/2022,13:34:00,3705.00,3705.65,3705.00,3705.65,700,3173450
EICHERMOT_F1,11/07/2022,13:35:00,3702.00,3702.00,3699.70,3701.00,1750,3173450
EICHERMOT_F1,11/07/2022,13:36:00,3700.10,3702.00,3700.10,3702.00,1400,3172925
EICHERMOT_F1,11/07/2022,13:37:00,3703.55,3703.55,3703.55,3703.55,175,3172925
EICHERMOT_F1,11/07/2022,13:38:00,3702.70,3705.50,3702.70,3705.50,875,3172925
EICHERMOT_F1,11/07/2022,13:39:00,3704.05,3704.05,3704.05,3704.05,175,3172925
EICHERMOT_F1,11/07/2022,13:40:00,3705.95,3709.95,3705.95,3708.95,2275,3172225
EICHERMOT_F1,11/07/2022,13:41:00,3709.00,3709.95,3709.00,3709.95,525,3172225
EICHERMOT_F1,11/07/2022,13:42:00,3710.00,3713.00,3709.50,3713.00,1750,3172225
EICHERMOT_F1,11/07/2022,13:43:00,3713.95,3716.20,3713.00,3714.75,10150,3172225
EICHERMOT_F1,11/07/2022,13:44:00,3714.75,3716.90,3713.00,3716.90,3500,3172225
EICHERMOT_F1,11/07/2022,13:45:00,3715.00,3717.50,3715.00,3717.50,2625,3179400
EICHERMOT_F1,11/07/2022,13:46:00,3717.85,3723.65,3717.85,3723.65,17325,3179400
EICHERMOT_F1,11/07/2022,13:47:00,3722.00,3728.00,3721.10,3725.85,10675,3179400
EICHERMOT_F1,11/07/2022,13:48:00,3723.10,3729.30,3723.10,3728.00,11725,3176950
EICHERMOT_F1,11/07/2022,13:49:00,3728.50,3728.50,3726.05,3728.50,2625,3176950
EICHERMOT_F1,11/07/2022,13:50:00,3727.20,3729.90,3727.20,3728.90,3675,3176950
EICHERMOT_F1,11/07/2022,13:51:00,3727.85,3727.85,3721.95,3722.45,3500,3182200
EICHERMOT_F1,11/07/2022,13:52:00,3722.50,3722.50,3720.15,3722.00,2800,3182200
EICHERMOT_F1,11/07/2022,13:53:00,3722.00,3724.30,3721.30,3724.30,2275,3182200
EICHERMOT_F1,11/07/2022,13:54:00,3723.50,3726.95,3723.30,3726.95,1400,3182025
EICHERMOT_F1,11/07/2022,13:55:00,3727.05,3727.05,3727.05,3727.05,175,3182025
EICHERMOT_F1,11/07/2022,13:56:00,3726.40,3727.05,3725.10,3727.00,2625,3182025
EICHERMOT_F1,11/07/2022,13:57:00,3728.00,3728.50,3727.35,3727.55,1225,3180800
EICHERMOT_F1,11/07/2022,13:58:00,3729.00,3733.00,3729.00,3731.10,8050,3180800
EICHERMOT_F1,11/07/2022,13:59:00,3733.00,3733.95,3731.20,3732.05,3325,3180800
EICHERMOT_F1,11/07/2022,14:00:00,3732.05,3737.70,3732.05,3737.60,8225,3176250
EICHERMOT_F1,11/07/2022,14:01:00,3738.85,3739.00,3732.95,3736.65,9450,3176250
EICHERMOT_F1,11/07/2022,14:02:00,3736.05,3736.60,3732.75,3733.45,2625,3176250
EICHERMOT_F1,11/07/2022,14:03:00,3732.85,3735.00,3730.20,3731.35,2625,3176775
EICHERMOT_F1,11/07/2022,14:04:00,3729.80,3730.05,3727.40,3727.40,2625,3176775
EICHERMOT_F1,11/07/2022,14:05:00,3728.95,3734.70,3728.95,3734.70,3850,3176775
EICHERMOT_F1,11/07/2022,14:06:00,3734.95,3736.00,3733.30,3733.30,2800,3174675
EICHERMOT_F1,11/07/2022,14:07:00,3731.30,3733.35,3731.30,3732.95,700,3174675
EICHERMOT_F1,11/07/2022,14:08:00,3731.80,3733.35,3730.90,3730.90,875,3174675
EICHERMOT_F1,11/07/2022,14:09:00,3731.90,3732.95,3730.15,3731.45,3850,3172225
EICHERMOT_F1,11/07/2022,14:10:00,3731.40,3735.00,3731.40,3734.30,1925,3172225
EICHERMOT_F1,11/07/2022,14:11:00,3733.20,3734.70,3731.55,3734.60,2625,3172225
EICHERMOT_F1,11/07/2022,14:12:00,3733.95,3734.20,3732.80,3732.80,1575,3170825
EICHERMOT_F1,11/07/2022,14:13:00,3731.75,3731.95,3731.50,3731.50,1225,3170825
EICHERMOT_F1,11/07/2022,14:14:00,3730.85,3732.30,3730.85,3731.50,1225,3170825
EICHERMOT_F1,11/07/2022,14:15:00,3732.50,3734.65,3732.50,3734.65,1925,3168025
EICHERMOT_F1,11/07/2022,14:16:00,3734.70,3737.40,3734.70,3737.40,2450,3168025
EICHERMOT_F1,11/07/2022,14:17:00,3736.95,3736.95,3732.65,3733.00,1400,3168025
EICHERMOT_F1,11/07/2022,14:18:00,3735.00,3735.55,3735.00,3735.55,875,3168200
EICHERMOT_F1,11/07/2022,14:19:00,3734.70,3735.50,3734.70,3735.50,1225,3168200
EICHERMOT_F1,11/07/2022,14:20:00,3735.55,3735.75,3732.65,3732.65,2625,3168200
EICHERMOT_F1,11/07/2022,14:21:00,3733.80,3734.70,3731.10,3731.10,2100,3159625
EICHERMOT_F1,11/07/2022,14:22:00,3729.95,3730.55,3725.80,3725.80,3325,3159625
EICHERMOT_F1,11/07/2022,14:23:00,3727.75,3729.00,3727.75,3728.35,1225,3159625
EICHERMOT_F1,11/07/2022,14:24:00,3729.70,3732.00,3729.70,3732.00,1225,3159275
EICHERMOT_F1,11/07/2022,14:25:00,3732.00,3734.15,3730.65,3730.65,2800,3159275
EICHERMOT_F1,11/07/2022,14:26:00,3731.00,3732.15,3730.80,3730.80,1225,3159275
EICHERMOT_F1,11/07/2022,14:27:00,3732.50,3732.50,3731.25,3732.00,875,3159625
EICHERMOT_F1,11/07/2022,14:28:00,3733.40,3734.25,3732.45,3733.70,2800,3159625
EICHERMOT_F1,11/07/2022,14:29:00,3734.25,3735.15,3733.40,3733.40,2275,3159625
EICHERMOT_F1,11/07/2022,14:30:00,3734.95,3739.00,3734.95,3739.00,4725,3158750
EICHERMOT_F1,11/07/2022,14:31:00,3738.40,3740.85,3738.05,3738.85,6650,3158750
EICHERMOT_F1,11/07/2022,14:32:00,3738.90,3741.90,3738.90,3739.35,5425,3158750
EICHERMOT_F1,11/07/2022,14:33:00,3739.95,3740.00,3735.90,3735.90,2800,3157350
EICHERMOT_F1,11/07/2022,14:34:00,3738.20,3738.45,3736.55,3737.25,1925,3157350
EICHERMOT_F1,11/07/2022,14:35:00,3738.15,3738.15,3732.85,3736.00,4900,3157350
EICHERMOT_F1,11/07/2022,14:36:00,3735.00,3736.95,3735.00,3736.95,2275,3156650
EICHERMOT_F1,11/07/2022,14:37:00,3736.95,3739.50,3735.95,3738.60,2625,3156650
EICHERMOT_F1,11/07/2022,14:38:00,3738.60,3740.00,3737.25,3739.65,2975,3156650
EICHERMOT_F1,11/07/2022,14:39:00,3737.75,3737.90,3735.00,3737.45,4725,3155250
EICHERMOT_F1,11/07/2022,14:40:00,3736.60,3737.60,3734.50,3736.30,2100,3155250
EICHERMOT_F1,11/07/2022,14:41:00,3735.35,3735.35,3732.40,3734.30,2100,3155250
EICHERMOT_F1,11/07/2022,14:42:00,3735.60,3737.90,3735.60,3737.90,875,3153150
EICHERMOT_F1,11/07/2022,14:43:00,3737.00,3738.40,3735.90,3738.00,1575,3153150
EICHERMOT_F1,11/07/2022,14:44:00,3737.05,3738.90,3737.05,3738.90,875,3153150
EICHERMOT_F1,11/07/2022,14:45:00,3738.85,3739.70,3738.40,3739.70,1575,3151750
EICHERMOT_F1,11/07/2022,14:46:00,3740.00,3740.00,3736.55,3738.65,3325,3151750
EICHERMOT_F1,11/07/2022,14:47:00,3739.45,3739.95,3738.00,3739.00,2450,3151750
EICHERMOT_F1,11/07/2022,14:48:00,3738.10,3738.45,3735.90,3737.15,1400,3151925
EICHERMOT_F1,11/07/2022,14:49:00,3737.20,3738.85,3736.20,3737.50,2450,3151925
EICHERMOT_F1,11/07/2022,14:50:00,3738.50,3739.00,3737.65,3739.00,2275,3151925
EICHERMOT_F1,11/07/2022,14:51:00,3739.35,3739.70,3738.50,3739.70,1925,3148250
EICHERMOT_F1,11/07/2022,14:52:00,3738.45,3739.70,3738.30,3739.05,2275,3148250
EICHERMOT_F1,11/07/2022,14:53:00,3739.90,3739.90,3738.25,3738.65,4725,3148250
EICHERMOT_F1,11/07/2022,14:54:00,3738.60,3740.60,3738.60,3740.60,1750,3146850
EICHERMOT_F1,11/07/2022,14:55:00,3739.95,3740.95,3739.80,3739.80,2100,3146850
EICHERMOT_F1,11/07/2022,14:56:00,3737.85,3738.10,3735.00,3735.00,3325,3146850
EICHERMOT_F1,11/07/2022,14:57:00,3735.00,3737.00,3734.60,3737.00,2275,3147550
EICHERMOT_F1,11/07/2022,14:58:00,3735.60,3739.10,3735.00,3738.15,4375,3147550
EICHERMOT_F1,11/07/2022,14:59:00,3740.10,3740.15,3736.15,3740.15,2625,3147550
EICHERMOT_F1,11/07/2022,15:00:00,3737.40,3742.85,3737.40,3742.85,22400,3148600
EICHERMOT_F1,11/07/2022,15:01:00,3742.85,3748.00,3742.85,3745.55,12775,3148600
EICHERMOT_F1,11/07/2022,15:02:00,3746.95,3747.80,3743.95,3745.80,7525,3148600
EICHERMOT_F1,11/07/2022,15:03:00,3744.60,3746.45,3743.30,3744.95,3500,3149300
EICHERMOT_F1,11/07/2022,15:04:00,3744.90,3745.95,3743.10,3744.75,3850,3149300
EICHERMOT_F1,11/07/2022,15:05:00,3744.35,3745.10,3743.50,3745.10,2625,3149300
EICHERMOT_F1,11/07/2022,15:06:00,3745.65,3745.65,3743.55,3745.25,2100,3148250
EICHERMOT_F1,11/07/2022,15:07:00,3745.95,3746.00,3743.00,3744.55,3150,3148250
EICHERMOT_F1,11/07/2022,15:08:00,3744.55,3746.00,3742.75,3744.35,4725,3148250
EICHERMOT_F1,11/07/2022,15:09:00,3742.70,3742.80,3738.35,3740.25,2975,3150700
EICHERMOT_F1,11/07/2022,15:10:00,3740.05,3741.25,3738.35,3740.10,4025,3150700
EICHERMOT_F1,11/07/2022,15:11:00,3740.15,3742.75,3740.15,3742.05,1750,3150700
EICHERMOT_F1,11/07/2022,15:12:00,3742.35,3744.25,3741.50,3743.40,3325,3149825
EICHERMOT_F1,11/07/2022,15:13:00,3742.10,3745.85,3742.10,3744.45,3500,3149825
EICHERMOT_F1,11/07/2022,15:14:00,3743.60,3745.65,3743.60,3744.90,3500,3149825
EICHERMOT_F1,11/07/2022,15:15:00,3746.00,3746.00,3743.35,3744.50,3150,3152625
EICHERMOT_F1,11/07/2022,15:16:00,3744.40,3745.15,3742.95,3742.95,4550,3152625
EICHERMOT_F1,11/07/2022,15:17:00,3743.60,3743.80,3739.40,3743.45,8400,3152625
EICHERMOT_F1,11/07/2022,15:18:00,3743.40,3744.75,3742.40,3744.45,3150,3152450
EICHERMOT_F1,11/07/2022,15:19:00,3744.90,3747.40,3744.40,3747.40,6650,3152450
EICHERMOT_F1,11/07/2022,15:20:00,3747.90,3749.00,3746.75,3749.00,6475,3152450
EICHERMOT_F1,11/07/2022,15:21:00,3749.00,3751.00,3748.25,3751.00,22925,3152625
EICHERMOT_F1,11/07/2022,15:22:00,3749.50,3752.95,3749.50,3752.40,6125,3152625
EICHERMOT_F1,11/07/2022,15:23:00,3752.75,3752.75,3749.65,3749.65,3850,3152625
EICHERMOT_F1,11/07/2022,15:24:00,3750.10,3751.50,3750.10,3751.50,4025,3157000
EICHERMOT_F1,11/07/2022,15:25:00,3752.00,3752.80,3748.45,3749.00,7350,3157000
EICHERMOT_F1,11/07/2022,15:26:00,3751.00,3751.20,3745.85,3749.00,8050,3157000
EICHERMOT_F1,11/07/2022,15:27:00,3750.30,3750.40,3748.10,3749.05,4900,3153325
EICHERMOT_F1,11/07/2022,15:28:00,3749.70,3749.95,3746.10,3746.50,17850,3153325
EICHERMOT_F1,11/07/2022,15:29:00,3747.15,3749.05,3746.00,3749.00,3500,3153325
EICHERMOT_F1,11/09/2022,09:15:00,3778.95,3779.90,3753.20,3753.20,10502,3064425
EICHERMOT_F1,11/09/2022,09:16:00,3751.85,3756.40,3749.00,3749.00,6300,3064425
EICHERMOT_F1,11/09/2022,09:17:00,3749.00,3752.00,3745.75,3750.80,4375,3069150
EICHERMOT_F1,11/09/2022,09:18:00,3753.00,3753.00,3742.35,3746.40,6300,3069150
EICHERMOT_F1,11/09/2022,09:19:00,3750.50,3756.00,3747.35,3754.75,9800,3069150
EICHERMOT_F1,11/09/2022,09:20:00,3753.35,3755.30,3747.65,3752.00,6650,3072475
EICHERMOT_F1,11/09/2022,09:21:00,3749.60,3753.00,3747.50,3749.00,7000,3072475
EICHERMOT_F1,11/09/2022,09:22:00,3747.65,3749.80,3742.10,3745.00,3325,3072475
EICHERMOT_F1,11/09/2022,09:23:00,3744.40,3748.20,3743.85,3748.15,4725,3075975
EICHERMOT_F1,11/09/2022,09:24:00,3747.40,3750.95,3747.10,3747.80,2450,3075975
EICHERMOT_F1,11/09/2022,09:25:00,3747.05,3747.05,3738.00,3738.00,4725,3075975
EICHERMOT_F1,11/09/2022,09:26:00,3736.35,3740.90,3735.00,3735.00,2450,3078075
EICHERMOT_F1,11/09/2022,09:27:00,3735.00,3735.00,3728.00,3728.00,3325,3078075
EICHERMOT_F1,11/09/2022,09:28:00,3729.75,3732.35,3728.00,3731.45,3150,3078075
EICHERMOT_F1,11/09/2022,09:29:00,3730.30,3732.25,3730.00,3730.00,2450,3077900
EICHERMOT_F1,11/09/2022,09:30:00,3731.00,3731.00,3728.95,3730.00,1225,3077900
EICHERMOT_F1,11/09/2022,09:31:00,3730.00,3730.00,3728.00,3729.20,2100,3077900
EICHERMOT_F1,11/09/2022,09:32:00,3729.00,3729.85,3720.65,3720.65,2800,3078425
EICHERMOT_F1,11/09/2022,09:33:00,3720.65,3723.55,3717.55,3717.55,4550,3078425
EICHERMOT_F1,11/09/2022,09:34:00,3716.25,3717.95,3706.65,3717.95,10500,3078425
EICHERMOT_F1,11/09/2022,09:35:00,3717.80,3717.80,3711.70,3715.35,2975,3080875
EICHERMOT_F1,11/09/2022,09:36:00,3716.80,3718.00,3716.80,3716.85,1925,3080875
EICHERMOT_F1,11/09/2022,09:37:00,3715.00,3715.10,3713.35,3713.35,1400,3080875
EICHERMOT_F1,11/09/2022,09:38:00,3709.80,3715.45,3709.80,3715.30,2800,3083150
EICHERMOT_F1,11/09/2022,09:39:00,3713.95,3713.95,3712.00,3713.50,525,3083150
EICHERMOT_F1,11/09/2022,09:40:00,3713.50,3713.50,3712.25,3713.15,525,3083150
EICHERMOT_F1,11/09/2022,09:41:00,3715.40,3719.95,3715.40,3719.95,1400,3084375
EICHERMOT_F1,11/09/2022,09:42:00,3717.55,3718.95,3714.55,3714.55,7875,3084375
EICHERMOT_F1,11/09/2022,09:43:00,3714.55,3721.15,3714.55,3718.90,5600,3084375
EICHERMOT_F1,11/09/2022,09:44:00,3717.35,3724.40,3717.35,3724.40,1225,3083500
EICHERMOT_F1,11/09/2022,09:45:00,3722.60,3722.60,3720.55,3720.95,1750,3083500
EICHERMOT_F1,11/09/2022,09:46:00,3722.85,3722.85,3718.65,3718.65,1225,3083500
EICHERMOT_F1,11/09/2022,09:47:00,3718.65,3718.65,3716.85,3717.60,1750,3081750
EICHERMOT_F1,11/09/2022,09:48:00,3718.85,3718.85,3718.85,3718.85,175,3081750
EICHERMOT_F1,11/09/2022,09:49:00,3720.80,3722.30,3720.80,3722.30,350,3081750
EICHERMOT_F1,11/09/2022,09:50:00,3725.00,3725.60,3723.20,3723.20,1575,3081750
EICHERMOT_F1,11/09/2022,09:51:00,3725.70,3725.70,3722.80,3724.65,1225,3080875
EICHERMOT_F1,11/09/2022,09:52:00,3724.00,3727.95,3724.00,3725.50,1050,3080875
EICHERMOT_F1,11/09/2022,09:53:00,3727.00,3727.10,3722.85,3722.85,1925,3080525
EICHERMOT_F1,11/09/2022,09:54:00,3724.20,3724.90,3720.30,3720.30,1225,3080525
EICHERMOT_F1,11/09/2022,09:55:00,3720.00,3720.30,3718.00,3718.00,4725,3080525
EICHERMOT_F1,11/09/2022,09:56:00,3719.95,3721.15,3719.45,3719.45,1400,3082275
EICHERMOT_F1,11/09/2022,09:57:00,3719.45,3720.70,3718.55,3719.60,2100,3082275
EICHERMOT_F1,11/09/2022,09:58:00,3719.95,3719.95,3716.10,3716.10,1575,3082275
EICHERMOT_F1,11/09/2022,09:59:00,3718.60,3718.60,3715.15,3715.15,700,3082450
EICHERMOT_F1,11/09/2022,10:00:00,3715.15,3715.15,3712.75,3712.75,1400,3082450
EICHERMOT_F1,11/09/2022,10:01:00,3715.20,3715.20,3712.70,3713.85,875,3082450
EICHERMOT_F1,11/09/2022,10:02:00,3713.50,3716.75,3713.25,3715.15,1750,3084200
EICHERMOT_F1,11/09/2022,10:03:00,3717.05,3718.35,3717.05,3718.35,350,3084200
EICHERMOT_F1,11/09/2022,10:04:00,3720.85,3723.75,3720.85,3723.60,1225,3084200
EICHERMOT_F1,11/09/2022,10:05:00,3723.00,3723.55,3720.60,3723.55,875,3084200
EICHERMOT_F1,11/09/2022,10:06:00,3725.05,3726.40,3723.30,3726.40,1225,3084375
EICHERMOT_F1,11/09/2022,10:07:00,3725.90,3725.90,3720.00,3720.00,1225,3084375
EICHERMOT_F1,11/09/2022,10:09:00,3720.55,3720.55,3719.30,3719.30,2450,3084375
EICHERMOT_F1,11/09/2022,10:10:00,3718.30,3719.20,3716.60,3717.65,1050,3084375
EICHERMOT_F1,11/09/2022,10:11:00,3717.80,3720.00,3717.80,3719.05,2275,3085425
EICHERMOT_F1,11/09/2022,10:12:00,3722.95,3723.45,3722.95,3723.45,525,3085425
EICHERMOT_F1,11/09/2022,10:13:00,3724.60,3724.60,3724.60,3724.60,175,3085425
EICHERMOT_F1,11/09/2022,10:14:00,3728.00,3728.00,3724.30,3724.30,875,3085425
EICHERMOT_F1,11/09/2022,10:15:00,3727.65,3730.20,3725.90,3730.20,1400,3087000
EICHERMOT_F1,11/09/2022,10:16:00,3730.15,3730.15,3730.15,3730.15,525,3087000
EICHERMOT_F1,11/09/2022,10:17:00,3728.25,3728.25,3725.15,3725.15,1225,3087350
EICHERMOT_F1,11/09/2022,10:18:00,3727.70,3727.70,3724.00,3725.00,1575,3087350
EICHERMOT_F1,11/09/2022,10:19:00,3725.80,3726.10,3723.60,3725.65,3675,3087350
EICHERMOT_F1,11/09/2022,10:20:00,3726.80,3726.80,3725.85,3726.00,700,3085425
EICHERMOT_F1,11/09/2022,10:21:00,3728.50,3728.50,3728.50,3728.50,350,3085425
EICHERMOT_F1,11/09/2022,10:22:00,3730.35,3730.35,3730.35,3730.35,175,3085425
EICHERMOT_F1,11/09/2022,10:23:00,3730.55,3730.55,3728.05,3730.00,700,3085425
EICHERMOT_F1,11/09/2022,10:24:00,3732.60,3732.60,3730.55,3730.55,1400,3085075
EICHERMOT_F1,11/09/2022,10:26:00,3731.30,3731.30,3731.30,3731.30,175,3085075
EICHERMOT_F1,11/09/2022,10:27:00,3731.70,3733.00,3731.70,3732.05,1050,3084200
EICHERMOT_F1,11/09/2022,10:28:00,3732.40,3732.40,3732.40,3732.40,175,3084200
EICHERMOT_F1,11/09/2022,10:29:00,3732.30,3732.30,3732.05,3732.05,875,3083850
EICHERMOT_F1,11/09/2022,10:31:00,3727.80,3730.60,3727.80,3729.00,5425,3083850
EICHERMOT_F1,11/09/2022,10:32:00,3728.70,3730.60,3727.95,3730.60,1750,3083850
EICHERMOT_F1,11/09/2022,10:33:00,3729.40,3729.40,3728.00,3728.00,525,3087350
EICHERMOT_F1,11/09/2022,10:35:00,3728.00,3728.25,3728.00,3728.25,875,3087350
EICHERMOT_F1,11/09/2022,10:36:00,3730.75,3732.45,3730.75,3732.45,700,3085950
EICHERMOT_F1,11/09/2022,10:37:00,3731.90,3734.45,3731.90,3734.45,700,3085950
EICHERMOT_F1,11/09/2022,10:38:00,3732.80,3732.80,3729.75,3729.75,1050,3085775
EICHERMOT_F1,11/09/2022,10:39:00,3728.20,3728.20,3728.15,3728.15,525,3085775
EICHERMOT_F1,11/09/2022,10:40:00,3726.90,3726.90,3726.55,3726.55,700,3085775
EICHERMOT_F1,11/09/2022,10:41:00,3729.00,3729.00,3729.00,3729.00,175,3084725
EICHERMOT_F1,11/09/2022,10:43:00,3731.45,3734.00,3731.45,3733.15,1925,3084725
EICHERMOT_F1,11/09/2022,10:44:00,3734.00,3734.00,3733.20,3733.20,525,3085250
EICHERMOT_F1,11/09/2022,10:45:00,3733.45,3733.45,3733.45,3733.45,175,3085250
EICHERMOT_F1,11/09/2022,10:46:00,3733.90,3733.90,3733.90,3733.90,175,3085250
EICHERMOT_F1,11/09/2022,10:47:00,3735.00,3735.00,3735.00,3735.00,350,3085250
EICHERMOT_F1,11/09/2022,10:49:00,3735.15,3735.80,3735.15,3735.80,700,3085775
EICHERMOT_F1,11/09/2022,10:50:00,3733.65,3733.65,3733.65,3733.65,350,3085775
EICHERMOT_F1,11/09/2022,10:51:00,3732.80,3733.00,3732.80,3733.00,525,3086125
EICHERMOT_F1,11/09/2022,10:52:00,3733.00,3733.00,3730.00,3730.00,525,3086125
EICHERMOT_F1,11/09/2022,10:53:00,3729.95,3732.25,3729.95,3732.25,700,3086125
EICHERMOT_F1,11/09/2022,10:54:00,3731.00,3731.00,3730.95,3730.95,525,3086125
EICHERMOT_F1,11/09/2022,10:55:00,3730.75,3730.75,3730.75,3730.75,175,3086125
EICHERMOT_F1,11/09/2022,10:56:00,3732.00,3732.00,3732.00,3732.00,175,3086125
EICHERMOT_F1,11/09/2022,10:57:00,3732.00,3732.00,3729.00,3729.00,1050,3086300
EICHERMOT_F1,11/09/2022,10:58:00,3729.05,3729.05,3729.05,3729.05,525,3086300
EICHERMOT_F1,11/09/2022,10:59:00,3731.75,3731.75,3727.65,3728.15,2100,3086300
EICHERMOT_F1,11/09/2022,11:00:00,3728.45,3728.45,3726.85,3726.85,525,3085075
EICHERMOT_F1,11/09/2022,11:02:00,3728.65,3728.80,3728.40,3728.80,700,3085775
EICHERMOT_F1,11/09/2022,11:05:00,3728.80,3728.80,3728.05,3728.05,6125,3085775
EICHERMOT_F1,11/09/2022,11:06:00,3728.05,3731.15,3728.05,3731.15,700,3079650
EICHERMOT_F1,11/09/2022,11:07:00,3730.70,3730.70,3730.70,3730.70,350,3079650
EICHERMOT_F1,11/09/2022,11:08:00,3730.00,3730.90,3730.00,3730.90,350,3079650
EICHERMOT_F1,11/09/2022,11:09:00,3732.00,3732.00,3729.35,3729.35,2975,3078600
EICHERMOT_F1,11/09/2022,11:12:00,3729.00,3729.00,3728.65,3728.65,350,3077550
EICHERMOT_F1,11/09/2022,11:13:00,3728.65,3728.65,3728.65,3728.65,350,3077550
EICHERMOT_F1,11/09/2022,11:14:00,3728.50,3728.50,3728.50,3728.50,525,3078075
EICHERMOT_F1,11/09/2022,11:15:00,3730.40,3730.40,3730.40,3730.40,175,3078075
EICHERMOT_F1,11/09/2022,11:17:00,3730.25,3730.25,3730.25,3730.25,175,3078775
EICHERMOT_F1,11/09/2022,11:19:00,3730.00,3730.00,3730.00,3730.00,175,3078775
EICHERMOT_F1,11/09/2022,11:20:00,3730.45,3731.05,3730.35,3731.05,525,3078250
EICHERMOT_F1,11/09/2022,11:21:00,3730.35,3731.20,3730.35,3731.20,1050,3078250
EICHERMOT_F1,11/09/2022,11:22:00,3730.05,3730.05,3730.05,3730.05,350,3078250
EICHERMOT_F1,11/09/2022,11:23:00,3729.50,3729.50,3728.65,3728.65,700,3078250
EICHERMOT_F1,11/09/2022,11:24:00,3728.50,3728.50,3728.50,3728.50,350,3078775
EICHERMOT_F1,11/09/2022,11:25:00,3729.00,3729.00,3720.85,3720.85,3500,3078775
EICHERMOT_F1,11/09/2022,11:26:00,3719.80,3720.05,3716.25,3720.05,2975,3080525
EICHERMOT_F1,11/09/2022,11:27:00,3719.20,3719.95,3716.00,3716.00,3325,3080525
EICHERMOT_F1,11/09/2022,11:28:00,3716.55,3718.05,3715.45,3718.05,700,3080525
EICHERMOT_F1,11/09/2022,11:29:00,3715.45,3717.00,3715.45,3717.00,350,3080525
EICHERMOT_F1,11/09/2022,11:30:00,3719.45,3721.45,3719.00,3721.05,1225,3079475
EICHERMOT_F1,11/09/2022,11:32:00,3718.10,3718.10,3718.10,3718.10,350,3079475
EICHERMOT_F1,11/09/2022,11:33:00,3719.70,3719.75,3719.70,3719.75,350,3079475
EICHERMOT_F1,11/09/2022,11:34:00,3718.75,3718.75,3718.05,3718.05,525,3079475
EICHERMOT_F1,11/09/2022,11:35:00,3718.30,3718.30,3718.30,3718.30,175,3075800
EICHERMOT_F1,11/09/2022,11:38:00,3718.30,3719.80,3718.30,3719.80,525,3075800
EICHERMOT_F1,11/09/2022,11:39:00,3718.95,3718.95,3718.95,3718.95,175,3075800
EICHERMOT_F1,11/09/2022,11:40:00,3716.30,3716.30,3716.30,3716.30,350,3075800
EICHERMOT_F1,11/09/2022,11:41:00,3718.50,3719.65,3718.50,3719.65,875,3075800
EICHERMOT_F1,11/09/2022,11:42:00,3719.00,3719.00,3719.00,3719.00,175,3076325
EICHERMOT_F1,11/09/2022,11:43:00,3718.80,3718.80,3717.55,3717.55,700,3076325
EICHERMOT_F1,11/09/2022,11:45:00,3720.30,3720.30,3720.30,3720.30,175,3075975
EICHERMOT_F1,11/09/2022,11:46:00,3720.70,3720.70,3720.15,3720.15,1050,3075975
EICHERMOT_F1,11/09/2022,11:47:00,3720.25,3720.25,3720.25,3720.25,525,3075975
EICHERMOT_F1,11/09/2022,11:48:00,3720.55,3720.60,3720.55,3720.60,2100,3075975
EICHERMOT_F1,11/09/2022,11:49:00,3720.60,3720.60,3718.55,3718.55,875,3075975
EICHERMOT_F1,11/09/2022,11:50:00,3718.00,3719.00,3718.00,3719.00,1050,3077725
EICHERMOT_F1,11/09/2022,11:51:00,3719.00,3719.00,3719.00,3719.00,175,3077725
EICHERMOT_F1,11/09/2022,11:53:00,3717.75,3717.75,3716.25,3716.85,525,3077025
EICHERMOT_F1,11/09/2022,11:54:00,3717.80,3718.85,3717.80,3718.85,350,3077025
EICHERMOT_F1,11/09/2022,11:56:00,3719.65,3719.65,3719.65,3719.65,350,3077025
EICHERMOT_F1,11/09/2022,11:57:00,3719.90,3719.90,3719.90,3719.90,525,3077025
EICHERMOT_F1,11/09/2022,11:58:00,3721.30,3721.30,3721.30,3721.30,175,3077025
EICHERMOT_F1,11/09/2022,12:00:00,3722.80,3722.80,3722.80,3722.80,525,3077375
EICHERMOT_F1,11/09/2022,12:01:00,3723.50,3723.50,3723.50,3723.50,175,3077375
EICHERMOT_F1,11/09/2022,12:02:00,3723.00,3723.00,3723.00,3723.00,175,3077375
EICHERMOT_F1,11/09/2022,12:03:00,3722.05,3722.05,3722.05,3722.05,525,3077725
EICHERMOT_F1,11/09/2022,12:04:00,3720.55,3720.55,3720.55,3720.55,350,3077725
EICHERMOT_F1,11/09/2022,12:06:00,3720.85,3720.85,3720.85,3720.85,175,3077550
EICHERMOT_F1,11/09/2022,12:08:00,3721.15,3724.20,3721.10,3721.10,3150,3078075
EICHERMOT_F1,11/09/2022,12:09:00,3720.70,3720.70,3720.70,3720.70,350,3078075
EICHERMOT_F1,11/09/2022,12:11:00,3720.00,3720.00,3720.00,3720.00,175,3078075
EICHERMOT_F1,11/09/2022,12:12:00,3718.75,3719.00,3718.75,3719.00,700,3077550
EICHERMOT_F1,11/09/2022,12:13:00,3720.40,3720.40,3720.40,3720.40,175,3077550
EICHERMOT_F1,11/09/2022,12:19:00,3718.90,3718.90,3718.80,3718.80,1225,3076500
EICHERMOT_F1,11/09/2022,12:20:00,3720.20,3722.00,3720.20,3722.00,700,3076500
EICHERMOT_F1,11/09/2022,12:21:00,3720.00,3720.00,3720.00,3720.00,700,3076500
EICHERMOT_F1,11/09/2022,12:22:00,3720.05,3720.15,3720.05,3720.15,350,3076500
EICHERMOT_F1,11/09/2022,12:23:00,3720.25,3720.95,3720.25,3720.95,700,3076500
EICHERMOT_F1,11/09/2022,12:24:00,3720.30,3720.30,3720.30,3720.30,350,3075625
EICHERMOT_F1,11/09/2022,12:25:00,3719.00,3719.10,3719.00,3719.10,875,3075625
EICHERMOT_F1,11/09/2022,12:26:00,3717.20,3717.20,3717.20,3717.20,525,3075625
EICHERMOT_F1,11/09/2022,12:27:00,3716.40,3716.40,3716.40,3716.40,525,3075975
EICHERMOT_F1,11/09/2022,12:28:00,3716.05,3716.05,3714.55,3714.55,13825,3075975
EICHERMOT_F1,11/09/2022,12:29:00,3717.95,3717.95,3717.65,3717.65,350,3074050
EICHERMOT_F1,11/09/2022,12:30:00,3720.35,3720.35,3719.65,3719.65,350,3074050
EICHERMOT_F1,11/09/2022,12:31:00,3719.70,3719.70,3717.30,3717.30,350,3074050
EICHERMOT_F1,11/09/2022,12:32:00,3717.40,3717.40,3717.40,3717.40,175,3073700
EICHERMOT_F1,11/09/2022,12:33:00,3718.55,3718.55,3718.55,3718.55,175,3073700
EICHERMOT_F1,11/09/2022,12:37:00,3720.20,3720.75,3720.20,3720.75,1050,3071950
EICHERMOT_F1,11/09/2022,12:38:00,3723.00,3723.70,3723.00,3723.70,525,3071600
EICHERMOT_F1,11/09/2022,12:39:00,3723.85,3723.85,3722.20,3722.20,525,3071600
EICHERMOT_F1,11/09/2022,12:40:00,3721.45,3721.45,3721.45,3721.45,175,3071600
EICHERMOT_F1,11/09/2022,12:41:00,3719.95,3719.95,3719.45,3719.45,700,3071600
EICHERMOT_F1,11/09/2022,12:42:00,3719.25,3719.25,3719.25,3719.25,175,3071425
EICHERMOT_F1,11/09/2022,12:45:00,3722.30,3723.55,3722.30,3723.55,525,3070900
EICHERMOT_F1,11/09/2022,12:46:00,3723.55,3723.55,3723.55,3723.55,175,3070900
EICHERMOT_F1,11/09/2022,12:47:00,3724.85,3724.85,3724.85,3724.85,175,3070900
EICHERMOT_F1,11/09/2022,12:48:00,3725.30,3725.85,3724.15,3724.50,875,3071250
EICHERMOT_F1,11/09/2022,12:49:00,3724.00,3724.00,3722.20,3722.20,700,3071250
EICHERMOT_F1,11/09/2022,12:50:00,3722.15,3722.15,3722.15,3722.15,175,3071250
EICHERMOT_F1,11/09/2022,12:51:00,3721.50,3721.50,3721.50,3721.50,175,3071425
EICHERMOT_F1,11/09/2022,12:53:00,3718.55,3720.15,3718.55,3720.15,525,3071425
EICHERMOT_F1,11/09/2022,12:54:00,3719.10,3719.45,3719.10,3719.45,350,3071425
EICHERMOT_F1,11/09/2022,12:56:00,3718.30,3718.30,3718.30,3718.30,350,3071425
EICHERMOT_F1,11/09/2022,12:57:00,3716.00,3716.00,3716.00,3716.00,175,3070550
EICHERMOT_F1,11/09/2022,12:58:00,3716.00,3716.00,3716.00,3716.00,175,3070550
EICHERMOT_F1,11/09/2022,13:00:00,3715.75,3715.75,3715.75,3715.75,175,3070725
EICHERMOT_F1,11/09/2022,13:01:00,3715.15,3715.15,3715.15,3715.15,175,3070725
EICHERMOT_F1,11/09/2022,13:02:00,3715.00,3715.00,3715.00,3715.00,350,3070725
EICHERMOT_F1,11/09/2022,13:03:00,3714.95,3714.95,3714.25,3714.25,700,3070900
EICHERMOT_F1,11/09/2022,13:04:00,3714.25,3714.25,3712.95,3712.95,525,3070900
EICHERMOT_F1,11/09/2022,13:05:00,3713.35,3714.00,3713.00,3713.00,1225,3070900
EICHERMOT_F1,11/09/2022,13:06:00,3711.00,3711.00,3711.00,3711.00,175,3070725
EICHERMOT_F1,11/09/2022,13:07:00,3711.00,3711.00,3711.00,3711.00,350,3070725
EICHERMOT_F1,11/09/2022,13:09:00,3712.20,3712.20,3711.45,3711.55,525,3070200
EICHERMOT_F1,11/09/2022,13:11:00,3712.30,3712.30,3712.30,3712.30,175,3070200
EICHERMOT_F1,11/09/2022,13:14:00,3714.05,3714.05,3714.05,3714.05,350,3070550
EICHERMOT_F1,11/09/2022,13:15:00,3712.80,3714.45,3712.80,3713.50,875,3069675
EICHERMOT_F1,11/09/2022,13:16:00,3714.65,3715.85,3714.65,3715.85,350,3069675
EICHERMOT_F1,11/09/2022,13:17:00,3713.60,3713.60,3713.60,3713.60,525,3069675
EICHERMOT_F1,11/09/2022,13:18:00,3715.70,3715.70,3715.70,3715.70,175,3069850
EICHERMOT_F1,11/09/2022,13:19:00,3717.30,3718.15,3717.30,3718.15,525,3069850
EICHERMOT_F1,11/09/2022,13:20:00,3718.60,3719.15,3718.60,3719.15,700,3069850
EICHERMOT_F1,11/09/2022,13:21:00,3716.60,3716.60,3716.00,3716.00,525,3048675
EICHERMOT_F1,11/09/2022,13:24:00,3715.05,3717.85,3715.05,3717.15,525,3048675
EICHERMOT_F1,11/09/2022,13:25:00,3719.50,3722.00,3719.50,3722.00,875,3048675
EICHERMOT_F1,11/09/2022,13:26:00,3722.55,3722.55,3722.55,3722.55,175,3048675
EICHERMOT_F1,11/09/2022,13:27:00,3719.80,3719.80,3719.75,3719.75,700,3048850
EICHERMOT_F1,11/09/2022,13:28:00,3717.75,3717.75,3717.75,3717.75,175,3048850
EICHERMOT_F1,11/09/2022,13:29:00,3717.70,3717.70,3717.70,3717.70,350,3048850
EICHERMOT_F1,11/09/2022,13:33:00,3716.90,3716.90,3716.90,3716.90,175,3047975
EICHERMOT_F1,11/09/2022,13:34:00,3717.65,3717.65,3716.85,3717.30,700,3047975
EICHERMOT_F1,11/09/2022,13:35:00,3719.45,3719.45,3719.45,3719.45,350,3047975
EICHERMOT_F1,11/09/2022,13:37:00,3719.45,3719.50,3719.45,3719.50,875,3047450
EICHERMOT_F1,11/09/2022,13:38:00,3720.05,3720.05,3720.05,3720.05,175,3047450
EICHERMOT_F1,11/09/2022,13:39:00,3724.15,3724.15,3724.15,3724.15,175,3047100
EICHERMOT_F1,11/09/2022,13:40:00,3723.85,3723.85,3723.85,3723.85,175,3047100
EICHERMOT_F1,11/09/2022,13:41:00,3724.00,3724.00,3722.95,3723.65,700,3047100
EICHERMOT_F1,11/09/2022,13:43:00,3723.00,3723.00,3723.00,3723.00,175,3046400
EICHERMOT_F1,11/09/2022,13:44:00,3721.70,3721.70,3721.70,3721.70,175,3046400
EICHERMOT_F1,11/09/2022,13:45:00,3721.70,3723.00,3721.70,3723.00,525,3046400
EICHERMOT_F1,11/09/2022,13:47:00,3722.70,3722.70,3722.70,3722.70,350,3046400
EICHERMOT_F1,11/09/2022,13:48:00,3722.55,3722.55,3722.55,3722.55,175,3046050
EICHERMOT_F1,11/09/2022,13:49:00,3724.05,3724.05,3723.65,3723.65,350,3046050
EICHERMOT_F1,11/09/2022,13:50:00,3722.85,3725.00,3722.85,3725.00,700,3046050
EICHERMOT_F1,11/09/2022,13:52:00,3723.60,3723.60,3722.55,3722.55,700,3046225
EICHERMOT_F1,11/09/2022,13:53:00,3722.55,3722.55,3719.00,3719.95,9975,3046225
EICHERMOT_F1,11/09/2022,13:55:00,3715.75,3715.75,3715.75,3715.75,350,3045875
EICHERMOT_F1,11/09/2022,13:56:00,3717.05,3717.05,3715.50,3715.50,525,3045875
EICHERMOT_F1,11/09/2022,13:57:00,3712.45,3712.45,3712.45,3712.45,175,3045700
EICHERMOT_F1,11/09/2022,13:58:00,3713.00,3713.00,3713.00,3713.00,175,3045700
EICHERMOT_F1,11/09/2022,13:59:00,3713.40,3713.40,3711.05,3711.05,1925,3045700
EICHERMOT_F1,11/09/2022,14:00:00,3710.90,3713.00,3710.20,3710.20,700,3045175
EICHERMOT_F1,11/09/2022,14:01:00,3710.15,3710.15,3709.20,3709.20,3150,3045175
EICHERMOT_F1,11/09/2022,14:02:00,3708.30,3708.45,3708.30,3708.45,1050,3045175
EICHERMOT_F1,11/09/2022,14:03:00,3709.00,3710.25,3709.00,3710.25,350,3043600
EICHERMOT_F1,11/09/2022,14:04:00,3708.05,3708.25,3708.05,3708.05,1400,3043600
EICHERMOT_F1,11/09/2022,14:05:00,3708.00,3708.00,3707.10,3707.10,700,3043600
EICHERMOT_F1,11/09/2022,14:06:00,3709.45,3709.45,3709.45,3709.45,1050,3043250
EICHERMOT_F1,11/09/2022,14:07:00,3709.45,3710.00,3708.80,3708.80,700,3043250
EICHERMOT_F1,11/09/2022,14:08:00,3708.50,3710.35,3708.50,3710.35,525,3043250
EICHERMOT_F1,11/09/2022,14:09:00,3709.55,3710.00,3709.55,3709.55,525,3042550
EICHERMOT_F1,11/09/2022,14:10:00,3711.65,3711.65,3711.65,3711.65,525,3042550
EICHERMOT_F1,11/09/2022,14:11:00,3711.50,3711.75,3711.50,3711.75,875,3042550
EICHERMOT_F1,11/09/2022,14:12:00,3709.50,3709.50,3709.50,3709.50,175,3042375
EICHERMOT_F1,11/09/2022,14:13:00,3709.65,3711.50,3709.65,3711.50,525,3042375
EICHERMOT_F1,11/09/2022,14:14:00,3711.30,3711.30,3708.80,3708.80,875,3042375
EICHERMOT_F1,11/09/2022,14:15:00,3709.95,3709.95,3709.95,3709.95,175,3040975
EICHERMOT_F1,11/09/2022,14:16:00,3709.85,3709.85,3709.85,3709.85,175,3040975
EICHERMOT_F1,11/09/2022,14:17:00,3708.60,3708.60,3707.20,3707.20,1050,3040975
EICHERMOT_F1,11/09/2022,14:18:00,3703.00,3703.25,3702.75,3703.15,20475,3055500
EICHERMOT_F1,11/09/2022,14:19:00,3702.15,3703.50,3702.00,3702.00,2975,3055500
EICHERMOT_F1,11/09/2022,14:20:00,3701.00,3702.00,3700.10,3702.00,4025,3055500
EICHERMOT_F1,11/09/2022,14:21:00,3704.40,3704.40,3702.85,3702.85,350,3054625
EICHERMOT_F1,11/09/2022,14:22:00,3705.90,3706.00,3703.30,3703.30,700,3054625
EICHERMOT_F1,11/09/2022,14:23:00,3703.25,3705.10,3703.25,3705.10,350,3054625
EICHERMOT_F1,11/09/2022,14:24:00,3704.00,3704.00,3704.00,3704.00,700,3055150
EICHERMOT_F1,11/09/2022,14:25:00,3703.60,3703.60,3703.60,3703.60,175,3055150
EICHERMOT_F1,11/09/2022,14:26:00,3707.45,3707.45,3707.45,3707.45,350,3055150
EICHERMOT_F1,11/09/2022,14:27:00,3709.35,3709.35,3709.35,3709.35,350,3055150
EICHERMOT_F1,11/09/2022,14:28:00,3707.20,3707.20,3707.20,3707.20,350,3054450
EICHERMOT_F1,11/09/2022,14:29:00,3705.25,3708.40,3705.25,3708.40,1225,3054450
EICHERMOT_F1,11/09/2022,14:30:00,3706.85,3707.45,3705.25,3707.45,1050,3054275
EICHERMOT_F1,11/09/2022,14:31:00,3707.20,3708.15,3706.90,3707.50,1225,3054275
EICHERMOT_F1,11/09/2022,14:32:00,3706.75,3710.40,3706.75,3710.40,875,3054275
EICHERMOT_F1,11/09/2022,14:33:00,3712.15,3712.15,3712.15,3712.15,350,3054625
EICHERMOT_F1,11/09/2022,14:34:00,3711.65,3711.65,3711.65,3711.65,175,3054625
EICHERMOT_F1,11/09/2022,14:35:00,3712.00,3712.65,3710.80,3712.65,700,3054625
EICHERMOT_F1,11/09/2022,14:36:00,3712.80,3712.80,3712.80,3712.80,175,3054625
EICHERMOT_F1,11/09/2022,14:37:00,3713.85,3714.55,3713.85,3714.55,700,3054450
EICHERMOT_F1,11/09/2022,14:38:00,3714.50,3715.10,3712.85,3714.75,1225,3054450
EICHERMOT_F1,11/09/2022,14:39:00,3713.00,3713.00,3712.25,3712.25,350,3054800
EICHERMOT_F1,11/09/2022,14:40:00,3710.25,3711.20,3708.90,3710.55,2450,3054800
EICHERMOT_F1,11/09/2022,14:41:00,3708.85,3711.15,3708.85,3711.15,875,3054800
EICHERMOT_F1,11/09/2022,14:42:00,3711.40,3711.80,3711.40,3711.80,525,3054800
EICHERMOT_F1,11/09/2022,14:43:00,3715.65,3717.60,3714.65,3716.25,4900,3055325
EICHERMOT_F1,11/09/2022,14:44:00,3716.35,3716.35,3712.35,3712.35,2975,3055325
EICHERMOT_F1,11/09/2022,14:45:00,3710.25,3713.90,3710.25,3713.90,875,3058125
EICHERMOT_F1,11/09/2022,14:47:00,3713.90,3715.30,3713.15,3714.30,1925,3058125
EICHERMOT_F1,11/09/2022,14:48:00,3714.30,3715.40,3713.50,3713.50,1925,3058475
EICHERMOT_F1,11/09/2022,14:49:00,3711.65,3711.65,3711.65,3711.65,350,3058475
EICHERMOT_F1,11/09/2022,14:50:00,3709.05,3710.20,3709.05,3710.20,700,3058475
EICHERMOT_F1,11/09/2022,14:51:00,3708.00,3708.70,3707.65,3707.65,525,3057775
EICHERMOT_F1,11/09/2022,14:52:00,3708.55,3711.65,3708.55,3709.80,1400,3057775
EICHERMOT_F1,11/09/2022,14:53:00,3711.95,3711.95,3711.95,3711.95,175,3057775
EICHERMOT_F1,11/09/2022,14:54:00,3710.15,3711.05,3710.15,3711.05,350,3057775
EICHERMOT_F1,11/09/2022,14:55:00,3711.30,3715.10,3711.30,3715.10,1050,3057775
EICHERMOT_F1,11/09/2022,14:56:00,3716.30,3719.95,3716.30,3719.95,2800,3057775
EICHERMOT_F1,11/09/2022,14:57:00,3718.00,3721.65,3718.00,3719.30,2800,3057425
EICHERMOT_F1,11/09/2022,14:58:00,3719.00,3719.00,3718.15,3718.15,700,3057425
EICHERMOT_F1,11/09/2022,15:00:00,3712.40,3717.95,3712.40,3717.45,2975,3058475
EICHERMOT_F1,11/09/2022,15:01:00,3718.35,3724.00,3718.35,3722.20,3675,3058475
EICHERMOT_F1,11/09/2022,15:02:00,3721.30,3723.15,3719.50,3719.50,3325,3058475
EICHERMOT_F1,11/09/2022,15:03:00,3720.35,3722.75,3720.20,3722.75,1575,3060400
EICHERMOT_F1,11/09/2022,15:04:00,3723.05,3723.05,3719.75,3722.50,2275,3060400
EICHERMOT_F1,11/09/2022,15:05:00,3724.00,3724.10,3722.10,3723.60,2450,3060400
EICHERMOT_F1,11/09/2022,15:06:00,3721.80,3725.95,3721.75,3725.95,3850,3063900
EICHERMOT_F1,11/09/2022,15:07:00,3725.40,3729.30,3725.00,3728.65,4025,3063900
EICHERMOT_F1,11/09/2022,15:08:00,3729.15,3729.40,3725.10,3727.45,2450,3063900
EICHERMOT_F1,11/09/2022,15:09:00,3727.35,3728.70,3725.30,3728.70,2275,3066350
EICHERMOT_F1,11/09/2022,15:10:00,3729.45,3729.70,3726.35,3727.55,2975,3066350
EICHERMOT_F1,11/09/2022,15:11:00,3727.95,3728.60,3725.60,3727.45,1925,3066350
EICHERMOT_F1,11/09/2022,15:12:00,3726.85,3728.70,3726.85,3727.90,1750,3068450
EICHERMOT_F1,11/09/2022,15:13:00,3728.10,3728.10,3724.35,3724.35,2450,3068450
EICHERMOT_F1,11/09/2022,15:14:00,3724.40,3725.55,3723.40,3725.00,2275,3068450
EICHERMOT_F1,11/09/2022,15:15:00,3726.15,3729.85,3725.95,3729.30,4550,3071075
EICHERMOT_F1,11/09/2022,15:16:00,3727.60,3728.80,3726.45,3728.00,4375,3071075
EICHERMOT_F1,11/09/2022,15:17:00,3728.85,3729.30,3727.40,3729.30,2100,3071075
EICHERMOT_F1,11/09/2022,15:18:00,3727.90,3727.90,3725.65,3725.70,4550,3078075
EICHERMOT_F1,11/09/2022,15:19:00,3726.15,3726.65,3724.20,3724.95,4550,3078075
EICHERMOT_F1,11/09/2022,15:20:00,3725.10,3727.45,3723.90,3727.05,5600,3078075
EICHERMOT_F1,11/09/2022,15:21:00,3726.95,3727.25,3725.60,3727.00,2275,3083850
EICHERMOT_F1,11/09/2022,15:22:00,3729.00,3729.25,3727.00,3727.00,2800,3083850
EICHERMOT_F1,11/09/2022,15:23:00,3726.90,3726.90,3723.50,3725.15,5775,3083850
EICHERMOT_F1,11/09/2022,15:24:00,3725.00,3726.85,3721.55,3722.00,6125,3087525
EICHERMOT_F1,11/09/2022,15:25:00,3722.00,3723.95,3720.75,3720.80,4375,3087525
EICHERMOT_F1,11/09/2022,15:26:00,3720.75,3721.20,3718.00,3719.15,3850,3087525
EICHERMOT_F1,11/09/2022,15:27:00,3719.20,3719.20,3716.20,3717.65,1400,3092075
EICHERMOT_F1,11/09/2022,15:28:00,3717.65,3717.65,3715.40,3715.40,3675,3092075
EICHERMOT_F1,11/09/2022,15:29:00,3715.90,3715.90,3711.50,3711.70,7525,3092075
EICHERMOT_F1,11/10/2022,09:15:00,3716.75,3716.95,3681.85,3695.65,22403,3077550
EICHERMOT_F1,11/10/2022,09:16:00,3688.40,3688.40,3650.00,3650.00,18200,3077550
EICHERMOT_F1,11/10/2022,09:17:00,3652.70,3666.70,3646.75,3651.05,15050,3099075
EICHERMOT_F1,11/10/2022,09:18:00,3650.00,3652.60,3634.40,3651.45,13125,3099075
EICHERMOT_F1,11/10/2022,09:19:00,3654.35,3665.75,3654.35,3663.05,17850,3099075
EICHERMOT_F1,11/10/2022,09:20:00,3665.35,3673.45,3665.30,3667.00,9450,3113425
EICHERMOT_F1,11/10/2022,09:21:00,3667.00,3673.65,3665.55,3673.65,6300,3113425
EICHERMOT_F1,11/10/2022,09:22:00,3674.00,3684.90,3674.00,3683.95,15050,3113425
EICHERMOT_F1,11/10/2022,09:23:00,3683.05,3683.95,3671.40,3673.70,7350,3126725
EICHERMOT_F1,11/10/2022,09:24:00,3669.75,3672.20,3662.50,3662.50,3150,3126725
EICHERMOT_F1,11/10/2022,09:25:00,3663.40,3663.40,3653.90,3658.20,11900,3126725
EICHERMOT_F1,11/10/2022,09:26:00,3653.95,3665.75,3653.95,3665.75,4375,3134600
EICHERMOT_F1,11/10/2022,09:27:00,3665.55,3671.95,3665.50,3671.95,4550,3134600
EICHERMOT_F1,11/10/2022,09:28:00,3674.25,3675.55,3666.40,3666.40,7700,3134600
EICHERMOT_F1,11/10/2022,09:29:00,3667.80,3667.80,3660.00,3663.65,12950,3143000
EICHERMOT_F1,11/10/2022,09:30:00,3666.00,3667.55,3660.60,3665.00,3850,3143000
EICHERMOT_F1,11/10/2022,09:31:00,3667.05,3670.70,3665.10,3670.70,2975,3143000
EICHERMOT_F1,11/10/2022,09:32:00,3669.00,3673.45,3667.10,3668.95,9450,3149475
EICHERMOT_F1,11/10/2022,09:33:00,3668.35,3670.10,3665.10,3669.00,9800,3149475
EICHERMOT_F1,11/10/2022,09:34:00,3671.05,3673.95,3671.05,3673.95,3325,3149475
EICHERMOT_F1,11/10/2022,09:35:00,3671.70,3671.70,3668.05,3668.80,1050,3158925
EICHERMOT_F1,11/10/2022,09:36:00,3666.20,3668.80,3663.70,3668.80,3325,3158925
EICHERMOT_F1,11/10/2022,09:37:00,3670.20,3672.80,3670.20,3672.80,700,3158925
EICHERMOT_F1,11/10/2022,09:38:00,3672.95,3681.00,3672.95,3680.70,6125,3160675
EICHERMOT_F1,11/10/2022,09:39:00,3680.45,3680.45,3677.00,3677.00,1225,3160675
EICHERMOT_F1,11/10/2022,09:40:00,3681.60,3685.00,3681.50,3682.80,4200,3160675
EICHERMOT_F1,11/10/2022,09:41:00,3676.90,3679.25,3676.90,3679.15,1225,3160675
EICHERMOT_F1,11/10/2022,09:42:00,3680.00,3680.00,3679.10,3679.10,875,3160675
EICHERMOT_F1,11/10/2022,09:43:00,3683.35,3688.25,3680.60,3685.45,2800,3160675
EICHERMOT_F1,11/10/2022,09:44:00,3689.25,3689.60,3687.50,3687.50,875,3161200
EICHERMOT_F1,11/10/2022,09:45:00,3687.90,3687.90,3684.75,3684.75,3850,3161200
EICHERMOT_F1,11/10/2022,09:46:00,3684.20,3684.20,3676.90,3678.45,1750,3161200
EICHERMOT_F1,11/10/2022,09:47:00,3679.95,3679.95,3679.95,3679.95,175,3162950
EICHERMOT_F1,11/10/2022,09:48:00,3679.95,3679.95,3678.30,3679.15,700,3162950
EICHERMOT_F1,11/10/2022,09:49:00,3676.20,3677.10,3668.65,3668.65,1925,3162950
EICHERMOT_F1,11/10/2022,09:50:00,3666.10,3678.95,3666.10,3678.95,5950,3164350
EICHERMOT_F1,11/10/2022,09:51:00,3676.75,3677.40,3676.05,3677.40,1225,3164350
EICHERMOT_F1,11/10/2022,09:52:00,3673.95,3677.50,3673.95,3677.25,3150,3164350
EICHERMOT_F1,11/10/2022,09:53:00,3675.25,3677.80,3674.20,3676.50,1225,3163125
EICHERMOT_F1,11/10/2022,09:54:00,3674.65,3674.65,3674.65,3674.65,175,3163125
EICHERMOT_F1,11/10/2022,09:55:00,3673.80,3679.40,3673.30,3679.40,1400,3163125
EICHERMOT_F1,11/10/2022,09:56:00,3680.60,3680.60,3678.70,3678.70,700,3163125
EICHERMOT_F1,11/10/2022,09:57:00,3679.25,3683.00,3679.20,3679.20,1050,3163125
EICHERMOT_F1,11/10/2022,09:58:00,3679.75,3681.65,3675.00,3680.95,5950,3163125
EICHERMOT_F1,11/10/2022,09:59:00,3679.25,3681.35,3673.75,3678.05,6650,3169250
EICHERMOT_F1,11/10/2022,10:00:00,3675.65,3677.85,3675.05,3675.05,1225,3169250
EICHERMOT_F1,11/10/2022,10:01:00,3675.35,3680.70,3675.35,3677.00,4375,3169250
EICHERMOT_F1,11/10/2022,10:02:00,3678.45,3679.90,3676.65,3678.55,3150,3175200
EICHERMOT_F1,11/10/2022,10:03:00,3679.35,3683.35,3679.35,3680.00,2800,3175200
EICHERMOT_F1,11/10/2022,10:04:00,3680.40,3680.40,3676.10,3676.10,3325,3175200
EICHERMOT_F1,11/10/2022,10:05:00,3678.80,3680.30,3677.00,3678.15,4725,3180625
EICHERMOT_F1,11/10/2022,10:06:00,3677.05,3683.00,3677.05,3683.00,4550,3180625
EICHERMOT_F1,11/10/2022,10:07:00,3685.00,3687.35,3683.05,3684.00,1225,3180625
EICHERMOT_F1,11/10/2022,10:08:00,3682.00,3684.40,3682.00,3684.20,1925,3180625
EICHERMOT_F1,11/10/2022,10:09:00,3683.60,3684.60,3683.60,3684.60,1575,3183425
EICHERMOT_F1,11/10/2022,10:10:00,3683.20,3683.20,3680.40,3682.65,1575,3183425
EICHERMOT_F1,11/10/2022,10:11:00,3682.70,3685.10,3682.70,3684.40,700,3184125
EICHERMOT_F1,11/10/2022,10:12:00,3682.00,3682.00,3676.00,3677.00,7700,3184125
EICHERMOT_F1,11/10/2022,10:13:00,3677.00,3679.00,3674.90,3678.25,8575,3184125
EICHERMOT_F1,11/10/2022,10:14:00,3677.45,3677.45,3677.10,3677.10,350,3192875
EICHERMOT_F1,11/10/2022,10:15:00,3675.00,3675.00,3675.00,3675.00,175,3192875
EICHERMOT_F1,11/10/2022,10:16:00,3674.60,3675.00,3672.00,3673.00,4025,3192875
EICHERMOT_F1,11/10/2022,10:17:00,3674.95,3679.20,3674.95,3679.20,2625,3195500
EICHERMOT_F1,11/10/2022,10:18:00,3680.85,3680.85,3680.85,3680.85,175,3195500
EICHERMOT_F1,11/10/2022,10:19:00,3680.85,3680.85,3680.85,3680.85,175,3195500
EICHERMOT_F1,11/10/2022,10:20:00,3681.90,3685.45,3681.90,3685.45,1750,3195500
EICHERMOT_F1,11/10/2022,10:21:00,3685.70,3686.75,3685.70,3686.75,1225,3195500
EICHERMOT_F1,11/10/2022,10:22:00,3686.75,3688.65,3686.75,3688.65,525,3195500
EICHERMOT_F1,11/10/2022,10:23:00,3686.50,3686.50,3686.50,3686.50,175,3195500
EICHERMOT_F1,11/10/2022,10:24:00,3689.10,3690.00,3688.20,3688.20,700,3195500
EICHERMOT_F1,11/10/2022,10:25:00,3687.25,3688.35,3685.85,3688.35,525,3195500
EICHERMOT_F1,11/10/2022,10:26:00,3688.10,3688.10,3687.25,3687.25,525,3193925
EICHERMOT_F1,11/10/2022,10:27:00,3687.15,3687.15,3678.70,3678.70,6125,3193925
EICHERMOT_F1,11/10/2022,10:28:00,3674.65,3674.65,3674.65,3674.65,2450,3193925
EICHERMOT_F1,11/10/2022,10:29:00,3676.85,3676.85,3674.75,3674.75,700,3199700
EICHERMOT_F1,11/10/2022,10:30:00,3677.05,3680.55,3677.05,3680.55,3850,3199700
EICHERMOT_F1,11/10/2022,10:31:00,3679.35,3679.35,3677.00,3679.25,5075,3199700
EICHERMOT_F1,11/10/2022,10:32:00,3679.25,3679.25,3679.25,3679.25,350,3199700
EICHERMOT_F1,11/10/2022,10:33:00,3676.45,3678.40,3674.25,3678.40,2100,3200925
EICHERMOT_F1,11/10/2022,10:34:00,3678.75,3678.75,3678.75,3678.75,175,3200925
EICHERMOT_F1,11/10/2022,10:35:00,3677.95,3682.35,3677.95,3682.35,1750,3200050
EICHERMOT_F1,11/10/2022,10:36:00,3683.20,3683.65,3680.95,3683.55,2100,3200050
EICHERMOT_F1,11/10/2022,10:37:00,3683.25,3683.25,3683.25,3683.25,350,3200050
EICHERMOT_F1,11/10/2022,10:38:00,3683.15,3683.15,3680.45,3680.45,1225,3200050
EICHERMOT_F1,11/10/2022,10:39:00,3679.80,3679.80,3679.80,3679.80,350,3198475
EICHERMOT_F1,11/10/2022,10:40:00,3680.15,3680.15,3680.15,3680.15,350,3198475
EICHERMOT_F1,11/10/2022,10:41:00,3680.80,3680.80,3680.80,3680.80,175,3197950
EICHERMOT_F1,11/10/2022,10:42:00,3681.60,3681.60,3679.45,3679.45,700,3197950
EICHERMOT_F1,11/10/2022,10:43:00,3678.15,3678.15,3678.15,3678.15,700,3197950
EICHERMOT_F1,11/10/2022,10:44:00,3680.15,3680.15,3680.15,3680.15,525,3197950
EICHERMOT_F1,11/10/2022,10:45:00,3683.20,3684.05,3682.90,3684.05,700,3198650
EICHERMOT_F1,11/10/2022,10:47:00,3680.10,3680.10,3679.00,3679.00,700,3198650
EICHERMOT_F1,11/10/2022,10:48:00,3674.95,3679.85,3674.65,3678.40,1575,3199000
EICHERMOT_F1,11/10/2022,10:49:00,3677.35,3677.35,3672.95,3674.55,1400,3199000
EICHERMOT_F1,11/10/2022,10:50:00,3673.30,3673.35,3670.00,3670.00,9800,3201100
EICHERMOT_F1,11/10/2022,10:51:00,3669.95,3671.95,3669.95,3670.60,2450,3201100
EICHERMOT_F1,11/10/2022,10:52:00,3672.15,3672.15,3672.15,3672.15,175,3201100
EICHERMOT_F1,11/10/2022,10:53:00,3672.00,3673.00,3669.85,3671.90,3150,3203375
EICHERMOT_F1,11/10/2022,10:54:00,3669.40,3669.40,3669.20,3669.20,350,3203375
EICHERMOT_F1,11/10/2022,10:55:00,3669.55,3669.55,3667.50,3667.50,1575,3203375
EICHERMOT_F1,11/10/2022,10:56:00,3667.50,3669.90,3667.50,3668.00,4900,3203375
EICHERMOT_F1,11/10/2022,10:58:00,3669.90,3669.90,3669.90,3669.90,175,3206350
EICHERMOT_F1,11/10/2022,10:59:00,3669.95,3671.90,3669.95,3671.90,700,3206350
EICHERMOT_F1,11/10/2022,11:00:00,3671.60,3671.60,3671.60,3671.60,175,3205825
EICHERMOT_F1,11/10/2022,11:01:00,3674.60,3678.00,3674.60,3678.00,700,3205825
EICHERMOT_F1,11/10/2022,11:02:00,3680.00,3688.00,3679.45,3688.00,3150,3207400
EICHERMOT_F1,11/10/2022,11:03:00,3689.65,3700.00,3689.65,3695.45,20475,3207400
EICHERMOT_F1,11/10/2022,11:04:00,3697.80,3705.20,3693.60,3705.20,17500,3207400
EICHERMOT_F1,11/10/2022,11:05:00,3704.25,3709.35,3704.25,3705.00,8925,3229625
EICHERMOT_F1,11/10/2022,11:06:00,3707.30,3719.35,3707.30,3717.00,9100,3229625
EICHERMOT_F1,11/10/2022,11:07:00,3716.00,3716.00,3701.05,3702.05,7875,3229625
EICHERMOT_F1,11/10/2022,11:08:00,3702.05,3702.05,3694.95,3697.35,6825,3236625
EICHERMOT_F1,11/10/2022,11:09:00,3699.10,3700.40,3695.65,3700.30,4025,3236625
EICHERMOT_F1,11/10/2022,11:10:00,3702.00,3702.00,3699.35,3701.10,3675,3236625
EICHERMOT_F1,11/10/2022,11:11:00,3700.00,3700.85,3700.00,3700.00,2100,3236625
EICHERMOT_F1,11/10/2022,11:12:00,3700.00,3705.00,3700.00,3705.00,1750,3240475
EICHERMOT_F1,11/10/2022,11:13:00,3707.00,3710.55,3706.85,3707.00,3325,3240475
EICHERMOT_F1,11/10/2022,11:14:00,3706.85,3711.55,3706.75,3706.75,7000,3243450
EICHERMOT_F1,11/10/2022,11:15:00,3706.90,3706.90,3703.00,3706.85,1925,3243450
EICHERMOT_F1,11/10/2022,11:16:00,3705.35,3707.00,3702.10,3702.10,2275,3243450
EICHERMOT_F1,11/10/2022,11:17:00,3702.55,3704.95,3702.30,3704.95,875,3243450
EICHERMOT_F1,11/10/2022,11:18:00,3702.30,3702.50,3702.30,3702.50,350,3249225
EICHERMOT_F1,11/10/2022,11:19:00,3701.65,3701.65,3701.65,3701.65,350,3249225
EICHERMOT_F1,11/10/2022,11:20:00,3703.30,3703.30,3697.70,3697.70,7525,3253950
EICHERMOT_F1,11/10/2022,11:21:00,3697.35,3697.35,3697.35,3697.35,175,3253950
EICHERMOT_F1,11/10/2022,11:22:00,3694.75,3695.90,3691.80,3691.80,4375,3253950
EICHERMOT_F1,11/10/2022,11:23:00,3691.95,3691.95,3690.55,3691.00,1050,3198475
EICHERMOT_F1,11/10/2022,11:24:00,3692.00,3693.00,3691.00,3693.00,875,3198475
EICHERMOT_F1,11/10/2022,11:25:00,3690.50,3690.50,3688.95,3688.95,700,3198475
EICHERMOT_F1,11/10/2022,11:26:00,3690.00,3691.45,3690.00,3691.45,525,3198475
EICHERMOT_F1,11/10/2022,11:27:00,3691.95,3693.20,3691.95,3693.20,700,3198125
EICHERMOT_F1,11/10/2022,11:28:00,3693.10,3693.10,3692.70,3692.70,700,3198125
EICHERMOT_F1,11/10/2022,11:29:00,3692.55,3692.55,3692.30,3692.30,525,3198125
EICHERMOT_F1,11/10/2022,11:30:00,3693.40,3693.40,3693.40,3693.40,175,3198650
EICHERMOT_F1,11/10/2022,11:31:00,3690.45,3691.95,3690.15,3690.15,1225,3198650
EICHERMOT_F1,11/10/2022,11:32:00,3689.45,3690.05,3689.45,3690.05,1575,3198650
EICHERMOT_F1,11/10/2022,11:33:00,3688.15,3688.15,3683.95,3684.65,2100,3200925
EICHERMOT_F1,11/10/2022,11:34:00,3685.60,3687.35,3684.60,3684.60,1400,3200925
EICHERMOT_F1,11/10/2022,11:36:00,3684.00,3684.00,3681.85,3681.85,350,3202500
EICHERMOT_F1,11/10/2022,11:37:00,3681.90,3684.35,3681.90,3684.35,1225,3202500
EICHERMOT_F1,11/10/2022,11:38:00,3683.25,3683.25,3683.25,3683.25,175,3202500
EICHERMOT_F1,11/10/2022,11:39:00,3684.35,3687.05,3684.35,3687.05,2100,3201625
EICHERMOT_F1,11/10/2022,11:40:00,3686.00,3686.05,3684.30,3684.30,1575,3201625
EICHERMOT_F1,11/10/2022,11:42:00,3685.25,3686.70,3685.10,3685.10,1050,3200400
EICHERMOT_F1,11/10/2022,11:43:00,3684.00,3685.00,3684.00,3685.00,2275,3200400
EICHERMOT_F1,11/10/2022,11:44:00,3684.50,3685.50,3683.05,3683.05,2275,3200400
EICHERMOT_F1,11/10/2022,11:45:00,3685.10,3685.15,3685.10,3685.10,1225,3201100
EICHERMOT_F1,11/10/2022,11:46:00,3684.70,3685.70,3684.70,3685.70,875,3201100
EICHERMOT_F1,11/10/2022,11:47:00,3685.00,3685.00,3684.55,3684.55,350,3201100
EICHERMOT_F1,11/10/2022,11:48:00,3685.55,3685.55,3678.10,3678.10,4375,3201800
EICHERMOT_F1,11/10/2022,11:49:00,3678.00,3678.80,3678.00,3678.75,1225,3201800
EICHERMOT_F1,11/10/2022,11:50:00,3678.75,3678.75,3676.25,3676.25,1050,3201800
EICHERMOT_F1,11/10/2022,11:51:00,3675.00,3677.70,3675.00,3677.70,2100,3202675
EICHERMOT_F1,11/10/2022,11:52:00,3679.00,3681.80,3679.00,3681.80,1225,3202675
EICHERMOT_F1,11/10/2022,11:53:00,3682.70,3682.70,3682.70,3682.70,350,3202675
EICHERMOT_F1,11/10/2022,11:54:00,3681.00,3681.00,3681.00,3681.00,350,3204600
EICHERMOT_F1,11/10/2022,11:55:00,3679.40,3679.40,3679.40,3679.40,350,3204600
EICHERMOT_F1,11/10/2022,11:56:00,3677.25,3678.80,3677.25,3678.70,1750,3204600
EICHERMOT_F1,11/10/2022,11:57:00,3678.55,3678.55,3676.95,3677.90,1400,3205650
EICHERMOT_F1,11/10/2022,11:58:00,3678.55,3682.45,3678.55,3681.80,2275,3205650
EICHERMOT_F1,11/10/2022,11:59:00,3681.60,3681.60,3679.80,3680.50,875,3205650
EICHERMOT_F1,11/10/2022,12:00:00,3681.30,3681.60,3679.50,3680.00,4550,3207050
EICHERMOT_F1,11/10/2022,12:01:00,3678.00,3679.00,3676.20,3678.50,2800,3207050
EICHERMOT_F1,11/10/2022,12:02:00,3679.00,3680.00,3677.00,3677.00,2100,3207050
EICHERMOT_F1,11/10/2022,12:03:00,3678.95,3679.20,3678.95,3679.20,350,3208100
EICHERMOT_F1,11/10/2022,12:04:00,3679.60,3679.60,3675.65,3677.50,7525,3208100
EICHERMOT_F1,11/10/2022,12:05:00,3677.50,3677.55,3677.50,3677.50,1225,3208100
EICHERMOT_F1,11/10/2022,12:08:00,3678.75,3681.45,3678.75,3681.45,9275,3207400
EICHERMOT_F1,11/10/2022,12:09:00,3679.25,3679.25,3679.25,3679.25,2100,3204250
EICHERMOT_F1,11/10/2022,12:12:00,3677.10,3677.10,3676.70,3676.70,700,3203900
EICHERMOT_F1,11/10/2022,12:13:00,3675.70,3678.30,3675.70,3678.30,1750,3203900
EICHERMOT_F1,11/10/2022,12:14:00,3679.65,3679.80,3679.65,3679.80,1225,3203900
EICHERMOT_F1,11/10/2022,12:15:00,3681.00,3682.00,3680.00,3682.00,2800,3203200
EICHERMOT_F1,11/10/2022,12:16:00,3682.00,3682.00,3682.00,3682.00,700,3203200
EICHERMOT_F1,11/10/2022,12:17:00,3678.20,3680.20,3678.20,3680.20,3150,3203200
EICHERMOT_F1,11/10/2022,12:18:00,3679.55,3679.55,3679.55,3679.55,175,3206175
EICHERMOT_F1,11/10/2022,12:19:00,3679.60,3680.00,3679.60,3680.00,4200,3206175
EICHERMOT_F1,11/10/2022,12:20:00,3681.20,3682.00,3679.05,3680.00,6125,3206175
EICHERMOT_F1,11/10/2022,12:21:00,3681.00,3681.60,3677.75,3681.00,2625,3210725
EICHERMOT_F1,11/10/2022,12:22:00,3680.00,3680.00,3680.00,3680.00,350,3210725
EICHERMOT_F1,11/10/2022,12:23:00,3679.90,3680.95,3679.90,3680.95,1050,3210725
EICHERMOT_F1,11/10/2022,12:24:00,3680.00,3680.00,3680.00,3680.00,175,3210725
EICHERMOT_F1,11/10/2022,12:26:00,3675.30,3675.30,3675.25,3675.25,700,3209325
EICHERMOT_F1,11/10/2022,12:27:00,3676.00,3676.00,3676.00,3676.00,175,3208975
EICHERMOT_F1,11/10/2022,12:28:00,3675.40,3679.75,3675.40,3679.75,2450,3208975
EICHERMOT_F1,11/10/2022,12:29:00,3677.00,3677.00,3677.00,3677.00,175,3208975
EICHERMOT_F1,11/10/2022,12:30:00,3677.05,3677.05,3677.05,3677.05,350,3208275
EICHERMOT_F1,11/10/2022,12:31:00,3677.00,3677.00,3674.90,3674.90,1575,3208275
EICHERMOT_F1,11/10/2022,12:32:00,3678.25,3680.05,3678.25,3680.05,5950,3208275
EICHERMOT_F1,11/10/2022,12:33:00,3680.65,3682.00,3679.80,3679.80,2625,3205825
EICHERMOT_F1,11/10/2022,12:34:00,3679.90,3681.20,3679.90,3681.20,350,3205825
EICHERMOT_F1,11/10/2022,12:35:00,3682.25,3682.25,3682.25,3682.25,350,3205825
EICHERMOT_F1,11/10/2022,12:36:00,3680.00,3680.00,3680.00,3680.00,350,3205825
EICHERMOT_F1,11/10/2022,12:39:00,3679.25,3679.25,3676.35,3676.35,5425,3204775
EICHERMOT_F1,11/10/2022,12:40:00,3673.75,3673.75,3673.55,3673.55,6300,3204775
EICHERMOT_F1,11/10/2022,12:41:00,3673.15,3675.05,3672.00,3673.10,7350,3204775
EICHERMOT_F1,11/10/2022,12:42:00,3672.80,3672.80,3672.80,3672.80,175,3204775
EICHERMOT_F1,11/10/2022,12:43:00,3673.05,3673.05,3673.05,3673.05,175,3209150
EICHERMOT_F1,11/10/2022,12:44:00,3672.05,3672.10,3672.05,3672.10,350,3209150
EICHERMOT_F1,11/10/2022,12:45:00,3673.00,3673.00,3673.00,3673.00,525,3209150
EICHERMOT_F1,11/10/2022,12:46:00,3672.05,3672.05,3671.65,3671.65,700,3209150
EICHERMOT_F1,11/10/2022,12:47:00,3672.75,3673.00,3672.75,3673.00,350,3209150
EICHERMOT_F1,11/10/2022,12:49:00,3673.00,3673.65,3671.65,3671.65,1225,3208625
EICHERMOT_F1,11/10/2022,12:50:00,3671.60,3672.10,3671.60,3672.10,875,3208625
EICHERMOT_F1,11/10/2022,12:51:00,3670.10,3670.10,3670.10,3670.10,350,3205825
EICHERMOT_F1,11/10/2022,12:52:00,3668.45,3671.30,3667.85,3671.30,8400,3205825
EICHERMOT_F1,11/10/2022,12:53:00,3671.00,3672.00,3671.00,3672.00,2100,3205825
EICHERMOT_F1,11/10/2022,12:54:00,3673.45,3673.45,3672.05,3672.05,350,3208100
EICHERMOT_F1,11/10/2022,12:55:00,3672.20,3674.40,3672.20,3674.40,350,3208100
EICHERMOT_F1,11/10/2022,12:57:00,3675.00,3675.00,3675.00,3675.00,175,3207575
EICHERMOT_F1,11/10/2022,12:58:00,3675.00,3680.10,3675.00,3680.10,6825,3207575
EICHERMOT_F1,11/10/2022,12:59:00,3681.05,3683.70,3680.75,3680.75,3150,3207575
EICHERMOT_F1,11/10/2022,13:00:00,3681.90,3682.00,3680.05,3680.55,1925,3205650
EICHERMOT_F1,11/10/2022,13:01:00,3681.95,3681.95,3680.75,3680.75,350,3205650
EICHERMOT_F1,11/10/2022,13:02:00,3683.55,3683.55,3682.15,3682.15,350,3205650
EICHERMOT_F1,11/10/2022,13:03:00,3684.25,3685.95,3684.25,3685.05,2800,3204600
EICHERMOT_F1,11/10/2022,13:04:00,3685.95,3688.70,3685.95,3688.70,1750,3204600
EICHERMOT_F1,11/10/2022,13:05:00,3689.00,3690.70,3689.00,3690.70,525,3204600
EICHERMOT_F1,11/10/2022,13:06:00,3691.45,3693.05,3691.45,3693.05,1400,3205125
EICHERMOT_F1,11/10/2022,13:07:00,3693.00,3693.20,3693.00,3693.20,525,3205125
EICHERMOT_F1,11/10/2022,13:08:00,3688.60,3689.25,3688.60,3689.25,1925,3205125
EICHERMOT_F1,11/10/2022,13:09:00,3688.85,3688.85,3688.45,3688.45,5950,3206175
EICHERMOT_F1,11/10/2022,13:10:00,3688.70,3690.55,3688.70,3690.45,875,3206175
EICHERMOT_F1,11/10/2022,13:11:00,3689.05,3689.05,3689.05,3689.05,175,3206175
EICHERMOT_F1,11/10/2022,13:12:00,3689.05,3690.00,3689.05,3690.00,525,3208275
EICHERMOT_F1,11/10/2022,13:13:00,3685.90,3685.90,3685.90,3685.90,875,3208275
EICHERMOT_F1,11/10/2022,13:14:00,3689.90,3689.90,3689.90,3689.90,525,3208275
EICHERMOT_F1,11/10/2022,13:15:00,3690.00,3690.00,3687.35,3687.35,350,3208275
EICHERMOT_F1,11/10/2022,13:16:00,3686.05,3686.75,3686.00,3686.75,1050,3208275
EICHERMOT_F1,11/10/2022,13:17:00,3687.15,3688.35,3687.15,3688.35,525,3208275
EICHERMOT_F1,11/10/2022,13:18:00,3689.45,3691.90,3689.20,3691.90,1050,3204600
EICHERMOT_F1,11/10/2022,13:19:00,3690.50,3693.80,3690.50,3693.80,1050,3204600
EICHERMOT_F1,11/10/2022,13:20:00,3693.35,3697.65,3693.35,3696.85,2275,3204600
EICHERMOT_F1,11/10/2022,13:21:00,3697.65,3698.70,3697.65,3698.70,525,3204775
EICHERMOT_F1,11/10/2022,13:22:00,3700.00,3701.95,3700.00,3701.05,2625,3204775
EICHERMOT_F1,11/10/2022,13:23:00,3701.35,3701.35,3696.40,3699.55,2275,3204775
EICHERMOT_F1,11/10/2022,13:24:00,3699.85,3701.15,3696.80,3700.05,1925,3204775
EICHERMOT_F1,11/10/2022,13:25:00,3700.05,3700.05,3697.90,3698.55,700,3204775
EICHERMOT_F1,11/10/2022,13:26:00,3700.15,3700.15,3698.00,3698.55,1400,3204775
EICHERMOT_F1,11/10/2022,13:27:00,3699.70,3700.00,3698.00,3699.40,700,3204950
EICHERMOT_F1,11/10/2022,13:28:00,3700.10,3700.10,3700.10,3700.10,175,3204950
EICHERMOT_F1,11/10/2022,13:29:00,3699.40,3700.40,3699.40,3700.35,1225,3204950
EICHERMOT_F1,11/10/2022,13:30:00,3701.10,3701.10,3700.15,3700.15,350,3205125
EICHERMOT_F1,11/10/2022,13:31:00,3700.00,3703.40,3700.00,3702.45,4725,3205125
EICHERMOT_F1,11/10/2022,13:32:00,3702.00,3702.00,3701.65,3701.65,3325,3205125
EICHERMOT_F1,11/10/2022,13:33:00,3701.50,3702.05,3701.50,3702.05,1225,3199875
EICHERMOT_F1,11/10/2022,13:34:00,3704.05,3704.05,3700.10,3700.10,1575,3199875
EICHERMOT_F1,11/10/2022,13:35:00,3701.15,3704.50,3701.15,3704.50,3325,3199875
EICHERMOT_F1,11/10/2022,13:36:00,3704.05,3704.35,3702.55,3704.35,4725,3199000
EICHERMOT_F1,11/10/2022,13:37:00,3705.00,3705.00,3704.85,3705.00,1925,3199000
EICHERMOT_F1,11/10/2022,13:38:00,3704.90,3704.95,3704.90,3704.95,350,3199000
EICHERMOT_F1,11/10/2022,13:39:00,3703.50,3705.90,3703.50,3703.70,875,3200575
EICHERMOT_F1,11/10/2022,13:40:00,3704.00,3706.95,3704.00,3705.25,1050,3200575
EICHERMOT_F1,11/10/2022,13:41:00,3705.40,3706.00,3705.40,3706.00,350,3200575
EICHERMOT_F1,11/10/2022,13:42:00,3705.95,3705.95,3702.15,3702.15,875,3200400
EICHERMOT_F1,11/10/2022,13:43:00,3703.65,3703.65,3703.35,3703.35,525,3200400
EICHERMOT_F1,11/10/2022,13:44:00,3702.85,3703.40,3702.85,3703.40,350,3200400
EICHERMOT_F1,11/10/2022,13:46:00,3700.40,3700.40,3700.40,3700.40,175,3200925
EICHERMOT_F1,11/10/2022,13:47:00,3701.00,3701.00,3697.60,3697.60,2975,3200925
EICHERMOT_F1,11/10/2022,13:48:00,3697.90,3697.90,3697.45,3697.45,350,3200400
EICHERMOT_F1,11/10/2022,13:49:00,3696.55,3696.55,3696.30,3696.30,350,3200400
EICHERMOT_F1,11/10/2022,13:50:00,3694.65,3699.55,3694.65,3699.55,2450,3200400
EICHERMOT_F1,11/10/2022,13:53:00,3697.95,3697.95,3697.95,3697.95,175,3199175
EICHERMOT_F1,11/10/2022,13:56:00,3700.10,3700.10,3700.10,3700.10,175,3199000
EICHERMOT_F1,11/10/2022,13:57:00,3700.00,3700.00,3700.00,3700.00,175,3198125
EICHERMOT_F1,11/10/2022,14:02:00,3694.10,3703.10,3694.10,3702.25,3150,3197950
EICHERMOT_F1,11/10/2022,14:03:00,3699.00,3701.10,3699.00,3701.10,2975,3198650
EICHERMOT_F1,11/10/2022,14:04:00,3696.70,3699.20,3696.70,3699.10,875,3198650
EICHERMOT_F1,11/10/2022,14:06:00,3701.90,3702.85,3700.90,3702.35,2275,3198125
EICHERMOT_F1,11/10/2022,14:07:00,3701.00,3701.00,3701.00,3701.00,175,3198125
EICHERMOT_F1,11/10/2022,14:10:00,3701.50,3701.50,3701.50,3701.50,525,3197950
EICHERMOT_F1,11/10/2022,14:11:00,3697.90,3703.25,3697.90,3702.75,10150,3197950
EICHERMOT_F1,11/10/2022,14:13:00,3696.10,3696.10,3696.10,3696.10,175,3197950
EICHERMOT_F1,11/10/2022,14:14:00,3691.25,3693.30,3691.25,3693.30,2625,3200050
EICHERMOT_F1,11/10/2022,14:15:00,3690.00,3690.00,3678.05,3678.05,30450,3206000
EICHERMOT_F1,11/10/2022,14:16:00,3679.45,3680.20,3676.75,3679.35,2975,3206000
EICHERMOT_F1,11/10/2022,14:17:00,3680.05,3680.05,3680.00,3680.00,700,3206000
EICHERMOT_F1,11/10/2022,14:18:00,3677.40,3677.40,3672.10,3676.40,10500,3213350
EICHERMOT_F1,11/10/2022,14:20:00,3676.40,3676.40,3675.10,3676.00,2450,3213350
EICHERMOT_F1,11/10/2022,14:21:00,3673.85,3675.00,3673.35,3675.00,700,3209325
EICHERMOT_F1,11/10/2022,14:23:00,3680.90,3682.70,3680.00,3680.00,875,3209325
EICHERMOT_F1,11/10/2022,14:24:00,3682.15,3682.55,3680.85,3682.55,525,3209500
EICHERMOT_F1,11/10/2022,14:25:00,3682.55,3687.65,3682.55,3684.50,3850,3209500
EICHERMOT_F1,11/10/2022,14:26:00,3683.80,3684.75,3683.50,3684.75,875,3209500
EICHERMOT_F1,11/10/2022,14:27:00,3687.90,3688.45,3687.90,3688.45,1225,3207925
EICHERMOT_F1,11/10/2022,14:29:00,3685.80,3685.80,3685.80,3685.80,175,3207925
EICHERMOT_F1,11/10/2022,14:30:00,3685.85,3685.85,3685.85,3685.85,175,3207925
EICHERMOT_F1,11/10/2022,14:32:00,3687.50,3687.50,3685.85,3687.45,525,3207925
EICHERMOT_F1,11/10/2022,14:33:00,3687.45,3687.45,3687.00,3687.00,350,3207925
EICHERMOT_F1,11/10/2022,14:34:00,3687.65,3692.25,3686.90,3692.25,2100,3207925
EICHERMOT_F1,11/10/2022,14:35:00,3692.15,3692.25,3690.10,3690.10,875,3207925
EICHERMOT_F1,11/10/2022,14:37:00,3688.50,3688.50,3686.30,3686.30,1050,3206525
EICHERMOT_F1,11/10/2022,14:38:00,3686.00,3686.00,3685.15,3685.15,1050,3206525
EICHERMOT_F1,11/10/2022,14:39:00,3684.10,3684.10,3682.80,3682.80,350,3206525
EICHERMOT_F1,11/10/2022,14:40:00,3683.75,3684.20,3683.50,3683.50,875,3206525
EICHERMOT_F1,11/10/2022,14:41:00,3683.50,3686.10,3683.50,3686.10,700,3206525
EICHERMOT_F1,11/10/2022,14:42:00,3683.55,3685.20,3683.55,3685.20,1400,3206000
EICHERMOT_F1,11/10/2022,14:43:00,3683.80,3684.00,3683.80,3684.00,700,3206000
EICHERMOT_F1,11/10/2022,14:44:00,3685.10,3685.10,3685.10,3685.10,175,3206000
EICHERMOT_F1,11/10/2022,14:45:00,3684.95,3685.55,3684.95,3685.55,700,3206000
EICHERMOT_F1,11/10/2022,14:46:00,3684.70,3684.70,3684.00,3684.00,525,3206000
EICHERMOT_F1,11/10/2022,14:47:00,3684.15,3684.15,3678.80,3678.80,1225,3206000
EICHERMOT_F1,11/10/2022,14:48:00,3680.30,3684.00,3680.30,3683.10,3675,3206700
EICHERMOT_F1,11/10/2022,14:49:00,3681.00,3681.00,3680.10,3680.10,350,3206700
EICHERMOT_F1,11/10/2022,14:50:00,3680.05,3680.05,3679.00,3679.00,525,3206700
EICHERMOT_F1,11/10/2022,14:51:00,3678.20,3678.50,3678.20,3678.50,350,3206875
EICHERMOT_F1,11/10/2022,14:52:00,3678.60,3678.60,3678.60,3678.60,350,3206875
EICHERMOT_F1,11/10/2022,14:53:00,3682.25,3682.95,3680.10,3682.95,1050,3206875
EICHERMOT_F1,11/10/2022,14:54:00,3682.80,3684.95,3681.60,3684.95,1575,3206875
EICHERMOT_F1,11/10/2022,14:55:00,3686.25,3686.25,3684.40,3685.80,1575,3206875
EICHERMOT_F1,11/10/2022,14:56:00,3682.75,3686.10,3682.75,3686.10,1400,3206875
EICHERMOT_F1,11/10/2022,14:57:00,3686.45,3686.45,3684.65,3686.45,875,3206000
EICHERMOT_F1,11/10/2022,14:58:00,3687.15,3688.05,3684.50,3684.50,1575,3206000
EICHERMOT_F1,11/10/2022,14:59:00,3684.80,3689.40,3684.80,3689.40,1225,3206000
EICHERMOT_F1,11/10/2022,15:00:00,3689.60,3695.15,3686.85,3688.80,7175,3208100
EICHERMOT_F1,11/10/2022,15:01:00,3689.75,3691.80,3689.75,3691.80,525,3208100
EICHERMOT_F1,11/10/2022,15:02:00,3691.80,3691.80,3689.50,3691.00,3500,3208100
EICHERMOT_F1,11/10/2022,15:03:00,3692.15,3693.55,3692.15,3693.45,875,3207050
EICHERMOT_F1,11/10/2022,15:04:00,3692.85,3694.50,3691.15,3691.15,1225,3207050
EICHERMOT_F1,11/10/2022,15:05:00,3691.70,3693.75,3691.70,3693.35,1050,3207050
EICHERMOT_F1,11/10/2022,15:06:00,3693.35,3693.35,3689.90,3690.00,4200,3207575
EICHERMOT_F1,11/10/2022,15:07:00,3689.30,3691.30,3687.20,3688.95,3850,3207575
EICHERMOT_F1,11/10/2022,15:08:00,3687.60,3687.65,3684.00,3686.35,5775,3207575
EICHERMOT_F1,11/10/2022,15:09:00,3686.00,3695.20,3685.35,3695.20,8050,3209850
EICHERMOT_F1,11/10/2022,15:10:00,3692.70,3693.05,3687.70,3688.50,4375,3209850
EICHERMOT_F1,11/10/2022,15:11:00,3687.95,3687.95,3687.40,3687.40,350,3209850
EICHERMOT_F1,11/10/2022,15:12:00,3689.35,3692.25,3688.00,3691.00,4200,3210900
EICHERMOT_F1,11/10/2022,15:13:00,3692.00,3692.05,3684.55,3684.55,5775,3210900
EICHERMOT_F1,11/10/2022,15:14:00,3683.35,3687.50,3683.35,3686.80,6650,3210900
EICHERMOT_F1,11/10/2022,15:15:00,3686.75,3686.90,3684.80,3686.90,1925,3217200
EICHERMOT_F1,11/10/2022,15:16:00,3686.55,3692.95,3686.55,3690.90,2450,3217200
EICHERMOT_F1,11/10/2022,15:17:00,3690.00,3695.00,3690.00,3695.00,4025,3217200
EICHERMOT_F1,11/10/2022,15:18:00,3693.85,3696.50,3693.85,3696.00,2450,3211075
EICHERMOT_F1,11/10/2022,15:19:00,3696.75,3697.85,3695.65,3695.65,2800,3211075
EICHERMOT_F1,11/10/2022,15:20:00,3697.30,3697.30,3694.35,3696.20,4025,3211075
EICHERMOT_F1,11/10/2022,15:21:00,3696.20,3697.85,3693.75,3697.85,5600,3214400
EICHERMOT_F1,11/10/2022,15:22:00,3696.50,3699.10,3695.05,3699.10,4900,3214400
EICHERMOT_F1,11/10/2022,15:23:00,3699.00,3699.00,3694.95,3697.00,6300,3214400
EICHERMOT_F1,11/10/2022,15:24:00,3694.30,3697.80,3694.30,3696.20,5425,3219125
EICHERMOT_F1,11/10/2022,15:25:00,3696.20,3696.20,3691.75,3692.25,8575,3219125
EICHERMOT_F1,11/10/2022,15:26:00,3691.90,3695.00,3691.40,3694.00,3500,3219125
EICHERMOT_F1,11/10/2022,15:27:00,3695.00,3696.95,3693.10,3695.95,3150,3223675
EICHERMOT_F1,11/10/2022,15:28:00,3696.00,3701.50,3694.50,3701.50,4375,3223675
EICHERMOT_F1,11/10/2022,15:29:00,3702.35,3702.35,3696.45,3699.95,4025,3223675
EICHERMOT_F1,11/11/2022,09:15:00,3710.00,3730.45,3710.00,3726.55,90826,3196375
EICHERMOT_F1,11/11/2022,09:16:00,3726.90,3735.30,3690.00,3691.25,70000,3196375
EICHERMOT_F1,11/11/2022,09:17:00,3691.05,3704.50,3665.95,3699.90,58450,3242050
EICHERMOT_F1,11/11/2022,09:18:00,3700.40,3700.40,3685.30,3698.70,44625,3242050
EICHERMOT_F1,11/11/2022,09:19:00,3698.60,3698.60,3675.70,3681.55,35525,3242050
EICHERMOT_F1,11/11/2022,09:20:00,3682.10,3687.50,3662.05,3666.40,37975,3262700
EICHERMOT_F1,11/11/2022,09:21:00,3666.00,3679.85,3666.00,3675.00,18025,3262700
EICHERMOT_F1,11/11/2022,09:22:00,3675.35,3676.95,3665.70,3671.90,18900,3262700
EICHERMOT_F1,11/11/2022,09:23:00,3670.00,3672.60,3640.15,3648.00,32725,3262875
EICHERMOT_F1,11/11/2022,09:24:00,3650.00,3658.20,3621.65,3630.00,42175,3262875
EICHERMOT_F1,11/11/2022,09:25:00,3632.25,3633.20,3605.00,3611.70,71225,3262875
EICHERMOT_F1,11/11/2022,09:26:00,3608.75,3617.25,3607.45,3613.20,33775,3278975
EICHERMOT_F1,11/11/2022,09:27:00,3612.05,3614.40,3592.00,3593.50,35000,3278975
EICHERMOT_F1,11/11/2022,09:28:00,3595.40,3608.50,3593.60,3606.15,33250,3278975
EICHERMOT_F1,11/11/2022,09:29:00,3600.75,3604.05,3595.10,3604.05,22925,3302425
EICHERMOT_F1,11/11/2022,09:30:00,3600.35,3616.15,3594.05,3616.15,32550,3302425
EICHERMOT_F1,11/11/2022,09:31:00,3617.30,3628.80,3598.65,3610.60,42000,3302425
EICHERMOT_F1,11/11/2022,09:32:00,3611.10,3611.55,3605.00,3606.40,12425,3327450
EICHERMOT_F1,11/11/2022,09:33:00,3605.40,3608.55,3597.00,3597.00,22225,3327450
EICHERMOT_F1,11/11/2022,09:34:00,3598.05,3609.00,3598.05,3609.00,17325,3327450
EICHERMOT_F1,11/11/2022,09:35:00,3608.00,3614.75,3605.50,3611.00,21700,3351950
EICHERMOT_F1,11/11/2022,09:36:00,3610.60,3622.95,3610.60,3619.30,19250,3351950
EICHERMOT_F1,11/11/2022,09:37:00,3622.95,3624.55,3617.15,3624.55,11725,3351950
EICHERMOT_F1,11/11/2022,09:38:00,3623.10,3629.95,3619.50,3629.95,18900,3372075
EICHERMOT_F1,11/11/2022,09:39:00,3630.00,3641.05,3630.00,3641.00,26950,3372075
EICHERMOT_F1,11/11/2022,09:40:00,3640.95,3642.60,3634.00,3638.90,26250,3372075
EICHERMOT_F1,11/11/2022,09:41:00,3639.25,3640.15,3633.00,3636.85,17675,3392375
EICHERMOT_F1,11/11/2022,09:42:00,3636.90,3637.95,3631.00,3636.85,15050,3392375
EICHERMOT_F1,11/11/2022,09:43:00,3635.00,3636.45,3633.00,3636.45,5250,3392375
EICHERMOT_F1,11/11/2022,09:44:00,3637.00,3638.90,3635.30,3638.00,5425,3399900
EICHERMOT_F1,11/11/2022,09:45:00,3640.00,3649.75,3630.30,3630.30,23100,3399900
EICHERMOT_F1,11/11/2022,09:46:00,3630.00,3630.00,3609.45,3623.00,29575,3399900
EICHERMOT_F1,11/11/2022,09:47:00,3623.80,3630.05,3623.80,3628.00,6125,3397625
EICHERMOT_F1,11/11/2022,09:48:00,3628.00,3632.80,3623.50,3631.25,15925,3397625
EICHERMOT_F1,11/11/2022,09:49:00,3634.25,3638.20,3632.10,3637.50,32025,3397625
EICHERMOT_F1,11/11/2022,09:50:00,3634.35,3640.00,3628.00,3628.00,13125,3406725
EICHERMOT_F1,11/11/2022,09:51:00,3627.20,3627.20,3606.25,3610.00,30625,3406725
EICHERMOT_F1,11/11/2022,09:52:00,3606.90,3611.40,3606.05,3609.45,24675,3406725
EICHERMOT_F1,11/11/2022,09:53:00,3612.00,3614.10,3606.20,3613.55,9975,3437175
EICHERMOT_F1,11/11/2022,09:54:00,3610.80,3614.05,3600.40,3603.90,26775,3437175
EICHERMOT_F1,11/11/2022,09:55:00,3603.80,3614.65,3603.80,3612.80,4725,3437175
EICHERMOT_F1,11/11/2022,09:56:00,3611.45,3611.45,3603.70,3607.35,5075,3454325
EICHERMOT_F1,11/11/2022,09:57:00,3607.55,3611.55,3600.05,3600.05,9800,3454325
EICHERMOT_F1,11/11/2022,09:58:00,3600.75,3601.80,3582.50,3584.60,42875,3454325
EICHERMOT_F1,11/11/2022,09:59:00,3583.45,3586.40,3556.00,3556.75,79450,3478300
EICHERMOT_F1,11/11/2022,10:00:00,3557.90,3567.05,3551.20,3567.05,48300,3478300
EICHERMOT_F1,11/11/2022,10:01:00,3569.25,3569.25,3553.50,3553.65,25900,3478300
EICHERMOT_F1,11/11/2022,10:02:00,3552.05,3553.30,3537.35,3539.65,35350,3486700
EICHERMOT_F1,11/11/2022,10:03:00,3539.60,3558.95,3537.60,3546.50,32550,3486700
EICHERMOT_F1,11/11/2022,10:04:00,3546.85,3552.45,3536.00,3538.10,30275,3486700
EICHERMOT_F1,11/11/2022,10:05:00,3540.00,3544.80,3538.00,3539.75,22400,3494575
EICHERMOT_F1,11/11/2022,10:06:00,3542.60,3553.55,3540.85,3547.55,21700,3494575
EICHERMOT_F1,11/11/2022,10:07:00,3546.30,3552.00,3542.35,3552.00,11550,3494575
EICHERMOT_F1,11/11/2022,10:08:00,3550.05,3557.65,3550.05,3555.95,16275,3499825
EICHERMOT_F1,11/11/2022,10:09:00,3559.70,3562.75,3555.95,3560.85,11900,3499825
EICHERMOT_F1,11/11/2022,10:10:00,3561.75,3577.95,3561.75,3575.50,19950,3499825
EICHERMOT_F1,11/11/2022,10:11:00,3574.05,3576.95,3565.75,3567.70,9450,3499825
EICHERMOT_F1,11/11/2022,10:12:00,3567.00,3567.95,3561.95,3561.95,5775,3499825
EICHERMOT_F1,11/11/2022,10:13:00,3563.00,3564.65,3561.00,3563.45,8050,3499825
EICHERMOT_F1,11/11/2022,10:14:00,3561.30,3570.95,3559.85,3565.00,14000,3503325
EICHERMOT_F1,11/11/2022,10:15:00,3566.05,3582.00,3565.00,3578.55,18025,3503325
EICHERMOT_F1,11/11/2022,10:16:00,3577.10,3582.45,3574.00,3579.30,18375,3503325
EICHERMOT_F1,11/11/2022,10:17:00,3580.90,3584.20,3575.00,3575.00,16975,3503325
EICHERMOT_F1,11/11/2022,10:18:00,3572.90,3575.00,3567.90,3575.00,2625,3503325
EICHERMOT_F1,11/11/2022,10:19:00,3573.80,3573.80,3563.30,3563.85,4900,3503325
EICHERMOT_F1,11/11/2022,10:20:00,3562.85,3565.75,3555.00,3563.95,11200,3508750
EICHERMOT_F1,11/11/2022,10:21:00,3562.95,3566.95,3560.05,3562.75,3675,3508750
EICHERMOT_F1,11/11/2022,10:22:00,3565.10,3567.20,3561.80,3567.20,2800,3508750
EICHERMOT_F1,11/11/2022,10:23:00,3566.30,3567.10,3559.75,3560.00,5600,3508575
EICHERMOT_F1,11/11/2022,10:24:00,3559.40,3562.85,3558.65,3562.85,2275,3508575
EICHERMOT_F1,11/11/2022,10:25:00,3561.65,3561.90,3559.35,3560.95,3675,3508575
EICHERMOT_F1,11/11/2022,10:26:00,3561.10,3563.75,3561.10,3563.75,1575,3508575
EICHERMOT_F1,11/11/2022,10:27:00,3566.35,3574.10,3564.20,3568.55,5075,3513125
EICHERMOT_F1,11/11/2022,10:28:00,3572.55,3574.00,3571.25,3574.00,1400,3513125
EICHERMOT_F1,11/11/2022,10:29:00,3574.95,3575.90,3573.25,3574.45,5425,3516975
EICHERMOT_F1,11/11/2022,10:30:00,3573.00,3573.65,3571.20,3571.80,5600,3516975
EICHERMOT_F1,11/11/2022,10:31:00,3573.35,3577.70,3571.55,3576.25,4375,3516975
EICHERMOT_F1,11/11/2022,10:32:00,3576.40,3577.80,3569.45,3572.00,6125,3521875
EICHERMOT_F1,11/11/2022,10:33:00,3571.25,3575.95,3570.15,3575.75,8225,3521875
EICHERMOT_F1,11/11/2022,10:34:00,3574.00,3574.00,3568.05,3573.00,8225,3521875
EICHERMOT_F1,11/11/2022,10:35:00,3571.00,3573.80,3570.15,3573.00,2275,3530625
EICHERMOT_F1,11/11/2022,10:36:00,3572.80,3575.00,3572.00,3572.75,2975,3530625
EICHERMOT_F1,11/11/2022,10:37:00,3574.00,3575.00,3571.55,3575.00,5075,3530625
EICHERMOT_F1,11/11/2022,10:38:00,3573.20,3576.15,3571.25,3575.65,5075,3534300
EICHERMOT_F1,11/11/2022,10:39:00,3576.30,3576.30,3572.30,3573.55,1050,3534300
EICHERMOT_F1,11/11/2022,10:40:00,3573.65,3573.65,3567.35,3569.75,12600,3534300
EICHERMOT_F1,11/11/2022,10:41:00,3570.35,3570.95,3561.25,3562.05,15225,3548475
EICHERMOT_F1,11/11/2022,10:42:00,3562.50,3562.50,3555.10,3555.95,15750,3548475
EICHERMOT_F1,11/11/2022,10:43:00,3556.30,3558.70,3547.00,3554.35,26950,3548475
EICHERMOT_F1,11/11/2022,10:44:00,3551.55,3555.65,3550.00,3550.00,9975,3578925
EICHERMOT_F1,11/11/2022,10:45:00,3552.80,3552.80,3544.10,3549.35,23625,3578925
EICHERMOT_F1,11/11/2022,10:46:00,3551.90,3560.55,3551.20,3551.35,4725,3578925
EICHERMOT_F1,11/11/2022,10:47:00,3551.40,3553.55,3551.00,3551.75,1750,3598000
EICHERMOT_F1,11/11/2022,10:48:00,3553.40,3554.70,3551.50,3554.70,3325,3598000
EICHERMOT_F1,11/11/2022,10:49:00,3553.00,3556.35,3552.40,3555.60,1750,3598000
EICHERMOT_F1,11/11/2022,10:50:00,3554.55,3555.55,3551.00,3553.40,7000,3605525
EICHERMOT_F1,11/11/2022,10:51:00,3552.70,3554.85,3551.60,3553.20,4200,3605525
EICHERMOT_F1,11/11/2022,10:52:00,3551.05,3551.05,3547.35,3550.85,2975,3605525
EICHERMOT_F1,11/11/2022,10:53:00,3552.60,3553.75,3550.15,3552.75,3150,3594325
EICHERMOT_F1,11/11/2022,10:54:00,3552.75,3554.00,3548.00,3552.05,5775,3594325
EICHERMOT_F1,11/11/2022,10:55:00,3550.80,3553.15,3549.55,3553.15,7350,3594325
EICHERMOT_F1,11/11/2022,10:56:00,3553.40,3556.00,3552.35,3553.15,3325,3601325
EICHERMOT_F1,11/11/2022,10:57:00,3553.15,3559.95,3552.95,3559.95,5950,3601325
EICHERMOT_F1,11/11/2022,10:58:00,3560.00,3561.45,3553.20,3554.15,2975,3601325
EICHERMOT_F1,11/11/2022,10:59:00,3553.00,3553.00,3549.55,3550.70,5950,3606925
EICHERMOT_F1,11/11/2022,11:00:00,3550.50,3551.95,3547.45,3551.95,7700,3606925
EICHERMOT_F1,11/11/2022,11:01:00,3550.40,3550.90,3547.00,3548.15,6825,3606925
EICHERMOT_F1,11/11/2022,11:02:00,3548.30,3550.95,3548.30,3550.00,4550,3617075
EICHERMOT_F1,11/11/2022,11:03:00,3550.35,3554.35,3549.35,3552.40,5600,3617075
EICHERMOT_F1,11/11/2022,11:04:00,3551.15,3552.85,3549.90,3550.75,6300,3617075
EICHERMOT_F1,11/11/2022,11:05:00,3550.10,3552.35,3550.10,3552.35,2800,3624950
EICHERMOT_F1,11/11/2022,11:06:00,3551.85,3553.00,3550.00,3553.00,4375,3624950
EICHERMOT_F1,11/11/2022,11:07:00,3554.30,3560.00,3554.30,3560.00,4025,3624950
EICHERMOT_F1,11/11/2022,11:08:00,3561.55,3562.50,3558.40,3560.30,1925,3626700
EICHERMOT_F1,11/11/2022,11:09:00,3562.05,3562.05,3560.05,3561.00,6125,3626700
EICHERMOT_F1,11/11/2022,11:10:00,3561.25,3561.25,3555.75,3556.55,5425,3626700
EICHERMOT_F1,11/11/2022,11:11:00,3556.55,3569.00,3556.55,3569.00,8575,3635100
EICHERMOT_F1,11/11/2022,11:12:00,3569.25,3570.90,3565.05,3566.00,5600,3635100
EICHERMOT_F1,11/11/2022,11:13:00,3567.00,3570.00,3564.00,3567.90,5775,3635100
EICHERMOT_F1,11/11/2022,11:14:00,3565.75,3568.25,3563.30,3567.00,6475,3622325
EICHERMOT_F1,11/11/2022,11:15:00,3566.05,3566.75,3561.60,3561.60,3675,3622325
EICHERMOT_F1,11/11/2022,11:16:00,3560.75,3561.25,3557.05,3557.05,4550,3622325
EICHERMOT_F1,11/11/2022,11:17:00,3557.00,3557.00,3551.00,3551.50,5950,3627225
EICHERMOT_F1,11/11/2022,11:18:00,3551.00,3555.65,3550.05,3550.80,7000,3627225
EICHERMOT_F1,11/11/2022,11:19:00,3551.50,3554.60,3551.50,3552.75,3675,3627225
EICHERMOT_F1,11/11/2022,11:20:00,3554.05,3554.05,3551.00,3552.45,4900,3637375
EICHERMOT_F1,11/11/2022,11:21:00,3551.65,3554.55,3550.90,3551.50,6475,3637375
EICHERMOT_F1,11/11/2022,11:22:00,3551.15,3553.40,3550.05,3553.20,5075,3637375
EICHERMOT_F1,11/11/2022,11:23:00,3551.75,3552.90,3549.90,3552.00,9100,3649625
EICHERMOT_F1,11/11/2022,11:24:00,3552.00,3552.50,3548.50,3550.20,2275,3649625
EICHERMOT_F1,11/11/2022,11:25:00,3549.30,3552.15,3548.05,3552.15,3850,3649625
EICHERMOT_F1,11/11/2022,11:26:00,3552.20,3552.45,3550.80,3552.45,2450,3654525
EICHERMOT_F1,11/11/2022,11:27:00,3552.45,3552.95,3551.25,3551.25,1925,3654525
EICHERMOT_F1,11/11/2022,11:28:00,3551.80,3552.00,3550.00,3550.55,2975,3654525
EICHERMOT_F1,11/11/2022,11:29:00,3550.15,3550.15,3546.95,3549.40,5775,3658550
EICHERMOT_F1,11/11/2022,11:30:00,3546.65,3549.70,3545.15,3547.80,4550,3658550
EICHERMOT_F1,11/11/2022,11:31:00,3547.10,3550.30,3546.15,3547.70,4725,3658550
EICHERMOT_F1,11/11/2022,11:32:00,3550.15,3550.15,3548.85,3549.65,1575,3665375
EICHERMOT_F1,11/11/2022,11:33:00,3548.60,3553.70,3548.60,3553.60,3500,3665375
EICHERMOT_F1,11/11/2022,11:34:00,3551.90,3551.90,3550.00,3551.15,6475,3665375
EICHERMOT_F1,11/11/2022,11:35:00,3552.00,3552.10,3549.40,3552.10,4200,3672200
EICHERMOT_F1,11/11/2022,11:36:00,3551.60,3551.60,3547.95,3547.95,1750,3672200
EICHERMOT_F1,11/11/2022,11:37:00,3547.00,3547.05,3545.00,3545.80,5600,3672200
EICHERMOT_F1,11/11/2022,11:38:00,3545.45,3545.55,3533.55,3541.15,19600,3686725
EICHERMOT_F1,11/11/2022,11:39:00,3544.05,3544.05,3538.75,3540.85,3150,3686725
EICHERMOT_F1,11/11/2022,11:40:00,3541.35,3549.95,3541.35,3547.65,7525,3686725
EICHERMOT_F1,11/11/2022,11:41:00,3547.65,3547.85,3544.00,3545.00,3150,3686725
EICHERMOT_F1,11/11/2022,11:42:00,3544.05,3547.65,3544.05,3544.85,1225,3688475
EICHERMOT_F1,11/11/2022,11:43:00,3544.45,3546.65,3543.35,3546.55,2975,3688475
EICHERMOT_F1,11/11/2022,11:44:00,3546.60,3546.60,3543.25,3544.00,3150,3692675
EICHERMOT_F1,11/11/2022,11:45:00,3546.00,3546.25,3543.45,3543.55,2975,3692675
EICHERMOT_F1,11/11/2022,11:46:00,3543.00,3543.00,3538.65,3539.80,9275,3692675
EICHERMOT_F1,11/11/2022,11:47:00,3539.50,3542.00,3538.45,3541.55,2975,3701425
EICHERMOT_F1,11/11/2022,11:48:00,3543.25,3544.70,3541.60,3541.60,3150,3701425
EICHERMOT_F1,11/11/2022,11:49:00,3541.60,3542.10,3540.50,3540.50,1225,3701425
EICHERMOT_F1,11/11/2022,11:50:00,3541.40,3542.05,3540.65,3541.95,2275,3704575
EICHERMOT_F1,11/11/2022,11:51:00,3542.00,3544.60,3540.80,3544.60,2625,3704575
EICHERMOT_F1,11/11/2022,11:52:00,3542.95,3545.30,3542.35,3544.60,1925,3704575
EICHERMOT_F1,11/11/2022,11:53:00,3545.75,3546.00,3544.35,3546.00,1575,3704575
EICHERMOT_F1,11/11/2022,11:54:00,3545.40,3546.80,3544.50,3545.65,1750,3707550
EICHERMOT_F1,11/11/2022,11:55:00,3545.55,3545.55,3542.85,3544.55,2800,3707550
EICHERMOT_F1,11/11/2022,11:56:00,3542.70,3546.60,3542.70,3543.90,3325,3707550
EICHERMOT_F1,11/11/2022,11:57:00,3542.85,3542.85,3539.55,3539.55,3500,3712275
EICHERMOT_F1,11/11/2022,11:58:00,3539.15,3540.10,3538.35,3540.10,16275,3712275
EICHERMOT_F1,11/11/2022,11:59:00,3541.00,3541.00,3538.20,3538.35,6650,3720675
EICHERMOT_F1,11/11/2022,12:00:00,3538.55,3538.75,3530.50,3530.50,6125,3720675
EICHERMOT_F1,11/11/2022,12:01:00,3530.50,3534.95,3530.50,3532.70,6825,3720675
EICHERMOT_F1,11/11/2022,12:02:00,3533.25,3536.95,3531.10,3535.95,4725,3720675
EICHERMOT_F1,11/11/2022,12:03:00,3533.00,3533.60,3532.10,3533.60,1575,3726975
EICHERMOT_F1,11/11/2022,12:04:00,3532.50,3532.50,3515.40,3517.00,33775,3726975
EICHERMOT_F1,11/11/2022,12:05:00,3518.60,3521.25,3511.20,3515.65,22225,3731175
EICHERMOT_F1,11/11/2022,12:06:00,3514.85,3521.80,3514.85,3521.80,6125,3731175
EICHERMOT_F1,11/11/2022,12:07:00,3522.00,3526.55,3521.80,3521.80,4375,3731175
EICHERMOT_F1,11/11/2022,12:08:00,3525.60,3525.60,3518.75,3520.35,4550,3735900
EICHERMOT_F1,11/11/2022,12:09:00,3520.25,3523.80,3520.10,3522.50,4375,3735900
EICHERMOT_F1,11/11/2022,12:10:00,3523.30,3523.50,3521.05,3521.05,2100,3735900
EICHERMOT_F1,11/11/2022,12:11:00,3522.00,3522.90,3521.00,3522.90,3325,3741150
EICHERMOT_F1,11/11/2022,12:12:00,3523.55,3523.95,3522.70,3523.55,3675,3741150
EICHERMOT_F1,11/11/2022,12:13:00,3523.25,3524.95,3522.80,3524.40,4375,3741150
EICHERMOT_F1,11/11/2022,12:14:00,3524.45,3528.85,3522.10,3528.85,5250,3748675
EICHERMOT_F1,11/11/2022,12:15:00,3527.95,3527.95,3525.35,3525.65,2625,3748675
EICHERMOT_F1,11/11/2022,12:16:00,3524.35,3525.40,3522.65,3524.70,4550,3748675
EICHERMOT_F1,11/11/2022,12:17:00,3522.80,3522.80,3520.25,3520.25,4025,3756200
EICHERMOT_F1,11/11/2022,12:18:00,3520.05,3525.85,3520.05,3524.95,2100,3756200
EICHERMOT_F1,11/11/2022,12:19:00,3524.00,3526.25,3523.30,3523.30,3675,3756200
EICHERMOT_F1,11/11/2022,12:20:00,3524.05,3524.60,3524.05,3524.60,700,3759525
EICHERMOT_F1,11/11/2022,12:21:00,3525.30,3532.80,3524.55,3528.85,4200,3759525
EICHERMOT_F1,11/11/2022,12:22:00,3531.90,3540.55,3530.95,3539.85,12250,3759525
EICHERMOT_F1,11/11/2022,12:23:00,3538.20,3541.65,3538.05,3540.30,2800,3759525
EICHERMOT_F1,11/11/2022,12:24:00,3537.30,3537.30,3535.00,3535.00,1400,3761975
EICHERMOT_F1,11/11/2022,12:25:00,3534.20,3534.25,3531.85,3531.85,2975,3761975
EICHERMOT_F1,11/11/2022,12:26:00,3532.00,3532.00,3529.00,3529.00,1750,3763725
EICHERMOT_F1,11/11/2022,12:27:00,3528.30,3529.50,3528.30,3529.35,1225,3763725
EICHERMOT_F1,11/11/2022,12:28:00,3528.30,3528.30,3525.00,3525.50,1575,3763725
EICHERMOT_F1,11/11/2022,12:29:00,3525.55,3528.90,3524.60,3528.60,2800,3764775
EICHERMOT_F1,11/11/2022,12:30:00,3527.00,3527.85,3525.60,3525.70,1050,3764775
EICHERMOT_F1,11/11/2022,12:31:00,3526.85,3527.60,3525.60,3526.90,1925,3764775
EICHERMOT_F1,11/11/2022,12:32:00,3527.00,3528.55,3525.80,3528.55,3500,3764775
EICHERMOT_F1,11/11/2022,12:33:00,3529.70,3531.90,3529.70,3530.00,2275,3769675
EICHERMOT_F1,11/11/2022,12:34:00,3529.50,3532.15,3529.10,3532.00,2450,3769675
EICHERMOT_F1,11/11/2022,12:35:00,3531.45,3531.45,3527.15,3527.15,1575,3769675
EICHERMOT_F1,11/11/2022,12:36:00,3528.65,3529.95,3528.65,3529.95,1925,3774400
EICHERMOT_F1,11/11/2022,12:37:00,3528.35,3529.95,3528.30,3528.30,1575,3774400
EICHERMOT_F1,11/11/2022,12:38:00,3528.35,3530.40,3528.30,3529.90,1925,3774400
EICHERMOT_F1,11/11/2022,12:39:00,3528.00,3529.50,3528.00,3528.55,1400,3777550
EICHERMOT_F1,11/11/2022,12:40:00,3529.50,3529.60,3527.65,3527.65,2450,3777550
EICHERMOT_F1,11/11/2022,12:41:00,3527.20,3530.60,3527.05,3530.60,1925,3781050
EICHERMOT_F1,11/11/2022,12:42:00,3530.30,3530.30,3529.00,3529.00,875,3781050
EICHERMOT_F1,11/11/2022,12:43:00,3527.95,3528.25,3526.45,3528.25,1575,3781050
EICHERMOT_F1,11/11/2022,12:44:00,3526.80,3528.25,3526.25,3526.55,875,3781050
EICHERMOT_F1,11/11/2022,12:45:00,3528.00,3528.25,3526.70,3528.25,1225,3783850
EICHERMOT_F1,11/11/2022,12:46:00,3527.30,3527.30,3527.25,3527.25,525,3783850
EICHERMOT_F1,11/11/2022,12:47:00,3527.30,3527.30,3525.50,3525.50,1925,3783850
EICHERMOT_F1,11/11/2022,12:48:00,3525.95,3528.75,3525.45,3528.75,2625,3786125
EICHERMOT_F1,11/11/2022,12:49:00,3528.70,3529.00,3522.20,3522.20,2975,3786125
EICHERMOT_F1,11/11/2022,12:50:00,3521.30,3521.30,3516.05,3516.25,10325,3786125
EICHERMOT_F1,11/11/2022,12:51:00,3516.50,3519.30,3516.00,3516.30,5950,3793825
EICHERMOT_F1,11/11/2022,12:52:00,3516.30,3518.50,3516.30,3517.55,3500,3793825
EICHERMOT_F1,11/11/2022,12:53:00,3516.25,3521.75,3516.25,3518.90,3150,3798725
EICHERMOT_F1,11/11/2022,12:54:00,3518.50,3518.50,3516.15,3516.15,4900,3798725
EICHERMOT_F1,11/11/2022,12:55:00,3516.30,3517.45,3513.00,3513.00,6125,3798725
EICHERMOT_F1,11/11/2022,12:56:00,3513.00,3513.65,3511.35,3512.75,3325,3798725
EICHERMOT_F1,11/11/2022,12:57:00,3511.30,3512.30,3510.50,3512.15,4725,3807650
EICHERMOT_F1,11/11/2022,12:58:00,3512.35,3514.45,3510.10,3510.10,5950,3807650
EICHERMOT_F1,11/11/2022,12:59:00,3508.70,3509.35,3502.75,3508.65,23275,3807650
EICHERMOT_F1,11/11/2022,13:00:00,3508.50,3508.50,3503.40,3503.45,8225,3820775
EICHERMOT_F1,11/11/2022,13:01:00,3504.30,3507.45,3504.00,3505.40,3675,3820775
EICHERMOT_F1,11/11/2022,13:02:00,3505.05,3510.40,3505.05,3509.70,4200,3820775
EICHERMOT_F1,11/11/2022,13:03:00,3510.00,3510.05,3506.00,3506.00,6475,3827250
EICHERMOT_F1,11/11/2022,13:04:00,3505.00,3508.45,3504.00,3507.70,5425,3827250
EICHERMOT_F1,11/11/2022,13:05:00,3507.40,3508.80,3507.15,3507.90,1575,3827250
EICHERMOT_F1,11/11/2022,13:06:00,3507.85,3508.50,3504.70,3507.45,2800,3835125
EICHERMOT_F1,11/11/2022,13:07:00,3507.45,3509.90,3507.05,3508.05,2275,3835125
EICHERMOT_F1,11/11/2022,13:08:00,3509.75,3513.70,3508.45,3509.00,4725,3835125
EICHERMOT_F1,11/11/2022,13:09:00,3510.00,3511.70,3508.70,3508.70,4375,3837750
EICHERMOT_F1,11/11/2022,13:10:00,3509.80,3510.00,3507.25,3508.00,13125,3837750
EICHERMOT_F1,11/11/2022,13:11:00,3508.05,3510.20,3508.00,3509.00,5425,3837750
EICHERMOT_F1,11/11/2022,13:12:00,3509.00,3509.85,3505.80,3507.20,14875,3852975
EICHERMOT_F1,11/11/2022,13:13:00,3508.65,3508.65,3506.05,3506.05,3500,3852975
EICHERMOT_F1,11/11/2022,13:14:00,3506.00,3507.60,3503.60,3504.00,4375,3852975
EICHERMOT_F1,11/11/2022,13:15:00,3506.80,3506.80,3504.00,3505.10,3675,3866100
EICHERMOT_F1,11/11/2022,13:16:00,3503.65,3504.50,3502.25,3502.55,13125,3866100
EICHERMOT_F1,11/11/2022,13:17:00,3505.10,3505.10,3502.20,3504.00,3325,3866100
EICHERMOT_F1,11/11/2022,13:18:00,3504.00,3505.65,3503.00,3503.55,4200,3871875
EICHERMOT_F1,11/11/2022,13:19:00,3503.00,3505.15,3501.55,3501.55,3850,3871875
EICHERMOT_F1,11/11/2022,13:20:00,3501.20,3502.50,3495.45,3495.45,11550,3871875
EICHERMOT_F1,11/11/2022,13:21:00,3495.45,3497.15,3493.20,3496.15,12950,3878350
EICHERMOT_F1,11/11/2022,13:22:00,3497.95,3501.00,3495.05,3501.00,8575,3878350
EICHERMOT_F1,11/11/2022,13:23:00,3501.00,3501.00,3497.85,3499.10,4375,3878350
EICHERMOT_F1,11/11/2022,13:24:00,3499.45,3500.10,3497.70,3498.50,3850,3882025
EICHERMOT_F1,11/11/2022,13:25:00,3498.30,3499.30,3497.55,3498.75,2275,3882025
EICHERMOT_F1,11/11/2022,13:26:00,3498.35,3509.00,3497.55,3507.95,21350,3882025
EICHERMOT_F1,11/11/2022,13:27:00,3504.20,3515.40,3504.20,3512.15,23275,3881850
EICHERMOT_F1,11/11/2022,13:28:00,3515.00,3525.45,3513.65,3521.90,43750,3881850
EICHERMOT_F1,11/11/2022,13:29:00,3521.45,3522.80,3516.50,3516.50,10675,3881850
EICHERMOT_F1,11/11/2022,13:30:00,3516.50,3516.50,3510.70,3510.70,6650,3873625
EICHERMOT_F1,11/11/2022,13:31:00,3511.40,3512.50,3509.25,3509.25,1575,3873625
EICHERMOT_F1,11/11/2022,13:32:00,3510.85,3510.85,3506.35,3506.35,2100,3873625
EICHERMOT_F1,11/11/2022,13:33:00,3508.60,3508.60,3506.75,3508.30,1925,3877475
EICHERMOT_F1,11/11/2022,13:34:00,3506.75,3508.70,3504.10,3504.10,1750,3877475
EICHERMOT_F1,11/11/2022,13:35:00,3503.00,3505.25,3502.65,3505.25,1925,3877475
EICHERMOT_F1,11/11/2022,13:36:00,3503.15,3504.95,3503.15,3504.95,875,3880275
EICHERMOT_F1,11/11/2022,13:37:00,3504.10,3504.90,3503.25,3504.90,1925,3880275
EICHERMOT_F1,11/11/2022,13:38:00,3504.00,3504.95,3504.00,3504.95,1050,3880275
EICHERMOT_F1,11/11/2022,13:39:00,3504.00,3505.00,3502.70,3503.60,1750,3882550
EICHERMOT_F1,11/11/2022,13:40:00,3502.70,3507.25,3502.70,3504.90,4375,3882550
EICHERMOT_F1,11/11/2022,13:41:00,3504.05,3507.55,3504.05,3505.90,2275,3882550
EICHERMOT_F1,11/11/2022,13:42:00,3507.05,3508.30,3507.05,3508.05,2625,3886925
EICHERMOT_F1,11/11/2022,13:43:00,3505.45,3507.05,3503.30,3503.35,2800,3886925
EICHERMOT_F1,11/11/2022,13:44:00,3503.30,3504.35,3502.50,3503.75,3850,3886925
EICHERMOT_F1,11/11/2022,13:45:00,3504.00,3504.00,3501.15,3501.15,3325,3885350
EICHERMOT_F1,11/11/2022,13:46:00,3502.35,3505.65,3502.05,3503.75,3150,3885350
EICHERMOT_F1,11/11/2022,13:47:00,3503.50,3506.05,3503.50,3503.50,1575,3885350
EICHERMOT_F1,11/11/2022,13:48:00,3504.40,3505.65,3504.10,3505.60,1050,3888675
EICHERMOT_F1,11/11/2022,13:49:00,3504.05,3507.00,3504.05,3505.90,3850,3888675
EICHERMOT_F1,11/11/2022,13:50:00,3504.00,3505.20,3502.20,3502.20,2450,3888675
EICHERMOT_F1,11/11/2022,13:51:00,3503.60,3503.80,3499.35,3499.35,7350,3893225
EICHERMOT_F1,11/11/2022,13:52:00,3501.20,3504.00,3500.35,3500.35,3325,3893225
EICHERMOT_F1,11/11/2022,13:53:00,3500.60,3503.35,3498.95,3502.95,2275,3893225
EICHERMOT_F1,11/11/2022,13:54:00,3500.95,3502.90,3500.95,3501.80,1750,3895850
EICHERMOT_F1,11/11/2022,13:55:00,3502.65,3505.80,3501.40,3505.45,3325,3895850
EICHERMOT_F1,11/11/2022,13:56:00,3505.00,3505.00,3503.85,3503.85,3325,3895850
EICHERMOT_F1,11/11/2022,13:57:00,3504.65,3504.65,3502.75,3504.15,1575,3899525
EICHERMOT_F1,11/11/2022,13:58:00,3506.05,3511.85,3506.05,3511.85,3500,3899525
EICHERMOT_F1,11/11/2022,13:59:00,3511.20,3511.90,3509.25,3509.85,2800,3899525
EICHERMOT_F1,11/11/2022,14:00:00,3510.80,3513.95,3509.20,3513.95,4900,3901625
EICHERMOT_F1,11/11/2022,14:01:00,3513.90,3513.90,3509.00,3509.00,6825,3901625
EICHERMOT_F1,11/11/2022,14:02:00,3510.10,3510.95,3509.35,3509.35,1925,3901625
EICHERMOT_F1,11/11/2022,14:03:00,3508.25,3508.25,3507.55,3507.55,875,3904250
EICHERMOT_F1,11/11/2022,14:04:00,3508.90,3511.10,3508.40,3509.35,5425,3904250
EICHERMOT_F1,11/11/2022,14:05:00,3509.10,3511.95,3509.10,3511.10,2100,3904250
EICHERMOT_F1,11/11/2022,14:06:00,3509.50,3510.35,3508.00,3508.00,2100,3907750
EICHERMOT_F1,11/11/2022,14:07:00,3509.80,3511.05,3508.00,3510.70,1225,3907750
EICHERMOT_F1,11/11/2022,14:08:00,3509.90,3511.10,3509.90,3510.20,1225,3907750
EICHERMOT_F1,11/11/2022,14:09:00,3510.50,3511.00,3509.15,3510.40,2975,3910025
EICHERMOT_F1,11/11/2022,14:10:00,3508.65,3510.60,3507.55,3508.10,3500,3910025
EICHERMOT_F1,11/11/2022,14:11:00,3509.05,3515.45,3508.35,3515.15,5425,3910025
EICHERMOT_F1,11/11/2022,14:12:00,3514.25,3522.80,3513.30,3522.80,18550,3913700
EICHERMOT_F1,11/11/2022,14:13:00,3521.70,3523.70,3519.05,3519.95,7875,3913700
EICHERMOT_F1,11/11/2022,14:14:00,3517.85,3520.95,3517.00,3519.90,2100,3913700
EICHERMOT_F1,11/11/2022,14:15:00,3519.90,3519.90,3517.50,3517.55,1750,3903725
EICHERMOT_F1,11/11/2022,14:16:00,3516.65,3517.65,3516.20,3517.00,700,3903725
EICHERMOT_F1,11/11/2022,14:17:00,3517.65,3518.35,3514.25,3514.25,5600,3903725
EICHERMOT_F1,11/11/2022,14:18:00,3513.55,3513.75,3511.75,3512.75,1925,3905125
EICHERMOT_F1,11/11/2022,14:19:00,3512.30,3514.40,3510.25,3510.25,4725,3905125
EICHERMOT_F1,11/11/2022,14:20:00,3510.15,3510.60,3507.00,3507.00,4025,3905125
EICHERMOT_F1,11/11/2022,14:21:00,3508.00,3510.35,3501.30,3504.10,16450,3908625
EICHERMOT_F1,11/11/2022,14:22:00,3504.15,3507.60,3504.15,3507.60,8575,3908625
EICHERMOT_F1,11/11/2022,14:23:00,3506.85,3509.45,3506.05,3509.45,3675,3908625
EICHERMOT_F1,11/11/2022,14:24:00,3508.65,3508.65,3503.90,3503.90,1400,3910725
EICHERMOT_F1,11/11/2022,14:25:00,3504.40,3505.50,3504.40,3505.50,525,3910725
EICHERMOT_F1,11/11/2022,14:26:00,3504.70,3506.90,3503.90,3506.90,1400,3910725
EICHERMOT_F1,11/11/2022,14:27:00,3504.90,3506.45,3504.35,3505.85,3150,3908975
EICHERMOT_F1,11/11/2022,14:28:00,3505.80,3508.50,3504.05,3508.50,3850,3908975
EICHERMOT_F1,11/11/2022,14:29:00,3508.50,3509.85,3508.50,3509.85,5075,3908975
EICHERMOT_F1,11/11/2022,14:30:00,3507.10,3511.80,3506.00,3511.55,10675,3915975
EICHERMOT_F1,11/11/2022,14:31:00,3510.00,3510.55,3508.00,3510.55,3500,3915975
EICHERMOT_F1,11/11/2022,14:32:00,3510.00,3511.25,3510.00,3511.00,2275,3915975
EICHERMOT_F1,11/11/2022,14:33:00,3511.00,3513.60,3510.65,3513.60,2800,3927350
EICHERMOT_F1,11/11/2022,14:34:00,3515.40,3515.40,3511.70,3511.75,700,3927350
EICHERMOT_F1,11/11/2022,14:35:00,3510.70,3510.70,3506.85,3508.50,3325,3927350
EICHERMOT_F1,11/11/2022,14:36:00,3509.35,3509.90,3509.05,3509.70,1225,3930675
EICHERMOT_F1,11/11/2022,14:37:00,3509.15,3512.20,3507.05,3509.80,4025,3930675
EICHERMOT_F1,11/11/2022,14:38:00,3509.35,3510.30,3509.30,3509.50,1400,3930675
EICHERMOT_F1,11/11/2022,14:39:00,3508.10,3512.30,3508.10,3511.50,5775,3935925
EICHERMOT_F1,11/11/2022,14:40:00,3508.85,3512.20,3508.85,3512.20,1575,3935925
EICHERMOT_F1,11/11/2022,14:41:00,3512.25,3513.20,3509.00,3512.95,8575,3935925
EICHERMOT_F1,11/11/2022,14:42:00,3512.95,3512.95,3510.00,3512.65,3675,3941175
EICHERMOT_F1,11/11/2022,14:43:00,3511.55,3512.25,3509.95,3512.00,5075,3941175
EICHERMOT_F1,11/11/2022,14:44:00,3510.50,3511.40,3509.50,3511.10,2800,3941175
EICHERMOT_F1,11/11/2022,14:45:00,3511.95,3511.95,3508.70,3509.70,5075,3948700
EICHERMOT_F1,11/11/2022,14:46:00,3508.95,3509.95,3507.70,3509.80,5425,3948700
EICHERMOT_F1,11/11/2022,14:47:00,3507.55,3508.25,3506.05,3507.15,5075,3948700
EICHERMOT_F1,11/11/2022,14:48:00,3505.15,3510.15,3505.15,3507.50,10150,3959375
EICHERMOT_F1,11/11/2022,14:49:00,3510.00,3511.00,3508.40,3508.50,3500,3959375
EICHERMOT_F1,11/11/2022,14:50:00,3511.25,3511.25,3508.15,3509.40,3850,3959375
EICHERMOT_F1,11/11/2022,14:51:00,3509.95,3512.05,3509.05,3509.90,11200,3963750
EICHERMOT_F1,11/11/2022,14:52:00,3509.00,3513.95,3509.00,3512.50,5075,3963750
EICHERMOT_F1,11/11/2022,14:53:00,3512.80,3531.70,3512.80,3520.90,30800,3963750
EICHERMOT_F1,11/11/2022,14:54:00,3520.00,3522.80,3517.45,3518.95,7000,3979850
EICHERMOT_F1,11/11/2022,14:55:00,3517.70,3518.75,3513.55,3513.55,3500,3979850
EICHERMOT_F1,11/11/2022,14:56:00,3514.00,3519.95,3513.10,3515.80,13825,3979850
EICHERMOT_F1,11/11/2022,14:57:00,3514.50,3515.05,3508.45,3508.45,8400,3984575
EICHERMOT_F1,11/11/2022,14:58:00,3509.35,3513.10,3507.45,3507.45,8925,3984575
EICHERMOT_F1,11/11/2022,14:59:00,3508.00,3508.85,3506.80,3508.05,1575,3984575
EICHERMOT_F1,11/11/2022,15:00:00,3509.75,3513.45,3509.30,3511.80,8575,3991050
EICHERMOT_F1,11/11/2022,15:01:00,3515.80,3518.80,3514.75,3516.90,10500,3991050
EICHERMOT_F1,11/11/2022,15:02:00,3516.55,3516.55,3508.00,3512.20,10500,3991050
EICHERMOT_F1,11/11/2022,15:03:00,3512.30,3514.50,3511.95,3513.70,7175,4003825
EICHERMOT_F1,11/11/2022,15:04:00,3514.15,3517.80,3514.15,3516.30,7175,4003825
EICHERMOT_F1,11/11/2022,15:05:00,3516.00,3519.95,3514.75,3518.05,14350,4003825
EICHERMOT_F1,11/11/2022,15:06:00,3516.45,3518.75,3514.35,3516.45,5600,4013800
EICHERMOT_F1,11/11/2022,15:07:00,3516.40,3516.60,3512.20,3512.50,5250,4013800
EICHERMOT_F1,11/11/2022,15:08:00,3512.40,3515.60,3512.40,3514.80,7875,4013800
EICHERMOT_F1,11/11/2022,15:09:00,3513.50,3515.00,3511.55,3514.95,7875,4020450
EICHERMOT_F1,11/11/2022,15:10:00,3515.80,3515.80,3510.15,3510.45,9625,4020450
EICHERMOT_F1,11/11/2022,15:11:00,3510.00,3510.05,3508.15,3510.05,7700,4020450
EICHERMOT_F1,11/11/2022,15:12:00,3510.80,3510.80,3506.40,3506.40,8575,4027450
EICHERMOT_F1,11/11/2022,15:13:00,3509.65,3510.70,3507.90,3510.00,5950,4027450
EICHERMOT_F1,11/11/2022,15:14:00,3509.95,3510.55,3507.00,3507.00,5425,4027450
EICHERMOT_F1,11/11/2022,15:15:00,3507.45,3509.25,3505.30,3505.30,14175,4032350
EICHERMOT_F1,11/11/2022,15:16:00,3505.00,3506.55,3504.10,3506.50,22050,4032350
EICHERMOT_F1,11/11/2022,15:17:00,3507.95,3509.75,3506.25,3506.80,18550,4032350
EICHERMOT_F1,11/11/2022,15:18:00,3505.90,3508.45,3505.65,3507.20,10500,4034100
EICHERMOT_F1,11/11/2022,15:19:00,3507.80,3509.60,3505.00,3506.00,14175,4034100
EICHERMOT_F1,11/11/2022,15:20:00,3507.30,3507.30,3503.00,3503.15,27825,4034100
EICHERMOT_F1,11/11/2022,15:21:00,3503.20,3507.60,3503.05,3505.00,16450,4042675
EICHERMOT_F1,11/11/2022,15:22:00,3506.20,3506.70,3503.25,3503.55,8400,4042675
EICHERMOT_F1,11/11/2022,15:23:00,3505.00,3506.85,3502.30,3504.35,8925,4042675
EICHERMOT_F1,11/11/2022,15:24:00,3504.85,3506.50,3502.25,3503.60,13300,4047400
EICHERMOT_F1,11/11/2022,15:25:00,3503.90,3504.55,3499.65,3499.65,21000,4047400
EICHERMOT_F1,11/11/2022,15:26:00,3500.65,3503.55,3499.90,3502.65,12600,4047400
EICHERMOT_F1,11/11/2022,15:27:00,3502.65,3503.00,3501.20,3502.00,9450,4065950
EICHERMOT_F1,11/11/2022,15:28:00,3502.05,3506.00,3501.25,3504.90,20125,4065950
EICHERMOT_F1,11/11/2022,15:29:00,3504.00,3508.00,3504.00,3505.05,15925,4065950
EICHERMOT_F1,11/14/2022,09:15:00,3519.00,3537.45,3510.05,3535.00,20476,3891125
EICHERMOT_F1,11/14/2022,09:16:00,3533.05,3533.05,3522.70,3526.95,18200,3891125
EICHERMOT_F1,11/14/2022,09:17:00,3524.40,3524.85,3503.65,3513.20,22925,3899350
EICHERMOT_F1,11/14/2022,09:18:00,3515.70,3519.90,3502.80,3519.90,12600,3899350
EICHERMOT_F1,11/14/2022,09:19:00,3519.00,3534.60,3517.15,3529.55,21875,3899350
EICHERMOT_F1,11/14/2022,09:20:00,3529.55,3548.35,3529.55,3536.00,36400,3910025
EICHERMOT_F1,11/14/2022,09:21:00,3536.05,3539.90,3516.25,3518.10,19075,3910025
EICHERMOT_F1,11/14/2022,09:22:00,3520.00,3523.00,3504.40,3510.05,11725,3910025
EICHERMOT_F1,11/14/2022,09:23:00,3510.30,3514.25,3506.80,3508.30,7700,3910375
EICHERMOT_F1,11/14/2022,09:24:00,3509.00,3513.95,3506.00,3507.10,6475,3910375
EICHERMOT_F1,11/14/2022,09:25:00,3506.60,3508.80,3486.00,3499.85,22400,3910375
EICHERMOT_F1,11/14/2022,09:26:00,3498.55,3520.10,3497.15,3513.40,15925,3914925
EICHERMOT_F1,11/14/2022,09:27:00,3516.10,3518.40,3512.00,3512.75,7350,3914925
EICHERMOT_F1,11/14/2022,09:28:00,3515.25,3520.00,3515.25,3515.30,3675,3914925
EICHERMOT_F1,11/14/2022,09:29:00,3515.05,3516.80,3507.50,3507.50,3325,3908450
EICHERMOT_F1,11/14/2022,09:30:00,3507.85,3512.10,3502.90,3507.30,5075,3908450
EICHERMOT_F1,11/14/2022,09:31:00,3507.45,3510.00,3503.95,3503.95,2975,3908450
EICHERMOT_F1,11/14/2022,09:32:00,3504.10,3510.75,3500.30,3504.70,5950,3905475
EICHERMOT_F1,11/14/2022,09:33:00,3505.65,3509.60,3505.40,3509.00,3850,3905475
EICHERMOT_F1,11/14/2022,09:34:00,3509.40,3510.55,3509.05,3509.80,2275,3905475
EICHERMOT_F1,11/14/2022,09:35:00,3511.65,3511.65,3507.00,3509.35,2975,3903375
EICHERMOT_F1,11/14/2022,09:36:00,3508.75,3512.30,3508.75,3511.90,2450,3903375
EICHERMOT_F1,11/14/2022,09:37:00,3513.15,3514.85,3508.30,3508.30,4550,3903375
EICHERMOT_F1,11/14/2022,09:38:00,3507.00,3512.30,3507.00,3512.30,1400,3903375
EICHERMOT_F1,11/14/2022,09:39:00,3513.95,3515.00,3510.50,3510.50,3150,3902850
EICHERMOT_F1,11/14/2022,09:40:00,3511.90,3512.35,3510.45,3512.00,1400,3902850
EICHERMOT_F1,11/14/2022,09:41:00,3512.00,3514.45,3512.00,3514.45,875,3902850
EICHERMOT_F1,11/14/2022,09:42:00,3512.60,3514.25,3511.00,3514.25,1925,3901975
EICHERMOT_F1,11/14/2022,09:43:00,3515.15,3515.35,3513.00,3515.35,1225,3901975
EICHERMOT_F1,11/14/2022,09:44:00,3512.45,3514.65,3512.45,3514.65,1050,3901975
EICHERMOT_F1,11/14/2022,09:45:00,3513.30,3514.05,3510.20,3514.05,1050,3901975
EICHERMOT_F1,11/14/2022,09:46:00,3513.10,3515.70,3513.10,3515.70,1575,3901975
EICHERMOT_F1,11/14/2022,09:47:00,3516.25,3517.80,3513.75,3514.60,3500,3903200
EICHERMOT_F1,11/14/2022,09:48:00,3513.85,3517.50,3513.85,3514.35,1750,3903200
EICHERMOT_F1,11/14/2022,09:49:00,3514.20,3517.45,3514.20,3517.20,2100,3903200
EICHERMOT_F1,11/14/2022,09:50:00,3517.50,3518.90,3515.00,3515.00,4025,3903375
EICHERMOT_F1,11/14/2022,09:51:00,3516.00,3516.00,3510.50,3510.50,2450,3903375
EICHERMOT_F1,11/14/2022,09:52:00,3512.00,3514.00,3510.55,3514.00,1750,3903375
EICHERMOT_F1,11/14/2022,09:53:00,3515.00,3516.65,3513.15,3515.90,1400,3901100
EICHERMOT_F1,11/14/2022,09:54:00,3516.75,3519.55,3514.15,3515.50,3500,3901100
EICHERMOT_F1,11/14/2022,09:55:00,3515.00,3518.70,3515.00,3518.00,1050,3901100
EICHERMOT_F1,11/14/2022,09:56:00,3518.70,3518.70,3515.25,3515.25,1050,3900225
EICHERMOT_F1,11/14/2022,09:57:00,3516.75,3519.40,3516.75,3519.40,1225,3900225
EICHERMOT_F1,11/14/2022,09:58:00,3517.70,3519.45,3517.35,3519.45,1575,3900225
EICHERMOT_F1,11/14/2022,09:59:00,3517.15,3518.60,3516.30,3518.60,700,3899350
EICHERMOT_F1,11/14/2022,10:00:00,3517.50,3519.75,3516.50,3519.75,2100,3899350
EICHERMOT_F1,11/14/2022,10:01:00,3518.75,3518.75,3517.10,3517.10,350,3899350
EICHERMOT_F1,11/14/2022,10:02:00,3512.40,3512.40,3507.20,3507.20,5075,3901800
EICHERMOT_F1,11/14/2022,10:03:00,3509.70,3510.05,3507.30,3507.65,2450,3901800
EICHERMOT_F1,11/14/2022,10:04:00,3508.40,3510.90,3508.30,3508.30,2275,3901800
EICHERMOT_F1,11/14/2022,10:05:00,3509.40,3509.40,3506.10,3508.00,1400,3903200
EICHERMOT_F1,11/14/2022,10:06:00,3509.05,3509.05,3506.00,3506.00,1225,3903200
EICHERMOT_F1,11/14/2022,10:07:00,3505.10,3507.70,3505.10,3507.70,700,3903200
EICHERMOT_F1,11/14/2022,10:08:00,3505.60,3507.50,3505.60,3507.50,700,3903025
EICHERMOT_F1,11/14/2022,10:09:00,3505.20,3507.85,3505.20,3507.80,4725,3903025
EICHERMOT_F1,11/14/2022,10:10:00,3507.80,3509.95,3507.80,3507.95,3325,3903025
EICHERMOT_F1,11/14/2022,10:11:00,3507.95,3508.40,3507.00,3507.00,1400,3900575
EICHERMOT_F1,11/14/2022,10:12:00,3507.00,3507.00,3505.05,3505.05,1575,3900575
EICHERMOT_F1,11/14/2022,10:13:00,3505.10,3505.10,3505.00,3505.00,350,3900575
EICHERMOT_F1,11/14/2022,10:14:00,3502.10,3502.10,3497.00,3498.15,5075,3900050
EICHERMOT_F1,11/14/2022,10:15:00,3498.00,3500.00,3497.40,3499.70,2800,3900050
EICHERMOT_F1,11/14/2022,10:16:00,3501.00,3501.85,3501.00,3501.55,875,3900050
EICHERMOT_F1,11/14/2022,10:17:00,3501.00,3502.15,3501.00,3501.55,525,3899875
EICHERMOT_F1,11/14/2022,10:18:00,3498.50,3498.50,3498.00,3498.25,1750,3899875
EICHERMOT_F1,11/14/2022,10:19:00,3497.45,3498.40,3496.40,3496.40,2275,3899875
EICHERMOT_F1,11/14/2022,10:20:00,3497.90,3498.95,3496.45,3498.95,525,3899875
EICHERMOT_F1,11/14/2022,10:21:00,3493.20,3495.10,3490.10,3490.10,7875,3899875
EICHERMOT_F1,11/14/2022,10:22:00,3493.30,3494.00,3491.30,3492.95,3675,3899875
EICHERMOT_F1,11/14/2022,10:23:00,3492.65,3493.10,3490.10,3492.85,3675,3899875
EICHERMOT_F1,11/14/2022,10:24:00,3490.40,3494.00,3490.20,3494.00,2625,3899875
EICHERMOT_F1,11/14/2022,10:25:00,3495.00,3496.45,3494.50,3496.00,2275,3899875
EICHERMOT_F1,11/14/2022,10:26:00,3495.75,3497.00,3495.75,3497.00,700,3896025
EICHERMOT_F1,11/14/2022,10:27:00,3496.20,3498.85,3496.20,3496.90,700,3896025
EICHERMOT_F1,11/14/2022,10:28:00,3496.05,3497.00,3495.10,3495.10,700,3896025
EICHERMOT_F1,11/14/2022,10:29:00,3495.00,3496.40,3494.25,3496.40,525,3895325
EICHERMOT_F1,11/14/2022,10:30:00,3495.10,3496.00,3495.10,3496.00,875,3895325
EICHERMOT_F1,11/14/2022,10:31:00,3495.15,3496.95,3495.15,3496.80,2975,3895325
EICHERMOT_F1,11/14/2022,10:32:00,3495.10,3496.85,3495.10,3496.85,700,3895675
EICHERMOT_F1,11/14/2022,10:33:00,3496.75,3496.75,3494.90,3494.90,700,3895675
EICHERMOT_F1,11/14/2022,10:34:00,3494.30,3494.30,3493.00,3493.85,700,3895675
EICHERMOT_F1,11/14/2022,10:35:00,3494.35,3494.35,3494.35,3494.35,175,3895675
EICHERMOT_F1,11/14/2022,10:36:00,3492.35,3494.30,3492.00,3494.30,1400,3895850
EICHERMOT_F1,11/14/2022,10:37:00,3494.35,3494.35,3494.00,3494.00,525,3895850
EICHERMOT_F1,11/14/2022,10:38:00,3495.00,3495.55,3494.00,3494.00,875,3896025
EICHERMOT_F1,11/14/2022,10:39:00,3493.55,3495.60,3493.25,3495.60,2100,3896025
EICHERMOT_F1,11/14/2022,10:40:00,3496.00,3496.00,3496.00,3496.00,525,3896025
EICHERMOT_F1,11/14/2022,10:41:00,3496.80,3496.80,3496.80,3496.80,175,3895850
EICHERMOT_F1,11/14/2022,10:42:00,3496.80,3497.70,3496.70,3497.45,1575,3895850
EICHERMOT_F1,11/14/2022,10:43:00,3497.85,3497.85,3497.85,3497.85,175,3895850
EICHERMOT_F1,11/14/2022,10:44:00,3496.50,3498.60,3496.50,3498.40,700,3896375
EICHERMOT_F1,11/14/2022,10:45:00,3499.00,3499.00,3499.00,3499.00,700,3896375
EICHERMOT_F1,11/14/2022,10:46:00,3496.45,3499.10,3496.45,3499.00,875,3896375
EICHERMOT_F1,11/14/2022,10:47:00,3498.95,3498.95,3494.55,3494.55,1925,3896025
EICHERMOT_F1,11/14/2022,10:48:00,3495.25,3495.25,3494.65,3494.65,875,3896025
EICHERMOT_F1,11/14/2022,10:49:00,3495.00,3495.35,3495.00,3495.35,700,3896025
EICHERMOT_F1,11/14/2022,10:50:00,3496.15,3497.75,3496.15,3497.75,525,3895850
EICHERMOT_F1,11/14/2022,10:51:00,3498.00,3504.30,3498.00,3503.10,4900,3895850
EICHERMOT_F1,11/14/2022,10:52:00,3502.55,3502.55,3500.35,3500.90,1575,3895850
EICHERMOT_F1,11/14/2022,10:53:00,3503.55,3508.25,3503.50,3508.25,3150,3896725
EICHERMOT_F1,11/14/2022,10:54:00,3509.00,3516.45,3508.75,3509.05,6125,3896725
EICHERMOT_F1,11/14/2022,10:55:00,3511.30,3511.90,3511.00,3511.90,875,3896725
EICHERMOT_F1,11/14/2022,10:56:00,3510.00,3511.60,3507.10,3508.55,1225,3900750
EICHERMOT_F1,11/14/2022,10:57:00,3508.55,3509.95,3508.55,3508.65,875,3900750
EICHERMOT_F1,11/14/2022,10:58:00,3510.00,3510.00,3507.35,3507.35,875,3900750
EICHERMOT_F1,11/14/2022,10:59:00,3510.60,3510.60,3505.75,3506.90,1225,3900575
EICHERMOT_F1,11/14/2022,11:00:00,3507.00,3507.00,3505.05,3506.05,1400,3900575
EICHERMOT_F1,11/14/2022,11:02:00,3507.65,3513.10,3507.00,3511.90,4900,3899525
EICHERMOT_F1,11/14/2022,11:03:00,3514.15,3516.00,3512.00,3512.00,4375,3899525
EICHERMOT_F1,11/14/2022,11:04:00,3512.95,3513.00,3512.95,3513.00,350,3899525
EICHERMOT_F1,11/14/2022,11:05:00,3510.00,3510.00,3510.00,3510.00,350,3899525
EICHERMOT_F1,11/14/2022,11:06:00,3510.00,3513.00,3510.00,3513.00,5425,3900050
EICHERMOT_F1,11/14/2022,11:07:00,3513.00,3513.00,3510.45,3512.05,2800,3900050
EICHERMOT_F1,11/14/2022,11:08:00,3512.00,3515.00,3512.00,3513.40,2975,3900050
EICHERMOT_F1,11/14/2022,11:09:00,3513.50,3513.50,3513.15,3513.15,350,3904775
EICHERMOT_F1,11/14/2022,11:10:00,3514.45,3514.60,3514.45,3514.60,1925,3904775
EICHERMOT_F1,11/14/2022,11:11:00,3515.00,3515.90,3513.55,3513.55,2800,3905125
EICHERMOT_F1,11/14/2022,11:12:00,3516.00,3516.30,3515.30,3515.30,700,3905125
EICHERMOT_F1,11/14/2022,11:13:00,3516.00,3516.30,3516.00,3516.30,2450,3905125
EICHERMOT_F1,11/14/2022,11:14:00,3516.15,3516.15,3514.70,3515.75,4200,3905125
EICHERMOT_F1,11/14/2022,11:15:00,3514.70,3514.70,3514.70,3514.70,1225,3905300
EICHERMOT_F1,11/14/2022,11:16:00,3516.60,3516.60,3516.60,3516.60,1225,3905300
EICHERMOT_F1,11/14/2022,11:17:00,3515.60,3516.95,3515.60,3516.95,525,3905125
EICHERMOT_F1,11/14/2022,11:18:00,3514.00,3514.00,3514.00,3514.00,875,3905125
EICHERMOT_F1,11/14/2022,11:19:00,3512.50,3512.50,3510.15,3510.15,1050,3905125
EICHERMOT_F1,11/14/2022,11:20:00,3510.25,3510.35,3509.65,3510.35,1225,3905125
EICHERMOT_F1,11/14/2022,11:21:00,3510.70,3510.70,3510.70,3510.70,350,3904775
EICHERMOT_F1,11/14/2022,11:22:00,3510.05,3510.55,3510.05,3510.55,875,3904775
EICHERMOT_F1,11/14/2022,11:23:00,3510.05,3510.05,3510.05,3510.05,1400,3904775
EICHERMOT_F1,11/14/2022,11:24:00,3510.15,3510.15,3510.15,3510.15,175,3903200
EICHERMOT_F1,11/14/2022,11:25:00,3512.05,3512.50,3512.00,3512.00,875,3903200
EICHERMOT_F1,11/14/2022,11:26:00,3512.00,3512.85,3511.35,3511.35,700,3903200
EICHERMOT_F1,11/14/2022,11:27:00,3513.00,3513.40,3513.00,3513.40,525,3903200
EICHERMOT_F1,11/14/2022,11:28:00,3511.35,3511.35,3511.10,3511.10,350,3903200
EICHERMOT_F1,11/14/2022,11:29:00,3509.00,3509.05,3505.60,3505.60,1750,3903900
EICHERMOT_F1,11/14/2022,11:30:00,3505.10,3508.35,3505.10,3508.35,1400,3903900
EICHERMOT_F1,11/14/2022,11:31:00,3508.40,3510.10,3508.00,3510.10,1050,3903900
EICHERMOT_F1,11/14/2022,11:32:00,3510.10,3510.10,3510.10,3510.10,175,3903900
EICHERMOT_F1,11/14/2022,11:33:00,3510.05,3512.70,3510.05,3512.70,1575,3902500
EICHERMOT_F1,11/14/2022,11:34:00,3510.00,3511.15,3510.00,3510.10,1575,3902500
EICHERMOT_F1,11/14/2022,11:35:00,3512.00,3512.00,3512.00,3512.00,175,3902500
EICHERMOT_F1,11/14/2022,11:36:00,3510.50,3511.00,3510.50,3511.00,350,3901625
EICHERMOT_F1,11/14/2022,11:37:00,3510.25,3511.95,3510.25,3511.00,525,3901625
EICHERMOT_F1,11/14/2022,11:38:00,3511.00,3511.00,3511.00,3511.00,175,3901625
EICHERMOT_F1,11/14/2022,11:39:00,3511.00,3512.95,3511.00,3512.95,525,3900925
EICHERMOT_F1,11/14/2022,11:40:00,3511.15,3511.15,3511.15,3511.15,175,3900925
EICHERMOT_F1,11/14/2022,11:41:00,3512.85,3512.85,3510.90,3510.90,350,3900925
EICHERMOT_F1,11/14/2022,11:42:00,3512.95,3512.95,3512.95,3512.95,175,3900575
EICHERMOT_F1,11/14/2022,11:43:00,3512.90,3512.90,3512.90,3512.90,175,3900575
EICHERMOT_F1,11/14/2022,11:44:00,3512.15,3512.95,3512.15,3512.95,525,3900750
EICHERMOT_F1,11/14/2022,11:45:00,3511.95,3513.15,3511.95,3513.00,2100,3900750
EICHERMOT_F1,11/14/2022,11:46:00,3513.10,3514.00,3510.70,3511.95,5425,3900750
EICHERMOT_F1,11/14/2022,11:47:00,3510.50,3512.00,3510.50,3512.00,1050,3901975
EICHERMOT_F1,11/14/2022,11:49:00,3512.00,3512.25,3509.55,3512.25,5600,3901975
EICHERMOT_F1,11/14/2022,11:50:00,3514.40,3516.35,3513.20,3516.35,2450,3903550
EICHERMOT_F1,11/14/2022,11:51:00,3517.15,3518.00,3514.80,3518.00,2275,3903550
EICHERMOT_F1,11/14/2022,11:52:00,3517.25,3517.60,3517.25,3517.60,350,3903550
EICHERMOT_F1,11/14/2022,11:53:00,3515.05,3517.75,3515.05,3516.10,3325,3903550
EICHERMOT_F1,11/14/2022,11:54:00,3515.70,3515.70,3515.30,3515.30,350,3903550
EICHERMOT_F1,11/14/2022,11:55:00,3515.15,3516.20,3514.65,3514.65,1400,3903550
EICHERMOT_F1,11/14/2022,11:56:00,3517.10,3517.50,3515.25,3515.25,875,3903550
EICHERMOT_F1,11/14/2022,11:57:00,3516.10,3517.80,3515.60,3517.80,1750,3903550
EICHERMOT_F1,11/14/2022,11:58:00,3516.80,3517.70,3515.60,3515.85,1575,3903550
EICHERMOT_F1,11/14/2022,11:59:00,3517.70,3517.70,3517.70,3517.70,175,3903550
EICHERMOT_F1,11/14/2022,12:00:00,3517.15,3517.15,3517.15,3517.15,525,3905125
EICHERMOT_F1,11/14/2022,12:01:00,3518.95,3518.95,3515.95,3517.85,1225,3905125
EICHERMOT_F1,11/14/2022,12:02:00,3516.15,3516.15,3515.50,3515.50,875,3905125
EICHERMOT_F1,11/14/2022,12:03:00,3517.20,3517.20,3517.20,3517.20,175,3904425
EICHERMOT_F1,11/14/2022,12:04:00,3515.30,3515.30,3512.55,3512.55,1750,3904425
EICHERMOT_F1,11/14/2022,12:05:00,3513.00,3514.15,3512.55,3513.00,1575,3904425
EICHERMOT_F1,11/14/2022,12:06:00,3512.40,3512.40,3511.05,3512.00,1750,3904250
EICHERMOT_F1,11/14/2022,12:07:00,3512.35,3514.80,3512.00,3513.90,5075,3904250
EICHERMOT_F1,11/14/2022,12:09:00,3510.30,3512.00,3510.30,3512.00,350,3901975
EICHERMOT_F1,11/14/2022,12:10:00,3511.00,3511.30,3510.35,3511.30,875,3901975
EICHERMOT_F1,11/14/2022,12:11:00,3510.30,3511.55,3509.95,3511.55,525,3898125
EICHERMOT_F1,11/14/2022,12:12:00,3509.90,3509.90,3509.90,3509.90,175,3898125
EICHERMOT_F1,11/14/2022,12:13:00,3510.90,3510.90,3505.90,3505.90,1400,3898125
EICHERMOT_F1,11/14/2022,12:14:00,3506.65,3506.65,3506.65,3506.65,175,3898125
EICHERMOT_F1,11/14/2022,12:15:00,3506.80,3506.80,3506.70,3506.70,1225,3898650
EICHERMOT_F1,11/14/2022,12:16:00,3506.15,3506.70,3506.15,3506.70,525,3898650
EICHERMOT_F1,11/14/2022,12:17:00,3506.25,3507.60,3506.25,3507.60,525,3898650
EICHERMOT_F1,11/14/2022,12:18:00,3507.60,3507.60,3505.20,3505.20,1400,3898825
EICHERMOT_F1,11/14/2022,12:19:00,3503.00,3504.80,3502.40,3504.05,3150,3898825
EICHERMOT_F1,11/14/2022,12:20:00,3505.50,3506.95,3505.50,3506.95,525,3898825
EICHERMOT_F1,11/14/2022,12:22:00,3508.00,3508.00,3508.00,3508.00,175,3900050
EICHERMOT_F1,11/14/2022,12:23:00,3507.10,3507.10,3504.25,3504.25,875,3900050
EICHERMOT_F1,11/14/2022,12:24:00,3505.45,3505.45,3503.40,3505.35,2100,3900050
EICHERMOT_F1,11/14/2022,12:25:00,3505.00,3505.00,3503.40,3503.40,525,3900050
EICHERMOT_F1,11/14/2022,12:26:00,3504.95,3504.95,3504.95,3504.95,175,3900050
EICHERMOT_F1,11/14/2022,12:27:00,3506.00,3509.00,3506.00,3509.00,5425,3901275
EICHERMOT_F1,11/14/2022,12:28:00,3509.05,3509.90,3509.05,3509.90,350,3901275
EICHERMOT_F1,11/14/2022,12:29:00,3509.90,3512.75,3509.90,3512.75,525,3901275
EICHERMOT_F1,11/14/2022,12:30:00,3513.30,3514.90,3513.25,3514.90,1050,3898825
EICHERMOT_F1,11/14/2022,12:31:00,3515.50,3516.30,3512.00,3512.00,2450,3898825
EICHERMOT_F1,11/14/2022,12:32:00,3513.55,3513.55,3513.55,3513.55,175,3898825
EICHERMOT_F1,11/14/2022,12:33:00,3511.80,3511.80,3511.80,3511.80,175,3897425
EICHERMOT_F1,11/14/2022,12:34:00,3513.00,3513.00,3513.00,3513.00,175,3897425
EICHERMOT_F1,11/14/2022,12:35:00,3513.25,3515.00,3513.25,3515.00,525,3897425
EICHERMOT_F1,11/14/2022,12:36:00,3515.15,3515.15,3514.65,3514.65,525,3897425
EICHERMOT_F1,11/14/2022,12:37:00,3514.50,3514.50,3513.60,3513.60,875,3897425
EICHERMOT_F1,11/14/2022,12:38:00,3515.00,3515.00,3513.80,3513.80,525,3897425
EICHERMOT_F1,11/14/2022,12:39:00,3513.00,3513.00,3513.00,3513.00,350,3896550
EICHERMOT_F1,11/14/2022,12:40:00,3512.75,3512.75,3510.25,3510.25,1050,3896550
EICHERMOT_F1,11/14/2022,12:41:00,3509.85,3509.85,3505.75,3506.65,2450,3896550
EICHERMOT_F1,11/14/2022,12:42:00,3507.45,3507.50,3505.55,3505.55,2100,3896375
EICHERMOT_F1,11/14/2022,12:44:00,3506.55,3506.55,3506.55,3506.55,175,3896375
EICHERMOT_F1,11/14/2022,12:45:00,3506.40,3506.40,3505.55,3505.55,350,3895850
EICHERMOT_F1,11/14/2022,12:46:00,3507.15,3507.15,3507.15,3507.15,175,3895850
EICHERMOT_F1,11/14/2022,12:48:00,3508.20,3509.70,3507.75,3507.75,875,3895500
EICHERMOT_F1,11/14/2022,12:49:00,3507.35,3507.35,3507.35,3507.35,175,3895500
EICHERMOT_F1,11/14/2022,12:50:00,3507.40,3507.80,3507.40,3507.80,350,3895500
EICHERMOT_F1,11/14/2022,12:51:00,3509.05,3509.05,3508.25,3508.25,525,3893925
EICHERMOT_F1,11/14/2022,12:52:00,3509.15,3509.15,3508.20,3508.20,350,3893925
EICHERMOT_F1,11/14/2022,12:53:00,3509.15,3509.15,3509.15,3509.15,175,3893925
EICHERMOT_F1,11/14/2022,12:54:00,3508.80,3509.05,3508.80,3509.05,350,3893925
EICHERMOT_F1,11/14/2022,12:55:00,3508.55,3513.95,3508.55,3513.95,5600,3893925
EICHERMOT_F1,11/14/2022,12:56:00,3512.15,3512.25,3512.15,3512.25,350,3893925
EICHERMOT_F1,11/14/2022,12:57:00,3510.55,3510.55,3510.50,3510.50,350,3895150
EICHERMOT_F1,11/14/2022,12:58:00,3512.95,3513.50,3510.75,3512.95,2275,3895150
EICHERMOT_F1,11/14/2022,12:59:00,3511.00,3511.00,3509.75,3510.75,3850,3895150
EICHERMOT_F1,11/14/2022,13:00:00,3513.80,3515.00,3513.50,3514.00,2975,3895675
EICHERMOT_F1,11/14/2022,13:01:00,3510.00,3510.00,3510.00,3510.00,175,3895675
EICHERMOT_F1,11/14/2022,13:02:00,3511.55,3511.55,3511.55,3511.55,175,3895675
EICHERMOT_F1,11/14/2022,13:03:00,3510.80,3512.00,3510.35,3512.00,700,3895850
EICHERMOT_F1,11/14/2022,13:04:00,3512.75,3512.90,3512.75,3512.90,525,3895850
EICHERMOT_F1,11/14/2022,13:06:00,3514.05,3515.00,3513.85,3513.85,2450,3895150
EICHERMOT_F1,11/14/2022,13:07:00,3513.15,3513.55,3513.15,3513.55,875,3895150
EICHERMOT_F1,11/14/2022,13:08:00,3514.90,3514.95,3514.10,3514.95,1050,3895150
EICHERMOT_F1,11/14/2022,13:09:00,3512.10,3513.15,3512.10,3513.15,1925,3892350
EICHERMOT_F1,11/14/2022,13:10:00,3514.00,3514.60,3514.00,3514.60,350,3892350
EICHERMOT_F1,11/14/2022,13:11:00,3513.45,3513.45,3512.15,3512.15,875,3892350
EICHERMOT_F1,11/14/2022,13:12:00,3512.50,3514.05,3512.50,3514.05,525,3890950
EICHERMOT_F1,11/14/2022,13:14:00,3510.55,3512.60,3510.40,3512.60,1575,3890950
EICHERMOT_F1,11/14/2022,13:15:00,3510.05,3510.05,3510.00,3510.00,350,3891300
EICHERMOT_F1,11/14/2022,13:16:00,3509.75,3509.75,3509.15,3509.15,875,3891300
EICHERMOT_F1,11/14/2022,13:17:00,3509.00,3509.00,3504.85,3504.85,2800,3891300
EICHERMOT_F1,11/14/2022,13:18:00,3508.40,3508.40,3504.65,3504.85,1400,3892175
EICHERMOT_F1,11/14/2022,13:19:00,3505.05,3505.05,3504.85,3504.85,700,3892175
EICHERMOT_F1,11/14/2022,13:20:00,3505.00,3505.85,3503.50,3503.50,700,3892175
EICHERMOT_F1,11/14/2022,13:21:00,3503.55,3504.90,3503.55,3504.90,525,3892175
EICHERMOT_F1,11/14/2022,13:22:00,3504.75,3504.75,3504.00,3504.00,525,3892175
EICHERMOT_F1,11/14/2022,13:23:00,3504.55,3506.25,3504.55,3505.05,2800,3892175
EICHERMOT_F1,11/14/2022,13:24:00,3504.50,3505.90,3504.00,3505.90,1575,3894275
EICHERMOT_F1,11/14/2022,13:25:00,3506.35,3506.35,3504.55,3506.00,1225,3894275
EICHERMOT_F1,11/14/2022,13:26:00,3505.85,3505.85,3504.50,3504.50,350,3894275
EICHERMOT_F1,11/14/2022,13:27:00,3504.45,3504.95,3504.45,3504.95,525,3894450
EICHERMOT_F1,11/14/2022,13:28:00,3504.40,3504.40,3503.60,3503.60,350,3894450
EICHERMOT_F1,11/14/2022,13:29:00,3505.05,3506.15,3505.00,3505.45,2100,3894450
EICHERMOT_F1,11/14/2022,13:30:00,3504.50,3506.50,3504.50,3506.50,525,3894450
EICHERMOT_F1,11/14/2022,13:31:00,3507.90,3507.90,3507.10,3507.10,350,3894450
EICHERMOT_F1,11/14/2022,13:32:00,3507.15,3507.15,3505.55,3505.55,1225,3894450
EICHERMOT_F1,11/14/2022,13:34:00,3505.05,3505.55,3505.05,3505.55,700,3895150
EICHERMOT_F1,11/14/2022,13:36:00,3505.55,3505.75,3504.30,3504.50,875,3895675
EICHERMOT_F1,11/14/2022,13:38:00,3506.00,3506.00,3506.00,3506.00,175,3895675
EICHERMOT_F1,11/14/2022,13:39:00,3504.70,3504.70,3503.55,3503.55,700,3895325
EICHERMOT_F1,11/14/2022,13:40:00,3504.50,3504.50,3504.50,3504.50,175,3895325
EICHERMOT_F1,11/14/2022,13:41:00,3503.85,3504.00,3503.35,3504.00,700,3895325
EICHERMOT_F1,11/14/2022,13:42:00,3504.10,3504.10,3503.85,3504.10,1050,3894625
EICHERMOT_F1,11/14/2022,13:43:00,3505.45,3505.50,3505.45,3505.50,350,3894625
EICHERMOT_F1,11/14/2022,13:44:00,3505.65,3505.65,3504.45,3504.45,1225,3894625
EICHERMOT_F1,11/14/2022,13:45:00,3504.00,3505.70,3504.00,3505.70,1575,3894275
EICHERMOT_F1,11/14/2022,13:46:00,3504.10,3504.50,3499.55,3500.85,8400,3894275
EICHERMOT_F1,11/14/2022,13:47:00,3501.10,3501.75,3501.10,3501.75,350,3894275
EICHERMOT_F1,11/14/2022,13:48:00,3503.20,3503.20,3503.20,3503.20,175,3889900
EICHERMOT_F1,11/14/2022,13:49:00,3503.20,3503.40,3500.50,3502.00,3325,3889900
EICHERMOT_F1,11/14/2022,13:50:00,3501.95,3502.30,3500.05,3500.05,2800,3889900
EICHERMOT_F1,11/14/2022,13:51:00,3500.35,3500.35,3500.00,3500.00,1050,3892000
EICHERMOT_F1,11/14/2022,13:52:00,3500.00,3500.00,3498.45,3498.45,1400,3892000
EICHERMOT_F1,11/14/2022,13:53:00,3498.10,3498.10,3498.05,3498.05,700,3892000
EICHERMOT_F1,11/14/2022,13:54:00,3498.05,3498.95,3498.05,3498.95,875,3891475
EICHERMOT_F1,11/14/2022,13:55:00,3498.05,3498.05,3494.30,3494.30,2625,3891475
EICHERMOT_F1,11/14/2022,13:56:00,3497.10,3499.50,3497.10,3499.50,1575,3891475
EICHERMOT_F1,11/14/2022,13:57:00,3500.00,3500.30,3498.45,3498.60,1750,3891475
EICHERMOT_F1,11/14/2022,13:58:00,3497.60,3498.00,3497.60,3498.00,875,3891475
EICHERMOT_F1,11/14/2022,14:00:00,3498.30,3499.00,3497.80,3499.00,875,3890775
EICHERMOT_F1,11/14/2022,14:01:00,3497.70,3497.70,3497.70,3497.70,175,3890775
EICHERMOT_F1,11/14/2022,14:02:00,3497.50,3497.75,3496.75,3497.75,1400,3890775
EICHERMOT_F1,11/14/2022,14:03:00,3497.50,3497.50,3497.50,3497.50,175,3890425
EICHERMOT_F1,11/14/2022,14:04:00,3494.00,3498.40,3494.00,3498.40,7000,3890425
EICHERMOT_F1,11/14/2022,14:05:00,3497.00,3497.00,3497.00,3497.00,350,3890425
EICHERMOT_F1,11/14/2022,14:06:00,3497.80,3497.80,3497.80,3497.80,700,3888500
EICHERMOT_F1,11/14/2022,14:07:00,3496.50,3497.80,3496.50,3497.80,700,3888500
EICHERMOT_F1,11/14/2022,14:08:00,3497.10,3500.00,3497.10,3500.00,2625,3888500
EICHERMOT_F1,11/14/2022,14:09:00,3499.60,3500.15,3499.00,3499.00,2975,3888150
EICHERMOT_F1,11/14/2022,14:10:00,3499.10,3500.00,3498.70,3498.70,2975,3888150
EICHERMOT_F1,11/14/2022,14:11:00,3497.60,3497.60,3496.75,3497.15,700,3888150
EICHERMOT_F1,11/14/2022,14:12:00,3496.90,3496.90,3495.55,3495.55,875,3891125
EICHERMOT_F1,11/14/2022,14:13:00,3495.00,3495.60,3495.00,3495.20,1050,3891125
EICHERMOT_F1,11/14/2022,14:14:00,3495.75,3497.55,3495.55,3497.55,1400,3891125
EICHERMOT_F1,11/14/2022,14:15:00,3497.55,3497.55,3495.90,3497.00,1225,3890600
EICHERMOT_F1,11/14/2022,14:16:00,3498.00,3498.00,3496.20,3497.95,700,3890600
EICHERMOT_F1,11/14/2022,14:17:00,3498.10,3498.10,3498.00,3498.00,350,3890600
EICHERMOT_F1,11/14/2022,14:18:00,3497.00,3498.10,3496.20,3498.10,2275,3890950
EICHERMOT_F1,11/14/2022,14:19:00,3497.00,3497.00,3497.00,3497.00,175,3890950
EICHERMOT_F1,11/14/2022,14:20:00,3497.10,3497.10,3497.05,3497.05,350,3890950
EICHERMOT_F1,11/14/2022,14:21:00,3498.65,3498.65,3497.20,3497.25,525,3890950
EICHERMOT_F1,11/14/2022,14:22:00,3497.00,3497.80,3497.00,3497.80,1400,3890775
EICHERMOT_F1,11/14/2022,14:23:00,3497.00,3498.10,3494.50,3495.15,5950,3890775
EICHERMOT_F1,11/14/2022,14:24:00,3495.70,3495.70,3495.45,3495.45,350,3893400
EICHERMOT_F1,11/14/2022,14:25:00,3496.90,3496.90,3495.00,3496.10,875,3893400
EICHERMOT_F1,11/14/2022,14:26:00,3496.65,3496.65,3495.80,3495.80,350,3893400
EICHERMOT_F1,11/14/2022,14:27:00,3496.55,3496.80,3496.00,3496.00,1400,3892700
EICHERMOT_F1,11/14/2022,14:28:00,3497.00,3497.90,3496.00,3497.90,525,3892700
EICHERMOT_F1,11/14/2022,14:29:00,3499.05,3500.75,3497.10,3500.75,3150,3892700
EICHERMOT_F1,11/14/2022,14:30:00,3501.55,3505.50,3500.00,3501.55,10150,3893050
EICHERMOT_F1,11/14/2022,14:31:00,3501.50,3504.10,3501.20,3501.80,5600,3893050
EICHERMOT_F1,11/14/2022,14:32:00,3502.20,3506.00,3501.75,3503.55,5600,3893050
EICHERMOT_F1,11/14/2022,14:33:00,3504.00,3504.35,3502.35,3504.35,1225,3893575
EICHERMOT_F1,11/14/2022,14:34:00,3504.75,3504.75,3503.50,3503.50,700,3893575
EICHERMOT_F1,11/14/2022,14:35:00,3504.30,3504.35,3502.85,3502.85,525,3893575
EICHERMOT_F1,11/14/2022,14:36:00,3502.85,3502.85,3500.85,3501.25,1050,3893925
EICHERMOT_F1,11/14/2022,14:37:00,3501.50,3501.55,3499.15,3499.15,875,3893925
EICHERMOT_F1,11/14/2022,14:38:00,3498.30,3498.55,3495.00,3495.00,4725,3893925
EICHERMOT_F1,11/14/2022,14:39:00,3496.60,3497.90,3496.60,3497.90,875,3896550
EICHERMOT_F1,11/14/2022,14:40:00,3499.20,3499.95,3498.35,3499.95,1400,3896550
EICHERMOT_F1,11/14/2022,14:41:00,3499.65,3501.95,3499.00,3501.95,1750,3896550
EICHERMOT_F1,11/14/2022,14:42:00,3498.60,3498.60,3498.60,3498.60,175,3897075
EICHERMOT_F1,11/14/2022,14:43:00,3497.90,3500.00,3497.90,3499.00,1225,3897075
EICHERMOT_F1,11/14/2022,14:44:00,3499.95,3500.00,3497.95,3497.95,875,3897075
EICHERMOT_F1,11/14/2022,14:45:00,3498.00,3498.00,3498.00,3498.00,175,3897075
EICHERMOT_F1,11/14/2022,14:46:00,3498.40,3499.95,3498.10,3499.95,1750,3896725
EICHERMOT_F1,11/14/2022,14:47:00,3500.35,3500.35,3500.35,3500.35,175,3896725
EICHERMOT_F1,11/14/2022,14:48:00,3498.10,3498.25,3497.30,3498.25,1575,3896900
EICHERMOT_F1,11/14/2022,14:49:00,3498.30,3498.30,3496.10,3496.10,350,3896900
EICHERMOT_F1,11/14/2022,14:50:00,3496.35,3498.25,3496.35,3498.25,1400,3896900
EICHERMOT_F1,11/14/2022,14:51:00,3499.55,3501.95,3498.50,3498.95,2275,3897250
EICHERMOT_F1,11/14/2022,14:52:00,3498.50,3499.60,3497.00,3497.05,1400,3897250
EICHERMOT_F1,11/14/2022,14:53:00,3496.90,3498.00,3496.90,3497.75,1225,3897250
EICHERMOT_F1,11/14/2022,14:54:00,3498.35,3498.35,3496.00,3496.80,1750,3897950
EICHERMOT_F1,11/14/2022,14:55:00,3495.70,3495.70,3495.70,3495.70,525,3897950
EICHERMOT_F1,11/14/2022,14:56:00,3495.80,3496.60,3494.95,3496.60,2450,3897950
EICHERMOT_F1,11/14/2022,14:57:00,3495.85,3495.95,3494.50,3495.95,2625,3897950
EICHERMOT_F1,11/14/2022,14:58:00,3493.60,3495.90,3493.15,3495.90,1925,3897950
EICHERMOT_F1,11/14/2022,14:59:00,3494.80,3497.00,3494.15,3497.00,3150,3897950
EICHERMOT_F1,11/14/2022,15:00:00,3500.95,3504.00,3499.40,3501.75,4375,3898475
EICHERMOT_F1,11/14/2022,15:01:00,3503.05,3503.85,3502.40,3502.40,1750,3898475
EICHERMOT_F1,11/14/2022,15:02:00,3503.60,3506.00,3502.90,3505.95,5250,3898475
EICHERMOT_F1,11/14/2022,15:03:00,3506.00,3506.00,3505.40,3505.60,700,3895675
EICHERMOT_F1,11/14/2022,15:04:00,3505.70,3505.70,3503.30,3504.30,2625,3895675
EICHERMOT_F1,11/14/2022,15:05:00,3501.90,3504.15,3501.20,3501.60,2100,3895675
EICHERMOT_F1,11/14/2022,15:06:00,3501.30,3502.65,3500.55,3502.65,5425,3897075
EICHERMOT_F1,11/14/2022,15:07:00,3502.65,3503.30,3501.20,3501.20,700,3897075
EICHERMOT_F1,11/14/2022,15:08:00,3501.05,3502.70,3501.05,3502.70,1575,3897075
EICHERMOT_F1,11/14/2022,15:09:00,3502.45,3504.40,3501.65,3504.40,4725,3898300
EICHERMOT_F1,11/14/2022,15:10:00,3505.35,3506.25,3504.40,3504.80,2450,3898300
EICHERMOT_F1,11/14/2022,15:11:00,3504.00,3505.00,3504.00,3504.30,1050,3898300
EICHERMOT_F1,11/14/2022,15:12:00,3504.30,3505.20,3503.60,3503.70,1750,3897775
EICHERMOT_F1,11/14/2022,15:13:00,3502.75,3503.45,3502.75,3503.45,1750,3897775
EICHERMOT_F1,11/14/2022,15:14:00,3504.00,3505.25,3504.00,3504.60,700,3897775
EICHERMOT_F1,11/14/2022,15:15:00,3504.10,3506.50,3503.90,3505.30,6475,3894975
EICHERMOT_F1,11/14/2022,15:16:00,3507.70,3508.85,3505.15,3507.30,8925,3894975
EICHERMOT_F1,11/14/2022,15:17:00,3505.95,3507.50,3505.95,3506.70,4725,3894975
EICHERMOT_F1,11/14/2022,15:18:00,3507.20,3508.25,3506.65,3507.40,5075,3889200
EICHERMOT_F1,11/14/2022,15:19:00,3508.10,3508.95,3506.80,3506.90,4200,3889200
EICHERMOT_F1,11/14/2022,15:20:00,3506.95,3508.35,3506.25,3507.45,6300,3889200
EICHERMOT_F1,11/14/2022,15:21:00,3507.45,3508.20,3506.70,3506.85,6300,3887275
EICHERMOT_F1,11/14/2022,15:22:00,3507.55,3508.45,3506.55,3506.95,3675,3887275
EICHERMOT_F1,11/14/2022,15:23:00,3507.40,3508.85,3505.60,3508.85,5600,3887275
EICHERMOT_F1,11/14/2022,15:24:00,3507.95,3508.00,3507.10,3507.10,875,3889550
EICHERMOT_F1,11/14/2022,15:25:00,3507.65,3507.65,3504.10,3504.10,2450,3889550
EICHERMOT_F1,11/14/2022,15:26:00,3504.00,3504.00,3502.80,3502.80,2450,3889550
EICHERMOT_F1,11/14/2022,15:27:00,3503.35,3503.95,3501.60,3502.60,3500,3888150
EICHERMOT_F1,11/14/2022,15:28:00,3502.85,3506.00,3502.85,3505.45,1925,3888150
EICHERMOT_F1,11/14/2022,15:29:00,3504.55,3506.85,3504.00,3505.00,6475,3888150
EICHERMOT_F1,11/15/2022,09:15:00,3500.95,3534.05,3500.95,3517.65,9801,3824450
EICHERMOT_F1,11/15/2022,09:16:00,3520.50,3520.50,3519.00,3519.00,8750,3824450
EICHERMOT_F1,11/15/2022,09:17:00,3514.80,3522.05,3514.80,3520.05,3850,3824100
EICHERMOT_F1,11/15/2022,09:18:00,3522.40,3522.40,3517.50,3519.10,6650,3824100
EICHERMOT_F1,11/15/2022,09:19:00,3521.45,3526.65,3519.60,3525.00,7700,3824100
EICHERMOT_F1,11/15/2022,09:20:00,3522.60,3522.60,3520.90,3521.50,3325,3824450
EICHERMOT_F1,11/15/2022,09:21:00,3520.10,3521.95,3517.65,3518.60,3325,3824450
EICHERMOT_F1,11/15/2022,09:22:00,3515.00,3515.95,3511.85,3515.95,3325,3824450
EICHERMOT_F1,11/15/2022,09:23:00,3516.45,3525.95,3516.00,3525.95,6125,3819375
EICHERMOT_F1,11/15/2022,09:24:00,3525.95,3527.80,3519.80,3524.55,6125,3819375
EICHERMOT_F1,11/15/2022,09:25:00,3523.10,3526.75,3523.10,3525.90,7350,3819375
EICHERMOT_F1,11/15/2022,09:26:00,3524.35,3533.00,3524.35,3526.50,9625,3819900
EICHERMOT_F1,11/15/2022,09:27:00,3528.00,3535.80,3527.30,3535.80,7175,3819900
EICHERMOT_F1,11/15/2022,09:28:00,3536.00,3540.00,3533.85,3537.95,13475,3819900
EICHERMOT_F1,11/15/2022,09:29:00,3537.95,3537.95,3531.00,3534.00,4375,3818850
EICHERMOT_F1,11/15/2022,09:30:00,3533.00,3533.45,3529.25,3531.65,4025,3818850
EICHERMOT_F1,11/15/2022,09:31:00,3534.00,3536.55,3533.00,3533.45,8225,3818850
EICHERMOT_F1,11/15/2022,09:32:00,3533.85,3535.00,3531.25,3533.55,3675,3816925
EICHERMOT_F1,11/15/2022,09:33:00,3533.45,3537.85,3533.05,3535.35,4200,3816925
EICHERMOT_F1,11/15/2022,09:34:00,3535.10,3536.00,3533.05,3534.90,2100,3816925
EICHERMOT_F1,11/15/2022,09:35:00,3536.05,3537.15,3535.90,3535.90,4025,3813775
EICHERMOT_F1,11/15/2022,09:36:00,3535.65,3537.00,3531.90,3531.90,4375,3813775
EICHERMOT_F1,11/15/2022,09:37:00,3531.50,3532.00,3530.30,3532.00,1925,3813775
EICHERMOT_F1,11/15/2022,09:38:00,3532.00,3536.00,3530.55,3536.00,7175,3810800
EICHERMOT_F1,11/15/2022,09:39:00,3536.95,3536.95,3532.55,3533.75,1925,3810800
EICHERMOT_F1,11/15/2022,09:40:00,3533.75,3533.75,3531.65,3531.80,700,3810800
EICHERMOT_F1,11/15/2022,09:41:00,3534.55,3536.80,3534.55,3535.00,3325,3806425
EICHERMOT_F1,11/15/2022,09:42:00,3533.20,3535.00,3533.20,3533.60,1400,3806425
EICHERMOT_F1,11/15/2022,09:43:00,3533.80,3535.00,3533.80,3535.00,1750,3806425
EICHERMOT_F1,11/15/2022,09:44:00,3533.20,3533.20,3528.35,3528.35,2100,3804850
EICHERMOT_F1,11/15/2022,09:45:00,3530.25,3533.40,3530.25,3533.00,2100,3804850
EICHERMOT_F1,11/15/2022,09:46:00,3533.10,3534.20,3532.35,3533.40,2450,3804850
EICHERMOT_F1,11/15/2022,09:47:00,3533.65,3533.70,3528.85,3530.00,2275,3802575
EICHERMOT_F1,11/15/2022,09:48:00,3530.00,3530.30,3528.40,3528.40,1050,3802575
EICHERMOT_F1,11/15/2022,09:49:00,3526.00,3526.00,3522.75,3525.10,1925,3802575
EICHERMOT_F1,11/15/2022,09:50:00,3523.30,3523.30,3517.05,3518.00,3675,3800300
EICHERMOT_F1,11/15/2022,09:51:00,3518.30,3521.20,3518.30,3520.00,1575,3800300
EICHERMOT_F1,11/15/2022,09:52:00,3519.25,3519.25,3517.00,3518.70,1575,3800300
EICHERMOT_F1,11/15/2022,09:53:00,3518.90,3522.20,3518.90,3522.20,1050,3800300
EICHERMOT_F1,11/15/2022,09:54:00,3522.95,3522.95,3520.00,3521.50,1400,3799075
EICHERMOT_F1,11/15/2022,09:55:00,3519.65,3524.50,3519.65,3524.50,1050,3799075
EICHERMOT_F1,11/15/2022,09:56:00,3525.00,3528.40,3525.00,3527.30,1575,3797150
EICHERMOT_F1,11/15/2022,09:57:00,3527.15,3527.15,3525.65,3525.65,700,3797150
EICHERMOT_F1,11/15/2022,09:58:00,3524.25,3529.00,3523.00,3529.00,2100,3797150
EICHERMOT_F1,11/15/2022,10:00:00,3529.95,3530.00,3527.50,3529.45,2800,3796800
EICHERMOT_F1,11/15/2022,10:01:00,3529.00,3529.00,3528.60,3529.00,700,3796800
EICHERMOT_F1,11/15/2022,10:02:00,3528.30,3528.30,3527.40,3527.40,1400,3796450
EICHERMOT_F1,11/15/2022,10:03:00,3528.90,3529.10,3528.85,3528.85,2450,3796450
EICHERMOT_F1,11/15/2022,10:04:00,3530.00,3537.00,3530.00,3535.10,5250,3796450
EICHERMOT_F1,11/15/2022,10:05:00,3537.50,3537.50,3533.95,3533.95,2100,3795225
EICHERMOT_F1,11/15/2022,10:06:00,3534.75,3537.75,3534.75,3537.75,2625,3795225
EICHERMOT_F1,11/15/2022,10:07:00,3537.55,3537.95,3536.20,3537.00,1750,3795225
EICHERMOT_F1,11/15/2022,10:08:00,3537.00,3537.90,3536.05,3536.30,875,3793300
EICHERMOT_F1,11/15/2022,10:09:00,3538.60,3538.60,3538.55,3538.55,1750,3793300
EICHERMOT_F1,11/15/2022,10:10:00,3537.10,3537.10,3534.30,3534.30,1575,3793300
EICHERMOT_F1,11/15/2022,10:11:00,3535.00,3535.70,3533.85,3534.30,2800,3793300
EICHERMOT_F1,11/15/2022,10:12:00,3535.15,3535.20,3535.15,3535.20,700,3793300
EICHERMOT_F1,11/15/2022,10:13:00,3535.30,3535.30,3535.30,3535.30,175,3793300
EICHERMOT_F1,11/15/2022,10:14:00,3534.15,3536.90,3534.15,3536.00,1925,3792950
EICHERMOT_F1,11/15/2022,10:15:00,3536.95,3538.00,3535.00,3538.00,1575,3792950
EICHERMOT_F1,11/15/2022,10:16:00,3538.45,3539.00,3537.40,3539.00,2275,3792950
EICHERMOT_F1,11/15/2022,10:17:00,3544.05,3550.00,3543.00,3543.00,38675,3781750
EICHERMOT_F1,11/15/2022,10:18:00,3543.50,3544.35,3542.00,3542.30,3325,3781750
EICHERMOT_F1,11/15/2022,10:19:00,3543.00,3547.00,3543.00,3546.65,2100,3781750
EICHERMOT_F1,11/15/2022,10:20:00,3544.00,3546.65,3544.00,3545.15,1750,3781750
EICHERMOT_F1,11/15/2022,10:21:00,3546.45,3546.80,3545.00,3545.70,4550,3781750
EICHERMOT_F1,11/15/2022,10:22:00,3545.90,3546.00,3543.15,3544.00,3150,3781750
EICHERMOT_F1,11/15/2022,10:23:00,3543.15,3543.55,3541.95,3542.00,1925,3783850
EICHERMOT_F1,11/15/2022,10:24:00,3540.55,3540.75,3538.00,3540.00,2625,3783850
EICHERMOT_F1,11/15/2022,10:25:00,3541.20,3541.75,3539.65,3541.00,1925,3783850
EICHERMOT_F1,11/15/2022,10:26:00,3541.00,3541.00,3540.00,3540.00,700,3783850
EICHERMOT_F1,11/15/2022,10:27:00,3540.25,3544.30,3540.25,3544.30,1925,3783500
EICHERMOT_F1,11/15/2022,10:28:00,3545.00,3546.70,3544.45,3546.70,1575,3783500
EICHERMOT_F1,11/15/2022,10:29:00,3548.00,3548.00,3542.55,3542.55,2450,3783500
EICHERMOT_F1,11/15/2022,10:30:00,3544.00,3544.55,3543.00,3543.00,875,3782625
EICHERMOT_F1,11/15/2022,10:31:00,3544.00,3544.00,3541.10,3541.10,1750,3782625
EICHERMOT_F1,11/15/2022,10:32:00,3540.65,3540.65,3537.50,3537.55,3150,3778950
EICHERMOT_F1,11/15/2022,10:33:00,3537.00,3537.00,3531.40,3533.55,4200,3778950
EICHERMOT_F1,11/15/2022,10:34:00,3533.55,3538.00,3532.55,3536.85,2800,3778950
EICHERMOT_F1,11/15/2022,10:35:00,3538.00,3538.00,3535.55,3535.55,1750,3777900
EICHERMOT_F1,11/15/2022,10:36:00,3534.90,3534.90,3533.30,3533.30,1050,3777900
EICHERMOT_F1,11/15/2022,10:37:00,3534.95,3535.50,3534.95,3535.50,1400,3777900
EICHERMOT_F1,11/15/2022,10:39:00,3535.50,3537.30,3535.50,3535.75,525,3777900
EICHERMOT_F1,11/15/2022,10:40:00,3535.80,3535.80,3534.15,3535.00,1225,3777900
EICHERMOT_F1,11/15/2022,10:41:00,3535.00,3535.00,3535.00,3535.00,175,3777900
EICHERMOT_F1,11/15/2022,10:42:00,3536.55,3537.00,3536.55,3537.00,875,3777900
EICHERMOT_F1,11/15/2022,10:43:00,3539.55,3539.55,3538.15,3538.15,350,3777900
EICHERMOT_F1,11/15/2022,10:45:00,3537.00,3537.00,3537.00,3537.00,1050,3778425
EICHERMOT_F1,11/15/2022,10:46:00,3538.00,3538.00,3538.00,3538.00,175,3778425
EICHERMOT_F1,11/15/2022,10:47:00,3538.00,3538.00,3535.65,3535.70,1925,3778425
EICHERMOT_F1,11/15/2022,10:48:00,3535.75,3536.95,3535.75,3536.10,700,3777550
EICHERMOT_F1,11/15/2022,10:49:00,3536.95,3537.15,3534.65,3535.50,1050,3777550
EICHERMOT_F1,11/15/2022,10:50:00,3533.10,3534.60,3533.00,3533.00,1050,3777725
EICHERMOT_F1,11/15/2022,10:52:00,3535.05,3535.05,3533.05,3533.05,350,3777725
EICHERMOT_F1,11/15/2022,10:53:00,3533.00,3534.00,3533.00,3534.00,350,3777725
EICHERMOT_F1,11/15/2022,10:54:00,3534.00,3534.00,3534.00,3534.00,175,3777725
EICHERMOT_F1,11/15/2022,10:56:00,3533.85,3536.90,3533.70,3536.90,1050,3777725
EICHERMOT_F1,11/15/2022,10:57:00,3534.75,3536.90,3534.75,3536.90,700,3778250
EICHERMOT_F1,11/15/2022,10:58:00,3535.70,3535.70,3535.70,3535.70,175,3778250
EICHERMOT_F1,11/15/2022,10:59:00,3536.20,3536.20,3536.05,3536.05,350,3778250
EICHERMOT_F1,11/15/2022,11:00:00,3531.95,3531.95,3531.95,3531.95,1225,3778775
EICHERMOT_F1,11/15/2022,11:01:00,3532.60,3533.90,3532.60,3533.65,1225,3778775
EICHERMOT_F1,11/15/2022,11:03:00,3531.95,3532.70,3531.95,3532.70,1400,3779475
EICHERMOT_F1,11/15/2022,11:05:00,3533.70,3533.90,3533.70,3533.90,700,3779475
EICHERMOT_F1,11/15/2022,11:06:00,3534.10,3536.60,3534.10,3536.60,1575,3779475
EICHERMOT_F1,11/15/2022,11:07:00,3536.90,3537.25,3536.90,3537.25,350,3779475
EICHERMOT_F1,11/15/2022,11:08:00,3537.30,3537.30,3535.25,3535.25,1225,3779475
EICHERMOT_F1,11/15/2022,11:09:00,3533.00,3533.00,3533.00,3533.00,350,3778600
EICHERMOT_F1,11/15/2022,11:10:00,3534.60,3535.05,3534.60,3535.05,350,3778600
EICHERMOT_F1,11/15/2022,11:11:00,3534.00,3534.00,3534.00,3534.00,175,3778600
EICHERMOT_F1,11/15/2022,11:13:00,3534.10,3534.10,3534.10,3534.10,175,3778250
EICHERMOT_F1,11/15/2022,11:15:00,3532.70,3532.70,3529.70,3529.70,2975,3778250
EICHERMOT_F1,11/15/2022,11:16:00,3528.10,3528.10,3525.00,3525.65,3850,3778250
EICHERMOT_F1,11/15/2022,11:17:00,3528.90,3530.10,3528.45,3530.00,1225,3776850
EICHERMOT_F1,11/15/2022,11:18:00,3530.00,3530.25,3528.50,3528.50,1050,3776850
EICHERMOT_F1,11/15/2022,11:19:00,3528.40,3528.40,3528.40,3528.40,350,3776850
EICHERMOT_F1,11/15/2022,11:20:00,3528.70,3528.70,3528.70,3528.70,175,3776850
EICHERMOT_F1,11/15/2022,11:21:00,3528.20,3531.00,3528.20,3531.00,1050,3776850
EICHERMOT_F1,11/15/2022,11:22:00,3532.35,3533.80,3532.35,3533.00,5775,3776850
EICHERMOT_F1,11/15/2022,11:23:00,3533.05,3538.35,3533.05,3536.95,7700,3776850
EICHERMOT_F1,11/15/2022,11:24:00,3536.00,3536.00,3536.00,3536.00,175,3781050
EICHERMOT_F1,11/15/2022,11:25:00,3536.95,3537.70,3536.95,3537.70,525,3781050
EICHERMOT_F1,11/15/2022,11:28:00,3538.40,3538.40,3538.40,3538.40,4200,3781225
EICHERMOT_F1,11/15/2022,11:29:00,3536.60,3536.60,3536.55,3536.55,1050,3781225
EICHERMOT_F1,11/15/2022,11:31:00,3536.90,3536.90,3535.35,3535.35,525,3779475
EICHERMOT_F1,11/15/2022,11:32:00,3536.25,3536.25,3536.25,3536.25,525,3779475
EICHERMOT_F1,11/15/2022,11:33:00,3537.15,3538.65,3537.15,3538.65,1225,3779475
EICHERMOT_F1,11/15/2022,11:34:00,3537.65,3538.65,3537.65,3538.65,350,3779475
EICHERMOT_F1,11/15/2022,11:35:00,3537.10,3537.10,3536.35,3536.35,700,3779475
EICHERMOT_F1,11/15/2022,11:36:00,3536.35,3538.60,3536.35,3538.00,875,3778425
EICHERMOT_F1,11/15/2022,11:37:00,3538.00,3538.00,3538.00,3538.00,175,3778425
EICHERMOT_F1,11/15/2022,11:38:00,3540.65,3540.70,3538.50,3538.50,2275,3778425
EICHERMOT_F1,11/15/2022,11:39:00,3538.50,3541.45,3538.50,3541.45,4550,3778075
EICHERMOT_F1,11/15/2022,11:40:00,3541.95,3541.95,3540.30,3541.75,1575,3778075
EICHERMOT_F1,11/15/2022,11:41:00,3541.50,3541.50,3540.55,3540.55,350,3778075
EICHERMOT_F1,11/15/2022,11:42:00,3540.50,3540.50,3539.30,3539.30,525,3777375
EICHERMOT_F1,11/15/2022,11:43:00,3538.75,3539.60,3538.25,3538.45,1050,3777375
EICHERMOT_F1,11/15/2022,11:44:00,3537.35,3537.35,3536.00,3536.00,1050,3777375
EICHERMOT_F1,11/15/2022,11:45:00,3536.00,3536.00,3534.80,3534.80,2275,3777725
EICHERMOT_F1,11/15/2022,11:46:00,3534.80,3534.80,3533.40,3533.80,700,3777725
EICHERMOT_F1,11/15/2022,11:47:00,3533.25,3533.25,3531.00,3531.00,875,3777725
EICHERMOT_F1,11/15/2022,11:48:00,3529.75,3530.00,3528.05,3528.05,1400,3777900
EICHERMOT_F1,11/15/2022,11:49:00,3528.00,3528.55,3528.00,3528.00,1225,3777900
EICHERMOT_F1,11/15/2022,11:50:00,3528.00,3528.25,3526.45,3526.45,700,3777900
EICHERMOT_F1,11/15/2022,11:51:00,3526.75,3527.90,3525.95,3527.90,1050,3777550
EICHERMOT_F1,11/15/2022,11:52:00,3528.65,3528.65,3528.60,3528.60,350,3777550
EICHERMOT_F1,11/15/2022,11:53:00,3526.55,3526.55,3522.00,3522.05,3325,3779825
EICHERMOT_F1,11/15/2022,11:54:00,3521.90,3524.80,3521.25,3524.35,1225,3779825
EICHERMOT_F1,11/15/2022,11:55:00,3524.00,3524.00,3521.15,3521.15,875,3779825
EICHERMOT_F1,11/15/2022,11:56:00,3522.40,3523.80,3522.40,3523.45,1400,3779825
EICHERMOT_F1,11/15/2022,11:57:00,3523.25,3523.25,3520.60,3520.60,2100,3779475
EICHERMOT_F1,11/15/2022,11:58:00,3521.75,3522.15,3520.90,3522.15,2275,3779475
EICHERMOT_F1,11/15/2022,11:59:00,3520.80,3520.80,3517.15,3518.70,3675,3779475
EICHERMOT_F1,11/15/2022,12:00:00,3518.85,3520.45,3518.85,3520.10,700,3780875
EICHERMOT_F1,11/15/2022,12:01:00,3520.85,3520.85,3519.00,3519.20,2275,3780875
EICHERMOT_F1,11/15/2022,12:02:00,3519.50,3519.50,3517.60,3519.20,1050,3780875
EICHERMOT_F1,11/15/2022,12:03:00,3519.20,3519.20,3519.20,3519.20,350,3781400
EICHERMOT_F1,11/15/2022,12:04:00,3519.50,3519.50,3519.25,3519.25,875,3781400
EICHERMOT_F1,11/15/2022,12:05:00,3519.75,3519.75,3518.00,3518.00,1050,3781400
EICHERMOT_F1,11/15/2022,12:06:00,3516.00,3516.00,3513.00,3514.60,5425,3781750
EICHERMOT_F1,11/15/2022,12:07:00,3514.30,3518.00,3513.10,3515.00,3500,3781750
EICHERMOT_F1,11/15/2022,12:08:00,3515.75,3515.75,3513.10,3514.60,2275,3781750
EICHERMOT_F1,11/15/2022,12:09:00,3514.85,3516.25,3514.85,3516.25,875,3783500
EICHERMOT_F1,11/15/2022,12:11:00,3511.10,3511.10,3506.25,3508.10,11025,3783500
EICHERMOT_F1,11/15/2022,12:12:00,3507.20,3511.75,3507.20,3511.75,1400,3781400
EICHERMOT_F1,11/15/2022,12:13:00,3511.00,3513.25,3511.00,3513.25,350,3781400
EICHERMOT_F1,11/15/2022,12:14:00,3513.75,3513.75,3513.75,3513.75,175,3781400
EICHERMOT_F1,11/15/2022,12:15:00,3511.45,3511.45,3511.00,3511.00,525,3781750
EICHERMOT_F1,11/15/2022,12:16:00,3511.65,3511.65,3510.10,3510.10,1925,3781750
EICHERMOT_F1,11/15/2022,12:17:00,3510.10,3510.15,3510.10,3510.15,525,3781750
EICHERMOT_F1,11/15/2022,12:18:00,3512.55,3512.55,3510.00,3510.00,1575,3782975
EICHERMOT_F1,11/15/2022,12:19:00,3510.00,3510.95,3510.00,3510.95,875,3782975
EICHERMOT_F1,11/15/2022,12:20:00,3512.95,3512.95,3511.95,3511.95,1750,3782975
EICHERMOT_F1,11/15/2022,12:21:00,3513.75,3513.75,3513.75,3513.75,525,3782625
EICHERMOT_F1,11/15/2022,12:22:00,3514.70,3516.40,3513.75,3515.00,875,3782625
EICHERMOT_F1,11/15/2022,12:23:00,3517.00,3517.00,3516.85,3516.85,875,3782625
EICHERMOT_F1,11/15/2022,12:24:00,3518.60,3519.30,3516.70,3519.30,525,3781925
EICHERMOT_F1,11/15/2022,12:25:00,3517.00,3517.00,3517.00,3517.00,175,3781925
EICHERMOT_F1,11/15/2022,12:26:00,3517.00,3517.35,3514.80,3514.80,525,3781925
EICHERMOT_F1,11/15/2022,12:27:00,3514.70,3514.70,3514.70,3514.70,175,3781925
EICHERMOT_F1,11/15/2022,12:28:00,3516.70,3516.70,3516.70,3516.70,175,3782275
EICHERMOT_F1,11/15/2022,12:29:00,3514.70,3515.85,3513.50,3513.80,8050,3782275
EICHERMOT_F1,11/15/2022,12:30:00,3513.80,3515.85,3513.80,3515.00,5775,3782100
EICHERMOT_F1,11/15/2022,12:31:00,3514.70,3514.70,3514.70,3514.70,525,3782100
EICHERMOT_F1,11/15/2022,12:32:00,3515.00,3517.80,3514.95,3517.80,6650,3782100
EICHERMOT_F1,11/15/2022,12:33:00,3514.05,3514.05,3514.05,3514.05,1050,3782100
EICHERMOT_F1,11/15/2022,12:34:00,3515.05,3515.05,3515.00,3515.00,525,3777375
EICHERMOT_F1,11/15/2022,12:35:00,3513.80,3514.50,3513.00,3514.50,1225,3777375
EICHERMOT_F1,11/15/2022,12:36:00,3514.50,3514.50,3511.90,3511.90,875,3779475
EICHERMOT_F1,11/15/2022,12:37:00,3511.90,3511.95,3510.35,3511.95,875,3779475
EICHERMOT_F1,11/15/2022,12:39:00,3512.10,3512.15,3512.10,3512.15,525,3780000
EICHERMOT_F1,11/15/2022,12:40:00,3513.45,3513.45,3513.45,3513.45,175,3780000
EICHERMOT_F1,11/15/2022,12:42:00,3512.80,3513.70,3512.80,3513.70,875,3780525
EICHERMOT_F1,11/15/2022,12:43:00,3513.50,3513.50,3512.85,3512.85,350,3780525
EICHERMOT_F1,11/15/2022,12:44:00,3512.65,3512.65,3511.65,3511.65,525,3780525
EICHERMOT_F1,11/15/2022,12:46:00,3511.75,3511.75,3511.00,3511.00,525,3781575
EICHERMOT_F1,11/15/2022,12:47:00,3511.00,3515.00,3511.00,3515.00,1050,3781575
EICHERMOT_F1,11/15/2022,12:48:00,3514.65,3515.00,3513.05,3515.00,1925,3781225
EICHERMOT_F1,11/15/2022,12:49:00,3513.50,3513.50,3512.30,3512.30,350,3781225
EICHERMOT_F1,11/15/2022,12:50:00,3514.35,3514.35,3510.30,3510.30,4900,3781225
EICHERMOT_F1,11/15/2022,12:51:00,3509.30,3511.30,3509.30,3509.90,1050,3784900
EICHERMOT_F1,11/15/2022,12:52:00,3511.85,3511.85,3511.55,3511.55,875,3784900
EICHERMOT_F1,11/15/2022,12:53:00,3511.25,3511.25,3511.00,3511.00,875,3784900
EICHERMOT_F1,11/15/2022,12:54:00,3511.30,3511.65,3511.30,3511.65,525,3786650
EICHERMOT_F1,11/15/2022,12:55:00,3511.85,3511.85,3511.85,3511.85,350,3786650
EICHERMOT_F1,11/15/2022,12:56:00,3511.85,3512.85,3511.00,3512.85,1050,3786650
EICHERMOT_F1,11/15/2022,12:57:00,3512.65,3512.65,3510.10,3510.45,1225,3787175
EICHERMOT_F1,11/15/2022,12:58:00,3510.50,3510.60,3510.00,3510.10,1925,3787175
EICHERMOT_F1,11/15/2022,12:59:00,3511.55,3511.55,3508.25,3508.25,3675,3787175
EICHERMOT_F1,11/15/2022,13:00:00,3508.20,3509.25,3507.00,3509.25,3675,3789100
EICHERMOT_F1,11/15/2022,13:01:00,3510.05,3510.80,3509.75,3510.80,1225,3789100
EICHERMOT_F1,11/15/2022,13:02:00,3511.80,3514.55,3511.80,3514.00,1400,3789100
EICHERMOT_F1,11/15/2022,13:03:00,3513.80,3515.10,3513.00,3515.10,1575,3790500
EICHERMOT_F1,11/15/2022,13:04:00,3514.90,3515.15,3514.90,3515.15,1225,3790500
EICHERMOT_F1,11/15/2022,13:05:00,3513.00,3513.00,3513.00,3513.00,350,3790500
EICHERMOT_F1,11/15/2022,13:06:00,3512.00,3513.40,3512.00,3513.40,350,3790850
EICHERMOT_F1,11/15/2022,13:07:00,3512.10,3512.10,3512.10,3512.10,525,3790850
EICHERMOT_F1,11/15/2022,13:08:00,3512.40,3513.05,3512.40,3513.05,350,3790850
EICHERMOT_F1,11/15/2022,13:09:00,3514.50,3514.50,3514.50,3514.50,525,3791025
EICHERMOT_F1,11/15/2022,13:10:00,3514.35,3514.35,3513.90,3513.90,700,3791025
EICHERMOT_F1,11/15/2022,13:11:00,3513.95,3514.40,3513.95,3514.40,1050,3791025
EICHERMOT_F1,11/15/2022,13:12:00,3515.45,3515.45,3515.45,3515.45,175,3792250
EICHERMOT_F1,11/15/2022,13:13:00,3515.80,3515.80,3515.10,3515.10,350,3792250
EICHERMOT_F1,11/15/2022,13:14:00,3514.50,3515.00,3514.50,3515.00,350,3792250
EICHERMOT_F1,11/15/2022,13:15:00,3515.55,3515.55,3514.85,3514.85,350,3792250
EICHERMOT_F1,11/15/2022,13:16:00,3515.05,3515.05,3515.05,3515.05,175,3792250
EICHERMOT_F1,11/15/2022,13:17:00,3515.00,3516.70,3515.00,3516.70,700,3793125
EICHERMOT_F1,11/15/2022,13:18:00,3516.55,3516.55,3516.55,3516.55,350,3793125
EICHERMOT_F1,11/15/2022,13:19:00,3516.30,3516.30,3516.30,3516.30,175,3793825
EICHERMOT_F1,11/15/2022,13:20:00,3516.80,3516.80,3516.80,3516.80,350,3793825
EICHERMOT_F1,11/15/2022,13:21:00,3516.10,3517.90,3516.10,3517.90,875,3793650
EICHERMOT_F1,11/15/2022,13:22:00,3518.80,3520.65,3518.80,3519.15,1050,3793650
EICHERMOT_F1,11/15/2022,13:23:00,3519.50,3519.50,3519.50,3519.50,175,3793650
EICHERMOT_F1,11/15/2022,13:24:00,3519.55,3519.55,3518.30,3518.30,350,3793475
EICHERMOT_F1,11/15/2022,13:25:00,3518.60,3518.60,3518.60,3518.60,175,3793475
EICHERMOT_F1,11/15/2022,13:27:00,3520.05,3520.05,3520.05,3520.05,350,3793825
EICHERMOT_F1,11/15/2022,13:29:00,3520.05,3520.05,3518.40,3518.40,1750,3793825
EICHERMOT_F1,11/15/2022,13:30:00,3520.45,3520.45,3519.35,3519.35,1225,3794875
EICHERMOT_F1,11/15/2022,13:31:00,3518.55,3518.55,3518.55,3518.55,175,3794875
EICHERMOT_F1,11/15/2022,13:32:00,3519.00,3519.00,3519.00,3519.00,175,3794875
EICHERMOT_F1,11/15/2022,13:33:00,3518.15,3518.15,3518.05,3518.05,350,3795050
EICHERMOT_F1,11/15/2022,13:34:00,3518.05,3518.05,3518.05,3518.05,175,3795050
EICHERMOT_F1,11/15/2022,13:35:00,3518.20,3518.20,3518.20,3518.20,175,3795050
EICHERMOT_F1,11/15/2022,13:36:00,3518.00,3519.15,3518.00,3519.15,875,3795575
EICHERMOT_F1,11/15/2022,13:37:00,3519.00,3519.00,3519.00,3519.00,175,3795575
EICHERMOT_F1,11/15/2022,13:38:00,3519.00,3519.00,3519.00,3519.00,350,3795575
EICHERMOT_F1,11/15/2022,13:39:00,3519.00,3519.20,3519.00,3519.20,525,3795750
EICHERMOT_F1,11/15/2022,13:40:00,3518.45,3518.45,3518.45,3518.45,175,3795750
EICHERMOT_F1,11/15/2022,13:41:00,3518.65,3519.00,3518.65,3519.00,700,3795750
EICHERMOT_F1,11/15/2022,13:42:00,3518.75,3518.75,3518.75,3518.75,175,3795750
EICHERMOT_F1,11/15/2022,13:43:00,3518.20,3518.20,3518.20,3518.20,175,3795925
EICHERMOT_F1,11/15/2022,13:44:00,3518.75,3518.75,3518.75,3518.75,175,3795925
EICHERMOT_F1,11/15/2022,13:45:00,3518.25,3518.85,3518.25,3518.85,700,3795925
EICHERMOT_F1,11/15/2022,13:46:00,3519.00,3519.00,3519.00,3519.00,175,3796275
EICHERMOT_F1,11/15/2022,13:47:00,3518.85,3518.85,3518.85,3518.85,175,3796275
EICHERMOT_F1,11/15/2022,13:49:00,3518.00,3518.55,3518.00,3518.55,1050,3796450
EICHERMOT_F1,11/15/2022,13:51:00,3517.55,3518.55,3517.55,3518.55,525,3795925
EICHERMOT_F1,11/15/2022,13:53:00,3517.20,3517.20,3516.15,3516.90,525,3795925
EICHERMOT_F1,11/15/2022,13:54:00,3516.95,3516.95,3516.95,3516.95,525,3796100
EICHERMOT_F1,11/15/2022,13:55:00,3516.30,3517.00,3516.30,3517.00,525,3796100
EICHERMOT_F1,11/15/2022,13:56:00,3516.50,3517.05,3516.35,3516.35,875,3796100
EICHERMOT_F1,11/15/2022,13:57:00,3516.25,3516.70,3515.55,3516.20,875,3796450
EICHERMOT_F1,11/15/2022,13:58:00,3515.50,3516.85,3515.10,3516.60,875,3796450
EICHERMOT_F1,11/15/2022,13:59:00,3516.85,3518.95,3515.30,3515.30,700,3796450
EICHERMOT_F1,11/15/2022,14:00:00,3515.70,3519.65,3515.70,3518.95,4025,3796625
EICHERMOT_F1,11/15/2022,14:01:00,3516.10,3518.60,3516.10,3518.60,1225,3796625
EICHERMOT_F1,11/15/2022,14:02:00,3516.30,3517.90,3516.30,3516.85,700,3796625
EICHERMOT_F1,11/15/2022,14:03:00,3515.50,3516.20,3515.50,3516.20,350,3795925
EICHERMOT_F1,11/15/2022,14:04:00,3516.10,3516.10,3514.90,3514.90,700,3795925
EICHERMOT_F1,11/15/2022,14:05:00,3515.95,3515.95,3515.95,3515.95,175,3795925
EICHERMOT_F1,11/15/2022,14:06:00,3515.85,3515.85,3515.85,3515.85,525,3795925
EICHERMOT_F1,11/15/2022,14:07:00,3514.75,3514.75,3512.10,3513.85,3150,3795925
EICHERMOT_F1,11/15/2022,14:08:00,3513.20,3514.35,3511.40,3512.00,3325,3795925
EICHERMOT_F1,11/15/2022,14:09:00,3512.40,3514.70,3512.40,3514.70,875,3794350
EICHERMOT_F1,11/15/2022,14:10:00,3512.40,3513.75,3512.40,3513.75,350,3794350
EICHERMOT_F1,11/15/2022,14:11:00,3514.90,3514.90,3514.90,3514.90,175,3794350
EICHERMOT_F1,11/15/2022,14:12:00,3514.45,3514.45,3514.45,3514.45,175,3794350
EICHERMOT_F1,11/15/2022,14:14:00,3515.95,3515.95,3515.30,3515.30,700,3794350
EICHERMOT_F1,11/15/2022,14:15:00,3513.95,3514.20,3513.95,3514.20,350,3794350
EICHERMOT_F1,11/15/2022,14:16:00,3513.95,3513.95,3513.70,3513.70,525,3794525
EICHERMOT_F1,11/15/2022,14:17:00,3515.00,3515.40,3514.80,3515.40,700,3794525
EICHERMOT_F1,11/15/2022,14:18:00,3514.15,3514.15,3513.70,3513.70,700,3794525
EICHERMOT_F1,11/15/2022,14:19:00,3512.80,3513.35,3512.55,3512.55,1050,3794875
EICHERMOT_F1,11/15/2022,14:20:00,3513.25,3513.25,3512.20,3512.20,525,3794875
EICHERMOT_F1,11/15/2022,14:21:00,3512.55,3512.55,3512.10,3512.10,700,3795400
EICHERMOT_F1,11/15/2022,14:22:00,3513.05,3514.50,3512.60,3514.50,1050,3795400
EICHERMOT_F1,11/15/2022,14:23:00,3514.85,3514.85,3513.40,3513.40,700,3795400
EICHERMOT_F1,11/15/2022,14:24:00,3513.60,3513.60,3513.45,3513.45,350,3794875
EICHERMOT_F1,11/15/2022,14:25:00,3513.90,3514.65,3513.40,3514.65,875,3794875
EICHERMOT_F1,11/15/2022,14:26:00,3513.60,3513.85,3513.60,3513.85,350,3794875
EICHERMOT_F1,11/15/2022,14:27:00,3513.45,3514.50,3513.45,3513.60,525,3795050
EICHERMOT_F1,11/15/2022,14:28:00,3513.70,3514.55,3513.10,3513.10,1225,3795050
EICHERMOT_F1,11/15/2022,14:29:00,3512.75,3514.55,3512.75,3513.20,1050,3795050
EICHERMOT_F1,11/15/2022,14:30:00,3512.50,3513.20,3512.35,3513.20,700,3796450
EICHERMOT_F1,11/15/2022,14:31:00,3512.95,3513.85,3511.95,3513.85,1750,3796450
EICHERMOT_F1,11/15/2022,14:32:00,3512.15,3513.15,3512.15,3512.35,525,3796450
EICHERMOT_F1,11/15/2022,14:33:00,3512.15,3512.95,3512.00,3512.45,1575,3797325
EICHERMOT_F1,11/15/2022,14:34:00,3511.80,3513.40,3511.80,3512.10,700,3797325
EICHERMOT_F1,11/15/2022,14:35:00,3511.60,3511.60,3511.60,3511.60,175,3797325
EICHERMOT_F1,11/15/2022,14:36:00,3513.45,3513.80,3512.35,3513.05,1575,3798025
EICHERMOT_F1,11/15/2022,14:37:00,3512.15,3513.30,3511.60,3511.60,1050,3798025
EICHERMOT_F1,11/15/2022,14:38:00,3510.80,3511.10,3510.80,3511.10,350,3798025
EICHERMOT_F1,11/15/2022,14:39:00,3509.60,3509.60,3506.05,3506.70,15050,3802925
EICHERMOT_F1,11/15/2022,14:40:00,3506.70,3508.50,3506.65,3506.65,2800,3802925
EICHERMOT_F1,11/15/2022,14:41:00,3506.40,3507.75,3505.60,3506.60,2100,3802925
EICHERMOT_F1,11/15/2022,14:42:00,3508.35,3511.50,3508.35,3509.60,1225,3801700
EICHERMOT_F1,11/15/2022,14:43:00,3507.75,3507.75,3506.00,3506.00,1050,3801700
EICHERMOT_F1,11/15/2022,14:44:00,3505.25,3506.20,3505.00,3505.70,1750,3801700
EICHERMOT_F1,11/15/2022,14:45:00,3506.45,3507.40,3506.25,3507.25,700,3802050
EICHERMOT_F1,11/15/2022,14:46:00,3507.00,3507.95,3507.00,3507.75,1050,3802050
EICHERMOT_F1,11/15/2022,14:47:00,3507.10,3507.30,3506.50,3507.30,1225,3802050
EICHERMOT_F1,11/15/2022,14:48:00,3507.85,3507.95,3507.00,3507.95,525,3802050
EICHERMOT_F1,11/15/2022,14:49:00,3507.00,3507.00,3506.60,3506.60,525,3802225
EICHERMOT_F1,11/15/2022,14:50:00,3505.45,3506.60,3505.45,3506.40,700,3802225
EICHERMOT_F1,11/15/2022,14:51:00,3505.70,3507.10,3505.70,3506.75,700,3802750
EICHERMOT_F1,11/15/2022,14:52:00,3506.05,3506.70,3506.05,3506.70,875,3802750
EICHERMOT_F1,11/15/2022,14:53:00,3506.70,3506.95,3506.35,3506.35,700,3802750
EICHERMOT_F1,11/15/2022,14:54:00,3506.80,3507.00,3506.35,3506.50,1400,3802225
EICHERMOT_F1,11/15/2022,14:55:00,3507.15,3509.30,3507.15,3508.40,2275,3802225
EICHERMOT_F1,11/15/2022,14:56:00,3507.95,3509.25,3507.55,3507.55,875,3802225
EICHERMOT_F1,11/15/2022,14:57:00,3506.55,3508.70,3506.30,3507.90,2975,3801350
EICHERMOT_F1,11/15/2022,14:58:00,3507.70,3507.80,3507.70,3507.80,350,3801350
EICHERMOT_F1,11/15/2022,14:59:00,3507.80,3512.70,3507.45,3512.70,6125,3801350
EICHERMOT_F1,11/15/2022,15:00:00,3514.40,3519.00,3514.40,3517.00,9625,3796275
EICHERMOT_F1,11/15/2022,15:01:00,3516.35,3516.35,3513.95,3513.95,3675,3796275
EICHERMOT_F1,11/15/2022,15:02:00,3514.30,3514.60,3511.55,3511.55,2975,3796275
EICHERMOT_F1,11/15/2022,15:03:00,3512.35,3513.10,3511.45,3512.70,1575,3795750
EICHERMOT_F1,11/15/2022,15:04:00,3512.85,3513.50,3512.10,3512.10,2450,3795750
EICHERMOT_F1,11/15/2022,15:05:00,3514.15,3514.55,3512.30,3513.05,1925,3795750
EICHERMOT_F1,11/15/2022,15:06:00,3513.05,3513.05,3510.55,3510.55,1750,3795225
EICHERMOT_F1,11/15/2022,15:07:00,3510.65,3512.75,3510.05,3511.45,3325,3795225
EICHERMOT_F1,11/15/2022,15:08:00,3511.45,3511.45,3509.30,3511.45,4200,3795225
EICHERMOT_F1,11/15/2022,15:09:00,3510.80,3516.15,3510.80,3514.85,4025,3795050
EICHERMOT_F1,11/15/2022,15:10:00,3516.05,3516.20,3511.95,3511.95,2800,3795050
EICHERMOT_F1,11/15/2022,15:11:00,3512.10,3513.05,3511.00,3513.00,2450,3795050
EICHERMOT_F1,11/15/2022,15:12:00,3512.05,3513.00,3511.20,3513.00,2975,3793650
EICHERMOT_F1,11/15/2022,15:13:00,3512.45,3513.30,3511.65,3511.65,2450,3793650
EICHERMOT_F1,11/15/2022,15:14:00,3512.55,3512.55,3510.00,3510.00,2800,3793650
EICHERMOT_F1,11/15/2022,15:15:00,3510.00,3511.95,3508.65,3510.75,6825,3792075
EICHERMOT_F1,11/15/2022,15:16:00,3511.20,3513.00,3510.90,3511.95,6300,3792075
EICHERMOT_F1,11/15/2022,15:17:00,3512.40,3515.00,3512.40,3514.35,3500,3792075
EICHERMOT_F1,11/15/2022,15:18:00,3515.25,3517.40,3513.80,3515.80,8750,3785600
EICHERMOT_F1,11/15/2022,15:19:00,3516.95,3516.95,3513.35,3513.65,5425,3785600
EICHERMOT_F1,11/15/2022,15:20:00,3513.90,3513.90,3511.95,3512.30,11200,3785600
EICHERMOT_F1,11/15/2022,15:21:00,3512.15,3514.90,3512.15,3514.65,4025,3781575
EICHERMOT_F1,11/15/2022,15:22:00,3514.00,3514.85,3513.25,3513.50,5950,3781575
EICHERMOT_F1,11/15/2022,15:23:00,3512.70,3517.40,3512.55,3517.40,6825,3781575
EICHERMOT_F1,11/15/2022,15:24:00,3516.75,3516.85,3511.95,3514.50,5075,3775625
EICHERMOT_F1,11/15/2022,15:25:00,3513.65,3514.40,3512.30,3512.30,2275,3775625
EICHERMOT_F1,11/15/2022,15:26:00,3512.30,3514.20,3512.00,3513.95,4025,3775625
EICHERMOT_F1,11/15/2022,15:27:00,3512.60,3514.45,3512.60,3513.30,5425,3775800
EICHERMOT_F1,11/15/2022,15:28:00,3513.30,3513.90,3512.10,3512.65,3150,3775800
EICHERMOT_F1,11/15/2022,15:29:00,3512.25,3515.95,3511.85,3511.85,6475,3775800
EICHERMOT_F1,11/16/2022,09:15:00,3511.85,3529.00,3511.85,3524.00,13125,3737650
EICHERMOT_F1,11/16/2022,09:16:00,3524.65,3529.60,3519.10,3521.65,15400,3737650
EICHERMOT_F1,11/16/2022,09:17:00,3520.95,3521.50,3512.35,3520.00,7000,3736425
EICHERMOT_F1,11/16/2022,09:18:00,3521.50,3526.00,3520.00,3526.00,16625,3736425
EICHERMOT_F1,11/16/2022,09:19:00,3527.85,3532.85,3527.55,3528.70,6825,3736425
EICHERMOT_F1,11/16/2022,09:20:00,3530.00,3541.25,3530.00,3536.75,15400,3732575
EICHERMOT_F1,11/16/2022,09:21:00,3539.00,3548.00,3538.00,3541.30,20650,3732575
EICHERMOT_F1,11/16/2022,09:22:00,3542.05,3546.85,3538.80,3540.00,13125,3732575
EICHERMOT_F1,11/16/2022,09:23:00,3542.10,3548.95,3540.80,3548.65,13650,3721550
EICHERMOT_F1,11/16/2022,09:24:00,3549.00,3554.20,3546.50,3549.00,19600,3721550
EICHERMOT_F1,11/16/2022,09:25:00,3548.60,3555.50,3548.60,3553.10,17150,3721550
EICHERMOT_F1,11/16/2022,09:26:00,3555.55,3555.55,3547.35,3548.00,8400,3719625
EICHERMOT_F1,11/16/2022,09:27:00,3546.15,3547.95,3543.45,3543.45,7525,3719625
EICHERMOT_F1,11/16/2022,09:28:00,3543.50,3546.65,3543.50,3546.60,6125,3719625
EICHERMOT_F1,11/16/2022,09:29:00,3544.90,3550.95,3540.60,3550.95,14175,3724175
EICHERMOT_F1,11/16/2022,09:30:00,3549.90,3549.90,3542.00,3542.80,2975,3724175
EICHERMOT_F1,11/16/2022,09:31:00,3541.50,3542.70,3535.95,3537.70,8400,3724175
EICHERMOT_F1,11/16/2022,09:32:00,3538.90,3538.90,3534.55,3535.85,3500,3725225
EICHERMOT_F1,11/16/2022,09:33:00,3537.00,3537.00,3535.00,3535.70,2450,3725225
EICHERMOT_F1,11/16/2022,09:34:00,3534.85,3537.15,3532.05,3537.00,6650,3725225
EICHERMOT_F1,11/16/2022,09:35:00,3535.40,3539.05,3535.35,3538.35,9975,3729775
EICHERMOT_F1,11/16/2022,09:36:00,3537.80,3542.50,3537.80,3540.05,5075,3729775
EICHERMOT_F1,11/16/2022,09:37:00,3539.25,3541.75,3537.40,3540.90,5075,3729775
EICHERMOT_F1,11/16/2022,09:38:00,3541.15,3544.50,3541.15,3544.50,3500,3734325
EICHERMOT_F1,11/16/2022,09:39:00,3543.15,3543.15,3542.15,3542.90,2975,3734325
EICHERMOT_F1,11/16/2022,09:40:00,3542.80,3542.80,3539.00,3539.00,1400,3734325
EICHERMOT_F1,11/16/2022,09:41:00,3538.60,3539.55,3537.85,3539.55,2275,3706325
EICHERMOT_F1,11/16/2022,09:42:00,3538.75,3542.75,3538.75,3542.75,3150,3706325
EICHERMOT_F1,11/16/2022,09:43:00,3542.35,3542.35,3535.75,3535.75,3150,3706325
EICHERMOT_F1,11/16/2022,09:44:00,3534.00,3534.85,3533.90,3533.95,2275,3708600
EICHERMOT_F1,11/16/2022,09:45:00,3536.30,3536.55,3534.05,3535.20,2625,3708600
EICHERMOT_F1,11/16/2022,09:46:00,3535.40,3535.40,3533.90,3534.80,1750,3708600
EICHERMOT_F1,11/16/2022,09:47:00,3533.10,3534.40,3531.45,3532.00,4025,3710525
EICHERMOT_F1,11/16/2022,09:48:00,3531.70,3532.15,3527.10,3530.80,7175,3710525
EICHERMOT_F1,11/16/2022,09:49:00,3531.00,3532.50,3530.50,3530.50,1750,3710525
EICHERMOT_F1,11/16/2022,09:50:00,3530.90,3536.45,3530.70,3536.45,4025,3713150
EICHERMOT_F1,11/16/2022,09:51:00,3536.70,3544.35,3536.70,3543.90,10325,3713150
EICHERMOT_F1,11/16/2022,09:52:00,3543.40,3548.90,3543.35,3543.35,11550,3713150
EICHERMOT_F1,11/16/2022,09:53:00,3542.75,3547.75,3542.75,3545.05,2800,3717875
EICHERMOT_F1,11/16/2022,09:54:00,3544.35,3548.15,3543.20,3548.15,3675,3717875
EICHERMOT_F1,11/16/2022,09:55:00,3547.00,3553.10,3547.00,3552.55,9275,3717875
EICHERMOT_F1,11/16/2022,09:56:00,3552.45,3553.20,3550.50,3552.00,6650,3714025
EICHERMOT_F1,11/16/2022,09:57:00,3552.00,3553.10,3549.90,3552.95,3325,3714025
EICHERMOT_F1,11/16/2022,09:58:00,3551.50,3553.25,3549.90,3550.50,4025,3714025
EICHERMOT_F1,11/16/2022,09:59:00,3552.30,3552.50,3546.60,3546.60,1575,3711925
EICHERMOT_F1,11/16/2022,10:00:00,3550.00,3552.90,3550.00,3551.90,2625,3711925
EICHERMOT_F1,11/16/2022,10:01:00,3553.10,3562.35,3553.10,3562.35,30100,3711925
EICHERMOT_F1,11/16/2022,10:02:00,3563.40,3569.00,3561.65,3562.10,43050,3697925
EICHERMOT_F1,11/16/2022,10:03:00,3564.55,3567.60,3561.85,3564.85,14875,3697925
EICHERMOT_F1,11/16/2022,10:04:00,3565.00,3567.85,3561.15,3561.15,10500,3697925
EICHERMOT_F1,11/16/2022,10:05:00,3562.85,3564.45,3562.85,3563.05,3325,3696175
EICHERMOT_F1,11/16/2022,10:06:00,3564.00,3565.90,3561.20,3563.65,4550,3696175
EICHERMOT_F1,11/16/2022,10:07:00,3563.90,3563.90,3554.50,3555.00,7525,3696175
EICHERMOT_F1,11/16/2022,10:08:00,3555.00,3561.50,3554.85,3561.50,4200,3695825
EICHERMOT_F1,11/16/2022,10:09:00,3561.65,3565.80,3561.45,3565.80,6475,3695825
EICHERMOT_F1,11/16/2022,10:10:00,3565.30,3566.90,3565.00,3566.35,7875,3695825
EICHERMOT_F1,11/16/2022,10:11:00,3566.35,3566.35,3560.25,3560.25,4025,3698625
EICHERMOT_F1,11/16/2022,10:12:00,3560.15,3561.75,3559.15,3561.70,3150,3698625
EICHERMOT_F1,11/16/2022,10:13:00,3562.95,3568.00,3562.95,3568.00,5950,3698625
EICHERMOT_F1,11/16/2022,10:14:00,3568.80,3574.70,3568.80,3573.65,23625,3697400
EICHERMOT_F1,11/16/2022,10:15:00,3575.90,3581.00,3575.35,3578.45,27475,3697400
EICHERMOT_F1,11/16/2022,10:16:00,3578.70,3582.15,3577.30,3580.40,22925,3697400
EICHERMOT_F1,11/16/2022,10:17:00,3580.40,3586.60,3580.40,3584.40,27475,3662225
EICHERMOT_F1,11/16/2022,10:18:00,3584.95,3585.95,3581.10,3581.25,10675,3662225
EICHERMOT_F1,11/16/2022,10:19:00,3580.40,3581.65,3577.30,3577.95,4550,3662225
EICHERMOT_F1,11/16/2022,10:20:00,3578.75,3584.35,3575.95,3575.95,9800,3656275
EICHERMOT_F1,11/16/2022,10:21:00,3576.10,3578.25,3574.05,3576.75,4900,3656275
EICHERMOT_F1,11/16/2022,10:22:00,3576.40,3576.80,3570.10,3572.80,6825,3656275
EICHERMOT_F1,11/16/2022,10:23:00,3572.80,3573.90,3572.35,3572.35,2450,3655575
EICHERMOT_F1,11/16/2022,10:24:00,3572.30,3573.05,3564.30,3565.35,6650,3655575
EICHERMOT_F1,11/16/2022,10:25:00,3566.65,3570.00,3561.65,3570.00,9100,3655575
EICHERMOT_F1,11/16/2022,10:26:00,3570.95,3579.15,3570.95,3579.15,8225,3659950
EICHERMOT_F1,11/16/2022,10:27:00,3579.45,3579.80,3575.60,3575.60,7000,3659950
EICHERMOT_F1,11/16/2022,10:28:00,3576.95,3577.20,3574.15,3577.20,5250,3659950
EICHERMOT_F1,11/16/2022,10:29:00,3578.90,3580.05,3573.45,3574.05,11200,3663450
EICHERMOT_F1,11/16/2022,10:30:00,3572.40,3575.95,3572.10,3574.65,2800,3663450
EICHERMOT_F1,11/16/2022,10:31:00,3575.85,3578.95,3575.50,3578.45,1750,3663450
EICHERMOT_F1,11/16/2022,10:32:00,3578.15,3578.15,3574.40,3575.00,2100,3663275
EICHERMOT_F1,11/16/2022,10:33:00,3574.45,3574.45,3569.20,3570.90,2275,3663275
EICHERMOT_F1,11/16/2022,10:34:00,3567.40,3568.30,3564.90,3566.25,6650,3663275
EICHERMOT_F1,11/16/2022,10:35:00,3566.65,3567.35,3566.65,3567.35,1750,3663800
EICHERMOT_F1,11/16/2022,10:36:00,3567.80,3568.95,3567.00,3567.40,2450,3663800
EICHERMOT_F1,11/16/2022,10:37:00,3566.85,3571.00,3566.85,3570.10,2275,3663800
EICHERMOT_F1,11/16/2022,10:38:00,3568.25,3570.05,3568.25,3569.10,875,3666600
EICHERMOT_F1,11/16/2022,10:39:00,3567.45,3568.40,3566.50,3566.50,1050,3666600
EICHERMOT_F1,11/16/2022,10:40:00,3565.95,3566.45,3565.00,3565.05,875,3666600
EICHERMOT_F1,11/16/2022,10:41:00,3565.35,3565.35,3559.90,3561.15,4375,3648400
EICHERMOT_F1,11/16/2022,10:42:00,3561.00,3564.50,3560.55,3563.10,2625,3648400
EICHERMOT_F1,11/16/2022,10:43:00,3561.85,3562.35,3560.00,3560.00,1925,3648400
EICHERMOT_F1,11/16/2022,10:44:00,3560.70,3562.85,3557.85,3561.90,5600,3650325
EICHERMOT_F1,11/16/2022,10:45:00,3562.00,3562.00,3561.05,3561.05,1225,3650325
EICHERMOT_F1,11/16/2022,10:46:00,3559.50,3563.15,3559.50,3563.15,2275,3650325
EICHERMOT_F1,11/16/2022,10:47:00,3563.05,3563.50,3562.50,3563.40,2100,3652950
EICHERMOT_F1,11/16/2022,10:48:00,3563.60,3564.95,3561.55,3562.55,2975,3652950
EICHERMOT_F1,11/16/2022,10:49:00,3561.70,3563.85,3561.70,3563.85,1400,3652950
EICHERMOT_F1,11/16/2022,10:50:00,3563.85,3563.85,3560.00,3560.00,1400,3655050
EICHERMOT_F1,11/16/2022,10:51:00,3558.85,3562.75,3558.85,3562.75,2275,3655050
EICHERMOT_F1,11/16/2022,10:52:00,3562.35,3562.35,3558.55,3558.55,1575,3655050
EICHERMOT_F1,11/16/2022,10:53:00,3558.10,3562.85,3558.10,3562.85,1400,3657325
EICHERMOT_F1,11/16/2022,10:54:00,3562.20,3562.20,3562.20,3562.20,525,3657325
EICHERMOT_F1,11/16/2022,10:55:00,3562.20,3562.20,3559.45,3560.35,4025,3657325
EICHERMOT_F1,11/16/2022,10:56:00,3560.45,3562.50,3559.90,3562.50,2275,3657325
EICHERMOT_F1,11/16/2022,10:57:00,3561.95,3562.85,3561.80,3562.85,2975,3658900
EICHERMOT_F1,11/16/2022,10:58:00,3563.15,3567.20,3563.15,3567.20,1225,3658900
EICHERMOT_F1,11/16/2022,10:59:00,3566.00,3568.30,3566.00,3566.70,1225,3658900
EICHERMOT_F1,11/16/2022,11:00:00,3568.35,3568.35,3567.80,3567.80,525,3659425
EICHERMOT_F1,11/16/2022,11:01:00,3567.55,3567.55,3566.50,3566.65,1575,3659425
EICHERMOT_F1,11/16/2022,11:02:00,3565.50,3568.90,3565.50,3568.90,2100,3659425
EICHERMOT_F1,11/16/2022,11:03:00,3567.00,3568.50,3567.00,3568.50,1575,3659950
EICHERMOT_F1,11/16/2022,11:04:00,3570.15,3573.95,3570.15,3573.85,2800,3659950
EICHERMOT_F1,11/16/2022,11:05:00,3575.00,3579.00,3574.70,3577.70,13125,3655225
EICHERMOT_F1,11/16/2022,11:06:00,3576.50,3577.00,3574.55,3574.90,2450,3655225
EICHERMOT_F1,11/16/2022,11:07:00,3574.35,3574.35,3572.40,3572.40,875,3655225
EICHERMOT_F1,11/16/2022,11:08:00,3572.40,3572.40,3570.00,3570.00,700,3655225
EICHERMOT_F1,11/16/2022,11:09:00,3569.10,3569.15,3568.60,3568.60,875,3655050
EICHERMOT_F1,11/16/2022,11:10:00,3566.50,3566.50,3561.05,3561.10,2450,3655050
EICHERMOT_F1,11/16/2022,11:11:00,3562.10,3562.10,3562.10,3562.10,525,3655050
EICHERMOT_F1,11/16/2022,11:12:00,3560.40,3560.65,3558.50,3558.50,2450,3655225
EICHERMOT_F1,11/16/2022,11:13:00,3558.85,3558.85,3556.45,3556.90,3675,3655225
EICHERMOT_F1,11/16/2022,11:14:00,3560.15,3560.15,3558.15,3559.55,5775,3655225
EICHERMOT_F1,11/16/2022,11:15:00,3557.70,3557.70,3556.50,3556.60,1225,3660300
EICHERMOT_F1,11/16/2022,11:16:00,3556.60,3556.60,3556.25,3556.25,1750,3660300
EICHERMOT_F1,11/16/2022,11:17:00,3556.25,3556.25,3551.85,3555.70,5425,3660300
EICHERMOT_F1,11/16/2022,11:18:00,3553.15,3555.80,3553.00,3555.80,2450,3661000
EICHERMOT_F1,11/16/2022,11:19:00,3556.85,3560.05,3556.00,3560.05,7175,3661000
EICHERMOT_F1,11/16/2022,11:20:00,3560.80,3560.95,3557.50,3560.55,9450,3667825
EICHERMOT_F1,11/16/2022,11:21:00,3561.20,3561.20,3559.00,3559.40,1050,3667825
EICHERMOT_F1,11/16/2022,11:22:00,3559.25,3560.00,3559.25,3559.50,1050,3667825
EICHERMOT_F1,11/16/2022,11:23:00,3559.80,3563.00,3559.25,3563.00,1050,3667825
EICHERMOT_F1,11/16/2022,11:24:00,3563.35,3563.75,3563.00,3563.75,1925,3668700
EICHERMOT_F1,11/16/2022,11:25:00,3563.95,3571.60,3563.95,3565.75,9100,3668700
EICHERMOT_F1,11/16/2022,11:26:00,3567.80,3570.90,3567.80,3569.10,3500,3668000
EICHERMOT_F1,11/16/2022,11:27:00,3569.20,3570.75,3568.90,3570.15,4200,3668000
EICHERMOT_F1,11/16/2022,11:28:00,3569.40,3571.80,3569.40,3570.60,3150,3668000
EICHERMOT_F1,11/16/2022,11:29:00,3567.95,3573.45,3567.95,3573.45,9450,3663975
EICHERMOT_F1,11/16/2022,11:30:00,3573.45,3573.45,3568.00,3568.00,1225,3663975
EICHERMOT_F1,11/16/2022,11:31:00,3566.40,3566.40,3561.80,3561.80,4725,3663975
EICHERMOT_F1,11/16/2022,11:32:00,3565.55,3565.55,3563.60,3563.60,1750,3663975
EICHERMOT_F1,11/16/2022,11:33:00,3563.60,3567.80,3563.60,3567.80,2100,3662400
EICHERMOT_F1,11/16/2022,11:34:00,3568.95,3570.00,3568.95,3570.00,700,3662400
EICHERMOT_F1,11/16/2022,11:35:00,3571.10,3571.85,3569.75,3570.85,1750,3662400
EICHERMOT_F1,11/16/2022,11:36:00,3571.55,3571.55,3571.55,3571.55,175,3661525
EICHERMOT_F1,11/16/2022,11:37:00,3569.15,3569.25,3567.05,3567.80,3325,3661525
EICHERMOT_F1,11/16/2022,11:38:00,3568.55,3572.75,3568.55,3572.55,3150,3661525
EICHERMOT_F1,11/16/2022,11:39:00,3571.20,3572.35,3571.20,3571.70,700,3659950
EICHERMOT_F1,11/16/2022,11:40:00,3571.25,3571.55,3570.60,3571.55,1575,3659950
EICHERMOT_F1,11/16/2022,11:41:00,3570.80,3570.80,3569.95,3569.95,525,3660300
EICHERMOT_F1,11/16/2022,11:42:00,3568.90,3580.65,3568.90,3577.70,18375,3660300
EICHERMOT_F1,11/16/2022,11:43:00,3573.90,3573.90,3566.25,3566.25,1925,3660300
EICHERMOT_F1,11/16/2022,11:44:00,3566.00,3566.25,3564.65,3564.65,3325,3660300
EICHERMOT_F1,11/16/2022,11:45:00,3563.00,3563.75,3561.05,3561.05,4200,3661525
EICHERMOT_F1,11/16/2022,11:46:00,3561.70,3562.60,3561.70,3562.60,1050,3661525
EICHERMOT_F1,11/16/2022,11:47:00,3563.85,3563.85,3561.90,3561.90,1050,3661525
EICHERMOT_F1,11/16/2022,11:48:00,3562.65,3563.30,3562.65,3563.30,1050,3662575
EICHERMOT_F1,11/16/2022,11:49:00,3563.55,3564.20,3562.00,3562.00,2800,3662575
EICHERMOT_F1,11/16/2022,11:50:00,3562.00,3562.35,3560.50,3562.35,1750,3662575
EICHERMOT_F1,11/16/2022,11:51:00,3560.30,3560.30,3558.25,3558.25,2450,3665375
EICHERMOT_F1,11/16/2022,11:52:00,3559.35,3561.35,3557.45,3561.35,5075,3665375
EICHERMOT_F1,11/16/2022,11:53:00,3561.45,3561.45,3558.90,3558.90,1750,3665375
EICHERMOT_F1,11/16/2022,11:54:00,3560.85,3561.00,3560.45,3560.90,1225,3668525
EICHERMOT_F1,11/16/2022,11:55:00,3560.00,3560.00,3556.45,3557.15,3325,3668525
EICHERMOT_F1,11/16/2022,11:56:00,3558.05,3561.10,3558.05,3559.70,2450,3668525
EICHERMOT_F1,11/16/2022,11:57:00,3559.50,3562.45,3559.50,3562.20,2275,3670800
EICHERMOT_F1,11/16/2022,11:58:00,3563.25,3563.45,3560.40,3560.40,1050,3670800
EICHERMOT_F1,11/16/2022,11:59:00,3561.00,3561.00,3560.05,3560.50,700,3670800
EICHERMOT_F1,11/16/2022,12:00:00,3560.60,3560.60,3559.00,3559.00,700,3672375
EICHERMOT_F1,11/16/2022,12:01:00,3557.35,3557.35,3555.55,3556.00,1050,3672375
EICHERMOT_F1,11/16/2022,12:02:00,3556.35,3556.80,3556.20,3556.75,700,3672375
EICHERMOT_F1,11/16/2022,12:03:00,3558.70,3558.70,3558.60,3558.60,525,3673075
EICHERMOT_F1,11/16/2022,12:04:00,3559.30,3559.30,3555.40,3555.75,2275,3673075
EICHERMOT_F1,11/16/2022,12:05:00,3555.75,3557.15,3555.75,3556.35,1050,3673075
EICHERMOT_F1,11/16/2022,12:06:00,3556.00,3556.00,3552.85,3555.40,4200,3672375
EICHERMOT_F1,11/16/2022,12:07:00,3556.10,3556.90,3556.10,3556.40,700,3672375
EICHERMOT_F1,11/16/2022,12:08:00,3556.00,3556.00,3553.55,3553.55,1050,3672375
EICHERMOT_F1,11/16/2022,12:09:00,3552.85,3553.55,3552.85,3553.55,1925,3674300
EICHERMOT_F1,11/16/2022,12:10:00,3553.20,3554.40,3552.80,3552.80,875,3674300
EICHERMOT_F1,11/16/2022,12:11:00,3552.30,3552.30,3551.80,3551.80,1750,3674300
EICHERMOT_F1,11/16/2022,12:12:00,3551.00,3551.40,3550.00,3550.25,1925,3674475
EICHERMOT_F1,11/16/2022,12:13:00,3551.75,3554.65,3551.75,3554.40,1050,3674475
EICHERMOT_F1,11/16/2022,12:14:00,3555.45,3555.45,3554.40,3554.40,525,3674475
EICHERMOT_F1,11/16/2022,12:15:00,3554.40,3555.80,3554.40,3555.40,3150,3674300
EICHERMOT_F1,11/16/2022,12:16:00,3555.40,3555.40,3553.00,3553.00,1575,3674300
EICHERMOT_F1,11/16/2022,12:17:00,3552.65,3552.65,3548.25,3548.25,2625,3674300
EICHERMOT_F1,11/16/2022,12:18:00,3547.90,3548.95,3546.95,3547.10,3150,3676750
EICHERMOT_F1,11/16/2022,12:19:00,3547.30,3551.10,3547.30,3549.25,1575,3676750
EICHERMOT_F1,11/16/2022,12:20:00,3549.95,3550.80,3549.95,3550.80,875,3676750
EICHERMOT_F1,11/16/2022,12:21:00,3551.90,3555.05,3551.90,3555.05,1225,3675000
EICHERMOT_F1,11/16/2022,12:22:00,3554.10,3554.10,3552.85,3552.95,875,3675000
EICHERMOT_F1,11/16/2022,12:23:00,3551.70,3551.70,3551.70,3551.70,700,3675000
EICHERMOT_F1,11/16/2022,12:24:00,3551.90,3552.00,3550.75,3551.10,2100,3674825
EICHERMOT_F1,11/16/2022,12:25:00,3550.60,3550.60,3549.15,3550.30,1400,3674825
EICHERMOT_F1,11/16/2022,12:26:00,3550.10,3550.10,3549.75,3549.75,1050,3674825
EICHERMOT_F1,11/16/2022,12:27:00,3549.55,3549.95,3549.00,3549.95,875,3675000
EICHERMOT_F1,11/16/2022,12:29:00,3547.85,3550.25,3547.85,3550.25,2625,3675000
EICHERMOT_F1,11/16/2022,12:30:00,3550.25,3550.25,3547.50,3548.00,1050,3675875
EICHERMOT_F1,11/16/2022,12:31:00,3549.60,3549.60,3548.45,3549.50,1050,3675875
EICHERMOT_F1,11/16/2022,12:32:00,3549.20,3549.45,3549.20,3549.45,875,3675875
EICHERMOT_F1,11/16/2022,12:33:00,3550.35,3550.35,3549.70,3549.70,700,3676225
EICHERMOT_F1,11/16/2022,12:34:00,3550.95,3552.45,3550.95,3552.45,1400,3676225
EICHERMOT_F1,11/16/2022,12:35:00,3552.90,3552.90,3551.30,3552.50,700,3676225
EICHERMOT_F1,11/16/2022,12:36:00,3552.45,3554.25,3552.45,3553.50,1400,3675875
EICHERMOT_F1,11/16/2022,12:37:00,3552.00,3552.00,3551.35,3551.35,1050,3675875
EICHERMOT_F1,11/16/2022,12:38:00,3551.10,3553.10,3551.05,3551.05,1225,3675875
EICHERMOT_F1,11/16/2022,12:40:00,3550.00,3550.00,3548.00,3548.00,2275,3676750
EICHERMOT_F1,11/16/2022,12:41:00,3547.05,3548.70,3547.05,3548.70,2625,3676750
EICHERMOT_F1,11/16/2022,12:42:00,3550.50,3550.50,3549.90,3549.90,525,3672725
EICHERMOT_F1,11/16/2022,12:43:00,3548.90,3548.90,3547.05,3547.05,1225,3672725
EICHERMOT_F1,11/16/2022,12:44:00,3548.10,3549.00,3547.70,3549.00,1050,3672725
EICHERMOT_F1,11/16/2022,12:45:00,3551.10,3551.55,3551.10,3551.55,350,3673600
EICHERMOT_F1,11/16/2022,12:47:00,3551.35,3551.35,3551.35,3551.35,175,3673600
EICHERMOT_F1,11/16/2022,12:48:00,3550.10,3551.20,3549.50,3549.50,525,3673775
EICHERMOT_F1,11/16/2022,12:49:00,3549.50,3549.50,3549.15,3549.45,875,3673775
EICHERMOT_F1,11/16/2022,12:50:00,3551.60,3551.60,3547.70,3548.45,3675,3673775
EICHERMOT_F1,11/16/2022,12:51:00,3549.00,3549.00,3549.00,3549.00,175,3673775
EICHERMOT_F1,11/16/2022,12:52:00,3548.10,3548.10,3547.10,3547.10,700,3675525
EICHERMOT_F1,11/16/2022,12:53:00,3547.25,3547.45,3547.00,3547.45,1575,3675525
EICHERMOT_F1,11/16/2022,12:54:00,3549.05,3551.40,3549.05,3551.40,1225,3676050
EICHERMOT_F1,11/16/2022,12:55:00,3550.20,3551.55,3549.50,3551.55,1925,3676050
EICHERMOT_F1,11/16/2022,12:56:00,3551.55,3551.55,3548.40,3548.40,2975,3676050
EICHERMOT_F1,11/16/2022,12:57:00,3548.50,3549.40,3547.25,3549.40,875,3679200
EICHERMOT_F1,11/16/2022,12:58:00,3549.20,3549.20,3549.20,3549.20,175,3679200
EICHERMOT_F1,11/16/2022,12:59:00,3548.40,3549.65,3548.40,3549.65,1050,3679200
EICHERMOT_F1,11/16/2022,13:00:00,3549.85,3549.85,3546.85,3547.45,3150,3679025
EICHERMOT_F1,11/16/2022,13:01:00,3549.00,3549.60,3548.10,3549.30,2275,3679025
EICHERMOT_F1,11/16/2022,13:02:00,3548.00,3548.00,3547.30,3547.30,875,3679025
EICHERMOT_F1,11/16/2022,13:03:00,3547.35,3547.35,3545.05,3545.05,4550,3678500
EICHERMOT_F1,11/16/2022,13:04:00,3546.60,3546.60,3545.20,3545.20,700,3678500
EICHERMOT_F1,11/16/2022,13:05:00,3544.55,3548.00,3544.15,3546.20,2450,3678500
EICHERMOT_F1,11/16/2022,13:06:00,3545.75,3545.75,3538.00,3538.00,5075,3679200
EICHERMOT_F1,11/16/2022,13:07:00,3539.10,3541.20,3537.20,3539.45,3500,3679200
EICHERMOT_F1,11/16/2022,13:08:00,3538.50,3538.50,3535.05,3535.05,1750,3679200
EICHERMOT_F1,11/16/2022,13:09:00,3534.60,3536.55,3534.15,3536.00,5425,3679025
EICHERMOT_F1,11/16/2022,13:10:00,3535.50,3536.00,3535.10,3536.00,1750,3679025
EICHERMOT_F1,11/16/2022,13:11:00,3535.85,3535.85,3534.80,3535.55,4725,3679025
EICHERMOT_F1,11/16/2022,13:12:00,3536.55,3539.75,3536.55,3539.75,3675,3675000
EICHERMOT_F1,11/16/2022,13:13:00,3538.85,3538.85,3537.00,3537.00,1750,3675000
EICHERMOT_F1,11/16/2022,13:14:00,3537.65,3538.35,3537.65,3538.00,875,3675000
EICHERMOT_F1,11/16/2022,13:15:00,3536.50,3538.05,3534.20,3534.25,2975,3675525
EICHERMOT_F1,11/16/2022,13:16:00,3534.20,3534.20,3530.00,3531.45,5775,3675525
EICHERMOT_F1,11/16/2022,13:17:00,3533.00,3533.20,3533.00,3533.20,3850,3675525
EICHERMOT_F1,11/16/2022,13:18:00,3532.20,3532.35,3532.20,3532.35,350,3676400
EICHERMOT_F1,11/16/2022,13:19:00,3532.75,3532.75,3532.75,3532.75,175,3676400
EICHERMOT_F1,11/16/2022,13:21:00,3533.60,3534.70,3533.60,3534.00,875,3676225
EICHERMOT_F1,11/16/2022,13:22:00,3532.70,3532.70,3531.35,3531.35,350,3676225
EICHERMOT_F1,11/16/2022,13:23:00,3531.35,3531.35,3531.35,3531.35,175,3676225
EICHERMOT_F1,11/16/2022,13:24:00,3533.50,3533.50,3532.00,3532.00,700,3676750
EICHERMOT_F1,11/16/2022,13:25:00,3531.80,3531.80,3530.10,3530.10,2800,3676750
EICHERMOT_F1,11/16/2022,13:26:00,3531.05,3531.05,3530.85,3531.00,1750,3676750
EICHERMOT_F1,11/16/2022,13:27:00,3531.15,3531.15,3531.15,3531.15,525,3675000
EICHERMOT_F1,11/16/2022,13:28:00,3528.05,3530.30,3528.00,3529.65,5250,3675000
EICHERMOT_F1,11/16/2022,13:29:00,3529.50,3532.30,3529.50,3531.85,2800,3675000
EICHERMOT_F1,11/16/2022,13:30:00,3531.90,3533.60,3531.90,3532.00,1750,3675700
EICHERMOT_F1,11/16/2022,13:31:00,3533.20,3533.65,3533.20,3533.65,1050,3675700
EICHERMOT_F1,11/16/2022,13:32:00,3533.40,3533.40,3533.35,3533.40,525,3675700
EICHERMOT_F1,11/16/2022,13:33:00,3533.00,3534.85,3533.00,3534.85,1750,3676225
EICHERMOT_F1,11/16/2022,13:34:00,3535.15,3535.15,3533.95,3535.00,1925,3676225
EICHERMOT_F1,11/16/2022,13:35:00,3536.50,3540.70,3536.50,3540.70,1575,3676225
EICHERMOT_F1,11/16/2022,13:36:00,3539.00,3539.00,3538.80,3539.00,1050,3675700
EICHERMOT_F1,11/16/2022,13:37:00,3538.50,3538.50,3535.85,3535.85,700,3675700
EICHERMOT_F1,11/16/2022,13:38:00,3534.85,3534.85,3533.10,3534.00,1050,3675700
EICHERMOT_F1,11/16/2022,13:39:00,3534.15,3537.20,3533.15,3536.90,3325,3676575
EICHERMOT_F1,11/16/2022,13:40:00,3537.40,3539.50,3537.40,3539.50,1050,3676575
EICHERMOT_F1,11/16/2022,13:41:00,3540.75,3540.75,3540.75,3540.75,1050,3676575
EICHERMOT_F1,11/16/2022,13:42:00,3536.90,3536.90,3536.90,3536.90,350,3675875
EICHERMOT_F1,11/16/2022,13:43:00,3538.00,3539.35,3538.00,3538.35,2625,3675875
EICHERMOT_F1,11/16/2022,13:44:00,3538.80,3540.00,3538.80,3540.00,1225,3675875
EICHERMOT_F1,11/16/2022,13:45:00,3539.65,3542.20,3539.65,3541.95,1925,3676925
EICHERMOT_F1,11/16/2022,13:46:00,3541.80,3541.80,3538.30,3538.30,700,3676925
EICHERMOT_F1,11/16/2022,13:47:00,3539.50,3539.50,3539.50,3539.50,175,3676925
EICHERMOT_F1,11/16/2022,13:48:00,3536.45,3539.55,3536.45,3539.55,875,3677275
EICHERMOT_F1,11/16/2022,13:49:00,3537.60,3537.60,3537.60,3537.60,175,3677275
EICHERMOT_F1,11/16/2022,13:50:00,3537.65,3537.65,3537.65,3537.65,350,3677275
EICHERMOT_F1,11/16/2022,13:51:00,3538.65,3538.65,3538.65,3538.65,175,3677450
EICHERMOT_F1,11/16/2022,13:52:00,3538.70,3540.70,3538.10,3540.70,1400,3677450
EICHERMOT_F1,11/16/2022,13:53:00,3537.25,3538.25,3537.25,3538.25,525,3677450
EICHERMOT_F1,11/16/2022,13:55:00,3538.50,3538.50,3538.50,3538.50,175,3677450
EICHERMOT_F1,11/16/2022,13:56:00,3538.00,3538.00,3537.20,3537.40,525,3676575
EICHERMOT_F1,11/16/2022,13:57:00,3536.85,3536.85,3536.65,3536.65,350,3676400
EICHERMOT_F1,11/16/2022,13:58:00,3537.45,3538.45,3537.45,3538.45,875,3676400
EICHERMOT_F1,11/16/2022,13:59:00,3538.90,3539.80,3538.90,3539.10,1575,3676400
EICHERMOT_F1,11/16/2022,14:00:00,3539.95,3540.00,3539.15,3539.15,1750,3674650
EICHERMOT_F1,11/16/2022,14:01:00,3538.50,3538.50,3537.80,3538.00,875,3674650
EICHERMOT_F1,11/16/2022,14:02:00,3538.00,3540.75,3537.70,3539.30,2100,3674650
EICHERMOT_F1,11/16/2022,14:03:00,3542.20,3542.20,3541.55,3541.55,4025,3673950
EICHERMOT_F1,11/16/2022,14:04:00,3542.40,3542.40,3540.35,3540.35,6300,3673950
EICHERMOT_F1,11/16/2022,14:05:00,3540.65,3541.15,3540.65,3541.15,525,3673950
EICHERMOT_F1,11/16/2022,14:06:00,3541.70,3541.70,3538.95,3539.50,1575,3676925
EICHERMOT_F1,11/16/2022,14:07:00,3537.60,3537.60,3537.60,3537.60,700,3676925
EICHERMOT_F1,11/16/2022,14:08:00,3533.50,3534.50,3533.40,3534.50,1750,3676925
EICHERMOT_F1,11/16/2022,14:09:00,3534.45,3534.75,3534.45,3534.75,700,3675525
EICHERMOT_F1,11/16/2022,14:10:00,3533.35,3533.65,3530.40,3533.65,3675,3675525
EICHERMOT_F1,11/16/2022,14:11:00,3533.00,3533.00,3532.15,3532.40,525,3675525
EICHERMOT_F1,11/16/2022,14:12:00,3532.25,3532.25,3530.95,3530.95,1050,3672725
EICHERMOT_F1,11/16/2022,14:13:00,3530.70,3530.70,3525.70,3527.25,7350,3672725
EICHERMOT_F1,11/16/2022,14:14:00,3527.15,3527.35,3521.20,3521.20,9450,3672725
EICHERMOT_F1,11/16/2022,14:15:00,3521.00,3521.00,3509.65,3513.45,29750,3664150
EICHERMOT_F1,11/16/2022,14:16:00,3513.10,3517.25,3512.80,3516.00,6475,3664150
EICHERMOT_F1,11/16/2022,14:17:00,3515.85,3520.85,3515.25,3518.35,3850,3664150
EICHERMOT_F1,11/16/2022,14:18:00,3516.85,3517.20,3515.00,3517.20,2275,3659600
EICHERMOT_F1,11/16/2022,14:19:00,3518.45,3518.45,3516.15,3516.35,2800,3659600
EICHERMOT_F1,11/16/2022,14:20:00,3517.60,3517.60,3515.45,3515.75,2275,3659600
EICHERMOT_F1,11/16/2022,14:21:00,3515.65,3515.65,3505.70,3507.20,10675,3652775
EICHERMOT_F1,11/16/2022,14:22:00,3508.20,3511.75,3507.25,3511.75,5950,3652775
EICHERMOT_F1,11/16/2022,14:23:00,3510.55,3511.80,3509.15,3511.05,3500,3652775
EICHERMOT_F1,11/16/2022,14:24:00,3513.15,3515.35,3511.40,3515.00,3500,3649800
EICHERMOT_F1,11/16/2022,14:25:00,3514.40,3514.40,3510.00,3510.00,4375,3649800
EICHERMOT_F1,11/16/2022,14:26:00,3511.85,3513.00,3510.00,3510.00,1925,3649800
EICHERMOT_F1,11/16/2022,14:27:00,3510.20,3513.50,3508.60,3512.50,2450,3648400
EICHERMOT_F1,11/16/2022,14:28:00,3512.50,3514.35,3512.50,3514.35,875,3648400
EICHERMOT_F1,11/16/2022,14:29:00,3512.50,3514.05,3512.50,3514.05,700,3648400
EICHERMOT_F1,11/16/2022,14:30:00,3514.75,3514.75,3513.15,3514.55,1225,3648225
EICHERMOT_F1,11/16/2022,14:31:00,3514.55,3514.55,3511.00,3513.55,2975,3648225
EICHERMOT_F1,11/16/2022,14:32:00,3511.15,3512.60,3511.15,3511.25,1400,3648225
EICHERMOT_F1,11/16/2022,14:33:00,3511.00,3512.80,3509.65,3509.65,1750,3649100
EICHERMOT_F1,11/16/2022,14:34:00,3508.50,3509.30,3507.30,3509.30,875,3649100
EICHERMOT_F1,11/16/2022,14:35:00,3507.90,3509.05,3507.20,3507.20,2800,3649100
EICHERMOT_F1,11/16/2022,14:36:00,3509.10,3509.55,3507.00,3509.55,3325,3650150
EICHERMOT_F1,11/16/2022,14:37:00,3508.30,3509.70,3508.00,3509.65,1925,3650150
EICHERMOT_F1,11/16/2022,14:38:00,3509.00,3509.00,3505.40,3507.10,4725,3650150
EICHERMOT_F1,11/16/2022,14:39:00,3506.15,3509.00,3502.20,3509.00,7350,3655225
EICHERMOT_F1,11/16/2022,14:40:00,3509.45,3509.45,3507.05,3508.00,2275,3655225
EICHERMOT_F1,11/16/2022,14:41:00,3507.70,3507.70,3503.30,3503.60,2100,3655225
EICHERMOT_F1,11/16/2022,14:42:00,3503.40,3503.60,3496.80,3501.50,18550,3651025
EICHERMOT_F1,11/16/2022,14:43:00,3500.65,3502.35,3491.75,3494.55,26775,3651025
EICHERMOT_F1,11/16/2022,14:44:00,3495.60,3502.65,3495.00,3500.00,8925,3651025
EICHERMOT_F1,11/16/2022,14:45:00,3499.20,3502.55,3493.45,3493.45,5775,3647175
EICHERMOT_F1,11/16/2022,14:46:00,3493.90,3493.90,3486.60,3489.00,7875,3647175
EICHERMOT_F1,11/16/2022,14:47:00,3489.25,3492.95,3487.85,3492.85,5425,3647175
EICHERMOT_F1,11/16/2022,14:48:00,3490.90,3490.90,3478.45,3478.45,12950,3645775
EICHERMOT_F1,11/16/2022,14:49:00,3478.55,3480.65,3467.80,3468.50,32725,3645775
EICHERMOT_F1,11/16/2022,14:50:00,3471.00,3493.75,3471.00,3493.05,17675,3645775
EICHERMOT_F1,11/16/2022,14:51:00,3496.15,3505.60,3495.75,3505.60,14875,3620575
EICHERMOT_F1,11/16/2022,14:52:00,3504.85,3504.85,3494.55,3494.55,6475,3620575
EICHERMOT_F1,11/16/2022,14:53:00,3490.55,3501.55,3490.55,3500.00,7875,3620575
EICHERMOT_F1,11/16/2022,14:54:00,3500.40,3500.40,3495.85,3497.55,4025,3621975
EICHERMOT_F1,11/16/2022,14:55:00,3498.75,3501.85,3498.75,3498.80,2275,3621975
EICHERMOT_F1,11/16/2022,14:56:00,3498.75,3503.30,3498.00,3500.65,6475,3621975
EICHERMOT_F1,11/16/2022,14:57:00,3500.65,3501.10,3500.20,3501.10,1225,3616550
EICHERMOT_F1,11/16/2022,14:58:00,3504.85,3506.00,3501.05,3502.30,5775,3616550
EICHERMOT_F1,11/16/2022,14:59:00,3500.25,3502.30,3500.25,3502.20,1925,3616550
EICHERMOT_F1,11/16/2022,15:00:00,3498.85,3504.15,3498.85,3504.15,7875,3613400
EICHERMOT_F1,11/16/2022,15:01:00,3505.95,3510.00,3504.05,3509.70,4900,3613400
EICHERMOT_F1,11/16/2022,15:02:00,3507.30,3507.40,3503.15,3505.00,2975,3613400
EICHERMOT_F1,11/16/2022,15:03:00,3505.80,3508.45,3505.80,3506.15,2100,3603600
EICHERMOT_F1,11/16/2022,15:04:00,3506.00,3506.75,3504.50,3506.75,1400,3603600
EICHERMOT_F1,11/16/2022,15:05:00,3505.55,3506.50,3503.60,3505.20,8750,3603600
EICHERMOT_F1,11/16/2022,15:06:00,3505.55,3510.15,3505.55,3509.05,2625,3599925
EICHERMOT_F1,11/16/2022,15:07:00,3508.30,3513.00,3508.05,3513.00,4200,3599925
EICHERMOT_F1,11/16/2022,15:08:00,3511.60,3511.60,3509.85,3510.20,1575,3599925
EICHERMOT_F1,11/16/2022,15:09:00,3510.00,3516.00,3510.00,3513.75,4025,3598350
EICHERMOT_F1,11/16/2022,15:10:00,3513.15,3514.90,3508.40,3509.00,5250,3598350
EICHERMOT_F1,11/16/2022,15:11:00,3509.95,3512.15,3509.75,3510.20,2450,3598350
EICHERMOT_F1,11/16/2022,15:12:00,3510.40,3516.00,3509.65,3515.20,5425,3596250
EICHERMOT_F1,11/16/2022,15:13:00,3513.80,3514.00,3511.60,3511.65,6825,3596250
EICHERMOT_F1,11/16/2022,15:14:00,3510.65,3513.35,3510.00,3510.00,3325,3596250
EICHERMOT_F1,11/16/2022,15:15:00,3512.15,3514.45,3508.85,3508.85,4725,3591875
EICHERMOT_F1,11/16/2022,15:16:00,3510.60,3511.05,3507.40,3510.00,6475,3591875
EICHERMOT_F1,11/16/2022,15:17:00,3509.50,3511.00,3508.80,3508.95,4900,3591875
EICHERMOT_F1,11/16/2022,15:18:00,3510.00,3510.70,3509.25,3509.25,3500,3585925
EICHERMOT_F1,11/16/2022,15:19:00,3508.20,3508.70,3505.50,3505.85,3500,3585925
EICHERMOT_F1,11/16/2022,15:20:00,3505.00,3508.35,3503.50,3505.35,7700,3585925
EICHERMOT_F1,11/16/2022,15:21:00,3504.65,3507.75,3504.65,3506.45,3500,3579975
EICHERMOT_F1,11/16/2022,15:22:00,3506.45,3508.40,3506.45,3508.00,4025,3579975
EICHERMOT_F1,11/16/2022,15:23:00,3507.50,3508.95,3507.50,3508.00,2975,3579975
EICHERMOT_F1,11/16/2022,15:24:00,3508.20,3509.25,3507.50,3509.25,4025,3575600
EICHERMOT_F1,11/16/2022,15:25:00,3508.15,3510.00,3508.15,3509.90,4375,3575600
EICHERMOT_F1,11/16/2022,15:26:00,3510.40,3512.75,3510.05,3510.05,9625,3575600
EICHERMOT_F1,11/16/2022,15:27:00,3510.10,3510.95,3507.20,3507.20,5425,3569125
EICHERMOT_F1,11/16/2022,15:28:00,3508.85,3510.80,3508.00,3509.05,2975,3569125
EICHERMOT_F1,11/16/2022,15:29:00,3509.00,3512.45,3506.80,3512.45,6300,3569125
EICHERMOT_F1,11/17/2022,09:15:00,3486.85,3495.65,3437.25,3451.55,35876,3470075
EICHERMOT_F1,11/17/2022,09:16:00,3468.80,3468.80,3427.60,3440.50,45150,3470075
EICHERMOT_F1,11/17/2022,09:17:00,3442.15,3444.95,3430.90,3437.25,44100,3491250
EICHERMOT_F1,11/17/2022,09:18:00,3437.35,3465.95,3436.60,3456.95,25550,3491250
EICHERMOT_F1,11/17/2022,09:19:00,3460.00,3478.25,3455.95,3472.60,18025,3491250
EICHERMOT_F1,11/17/2022,09:20:00,3472.60,3478.40,3466.85,3476.00,12075,3494575
EICHERMOT_F1,11/17/2022,09:21:00,3473.25,3482.35,3472.50,3481.65,20125,3494575
EICHERMOT_F1,11/17/2022,09:22:00,3476.30,3501.25,3476.30,3492.85,29575,3494575
EICHERMOT_F1,11/17/2022,09:23:00,3490.90,3493.75,3479.10,3479.10,6825,3500875
EICHERMOT_F1,11/17/2022,09:24:00,3474.15,3482.40,3470.05,3476.25,10500,3500875
EICHERMOT_F1,11/17/2022,09:25:00,3476.25,3483.70,3475.05,3480.75,5250,3500875
EICHERMOT_F1,11/17/2022,09:26:00,3478.05,3478.05,3472.10,3475.60,5775,3500350
EICHERMOT_F1,11/17/2022,09:27:00,3475.55,3475.55,3459.80,3464.20,17850,3500350
EICHERMOT_F1,11/17/2022,09:28:00,3462.50,3470.05,3456.85,3468.55,12425,3500350
EICHERMOT_F1,11/17/2022,09:29:00,3466.60,3468.55,3457.05,3457.15,8750,3500000
EICHERMOT_F1,11/17/2022,09:30:00,3456.40,3459.45,3455.00,3455.25,7350,3500000
EICHERMOT_F1,11/17/2022,09:31:00,3454.45,3457.00,3443.00,3443.35,20825,3500000
EICHERMOT_F1,11/17/2022,09:32:00,3443.80,3459.95,3443.35,3459.95,11550,3498600
EICHERMOT_F1,11/17/2022,09:33:00,3458.90,3458.90,3450.25,3450.75,7525,3498600
EICHERMOT_F1,11/17/2022,09:34:00,3450.20,3451.30,3447.85,3451.30,4550,3498600
EICHERMOT_F1,11/17/2022,09:35:00,3451.30,3454.60,3448.35,3454.60,5950,3498950
EICHERMOT_F1,11/17/2022,09:36:00,3453.50,3454.15,3450.90,3452.45,1750,3498950
EICHERMOT_F1,11/17/2022,09:37:00,3451.35,3459.55,3451.20,3456.95,4025,3498950
EICHERMOT_F1,11/17/2022,09:38:00,3456.90,3459.25,3456.00,3458.05,2450,3498950
EICHERMOT_F1,11/17/2022,09:39:00,3457.25,3460.00,3457.20,3460.00,1750,3498950
EICHERMOT_F1,11/17/2022,09:40:00,3458.85,3460.55,3457.05,3460.55,4375,3498950
EICHERMOT_F1,11/17/2022,09:41:00,3461.45,3464.00,3460.65,3461.80,3675,3501400
EICHERMOT_F1,11/17/2022,09:42:00,3461.80,3461.80,3459.40,3460.05,1925,3501400
EICHERMOT_F1,11/17/2022,09:43:00,3460.25,3460.25,3458.90,3458.90,5775,3501400
EICHERMOT_F1,11/17/2022,09:44:00,3458.00,3458.00,3452.00,3452.00,3150,3503850
EICHERMOT_F1,11/17/2022,09:45:00,3450.20,3451.50,3450.00,3451.50,3325,3503850
EICHERMOT_F1,11/17/2022,09:46:00,3451.55,3452.05,3448.95,3452.05,4550,3503850
EICHERMOT_F1,11/17/2022,09:47:00,3452.00,3452.00,3449.45,3451.00,1400,3505425
EICHERMOT_F1,11/17/2022,09:48:00,3451.00,3452.75,3449.95,3452.75,2800,3505425
EICHERMOT_F1,11/17/2022,09:49:00,3453.40,3459.60,3453.40,3458.75,7875,3505425
EICHERMOT_F1,11/17/2022,09:50:00,3460.55,3463.85,3455.65,3455.65,7525,3508925
EICHERMOT_F1,11/17/2022,09:51:00,3456.55,3458.45,3456.55,3457.00,2450,3508925
EICHERMOT_F1,11/17/2022,09:52:00,3455.20,3457.00,3455.20,3457.00,350,3508925
EICHERMOT_F1,11/17/2022,09:53:00,3456.45,3457.75,3456.45,3457.70,1575,3507175
EICHERMOT_F1,11/17/2022,09:54:00,3455.90,3455.95,3455.90,3455.95,525,3507175
EICHERMOT_F1,11/17/2022,09:55:00,3455.95,3466.55,3455.95,3463.00,3325,3507175
EICHERMOT_F1,11/17/2022,09:56:00,3465.65,3467.35,3462.15,3467.35,2100,3505075
EICHERMOT_F1,11/17/2022,09:57:00,3465.05,3477.50,3465.05,3473.20,8400,3505075
EICHERMOT_F1,11/17/2022,09:58:00,3472.05,3472.70,3471.95,3472.70,1050,3505075
EICHERMOT_F1,11/17/2022,09:59:00,3471.85,3473.65,3471.10,3471.10,4025,3503850
EICHERMOT_F1,11/17/2022,10:00:00,3471.10,3471.50,3470.35,3470.35,875,3503850
EICHERMOT_F1,11/17/2022,10:01:00,3471.40,3471.40,3469.30,3471.00,1750,3503850
EICHERMOT_F1,11/17/2022,10:02:00,3472.00,3489.00,3472.00,3488.40,8400,3501575
EICHERMOT_F1,11/17/2022,10:03:00,3486.15,3486.15,3471.70,3471.70,5950,3501575
EICHERMOT_F1,11/17/2022,10:04:00,3470.00,3472.20,3469.35,3471.60,2100,3501575
EICHERMOT_F1,11/17/2022,10:05:00,3473.65,3476.85,3473.55,3473.55,3325,3502625
EICHERMOT_F1,11/17/2022,10:06:00,3471.00,3471.50,3470.45,3471.50,875,3502625
EICHERMOT_F1,11/17/2022,10:07:00,3472.90,3473.40,3472.00,3472.00,2275,3502625
EICHERMOT_F1,11/17/2022,10:08:00,3472.00,3472.00,3470.40,3470.40,2100,3499650
EICHERMOT_F1,11/17/2022,10:09:00,3471.65,3474.20,3471.65,3474.10,2625,3499650
EICHERMOT_F1,11/17/2022,10:10:00,3471.15,3473.65,3470.05,3472.35,1750,3499650
EICHERMOT_F1,11/17/2022,10:11:00,3474.60,3474.60,3471.15,3471.45,1050,3498600
EICHERMOT_F1,11/17/2022,10:12:00,3471.45,3471.45,3469.40,3469.40,525,3498600
EICHERMOT_F1,11/17/2022,10:13:00,3470.00,3471.00,3469.90,3470.55,700,3498600
EICHERMOT_F1,11/17/2022,10:14:00,3469.95,3469.95,3468.90,3469.00,1400,3497900
EICHERMOT_F1,11/17/2022,10:15:00,3469.05,3471.05,3467.80,3471.05,2100,3497900
EICHERMOT_F1,11/17/2022,10:16:00,3471.05,3474.60,3471.05,3474.60,1400,3497900
EICHERMOT_F1,11/17/2022,10:17:00,3474.35,3474.35,3471.00,3471.00,2100,3497550
EICHERMOT_F1,11/17/2022,10:18:00,3471.30,3472.10,3471.30,3471.90,1225,3497550
EICHERMOT_F1,11/17/2022,10:19:00,3470.75,3471.75,3470.55,3471.75,1750,3497550
EICHERMOT_F1,11/17/2022,10:20:00,3472.05,3475.40,3471.00,3473.70,5950,3495450
EICHERMOT_F1,11/17/2022,10:21:00,3473.70,3474.95,3470.65,3470.90,4200,3495450
EICHERMOT_F1,11/17/2022,10:22:00,3472.40,3472.40,3472.40,3472.40,175,3495450
EICHERMOT_F1,11/17/2022,10:23:00,3471.10,3471.10,3470.05,3470.05,1225,3495450
EICHERMOT_F1,11/17/2022,10:24:00,3470.15,3471.70,3470.15,3470.70,1750,3496675
EICHERMOT_F1,11/17/2022,10:25:00,3471.20,3471.20,3466.30,3466.30,3850,3496675
EICHERMOT_F1,11/17/2022,10:26:00,3464.55,3466.55,3462.65,3465.15,3500,3496850
EICHERMOT_F1,11/17/2022,10:27:00,3465.65,3470.10,3465.65,3470.10,2275,3496850
EICHERMOT_F1,11/17/2022,10:28:00,3470.75,3471.00,3469.35,3471.00,875,3496850
EICHERMOT_F1,11/17/2022,10:29:00,3471.00,3471.00,3471.00,3471.00,175,3496325
EICHERMOT_F1,11/17/2022,10:30:00,3468.75,3471.40,3468.75,3469.85,1225,3496325
EICHERMOT_F1,11/17/2022,10:31:00,3470.15,3471.25,3468.50,3468.50,2450,3496325
EICHERMOT_F1,11/17/2022,10:32:00,3467.05,3467.55,3466.00,3466.00,1225,3497375
EICHERMOT_F1,11/17/2022,10:33:00,3466.00,3466.00,3465.00,3465.00,1050,3497375
EICHERMOT_F1,11/17/2022,10:34:00,3464.30,3466.70,3461.70,3465.40,4725,3497375
EICHERMOT_F1,11/17/2022,10:35:00,3465.40,3465.40,3465.40,3465.40,525,3496850
EICHERMOT_F1,11/17/2022,10:36:00,3464.15,3464.15,3463.50,3463.50,700,3496850
EICHERMOT_F1,11/17/2022,10:37:00,3464.40,3464.40,3462.50,3462.55,1050,3496850
EICHERMOT_F1,11/17/2022,10:38:00,3462.70,3462.95,3461.35,3461.50,3150,3495975
EICHERMOT_F1,11/17/2022,10:39:00,3462.95,3462.95,3461.25,3461.25,875,3495975
EICHERMOT_F1,11/17/2022,10:40:00,3462.10,3462.10,3461.25,3462.00,700,3495975
EICHERMOT_F1,11/17/2022,10:41:00,3461.60,3461.60,3454.90,3455.60,9450,3496150
EICHERMOT_F1,11/17/2022,10:42:00,3455.45,3459.10,3454.65,3457.90,3325,3496150
EICHERMOT_F1,11/17/2022,10:43:00,3460.00,3460.50,3459.20,3459.70,1925,3496150
EICHERMOT_F1,11/17/2022,10:44:00,3459.00,3459.00,3457.30,3457.30,1400,3498250
EICHERMOT_F1,11/17/2022,10:45:00,3456.95,3459.10,3456.95,3458.45,700,3498250
EICHERMOT_F1,11/17/2022,10:46:00,3457.80,3461.05,3457.80,3461.05,700,3498250
EICHERMOT_F1,11/17/2022,10:47:00,3461.75,3461.75,3461.75,3461.75,525,3498250
EICHERMOT_F1,11/17/2022,10:48:00,3462.35,3463.65,3462.20,3463.65,1400,3497725
EICHERMOT_F1,11/17/2022,10:49:00,3464.15,3464.15,3464.10,3464.10,1050,3497725
EICHERMOT_F1,11/17/2022,10:50:00,3464.15,3465.10,3464.15,3465.10,1575,3496500
EICHERMOT_F1,11/17/2022,10:51:00,3465.10,3465.10,3465.00,3465.00,525,3496500
EICHERMOT_F1,11/17/2022,10:52:00,3464.25,3464.25,3461.90,3463.60,1225,3496500
EICHERMOT_F1,11/17/2022,10:53:00,3463.85,3463.85,3463.85,3463.85,350,3496500
EICHERMOT_F1,11/17/2022,10:54:00,3465.25,3467.15,3465.25,3467.15,700,3496675
EICHERMOT_F1,11/17/2022,10:55:00,3466.40,3467.05,3466.40,3467.05,350,3496675
EICHERMOT_F1,11/17/2022,10:56:00,3467.10,3467.25,3467.10,3467.25,525,3496675
EICHERMOT_F1,11/17/2022,10:57:00,3467.25,3467.25,3465.85,3466.70,1050,3496325
EICHERMOT_F1,11/17/2022,10:59:00,3467.10,3467.10,3463.95,3463.95,525,3497200
EICHERMOT_F1,11/17/2022,11:00:00,3462.40,3463.80,3462.40,3463.80,1400,3497200
EICHERMOT_F1,11/17/2022,11:01:00,3463.15,3463.15,3463.00,3463.00,875,3497200
EICHERMOT_F1,11/17/2022,11:02:00,3461.70,3463.85,3461.00,3463.85,2800,3496325
EICHERMOT_F1,11/17/2022,11:03:00,3462.65,3462.65,3462.10,3462.10,525,3496325
EICHERMOT_F1,11/17/2022,11:04:00,3463.00,3463.00,3463.00,3463.00,175,3496325
EICHERMOT_F1,11/17/2022,11:05:00,3466.35,3466.35,3466.35,3466.35,525,3496325
EICHERMOT_F1,11/17/2022,11:06:00,3466.90,3468.45,3466.90,3468.45,350,3496150
EICHERMOT_F1,11/17/2022,11:07:00,3467.70,3467.70,3467.70,3467.70,525,3496150
EICHERMOT_F1,11/17/2022,11:08:00,3465.85,3465.85,3463.60,3463.60,700,3495625
EICHERMOT_F1,11/17/2022,11:09:00,3462.90,3467.25,3462.90,3467.25,1050,3495625
EICHERMOT_F1,11/17/2022,11:10:00,3466.70,3467.30,3465.05,3465.05,1225,3495625
EICHERMOT_F1,11/17/2022,11:11:00,3464.90,3464.90,3464.65,3464.65,350,3495625
EICHERMOT_F1,11/17/2022,11:12:00,3465.90,3465.90,3464.60,3464.60,700,3495975
EICHERMOT_F1,11/17/2022,11:14:00,3462.20,3462.20,3462.10,3462.10,875,3495975
EICHERMOT_F1,11/17/2022,11:15:00,3462.10,3462.10,3462.10,3462.10,175,3495450
EICHERMOT_F1,11/17/2022,11:16:00,3460.90,3460.90,3457.15,3457.15,2625,3495450
EICHERMOT_F1,11/17/2022,11:17:00,3457.60,3460.60,3457.60,3460.60,2450,3494925
EICHERMOT_F1,11/17/2022,11:18:00,3460.60,3460.60,3457.90,3458.55,1050,3494925
EICHERMOT_F1,11/17/2022,11:19:00,3458.50,3458.50,3458.50,3458.50,350,3494925
EICHERMOT_F1,11/17/2022,11:20:00,3458.50,3458.50,3456.70,3456.85,1050,3494925
EICHERMOT_F1,11/17/2022,11:21:00,3457.10,3457.20,3456.00,3457.20,1925,3494750
EICHERMOT_F1,11/17/2022,11:22:00,3456.65,3456.65,3455.95,3455.95,350,3494750
EICHERMOT_F1,11/17/2022,11:23:00,3458.40,3458.40,3458.00,3458.00,1050,3494750
EICHERMOT_F1,11/17/2022,11:24:00,3457.60,3458.35,3457.50,3458.35,875,3493875
EICHERMOT_F1,11/17/2022,11:25:00,3458.60,3461.55,3458.60,3461.55,875,3493875
EICHERMOT_F1,11/17/2022,11:27:00,3461.55,3465.60,3461.55,3462.85,4725,3494400
EICHERMOT_F1,11/17/2022,11:28:00,3462.10,3462.10,3462.10,3462.10,525,3494400
EICHERMOT_F1,11/17/2022,11:29:00,3463.85,3463.85,3461.10,3461.80,875,3494400
EICHERMOT_F1,11/17/2022,11:30:00,3460.00,3461.50,3459.90,3459.90,2275,3493875
EICHERMOT_F1,11/17/2022,11:31:00,3460.05,3460.05,3458.70,3458.80,1400,3493875
EICHERMOT_F1,11/17/2022,11:32:00,3458.60,3462.05,3458.60,3462.05,2450,3493875
EICHERMOT_F1,11/17/2022,11:33:00,3460.40,3461.95,3459.85,3460.90,1750,3493525
EICHERMOT_F1,11/17/2022,11:34:00,3460.50,3463.15,3460.50,3463.15,1225,3493525
EICHERMOT_F1,11/17/2022,11:35:00,3462.75,3462.75,3462.00,3462.00,525,3493525
EICHERMOT_F1,11/17/2022,11:36:00,3463.10,3464.85,3463.10,3464.40,875,3493875
EICHERMOT_F1,11/17/2022,11:37:00,3462.00,3463.45,3462.00,3463.45,1575,3493875
EICHERMOT_F1,11/17/2022,11:39:00,3461.15,3461.15,3461.15,3461.15,175,3492825
EICHERMOT_F1,11/17/2022,11:40:00,3462.20,3462.20,3461.55,3461.55,875,3492825
EICHERMOT_F1,11/17/2022,11:41:00,3464.10,3464.95,3462.95,3462.95,1050,3492825
EICHERMOT_F1,11/17/2022,11:42:00,3463.75,3464.75,3463.75,3464.75,1050,3492125
EICHERMOT_F1,11/17/2022,11:43:00,3464.20,3464.20,3463.35,3463.90,1050,3492125
EICHERMOT_F1,11/17/2022,11:44:00,3463.70,3463.90,3463.70,3463.90,700,3492125
EICHERMOT_F1,11/17/2022,11:45:00,3462.95,3463.30,3462.00,3462.00,700,3492300
EICHERMOT_F1,11/17/2022,11:46:00,3458.40,3458.40,3458.30,3458.30,350,3492300
EICHERMOT_F1,11/17/2022,11:47:00,3458.20,3458.55,3457.40,3458.45,700,3492300
EICHERMOT_F1,11/17/2022,11:48:00,3457.80,3459.90,3457.55,3459.90,1575,3492475
EICHERMOT_F1,11/17/2022,11:50:00,3460.80,3460.80,3460.80,3460.80,350,3492475
EICHERMOT_F1,11/17/2022,11:51:00,3458.80,3458.80,3458.80,3458.80,350,3492475
EICHERMOT_F1,11/17/2022,11:52:00,3457.50,3457.50,3457.50,3457.50,350,3492475
EICHERMOT_F1,11/17/2022,11:53:00,3456.40,3456.40,3456.20,3456.20,700,3492475
EICHERMOT_F1,11/17/2022,11:54:00,3456.95,3458.65,3456.95,3458.55,1050,3492825
EICHERMOT_F1,11/17/2022,11:55:00,3456.65,3456.65,3456.65,3456.65,175,3492825
EICHERMOT_F1,11/17/2022,11:56:00,3456.80,3458.75,3456.80,3457.45,1225,3492825
EICHERMOT_F1,11/17/2022,11:57:00,3455.95,3455.95,3455.95,3455.95,1050,3492825
EICHERMOT_F1,11/17/2022,11:58:00,3455.75,3457.25,3455.15,3455.65,1925,3492825
EICHERMOT_F1,11/17/2022,11:59:00,3455.95,3455.95,3455.95,3455.95,350,3492825
EICHERMOT_F1,11/17/2022,12:00:00,3458.50,3458.80,3456.80,3458.45,1575,3493350
EICHERMOT_F1,11/17/2022,12:01:00,3457.00,3460.30,3457.00,3460.30,1575,3493350
EICHERMOT_F1,11/17/2022,12:02:00,3459.25,3459.60,3459.25,3459.60,350,3493350
EICHERMOT_F1,11/17/2022,12:03:00,3460.55,3462.00,3460.55,3460.80,1400,3493350
EICHERMOT_F1,11/17/2022,12:04:00,3459.65,3459.65,3459.25,3459.25,350,3493350
EICHERMOT_F1,11/17/2022,12:05:00,3457.75,3459.50,3457.75,3459.50,700,3493350
EICHERMOT_F1,11/17/2022,12:07:00,3457.00,3460.75,3456.55,3460.75,2800,3493175
EICHERMOT_F1,11/17/2022,12:08:00,3460.40,3460.60,3459.10,3459.10,875,3493175
EICHERMOT_F1,11/17/2022,12:09:00,3458.10,3458.10,3456.55,3456.55,350,3493700
EICHERMOT_F1,11/17/2022,12:10:00,3456.55,3459.75,3456.55,3459.75,1225,3493700
EICHERMOT_F1,11/17/2022,12:11:00,3458.45,3458.45,3458.45,3458.45,175,3493700
EICHERMOT_F1,11/17/2022,12:12:00,3456.85,3458.30,3456.45,3457.20,875,3493175
EICHERMOT_F1,11/17/2022,12:13:00,3457.80,3458.25,3457.80,3458.25,350,3493175
EICHERMOT_F1,11/17/2022,12:14:00,3458.65,3460.35,3456.90,3460.35,1575,3493175
EICHERMOT_F1,11/17/2022,12:15:00,3460.15,3460.35,3459.00,3460.35,1225,3493000
EICHERMOT_F1,11/17/2022,12:16:00,3459.55,3465.35,3459.55,3465.35,4375,3493000
EICHERMOT_F1,11/17/2022,12:17:00,3465.20,3467.45,3464.75,3464.75,2275,3493000
EICHERMOT_F1,11/17/2022,12:18:00,3463.15,3463.15,3458.00,3458.00,525,3493875
EICHERMOT_F1,11/17/2022,12:19:00,3459.25,3462.85,3459.25,3460.80,1400,3493875
EICHERMOT_F1,11/17/2022,12:20:00,3462.00,3462.00,3459.85,3459.85,875,3493875
EICHERMOT_F1,11/17/2022,12:21:00,3459.25,3459.30,3457.65,3458.90,700,3493875
EICHERMOT_F1,11/17/2022,12:22:00,3458.10,3459.30,3458.10,3459.30,700,3493875
EICHERMOT_F1,11/17/2022,12:23:00,3458.45,3458.45,3458.15,3458.35,525,3493875
EICHERMOT_F1,11/17/2022,12:24:00,3458.35,3461.10,3458.15,3461.10,1575,3493875
EICHERMOT_F1,11/17/2022,12:25:00,3463.40,3463.65,3462.05,3462.50,875,3493875
EICHERMOT_F1,11/17/2022,12:26:00,3460.70,3460.70,3460.70,3460.70,175,3493875
EICHERMOT_F1,11/17/2022,12:27:00,3459.50,3461.80,3459.50,3461.45,1225,3494400
EICHERMOT_F1,11/17/2022,12:28:00,3463.35,3463.35,3463.35,3463.35,175,3494400
EICHERMOT_F1,11/17/2022,12:29:00,3461.00,3461.55,3461.00,3461.55,525,3494400
EICHERMOT_F1,11/17/2022,12:30:00,3460.50,3461.80,3459.40,3461.80,700,3493000
EICHERMOT_F1,11/17/2022,12:31:00,3461.70,3461.70,3461.70,3461.70,175,3493000
EICHERMOT_F1,11/17/2022,12:32:00,3460.70,3460.70,3460.70,3460.70,175,3493000
EICHERMOT_F1,11/17/2022,12:33:00,3461.30,3461.55,3461.30,3461.55,350,3492650
EICHERMOT_F1,11/17/2022,12:34:00,3461.65,3461.65,3461.55,3461.55,700,3492650
EICHERMOT_F1,11/17/2022,12:35:00,3461.60,3462.70,3461.60,3462.70,350,3492650
EICHERMOT_F1,11/17/2022,12:36:00,3462.70,3462.70,3460.65,3461.30,1925,3492825
EICHERMOT_F1,11/17/2022,12:37:00,3462.35,3462.60,3461.60,3461.60,700,3492825
EICHERMOT_F1,11/17/2022,12:38:00,3461.00,3461.90,3460.95,3461.90,700,3492825
EICHERMOT_F1,11/17/2022,12:39:00,3461.05,3461.05,3460.95,3460.95,350,3492825
EICHERMOT_F1,11/17/2022,12:40:00,3461.25,3461.25,3460.60,3460.60,700,3492825
EICHERMOT_F1,11/17/2022,12:41:00,3460.10,3460.10,3460.00,3460.00,525,3492825
EICHERMOT_F1,11/17/2022,12:42:00,3459.30,3460.05,3459.30,3459.40,525,3492650
EICHERMOT_F1,11/17/2022,12:43:00,3460.55,3461.85,3460.05,3461.55,1575,3492650
EICHERMOT_F1,11/17/2022,12:44:00,3461.45,3462.15,3460.35,3462.15,525,3492650
EICHERMOT_F1,11/17/2022,12:45:00,3459.75,3459.95,3459.40,3459.95,700,3492125
EICHERMOT_F1,11/17/2022,12:46:00,3459.95,3459.95,3459.80,3459.80,350,3492125
EICHERMOT_F1,11/17/2022,12:47:00,3459.70,3459.70,3459.70,3459.70,350,3492125
EICHERMOT_F1,11/17/2022,12:48:00,3458.45,3458.65,3456.60,3458.65,1925,3491600
EICHERMOT_F1,11/17/2022,12:49:00,3457.45,3457.45,3457.10,3457.10,875,3491600
EICHERMOT_F1,11/17/2022,12:50:00,3456.40,3458.20,3455.95,3458.20,1225,3491600
EICHERMOT_F1,11/17/2022,12:51:00,3456.35,3457.00,3456.35,3457.00,350,3492825
EICHERMOT_F1,11/17/2022,12:52:00,3457.10,3458.95,3457.10,3458.95,525,3492825
EICHERMOT_F1,11/17/2022,12:53:00,3457.15,3457.30,3455.95,3456.30,1225,3492825
EICHERMOT_F1,11/17/2022,12:54:00,3456.35,3456.35,3456.35,3456.35,175,3492825
EICHERMOT_F1,11/17/2022,12:55:00,3456.60,3456.95,3456.55,3456.95,700,3492825
EICHERMOT_F1,11/17/2022,12:56:00,3456.85,3456.85,3456.50,3456.50,350,3492825
EICHERMOT_F1,11/17/2022,12:57:00,3456.45,3456.45,3456.30,3456.30,525,3492650
EICHERMOT_F1,11/17/2022,12:58:00,3456.30,3456.30,3456.30,3456.30,525,3492650
EICHERMOT_F1,11/17/2022,13:00:00,3456.95,3456.95,3456.95,3456.95,175,3492475
EICHERMOT_F1,11/17/2022,13:01:00,3456.95,3457.85,3456.95,3457.85,525,3492475
EICHERMOT_F1,11/17/2022,13:02:00,3457.30,3457.30,3457.25,3457.25,350,3492475
EICHERMOT_F1,11/17/2022,13:03:00,3457.45,3459.00,3457.20,3457.50,1050,3491775
EICHERMOT_F1,11/17/2022,13:04:00,3456.80,3456.80,3456.80,3456.80,175,3491775
EICHERMOT_F1,11/17/2022,13:05:00,3457.30,3460.00,3457.30,3458.40,1575,3491775
EICHERMOT_F1,11/17/2022,13:06:00,3458.50,3460.15,3458.40,3460.15,875,3491950
EICHERMOT_F1,11/17/2022,13:07:00,3460.00,3461.55,3460.00,3461.55,1225,3491950
EICHERMOT_F1,11/17/2022,13:08:00,3459.50,3461.15,3459.50,3461.15,700,3491950
EICHERMOT_F1,11/17/2022,13:10:00,3459.80,3460.10,3458.05,3459.00,1050,3491950
EICHERMOT_F1,11/17/2022,13:11:00,3458.95,3460.55,3458.95,3460.35,525,3491950
EICHERMOT_F1,11/17/2022,13:12:00,3457.85,3457.85,3457.85,3457.85,175,3492125
EICHERMOT_F1,11/17/2022,13:13:00,3457.75,3458.95,3457.55,3458.35,875,3492125
EICHERMOT_F1,11/17/2022,13:14:00,3459.25,3459.25,3457.55,3457.55,350,3492125
EICHERMOT_F1,11/17/2022,13:15:00,3459.50,3459.50,3458.95,3458.95,350,3492125
EICHERMOT_F1,11/17/2022,13:16:00,3458.30,3459.00,3458.30,3459.00,700,3491950
EICHERMOT_F1,11/17/2022,13:17:00,3457.95,3460.30,3456.90,3458.50,1750,3491950
EICHERMOT_F1,11/17/2022,13:18:00,3458.60,3460.35,3458.60,3460.35,875,3492825
EICHERMOT_F1,11/17/2022,13:19:00,3459.05,3459.05,3459.05,3459.05,175,3492825
EICHERMOT_F1,11/17/2022,13:20:00,3458.65,3460.25,3458.65,3459.05,875,3492825
EICHERMOT_F1,11/17/2022,13:21:00,3460.00,3460.65,3459.25,3459.85,875,3492125
EICHERMOT_F1,11/17/2022,13:22:00,3460.00,3460.00,3459.85,3459.85,525,3492125
EICHERMOT_F1,11/17/2022,13:23:00,3459.70,3460.70,3459.25,3459.25,700,3492125
EICHERMOT_F1,11/17/2022,13:24:00,3459.90,3459.90,3459.30,3459.30,350,3492125
EICHERMOT_F1,11/17/2022,13:25:00,3460.65,3460.65,3459.10,3460.05,875,3492125
EICHERMOT_F1,11/17/2022,13:26:00,3459.25,3459.60,3458.20,3459.60,875,3492125
EICHERMOT_F1,11/17/2022,13:27:00,3459.25,3459.75,3459.25,3459.75,350,3492825
EICHERMOT_F1,11/17/2022,13:28:00,3459.50,3460.05,3458.10,3458.10,875,3492825
EICHERMOT_F1,11/17/2022,13:29:00,3458.50,3459.75,3458.50,3459.75,525,3492825
EICHERMOT_F1,11/17/2022,13:30:00,3459.75,3460.00,3458.50,3458.50,1225,3493000
EICHERMOT_F1,11/17/2022,13:31:00,3458.80,3460.95,3458.60,3460.95,1225,3493000
EICHERMOT_F1,11/17/2022,13:32:00,3461.30,3461.30,3459.65,3460.35,1750,3493000
EICHERMOT_F1,11/17/2022,13:33:00,3458.95,3460.25,3458.95,3460.25,350,3493000
EICHERMOT_F1,11/17/2022,13:34:00,3458.95,3458.95,3458.60,3458.60,525,3493350
EICHERMOT_F1,11/17/2022,13:36:00,3459.30,3459.30,3459.30,3459.30,525,3493175
EICHERMOT_F1,11/17/2022,13:37:00,3459.65,3459.65,3458.05,3459.50,1225,3493175
EICHERMOT_F1,11/17/2022,13:38:00,3460.00,3461.35,3460.00,3461.35,875,3493175
EICHERMOT_F1,11/17/2022,13:39:00,3459.30,3459.30,3459.30,3459.30,350,3492300
EICHERMOT_F1,11/17/2022,13:40:00,3459.00,3459.00,3459.00,3459.00,350,3492300
EICHERMOT_F1,11/17/2022,13:42:00,3458.50,3458.50,3458.50,3458.50,175,3492300
EICHERMOT_F1,11/17/2022,13:44:00,3457.75,3457.75,3457.75,3457.75,525,3492475
EICHERMOT_F1,11/17/2022,13:45:00,3457.75,3457.75,3457.75,3457.75,175,3492475
EICHERMOT_F1,11/17/2022,13:46:00,3457.90,3457.90,3457.00,3457.00,1925,3492650
EICHERMOT_F1,11/17/2022,13:47:00,3457.00,3459.60,3457.00,3458.30,1400,3492650
EICHERMOT_F1,11/17/2022,13:49:00,3458.65,3459.45,3457.65,3459.45,875,3493700
EICHERMOT_F1,11/17/2022,13:50:00,3458.50,3458.50,3458.50,3458.50,175,3493700
EICHERMOT_F1,11/17/2022,13:51:00,3459.55,3459.55,3458.20,3458.20,875,3493700
EICHERMOT_F1,11/17/2022,13:52:00,3459.00,3459.00,3459.00,3459.00,175,3493700
EICHERMOT_F1,11/17/2022,13:53:00,3458.10,3459.70,3458.10,3459.70,350,3493700
EICHERMOT_F1,11/17/2022,13:54:00,3459.60,3459.60,3458.10,3458.10,875,3493525
EICHERMOT_F1,11/17/2022,13:55:00,3457.55,3459.30,3457.55,3459.30,525,3493525
EICHERMOT_F1,11/17/2022,13:56:00,3459.20,3459.20,3459.20,3459.20,175,3493525
EICHERMOT_F1,11/17/2022,13:57:00,3459.25,3459.45,3459.25,3459.45,525,3494050
EICHERMOT_F1,11/17/2022,13:58:00,3459.30,3459.95,3459.30,3459.95,875,3494050
EICHERMOT_F1,11/17/2022,13:59:00,3458.45,3458.45,3458.45,3458.45,175,3494050
EICHERMOT_F1,11/17/2022,14:00:00,3458.50,3458.50,3458.50,3458.50,175,3493700
EICHERMOT_F1,11/17/2022,14:02:00,3458.00,3458.00,3458.00,3458.00,350,3493700
EICHERMOT_F1,11/17/2022,14:03:00,3458.15,3458.15,3454.85,3456.40,2625,3494400
EICHERMOT_F1,11/17/2022,14:04:00,3458.15,3458.90,3455.55,3457.95,5075,3494400
EICHERMOT_F1,11/17/2022,14:05:00,3457.10,3457.10,3457.10,3457.10,175,3494400
EICHERMOT_F1,11/17/2022,14:06:00,3456.05,3456.90,3456.05,3456.90,1050,3497200
EICHERMOT_F1,11/17/2022,14:07:00,3458.60,3458.60,3458.60,3458.60,175,3497200
EICHERMOT_F1,11/17/2022,14:08:00,3459.10,3459.40,3458.60,3458.70,2100,3497200
EICHERMOT_F1,11/17/2022,14:09:00,3458.80,3459.00,3457.70,3459.00,1050,3497725
EICHERMOT_F1,11/17/2022,14:10:00,3456.00,3456.60,3455.05,3456.60,1050,3497725
EICHERMOT_F1,11/17/2022,14:11:00,3456.65,3456.65,3456.65,3456.65,175,3497725
EICHERMOT_F1,11/17/2022,14:12:00,3456.75,3457.50,3455.60,3457.50,525,3497725
EICHERMOT_F1,11/17/2022,14:14:00,3457.10,3457.10,3457.10,3457.10,350,3497725
EICHERMOT_F1,11/17/2022,14:15:00,3456.30,3458.95,3456.30,3458.95,875,3497725
EICHERMOT_F1,11/17/2022,14:16:00,3457.40,3458.65,3457.20,3457.20,1575,3496850
EICHERMOT_F1,11/17/2022,14:17:00,3456.50,3456.50,3456.00,3456.00,350,3496850
EICHERMOT_F1,11/17/2022,14:18:00,3455.10,3455.75,3452.50,3452.50,2975,3496150
EICHERMOT_F1,11/17/2022,14:19:00,3452.00,3455.30,3451.25,3454.65,3325,3496150
EICHERMOT_F1,11/17/2022,14:20:00,3453.60,3456.60,3453.60,3455.35,1225,3496150
EICHERMOT_F1,11/17/2022,14:22:00,3456.60,3456.60,3456.60,3456.60,350,3495975
EICHERMOT_F1,11/17/2022,14:23:00,3457.45,3458.00,3457.45,3458.00,1400,3495975
EICHERMOT_F1,11/17/2022,14:24:00,3459.40,3459.40,3457.35,3457.35,1050,3496325
EICHERMOT_F1,11/17/2022,14:25:00,3457.70,3457.70,3457.55,3457.55,1225,3496325
EICHERMOT_F1,11/17/2022,14:26:00,3457.45,3457.70,3454.80,3454.80,4550,3496325
EICHERMOT_F1,11/17/2022,14:27:00,3455.30,3457.65,3455.30,3457.65,700,3494400
EICHERMOT_F1,11/17/2022,14:28:00,3456.85,3456.85,3456.85,3456.85,350,3494400
EICHERMOT_F1,11/17/2022,14:29:00,3456.90,3456.90,3456.40,3456.40,525,3494400
EICHERMOT_F1,11/17/2022,14:30:00,3455.45,3456.20,3452.95,3456.20,2275,3494575
EICHERMOT_F1,11/17/2022,14:31:00,3456.10,3457.75,3456.10,3456.15,1575,3494575
EICHERMOT_F1,11/17/2022,14:33:00,3455.85,3455.85,3455.85,3455.85,350,3494575
EICHERMOT_F1,11/17/2022,14:34:00,3455.45,3455.45,3454.45,3454.45,1050,3494225
EICHERMOT_F1,11/17/2022,14:35:00,3456.55,3457.15,3456.55,3457.15,700,3494225
EICHERMOT_F1,11/17/2022,14:36:00,3456.60,3456.60,3456.15,3456.15,875,3493175
EICHERMOT_F1,11/17/2022,14:37:00,3456.05,3456.05,3454.65,3454.65,525,3493175
EICHERMOT_F1,11/17/2022,14:38:00,3454.15,3454.95,3454.15,3454.80,525,3493175
EICHERMOT_F1,11/17/2022,14:40:00,3455.75,3455.90,3455.75,3455.90,350,3493175
EICHERMOT_F1,11/17/2022,14:41:00,3456.05,3456.50,3456.05,3456.50,525,3493175
EICHERMOT_F1,11/17/2022,14:42:00,3455.05,3457.00,3455.05,3455.90,2275,3492475
EICHERMOT_F1,11/17/2022,14:43:00,3457.55,3457.55,3457.55,3457.55,700,3492475
EICHERMOT_F1,11/17/2022,14:44:00,3458.10,3459.00,3456.10,3459.00,1400,3492475
EICHERMOT_F1,11/17/2022,14:45:00,3458.70,3458.70,3457.65,3457.70,700,3490725
EICHERMOT_F1,11/17/2022,14:46:00,3456.80,3457.25,3455.95,3455.95,1400,3490725
EICHERMOT_F1,11/17/2022,14:47:00,3455.95,3459.00,3455.65,3459.00,1750,3490725
EICHERMOT_F1,11/17/2022,14:48:00,3458.50,3460.00,3458.50,3460.00,1750,3489675
EICHERMOT_F1,11/17/2022,14:49:00,3463.30,3466.05,3462.65,3466.00,5075,3489675
EICHERMOT_F1,11/17/2022,14:50:00,3465.80,3466.05,3465.80,3466.00,700,3489675
EICHERMOT_F1,11/17/2022,14:51:00,3466.35,3466.65,3464.70,3466.55,1400,3487225
EICHERMOT_F1,11/17/2022,14:52:00,3465.00,3466.30,3464.00,3464.00,1750,3487225
EICHERMOT_F1,11/17/2022,14:53:00,3464.30,3464.30,3460.75,3460.75,1050,3487225
EICHERMOT_F1,11/17/2022,14:54:00,3462.00,3464.30,3462.00,3462.95,1750,3487400
EICHERMOT_F1,11/17/2022,14:55:00,3463.00,3463.00,3459.95,3459.95,700,3487400
EICHERMOT_F1,11/17/2022,14:56:00,3459.30,3461.40,3457.75,3461.40,3150,3487400
EICHERMOT_F1,11/17/2022,14:57:00,3461.65,3461.95,3460.65,3461.95,1575,3485825
EICHERMOT_F1,11/17/2022,14:58:00,3460.40,3460.40,3458.30,3458.75,1925,3485825
EICHERMOT_F1,11/17/2022,14:59:00,3458.75,3459.65,3458.75,3458.75,875,3485825
EICHERMOT_F1,11/17/2022,15:00:00,3459.85,3464.85,3459.85,3460.65,4550,3484075
EICHERMOT_F1,11/17/2022,15:01:00,3461.65,3461.80,3460.50,3461.80,1225,3484075
EICHERMOT_F1,11/17/2022,15:02:00,3460.70,3461.50,3459.50,3459.50,2100,3484075
EICHERMOT_F1,11/17/2022,15:03:00,3459.50,3461.70,3459.05,3460.10,2800,3482150
EICHERMOT_F1,11/17/2022,15:04:00,3460.05,3460.05,3458.50,3458.50,2800,3482150
EICHERMOT_F1,11/17/2022,15:05:00,3459.85,3460.20,3458.10,3458.10,1575,3482150
EICHERMOT_F1,11/17/2022,15:06:00,3459.00,3460.70,3459.00,3460.70,3150,3481450
EICHERMOT_F1,11/17/2022,15:07:00,3460.50,3460.50,3457.05,3457.05,2975,3481450
EICHERMOT_F1,11/17/2022,15:08:00,3457.50,3461.55,3457.50,3461.55,2450,3481450
EICHERMOT_F1,11/17/2022,15:09:00,3459.35,3459.95,3457.20,3459.60,1925,3480400
EICHERMOT_F1,11/17/2022,15:10:00,3461.05,3461.80,3457.10,3457.40,5600,3480400
EICHERMOT_F1,11/17/2022,15:11:00,3457.80,3457.80,3452.70,3452.80,5425,3480400
EICHERMOT_F1,11/17/2022,15:12:00,3453.20,3453.80,3451.85,3452.75,5950,3480925
EICHERMOT_F1,11/17/2022,15:13:00,3453.00,3453.00,3449.00,3449.00,3675,3480925
EICHERMOT_F1,11/17/2022,15:14:00,3449.00,3449.00,3443.65,3445.20,11200,3480925
EICHERMOT_F1,11/17/2022,15:15:00,3446.55,3446.55,3442.70,3442.70,8225,3478125
EICHERMOT_F1,11/17/2022,15:16:00,3443.70,3444.55,3442.55,3443.75,6650,3478125
EICHERMOT_F1,11/17/2022,15:17:00,3444.30,3448.05,3444.30,3445.95,9800,3478125
EICHERMOT_F1,11/17/2022,15:18:00,3445.65,3448.35,3445.65,3446.30,8050,3473225
EICHERMOT_F1,11/17/2022,15:19:00,3446.30,3446.30,3443.05,3443.05,5250,3473225
EICHERMOT_F1,11/17/2022,15:20:00,3442.90,3442.95,3440.05,3440.05,13125,3473225
EICHERMOT_F1,11/17/2022,15:21:00,3440.95,3441.95,3439.50,3439.50,10675,3463600
EICHERMOT_F1,11/17/2022,15:22:00,3440.05,3440.05,3437.70,3438.10,7000,3463600
EICHERMOT_F1,11/17/2022,15:23:00,3439.00,3440.00,3437.00,3439.35,10150,3463600
EICHERMOT_F1,11/17/2022,15:24:00,3441.35,3446.00,3439.30,3446.00,7000,3463075
EICHERMOT_F1,11/17/2022,15:25:00,3446.00,3447.75,3444.10,3445.65,6300,3463075
EICHERMOT_F1,11/17/2022,15:26:00,3445.00,3445.00,3441.50,3442.75,8400,3463075
EICHERMOT_F1,11/17/2022,15:27:00,3442.50,3443.45,3442.00,3442.55,3500,3461675
EICHERMOT_F1,11/17/2022,15:28:00,3441.60,3441.95,3439.50,3439.70,5075,3461675
EICHERMOT_F1,11/17/2022,15:29:00,3439.50,3445.75,3439.25,3445.00,8400,3461675
EICHERMOT_F1,11/18/2022,09:15:00,3446.85,3457.55,3446.85,3454.75,6477,3297700
EICHERMOT_F1,11/18/2022,09:16:00,3450.00,3452.20,3435.00,3444.90,9800,3297700
EICHERMOT_F1,11/18/2022,09:17:00,3442.15,3442.15,3432.20,3441.00,6475,3303825
EICHERMOT_F1,11/18/2022,09:18:00,3440.00,3440.00,3423.50,3428.65,16450,3303825
EICHERMOT_F1,11/18/2022,09:19:00,3428.50,3433.90,3427.20,3430.95,8225,3303825
EICHERMOT_F1,11/18/2022,09:20:00,3430.00,3433.85,3414.80,3418.40,18375,3309250
EICHERMOT_F1,11/18/2022,09:21:00,3418.35,3423.40,3417.90,3423.30,9100,3309250
EICHERMOT_F1,11/18/2022,09:22:00,3423.35,3425.70,3418.90,3421.65,8050,3309250
EICHERMOT_F1,11/18/2022,09:23:00,3422.40,3425.10,3407.70,3411.65,11200,3311525
EICHERMOT_F1,11/18/2022,09:24:00,3411.65,3416.60,3410.05,3413.40,7350,3311525
EICHERMOT_F1,11/18/2022,09:25:00,3411.05,3413.10,3409.65,3411.95,5250,3311525
EICHERMOT_F1,11/18/2022,09:26:00,3413.05,3415.75,3410.00,3410.00,8400,3309950
EICHERMOT_F1,11/18/2022,09:27:00,3411.65,3413.10,3403.00,3403.00,24150,3309950
EICHERMOT_F1,11/18/2022,09:28:00,3402.45,3402.45,3391.40,3396.70,33950,3309950
EICHERMOT_F1,11/18/2022,09:29:00,3396.00,3400.10,3393.85,3396.95,8400,3314500
EICHERMOT_F1,11/18/2022,09:30:00,3398.00,3398.00,3390.35,3390.60,14700,3314500
EICHERMOT_F1,11/18/2022,09:31:00,3390.00,3397.40,3384.35,3388.80,22050,3314500
EICHERMOT_F1,11/18/2022,09:32:00,3388.80,3390.65,3384.95,3389.25,9625,3321150
EICHERMOT_F1,11/18/2022,09:33:00,3390.00,3390.00,3385.90,3389.00,9100,3321150
EICHERMOT_F1,11/18/2022,09:34:00,3391.95,3392.20,3388.05,3391.05,14000,3321150
EICHERMOT_F1,11/18/2022,09:35:00,3388.65,3399.80,3387.55,3398.40,8750,3327450
EICHERMOT_F1,11/18/2022,09:36:00,3396.00,3397.30,3391.00,3392.80,8925,3327450
EICHERMOT_F1,11/18/2022,09:37:00,3391.15,3401.45,3391.15,3392.25,7875,3327450
EICHERMOT_F1,11/18/2022,09:38:00,3392.25,3413.40,3392.25,3411.05,29750,3328675
EICHERMOT_F1,11/18/2022,09:39:00,3411.05,3418.75,3409.80,3417.95,17500,3328675
EICHERMOT_F1,11/18/2022,09:40:00,3415.00,3420.00,3413.00,3417.95,8575,3328675
EICHERMOT_F1,11/18/2022,09:41:00,3418.90,3429.95,3415.35,3429.50,16275,3321850
EICHERMOT_F1,11/18/2022,09:42:00,3427.00,3430.25,3422.00,3424.75,13825,3321850
EICHERMOT_F1,11/18/2022,09:43:00,3421.90,3421.90,3417.25,3418.75,9275,3321850
EICHERMOT_F1,11/18/2022,09:44:00,3418.30,3418.30,3412.40,3413.00,3850,3315025
EICHERMOT_F1,11/18/2022,09:45:00,3412.10,3416.10,3412.10,3415.95,5075,3315025
EICHERMOT_F1,11/18/2022,09:46:00,3416.55,3418.80,3416.00,3418.80,3675,3315025
EICHERMOT_F1,11/18/2022,09:47:00,3417.70,3427.95,3417.70,3423.05,18200,3315725
EICHERMOT_F1,11/18/2022,09:48:00,3423.00,3423.65,3418.50,3420.20,1575,3315725
EICHERMOT_F1,11/18/2022,09:49:00,3419.40,3420.00,3416.45,3418.50,1400,3315725
EICHERMOT_F1,11/18/2022,09:50:00,3418.40,3420.00,3417.55,3417.90,2100,3301725
EICHERMOT_F1,11/18/2022,09:51:00,3420.05,3423.90,3418.10,3423.90,3325,3301725
EICHERMOT_F1,11/18/2022,09:52:00,3424.00,3424.45,3420.85,3421.95,2800,3301725
EICHERMOT_F1,11/18/2022,09:53:00,3423.30,3429.00,3423.10,3425.70,7175,3296300
EICHERMOT_F1,11/18/2022,09:54:00,3426.00,3426.00,3421.40,3421.40,1050,3296300
EICHERMOT_F1,11/18/2022,09:55:00,3421.90,3426.20,3421.50,3423.00,1925,3296300
EICHERMOT_F1,11/18/2022,09:56:00,3422.45,3424.10,3419.30,3419.65,2975,3296475
EICHERMOT_F1,11/18/2022,09:57:00,3419.90,3423.80,3419.50,3423.20,1225,3296475
EICHERMOT_F1,11/18/2022,09:58:00,3424.00,3427.70,3420.80,3427.70,6650,3296475
EICHERMOT_F1,11/18/2022,09:59:00,3427.00,3429.00,3426.15,3427.00,2625,3294375
EICHERMOT_F1,11/18/2022,10:00:00,3428.85,3437.45,3428.85,3433.55,15050,3294375
EICHERMOT_F1,11/18/2022,10:01:00,3433.80,3435.00,3431.60,3434.15,3675,3294375
EICHERMOT_F1,11/18/2022,10:02:00,3436.35,3436.35,3433.50,3434.10,3675,3290175
EICHERMOT_F1,11/18/2022,10:03:00,3435.75,3447.65,3434.60,3440.75,15400,3290175
EICHERMOT_F1,11/18/2022,10:04:00,3440.85,3441.00,3438.60,3439.85,3675,3290175
EICHERMOT_F1,11/18/2022,10:05:00,3440.05,3441.90,3440.05,3441.75,2275,3287025
EICHERMOT_F1,11/18/2022,10:06:00,3439.75,3439.75,3432.45,3432.75,4550,3287025
EICHERMOT_F1,11/18/2022,10:07:00,3432.45,3434.20,3431.30,3431.95,3500,3287025
EICHERMOT_F1,11/18/2022,10:08:00,3433.00,3433.00,3423.35,3423.35,4200,3285450
EICHERMOT_F1,11/18/2022,10:09:00,3423.40,3426.85,3421.00,3426.85,2100,3285450
EICHERMOT_F1,11/18/2022,10:10:00,3427.10,3429.95,3426.95,3427.75,1750,3285450
EICHERMOT_F1,11/18/2022,10:11:00,3427.75,3430.65,3427.75,3429.10,875,3285450
EICHERMOT_F1,11/18/2022,10:12:00,3428.85,3431.90,3428.85,3431.90,2275,3263750
EICHERMOT_F1,11/18/2022,10:13:00,3430.85,3432.15,3426.15,3426.15,2625,3263750
EICHERMOT_F1,11/18/2022,10:14:00,3424.55,3424.55,3421.30,3421.30,1225,3263750
EICHERMOT_F1,11/18/2022,10:15:00,3423.05,3423.65,3418.60,3423.65,4725,3263750
EICHERMOT_F1,11/18/2022,10:16:00,3421.85,3423.75,3420.00,3422.20,2450,3263750
EICHERMOT_F1,11/18/2022,10:17:00,3420.50,3424.65,3420.50,3420.85,3325,3260425
EICHERMOT_F1,11/18/2022,10:18:00,3420.85,3421.50,3419.70,3421.50,2275,3260425
EICHERMOT_F1,11/18/2022,10:19:00,3421.55,3424.35,3421.55,3424.35,700,3260425
EICHERMOT_F1,11/18/2022,10:20:00,3423.30,3427.05,3422.90,3426.05,1925,3257975
EICHERMOT_F1,11/18/2022,10:21:00,3424.25,3424.90,3423.85,3424.90,1750,3257975
EICHERMOT_F1,11/18/2022,10:22:00,3424.75,3424.75,3423.20,3423.20,1050,3257975
EICHERMOT_F1,11/18/2022,10:23:00,3425.60,3426.50,3424.15,3426.30,1925,3257975
EICHERMOT_F1,11/18/2022,10:24:00,3424.80,3427.20,3424.55,3424.55,1750,3257975
EICHERMOT_F1,11/18/2022,10:25:00,3426.00,3427.55,3424.35,3426.15,1400,3257975
EICHERMOT_F1,11/18/2022,10:26:00,3426.15,3426.15,3421.80,3421.80,2275,3257800
EICHERMOT_F1,11/18/2022,10:27:00,3421.45,3421.45,3420.00,3420.00,1050,3257800
EICHERMOT_F1,11/18/2022,10:28:00,3419.50,3421.05,3418.65,3418.70,2800,3257800
EICHERMOT_F1,11/18/2022,10:29:00,3419.95,3420.85,3418.75,3418.75,1400,3258850
EICHERMOT_F1,11/18/2022,10:30:00,3418.10,3418.75,3410.35,3418.75,7875,3258850
EICHERMOT_F1,11/18/2022,10:31:00,3418.75,3418.80,3414.50,3415.55,2625,3258850
EICHERMOT_F1,11/18/2022,10:32:00,3415.00,3415.50,3413.45,3415.50,1575,3257450
EICHERMOT_F1,11/18/2022,10:33:00,3415.95,3416.20,3415.95,3416.20,525,3257450
EICHERMOT_F1,11/18/2022,10:34:00,3417.75,3419.95,3417.75,3419.95,2100,3257450
EICHERMOT_F1,11/18/2022,10:35:00,3416.80,3418.95,3412.85,3413.10,3675,3256225
EICHERMOT_F1,11/18/2022,10:36:00,3413.10,3416.45,3413.10,3416.45,1750,3256225
EICHERMOT_F1,11/18/2022,10:37:00,3413.10,3413.30,3410.10,3410.10,4900,3256225
EICHERMOT_F1,11/18/2022,10:38:00,3412.00,3413.60,3412.00,3413.35,1225,3256225
EICHERMOT_F1,11/18/2022,10:39:00,3411.10,3413.25,3411.10,3413.25,700,3256575
EICHERMOT_F1,11/18/2022,10:40:00,3413.65,3413.65,3406.00,3406.00,7525,3256575
EICHERMOT_F1,11/18/2022,10:41:00,3405.60,3410.90,3405.10,3407.00,5600,3252550
EICHERMOT_F1,11/18/2022,10:42:00,3406.00,3407.80,3403.25,3403.25,3850,3252550
EICHERMOT_F1,11/18/2022,10:43:00,3405.00,3405.00,3402.05,3403.00,2975,3252550
EICHERMOT_F1,11/18/2022,10:44:00,3403.00,3406.00,3403.00,3406.00,1400,3252900
EICHERMOT_F1,11/18/2022,10:45:00,3408.15,3412.25,3408.15,3410.10,1575,3252900
EICHERMOT_F1,11/18/2022,10:46:00,3411.05,3416.45,3411.05,3416.45,1225,3252900
EICHERMOT_F1,11/18/2022,10:47:00,3416.45,3416.45,3413.10,3414.80,1400,3252375
EICHERMOT_F1,11/18/2022,10:48:00,3413.10,3413.10,3413.10,3413.10,525,3252375
EICHERMOT_F1,11/18/2022,10:49:00,3412.50,3413.25,3411.05,3411.05,2100,3252375
EICHERMOT_F1,11/18/2022,10:50:00,3411.05,3413.10,3410.35,3410.35,1400,3250275
EICHERMOT_F1,11/18/2022,10:51:00,3410.40,3414.85,3410.05,3412.65,2800,3250275
EICHERMOT_F1,11/18/2022,10:52:00,3414.75,3414.75,3413.05,3414.70,875,3250275
EICHERMOT_F1,11/18/2022,10:53:00,3413.55,3413.55,3413.40,3413.55,875,3250800
EICHERMOT_F1,11/18/2022,10:54:00,3413.10,3413.55,3411.45,3413.55,2450,3250800
EICHERMOT_F1,11/18/2022,10:55:00,3413.55,3414.00,3411.35,3413.50,1225,3250800
EICHERMOT_F1,11/18/2022,10:56:00,3410.95,3410.95,3408.85,3408.85,875,3248350
EICHERMOT_F1,11/18/2022,10:57:00,3407.85,3407.95,3404.25,3407.95,3325,3248350
EICHERMOT_F1,11/18/2022,10:58:00,3407.25,3410.70,3404.20,3408.25,5250,3248350
EICHERMOT_F1,11/18/2022,10:59:00,3408.25,3411.50,3408.25,3411.50,3150,3238200
EICHERMOT_F1,11/18/2022,11:00:00,3411.50,3412.75,3410.40,3412.10,1400,3238200
EICHERMOT_F1,11/18/2022,11:01:00,3413.75,3414.65,3412.75,3412.75,1925,3238200
EICHERMOT_F1,11/18/2022,11:02:00,3412.60,3413.55,3410.00,3413.55,3850,3238550
EICHERMOT_F1,11/18/2022,11:03:00,3413.90,3413.90,3410.60,3411.85,3850,3238550
EICHERMOT_F1,11/18/2022,11:04:00,3412.75,3413.60,3410.55,3410.55,700,3238550
EICHERMOT_F1,11/18/2022,11:05:00,3410.35,3414.20,3410.35,3410.75,1225,3238550
EICHERMOT_F1,11/18/2022,11:06:00,3408.30,3413.10,3408.30,3413.10,3500,3238200
EICHERMOT_F1,11/18/2022,11:07:00,3412.80,3412.85,3412.80,3412.85,525,3238200
EICHERMOT_F1,11/18/2022,11:08:00,3412.85,3412.85,3410.60,3410.60,700,3238200
EICHERMOT_F1,11/18/2022,11:09:00,3411.95,3412.45,3411.00,3412.45,2100,3239600
EICHERMOT_F1,11/18/2022,11:10:00,3412.45,3412.90,3411.70,3411.70,700,3239600
EICHERMOT_F1,11/18/2022,11:11:00,3411.70,3413.65,3411.50,3413.00,2625,3239950
EICHERMOT_F1,11/18/2022,11:12:00,3413.00,3415.00,3412.90,3415.00,2625,3239950
EICHERMOT_F1,11/18/2022,11:13:00,3415.00,3415.00,3413.50,3413.50,2450,3239950
EICHERMOT_F1,11/18/2022,11:14:00,3413.50,3414.35,3410.40,3411.80,2800,3242050
EICHERMOT_F1,11/18/2022,11:15:00,3410.60,3416.25,3410.05,3414.00,6125,3242050
EICHERMOT_F1,11/18/2022,11:16:00,3414.00,3414.00,3412.00,3412.00,875,3242050
EICHERMOT_F1,11/18/2022,11:17:00,3410.90,3413.10,3410.90,3413.10,2625,3242050
EICHERMOT_F1,11/18/2022,11:18:00,3413.05,3414.20,3413.05,3414.20,1050,3239425
EICHERMOT_F1,11/18/2022,11:19:00,3414.45,3415.25,3413.05,3413.05,2975,3239425
EICHERMOT_F1,11/18/2022,11:20:00,3413.25,3417.15,3413.25,3416.80,3675,3236450
EICHERMOT_F1,11/18/2022,11:21:00,3416.80,3417.00,3415.25,3417.00,1575,3236450
EICHERMOT_F1,11/18/2022,11:22:00,3416.50,3421.90,3416.50,3418.40,8225,3236450
EICHERMOT_F1,11/18/2022,11:23:00,3418.55,3418.55,3416.55,3418.20,1575,3238025
EICHERMOT_F1,11/18/2022,11:24:00,3418.40,3418.40,3415.40,3417.85,1400,3238025
EICHERMOT_F1,11/18/2022,11:25:00,3418.15,3422.60,3417.50,3421.65,6125,3238025
EICHERMOT_F1,11/18/2022,11:26:00,3424.65,3425.80,3423.55,3425.65,7000,3238025
EICHERMOT_F1,11/18/2022,11:27:00,3425.65,3425.65,3423.00,3424.10,1750,3233475
EICHERMOT_F1,11/18/2022,11:28:00,3423.00,3427.25,3423.00,3427.25,2275,3233475
EICHERMOT_F1,11/18/2022,11:29:00,3425.85,3427.60,3425.85,3427.50,1750,3233475
EICHERMOT_F1,11/18/2022,11:30:00,3427.35,3430.00,3421.90,3421.90,3325,3234700
EICHERMOT_F1,11/18/2022,11:31:00,3419.25,3421.80,3419.25,3421.80,1225,3234700
EICHERMOT_F1,11/18/2022,11:32:00,3421.80,3421.80,3419.50,3420.05,1400,3233475
EICHERMOT_F1,11/18/2022,11:33:00,3419.85,3419.85,3418.25,3419.20,1225,3233475
EICHERMOT_F1,11/18/2022,11:34:00,3416.85,3416.85,3415.15,3415.15,1400,3233475
EICHERMOT_F1,11/18/2022,11:35:00,3415.15,3419.45,3415.00,3419.45,2100,3233475
EICHERMOT_F1,11/18/2022,11:36:00,3419.40,3420.45,3419.35,3419.50,1400,3232950
EICHERMOT_F1,11/18/2022,11:37:00,3419.50,3420.35,3419.30,3420.35,875,3232950
EICHERMOT_F1,11/18/2022,11:38:00,3420.35,3421.20,3418.60,3421.20,2450,3234525
EICHERMOT_F1,11/18/2022,11:39:00,3416.50,3416.50,3416.50,3416.50,875,3234525
EICHERMOT_F1,11/18/2022,11:40:00,3416.50,3418.45,3416.50,3417.35,875,3234525
EICHERMOT_F1,11/18/2022,11:41:00,3418.55,3419.50,3417.65,3418.00,1925,3233125
EICHERMOT_F1,11/18/2022,11:42:00,3418.60,3419.20,3418.60,3419.20,350,3233125
EICHERMOT_F1,11/18/2022,11:43:00,3419.20,3422.05,3417.40,3422.05,2100,3233125
EICHERMOT_F1,11/18/2022,11:44:00,3421.40,3421.40,3416.20,3419.60,4900,3233475
EICHERMOT_F1,11/18/2022,11:45:00,3418.00,3422.00,3418.00,3422.00,1925,3233475
EICHERMOT_F1,11/18/2022,11:46:00,3422.00,3422.00,3418.30,3419.55,700,3233475
EICHERMOT_F1,11/18/2022,11:47:00,3419.55,3419.95,3418.50,3419.95,525,3233475
EICHERMOT_F1,11/18/2022,11:48:00,3419.95,3422.50,3418.00,3419.50,3150,3233825
EICHERMOT_F1,11/18/2022,11:49:00,3421.45,3421.45,3421.45,3421.45,700,3233825
EICHERMOT_F1,11/18/2022,11:50:00,3421.45,3421.45,3419.35,3420.00,1225,3232775
EICHERMOT_F1,11/18/2022,11:51:00,3420.00,3420.80,3420.00,3420.80,350,3232775
EICHERMOT_F1,11/18/2022,11:52:00,3419.05,3420.00,3419.05,3420.00,1225,3232775
EICHERMOT_F1,11/18/2022,11:53:00,3420.45,3422.35,3418.10,3420.30,6650,3232775
EICHERMOT_F1,11/18/2022,11:54:00,3420.30,3420.30,3417.50,3417.50,1225,3234000
EICHERMOT_F1,11/18/2022,11:55:00,3418.15,3419.15,3418.10,3419.15,1050,3234000
EICHERMOT_F1,11/18/2022,11:56:00,3419.15,3419.15,3416.90,3417.10,2100,3234000
EICHERMOT_F1,11/18/2022,11:57:00,3418.40,3420.25,3418.35,3418.35,1050,3233300
EICHERMOT_F1,11/18/2022,11:58:00,3419.80,3419.80,3416.75,3416.75,1750,3233300
EICHERMOT_F1,11/18/2022,11:59:00,3416.75,3418.70,3416.75,3418.70,525,3234700
EICHERMOT_F1,11/18/2022,12:00:00,3417.25,3417.25,3415.90,3415.90,1925,3234700
EICHERMOT_F1,11/18/2022,12:01:00,3416.80,3416.80,3415.45,3415.45,1050,3234700
EICHERMOT_F1,11/18/2022,12:02:00,3415.45,3417.00,3415.40,3415.40,1925,3234700
EICHERMOT_F1,11/18/2022,12:03:00,3415.40,3417.00,3415.40,3417.00,525,3233825
EICHERMOT_F1,11/18/2022,12:04:00,3417.00,3417.00,3414.20,3415.80,1925,3233825
EICHERMOT_F1,11/18/2022,12:05:00,3416.15,3416.50,3415.05,3415.05,1575,3232250
EICHERMOT_F1,11/18/2022,12:06:00,3415.00,3415.00,3413.10,3413.10,875,3232250
EICHERMOT_F1,11/18/2022,12:07:00,3413.10,3415.85,3413.10,3414.65,1400,3232250
EICHERMOT_F1,11/18/2022,12:08:00,3414.65,3414.75,3413.75,3413.95,1050,3231725
EICHERMOT_F1,11/18/2022,12:09:00,3413.95,3415.65,3413.95,3415.65,1050,3231725
EICHERMOT_F1,11/18/2022,12:10:00,3415.65,3416.30,3413.20,3413.20,875,3231725
EICHERMOT_F1,11/18/2022,12:11:00,3416.50,3418.15,3416.40,3416.40,875,3231725
EICHERMOT_F1,11/18/2022,12:12:00,3416.40,3419.65,3415.85,3419.65,1050,3230325
EICHERMOT_F1,11/18/2022,12:13:00,3419.95,3425.00,3419.95,3425.00,2975,3230325
EICHERMOT_F1,11/18/2022,12:14:00,3422.05,3424.05,3419.70,3424.05,1225,3230325
EICHERMOT_F1,11/18/2022,12:15:00,3424.05,3424.05,3420.70,3421.65,1225,3230325
EICHERMOT_F1,11/18/2022,12:16:00,3421.65,3423.50,3420.55,3423.00,1575,3230325
EICHERMOT_F1,11/18/2022,12:17:00,3423.85,3423.85,3418.80,3420.35,2275,3230325
EICHERMOT_F1,11/18/2022,12:18:00,3421.30,3421.30,3418.60,3418.60,1050,3227875
EICHERMOT_F1,11/18/2022,12:19:00,3418.35,3421.00,3417.05,3421.00,1575,3227875
EICHERMOT_F1,11/18/2022,12:20:00,3421.00,3421.00,3417.55,3417.55,2275,3227875
EICHERMOT_F1,11/18/2022,12:21:00,3417.10,3419.10,3414.25,3414.25,2975,3227000
EICHERMOT_F1,11/18/2022,12:22:00,3414.70,3414.70,3410.65,3411.40,3150,3227000
EICHERMOT_F1,11/18/2022,12:23:00,3411.40,3411.55,3410.30,3410.55,1400,3227000
EICHERMOT_F1,11/18/2022,12:24:00,3410.55,3412.75,3409.70,3412.75,1400,3227000
EICHERMOT_F1,11/18/2022,12:25:00,3411.05,3411.05,3403.85,3403.85,3150,3227000
EICHERMOT_F1,11/18/2022,12:26:00,3404.85,3408.40,3404.85,3406.90,2450,3227000
EICHERMOT_F1,11/18/2022,12:27:00,3407.00,3410.75,3407.00,3410.75,2275,3226650
EICHERMOT_F1,11/18/2022,12:28:00,3410.75,3410.75,3405.45,3405.45,3150,3226650
EICHERMOT_F1,11/18/2022,12:29:00,3404.60,3409.60,3404.60,3409.60,1400,3226650
EICHERMOT_F1,11/18/2022,12:30:00,3406.85,3410.50,3406.85,3410.05,875,3229975
EICHERMOT_F1,11/18/2022,12:31:00,3410.05,3411.10,3408.30,3408.30,1575,3229975
EICHERMOT_F1,11/18/2022,12:32:00,3408.75,3410.70,3408.00,3408.00,1400,3229975
EICHERMOT_F1,11/18/2022,12:33:00,3408.00,3409.95,3407.70,3407.70,875,3212475
EICHERMOT_F1,11/18/2022,12:34:00,3407.70,3409.90,3406.80,3409.90,2975,3212475
EICHERMOT_F1,11/18/2022,12:35:00,3408.65,3411.30,3408.60,3411.30,2275,3212475
EICHERMOT_F1,11/18/2022,12:36:00,3411.30,3411.30,3410.10,3410.10,350,3212300
EICHERMOT_F1,11/18/2022,12:37:00,3409.65,3412.00,3409.65,3410.05,1575,3212300
EICHERMOT_F1,11/18/2022,12:38:00,3410.00,3410.80,3408.45,3409.55,875,3212300
EICHERMOT_F1,11/18/2022,12:39:00,3409.55,3410.00,3409.55,3410.00,700,3211950
EICHERMOT_F1,11/18/2022,12:40:00,3409.00,3410.95,3409.00,3410.95,1050,3211950
EICHERMOT_F1,11/18/2022,12:41:00,3410.00,3410.00,3410.00,3410.00,525,3211950
EICHERMOT_F1,11/18/2022,12:42:00,3410.00,3411.75,3410.00,3411.50,875,3208625
EICHERMOT_F1,11/18/2022,12:43:00,3409.35,3412.85,3409.35,3412.85,1750,3208625
EICHERMOT_F1,11/18/2022,12:44:00,3411.85,3413.25,3411.85,3413.25,525,3208625
EICHERMOT_F1,11/18/2022,12:45:00,3413.25,3414.15,3413.00,3414.15,1925,3208450
EICHERMOT_F1,11/18/2022,12:46:00,3414.15,3414.15,3413.00,3413.00,1400,3208450
EICHERMOT_F1,11/18/2022,12:47:00,3413.00,3413.90,3413.00,3413.70,700,3208450
EICHERMOT_F1,11/18/2022,12:48:00,3414.15,3417.20,3414.15,3415.20,2625,3208450
EICHERMOT_F1,11/18/2022,12:49:00,3415.80,3415.95,3415.00,3415.95,875,3208450
EICHERMOT_F1,11/18/2022,12:50:00,3415.95,3416.30,3415.05,3415.20,1400,3208450
EICHERMOT_F1,11/18/2022,12:51:00,3415.20,3415.20,3412.45,3412.45,525,3206350
EICHERMOT_F1,11/18/2022,12:52:00,3413.40,3413.40,3412.10,3412.10,525,3206350
EICHERMOT_F1,11/18/2022,12:53:00,3413.65,3416.50,3413.65,3416.50,875,3206350
EICHERMOT_F1,11/18/2022,12:54:00,3415.90,3415.90,3414.35,3414.35,525,3206700
EICHERMOT_F1,11/18/2022,12:55:00,3414.35,3416.00,3414.35,3416.00,525,3206700
EICHERMOT_F1,11/18/2022,12:56:00,3416.25,3416.25,3416.00,3416.00,700,3206700
EICHERMOT_F1,11/18/2022,12:57:00,3416.00,3416.80,3416.00,3416.30,2800,3204950
EICHERMOT_F1,11/18/2022,12:58:00,3416.30,3417.35,3414.60,3415.90,3325,3204950
EICHERMOT_F1,11/18/2022,12:59:00,3416.00,3422.90,3416.00,3419.10,11025,3204950
EICHERMOT_F1,11/18/2022,13:00:00,3418.50,3420.75,3418.50,3420.75,700,3210900
EICHERMOT_F1,11/18/2022,13:01:00,3420.75,3420.75,3418.85,3418.85,1575,3210900
EICHERMOT_F1,11/18/2022,13:02:00,3420.90,3420.90,3417.60,3417.60,1050,3210900
EICHERMOT_F1,11/18/2022,13:03:00,3417.60,3419.50,3417.35,3417.35,1750,3213525
EICHERMOT_F1,11/18/2022,13:04:00,3416.05,3419.75,3416.05,3417.70,2450,3213525
EICHERMOT_F1,11/18/2022,13:05:00,3419.55,3419.55,3416.25,3416.90,1400,3213525
EICHERMOT_F1,11/18/2022,13:06:00,3416.90,3419.60,3416.35,3416.35,1050,3210900
EICHERMOT_F1,11/18/2022,13:07:00,3418.00,3418.40,3417.40,3417.40,1575,3210900
EICHERMOT_F1,11/18/2022,13:08:00,3416.30,3418.45,3416.30,3418.45,1400,3210900
EICHERMOT_F1,11/18/2022,13:09:00,3416.35,3417.95,3415.80,3417.95,1925,3211600
EICHERMOT_F1,11/18/2022,13:10:00,3417.95,3419.75,3417.95,3418.10,1225,3211600
EICHERMOT_F1,11/18/2022,13:11:00,3418.10,3418.10,3418.10,3418.10,525,3211600
EICHERMOT_F1,11/18/2022,13:12:00,3419.45,3419.45,3418.00,3418.00,1050,3211775
EICHERMOT_F1,11/18/2022,13:13:00,3419.30,3419.30,3417.60,3417.60,700,3211775
EICHERMOT_F1,11/18/2022,13:14:00,3417.60,3420.10,3417.60,3418.80,2625,3211775
EICHERMOT_F1,11/18/2022,13:15:00,3419.95,3420.00,3418.25,3420.00,1925,3212825
EICHERMOT_F1,11/18/2022,13:16:00,3418.60,3419.60,3418.55,3419.60,1225,3212825
EICHERMOT_F1,11/18/2022,13:17:00,3419.90,3419.90,3419.90,3419.90,525,3212825
EICHERMOT_F1,11/18/2022,13:18:00,3420.00,3420.00,3420.00,3420.00,875,3212650
EICHERMOT_F1,11/18/2022,13:19:00,3418.95,3420.00,3418.95,3420.00,525,3212650
EICHERMOT_F1,11/18/2022,13:20:00,3418.00,3419.65,3417.35,3419.65,2100,3212650
EICHERMOT_F1,11/18/2022,13:21:00,3419.65,3419.65,3419.60,3419.60,875,3211950
EICHERMOT_F1,11/18/2022,13:22:00,3419.60,3420.05,3417.80,3417.80,875,3211950
EICHERMOT_F1,11/18/2022,13:23:00,3418.95,3418.95,3416.80,3416.80,1225,3211950
EICHERMOT_F1,11/18/2022,13:24:00,3418.35,3418.35,3418.35,3418.35,525,3212825
EICHERMOT_F1,11/18/2022,13:25:00,3418.35,3419.65,3418.35,3419.65,875,3212825
EICHERMOT_F1,11/18/2022,13:26:00,3419.65,3419.65,3419.00,3419.00,875,3212825
EICHERMOT_F1,11/18/2022,13:27:00,3419.00,3420.10,3419.00,3420.10,700,3212300
EICHERMOT_F1,11/18/2022,13:28:00,3420.10,3420.15,3418.60,3420.15,1400,3212300
EICHERMOT_F1,11/18/2022,13:29:00,3420.15,3420.25,3418.55,3420.25,875,3212300
EICHERMOT_F1,11/18/2022,13:30:00,3420.00,3420.00,3417.85,3417.85,525,3213175
EICHERMOT_F1,11/18/2022,13:31:00,3417.85,3418.25,3416.15,3418.25,1575,3213175
EICHERMOT_F1,11/18/2022,13:32:00,3418.25,3418.25,3415.00,3415.00,1400,3213175
EICHERMOT_F1,11/18/2022,13:33:00,3415.00,3415.00,3415.00,3415.00,2800,3211425
EICHERMOT_F1,11/18/2022,13:34:00,3415.00,3417.55,3415.00,3417.55,525,3211425
EICHERMOT_F1,11/18/2022,13:35:00,3417.55,3417.55,3416.75,3416.75,1050,3211425
EICHERMOT_F1,11/18/2022,13:36:00,3416.00,3417.55,3416.00,3417.55,525,3210200
EICHERMOT_F1,11/18/2022,13:37:00,3415.35,3415.35,3415.35,3415.35,1050,3210200
EICHERMOT_F1,11/18/2022,13:38:00,3415.35,3416.65,3415.05,3416.65,525,3210200
EICHERMOT_F1,11/18/2022,13:39:00,3416.65,3416.65,3415.95,3415.95,1050,3210900
EICHERMOT_F1,11/18/2022,13:40:00,3415.70,3415.70,3414.00,3415.00,1050,3210900
EICHERMOT_F1,11/18/2022,13:41:00,3412.00,3412.45,3409.05,3412.45,3675,3210900
EICHERMOT_F1,11/18/2022,13:42:00,3411.00,3411.05,3411.00,3411.05,1225,3210025
EICHERMOT_F1,11/18/2022,13:43:00,3411.05,3411.05,3408.00,3408.00,1050,3210025
EICHERMOT_F1,11/18/2022,13:44:00,3408.00,3408.55,3406.70,3406.90,9275,3210025
EICHERMOT_F1,11/18/2022,13:45:00,3405.60,3407.00,3405.60,3407.00,875,3207575
EICHERMOT_F1,11/18/2022,13:46:00,3407.00,3409.25,3407.00,3408.00,1925,3207575
EICHERMOT_F1,11/18/2022,13:47:00,3408.40,3408.40,3406.75,3406.75,700,3207575
EICHERMOT_F1,11/18/2022,13:48:00,3407.70,3407.70,3406.10,3406.10,1225,3206175
EICHERMOT_F1,11/18/2022,13:49:00,3406.10,3408.65,3406.10,3406.15,1925,3206175
EICHERMOT_F1,11/18/2022,13:50:00,3406.90,3407.75,3405.95,3406.85,5250,3206175
EICHERMOT_F1,11/18/2022,13:51:00,3406.85,3408.35,3406.85,3408.35,2100,3204250
EICHERMOT_F1,11/18/2022,13:52:00,3407.90,3407.90,3407.90,3407.90,875,3204250
EICHERMOT_F1,11/18/2022,13:53:00,3408.40,3408.60,3407.20,3407.25,1575,3204250
EICHERMOT_F1,11/18/2022,13:54:00,3407.40,3407.40,3403.95,3407.00,3325,3204075
EICHERMOT_F1,11/18/2022,13:55:00,3407.00,3407.50,3405.40,3406.75,1400,3204075
EICHERMOT_F1,11/18/2022,13:56:00,3404.05,3405.05,3402.10,3402.50,6300,3204075
EICHERMOT_F1,11/18/2022,13:57:00,3402.50,3403.25,3402.50,3402.75,2800,3201800
EICHERMOT_F1,11/18/2022,13:58:00,3402.75,3404.50,3402.75,3404.45,1400,3201800
EICHERMOT_F1,11/18/2022,13:59:00,3404.45,3407.05,3404.45,3406.50,1925,3201800
EICHERMOT_F1,11/18/2022,14:00:00,3407.90,3407.95,3405.60,3407.75,1225,3197775
EICHERMOT_F1,11/18/2022,14:01:00,3407.75,3407.75,3405.35,3407.70,875,3197775
EICHERMOT_F1,11/18/2022,14:02:00,3407.70,3407.70,3406.65,3407.60,1750,3197775
EICHERMOT_F1,11/18/2022,14:03:00,3407.60,3407.60,3404.20,3405.00,1750,3198125
EICHERMOT_F1,11/18/2022,14:04:00,3405.95,3408.00,3405.95,3406.95,1225,3198125
EICHERMOT_F1,11/18/2022,14:05:00,3406.95,3407.05,3406.95,3407.05,1225,3198125
EICHERMOT_F1,11/18/2022,14:06:00,3407.50,3407.50,3406.00,3407.00,1575,3196550
EICHERMOT_F1,11/18/2022,14:07:00,3407.00,3409.75,3406.00,3409.75,2275,3196550
EICHERMOT_F1,11/18/2022,14:08:00,3409.75,3409.75,3409.75,3409.75,525,3196550
EICHERMOT_F1,11/18/2022,14:09:00,3408.80,3410.00,3408.80,3410.00,1575,3196550
EICHERMOT_F1,11/18/2022,14:10:00,3410.00,3411.00,3410.00,3410.15,1400,3196550
EICHERMOT_F1,11/18/2022,14:11:00,3410.15,3411.90,3410.15,3411.90,1400,3196550
EICHERMOT_F1,11/18/2022,14:12:00,3411.90,3411.90,3410.75,3410.75,525,3196200
EICHERMOT_F1,11/18/2022,14:13:00,3408.85,3409.05,3408.85,3408.85,875,3196200
EICHERMOT_F1,11/18/2022,14:14:00,3408.85,3408.90,3406.10,3406.40,1225,3196200
EICHERMOT_F1,11/18/2022,14:15:00,3406.40,3407.45,3405.85,3406.40,1225,3194975
EICHERMOT_F1,11/18/2022,14:16:00,3406.40,3406.40,3405.00,3405.15,1400,3194975
EICHERMOT_F1,11/18/2022,14:17:00,3404.10,3404.10,3403.00,3403.85,2450,3194975
EICHERMOT_F1,11/18/2022,14:18:00,3403.85,3406.45,3403.85,3405.05,1225,3197250
EICHERMOT_F1,11/18/2022,14:19:00,3406.45,3406.75,3406.45,3406.75,700,3197250
EICHERMOT_F1,11/18/2022,14:20:00,3406.60,3406.60,3405.50,3406.05,2275,3197250
EICHERMOT_F1,11/18/2022,14:21:00,3406.05,3407.00,3405.20,3405.20,700,3196550
EICHERMOT_F1,11/18/2022,14:22:00,3405.20,3406.95,3405.20,3406.95,1400,3196550
EICHERMOT_F1,11/18/2022,14:23:00,3406.95,3407.95,3406.95,3407.95,1050,3196550
EICHERMOT_F1,11/18/2022,14:24:00,3407.95,3412.30,3407.60,3409.85,2275,3196025
EICHERMOT_F1,11/18/2022,14:25:00,3411.20,3414.20,3411.20,3412.90,2100,3196025
EICHERMOT_F1,11/18/2022,14:26:00,3412.90,3413.70,3412.90,3413.70,700,3196025
EICHERMOT_F1,11/18/2022,14:27:00,3412.90,3414.00,3412.90,3413.75,2975,3196025
EICHERMOT_F1,11/18/2022,14:28:00,3412.00,3412.00,3410.35,3410.35,4200,3196025
EICHERMOT_F1,11/18/2022,14:29:00,3410.35,3411.65,3410.35,3410.35,875,3196025
EICHERMOT_F1,11/18/2022,14:30:00,3411.85,3412.50,3410.35,3410.60,2625,3192525
EICHERMOT_F1,11/18/2022,14:31:00,3410.60,3412.55,3410.60,3412.55,525,3192525
EICHERMOT_F1,11/18/2022,14:32:00,3412.55,3413.20,3411.80,3413.20,2800,3192525
EICHERMOT_F1,11/18/2022,14:33:00,3413.40,3413.40,3413.05,3413.35,1050,3194975
EICHERMOT_F1,11/18/2022,14:34:00,3412.75,3414.50,3412.75,3414.50,1575,3194975
EICHERMOT_F1,11/18/2022,14:35:00,3415.20,3415.20,3414.10,3414.10,2275,3194975
EICHERMOT_F1,11/18/2022,14:36:00,3414.95,3414.95,3410.55,3410.55,3325,3194100
EICHERMOT_F1,11/18/2022,14:37:00,3410.55,3412.40,3410.55,3410.75,1400,3194100
EICHERMOT_F1,11/18/2022,14:38:00,3411.00,3413.75,3411.00,3412.75,2100,3194100
EICHERMOT_F1,11/18/2022,14:39:00,3412.75,3414.80,3412.75,3414.80,700,3193575
EICHERMOT_F1,11/18/2022,14:40:00,3415.05,3417.45,3415.05,3417.05,1400,3193575
EICHERMOT_F1,11/18/2022,14:41:00,3415.15,3416.60,3415.10,3416.10,1225,3193575
EICHERMOT_F1,11/18/2022,14:42:00,3416.10,3417.05,3415.60,3417.05,1050,3191825
EICHERMOT_F1,11/18/2022,14:43:00,3416.80,3417.55,3416.00,3417.55,2450,3191825
EICHERMOT_F1,11/18/2022,14:44:00,3415.95,3415.95,3415.25,3415.90,2100,3191825
EICHERMOT_F1,11/18/2022,14:45:00,3415.90,3416.50,3412.00,3412.00,2275,3191300
EICHERMOT_F1,11/18/2022,14:46:00,3410.35,3414.00,3410.35,3414.00,3500,3191300
EICHERMOT_F1,11/18/2022,14:47:00,3413.60,3413.60,3410.85,3412.30,1050,3191300
EICHERMOT_F1,11/18/2022,14:48:00,3412.30,3413.00,3411.45,3412.05,2275,3192000
EICHERMOT_F1,11/18/2022,14:49:00,3412.10,3412.10,3408.00,3408.60,2800,3192000
EICHERMOT_F1,11/18/2022,14:50:00,3408.60,3409.45,3407.55,3407.85,1925,3192000
EICHERMOT_F1,11/18/2022,14:51:00,3407.00,3410.00,3406.20,3410.00,3150,3189550
EICHERMOT_F1,11/18/2022,14:52:00,3408.90,3410.00,3408.05,3408.10,2450,3189550
EICHERMOT_F1,11/18/2022,14:53:00,3408.10,3408.10,3405.35,3406.05,2450,3189550
EICHERMOT_F1,11/18/2022,14:54:00,3406.05,3406.65,3406.00,3406.65,1750,3176950
EICHERMOT_F1,11/18/2022,14:55:00,3406.05,3406.05,3405.75,3405.75,700,3176950
EICHERMOT_F1,11/18/2022,14:56:00,3405.80,3408.55,3405.80,3408.55,2450,3176950
EICHERMOT_F1,11/18/2022,14:57:00,3408.55,3410.20,3407.95,3407.95,2800,3175200
EICHERMOT_F1,11/18/2022,14:58:00,3407.95,3408.90,3407.55,3407.70,4550,3175200
EICHERMOT_F1,11/18/2022,14:59:00,3407.70,3407.70,3403.85,3403.85,3675,3175200
EICHERMOT_F1,11/18/2022,15:00:00,3405.65,3408.15,3405.65,3407.25,525,3175200
EICHERMOT_F1,11/18/2022,15:01:00,3407.25,3409.20,3407.25,3408.75,3325,3171175
EICHERMOT_F1,11/18/2022,15:02:00,3408.45,3408.45,3407.30,3407.30,2625,3171175
EICHERMOT_F1,11/18/2022,15:03:00,3408.85,3409.00,3407.10,3409.00,1925,3172925
EICHERMOT_F1,11/18/2022,15:04:00,3408.90,3408.90,3406.85,3407.00,1400,3172925
EICHERMOT_F1,11/18/2022,15:05:00,3406.50,3411.00,3406.50,3411.00,4375,3172925
EICHERMOT_F1,11/18/2022,15:06:00,3411.00,3411.60,3408.95,3408.95,4200,3171000
EICHERMOT_F1,11/18/2022,15:07:00,3409.55,3409.70,3407.45,3409.70,2800,3171000
EICHERMOT_F1,11/18/2022,15:08:00,3409.70,3409.70,3406.10,3406.10,1575,3171000
EICHERMOT_F1,11/18/2022,15:09:00,3406.10,3406.10,3403.35,3405.00,5600,3170650
EICHERMOT_F1,11/18/2022,15:10:00,3405.65,3406.80,3405.65,3405.95,875,3170650
EICHERMOT_F1,11/18/2022,15:11:00,3405.55,3408.10,3405.55,3408.10,2625,3170650
EICHERMOT_F1,11/18/2022,15:12:00,3408.05,3409.00,3405.00,3405.00,6125,3170300
EICHERMOT_F1,11/18/2022,15:13:00,3405.90,3407.65,3404.45,3406.50,3150,3170300
EICHERMOT_F1,11/18/2022,15:14:00,3406.50,3406.95,3405.15,3405.15,3325,3170300
EICHERMOT_F1,11/18/2022,15:15:00,3405.70,3406.70,3404.75,3406.65,3150,3173100
EICHERMOT_F1,11/18/2022,15:16:00,3406.90,3407.35,3405.45,3406.00,3675,3173100
EICHERMOT_F1,11/18/2022,15:17:00,3406.00,3406.90,3404.75,3405.25,3325,3173100
EICHERMOT_F1,11/18/2022,15:18:00,3405.25,3405.25,3400.15,3402.00,4550,3171525
EICHERMOT_F1,11/18/2022,15:19:00,3401.80,3402.50,3398.25,3400.10,4375,3171525
EICHERMOT_F1,11/18/2022,15:20:00,3399.15,3400.00,3396.20,3398.95,3150,3171525
EICHERMOT_F1,11/18/2022,15:21:00,3397.95,3404.00,3397.60,3404.00,5600,3161200
EICHERMOT_F1,11/18/2022,15:22:00,3402.45,3402.45,3399.85,3401.00,2800,3161200
EICHERMOT_F1,11/18/2022,15:23:00,3401.00,3402.20,3399.10,3399.65,4200,3161200
EICHERMOT_F1,11/18/2022,15:24:00,3399.80,3399.95,3398.00,3399.95,4900,3158400
EICHERMOT_F1,11/18/2022,15:25:00,3400.00,3400.80,3397.60,3400.70,5250,3158400
EICHERMOT_F1,11/18/2022,15:26:00,3401.55,3401.55,3398.80,3398.80,4375,3158400
EICHERMOT_F1,11/18/2022,15:27:00,3399.50,3399.75,3398.45,3398.80,2100,3156825
EICHERMOT_F1,11/18/2022,15:28:00,3399.60,3400.00,3397.20,3397.20,3500,3156825
EICHERMOT_F1,11/18/2022,15:29:00,3399.00,3401.85,3398.05,3398.05,5425,3156825
EICHERMOT_F1,11/21/2022,09:15:00,3398.00,3419.95,3390.95,3411.75,17676,3019100
EICHERMOT_F1,11/21/2022,09:16:00,3414.30,3416.90,3408.40,3411.00,11025,3019100
EICHERMOT_F1,11/21/2022,09:17:00,3415.75,3418.70,3411.50,3418.70,9800,3022775
EICHERMOT_F1,11/21/2022,09:18:00,3418.75,3418.75,3408.25,3410.50,6300,3022775
EICHERMOT_F1,11/21/2022,09:19:00,3408.00,3408.45,3397.90,3400.00,12075,3022775
EICHERMOT_F1,11/21/2022,09:20:00,3400.45,3414.55,3398.05,3413.85,31850,3030475
EICHERMOT_F1,11/21/2022,09:21:00,3410.40,3414.95,3407.35,3410.95,14350,3030475
EICHERMOT_F1,11/21/2022,09:22:00,3410.50,3418.40,3410.20,3416.95,23625,3030475
EICHERMOT_F1,11/21/2022,09:23:00,3414.45,3418.85,3411.35,3418.70,42875,3045000
EICHERMOT_F1,11/21/2022,09:24:00,3418.85,3421.35,3413.20,3413.20,23625,3045000
EICHERMOT_F1,11/21/2022,09:25:00,3411.10,3413.10,3404.10,3405.50,2800,3045000
EICHERMOT_F1,11/21/2022,09:26:00,3407.00,3409.60,3405.45,3407.55,9625,3062150
EICHERMOT_F1,11/21/2022,09:27:00,3406.00,3413.90,3406.00,3413.00,9625,3062150
EICHERMOT_F1,11/21/2022,09:28:00,3411.80,3416.95,3411.80,3415.90,8575,3062150
EICHERMOT_F1,11/21/2022,09:29:00,3415.90,3418.25,3415.15,3416.00,5425,3061100
EICHERMOT_F1,11/21/2022,09:30:00,3414.00,3415.90,3406.00,3408.00,10500,3061100
EICHERMOT_F1,11/21/2022,09:31:00,3408.00,3409.65,3404.00,3404.00,7000,3061100
EICHERMOT_F1,11/21/2022,09:32:00,3403.65,3411.45,3403.15,3409.65,12950,3068800
EICHERMOT_F1,11/21/2022,09:33:00,3409.85,3416.50,3409.70,3415.60,7700,3068800
EICHERMOT_F1,11/21/2022,09:34:00,3414.00,3416.15,3410.00,3416.15,13825,3068800
EICHERMOT_F1,11/21/2022,09:35:00,3416.50,3420.25,3412.50,3412.50,16975,3056375
EICHERMOT_F1,11/21/2022,09:36:00,3414.75,3414.75,3408.70,3408.70,5250,3056375
EICHERMOT_F1,11/21/2022,09:37:00,3405.95,3406.95,3403.00,3403.00,4725,3056375
EICHERMOT_F1,11/21/2022,09:38:00,3401.15,3401.15,3397.00,3397.00,4900,3056550
EICHERMOT_F1,11/21/2022,09:39:00,3394.10,3398.95,3392.40,3393.50,17850,3056550
EICHERMOT_F1,11/21/2022,09:40:00,3394.90,3399.00,3394.60,3398.35,11375,3056550
EICHERMOT_F1,11/21/2022,09:41:00,3398.35,3402.35,3398.30,3398.75,6300,3067225
EICHERMOT_F1,11/21/2022,09:42:00,3400.05,3401.75,3400.05,3401.65,7000,3067225
EICHERMOT_F1,11/21/2022,09:43:00,3401.65,3405.85,3401.65,3405.85,6825,3067225
EICHERMOT_F1,11/21/2022,09:44:00,3405.85,3409.05,3404.30,3404.30,34825,3056025
EICHERMOT_F1,11/21/2022,09:45:00,3404.30,3405.90,3404.30,3405.90,2975,3056025
EICHERMOT_F1,11/21/2022,09:46:00,3405.90,3406.75,3403.25,3403.65,2975,3056025
EICHERMOT_F1,11/21/2022,09:47:00,3403.20,3403.20,3401.50,3402.00,4375,3060050
EICHERMOT_F1,11/21/2022,09:48:00,3402.00,3404.35,3402.00,3403.15,8050,3060050
EICHERMOT_F1,11/21/2022,09:49:00,3403.15,3406.00,3403.15,3406.00,3150,3060050
EICHERMOT_F1,11/21/2022,09:50:00,3405.40,3405.45,3402.60,3402.60,1750,3058650
EICHERMOT_F1,11/21/2022,09:51:00,3402.60,3402.60,3397.30,3398.05,5075,3058650
EICHERMOT_F1,11/21/2022,09:52:00,3398.05,3398.05,3394.60,3394.60,1925,3058650
EICHERMOT_F1,11/21/2022,09:53:00,3394.60,3399.45,3394.60,3399.45,5075,3061100
EICHERMOT_F1,11/21/2022,09:54:00,3399.45,3401.00,3397.75,3401.00,2450,3061100
EICHERMOT_F1,11/21/2022,09:55:00,3401.00,3401.25,3399.60,3401.25,2975,3061100
EICHERMOT_F1,11/21/2022,09:56:00,3402.00,3403.40,3396.40,3398.25,3675,3058300
EICHERMOT_F1,11/21/2022,09:57:00,3400.40,3400.40,3400.40,3400.40,1225,3058300
EICHERMOT_F1,11/21/2022,09:58:00,3400.40,3401.75,3400.00,3400.75,3150,3058300
EICHERMOT_F1,11/21/2022,09:59:00,3400.00,3400.05,3397.10,3398.90,4900,3058125
EICHERMOT_F1,11/21/2022,10:00:00,3398.90,3401.00,3393.85,3393.85,7175,3058125
EICHERMOT_F1,11/21/2022,10:01:00,3393.85,3393.85,3391.30,3392.65,4025,3058125
EICHERMOT_F1,11/21/2022,10:02:00,3392.70,3392.70,3392.00,3392.15,3850,3056900
EICHERMOT_F1,11/21/2022,10:03:00,3394.00,3394.00,3394.00,3394.00,525,3056900
EICHERMOT_F1,11/21/2022,10:04:00,3393.90,3394.70,3393.90,3394.70,3150,3056900
EICHERMOT_F1,11/21/2022,10:05:00,3393.65,3396.55,3393.65,3395.10,6125,3056025
EICHERMOT_F1,11/21/2022,10:06:00,3394.15,3397.65,3393.00,3396.70,8925,3056025
EICHERMOT_F1,11/21/2022,10:07:00,3396.70,3400.85,3396.70,3398.35,7700,3056025
EICHERMOT_F1,11/21/2022,10:08:00,3400.15,3400.15,3398.15,3398.15,3150,3052350
EICHERMOT_F1,11/21/2022,10:09:00,3398.15,3398.55,3398.15,3398.55,2800,3052350
EICHERMOT_F1,11/21/2022,10:10:00,3399.00,3399.00,3399.00,3399.00,700,3052350
EICHERMOT_F1,11/21/2022,10:11:00,3399.00,3401.20,3399.00,3399.60,5775,3053575
EICHERMOT_F1,11/21/2022,10:12:00,3399.60,3399.60,3398.65,3398.65,525,3053575
EICHERMOT_F1,11/21/2022,10:13:00,3398.80,3398.80,3398.15,3398.15,3150,3053575
EICHERMOT_F1,11/21/2022,10:14:00,3398.15,3399.45,3398.15,3399.45,1400,3056375
EICHERMOT_F1,11/21/2022,10:15:00,3399.45,3399.45,3398.40,3398.40,2100,3056375
EICHERMOT_F1,11/21/2022,10:16:00,3398.40,3400.80,3398.40,3400.80,62650,3056375
EICHERMOT_F1,11/21/2022,10:17:00,3401.00,3401.00,3399.85,3399.85,2800,3112200
EICHERMOT_F1,11/21/2022,10:18:00,3398.55,3399.90,3398.55,3399.20,2625,3112200
EICHERMOT_F1,11/21/2022,10:19:00,3399.20,3400.45,3399.20,3400.10,1750,3112200
EICHERMOT_F1,11/21/2022,10:20:00,3401.50,3404.05,3401.15,3403.00,6650,3114300
EICHERMOT_F1,11/21/2022,10:21:00,3401.85,3402.00,3398.90,3398.90,2450,3114300
EICHERMOT_F1,11/21/2022,10:22:00,3398.90,3402.45,3398.90,3400.60,3675,3114300
EICHERMOT_F1,11/21/2022,10:23:00,3400.60,3401.05,3400.60,3401.05,700,3114825
EICHERMOT_F1,11/21/2022,10:24:00,3400.60,3400.60,3400.15,3400.15,1575,3114825
EICHERMOT_F1,11/21/2022,10:25:00,3400.15,3403.00,3400.15,3403.00,2800,3114825
EICHERMOT_F1,11/21/2022,10:26:00,3402.55,3403.40,3401.60,3403.40,2975,3110975
EICHERMOT_F1,11/21/2022,10:27:00,3404.00,3408.75,3404.00,3404.65,3675,3110975
EICHERMOT_F1,11/21/2022,10:28:00,3404.65,3405.85,3402.90,3402.90,2625,3110975
EICHERMOT_F1,11/21/2022,10:29:00,3404.80,3404.80,3401.90,3402.15,2800,2975700
EICHERMOT_F1,11/21/2022,10:30:00,3402.00,3404.70,3401.65,3402.80,3325,2975700
EICHERMOT_F1,11/21/2022,10:31:00,3401.20,3402.00,3401.05,3401.65,2800,2975700
EICHERMOT_F1,11/21/2022,10:32:00,3401.65,3404.00,3401.65,3404.00,3675,2941925
EICHERMOT_F1,11/21/2022,10:33:00,3404.00,3405.45,3404.00,3405.45,1750,2941925
EICHERMOT_F1,11/21/2022,10:34:00,3404.00,3406.15,3404.00,3405.00,3500,2941925
EICHERMOT_F1,11/21/2022,10:35:00,3405.00,3405.00,3403.85,3403.85,1575,2941925
EICHERMOT_F1,11/21/2022,10:36:00,3403.85,3405.00,3403.85,3405.00,2450,2942800
EICHERMOT_F1,11/21/2022,10:37:00,3405.80,3406.45,3405.80,3406.45,3675,2942800
EICHERMOT_F1,11/21/2022,10:38:00,3405.00,3405.00,3402.80,3403.25,5250,2926000
EICHERMOT_F1,11/21/2022,10:39:00,3403.25,3405.00,3403.25,3404.00,2450,2926000
EICHERMOT_F1,11/21/2022,10:40:00,3404.00,3404.00,3402.95,3402.95,2800,2926000
EICHERMOT_F1,11/21/2022,10:41:00,3402.95,3402.95,3401.05,3401.05,1575,2930200
EICHERMOT_F1,11/21/2022,10:42:00,3401.05,3405.00,3401.05,3405.00,2800,2930200
EICHERMOT_F1,11/21/2022,10:43:00,3405.00,3405.00,3403.10,3403.10,1750,2930200
EICHERMOT_F1,11/21/2022,10:44:00,3402.25,3404.00,3402.25,3404.00,2450,2930200
EICHERMOT_F1,11/21/2022,10:45:00,3404.25,3404.25,3402.70,3402.70,1400,2930200
EICHERMOT_F1,11/21/2022,10:46:00,3402.70,3404.50,3402.70,3404.50,1400,2930200
EICHERMOT_F1,11/21/2022,10:47:00,3403.85,3404.85,3402.30,3402.30,4025,2930025
EICHERMOT_F1,11/21/2022,10:48:00,3402.30,3404.50,3402.30,3403.30,1925,2930025
EICHERMOT_F1,11/21/2022,10:49:00,3403.30,3405.20,3403.30,3405.20,2800,2930025
EICHERMOT_F1,11/21/2022,10:50:00,3405.20,3406.90,3405.20,3406.90,2450,2931950
EICHERMOT_F1,11/21/2022,10:51:00,3406.90,3406.90,3404.25,3404.25,2450,2931950
EICHERMOT_F1,11/21/2022,10:52:00,3404.25,3406.80,3404.25,3406.80,2450,2931950
EICHERMOT_F1,11/21/2022,10:53:00,3405.80,3405.85,3405.80,3405.85,3850,2933350
EICHERMOT_F1,11/21/2022,10:54:00,3405.85,3405.95,3405.85,3405.95,1750,2933350
EICHERMOT_F1,11/21/2022,10:55:00,3405.95,3407.55,3405.95,3407.55,1225,2933350
EICHERMOT_F1,11/21/2022,10:56:00,3407.55,3408.85,3406.00,3406.00,2275,2936675
EICHERMOT_F1,11/21/2022,10:57:00,3406.00,3406.00,3404.35,3404.35,1750,2936675
EICHERMOT_F1,11/21/2022,10:58:00,3404.35,3404.35,3404.25,3404.25,1400,2936675
EICHERMOT_F1,11/21/2022,10:59:00,3404.25,3404.25,3402.05,3402.05,2100,2937025
EICHERMOT_F1,11/21/2022,11:00:00,3402.05,3402.05,3401.95,3401.95,4200,2937025
EICHERMOT_F1,11/21/2022,11:01:00,3404.15,3405.00,3404.15,3405.00,3675,2937025
EICHERMOT_F1,11/21/2022,11:02:00,3405.00,3405.00,3403.25,3403.25,2275,2938075
EICHERMOT_F1,11/21/2022,11:03:00,3404.20,3405.00,3404.20,3405.00,1575,2938075
EICHERMOT_F1,11/21/2022,11:04:00,3405.70,3405.70,3404.35,3404.35,1400,2938075
EICHERMOT_F1,11/21/2022,11:05:00,3406.00,3406.00,3405.55,3405.55,4200,2941400
EICHERMOT_F1,11/21/2022,11:06:00,3405.05,3405.05,3405.05,3405.05,1050,2941400
EICHERMOT_F1,11/21/2022,11:07:00,3405.05,3405.05,3404.50,3404.50,1575,2941400
EICHERMOT_F1,11/21/2022,11:08:00,3404.50,3405.00,3404.40,3404.40,1925,2941750
EICHERMOT_F1,11/21/2022,11:09:00,3404.40,3404.40,3403.40,3403.85,3500,2941750
EICHERMOT_F1,11/21/2022,11:10:00,3403.80,3403.80,3403.50,3403.75,2100,2941750
EICHERMOT_F1,11/21/2022,11:11:00,3403.40,3403.40,3403.40,3403.40,2450,2946475
EICHERMOT_F1,11/21/2022,11:12:00,3403.40,3403.40,3401.50,3401.50,2975,2946475
EICHERMOT_F1,11/21/2022,11:13:00,3402.60,3404.00,3402.60,3404.00,2100,2946475
EICHERMOT_F1,11/21/2022,11:14:00,3404.30,3404.30,3403.05,3403.05,1575,2940700
EICHERMOT_F1,11/21/2022,11:15:00,3403.05,3403.70,3400.50,3400.50,2800,2940700
EICHERMOT_F1,11/21/2022,11:16:00,3400.50,3403.00,3400.50,3403.00,5250,2940700
EICHERMOT_F1,11/21/2022,11:17:00,3402.85,3402.85,3401.25,3402.65,3675,2945250
EICHERMOT_F1,11/21/2022,11:18:00,3402.65,3403.00,3401.00,3403.00,2625,2945250
EICHERMOT_F1,11/21/2022,11:19:00,3403.00,3405.00,3403.00,3405.00,2100,2945250
EICHERMOT_F1,11/21/2022,11:20:00,3405.00,3405.80,3404.20,3405.80,2100,2947700
EICHERMOT_F1,11/21/2022,11:21:00,3406.30,3408.15,3406.25,3406.35,4025,2947700
EICHERMOT_F1,11/21/2022,11:22:00,3404.00,3404.00,3402.90,3402.90,1925,2947700
EICHERMOT_F1,11/21/2022,11:23:00,3402.90,3404.95,3402.90,3404.95,1225,2948575
EICHERMOT_F1,11/21/2022,11:24:00,3404.95,3405.40,3404.95,3405.40,1750,2948575
EICHERMOT_F1,11/21/2022,11:25:00,3405.40,3407.40,3405.40,3406.00,2275,2948575
EICHERMOT_F1,11/21/2022,11:26:00,3406.00,3406.00,3405.05,3405.10,2100,2952600
EICHERMOT_F1,11/21/2022,11:27:00,3405.10,3405.10,3405.10,3405.10,1050,2952600
EICHERMOT_F1,11/21/2022,11:28:00,3403.70,3403.70,3400.90,3401.55,2100,2952600
EICHERMOT_F1,11/21/2022,11:29:00,3403.55,3405.20,3403.15,3403.80,4900,2905700
EICHERMOT_F1,11/21/2022,11:30:00,3403.80,3403.80,3401.60,3401.60,6475,2905700
EICHERMOT_F1,11/21/2022,11:31:00,3401.60,3402.75,3401.60,3402.75,5075,2905700
EICHERMOT_F1,11/21/2022,11:32:00,3402.75,3402.75,3400.90,3401.20,2275,2913400
EICHERMOT_F1,11/21/2022,11:33:00,3401.20,3404.65,3401.20,3404.50,2450,2913400
EICHERMOT_F1,11/21/2022,11:34:00,3404.50,3404.50,3400.80,3400.80,3850,2913400
EICHERMOT_F1,11/21/2022,11:35:00,3400.80,3404.75,3400.80,3402.95,8225,2915675
EICHERMOT_F1,11/21/2022,11:36:00,3402.95,3402.95,3402.95,3402.95,1750,2915675
EICHERMOT_F1,11/21/2022,11:37:00,3402.95,3405.00,3402.55,3405.00,4900,2915675
EICHERMOT_F1,11/21/2022,11:38:00,3404.55,3404.55,3403.40,3403.40,3325,2918650
EICHERMOT_F1,11/21/2022,11:39:00,3403.40,3403.40,3403.40,3403.40,1225,2918650
EICHERMOT_F1,11/21/2022,11:40:00,3403.40,3403.45,3403.40,3403.45,1400,2918650
EICHERMOT_F1,11/21/2022,11:41:00,3403.45,3405.55,3401.90,3405.55,2625,2921975
EICHERMOT_F1,11/21/2022,11:42:00,3405.55,3405.55,3403.45,3403.45,2275,2921975
EICHERMOT_F1,11/21/2022,11:43:00,3403.95,3403.95,3403.95,3403.95,1400,2921975
EICHERMOT_F1,11/21/2022,11:44:00,3405.00,3405.00,3404.20,3404.20,4200,2923375
EICHERMOT_F1,11/21/2022,11:45:00,3404.20,3405.00,3404.20,3404.45,1750,2923375
EICHERMOT_F1,11/21/2022,11:46:00,3404.45,3404.45,3403.00,3403.00,2275,2923375
EICHERMOT_F1,11/21/2022,11:47:00,3403.00,3403.20,3403.00,3403.20,2975,2923725
EICHERMOT_F1,11/21/2022,11:48:00,3403.20,3404.50,3403.20,3403.75,1750,2923725
EICHERMOT_F1,11/21/2022,11:49:00,3403.75,3407.25,3403.75,3405.15,11025,2923725
EICHERMOT_F1,11/21/2022,11:50:00,3405.15,3405.55,3403.40,3404.70,11025,2937375
EICHERMOT_F1,11/21/2022,11:51:00,3404.70,3404.70,3404.45,3404.45,2100,2937375
EICHERMOT_F1,11/21/2022,11:52:00,3403.15,3404.95,3403.15,3403.55,4725,2937375
EICHERMOT_F1,11/21/2022,11:53:00,3403.55,3405.25,3403.55,3404.15,3675,2938250
EICHERMOT_F1,11/21/2022,11:54:00,3404.10,3404.10,3403.15,3403.25,3150,2938250
EICHERMOT_F1,11/21/2022,11:55:00,3403.25,3403.25,3403.25,3403.25,1050,2938250
EICHERMOT_F1,11/21/2022,11:56:00,3403.25,3403.25,3403.00,3403.10,2275,2938600
EICHERMOT_F1,11/21/2022,11:57:00,3403.10,3403.20,3402.90,3403.20,2275,2938600
EICHERMOT_F1,11/21/2022,11:58:00,3403.40,3403.55,3403.40,3403.55,1575,2938600
EICHERMOT_F1,11/21/2022,11:59:00,3403.50,3403.50,3402.30,3402.75,2625,2938600
EICHERMOT_F1,11/21/2022,12:00:00,3401.40,3404.10,3401.20,3404.10,3850,2941925
EICHERMOT_F1,11/21/2022,12:01:00,3404.10,3404.10,3404.00,3404.00,1400,2941925
EICHERMOT_F1,11/21/2022,12:02:00,3404.00,3405.50,3404.00,3404.70,3325,2941925
EICHERMOT_F1,11/21/2022,12:03:00,3404.70,3404.70,3403.85,3403.85,1575,2944200
EICHERMOT_F1,11/21/2022,12:04:00,3403.85,3405.50,3403.10,3405.50,15225,2944200
EICHERMOT_F1,11/21/2022,12:05:00,3405.50,3406.55,3405.50,3406.55,4200,2959600
EICHERMOT_F1,11/21/2022,12:06:00,3406.55,3406.55,3404.05,3405.15,4375,2959600
EICHERMOT_F1,11/21/2022,12:07:00,3405.15,3405.70,3404.20,3405.60,2800,2959600
EICHERMOT_F1,11/21/2022,12:08:00,3406.00,3407.70,3405.20,3407.55,9800,2967650
EICHERMOT_F1,11/21/2022,12:09:00,3407.55,3408.45,3407.55,3407.95,2625,2967650
EICHERMOT_F1,11/21/2022,12:10:00,3407.95,3408.00,3407.00,3407.00,2275,2967650
EICHERMOT_F1,11/21/2022,12:11:00,3407.00,3407.90,3406.50,3407.30,5250,2967650
EICHERMOT_F1,11/21/2022,12:12:00,3407.20,3408.30,3406.50,3407.25,7350,2960825
EICHERMOT_F1,11/21/2022,12:13:00,3408.20,3410.20,3408.20,3409.70,62300,2960825
EICHERMOT_F1,11/21/2022,12:14:00,3409.65,3416.85,3408.25,3415.20,18025,3021200
EICHERMOT_F1,11/21/2022,12:15:00,3414.90,3415.15,3413.00,3413.00,5250,3021200
EICHERMOT_F1,11/21/2022,12:16:00,3410.65,3410.65,3407.30,3409.80,11375,3021200
EICHERMOT_F1,11/21/2022,12:17:00,3409.80,3410.90,3408.35,3408.35,6125,3021200
EICHERMOT_F1,11/21/2022,12:18:00,3408.35,3408.40,3408.35,3408.40,1575,3031175
EICHERMOT_F1,11/21/2022,12:19:00,3408.40,3411.40,3408.35,3411.40,8925,3031175
EICHERMOT_F1,11/21/2022,12:20:00,3411.65,3411.65,3408.50,3408.50,4200,3031175
EICHERMOT_F1,11/21/2022,12:21:00,3408.50,3408.50,3404.80,3404.80,2100,2975875
EICHERMOT_F1,11/21/2022,12:22:00,3404.80,3404.80,3401.75,3401.75,2450,2975875
EICHERMOT_F1,11/21/2022,12:23:00,3403.10,3403.10,3402.10,3402.85,1925,2975875
EICHERMOT_F1,11/21/2022,12:24:00,3403.15,3404.60,3401.70,3404.60,9100,2977975
EICHERMOT_F1,11/21/2022,12:25:00,3405.15,3405.15,3404.25,3404.25,1750,2977975
EICHERMOT_F1,11/21/2022,12:26:00,3404.25,3404.25,3402.85,3402.85,2275,2977975
EICHERMOT_F1,11/21/2022,12:27:00,3402.85,3403.70,3402.85,3403.40,6475,2978325
EICHERMOT_F1,11/21/2022,12:28:00,3403.40,3404.55,3403.10,3403.95,3675,2978325
EICHERMOT_F1,11/21/2022,12:29:00,3403.95,3404.30,3403.95,3404.30,2800,2978325
EICHERMOT_F1,11/21/2022,12:30:00,3404.95,3405.20,3404.95,3405.20,1225,2983750
EICHERMOT_F1,11/21/2022,12:31:00,3404.55,3404.55,3404.55,3404.55,700,2983750
EICHERMOT_F1,11/21/2022,12:32:00,3407.00,3407.00,3398.10,3398.10,64750,2962575
EICHERMOT_F1,11/21/2022,12:33:00,3399.70,3400.95,3396.05,3397.00,8575,2962575
EICHERMOT_F1,11/21/2022,12:34:00,3396.60,3397.90,3396.25,3396.65,3325,2962575
EICHERMOT_F1,11/21/2022,12:35:00,3396.15,3396.15,3396.15,3396.15,525,2962575
EICHERMOT_F1,11/21/2022,12:36:00,3396.65,3398.05,3395.35,3395.35,1925,2967300
EICHERMOT_F1,11/21/2022,12:37:00,3393.50,3393.50,3393.50,3393.50,1225,2967300
EICHERMOT_F1,11/21/2022,12:38:00,3394.05,3394.10,3390.35,3390.35,6475,2967300
EICHERMOT_F1,11/21/2022,12:39:00,3390.30,3398.85,3390.30,3395.75,20125,2872800
EICHERMOT_F1,11/21/2022,12:40:00,3396.40,3396.40,3393.00,3393.00,2275,2872800
EICHERMOT_F1,11/21/2022,12:41:00,3393.00,3394.45,3391.75,3391.75,1925,2872800
EICHERMOT_F1,11/21/2022,12:42:00,3391.75,3392.45,3391.05,3392.45,2100,2833600
EICHERMOT_F1,11/21/2022,12:43:00,3392.10,3392.10,3391.05,3392.00,2625,2833600
EICHERMOT_F1,11/21/2022,12:44:00,3392.00,3392.65,3391.60,3391.65,3325,2833600
EICHERMOT_F1,11/21/2022,12:45:00,3391.15,3393.25,3391.15,3393.25,7000,2830625
EICHERMOT_F1,11/21/2022,12:46:00,3394.20,3397.10,3394.15,3396.00,10325,2830625
EICHERMOT_F1,11/21/2022,12:47:00,3396.00,3396.00,3395.40,3395.40,1400,2830625
EICHERMOT_F1,11/21/2022,12:48:00,3393.80,3393.80,3393.10,3393.10,1925,2833950
EICHERMOT_F1,11/21/2022,12:49:00,3392.15,3392.85,3391.80,3392.85,2275,2833950
EICHERMOT_F1,11/21/2022,12:50:00,3393.30,3394.20,3393.30,3394.20,3325,2833950
EICHERMOT_F1,11/21/2022,12:51:00,3394.20,3394.20,3394.20,3394.20,2275,2836575
EICHERMOT_F1,11/21/2022,12:52:00,3393.45,3393.45,3392.40,3392.40,1225,2836575
EICHERMOT_F1,11/21/2022,12:53:00,3392.45,3392.45,3391.60,3392.05,4200,2836575
EICHERMOT_F1,11/21/2022,12:54:00,3392.35,3398.00,3392.30,3398.00,11725,2838500
EICHERMOT_F1,11/21/2022,12:55:00,3398.00,3398.00,3397.70,3397.85,2450,2838500
EICHERMOT_F1,11/21/2022,12:56:00,3396.30,3396.30,3394.65,3395.85,1925,2838500
EICHERMOT_F1,11/21/2022,12:57:00,3395.85,3395.85,3394.00,3394.85,3325,2842700
EICHERMOT_F1,11/21/2022,12:58:00,3394.85,3396.00,3394.85,3395.95,2450,2842700
EICHERMOT_F1,11/21/2022,12:59:00,3395.95,3396.65,3395.95,3396.55,2100,2842700
EICHERMOT_F1,11/21/2022,13:00:00,3396.55,3398.60,3395.30,3395.30,3150,2846375
EICHERMOT_F1,11/21/2022,13:01:00,3395.30,3396.45,3394.40,3396.45,2100,2846375
EICHERMOT_F1,11/21/2022,13:02:00,3396.45,3397.25,3396.45,3397.25,1575,2846375
EICHERMOT_F1,11/21/2022,13:03:00,3397.25,3400.00,3397.25,3400.00,2100,2849525
EICHERMOT_F1,11/21/2022,13:04:00,3398.10,3398.10,3393.45,3395.85,5775,2849525
EICHERMOT_F1,11/21/2022,13:05:00,3395.85,3396.70,3395.85,3396.70,4550,2849525
EICHERMOT_F1,11/21/2022,13:06:00,3396.70,3398.20,3396.70,3398.00,1925,2853900
EICHERMOT_F1,11/21/2022,13:07:00,3396.85,3396.85,3396.85,3396.85,1925,2853900
EICHERMOT_F1,11/21/2022,13:08:00,3396.85,3397.25,3396.85,3397.25,2100,2853900
EICHERMOT_F1,11/21/2022,13:09:00,3397.25,3397.25,3397.25,3397.25,1925,2857575
EICHERMOT_F1,11/21/2022,13:10:00,3396.45,3398.35,3394.45,3394.45,7175,2857575
EICHERMOT_F1,11/21/2022,13:11:00,3394.45,3395.90,3394.45,3395.90,2450,2857575
EICHERMOT_F1,11/21/2022,13:12:00,3394.60,3396.90,3394.60,3396.90,3675,2863700
EICHERMOT_F1,11/21/2022,13:13:00,3396.80,3396.80,3395.25,3396.00,3500,2863700
EICHERMOT_F1,11/21/2022,13:14:00,3396.00,3397.45,3396.00,3397.45,3675,2863700
EICHERMOT_F1,11/21/2022,13:15:00,3397.45,3397.45,3394.95,3394.95,3150,2871225
EICHERMOT_F1,11/21/2022,13:16:00,3394.95,3394.95,3393.05,3394.70,3325,2871225
EICHERMOT_F1,11/21/2022,13:17:00,3396.05,3396.05,3394.65,3396.00,1575,2871225
EICHERMOT_F1,11/21/2022,13:18:00,3396.00,3396.00,3392.90,3392.90,2975,2873325
EICHERMOT_F1,11/21/2022,13:19:00,3392.90,3392.90,3392.75,3392.80,1575,2873325
EICHERMOT_F1,11/21/2022,13:20:00,3392.80,3394.15,3392.80,3394.15,1575,2873325
EICHERMOT_F1,11/21/2022,13:22:00,3392.25,3392.25,3391.75,3391.75,1400,2875600
EICHERMOT_F1,11/21/2022,13:23:00,3391.00,3392.25,3391.00,3392.25,2450,2875600
EICHERMOT_F1,11/21/2022,13:24:00,3391.25,3391.40,3389.05,3391.40,6825,2875775
EICHERMOT_F1,11/21/2022,13:25:00,3391.20,3391.35,3391.15,3391.15,1750,2875775
EICHERMOT_F1,11/21/2022,13:26:00,3392.10,3393.55,3392.05,3393.55,1925,2875775
EICHERMOT_F1,11/21/2022,13:27:00,3392.85,3393.50,3392.85,3393.50,4900,2877700
EICHERMOT_F1,11/21/2022,13:28:00,3392.15,3393.05,3391.85,3393.05,2975,2877700
EICHERMOT_F1,11/21/2022,13:29:00,3393.05,3393.05,3390.55,3391.00,2100,2877700
EICHERMOT_F1,11/21/2022,13:30:00,3392.05,3392.35,3392.00,3392.35,2800,2876475
EICHERMOT_F1,11/21/2022,13:31:00,3392.35,3392.35,3391.40,3391.40,1050,2876475
EICHERMOT_F1,11/21/2022,13:32:00,3392.55,3393.15,3392.55,3393.15,1925,2876475
EICHERMOT_F1,11/21/2022,13:33:00,3397.45,3397.45,3395.75,3395.75,6825,2875250
EICHERMOT_F1,11/21/2022,13:35:00,3395.30,3397.00,3395.00,3395.00,1925,2875250
EICHERMOT_F1,11/21/2022,13:36:00,3395.00,3395.85,3395.00,3395.00,1400,2759400
EICHERMOT_F1,11/21/2022,13:37:00,3395.00,3395.00,3394.95,3394.95,1400,2759400
EICHERMOT_F1,11/21/2022,13:38:00,3394.95,3394.95,3392.80,3392.80,875,2759400
EICHERMOT_F1,11/21/2022,13:39:00,3394.75,3395.50,3394.20,3395.50,1225,2758525
EICHERMOT_F1,11/21/2022,13:40:00,3395.95,3396.05,3393.75,3393.75,3325,2758525
EICHERMOT_F1,11/21/2022,13:41:00,3393.75,3394.30,3393.75,3394.20,2625,2758525
EICHERMOT_F1,11/21/2022,13:42:00,3394.20,3394.20,3394.20,3394.20,700,2750300
EICHERMOT_F1,11/21/2022,13:43:00,3394.20,3394.20,3393.75,3393.75,875,2750300
EICHERMOT_F1,11/21/2022,13:44:00,3393.25,3393.25,3393.25,3393.25,2625,2750300
EICHERMOT_F1,11/21/2022,13:45:00,3392.25,3392.25,3390.60,3391.10,4725,2753275
EICHERMOT_F1,11/21/2022,13:46:00,3391.05,3391.05,3390.00,3390.00,2450,2753275
EICHERMOT_F1,11/21/2022,13:47:00,3393.45,3393.45,3392.85,3393.15,6825,2753275
EICHERMOT_F1,11/21/2022,13:48:00,3393.10,3393.10,3392.25,3392.55,2625,2753625
EICHERMOT_F1,11/21/2022,13:49:00,3392.55,3394.40,3392.50,3394.40,1225,2753625
EICHERMOT_F1,11/21/2022,13:50:00,3393.65,3393.65,3393.65,3393.65,525,2753625
EICHERMOT_F1,11/21/2022,13:51:00,3392.25,3392.25,3392.25,3392.25,2275,2752400
EICHERMOT_F1,11/21/2022,13:52:00,3393.00,3393.65,3391.55,3391.55,1575,2752400
EICHERMOT_F1,11/21/2022,13:53:00,3391.55,3393.45,3391.15,3391.85,16800,2752400
EICHERMOT_F1,11/21/2022,13:54:00,3393.70,3394.00,3391.20,3394.00,2450,2762375
EICHERMOT_F1,11/21/2022,13:55:00,3394.00,3394.00,3392.65,3392.65,1050,2762375
EICHERMOT_F1,11/21/2022,13:56:00,3392.65,3393.55,3391.50,3391.50,2275,2762375
EICHERMOT_F1,11/21/2022,13:57:00,3391.50,3391.50,3391.25,3391.25,875,2762900
EICHERMOT_F1,11/21/2022,13:58:00,3391.25,3391.50,3391.25,3391.50,875,2762900
EICHERMOT_F1,11/21/2022,13:59:00,3391.50,3391.50,3390.50,3390.50,2625,2762900
EICHERMOT_F1,11/21/2022,14:00:00,3390.20,3394.15,3390.20,3394.15,44625,2762725
EICHERMOT_F1,11/21/2022,14:01:00,3394.15,3395.65,3392.75,3393.15,11725,2762725
EICHERMOT_F1,11/21/2022,14:02:00,3393.15,3396.00,3393.15,3393.45,8750,2762725
EICHERMOT_F1,11/21/2022,14:03:00,3393.15,3393.15,3391.75,3391.75,1400,2813650
EICHERMOT_F1,11/21/2022,14:04:00,3391.75,3391.75,3389.35,3389.35,3500,2813650
EICHERMOT_F1,11/21/2022,14:05:00,3389.00,3389.00,3386.90,3386.90,2625,2813650
EICHERMOT_F1,11/21/2022,14:06:00,3386.90,3386.90,3380.05,3382.00,11550,2749075
EICHERMOT_F1,11/21/2022,14:07:00,3382.45,3382.45,3380.80,3381.25,6475,2749075
EICHERMOT_F1,11/21/2022,14:08:00,3381.30,3381.30,3381.30,3381.30,525,2749075
EICHERMOT_F1,11/21/2022,14:09:00,3382.00,3382.00,3380.50,3380.70,3150,2751000
EICHERMOT_F1,11/21/2022,14:10:00,3380.85,3380.85,3380.70,3380.85,4550,2751000
EICHERMOT_F1,11/21/2022,14:11:00,3380.85,3383.05,3380.85,3383.05,4550,2751000
EICHERMOT_F1,11/21/2022,14:12:00,3384.30,3385.30,3384.30,3385.25,2625,2749775
EICHERMOT_F1,11/21/2022,14:13:00,3385.25,3385.25,3381.60,3381.60,1925,2749775
EICHERMOT_F1,11/21/2022,14:14:00,3381.60,3381.60,3381.60,3381.60,1400,2749775
EICHERMOT_F1,11/21/2022,14:15:00,3382.00,3382.00,3382.00,3382.00,2975,2749250
EICHERMOT_F1,11/21/2022,14:16:00,3382.00,3383.00,3382.00,3383.00,1575,2749250
EICHERMOT_F1,11/21/2022,14:17:00,3383.00,3383.50,3382.45,3382.45,2800,2749250
EICHERMOT_F1,11/21/2022,14:18:00,3382.45,3382.45,3381.80,3381.80,3325,2717225
EICHERMOT_F1,11/21/2022,14:19:00,3381.85,3381.85,3381.80,3381.80,1225,2717225
EICHERMOT_F1,11/21/2022,14:20:00,3381.80,3381.80,3380.75,3380.75,875,2717225
EICHERMOT_F1,11/21/2022,14:21:00,3380.70,3380.70,3380.70,3380.70,1050,2718275
EICHERMOT_F1,11/21/2022,14:22:00,3381.70,3381.70,3378.10,3378.10,5600,2718275
EICHERMOT_F1,11/21/2022,14:23:00,3378.00,3379.60,3378.00,3379.55,5775,2718275
EICHERMOT_F1,11/21/2022,14:24:00,3380.20,3382.65,3380.20,3382.65,6475,2716175
EICHERMOT_F1,11/21/2022,14:25:00,3382.65,3382.80,3379.35,3380.00,10500,2716175
EICHERMOT_F1,11/21/2022,14:26:00,3379.00,3382.00,3379.00,3381.30,2975,2716175
EICHERMOT_F1,11/21/2022,14:27:00,3380.95,3385.50,3378.45,3385.30,12425,2721600
EICHERMOT_F1,11/21/2022,14:28:00,3385.30,3388.05,3383.45,3384.55,14525,2721600
EICHERMOT_F1,11/21/2022,14:29:00,3385.00,3385.45,3384.40,3385.00,4550,2721600
EICHERMOT_F1,11/21/2022,14:30:00,3385.25,3385.95,3385.25,3385.95,3500,2724575
EICHERMOT_F1,11/21/2022,14:31:00,3385.95,3386.60,3385.95,3386.60,2975,2724575
EICHERMOT_F1,11/21/2022,14:32:00,3386.60,3386.60,3386.05,3386.05,4025,2724575
EICHERMOT_F1,11/21/2022,14:33:00,3385.05,3385.95,3383.55,3384.40,5600,2726850
EICHERMOT_F1,11/21/2022,14:34:00,3384.40,3384.40,3383.55,3384.00,2450,2726850
EICHERMOT_F1,11/21/2022,14:35:00,3384.00,3387.25,3384.00,3387.10,8750,2726850
EICHERMOT_F1,11/21/2022,14:36:00,3387.05,3388.95,3386.60,3388.95,5250,2726500
EICHERMOT_F1,11/21/2022,14:37:00,3388.90,3390.50,3388.20,3389.65,4725,2726500
EICHERMOT_F1,11/21/2022,14:38:00,3389.05,3389.20,3388.00,3388.10,4900,2726500
EICHERMOT_F1,11/21/2022,14:39:00,3388.10,3389.00,3386.50,3389.00,2975,2725975
EICHERMOT_F1,11/21/2022,14:40:00,3389.00,3389.25,3387.15,3389.25,3150,2725975
EICHERMOT_F1,11/21/2022,14:41:00,3389.25,3389.25,3388.00,3389.00,2450,2725975
EICHERMOT_F1,11/21/2022,14:42:00,3389.00,3389.00,3387.90,3387.90,2625,2723525
EICHERMOT_F1,11/21/2022,14:43:00,3389.85,3389.85,3387.55,3388.05,4200,2723525
EICHERMOT_F1,11/21/2022,14:44:00,3390.00,3390.00,3388.60,3388.90,3500,2723525
EICHERMOT_F1,11/21/2022,14:45:00,3389.15,3389.30,3388.55,3389.20,3325,2726850
EICHERMOT_F1,11/21/2022,14:46:00,3389.20,3390.00,3389.20,3389.80,2450,2726850
EICHERMOT_F1,11/21/2022,14:47:00,3389.75,3389.75,3388.15,3388.15,4200,2726850
EICHERMOT_F1,11/21/2022,14:48:00,3389.25,3390.80,3389.25,3390.00,5775,2729125
EICHERMOT_F1,11/21/2022,14:49:00,3389.80,3390.20,3389.20,3390.00,5775,2729125
EICHERMOT_F1,11/21/2022,14:50:00,3390.05,3390.05,3388.15,3389.05,3850,2729125
EICHERMOT_F1,11/21/2022,14:51:00,3389.05,3389.05,3387.65,3387.65,2625,2731050
EICHERMOT_F1,11/21/2022,14:52:00,3387.50,3388.15,3386.80,3388.15,3325,2731050
EICHERMOT_F1,11/21/2022,14:53:00,3388.15,3389.00,3388.15,3389.00,1925,2731050
EICHERMOT_F1,11/21/2022,14:54:00,3389.00,3390.10,3388.60,3389.65,2975,2732975
EICHERMOT_F1,11/21/2022,14:55:00,3389.65,3389.85,3388.85,3388.85,3325,2732975
EICHERMOT_F1,11/21/2022,14:56:00,3388.85,3392.65,3388.35,3392.00,10500,2732975
EICHERMOT_F1,11/21/2022,14:57:00,3390.45,3393.10,3390.40,3392.55,4025,2733850
EICHERMOT_F1,11/21/2022,14:58:00,3392.20,3394.30,3392.20,3394.30,64750,2733850
EICHERMOT_F1,11/21/2022,14:59:00,3396.50,3396.50,3392.25,3392.50,7000,2733850
EICHERMOT_F1,11/21/2022,15:00:00,3393.65,3394.15,3388.00,3388.00,4200,2783550
EICHERMOT_F1,11/21/2022,15:01:00,3388.05,3391.75,3388.05,3391.75,3325,2783550
EICHERMOT_F1,11/21/2022,15:02:00,3391.40,3391.40,3388.00,3388.30,3150,2783550
EICHERMOT_F1,11/21/2022,15:03:00,3388.30,3390.80,3388.25,3390.80,2625,2784950
EICHERMOT_F1,11/21/2022,15:04:00,3390.80,3390.80,3387.40,3390.10,4375,2784950
EICHERMOT_F1,11/21/2022,15:05:00,3388.80,3388.80,3386.40,3388.00,5075,2784950
EICHERMOT_F1,11/21/2022,15:06:00,3388.00,3388.70,3387.05,3388.45,4200,2748900
EICHERMOT_F1,11/21/2022,15:07:00,3388.45,3389.00,3387.40,3389.00,3675,2748900
EICHERMOT_F1,11/21/2022,15:08:00,3390.25,3391.25,3389.40,3390.95,4725,2748900
EICHERMOT_F1,11/21/2022,15:09:00,3391.00,3393.70,3389.90,3391.60,4900,2745225
EICHERMOT_F1,11/21/2022,15:10:00,3392.00,3393.00,3391.75,3392.60,3325,2745225
EICHERMOT_F1,11/21/2022,15:11:00,3392.60,3393.65,3391.25,3392.95,5075,2745225
EICHERMOT_F1,11/21/2022,15:12:00,3393.50,3393.50,3390.85,3393.00,3325,2736825
EICHERMOT_F1,11/21/2022,15:13:00,3392.10,3394.80,3391.50,3394.40,4900,2736825
EICHERMOT_F1,11/21/2022,15:14:00,3393.15,3397.50,3392.10,3394.00,12425,2736825
EICHERMOT_F1,11/21/2022,15:15:00,3396.95,3400.60,3395.00,3395.60,10850,2734725
EICHERMOT_F1,11/21/2022,15:16:00,3396.10,3396.85,3391.00,3391.45,14175,2734725
EICHERMOT_F1,11/21/2022,15:17:00,3390.40,3395.50,3390.20,3392.35,20825,2734725
EICHERMOT_F1,11/21/2022,15:18:00,3392.80,3392.80,3388.65,3389.00,7525,2734550
EICHERMOT_F1,11/21/2022,15:19:00,3390.00,3390.55,3387.15,3387.15,5950,2734550
EICHERMOT_F1,11/21/2022,15:20:00,3386.40,3388.40,3386.20,3387.50,10500,2734550
EICHERMOT_F1,11/21/2022,15:21:00,3389.65,3389.65,3386.50,3387.10,7525,2737000
EICHERMOT_F1,11/21/2022,15:22:00,3386.05,3389.35,3386.05,3388.00,8400,2737000
EICHERMOT_F1,11/21/2022,15:23:00,3388.30,3389.90,3386.50,3389.00,8050,2737000
EICHERMOT_F1,11/21/2022,15:24:00,3389.85,3390.00,3387.45,3387.65,6650,2736825
EICHERMOT_F1,11/21/2022,15:25:00,3387.65,3391.90,3387.15,3391.10,10850,2736825
EICHERMOT_F1,11/21/2022,15:26:00,3391.05,3393.60,3390.25,3391.00,3150,2736825
EICHERMOT_F1,11/21/2022,15:27:00,3390.00,3390.80,3388.75,3388.75,1050,2734900
EICHERMOT_F1,11/21/2022,15:28:00,3389.80,3389.80,3387.85,3387.85,3850,2734900
EICHERMOT_F1,11/21/2022,15:29:00,3386.65,3391.35,3386.65,3391.35,5600,2734900
EICHERMOT_F1,11/22/2022,09:15:00,3380.65,3394.70,3358.60,3393.50,11726,2066225
EICHERMOT_F1,11/22/2022,09:16:00,3391.00,3409.40,3391.00,3405.00,11025,2066225
EICHERMOT_F1,11/22/2022,09:17:00,3404.40,3417.95,3404.40,3408.90,15925,2072175
EICHERMOT_F1,11/22/2022,09:18:00,3408.90,3414.00,3403.00,3403.00,10500,2072175
EICHERMOT_F1,11/22/2022,09:19:00,3403.00,3403.00,3393.75,3393.75,7525,2072175
EICHERMOT_F1,11/22/2022,09:20:00,3393.75,3396.65,3386.25,3396.65,19250,2078125
EICHERMOT_F1,11/22/2022,09:21:00,3396.70,3400.00,3395.50,3395.50,5600,2078125
EICHERMOT_F1,11/22/2022,09:22:00,3394.85,3394.85,3389.30,3394.80,12075,2078125
EICHERMOT_F1,11/22/2022,09:23:00,3392.35,3393.20,3388.40,3391.70,7000,2085650
EICHERMOT_F1,11/22/2022,09:24:00,3393.50,3397.20,3391.65,3397.20,6475,2085650
EICHERMOT_F1,11/22/2022,09:25:00,3395.40,3396.55,3392.15,3393.65,10150,2085650
EICHERMOT_F1,11/22/2022,09:26:00,3392.40,3393.25,3391.00,3392.00,5600,2085475
EICHERMOT_F1,11/22/2022,09:27:00,3392.15,3394.05,3390.65,3390.65,7175,2085475
EICHERMOT_F1,11/22/2022,09:28:00,3389.70,3397.70,3389.70,3389.85,28000,2085475
EICHERMOT_F1,11/22/2022,09:29:00,3391.30,3393.30,3389.05,3389.10,5075,2099825
EICHERMOT_F1,11/22/2022,09:30:00,3392.10,3393.00,3391.80,3393.00,2800,2099825
EICHERMOT_F1,11/22/2022,09:31:00,3393.00,3395.00,3393.00,3395.00,4025,2099825
EICHERMOT_F1,11/22/2022,09:32:00,3396.55,3396.85,3392.45,3394.50,4375,2104375
EICHERMOT_F1,11/22/2022,09:33:00,3394.00,3395.30,3390.20,3390.20,5425,2104375
EICHERMOT_F1,11/22/2022,09:34:00,3390.20,3390.65,3390.00,3390.00,1750,2104375
EICHERMOT_F1,11/22/2022,09:35:00,3391.30,3391.30,3389.70,3389.70,2975,2099300
EICHERMOT_F1,11/22/2022,09:36:00,3389.70,3392.15,3389.70,3392.15,3850,2099300
EICHERMOT_F1,11/22/2022,09:37:00,3392.15,3393.00,3391.30,3391.30,2800,2099300
EICHERMOT_F1,11/22/2022,09:38:00,3389.05,3389.35,3382.90,3382.90,7175,2095975
EICHERMOT_F1,11/22/2022,09:39:00,3382.90,3386.25,3382.90,3385.15,6125,2095975
EICHERMOT_F1,11/22/2022,09:40:00,3385.15,3388.35,3384.00,3388.35,6300,2095975
EICHERMOT_F1,11/22/2022,09:41:00,3388.35,3392.15,3388.35,3390.65,6300,2080400
EICHERMOT_F1,11/22/2022,09:42:00,3390.65,3392.80,3389.55,3389.55,5250,2080400
EICHERMOT_F1,11/22/2022,09:43:00,3389.55,3393.80,3389.55,3393.60,4200,2080400
EICHERMOT_F1,11/22/2022,09:44:00,3393.60,3393.60,3391.45,3391.45,3150,2085475
EICHERMOT_F1,11/22/2022,09:45:00,3390.65,3390.65,3388.00,3389.00,6300,2085475
EICHERMOT_F1,11/22/2022,09:46:00,3389.00,3390.20,3387.85,3387.85,2800,2085475
EICHERMOT_F1,11/22/2022,09:47:00,3387.85,3388.30,3387.85,3388.15,4375,2085125
EICHERMOT_F1,11/22/2022,09:48:00,3388.15,3389.00,3386.15,3386.15,4725,2085125
EICHERMOT_F1,11/22/2022,09:49:00,3386.15,3390.30,3386.15,3389.25,4025,2085125
EICHERMOT_F1,11/22/2022,09:50:00,3389.25,3389.25,3387.25,3388.00,3675,2087575
EICHERMOT_F1,11/22/2022,09:51:00,3388.00,3389.25,3387.35,3389.25,6650,2087575
EICHERMOT_F1,11/22/2022,09:52:00,3389.25,3390.00,3389.15,3389.15,3500,2087575
EICHERMOT_F1,11/22/2022,09:53:00,3389.15,3391.80,3389.15,3391.80,4725,2090025
EICHERMOT_F1,11/22/2022,09:54:00,3390.65,3390.80,3390.45,3390.80,3675,2090025
EICHERMOT_F1,11/22/2022,09:55:00,3390.80,3390.80,3388.15,3388.15,4375,2090025
EICHERMOT_F1,11/22/2022,09:56:00,3388.10,3388.85,3385.15,3385.15,7000,2091600
EICHERMOT_F1,11/22/2022,09:57:00,3385.15,3385.15,3382.90,3383.15,7000,2091600
EICHERMOT_F1,11/22/2022,09:58:00,3383.15,3388.00,3383.15,3387.00,4725,2091600
EICHERMOT_F1,11/22/2022,09:59:00,3387.00,3391.75,3387.00,3391.75,10325,2097025
EICHERMOT_F1,11/22/2022,10:00:00,3390.45,3390.45,3387.80,3387.80,4375,2097025
EICHERMOT_F1,11/22/2022,10:01:00,3387.80,3392.35,3387.20,3388.85,6475,2097025
EICHERMOT_F1,11/22/2022,10:02:00,3389.00,3391.00,3389.00,3389.40,4200,2098600
EICHERMOT_F1,11/22/2022,10:03:00,3390.45,3390.45,3389.70,3389.70,2450,2098600
EICHERMOT_F1,11/22/2022,10:04:00,3389.70,3392.60,3389.40,3390.55,6475,2098600
EICHERMOT_F1,11/22/2022,10:05:00,3390.55,3390.55,3389.70,3389.70,4025,2100525
EICHERMOT_F1,11/22/2022,10:06:00,3389.70,3391.25,3389.05,3389.40,3675,2100525
EICHERMOT_F1,11/22/2022,10:07:00,3389.40,3391.20,3389.40,3391.10,2100,2100525
EICHERMOT_F1,11/22/2022,10:08:00,3391.10,3391.10,3389.70,3389.70,4200,2105425
EICHERMOT_F1,11/22/2022,10:09:00,3389.70,3389.70,3389.20,3389.25,2800,2105425
EICHERMOT_F1,11/22/2022,10:10:00,3389.15,3391.65,3389.15,3389.55,3675,2105425
EICHERMOT_F1,11/22/2022,10:11:00,3390.35,3391.60,3390.05,3390.50,3500,2095625
EICHERMOT_F1,11/22/2022,10:12:00,3390.50,3390.80,3389.75,3389.75,4550,2095625
EICHERMOT_F1,11/22/2022,10:13:00,3389.75,3389.75,3389.35,3389.35,1925,2095625
EICHERMOT_F1,11/22/2022,10:14:00,3389.35,3389.35,3386.65,3388.40,4900,2099650
EICHERMOT_F1,11/22/2022,10:15:00,3388.40,3390.05,3388.40,3388.55,3150,2099650
EICHERMOT_F1,11/22/2022,10:16:00,3388.55,3390.00,3388.55,3389.45,4900,2099650
EICHERMOT_F1,11/22/2022,10:17:00,3389.45,3390.00,3389.00,3389.05,3850,2107350
EICHERMOT_F1,11/22/2022,10:18:00,3389.00,3389.00,3386.15,3386.15,3675,2107350
EICHERMOT_F1,11/22/2022,10:19:00,3386.15,3386.15,3384.05,3384.85,3850,2107350
EICHERMOT_F1,11/22/2022,10:20:00,3384.85,3384.85,3381.10,3381.55,8225,2108225
EICHERMOT_F1,11/22/2022,10:21:00,3382.00,3386.90,3382.00,3386.90,6475,2108225
EICHERMOT_F1,11/22/2022,10:22:00,3386.90,3386.90,3385.00,3385.00,7875,2108225
EICHERMOT_F1,11/22/2022,10:23:00,3384.20,3384.40,3383.40,3383.40,6650,2118725
EICHERMOT_F1,11/22/2022,10:24:00,3383.45,3383.45,3383.45,3383.45,4200,2118725
EICHERMOT_F1,11/22/2022,10:25:00,3385.95,3385.95,3382.80,3385.00,10325,2118725
EICHERMOT_F1,11/22/2022,10:26:00,3386.40,3389.10,3386.40,3387.50,6125,2124325
EICHERMOT_F1,11/22/2022,10:27:00,3388.00,3389.35,3387.70,3387.70,8750,2124325
EICHERMOT_F1,11/22/2022,10:28:00,3387.70,3387.85,3385.80,3385.80,6825,2124325
EICHERMOT_F1,11/22/2022,10:29:00,3385.80,3388.60,3385.80,3388.60,3325,2130100
EICHERMOT_F1,11/22/2022,10:30:00,3388.60,3388.95,3387.05,3387.05,3675,2130100
EICHERMOT_F1,11/22/2022,10:31:00,3387.05,3387.90,3385.70,3385.70,3675,2130100
EICHERMOT_F1,11/22/2022,10:32:00,3384.30,3385.75,3384.30,3385.70,5250,2136750
EICHERMOT_F1,11/22/2022,10:33:00,3385.70,3389.00,3385.70,3387.35,7175,2136750
EICHERMOT_F1,11/22/2022,10:34:00,3387.35,3387.35,3387.00,3387.00,4200,2136750
EICHERMOT_F1,11/22/2022,10:35:00,3387.00,3389.20,3387.00,3387.75,3850,2140600
EICHERMOT_F1,11/22/2022,10:36:00,3388.95,3389.50,3388.95,3389.50,6825,2140600
EICHERMOT_F1,11/22/2022,10:37:00,3389.50,3390.70,3389.50,3390.30,3325,2140600
EICHERMOT_F1,11/22/2022,10:38:00,3390.30,3390.30,3389.40,3389.40,2100,2139025
EICHERMOT_F1,11/22/2022,10:39:00,3389.25,3391.00,3389.25,3389.80,7000,2139025
EICHERMOT_F1,11/22/2022,10:40:00,3390.00,3390.00,3388.05,3388.05,3150,2139025
EICHERMOT_F1,11/22/2022,10:41:00,3388.05,3389.40,3388.05,3389.40,3675,2142700
EICHERMOT_F1,11/22/2022,10:42:00,3390.00,3391.20,3390.00,3390.45,5950,2142700
EICHERMOT_F1,11/22/2022,10:43:00,3390.45,3391.70,3390.45,3391.70,4375,2142700
EICHERMOT_F1,11/22/2022,10:44:00,3391.70,3391.70,3390.80,3390.80,3150,2149175
EICHERMOT_F1,11/22/2022,10:45:00,3390.80,3391.75,3390.65,3390.65,14700,2149175
EICHERMOT_F1,11/22/2022,10:46:00,3390.65,3392.05,3390.65,3392.05,4725,2149175
EICHERMOT_F1,11/22/2022,10:47:00,3392.05,3392.05,3387.60,3388.80,11025,2159150
EICHERMOT_F1,11/22/2022,10:48:00,3388.80,3389.20,3387.55,3387.55,5075,2159150
EICHERMOT_F1,11/22/2022,10:49:00,3387.55,3389.40,3387.05,3389.40,4375,2159150
EICHERMOT_F1,11/22/2022,10:50:00,3389.40,3390.30,3389.40,3389.40,4550,2166325
EICHERMOT_F1,11/22/2022,10:51:00,3389.40,3390.15,3389.40,3389.90,3850,2166325
EICHERMOT_F1,11/22/2022,10:52:00,3389.90,3390.85,3389.90,3390.85,4025,2166325
EICHERMOT_F1,11/22/2022,10:53:00,3390.85,3392.00,3390.45,3392.00,7700,2173150
EICHERMOT_F1,11/22/2022,10:54:00,3391.40,3391.40,3390.20,3390.20,3675,2173150
EICHERMOT_F1,11/22/2022,10:55:00,3390.20,3390.20,3390.20,3390.20,5075,2173150
EICHERMOT_F1,11/22/2022,10:56:00,3391.00,3391.00,3389.45,3389.75,49350,2176300
EICHERMOT_F1,11/22/2022,10:57:00,3390.10,3391.60,3389.05,3391.00,7525,2176300
EICHERMOT_F1,11/22/2022,10:58:00,3391.00,3391.00,3390.00,3390.05,1750,2176300
EICHERMOT_F1,11/22/2022,10:59:00,3389.15,3389.15,3389.15,3389.15,5775,2225475
EICHERMOT_F1,11/22/2022,11:00:00,3389.15,3391.35,3389.15,3391.35,7700,2225475
EICHERMOT_F1,11/22/2022,11:01:00,3390.40,3390.40,3390.20,3390.20,2800,2225475
EICHERMOT_F1,11/22/2022,11:02:00,3390.20,3390.20,3389.05,3389.05,4725,2233000
EICHERMOT_F1,11/22/2022,11:03:00,3389.05,3390.60,3389.05,3390.60,4200,2233000
EICHERMOT_F1,11/22/2022,11:04:00,3391.25,3391.25,3390.30,3390.30,7175,2233000
EICHERMOT_F1,11/22/2022,11:05:00,3389.35,3389.35,3387.85,3388.10,5600,2242975
EICHERMOT_F1,11/22/2022,11:06:00,3388.10,3391.40,3388.10,3390.15,2450,2242975
EICHERMOT_F1,11/22/2022,11:07:00,3390.15,3393.75,3390.15,3391.45,10150,2242975
EICHERMOT_F1,11/22/2022,11:08:00,3390.70,3390.70,3390.45,3390.45,4900,2216725
EICHERMOT_F1,11/22/2022,11:09:00,3390.95,3393.05,3390.95,3393.05,3850,2216725
EICHERMOT_F1,11/22/2022,11:10:00,3392.40,3393.80,3392.40,3393.05,4375,2216725
EICHERMOT_F1,11/22/2022,11:11:00,3393.05,3393.05,3391.65,3391.65,4725,2212175
EICHERMOT_F1,11/22/2022,11:12:00,3391.65,3393.95,3391.65,3393.95,5425,2212175
EICHERMOT_F1,11/22/2022,11:13:00,3393.95,3394.35,3392.30,3393.40,7875,2212175
EICHERMOT_F1,11/22/2022,11:14:00,3393.40,3393.40,3392.00,3393.00,6300,2218475
EICHERMOT_F1,11/22/2022,11:15:00,3393.00,3395.90,3393.00,3395.90,4550,2218475
EICHERMOT_F1,11/22/2022,11:16:00,3395.90,3398.15,3395.45,3398.15,8575,2218475
EICHERMOT_F1,11/22/2022,11:17:00,3398.15,3403.85,3398.00,3399.05,26950,2240175
EICHERMOT_F1,11/22/2022,11:18:00,3398.85,3398.85,3394.55,3394.55,9975,2240175
EICHERMOT_F1,11/22/2022,11:19:00,3394.55,3395.45,3394.05,3395.45,4375,2240175
EICHERMOT_F1,11/22/2022,11:20:00,3395.45,3395.45,3393.15,3393.15,2975,2248750
EICHERMOT_F1,11/22/2022,11:21:00,3393.15,3393.15,3393.00,3393.00,2800,2248750
EICHERMOT_F1,11/22/2022,11:22:00,3393.00,3394.50,3393.00,3394.50,3850,2248750
EICHERMOT_F1,11/22/2022,11:23:00,3392.55,3394.05,3392.55,3393.20,6300,2248750
EICHERMOT_F1,11/22/2022,11:24:00,3393.20,3396.50,3393.20,3396.50,4200,2257500
EICHERMOT_F1,11/22/2022,11:25:00,3396.30,3396.50,3393.45,3393.45,3850,2257500
EICHERMOT_F1,11/22/2022,11:26:00,3393.85,3395.75,3393.85,3395.50,7875,2255400
EICHERMOT_F1,11/22/2022,11:27:00,3394.70,3395.85,3394.05,3395.15,13125,2255400
EICHERMOT_F1,11/22/2022,11:28:00,3395.15,3395.90,3395.15,3395.60,2625,2255400
EICHERMOT_F1,11/22/2022,11:29:00,3397.00,3397.00,3395.80,3396.90,4900,2255400
EICHERMOT_F1,11/22/2022,11:30:00,3397.00,3397.00,3395.15,3396.00,10675,2266600
EICHERMOT_F1,11/22/2022,11:31:00,3396.00,3396.00,3394.40,3395.95,4375,2266600
EICHERMOT_F1,11/22/2022,11:32:00,3395.95,3395.95,3393.60,3393.65,6650,2266600
EICHERMOT_F1,11/22/2022,11:33:00,3393.65,3394.40,3392.65,3393.50,5250,2280075
EICHERMOT_F1,11/22/2022,11:34:00,3393.50,3394.40,3393.50,3394.00,3325,2280075
EICHERMOT_F1,11/22/2022,11:35:00,3394.35,3394.35,3393.05,3393.45,4025,2282700
EICHERMOT_F1,11/22/2022,11:36:00,3393.45,3394.35,3393.30,3394.35,2625,2282700
EICHERMOT_F1,11/22/2022,11:37:00,3394.35,3395.20,3394.00,3395.20,2625,2282700
EICHERMOT_F1,11/22/2022,11:38:00,3395.20,3396.75,3393.60,3393.60,5600,2288650
EICHERMOT_F1,11/22/2022,11:39:00,3393.60,3396.60,3393.60,3395.35,5775,2288650
EICHERMOT_F1,11/22/2022,11:40:00,3395.35,3395.35,3392.80,3392.90,5250,2288650
EICHERMOT_F1,11/22/2022,11:41:00,3392.90,3394.65,3392.90,3393.00,3850,2291450
EICHERMOT_F1,11/22/2022,11:42:00,3394.40,3394.75,3392.60,3394.75,3675,2291450
EICHERMOT_F1,11/22/2022,11:43:00,3393.00,3394.70,3392.75,3394.60,9100,2291450
EICHERMOT_F1,11/22/2022,11:44:00,3394.60,3394.60,3392.75,3392.75,2625,2291450
EICHERMOT_F1,11/22/2022,11:45:00,3392.75,3394.70,3392.75,3394.70,3150,2304750
EICHERMOT_F1,11/22/2022,11:46:00,3394.55,3394.65,3392.50,3392.50,7350,2304750
EICHERMOT_F1,11/22/2022,11:47:00,3392.50,3392.50,3391.20,3391.20,2275,2304750
EICHERMOT_F1,11/22/2022,11:48:00,3391.20,3392.00,3390.70,3392.00,2625,2309825
EICHERMOT_F1,11/22/2022,11:49:00,3392.00,3393.20,3391.15,3393.20,2275,2309825
EICHERMOT_F1,11/22/2022,11:50:00,3392.15,3393.50,3392.15,3393.50,5250,2309825
EICHERMOT_F1,11/22/2022,11:51:00,3394.30,3395.20,3393.55,3393.70,4550,2245425
EICHERMOT_F1,11/22/2022,11:52:00,3393.70,3394.75,3392.85,3394.70,3675,2245425
EICHERMOT_F1,11/22/2022,11:53:00,3394.70,3395.50,3393.50,3394.40,3675,2245425
EICHERMOT_F1,11/22/2022,11:54:00,3394.40,3394.40,3394.20,3394.20,3325,2249450
EICHERMOT_F1,11/22/2022,11:55:00,3394.90,3394.90,3394.30,3394.30,4375,2249450
EICHERMOT_F1,11/22/2022,11:56:00,3394.30,3394.30,3391.40,3391.75,3325,2249450
EICHERMOT_F1,11/22/2022,11:57:00,3391.75,3393.10,3391.55,3393.10,4200,2252950
EICHERMOT_F1,11/22/2022,11:58:00,3393.10,3393.55,3393.10,3393.55,2100,2252950
EICHERMOT_F1,11/22/2022,11:59:00,3395.10,3395.10,3391.35,3391.35,3150,2252950
EICHERMOT_F1,11/22/2022,12:00:00,3391.35,3391.35,3391.35,3391.35,2625,2258200
EICHERMOT_F1,11/22/2022,12:01:00,3391.35,3392.85,3390.55,3390.55,1925,2258200
EICHERMOT_F1,11/22/2022,12:02:00,3390.55,3391.15,3390.55,3391.15,2625,2258200
EICHERMOT_F1,11/22/2022,12:03:00,3391.15,3391.65,3391.15,3391.65,4375,2128000
EICHERMOT_F1,11/22/2022,12:04:00,3391.65,3391.90,3390.90,3390.90,2100,2128000
EICHERMOT_F1,11/22/2022,12:05:00,3390.90,3390.90,3390.90,3390.90,1925,2128000
EICHERMOT_F1,11/22/2022,12:06:00,3390.90,3393.40,3390.90,3392.15,2450,2123625
EICHERMOT_F1,11/22/2022,12:07:00,3392.15,3392.15,3392.15,3392.15,3500,2123625
EICHERMOT_F1,11/22/2022,12:08:00,3392.15,3393.85,3392.15,3393.85,3325,2123625
EICHERMOT_F1,11/22/2022,12:09:00,3392.25,3393.95,3390.70,3390.70,4025,2125725
EICHERMOT_F1,11/22/2022,12:10:00,3390.00,3392.25,3388.90,3390.35,6650,2125725
EICHERMOT_F1,11/22/2022,12:11:00,3390.35,3391.25,3387.25,3388.25,8750,2125725
EICHERMOT_F1,11/22/2022,12:12:00,3388.25,3389.25,3386.25,3386.25,3675,2119950
EICHERMOT_F1,11/22/2022,12:13:00,3385.60,3387.15,3385.35,3385.65,6825,2119950
EICHERMOT_F1,11/22/2022,12:14:00,3385.65,3385.65,3383.85,3385.15,7000,2119950
EICHERMOT_F1,11/22/2022,12:15:00,3385.75,3386.45,3383.80,3385.95,5250,2117150
EICHERMOT_F1,11/22/2022,12:16:00,3387.20,3387.35,3384.95,3387.35,2975,2117150
EICHERMOT_F1,11/22/2022,12:17:00,3387.35,3387.35,3387.35,3387.35,1750,2117150
EICHERMOT_F1,11/22/2022,12:18:00,3387.35,3388.50,3387.35,3388.50,1400,2121525
EICHERMOT_F1,11/22/2022,12:19:00,3387.00,3389.00,3386.40,3389.00,4550,2121525
EICHERMOT_F1,11/22/2022,12:20:00,3389.00,3389.00,3387.00,3387.00,1750,2121525
EICHERMOT_F1,11/22/2022,12:21:00,3387.00,3389.00,3387.00,3389.00,2975,2124150
EICHERMOT_F1,11/22/2022,12:22:00,3389.00,3389.00,3389.00,3389.00,1925,2124150
EICHERMOT_F1,11/22/2022,12:23:00,3389.00,3390.00,3388.90,3388.90,2625,2124150
EICHERMOT_F1,11/22/2022,12:24:00,3390.55,3392.00,3390.55,3392.00,4725,2117325
EICHERMOT_F1,11/22/2022,12:25:00,3392.00,3392.00,3392.00,3392.00,1400,2117325
EICHERMOT_F1,11/22/2022,12:26:00,3392.00,3392.00,3391.00,3391.00,1750,2117325
EICHERMOT_F1,11/22/2022,12:27:00,3391.00,3391.00,3391.00,3391.00,1925,2120650
EICHERMOT_F1,11/22/2022,12:28:00,3391.00,3391.05,3391.00,3391.05,2100,2120650
EICHERMOT_F1,11/22/2022,12:29:00,3391.05,3391.05,3389.50,3390.50,2800,2120650
EICHERMOT_F1,11/22/2022,12:30:00,3390.50,3390.50,3388.90,3388.90,2275,2121700
EICHERMOT_F1,11/22/2022,12:31:00,3388.90,3389.85,3388.55,3389.85,2100,2121700
EICHERMOT_F1,11/22/2022,12:32:00,3389.85,3390.00,3389.85,3390.00,2450,2121700
EICHERMOT_F1,11/22/2022,12:33:00,3390.00,3390.00,3390.00,3390.00,525,2125375
EICHERMOT_F1,11/22/2022,12:34:00,3390.00,3390.00,3389.75,3389.75,2975,2125375
EICHERMOT_F1,11/22/2022,12:35:00,3389.70,3389.70,3389.70,3389.70,1925,2125375
EICHERMOT_F1,11/22/2022,12:36:00,3389.70,3389.70,3389.70,3389.70,1400,2123975
EICHERMOT_F1,11/22/2022,12:37:00,3389.05,3389.75,3385.55,3386.45,6125,2123975
EICHERMOT_F1,11/22/2022,12:38:00,3386.40,3386.40,3385.00,3385.25,1925,2123975
EICHERMOT_F1,11/22/2022,12:39:00,3385.25,3385.25,3385.25,3385.25,1225,2127650
EICHERMOT_F1,11/22/2022,12:40:00,3385.25,3385.25,3385.25,3385.25,1225,2127650
EICHERMOT_F1,11/22/2022,12:41:00,3385.25,3385.25,3380.05,3381.00,5950,2127650
EICHERMOT_F1,11/22/2022,12:42:00,3378.80,3380.15,3377.35,3380.15,5250,2126950
EICHERMOT_F1,11/22/2022,12:43:00,3380.15,3380.15,3380.15,3380.15,2975,2126950
EICHERMOT_F1,11/22/2022,12:44:00,3379.95,3382.00,3378.45,3380.15,3850,2126950
EICHERMOT_F1,11/22/2022,12:45:00,3380.15,3382.10,3378.55,3378.55,5250,2128175
EICHERMOT_F1,11/22/2022,12:46:00,3378.55,3381.55,3378.00,3381.55,4375,2128175
EICHERMOT_F1,11/22/2022,12:47:00,3381.55,3381.55,3379.75,3379.75,3325,2128175
EICHERMOT_F1,11/22/2022,12:48:00,3379.90,3379.90,3379.40,3379.40,3500,2129575
EICHERMOT_F1,11/22/2022,12:49:00,3379.40,3379.50,3373.85,3373.85,10150,2129575
EICHERMOT_F1,11/22/2022,12:50:00,3372.25,3372.55,3369.65,3370.65,12950,2129575
EICHERMOT_F1,11/22/2022,12:51:00,3371.60,3374.10,3371.60,3372.70,3675,2128525
EICHERMOT_F1,11/22/2022,12:52:00,3375.55,3375.55,3373.00,3375.30,2275,2128525
EICHERMOT_F1,11/22/2022,12:53:00,3375.30,3375.35,3375.00,3375.35,2625,2128525
EICHERMOT_F1,11/22/2022,12:54:00,3375.35,3375.35,3375.35,3375.35,2625,2129225
EICHERMOT_F1,11/22/2022,12:55:00,3375.35,3379.70,3375.35,3379.70,1925,2129225
EICHERMOT_F1,11/22/2022,12:56:00,3379.70,3380.50,3379.70,3380.50,1225,2129225
EICHERMOT_F1,11/22/2022,12:57:00,3380.50,3383.90,3380.50,3383.90,3500,2127825
EICHERMOT_F1,11/22/2022,12:58:00,3383.90,3386.30,3383.90,3385.15,3850,2127825
EICHERMOT_F1,11/22/2022,12:59:00,3383.75,3383.75,3383.65,3383.65,1575,2127825
EICHERMOT_F1,11/22/2022,13:00:00,3383.65,3386.20,3382.75,3386.20,2800,2132375
EICHERMOT_F1,11/22/2022,13:01:00,3386.20,3386.20,3385.30,3385.35,2625,2132375
EICHERMOT_F1,11/22/2022,13:02:00,3385.35,3387.10,3385.35,3387.10,2625,2132375
EICHERMOT_F1,11/22/2022,13:03:00,3387.20,3391.65,3387.20,3391.55,4375,2132725
EICHERMOT_F1,11/22/2022,13:04:00,3391.55,3392.00,3389.55,3389.55,8925,2132725
EICHERMOT_F1,11/22/2022,13:05:00,3389.55,3389.65,3389.15,3389.65,2450,2132725
EICHERMOT_F1,11/22/2022,13:06:00,3389.65,3389.65,3389.65,3389.65,1750,2136925
EICHERMOT_F1,11/22/2022,13:07:00,3389.65,3389.65,3389.65,3389.65,1750,2136925
EICHERMOT_F1,11/22/2022,13:08:00,3389.65,3389.65,3389.65,3389.65,1400,2136925
EICHERMOT_F1,11/22/2022,13:09:00,3389.65,3389.65,3388.80,3388.80,2975,2138500
EICHERMOT_F1,11/22/2022,13:10:00,3388.80,3389.15,3388.80,3389.15,1225,2138500
EICHERMOT_F1,11/22/2022,13:11:00,3389.15,3389.60,3389.15,3389.60,1925,2138500
EICHERMOT_F1,11/22/2022,13:12:00,3389.60,3389.60,3389.60,3389.60,2450,2135700
EICHERMOT_F1,11/22/2022,13:13:00,3389.60,3389.75,3389.60,3389.75,2100,2135700
EICHERMOT_F1,11/22/2022,13:14:00,3390.00,3390.00,3389.55,3389.55,2975,2135700
EICHERMOT_F1,11/22/2022,13:15:00,3390.00,3390.70,3390.00,3390.70,3850,2138500
EICHERMOT_F1,11/22/2022,13:16:00,3390.70,3390.70,3390.40,3390.40,1400,2138500
EICHERMOT_F1,11/22/2022,13:17:00,3390.40,3390.40,3389.80,3389.80,2450,2138500
EICHERMOT_F1,11/22/2022,13:18:00,3389.80,3389.80,3386.75,3386.75,8225,2142000
EICHERMOT_F1,11/22/2022,13:19:00,3386.75,3387.30,3386.75,3387.30,2450,2142000
EICHERMOT_F1,11/22/2022,13:20:00,3387.30,3390.35,3387.30,3390.35,1750,2142000
EICHERMOT_F1,11/22/2022,13:21:00,3389.25,3389.25,3388.70,3388.70,4200,2147775
EICHERMOT_F1,11/22/2022,13:22:00,3388.70,3388.70,3388.70,3388.70,1575,2147775
EICHERMOT_F1,11/22/2022,13:23:00,3390.00,3390.55,3390.00,3390.30,2975,2147775
EICHERMOT_F1,11/22/2022,13:24:00,3390.30,3392.25,3390.30,3392.25,1225,2148300
EICHERMOT_F1,11/22/2022,13:25:00,3392.25,3392.25,3390.20,3390.20,2800,2148300
EICHERMOT_F1,11/22/2022,13:26:00,3390.20,3390.55,3388.50,3388.50,2275,2148300
EICHERMOT_F1,11/22/2022,13:27:00,3388.50,3388.50,3388.50,3388.50,2275,2147425
EICHERMOT_F1,11/22/2022,13:28:00,3388.50,3391.45,3388.50,3390.30,1925,2147425
EICHERMOT_F1,11/22/2022,13:29:00,3390.30,3391.55,3390.30,3391.55,1575,2147425
EICHERMOT_F1,11/22/2022,13:30:00,3391.55,3391.75,3391.55,3391.75,2275,2148475
EICHERMOT_F1,11/22/2022,13:31:00,3391.55,3391.55,3390.00,3390.10,2100,2148475
EICHERMOT_F1,11/22/2022,13:32:00,3390.10,3391.95,3390.10,3391.95,1050,2148475
EICHERMOT_F1,11/22/2022,13:33:00,3391.95,3392.55,3391.00,3392.00,3850,2150400
EICHERMOT_F1,11/22/2022,13:34:00,3392.00,3392.00,3390.45,3391.50,2450,2150400
EICHERMOT_F1,11/22/2022,13:35:00,3392.90,3393.95,3391.40,3391.50,3500,2150400
EICHERMOT_F1,11/22/2022,13:36:00,3390.30,3390.30,3390.30,3390.30,1050,2152150
EICHERMOT_F1,11/22/2022,13:37:00,3390.30,3393.00,3389.80,3393.00,3850,2152150
EICHERMOT_F1,11/22/2022,13:38:00,3393.00,3393.00,3390.45,3390.45,875,2152150
EICHERMOT_F1,11/22/2022,13:39:00,3390.45,3390.45,3390.45,3390.45,1225,2153200
EICHERMOT_F1,11/22/2022,13:40:00,3390.45,3390.45,3389.15,3389.15,1575,2153200
EICHERMOT_F1,11/22/2022,13:41:00,3389.15,3389.15,3389.15,3389.15,2100,2153200
EICHERMOT_F1,11/22/2022,13:42:00,3389.15,3389.15,3389.15,3389.15,1400,2149000
EICHERMOT_F1,11/22/2022,13:43:00,3389.90,3389.90,3389.70,3389.70,1575,2149000
EICHERMOT_F1,11/22/2022,13:44:00,3389.70,3390.25,3389.70,3390.25,2275,2149000
EICHERMOT_F1,11/22/2022,13:45:00,3390.25,3390.25,3389.60,3389.60,2100,2151100
EICHERMOT_F1,11/22/2022,13:46:00,3390.75,3390.75,3390.75,3390.75,1225,2151100
EICHERMOT_F1,11/22/2022,13:47:00,3391.65,3391.65,3391.65,3391.65,875,2151100
EICHERMOT_F1,11/22/2022,13:48:00,3391.65,3391.65,3389.60,3390.35,3500,2154075
EICHERMOT_F1,11/22/2022,13:49:00,3390.35,3390.35,3390.35,3390.35,700,2154075
EICHERMOT_F1,11/22/2022,13:50:00,3390.35,3391.20,3390.35,3391.20,1050,2154075
EICHERMOT_F1,11/22/2022,13:51:00,3391.20,3391.20,3391.20,3391.20,1575,2155475
EICHERMOT_F1,11/22/2022,13:52:00,3391.20,3391.20,3390.15,3390.15,3325,2155475
EICHERMOT_F1,11/22/2022,13:53:00,3390.15,3390.15,3390.15,3390.15,700,2155475
EICHERMOT_F1,11/22/2022,13:54:00,3389.50,3389.50,3389.50,3389.50,3325,2159325
EICHERMOT_F1,11/22/2022,13:55:00,3389.50,3389.50,3389.25,3389.25,11725,2159325
EICHERMOT_F1,11/22/2022,13:56:00,3390.15,3390.85,3390.15,3390.35,2625,2159325
EICHERMOT_F1,11/22/2022,13:57:00,3390.35,3390.35,3389.65,3389.65,1050,2167725
EICHERMOT_F1,11/22/2022,13:58:00,3389.40,3389.40,3389.40,3389.40,16275,2167725
EICHERMOT_F1,11/22/2022,13:59:00,3389.40,3390.00,3389.40,3390.00,2275,2167725
EICHERMOT_F1,11/22/2022,14:00:00,3390.00,3390.00,3390.00,3390.00,1050,2183650
EICHERMOT_F1,11/22/2022,14:01:00,3390.00,3390.00,3389.30,3389.30,2450,2183650
EICHERMOT_F1,11/22/2022,14:02:00,3389.60,3390.50,3389.60,3390.50,2275,2183650
EICHERMOT_F1,11/22/2022,14:03:00,3390.50,3390.50,3390.50,3390.50,1050,2185225
EICHERMOT_F1,11/22/2022,14:04:00,3390.50,3391.00,3390.50,3391.00,2100,2185225
EICHERMOT_F1,11/22/2022,14:05:00,3391.00,3391.65,3391.00,3391.65,1750,2185225
EICHERMOT_F1,11/22/2022,14:06:00,3391.65,3391.65,3391.65,3391.65,1575,2187325
EICHERMOT_F1,11/22/2022,14:07:00,3391.65,3392.50,3391.25,3391.55,2625,2187325
EICHERMOT_F1,11/22/2022,14:08:00,3391.55,3391.55,3389.95,3391.00,1750,2187325
EICHERMOT_F1,11/22/2022,14:09:00,3390.05,3391.15,3390.05,3391.15,1050,2186275
EICHERMOT_F1,11/22/2022,14:10:00,3389.95,3389.95,3389.95,3389.95,3500,2186275
EICHERMOT_F1,11/22/2022,14:11:00,3389.95,3391.10,3389.95,3391.10,1575,2186275
EICHERMOT_F1,11/22/2022,14:12:00,3391.10,3391.10,3388.20,3388.20,3150,2187150
EICHERMOT_F1,11/22/2022,14:13:00,3388.20,3388.20,3387.70,3387.70,1400,2187150
EICHERMOT_F1,11/22/2022,14:14:00,3387.70,3388.65,3387.70,3388.65,3325,2187150
EICHERMOT_F1,11/22/2022,14:15:00,3388.65,3389.35,3388.65,3389.30,1925,2191350
EICHERMOT_F1,11/22/2022,14:16:00,3389.30,3389.50,3389.30,3389.50,1750,2191350
EICHERMOT_F1,11/22/2022,14:17:00,3388.45,3388.45,3387.70,3387.70,1750,2191350
EICHERMOT_F1,11/22/2022,14:18:00,3387.70,3387.70,3387.70,3387.70,1050,2192925
EICHERMOT_F1,11/22/2022,14:19:00,3387.70,3389.00,3387.70,3389.00,2625,2192925
EICHERMOT_F1,11/22/2022,14:20:00,3389.00,3389.15,3387.35,3388.60,2625,2192925
EICHERMOT_F1,11/22/2022,14:21:00,3388.60,3388.65,3387.70,3388.65,1925,2195550
EICHERMOT_F1,11/22/2022,14:22:00,3388.65,3388.65,3388.65,3388.65,525,2195550
EICHERMOT_F1,11/22/2022,14:23:00,3389.90,3391.45,3389.90,3391.45,7350,2195550
EICHERMOT_F1,11/22/2022,14:24:00,3391.45,3391.55,3390.50,3391.55,5075,2193625
EICHERMOT_F1,11/22/2022,14:25:00,3390.80,3391.80,3390.80,3391.60,3150,2193625
EICHERMOT_F1,11/22/2022,14:26:00,3391.60,3391.60,3390.50,3391.45,2800,2193625
EICHERMOT_F1,11/22/2022,14:27:00,3391.45,3391.45,3390.00,3390.00,2275,2196950
EICHERMOT_F1,11/22/2022,14:28:00,3390.00,3391.55,3390.00,3390.65,2800,2196950
EICHERMOT_F1,11/22/2022,14:29:00,3390.10,3390.75,3390.10,3390.75,2625,2196950
EICHERMOT_F1,11/22/2022,14:30:00,3390.80,3391.10,3390.45,3390.45,2450,2201150
EICHERMOT_F1,11/22/2022,14:31:00,3390.45,3390.70,3389.90,3389.90,1925,2201150
EICHERMOT_F1,11/22/2022,14:32:00,3389.90,3389.90,3389.50,3389.50,2975,2201150
EICHERMOT_F1,11/22/2022,14:33:00,3389.30,3390.20,3388.95,3390.20,2100,2195550
EICHERMOT_F1,11/22/2022,14:34:00,3390.20,3390.20,3390.10,3390.10,2100,2195550
EICHERMOT_F1,11/22/2022,14:35:00,3390.10,3390.10,3390.10,3390.10,2275,2195550
EICHERMOT_F1,11/22/2022,14:36:00,3390.00,3390.00,3388.55,3390.00,88550,2280950
EICHERMOT_F1,11/22/2022,14:37:00,3390.00,3390.00,3390.00,3390.00,1400,2280950
EICHERMOT_F1,11/22/2022,14:38:00,3390.00,3390.15,3388.80,3388.80,3150,2280950
EICHERMOT_F1,11/22/2022,14:39:00,3388.80,3390.95,3388.80,3390.85,1750,2283575
EICHERMOT_F1,11/22/2022,14:40:00,3390.55,3391.70,3389.40,3389.70,5075,2283575
EICHERMOT_F1,11/22/2022,14:41:00,3389.70,3390.70,3389.70,3390.70,2975,2283575
EICHERMOT_F1,11/22/2022,14:42:00,3390.70,3391.65,3389.65,3389.75,2975,2283225
EICHERMOT_F1,11/22/2022,14:43:00,3389.75,3389.75,3389.75,3389.75,2450,2283225
EICHERMOT_F1,11/22/2022,14:44:00,3389.25,3390.90,3389.25,3390.90,1575,2283225
EICHERMOT_F1,11/22/2022,14:45:00,3390.90,3390.90,3389.80,3389.80,51275,2285150
EICHERMOT_F1,11/22/2022,14:46:00,3389.95,3390.25,3385.70,3385.70,2625,2285150
EICHERMOT_F1,11/22/2022,14:47:00,3385.70,3386.85,3384.45,3385.60,2275,2285150
EICHERMOT_F1,11/22/2022,14:48:00,3385.60,3385.60,3382.95,3384.50,3500,2334500
EICHERMOT_F1,11/22/2022,14:49:00,3384.50,3384.50,3380.10,3382.45,2800,2334500
EICHERMOT_F1,11/22/2022,14:50:00,3382.45,3384.50,3380.05,3383.10,9450,2334500
EICHERMOT_F1,11/22/2022,14:51:00,3383.10,3384.10,3381.40,3383.95,3325,2332925
EICHERMOT_F1,11/22/2022,14:52:00,3382.35,3385.35,3382.35,3382.40,3325,2332925
EICHERMOT_F1,11/22/2022,14:53:00,3382.40,3384.40,3382.40,3382.75,4725,2332925
EICHERMOT_F1,11/22/2022,14:54:00,3381.85,3383.15,3380.45,3381.45,2625,2338000
EICHERMOT_F1,11/22/2022,14:55:00,3382.90,3382.90,3381.45,3381.45,1925,2338000
EICHERMOT_F1,11/22/2022,14:56:00,3381.20,3384.00,3381.20,3382.95,2975,2338000
EICHERMOT_F1,11/22/2022,14:57:00,3383.60,3384.65,3381.05,3381.20,5250,2339400
EICHERMOT_F1,11/22/2022,14:58:00,3381.25,3382.30,3381.25,3381.75,2800,2339400
EICHERMOT_F1,11/22/2022,14:59:00,3381.75,3386.40,3381.75,3386.40,2800,2339400
EICHERMOT_F1,11/22/2022,15:00:00,3387.20,3388.70,3386.05,3386.05,2625,2339400
EICHERMOT_F1,11/22/2022,15:01:00,3386.00,3386.80,3385.15,3385.35,3675,2338525
EICHERMOT_F1,11/22/2022,15:02:00,3385.95,3387.90,3385.00,3387.90,2625,2338525
EICHERMOT_F1,11/22/2022,15:03:00,3387.90,3387.90,3385.45,3387.30,1225,2340800
EICHERMOT_F1,11/22/2022,15:04:00,3387.00,3387.00,3383.90,3383.90,1400,2340800
EICHERMOT_F1,11/22/2022,15:05:00,3383.85,3385.25,3383.00,3383.05,2975,2340800
EICHERMOT_F1,11/22/2022,15:06:00,3383.95,3383.95,3382.50,3382.80,4025,2339050
EICHERMOT_F1,11/22/2022,15:07:00,3383.50,3386.60,3382.80,3386.20,3850,2339050
EICHERMOT_F1,11/22/2022,15:08:00,3386.20,3389.05,3385.45,3387.95,4200,2339050
EICHERMOT_F1,11/22/2022,15:09:00,3388.10,3389.90,3387.50,3389.90,4025,2340275
EICHERMOT_F1,11/22/2022,15:10:00,3390.70,3390.70,3389.05,3390.00,2800,2340275
EICHERMOT_F1,11/22/2022,15:11:00,3388.15,3388.35,3387.55,3387.55,1925,2340275
EICHERMOT_F1,11/22/2022,15:12:00,3387.50,3389.65,3387.50,3388.30,2275,2339225
EICHERMOT_F1,11/22/2022,15:13:00,3389.25,3389.70,3384.55,3388.45,7000,2339225
EICHERMOT_F1,11/22/2022,15:14:00,3389.20,3389.80,3386.95,3388.05,4375,2339225
EICHERMOT_F1,11/22/2022,15:15:00,3388.30,3394.00,3387.15,3394.00,8225,2338175
EICHERMOT_F1,11/22/2022,15:16:00,3393.15,3395.40,3393.15,3394.35,8575,2338175
EICHERMOT_F1,11/22/2022,15:17:00,3394.20,3394.20,3391.80,3392.80,7175,2338175
EICHERMOT_F1,11/22/2022,15:18:00,3391.50,3392.00,3389.55,3390.80,3500,2331875
EICHERMOT_F1,11/22/2022,15:19:00,3390.80,3393.65,3390.80,3393.15,8225,2331875
EICHERMOT_F1,11/22/2022,15:20:00,3391.55,3393.85,3391.45,3391.45,6475,2331875
EICHERMOT_F1,11/22/2022,15:21:00,3392.30,3394.65,3391.45,3391.90,12600,2320325
EICHERMOT_F1,11/22/2022,15:22:00,3391.80,3394.45,3391.80,3393.40,4725,2320325
EICHERMOT_F1,11/22/2022,15:23:00,3393.90,3396.40,3392.65,3393.95,16975,2320325
EICHERMOT_F1,11/22/2022,15:24:00,3394.55,3395.60,3393.60,3393.60,3325,2316125
EICHERMOT_F1,11/22/2022,15:25:00,3394.35,3396.80,3394.35,3396.00,6125,2316125
EICHERMOT_F1,11/22/2022,15:26:00,3396.05,3398.10,3395.40,3395.70,13825,2316125
EICHERMOT_F1,11/22/2022,15:27:00,3395.95,3395.95,3394.45,3395.00,2450,2317875
EICHERMOT_F1,11/22/2022,15:28:00,3393.85,3394.70,3393.20,3393.20,2275,2317875
EICHERMOT_F1,11/22/2022,15:29:00,3393.20,3394.95,3392.70,3394.75,7000,2317875
EICHERMOT_F1,11/23/2022,09:15:00,3398.85,3410.80,3398.85,3402.35,3676,1089200
EICHERMOT_F1,11/23/2022,09:16:00,3402.35,3407.75,3402.35,3407.50,2800,1089200
EICHERMOT_F1,11/23/2022,09:17:00,3404.55,3414.55,3404.55,3412.65,7350,1092000
EICHERMOT_F1,11/23/2022,09:18:00,3413.75,3419.95,3413.75,3417.55,14525,1092000
EICHERMOT_F1,11/23/2022,09:19:00,3418.80,3425.80,3413.45,3415.75,16450,1092000
EICHERMOT_F1,11/23/2022,09:20:00,3417.40,3419.95,3408.00,3408.00,6125,1096025
EICHERMOT_F1,11/23/2022,09:21:00,3411.20,3411.20,3397.30,3404.50,11900,1096025
EICHERMOT_F1,11/23/2022,09:22:00,3407.85,3408.70,3402.00,3402.00,1925,1096025
EICHERMOT_F1,11/23/2022,09:23:00,3404.95,3404.95,3404.95,3404.95,525,1099700
EICHERMOT_F1,11/23/2022,09:24:00,3401.20,3407.65,3400.00,3407.65,4200,1099700
EICHERMOT_F1,11/23/2022,09:25:00,3407.65,3408.10,3403.70,3406.05,3150,1099700
EICHERMOT_F1,11/23/2022,09:26:00,3408.75,3409.00,3405.60,3407.20,3675,1103725
EICHERMOT_F1,11/23/2022,09:27:00,3409.90,3416.00,3409.90,3412.05,6125,1103725
EICHERMOT_F1,11/23/2022,09:28:00,3414.25,3414.25,3408.00,3408.00,3500,1103725
EICHERMOT_F1,11/23/2022,09:29:00,3408.00,3408.60,3406.00,3406.00,3850,1106700
EICHERMOT_F1,11/23/2022,09:30:00,3403.35,3409.40,3403.05,3405.95,5600,1106700
EICHERMOT_F1,11/23/2022,09:31:00,3405.75,3406.10,3404.15,3406.10,5250,1106700
EICHERMOT_F1,11/23/2022,09:32:00,3406.10,3407.45,3405.90,3407.45,1750,1101100
EICHERMOT_F1,11/23/2022,09:33:00,3407.55,3408.50,3406.50,3406.75,3150,1101100
EICHERMOT_F1,11/23/2022,09:34:00,3407.05,3407.05,3406.20,3406.20,1225,1101100
EICHERMOT_F1,11/23/2022,09:35:00,3406.20,3406.25,3403.05,3403.75,4550,1099350
EICHERMOT_F1,11/23/2022,09:36:00,3405.20,3405.20,3398.55,3401.60,5600,1099350
EICHERMOT_F1,11/23/2022,09:37:00,3401.60,3401.60,3396.80,3396.80,3325,1099350
EICHERMOT_F1,11/23/2022,09:38:00,3396.50,3400.20,3394.60,3400.20,15050,1101450
EICHERMOT_F1,11/23/2022,09:39:00,3400.20,3400.20,3398.30,3398.30,2275,1101450
EICHERMOT_F1,11/23/2022,09:40:00,3396.60,3396.60,3393.65,3393.65,4375,1101450
EICHERMOT_F1,11/23/2022,09:41:00,3393.05,3393.05,3388.80,3390.75,3500,1100050
EICHERMOT_F1,11/23/2022,09:42:00,3389.80,3392.05,3389.45,3390.05,3675,1100050
EICHERMOT_F1,11/23/2022,09:43:00,3390.05,3393.70,3390.05,3393.70,1575,1100050
EICHERMOT_F1,11/23/2022,09:44:00,3393.10,3394.30,3391.80,3394.30,2625,1096725
EICHERMOT_F1,11/23/2022,09:45:00,3394.30,3394.30,3390.85,3392.00,2800,1096725
EICHERMOT_F1,11/23/2022,09:46:00,3392.00,3393.00,3391.85,3393.00,1225,1096725
EICHERMOT_F1,11/23/2022,09:47:00,3393.40,3393.40,3389.90,3390.00,2275,1091475
EICHERMOT_F1,11/23/2022,09:48:00,3389.00,3394.55,3389.00,3394.55,4550,1091475
EICHERMOT_F1,11/23/2022,09:49:00,3394.00,3396.05,3393.65,3396.05,4200,1091475
EICHERMOT_F1,11/23/2022,09:50:00,3396.15,3397.40,3396.15,3396.50,875,1083425
EICHERMOT_F1,11/23/2022,09:51:00,3396.50,3402.40,3396.50,3399.90,4725,1083425
EICHERMOT_F1,11/23/2022,09:52:00,3399.15,3403.00,3399.15,3402.80,3850,1083425
EICHERMOT_F1,11/23/2022,09:53:00,3402.85,3405.00,3401.00,3404.70,7000,1074325
EICHERMOT_F1,11/23/2022,09:54:00,3403.75,3405.00,3397.35,3400.30,4200,1074325
EICHERMOT_F1,11/23/2022,09:55:00,3398.95,3402.20,3398.45,3402.00,3850,1074325
EICHERMOT_F1,11/23/2022,09:56:00,3401.20,3402.40,3399.30,3401.00,3850,1070125
EICHERMOT_F1,11/23/2022,09:57:00,3402.15,3402.15,3400.80,3400.80,1575,1070125
EICHERMOT_F1,11/23/2022,09:58:00,3400.80,3404.35,3400.80,3404.35,2625,1070125
EICHERMOT_F1,11/23/2022,09:59:00,3404.35,3404.35,3402.10,3403.45,3850,1067850
EICHERMOT_F1,11/23/2022,10:00:00,3402.75,3402.75,3400.55,3401.00,2100,1067850
EICHERMOT_F1,11/23/2022,10:01:00,3400.00,3400.90,3400.00,3400.90,1575,1067850
EICHERMOT_F1,11/23/2022,10:02:00,3401.00,3403.00,3401.00,3403.00,7000,1060850
EICHERMOT_F1,11/23/2022,10:03:00,3404.00,3404.55,3403.85,3404.00,5600,1060850
EICHERMOT_F1,11/23/2022,10:04:00,3403.15,3404.00,3403.15,3403.90,2800,1060850
EICHERMOT_F1,11/23/2022,10:05:00,3401.05,3401.75,3401.05,3401.75,350,1060850
EICHERMOT_F1,11/23/2022,10:06:00,3402.30,3402.30,3401.00,3401.30,875,1065225
EICHERMOT_F1,11/23/2022,10:07:00,3401.30,3402.30,3400.30,3400.30,1925,1065225
EICHERMOT_F1,11/23/2022,10:08:00,3400.35,3400.35,3398.30,3398.30,875,1064000
EICHERMOT_F1,11/23/2022,10:09:00,3397.65,3399.25,3397.10,3397.10,1050,1064000
EICHERMOT_F1,11/23/2022,10:10:00,3396.80,3400.00,3396.80,3400.00,1050,1064000
EICHERMOT_F1,11/23/2022,10:12:00,3402.00,3404.55,3402.00,3403.35,1225,1061725
EICHERMOT_F1,11/23/2022,10:13:00,3401.45,3401.45,3399.60,3400.10,1400,1061725
EICHERMOT_F1,11/23/2022,10:14:00,3400.10,3402.10,3400.10,3402.10,1050,1056300
EICHERMOT_F1,11/23/2022,10:15:00,3402.10,3404.00,3402.10,3404.00,1225,1056300
EICHERMOT_F1,11/23/2022,10:16:00,3404.45,3404.45,3402.45,3402.45,1225,1056300
EICHERMOT_F1,11/23/2022,10:17:00,3399.50,3401.25,3397.15,3397.15,1750,1055075
EICHERMOT_F1,11/23/2022,10:18:00,3397.15,3398.50,3397.15,3398.10,875,1055075
EICHERMOT_F1,11/23/2022,10:19:00,3398.15,3398.15,3398.15,3398.15,3325,1055075
EICHERMOT_F1,11/23/2022,10:20:00,3398.15,3401.35,3398.15,3401.35,4200,1053675
EICHERMOT_F1,11/23/2022,10:21:00,3401.35,3401.35,3400.40,3400.40,2450,1053675
EICHERMOT_F1,11/23/2022,10:22:00,3400.40,3400.40,3400.40,3400.40,1050,1053675
EICHERMOT_F1,11/23/2022,10:23:00,3400.40,3400.40,3399.20,3399.20,1925,1053675
EICHERMOT_F1,11/23/2022,10:25:00,3399.20,3399.20,3399.00,3399.00,1925,1051575
EICHERMOT_F1,11/23/2022,10:26:00,3399.00,3399.00,3398.85,3398.85,5250,1049650
EICHERMOT_F1,11/23/2022,10:27:00,3398.85,3399.00,3398.85,3399.00,2450,1049650
EICHERMOT_F1,11/23/2022,10:28:00,3399.00,3403.05,3399.00,3401.00,6825,1049650
EICHERMOT_F1,11/23/2022,10:29:00,3402.15,3403.00,3402.15,3402.90,3500,1044925
EICHERMOT_F1,11/23/2022,10:30:00,3402.80,3402.80,3400.20,3400.20,525,1044925
EICHERMOT_F1,11/23/2022,10:31:00,3401.90,3401.90,3401.90,3401.90,1400,1044925
EICHERMOT_F1,11/23/2022,10:32:00,3400.60,3400.75,3400.60,3400.75,3850,1042300
EICHERMOT_F1,11/23/2022,10:33:00,3400.75,3400.75,3399.50,3399.50,1925,1042300
EICHERMOT_F1,11/23/2022,10:34:00,3398.15,3400.75,3398.15,3398.80,1575,1042300
EICHERMOT_F1,11/23/2022,10:35:00,3400.20,3402.55,3400.20,3401.25,2275,1041425
EICHERMOT_F1,11/23/2022,10:36:00,3400.70,3401.80,3400.10,3401.80,700,1041425
EICHERMOT_F1,11/23/2022,10:37:00,3399.70,3402.00,3399.70,3400.65,1750,1041425
EICHERMOT_F1,11/23/2022,10:38:00,3400.65,3403.00,3400.65,3401.90,2975,1041775
EICHERMOT_F1,11/23/2022,10:39:00,3400.50,3400.75,3398.65,3400.75,1400,1041775
EICHERMOT_F1,11/23/2022,10:40:00,3399.35,3402.40,3398.75,3400.60,1575,1041775
EICHERMOT_F1,11/23/2022,10:41:00,3399.10,3399.60,3398.05,3399.60,1050,1041775
EICHERMOT_F1,11/23/2022,10:42:00,3398.55,3399.65,3396.75,3396.75,1575,1040900
EICHERMOT_F1,11/23/2022,10:43:00,3397.50,3399.40,3396.75,3397.20,1575,1040900
EICHERMOT_F1,11/23/2022,10:44:00,3397.20,3403.70,3397.20,3400.65,12425,1046850
EICHERMOT_F1,11/23/2022,10:45:00,3399.35,3399.35,3397.60,3398.15,2100,1046850
EICHERMOT_F1,11/23/2022,10:46:00,3398.15,3398.15,3393.20,3395.00,9100,1046850
EICHERMOT_F1,11/23/2022,10:47:00,3394.35,3396.55,3392.50,3396.25,6300,1046850
EICHERMOT_F1,11/23/2022,10:48:00,3399.95,3403.05,3399.05,3400.10,7000,1041425
EICHERMOT_F1,11/23/2022,10:49:00,3397.00,3402.40,3397.00,3402.40,5075,1041425
EICHERMOT_F1,11/23/2022,10:50:00,3400.35,3401.70,3399.55,3399.55,4550,1037750
EICHERMOT_F1,11/23/2022,10:51:00,3399.55,3399.55,3398.60,3398.60,875,1037750
EICHERMOT_F1,11/23/2022,10:52:00,3401.10,3401.15,3398.60,3400.95,1225,1037750
EICHERMOT_F1,11/23/2022,10:53:00,3399.60,3402.10,3399.60,3400.25,1575,1038975
EICHERMOT_F1,11/23/2022,10:54:00,3401.25,3402.30,3399.15,3399.45,3850,1038975
EICHERMOT_F1,11/23/2022,10:55:00,3399.45,3401.90,3399.25,3400.05,2800,1038975
EICHERMOT_F1,11/23/2022,10:56:00,3399.80,3400.75,3399.30,3400.75,2450,1037575
EICHERMOT_F1,11/23/2022,10:57:00,3399.75,3406.00,3399.20,3401.05,268625,1037575
EICHERMOT_F1,11/23/2022,10:58:00,3398.00,3398.50,3395.30,3395.85,2625,1037575
EICHERMOT_F1,11/23/2022,10:59:00,3397.50,3398.05,3395.95,3396.55,1225,1278025
EICHERMOT_F1,11/23/2022,11:00:00,3398.35,3398.85,3397.45,3398.85,1050,1278025
EICHERMOT_F1,11/23/2022,11:01:00,3397.65,3398.55,3397.55,3398.55,2100,1278025
EICHERMOT_F1,11/23/2022,11:02:00,3398.10,3400.35,3397.85,3400.35,23625,1276275
EICHERMOT_F1,11/23/2022,11:03:00,3401.50,3401.50,3399.30,3399.65,1225,1276275
EICHERMOT_F1,11/23/2022,11:04:00,3399.45,3399.45,3397.80,3398.30,6825,1276275
EICHERMOT_F1,11/23/2022,11:05:00,3398.25,3399.40,3397.50,3397.70,4375,1275575
EICHERMOT_F1,11/23/2022,11:06:00,3397.80,3398.95,3397.05,3398.95,4200,1275575
EICHERMOT_F1,11/23/2022,11:07:00,3397.40,3397.40,3397.00,3397.00,700,1275575
EICHERMOT_F1,11/23/2022,11:08:00,3397.00,3397.00,3395.80,3396.85,1750,1275050
EICHERMOT_F1,11/23/2022,11:09:00,3395.95,3398.90,3395.95,3397.15,1050,1275050
EICHERMOT_F1,11/23/2022,11:10:00,3398.80,3398.80,3396.85,3397.15,2275,1275050
EICHERMOT_F1,11/23/2022,11:11:00,3397.75,3397.80,3396.30,3396.30,7875,1275050
EICHERMOT_F1,11/23/2022,11:12:00,3395.95,3395.95,3395.85,3395.85,1400,1274350
EICHERMOT_F1,11/23/2022,11:13:00,3395.85,3395.90,3395.85,3395.90,5425,1274350
EICHERMOT_F1,11/23/2022,11:14:00,3396.15,3396.15,3393.40,3395.10,7875,1274350
EICHERMOT_F1,11/23/2022,11:15:00,3395.10,3395.40,3394.55,3394.55,5075,1271200
EICHERMOT_F1,11/23/2022,11:17:00,3394.60,3397.50,3394.60,3396.75,4200,1268050
EICHERMOT_F1,11/23/2022,11:18:00,3397.40,3397.40,3397.40,3397.40,175,1268050
EICHERMOT_F1,11/23/2022,11:19:00,3397.40,3397.40,3397.40,3397.40,875,1268050
EICHERMOT_F1,11/23/2022,11:20:00,3398.00,3398.50,3398.00,3398.35,700,1268050
EICHERMOT_F1,11/23/2022,11:21:00,3398.45,3398.60,3398.45,3398.60,1750,1268400
EICHERMOT_F1,11/23/2022,11:22:00,3398.10,3398.50,3397.25,3397.25,1575,1268400
EICHERMOT_F1,11/23/2022,11:23:00,3397.25,3397.25,3395.95,3395.95,1050,1268400
EICHERMOT_F1,11/23/2022,11:24:00,3395.95,3395.95,3395.95,3395.95,525,1266825
EICHERMOT_F1,11/23/2022,11:25:00,3398.00,3398.00,3398.00,3398.00,350,1266825
EICHERMOT_F1,11/23/2022,11:26:00,3397.50,3397.70,3396.05,3396.45,2100,1266825
EICHERMOT_F1,11/23/2022,11:27:00,3398.20,3398.20,3396.50,3396.50,10500,1267175
EICHERMOT_F1,11/23/2022,11:28:00,3396.50,3397.45,3396.50,3397.45,525,1267175
EICHERMOT_F1,11/23/2022,11:29:00,3396.20,3396.20,3396.00,3396.00,525,1267175
EICHERMOT_F1,11/23/2022,11:30:00,3396.00,3396.00,3396.00,3396.00,525,1264725
EICHERMOT_F1,11/23/2022,11:31:00,3396.00,3396.45,3396.00,3396.45,350,1264725
EICHERMOT_F1,11/23/2022,11:32:00,3396.45,3396.95,3396.45,3396.95,525,1264725
EICHERMOT_F1,11/23/2022,11:33:00,3396.95,3396.95,3394.85,3394.85,2100,1262100
EICHERMOT_F1,11/23/2022,11:34:00,3393.90,3395.85,3393.90,3395.85,2450,1262100
EICHERMOT_F1,11/23/2022,11:35:00,3398.20,3398.20,3395.80,3395.80,1400,1262100
EICHERMOT_F1,11/23/2022,11:36:00,3395.80,3397.95,3395.80,3397.95,7700,1262100
EICHERMOT_F1,11/23/2022,11:37:00,3394.50,3394.50,3394.50,3394.50,1225,1262100
EICHERMOT_F1,11/23/2022,11:38:00,3397.55,3397.55,3395.60,3395.60,3500,1258425
EICHERMOT_F1,11/23/2022,11:39:00,3395.60,3397.90,3395.60,3397.90,1750,1258425
EICHERMOT_F1,11/23/2022,11:40:00,3397.90,3400.00,3397.90,3400.00,4025,1258425
EICHERMOT_F1,11/23/2022,11:41:00,3400.00,3402.35,3400.00,3402.35,2800,1258425
EICHERMOT_F1,11/23/2022,11:42:00,3402.60,3402.60,3402.00,3402.00,525,1252650
EICHERMOT_F1,11/23/2022,11:43:00,3400.45,3400.45,3400.45,3400.45,525,1252650
EICHERMOT_F1,11/23/2022,11:44:00,3400.00,3400.00,3399.30,3400.00,1225,1252650
EICHERMOT_F1,11/23/2022,11:45:00,3400.00,3400.00,3400.00,3400.00,3150,1252825
EICHERMOT_F1,11/23/2022,11:46:00,3400.00,3400.00,3399.15,3399.15,3150,1252825
EICHERMOT_F1,11/23/2022,11:47:00,3399.15,3399.15,3399.15,3399.15,525,1250900
EICHERMOT_F1,11/23/2022,11:48:00,3399.15,3399.15,3399.15,3399.15,9450,1250900
EICHERMOT_F1,11/23/2022,11:50:00,3399.15,3399.15,3399.15,3399.15,350,1250900
EICHERMOT_F1,11/23/2022,11:51:00,3399.15,3399.15,3398.05,3398.05,875,1246700
EICHERMOT_F1,11/23/2022,11:52:00,3398.05,3398.05,3398.05,3398.05,175,1246700
EICHERMOT_F1,11/23/2022,11:53:00,3398.05,3398.05,3398.05,3398.05,875,1246700
EICHERMOT_F1,11/23/2022,11:54:00,3398.05,3398.05,3398.05,3398.05,875,1246525
EICHERMOT_F1,11/23/2022,11:55:00,3398.05,3398.05,3398.05,3398.05,700,1246525
EICHERMOT_F1,11/23/2022,11:56:00,3396.35,3396.35,3396.35,3396.35,2100,1246525
EICHERMOT_F1,11/23/2022,11:57:00,3396.35,3396.35,3396.35,3396.35,1050,1244950
EICHERMOT_F1,11/23/2022,11:58:00,3396.35,3396.35,3396.35,3396.35,1400,1244950
EICHERMOT_F1,11/23/2022,11:59:00,3396.35,3396.35,3396.35,3396.35,1575,1244950
EICHERMOT_F1,11/23/2022,12:00:00,3396.40,3396.45,3396.40,3396.45,1050,1244425
EICHERMOT_F1,11/23/2022,12:01:00,3398.05,3398.05,3398.05,3398.05,175,1244425
EICHERMOT_F1,11/23/2022,12:02:00,3398.05,3398.05,3398.05,3398.05,875,1244425
EICHERMOT_F1,11/23/2022,12:04:00,3398.05,3398.05,3398.05,3398.05,1225,1244425
EICHERMOT_F1,11/23/2022,12:05:00,3399.00,3399.00,3399.00,3399.00,1050,1244425
EICHERMOT_F1,11/23/2022,12:06:00,3399.00,3399.00,3399.00,3399.00,525,1244425
EICHERMOT_F1,11/23/2022,12:07:00,3399.00,3399.00,3399.00,3399.00,700,1244425
EICHERMOT_F1,11/23/2022,12:08:00,3399.00,3399.00,3397.55,3397.55,700,1244425
EICHERMOT_F1,11/23/2022,12:09:00,3397.55,3397.55,3397.55,3397.55,700,1244775
EICHERMOT_F1,11/23/2022,12:10:00,3397.55,3399.00,3397.55,3399.00,525,1244775
EICHERMOT_F1,11/23/2022,12:11:00,3397.85,3397.85,3397.85,3397.85,525,1244775
EICHERMOT_F1,11/23/2022,12:12:00,3397.85,3397.85,3397.50,3397.50,700,1244600
EICHERMOT_F1,11/23/2022,12:13:00,3397.50,3399.00,3397.50,3399.00,1925,1244600
EICHERMOT_F1,11/23/2022,12:14:00,3399.00,3399.00,3399.00,3399.00,175,1244600
EICHERMOT_F1,11/23/2022,12:15:00,3399.00,3399.00,3399.00,3399.00,875,1242850
EICHERMOT_F1,11/23/2022,12:16:00,3397.05,3397.10,3395.00,3395.00,1400,1242850
EICHERMOT_F1,11/23/2022,12:17:00,3395.00,3395.00,3392.80,3393.75,1050,1242850
EICHERMOT_F1,11/23/2022,12:19:00,3393.75,3394.35,3392.50,3394.35,1225,1243375
EICHERMOT_F1,11/23/2022,12:20:00,3394.35,3394.35,3394.35,3394.35,1400,1243375
EICHERMOT_F1,11/23/2022,12:21:00,3394.35,3394.35,3394.35,3394.35,2625,1243550
EICHERMOT_F1,11/23/2022,12:22:00,3394.35,3394.35,3394.35,3394.35,350,1243550
EICHERMOT_F1,11/23/2022,12:23:00,3394.35,3395.10,3394.35,3395.10,1050,1243550
EICHERMOT_F1,11/23/2022,12:24:00,3395.10,3395.10,3395.10,3395.10,350,1243025
EICHERMOT_F1,11/23/2022,12:25:00,3397.00,3397.00,3393.85,3393.85,3150,1243025
EICHERMOT_F1,11/23/2022,12:26:00,3393.85,3395.05,3393.85,3395.05,4900,1243025
EICHERMOT_F1,11/23/2022,12:27:00,3395.85,3395.85,3394.90,3394.90,1750,1237775
EICHERMOT_F1,11/23/2022,12:28:00,3394.90,3397.60,3394.25,3397.60,1750,1237775
EICHERMOT_F1,11/23/2022,12:29:00,3397.60,3397.60,3397.60,3397.60,175,1237775
EICHERMOT_F1,11/23/2022,12:30:00,3397.60,3397.60,3397.60,3397.60,350,1237425
EICHERMOT_F1,11/23/2022,12:31:00,3397.60,3397.60,3397.60,3397.60,700,1237425
EICHERMOT_F1,11/23/2022,12:32:00,3397.60,3398.50,3397.45,3398.50,1400,1237425
EICHERMOT_F1,11/23/2022,12:33:00,3398.85,3398.85,3397.55,3397.55,1575,1237250
EICHERMOT_F1,11/23/2022,12:34:00,3397.55,3397.95,3397.25,3397.95,1750,1237250
EICHERMOT_F1,11/23/2022,12:35:00,3398.00,3398.00,3398.00,3398.00,2450,1237250
EICHERMOT_F1,11/23/2022,12:36:00,3398.00,3399.55,3398.00,3399.55,875,1238300
EICHERMOT_F1,11/23/2022,12:37:00,3399.55,3399.55,3399.00,3399.00,1050,1238300
EICHERMOT_F1,11/23/2022,12:38:00,3397.30,3397.30,3397.30,3397.30,1050,1238300
EICHERMOT_F1,11/23/2022,12:39:00,3395.15,3395.15,3395.15,3395.15,700,1238300
EICHERMOT_F1,11/23/2022,12:40:00,3395.15,3395.15,3395.15,3395.15,350,1238300
EICHERMOT_F1,11/23/2022,12:42:00,3395.15,3395.25,3395.15,3395.25,2100,1238825
EICHERMOT_F1,11/23/2022,12:43:00,3395.75,3396.25,3394.90,3396.25,875,1238825
EICHERMOT_F1,11/23/2022,12:44:00,3396.25,3396.45,3396.25,3396.45,875,1238825
EICHERMOT_F1,11/23/2022,12:45:00,3395.45,3395.45,3395.45,3395.45,525,1237600
EICHERMOT_F1,11/23/2022,12:46:00,3395.45,3395.45,3395.45,3395.45,875,1237600
EICHERMOT_F1,11/23/2022,12:47:00,3395.45,3395.45,3395.45,3395.45,175,1237600
EICHERMOT_F1,11/23/2022,12:48:00,3395.45,3397.20,3395.45,3397.20,1050,1237600
EICHERMOT_F1,11/23/2022,12:49:00,3397.20,3397.20,3395.70,3396.70,875,1237600
EICHERMOT_F1,11/23/2022,12:51:00,3396.70,3396.70,3396.70,3396.70,525,1236900
EICHERMOT_F1,11/23/2022,12:52:00,3397.95,3398.60,3396.05,3396.05,2100,1236900
EICHERMOT_F1,11/23/2022,12:53:00,3396.05,3396.05,3396.05,3396.05,4200,1236900
EICHERMOT_F1,11/23/2022,12:54:00,3396.05,3397.00,3396.05,3397.00,12075,1232175
EICHERMOT_F1,11/23/2022,12:55:00,3397.00,3397.95,3397.00,3397.95,700,1232175
EICHERMOT_F1,11/23/2022,12:56:00,3397.95,3402.60,3397.95,3401.00,8750,1232175
EICHERMOT_F1,11/23/2022,12:57:00,3400.00,3400.00,3400.00,3400.00,2275,1236550
EICHERMOT_F1,11/23/2022,12:58:00,3397.95,3397.95,3397.95,3397.95,350,1236550
EICHERMOT_F1,11/23/2022,12:59:00,3397.95,3397.95,3397.95,3397.95,350,1236550
EICHERMOT_F1,11/23/2022,13:00:00,3397.95,3401.65,3397.95,3401.65,2625,1237075
EICHERMOT_F1,11/23/2022,13:01:00,3400.65,3400.65,3400.65,3400.65,350,1237075
EICHERMOT_F1,11/23/2022,13:02:00,3400.65,3401.90,3400.65,3401.90,525,1237075
EICHERMOT_F1,11/23/2022,13:03:00,3401.90,3402.40,3401.90,3402.40,1050,1234800
EICHERMOT_F1,11/23/2022,13:04:00,3401.60,3403.45,3401.60,3402.90,3150,1234800
EICHERMOT_F1,11/23/2022,13:05:00,3401.35,3403.00,3401.35,3403.00,1400,1234800
EICHERMOT_F1,11/23/2022,13:06:00,3403.00,3403.00,3399.85,3399.90,1050,1231125
EICHERMOT_F1,11/23/2022,13:07:00,3401.20,3402.45,3401.20,3402.45,875,1231125
EICHERMOT_F1,11/23/2022,13:08:00,3402.40,3402.50,3402.40,3402.45,2625,1231125
EICHERMOT_F1,11/23/2022,13:09:00,3402.45,3403.00,3401.35,3401.35,1750,1231125
EICHERMOT_F1,11/23/2022,13:10:00,3403.00,3403.00,3403.00,3403.00,875,1231125
EICHERMOT_F1,11/23/2022,13:11:00,3403.00,3403.00,3401.00,3401.00,1050,1231125
EICHERMOT_F1,11/23/2022,13:13:00,3401.00,3402.00,3400.40,3402.00,875,1230775
EICHERMOT_F1,11/23/2022,13:14:00,3402.00,3402.00,3401.05,3401.05,875,1230775
EICHERMOT_F1,11/23/2022,13:15:00,3402.00,3402.00,3401.30,3401.60,1575,1230250
EICHERMOT_F1,11/23/2022,13:16:00,3401.60,3402.00,3401.60,3402.00,525,1230250
EICHERMOT_F1,11/23/2022,13:17:00,3402.00,3402.00,3402.00,3402.00,700,1230250
EICHERMOT_F1,11/23/2022,13:18:00,3402.00,3402.00,3402.00,3402.00,2625,1230600
EICHERMOT_F1,11/23/2022,13:19:00,3402.00,3402.00,3402.00,3402.00,1925,1230600
EICHERMOT_F1,11/23/2022,13:20:00,3402.00,3402.10,3402.00,3402.10,3675,1230600
EICHERMOT_F1,11/23/2022,13:21:00,3402.10,3403.00,3400.85,3401.10,1750,1227975
EICHERMOT_F1,11/23/2022,13:22:00,3401.10,3401.10,3399.10,3400.95,5775,1227975
EICHERMOT_F1,11/23/2022,13:23:00,3401.00,3401.00,3395.05,3396.30,5775,1227975
EICHERMOT_F1,11/23/2022,13:24:00,3396.30,3397.05,3395.90,3397.05,12075,1222200
EICHERMOT_F1,11/23/2022,13:25:00,3397.40,3397.40,3397.40,3397.40,1575,1222200
EICHERMOT_F1,11/23/2022,13:26:00,3397.40,3399.95,3397.40,3398.60,1750,1222200
EICHERMOT_F1,11/23/2022,13:27:00,3398.60,3400.00,3398.60,3400.00,700,1222200
EICHERMOT_F1,11/23/2022,13:28:00,3400.00,3400.55,3399.45,3400.00,2625,1228500
EICHERMOT_F1,11/23/2022,13:29:00,3400.00,3400.00,3399.20,3399.20,875,1228500
EICHERMOT_F1,11/23/2022,13:30:00,3399.20,3401.00,3399.20,3400.45,2450,1227100
EICHERMOT_F1,11/23/2022,13:31:00,3400.45,3400.95,3400.45,3400.50,1750,1227100
EICHERMOT_F1,11/23/2022,13:32:00,3400.50,3401.00,3400.50,3401.00,700,1227100
EICHERMOT_F1,11/23/2022,13:33:00,3401.00,3401.00,3400.95,3401.00,700,1225350
EICHERMOT_F1,11/23/2022,13:34:00,3400.60,3401.00,3399.75,3399.75,3500,1225350
EICHERMOT_F1,11/23/2022,13:35:00,3398.65,3399.05,3398.65,3399.05,1225,1225350
EICHERMOT_F1,11/23/2022,13:36:00,3399.05,3399.05,3399.05,3399.05,875,1223950
EICHERMOT_F1,11/23/2022,13:37:00,3400.25,3400.25,3400.00,3400.00,700,1223950
EICHERMOT_F1,11/23/2022,13:38:00,3400.00,3401.45,3400.00,3400.95,3325,1223950
EICHERMOT_F1,11/23/2022,13:39:00,3400.80,3401.85,3400.80,3401.85,875,1222025
EICHERMOT_F1,11/23/2022,13:40:00,3400.90,3402.15,3400.15,3401.40,4725,1222025
EICHERMOT_F1,11/23/2022,13:41:00,3401.40,3401.95,3401.40,3401.95,700,1222025
EICHERMOT_F1,11/23/2022,13:42:00,3401.00,3401.00,3401.00,3401.00,525,1221850
EICHERMOT_F1,11/23/2022,13:43:00,3398.90,3399.35,3398.90,3399.35,875,1221850
EICHERMOT_F1,11/23/2022,13:44:00,3399.35,3399.35,3399.35,3399.35,175,1221850
EICHERMOT_F1,11/23/2022,13:45:00,3398.80,3398.80,3398.80,3398.80,875,1158850
EICHERMOT_F1,11/23/2022,13:46:00,3399.00,3399.00,3398.10,3398.10,1050,1158850
EICHERMOT_F1,11/23/2022,13:47:00,3400.00,3400.00,3400.00,3400.00,1575,1158850
EICHERMOT_F1,11/23/2022,13:48:00,3400.00,3400.00,3400.00,3400.00,525,1159025
EICHERMOT_F1,11/23/2022,13:49:00,3400.00,3400.45,3400.00,3400.05,1750,1159025
EICHERMOT_F1,11/23/2022,13:50:00,3400.65,3400.65,3400.00,3400.00,1050,1159025
EICHERMOT_F1,11/23/2022,13:51:00,3400.95,3400.95,3398.85,3399.20,2975,1158675
EICHERMOT_F1,11/23/2022,13:52:00,3399.00,3399.00,3399.00,3399.00,175,1158675
EICHERMOT_F1,11/23/2022,13:53:00,3398.70,3399.50,3398.35,3398.60,1750,1158675
EICHERMOT_F1,11/23/2022,13:54:00,3398.65,3398.65,3398.65,3398.65,350,1158675
EICHERMOT_F1,11/23/2022,13:55:00,3400.00,3400.00,3400.00,3400.00,525,1158500
EICHERMOT_F1,11/23/2022,13:56:00,3399.50,3399.50,3398.70,3398.70,1050,1158500
EICHERMOT_F1,11/23/2022,13:57:00,3398.70,3398.70,3398.70,3398.70,350,1157800
EICHERMOT_F1,11/23/2022,13:58:00,3398.70,3399.00,3398.10,3398.10,525,1157800
EICHERMOT_F1,11/23/2022,13:59:00,3398.10,3398.10,3398.10,3398.10,175,1157800
EICHERMOT_F1,11/23/2022,14:00:00,3398.10,3398.10,3395.35,3395.35,700,1157625
EICHERMOT_F1,11/23/2022,14:01:00,3395.35,3395.35,3394.75,3394.75,525,1157625
EICHERMOT_F1,11/23/2022,14:02:00,3394.75,3394.75,3394.75,3394.75,700,1157625
EICHERMOT_F1,11/23/2022,14:03:00,3394.75,3394.75,3393.30,3393.30,2275,1156925
EICHERMOT_F1,11/23/2022,14:04:00,3394.95,3395.40,3394.90,3395.40,2800,1156925
EICHERMOT_F1,11/23/2022,14:05:00,3395.40,3396.25,3395.40,3396.15,1050,1156925
EICHERMOT_F1,11/23/2022,14:06:00,3396.55,3396.65,3396.55,3396.65,350,1156925
EICHERMOT_F1,11/23/2022,14:07:00,3396.65,3397.75,3396.65,3397.05,1750,1156050
EICHERMOT_F1,11/23/2022,14:08:00,3397.05,3398.65,3397.05,3398.65,2450,1156050
EICHERMOT_F1,11/23/2022,14:09:00,3398.65,3399.40,3397.10,3397.10,1400,1155700
EICHERMOT_F1,11/23/2022,14:10:00,3397.10,3397.10,3397.10,3397.10,1750,1155700
EICHERMOT_F1,11/23/2022,14:11:00,3397.10,3397.10,3397.10,3397.10,875,1155700
EICHERMOT_F1,11/23/2022,14:12:00,3397.10,3398.30,3397.10,3398.30,1225,1154125
EICHERMOT_F1,11/23/2022,14:13:00,3398.25,3398.25,3398.00,3398.00,1925,1154125
EICHERMOT_F1,11/23/2022,14:14:00,3398.00,3399.30,3398.00,3399.30,1050,1154125
EICHERMOT_F1,11/23/2022,14:15:00,3398.75,3399.75,3397.80,3397.80,13125,1156225
EICHERMOT_F1,11/23/2022,14:16:00,3397.80,3399.95,3397.00,3399.95,1575,1156225
EICHERMOT_F1,11/23/2022,14:17:00,3399.95,3399.95,3399.80,3399.80,525,1156225
EICHERMOT_F1,11/23/2022,14:18:00,3399.75,3399.75,3398.05,3399.40,1400,1140125
EICHERMOT_F1,11/23/2022,14:19:00,3399.25,3399.40,3399.25,3399.40,525,1140125
EICHERMOT_F1,11/23/2022,14:20:00,3399.40,3399.40,3397.20,3399.05,1225,1140125
EICHERMOT_F1,11/23/2022,14:21:00,3398.15,3399.65,3398.15,3399.65,2975,1139075
EICHERMOT_F1,11/23/2022,14:22:00,3401.50,3401.50,3397.45,3398.80,8575,1139075
EICHERMOT_F1,11/23/2022,14:23:00,3400.45,3400.45,3399.60,3399.60,2100,1139075
EICHERMOT_F1,11/23/2022,14:24:00,3401.25,3401.25,3400.00,3400.00,1225,1134700
EICHERMOT_F1,11/23/2022,14:25:00,3400.50,3400.50,3398.75,3398.75,2100,1134700
EICHERMOT_F1,11/23/2022,14:26:00,3400.55,3400.95,3400.50,3400.55,875,1134700
EICHERMOT_F1,11/23/2022,14:27:00,3400.60,3400.65,3399.20,3400.40,4725,1131725
EICHERMOT_F1,11/23/2022,14:28:00,3399.20,3401.15,3399.20,3401.15,1575,1131725
EICHERMOT_F1,11/23/2022,14:29:00,3400.55,3401.60,3400.35,3401.60,4200,1131725
EICHERMOT_F1,11/23/2022,14:30:00,3400.00,3400.20,3400.00,3400.05,2100,1128225
EICHERMOT_F1,11/23/2022,14:31:00,3400.00,3400.00,3398.15,3399.00,5950,1128225
EICHERMOT_F1,11/23/2022,14:32:00,3399.85,3399.85,3398.55,3399.35,5775,1128225
EICHERMOT_F1,11/23/2022,14:33:00,3400.15,3401.00,3400.15,3400.70,2275,1123150
EICHERMOT_F1,11/23/2022,14:34:00,3401.00,3401.20,3400.80,3401.00,2625,1123150
EICHERMOT_F1,11/23/2022,14:35:00,3400.70,3402.00,3400.70,3401.95,2275,1123150
EICHERMOT_F1,11/23/2022,14:36:00,3401.95,3401.95,3401.95,3401.95,350,1123150
EICHERMOT_F1,11/23/2022,14:37:00,3401.95,3401.95,3399.15,3399.15,1575,1120700
EICHERMOT_F1,11/23/2022,14:38:00,3399.15,3399.15,3399.15,3399.15,525,1120700
EICHERMOT_F1,11/23/2022,14:39:00,3399.40,3400.00,3399.40,3400.00,875,1119475
EICHERMOT_F1,11/23/2022,14:40:00,3400.00,3401.00,3400.00,3401.00,1050,1119475
EICHERMOT_F1,11/23/2022,14:41:00,3401.50,3403.00,3401.50,3402.90,3325,1119475
EICHERMOT_F1,11/23/2022,14:42:00,3402.90,3402.90,3401.65,3401.65,875,1117375
EICHERMOT_F1,11/23/2022,14:43:00,3401.65,3401.65,3398.10,3398.10,11725,1117375
EICHERMOT_F1,11/23/2022,14:44:00,3399.00,3399.55,3398.30,3398.35,4375,1117375
EICHERMOT_F1,11/23/2022,14:45:00,3398.35,3399.35,3398.30,3399.20,3325,1108975
EICHERMOT_F1,11/23/2022,14:46:00,3399.20,3399.20,3398.35,3399.15,2975,1108975
EICHERMOT_F1,11/23/2022,14:47:00,3399.15,3400.00,3399.15,3400.00,2800,1108975
EICHERMOT_F1,11/23/2022,14:48:00,3400.00,3400.00,3397.75,3397.75,1750,1103025
EICHERMOT_F1,11/23/2022,14:49:00,3397.75,3397.75,3397.10,3397.10,1925,1103025
EICHERMOT_F1,11/23/2022,14:50:00,3397.10,3397.10,3396.80,3396.85,1225,1103025
EICHERMOT_F1,11/23/2022,14:51:00,3398.50,3398.50,3398.45,3398.45,1225,1101450
EICHERMOT_F1,11/23/2022,14:52:00,3398.45,3399.00,3397.95,3398.50,2625,1101450
EICHERMOT_F1,11/23/2022,14:53:00,3399.35,3399.35,3398.05,3399.00,875,1101450
EICHERMOT_F1,11/23/2022,14:54:00,3399.00,3399.00,3398.40,3398.40,525,1100400
EICHERMOT_F1,11/23/2022,14:55:00,3398.40,3398.40,3398.40,3398.40,350,1100400
EICHERMOT_F1,11/23/2022,14:56:00,3398.40,3398.40,3397.15,3397.15,2450,1100400
EICHERMOT_F1,11/23/2022,14:57:00,3398.15,3398.85,3398.15,3398.85,4375,1099700
EICHERMOT_F1,11/23/2022,14:58:00,3398.55,3398.70,3398.50,3398.50,1225,1099700
EICHERMOT_F1,11/23/2022,14:59:00,3398.50,3398.60,3398.50,3398.60,525,1099700
EICHERMOT_F1,11/23/2022,15:00:00,3398.55,3398.60,3396.85,3398.15,4025,1095850
EICHERMOT_F1,11/23/2022,15:01:00,3399.80,3399.80,3397.75,3397.75,1575,1095850
EICHERMOT_F1,11/23/2022,15:02:00,3398.65,3399.00,3398.35,3398.35,1750,1095850
EICHERMOT_F1,11/23/2022,15:03:00,3397.55,3397.90,3397.55,3397.90,875,1095850
EICHERMOT_F1,11/23/2022,15:04:00,3397.15,3397.30,3397.10,3397.30,1400,1094800
EICHERMOT_F1,11/23/2022,15:05:00,3396.45,3396.45,3393.50,3393.50,5250,1094800
EICHERMOT_F1,11/23/2022,15:06:00,3392.00,3395.35,3392.00,3394.45,6825,1094800
EICHERMOT_F1,11/23/2022,15:07:00,3394.45,3394.45,3394.45,3394.45,175,1090600
EICHERMOT_F1,11/23/2022,15:08:00,3394.30,3394.50,3390.60,3390.60,2975,1090600
EICHERMOT_F1,11/23/2022,15:09:00,3390.15,3391.50,3385.95,3391.50,7525,1089900
EICHERMOT_F1,11/23/2022,15:10:00,3392.00,3394.15,3390.45,3392.70,4725,1089900
EICHERMOT_F1,11/23/2022,15:11:00,3391.00,3391.95,3390.50,3391.10,5075,1089900
EICHERMOT_F1,11/23/2022,15:12:00,3391.90,3391.90,3390.50,3390.95,4025,1086050
EICHERMOT_F1,11/23/2022,15:13:00,3390.95,3392.70,3390.95,3391.20,3850,1086050
EICHERMOT_F1,11/23/2022,15:14:00,3391.20,3391.20,3388.40,3389.20,2100,1086050
EICHERMOT_F1,11/23/2022,15:15:00,3389.20,3389.55,3388.20,3389.10,2275,1085000
EICHERMOT_F1,11/23/2022,15:16:00,3389.10,3390.95,3389.10,3389.40,4900,1085000
EICHERMOT_F1,11/23/2022,15:17:00,3389.40,3390.85,3389.40,3390.85,2800,1085000
EICHERMOT_F1,11/23/2022,15:18:00,3390.85,3390.85,3389.10,3389.10,3150,1084825
EICHERMOT_F1,11/23/2022,15:19:00,3389.00,3389.00,3386.85,3386.85,4725,1084825
EICHERMOT_F1,11/23/2022,15:20:00,3388.00,3392.25,3388.00,3391.40,8925,1084825
EICHERMOT_F1,11/23/2022,15:21:00,3391.60,3392.95,3391.45,3392.35,4550,1077475
EICHERMOT_F1,11/23/2022,15:22:00,3392.80,3392.80,3391.15,3391.15,1400,1077475
EICHERMOT_F1,11/23/2022,15:23:00,3391.15,3391.15,3389.20,3389.30,2625,1077475
EICHERMOT_F1,11/23/2022,15:24:00,3390.85,3396.00,3390.85,3396.00,17150,1072575
EICHERMOT_F1,11/23/2022,15:25:00,3393.40,3393.95,3393.15,3393.95,3850,1072575
EICHERMOT_F1,11/23/2022,15:26:00,3393.75,3393.75,3393.25,3393.25,1575,1072575
EICHERMOT_F1,11/23/2022,15:27:00,3393.20,3393.20,3390.50,3391.20,2800,1067675
EICHERMOT_F1,11/23/2022,15:28:00,3391.05,3392.25,3390.55,3392.00,1575,1067675
EICHERMOT_F1,11/23/2022,15:29:00,3392.25,3394.95,3392.25,3392.60,2100,1067675
EICHERMOT_F1,11/24/2022,09:15:00,3358.45,3408.50,3358.45,3399.65,4553,440300
EICHERMOT_F1,11/24/2022,09:16:00,3401.00,3401.00,3399.95,3399.95,2450,440300
EICHERMOT_F1,11/24/2022,09:17:00,3400.00,3402.95,3399.55,3402.95,2800,440300
EICHERMOT_F1,11/24/2022,09:18:00,3400.10,3400.10,3393.70,3393.70,2100,435925
EICHERMOT_F1,11/24/2022,09:19:00,3390.85,3399.90,3389.85,3399.90,1750,435925
EICHERMOT_F1,11/24/2022,09:20:00,3392.70,3396.10,3392.70,3395.90,1225,434525
EICHERMOT_F1,11/24/2022,09:21:00,3396.05,3397.30,3396.05,3397.30,875,434525
EICHERMOT_F1,11/24/2022,09:22:00,3395.00,3395.00,3392.25,3392.25,700,434525
EICHERMOT_F1,11/24/2022,09:23:00,3390.60,3390.60,3386.55,3388.00,1925,433300
EICHERMOT_F1,11/24/2022,09:24:00,3388.40,3390.70,3387.90,3390.70,1050,433300
EICHERMOT_F1,11/24/2022,09:25:00,3387.85,3387.85,3382.20,3382.20,1575,433300
EICHERMOT_F1,11/24/2022,09:26:00,3382.00,3382.00,3380.95,3380.95,875,431375
EICHERMOT_F1,11/24/2022,09:27:00,3381.00,3383.00,3379.50,3379.50,5250,431375
EICHERMOT_F1,11/24/2022,09:28:00,3377.20,3380.00,3376.60,3380.00,6300,431375
EICHERMOT_F1,11/24/2022,09:29:00,3380.00,3380.00,3377.95,3379.00,1750,427350
EICHERMOT_F1,11/24/2022,09:30:00,3376.90,3379.50,3374.95,3376.00,5950,427350
EICHERMOT_F1,11/24/2022,09:31:00,3376.00,3376.90,3376.00,3376.00,1925,427350
EICHERMOT_F1,11/24/2022,09:32:00,3377.00,3377.00,3373.00,3374.00,2100,422275
EICHERMOT_F1,11/24/2022,09:33:00,3374.00,3374.70,3373.35,3374.70,3675,422275
EICHERMOT_F1,11/24/2022,09:34:00,3374.30,3374.30,3373.05,3373.05,1575,422275
EICHERMOT_F1,11/24/2022,09:35:00,3374.70,3377.75,3374.00,3377.75,4550,416850
EICHERMOT_F1,11/24/2022,09:36:00,3377.75,3378.00,3377.65,3377.65,1225,416850
EICHERMOT_F1,11/24/2022,09:38:00,3377.95,3378.00,3376.80,3376.80,2450,414750
EICHERMOT_F1,11/24/2022,09:40:00,3377.45,3377.45,3376.95,3376.95,1050,414750
EICHERMOT_F1,11/24/2022,09:41:00,3376.20,3379.10,3376.20,3379.10,3850,412825
EICHERMOT_F1,11/24/2022,09:42:00,3379.65,3379.65,3374.40,3376.40,2100,412825
EICHERMOT_F1,11/24/2022,09:43:00,3377.00,3377.15,3377.00,3377.15,700,412825
EICHERMOT_F1,11/24/2022,09:44:00,3378.00,3378.70,3377.90,3377.90,2975,410200
EICHERMOT_F1,11/24/2022,09:45:00,3379.30,3381.85,3377.80,3381.85,10150,410200
EICHERMOT_F1,11/24/2022,09:46:00,3385.05,3392.30,3380.30,3391.50,35000,410200
EICHERMOT_F1,11/24/2022,09:47:00,3389.00,3389.00,3385.90,3386.25,875,391825
EICHERMOT_F1,11/24/2022,09:48:00,3386.40,3386.40,3383.95,3383.95,2275,391825
EICHERMOT_F1,11/24/2022,09:49:00,3384.35,3384.40,3383.95,3383.95,1050,391825
EICHERMOT_F1,11/24/2022,09:50:00,3385.00,3385.00,3384.20,3384.20,2625,388325
EICHERMOT_F1,11/24/2022,09:52:00,3385.00,3385.00,3383.75,3383.75,5600,388325
EICHERMOT_F1,11/24/2022,09:53:00,3383.50,3383.50,3381.25,3381.25,1050,384650
EICHERMOT_F1,11/24/2022,09:54:00,3381.50,3381.90,3381.50,3381.90,350,384650
EICHERMOT_F1,11/24/2022,09:55:00,3382.00,3383.55,3382.00,3383.55,875,384650
EICHERMOT_F1,11/24/2022,09:56:00,3381.10,3383.50,3381.10,3383.50,1575,383250
EICHERMOT_F1,11/24/2022,09:57:00,3383.50,3383.50,3380.45,3381.55,1225,383250
EICHERMOT_F1,11/24/2022,09:58:00,3381.55,3381.55,3380.50,3380.50,350,383250
EICHERMOT_F1,11/24/2022,10:00:00,3380.50,3381.00,3380.50,3381.00,1225,382200
EICHERMOT_F1,11/24/2022,10:01:00,3383.55,3384.00,3383.45,3383.45,1750,382200
EICHERMOT_F1,11/24/2022,10:02:00,3383.45,3383.45,3383.45,3383.45,1050,381500
EICHERMOT_F1,11/24/2022,10:03:00,3382.25,3382.25,3382.25,3382.25,525,381500
EICHERMOT_F1,11/24/2022,10:04:00,3383.25,3385.00,3382.10,3385.00,6125,381500
EICHERMOT_F1,11/24/2022,10:05:00,3385.00,3386.10,3385.00,3385.10,1400,376950
EICHERMOT_F1,11/24/2022,10:06:00,3386.10,3395.00,3386.10,3392.35,10675,376950
EICHERMOT_F1,11/24/2022,10:07:00,3388.50,3390.00,3388.50,3388.75,875,376950
EICHERMOT_F1,11/24/2022,10:08:00,3388.05,3389.25,3387.30,3387.30,3150,368900
EICHERMOT_F1,11/24/2022,10:09:00,3389.20,3392.05,3389.20,3392.05,700,368900
EICHERMOT_F1,11/24/2022,10:10:00,3391.80,3391.80,3389.00,3389.00,1400,368900
EICHERMOT_F1,11/24/2022,10:11:00,3388.20,3389.00,3387.20,3387.20,525,368900
EICHERMOT_F1,11/24/2022,10:12:00,3389.90,3389.90,3388.00,3388.00,700,366975
EICHERMOT_F1,11/24/2022,10:13:00,3388.00,3389.00,3388.00,3388.70,525,366975
EICHERMOT_F1,11/24/2022,10:14:00,3388.00,3388.00,3387.85,3387.85,350,366975
EICHERMOT_F1,11/24/2022,10:15:00,3389.00,3389.50,3388.15,3388.15,1050,365750
EICHERMOT_F1,11/24/2022,10:16:00,3388.60,3388.60,3388.30,3388.30,875,365750
EICHERMOT_F1,11/24/2022,10:17:00,3388.25,3391.00,3387.90,3390.30,2800,365750
EICHERMOT_F1,11/24/2022,10:18:00,3391.20,3391.20,3391.20,3391.20,875,364175
EICHERMOT_F1,11/24/2022,10:19:00,3391.35,3397.50,3391.20,3397.50,11725,364175
EICHERMOT_F1,11/24/2022,10:20:00,3397.00,3399.90,3397.00,3399.90,4550,360150
EICHERMOT_F1,11/24/2022,10:21:00,3396.65,3396.65,3391.65,3391.65,1050,360150
EICHERMOT_F1,11/24/2022,10:22:00,3392.00,3392.00,3390.00,3390.00,1050,360150
EICHERMOT_F1,11/24/2022,10:23:00,3390.00,3390.00,3390.00,3390.00,2100,359800
EICHERMOT_F1,11/24/2022,10:24:00,3390.50,3391.95,3390.50,3391.95,350,359800
EICHERMOT_F1,11/24/2022,10:25:00,3393.65,3393.65,3393.65,3393.65,350,359800
EICHERMOT_F1,11/24/2022,10:26:00,3393.70,3394.00,3393.70,3394.00,700,359800
EICHERMOT_F1,11/24/2022,10:27:00,3393.00,3393.00,3389.25,3391.60,1050,358225
EICHERMOT_F1,11/24/2022,10:28:00,3389.95,3389.95,3388.95,3388.95,875,358225
EICHERMOT_F1,11/24/2022,10:29:00,3389.25,3389.85,3388.30,3389.85,1225,358400
EICHERMOT_F1,11/24/2022,10:30:00,3388.70,3395.00,3388.70,3395.00,8225,358400
EICHERMOT_F1,11/24/2022,10:31:00,3393.40,3398.00,3393.40,3396.35,9450,358400
EICHERMOT_F1,11/24/2022,10:32:00,3396.35,3401.35,3395.25,3401.15,15050,345275
EICHERMOT_F1,11/24/2022,10:33:00,3397.60,3397.60,3397.60,3397.60,6650,345275
EICHERMOT_F1,11/24/2022,10:34:00,3396.35,3397.80,3395.60,3395.60,1225,345275
EICHERMOT_F1,11/24/2022,10:35:00,3397.95,3397.95,3397.95,3397.95,700,349650
EICHERMOT_F1,11/24/2022,10:36:00,3398.00,3398.05,3395.60,3395.60,3325,349650
EICHERMOT_F1,11/24/2022,10:37:00,3395.60,3395.60,3395.00,3395.00,350,349650
EICHERMOT_F1,11/24/2022,10:38:00,3395.00,3395.00,3395.00,3395.00,525,347025
EICHERMOT_F1,11/24/2022,10:39:00,3395.05,3395.05,3395.05,3395.05,350,347025
EICHERMOT_F1,11/24/2022,10:41:00,3393.75,3394.95,3393.75,3394.95,525,347025
EICHERMOT_F1,11/24/2022,10:42:00,3394.95,3394.95,3394.00,3394.10,1050,346675
EICHERMOT_F1,11/24/2022,10:44:00,3393.20,3393.20,3393.20,3393.20,350,346850
EICHERMOT_F1,11/24/2022,10:45:00,3393.20,3393.20,3393.20,3393.20,175,346850
EICHERMOT_F1,11/24/2022,10:46:00,3393.45,3393.45,3393.45,3393.45,525,346850
EICHERMOT_F1,11/24/2022,10:47:00,3392.90,3392.90,3392.70,3392.70,1225,346150
EICHERMOT_F1,11/24/2022,10:48:00,3392.70,3392.70,3392.70,3392.70,175,346150
EICHERMOT_F1,11/24/2022,10:49:00,3392.70,3393.95,3392.70,3393.95,525,346150
EICHERMOT_F1,11/24/2022,10:50:00,3393.60,3393.60,3392.95,3392.95,700,346150
EICHERMOT_F1,11/24/2022,10:51:00,3394.75,3394.75,3394.20,3394.20,700,346150
EICHERMOT_F1,11/24/2022,10:52:00,3394.15,3394.15,3394.15,3394.15,175,346150
EICHERMOT_F1,11/24/2022,10:53:00,3394.15,3394.50,3394.15,3394.50,700,346150
EICHERMOT_F1,11/24/2022,10:54:00,3395.10,3396.50,3395.10,3396.50,3150,346325
EICHERMOT_F1,11/24/2022,10:55:00,3395.95,3395.95,3395.95,3395.95,700,346325
EICHERMOT_F1,11/24/2022,10:56:00,3395.90,3396.00,3395.90,3396.00,1575,346325
EICHERMOT_F1,11/24/2022,10:57:00,3396.00,3396.00,3396.00,3396.00,175,343875
EICHERMOT_F1,11/24/2022,10:58:00,3395.45,3395.45,3395.45,3395.45,350,343875
EICHERMOT_F1,11/24/2022,10:59:00,3398.05,3398.05,3398.05,3398.05,175,343875
EICHERMOT_F1,11/24/2022,11:00:00,3397.70,3397.70,3396.55,3396.90,2625,343875
EICHERMOT_F1,11/24/2022,11:01:00,3396.80,3396.80,3396.80,3396.80,350,343875
EICHERMOT_F1,11/24/2022,11:02:00,3396.75,3396.75,3395.65,3395.65,875,343875
EICHERMOT_F1,11/24/2022,11:03:00,3395.50,3395.50,3394.05,3394.05,525,342300
EICHERMOT_F1,11/24/2022,11:04:00,3393.50,3393.50,3393.25,3393.25,875,342300
EICHERMOT_F1,11/24/2022,11:05:00,3393.10,3393.10,3391.50,3391.50,1050,340200
EICHERMOT_F1,11/24/2022,11:06:00,3391.50,3392.75,3391.50,3392.75,525,340200
EICHERMOT_F1,11/24/2022,11:07:00,3392.75,3392.75,3392.75,3392.75,175,340200
EICHERMOT_F1,11/24/2022,11:08:00,3395.45,3395.45,3395.45,3395.45,175,340200
EICHERMOT_F1,11/24/2022,11:09:00,3395.50,3395.50,3395.50,3395.50,175,339500
EICHERMOT_F1,11/24/2022,11:10:00,3395.50,3395.50,3394.70,3394.70,525,339500
EICHERMOT_F1,11/24/2022,11:11:00,3393.20,3395.00,3392.45,3392.45,2450,339500
EICHERMOT_F1,11/24/2022,11:12:00,3392.45,3392.45,3392.45,3392.45,1050,337750
EICHERMOT_F1,11/24/2022,11:13:00,3392.45,3392.45,3392.35,3392.35,350,337750
EICHERMOT_F1,11/24/2022,11:14:00,3392.35,3392.35,3390.25,3390.25,350,337750
EICHERMOT_F1,11/24/2022,11:15:00,3390.25,3390.25,3390.25,3390.25,175,336350
EICHERMOT_F1,11/24/2022,11:16:00,3388.65,3388.65,3387.05,3387.05,875,336350
EICHERMOT_F1,11/24/2022,11:17:00,3387.05,3389.10,3387.05,3388.10,2100,335475
EICHERMOT_F1,11/24/2022,11:18:00,3389.60,3389.60,3389.60,3389.60,350,335475
EICHERMOT_F1,11/24/2022,11:19:00,3387.85,3388.90,3387.85,3388.35,875,335475
EICHERMOT_F1,11/24/2022,11:20:00,3386.65,3387.00,3386.65,3387.00,2625,333375
EICHERMOT_F1,11/24/2022,11:21:00,3387.10,3387.10,3385.80,3385.80,2275,333375
EICHERMOT_F1,11/24/2022,11:22:00,3385.30,3385.30,3385.30,3385.30,175,333375
EICHERMOT_F1,11/24/2022,11:23:00,3384.50,3384.50,3384.50,3384.50,525,333375
EICHERMOT_F1,11/24/2022,11:24:00,3383.50,3383.50,3383.50,3383.50,875,331275
EICHERMOT_F1,11/24/2022,11:25:00,3383.00,3383.00,3382.95,3382.95,525,331275
EICHERMOT_F1,11/24/2022,11:26:00,3381.60,3381.60,3381.60,3381.60,2800,331275
EICHERMOT_F1,11/24/2022,11:27:00,3381.60,3381.95,3381.60,3381.70,2275,329700
EICHERMOT_F1,11/24/2022,11:28:00,3383.15,3383.15,3381.45,3381.70,1400,329700
EICHERMOT_F1,11/24/2022,11:29:00,3382.10,3382.10,3382.10,3382.10,175,329700
EICHERMOT_F1,11/24/2022,11:30:00,3382.75,3382.75,3382.75,3382.75,3850,329350
EICHERMOT_F1,11/24/2022,11:31:00,3381.70,3382.95,3381.70,3382.95,875,329350
EICHERMOT_F1,11/24/2022,11:32:00,3382.00,3382.00,3382.00,3382.00,350,329350
EICHERMOT_F1,11/24/2022,11:33:00,3383.50,3383.50,3383.50,3383.50,175,325850
EICHERMOT_F1,11/24/2022,11:34:00,3383.05,3383.05,3383.05,3383.05,350,325850
EICHERMOT_F1,11/24/2022,11:35:00,3383.00,3383.00,3383.00,3383.00,350,325850
EICHERMOT_F1,11/24/2022,11:36:00,3383.00,3383.00,3383.00,3383.00,350,325500
EICHERMOT_F1,11/24/2022,11:37:00,3383.00,3383.00,3382.50,3382.50,1050,325500
EICHERMOT_F1,11/24/2022,11:38:00,3384.00,3384.00,3384.00,3384.00,175,325500
EICHERMOT_F1,11/24/2022,11:39:00,3384.00,3384.00,3383.95,3383.95,2800,325325
EICHERMOT_F1,11/24/2022,11:40:00,3383.95,3383.95,3383.95,3383.95,875,325325
EICHERMOT_F1,11/24/2022,11:41:00,3382.60,3382.60,3382.60,3382.60,175,325325
EICHERMOT_F1,11/24/2022,11:42:00,3381.00,3381.00,3381.00,3381.00,4025,323925
EICHERMOT_F1,11/24/2022,11:43:00,3381.00,3381.00,3379.60,3379.60,875,323925
EICHERMOT_F1,11/24/2022,11:44:00,3379.25,3381.30,3379.00,3381.30,1225,323925
EICHERMOT_F1,11/24/2022,11:45:00,3380.05,3381.00,3379.65,3381.00,2450,320250
EICHERMOT_F1,11/24/2022,11:46:00,3381.00,3381.00,3381.00,3381.00,700,320250
EICHERMOT_F1,11/24/2022,11:47:00,3381.00,3381.00,3380.80,3381.00,525,320250
EICHERMOT_F1,11/24/2022,11:48:00,3381.80,3381.80,3381.80,3381.80,175,320250
EICHERMOT_F1,11/24/2022,11:49:00,3381.80,3381.85,3381.80,3381.85,525,320250
EICHERMOT_F1,11/24/2022,11:51:00,3381.85,3381.85,3379.75,3379.75,350,320075
EICHERMOT_F1,11/24/2022,11:52:00,3379.50,3380.55,3379.50,3380.55,1575,320075
EICHERMOT_F1,11/24/2022,11:53:00,3379.65,3380.00,3379.65,3379.80,2100,320075
EICHERMOT_F1,11/24/2022,11:54:00,3378.95,3379.25,3378.95,3379.25,525,319550
EICHERMOT_F1,11/24/2022,11:55:00,3379.15,3379.15,3377.30,3377.30,700,319550
EICHERMOT_F1,11/24/2022,11:57:00,3378.00,3378.55,3378.00,3378.55,875,319025
EICHERMOT_F1,11/24/2022,11:58:00,3378.90,3378.95,3378.90,3378.95,1575,319025
EICHERMOT_F1,11/24/2022,11:59:00,3378.95,3378.95,3377.95,3378.75,2275,319025
EICHERMOT_F1,11/24/2022,12:00:00,3378.50,3378.70,3378.25,3378.25,875,318150
EICHERMOT_F1,11/24/2022,12:01:00,3377.30,3377.30,3377.30,3377.30,2800,318150
EICHERMOT_F1,11/24/2022,12:02:00,3377.40,3377.40,3377.40,3377.40,175,318150
EICHERMOT_F1,11/24/2022,12:03:00,3377.40,3378.20,3377.40,3377.60,700,317450
EICHERMOT_F1,11/24/2022,12:04:00,3376.95,3378.10,3376.95,3378.10,2450,317450
EICHERMOT_F1,11/24/2022,12:05:00,3377.00,3377.60,3376.10,3377.60,2275,317450
EICHERMOT_F1,11/24/2022,12:06:00,3378.55,3378.55,3378.55,3378.55,525,315175
EICHERMOT_F1,11/24/2022,12:07:00,3379.00,3379.90,3379.00,3379.90,4900,315175
EICHERMOT_F1,11/24/2022,12:08:00,3380.00,3381.55,3380.00,3381.55,2100,315175
EICHERMOT_F1,11/24/2022,12:09:00,3381.05,3381.65,3381.05,3381.65,875,312725
EICHERMOT_F1,11/24/2022,12:11:00,3379.60,3379.60,3379.60,3379.60,1750,312725
EICHERMOT_F1,11/24/2022,12:12:00,3378.45,3378.45,3377.10,3378.45,1400,311150
EICHERMOT_F1,11/24/2022,12:13:00,3380.10,3380.10,3379.50,3379.50,875,311150
EICHERMOT_F1,11/24/2022,12:14:00,3380.30,3380.30,3380.30,3380.30,175,311150
EICHERMOT_F1,11/24/2022,12:15:00,3380.50,3380.50,3378.65,3380.00,4725,309750
EICHERMOT_F1,11/24/2022,12:16:00,3380.00,3380.00,3378.05,3378.05,1400,309750
EICHERMOT_F1,11/24/2022,12:17:00,3380.10,3380.55,3380.10,3380.55,1050,309750
EICHERMOT_F1,11/24/2022,12:18:00,3379.85,3379.85,3379.85,3379.85,175,305550
EICHERMOT_F1,11/24/2022,12:19:00,3379.85,3380.00,3377.50,3377.50,700,305550
EICHERMOT_F1,11/24/2022,12:20:00,3377.50,3377.50,3377.50,3377.50,525,305550
EICHERMOT_F1,11/24/2022,12:21:00,3380.25,3380.25,3378.85,3378.85,350,305025
EICHERMOT_F1,11/24/2022,12:22:00,3378.65,3378.65,3378.65,3378.65,175,305025
EICHERMOT_F1,11/24/2022,12:23:00,3377.50,3380.15,3377.50,3378.90,1400,305025
EICHERMOT_F1,11/24/2022,12:24:00,3379.25,3379.25,3379.25,3379.25,175,303800
EICHERMOT_F1,11/24/2022,12:25:00,3378.95,3378.95,3378.95,3378.95,1400,303800
EICHERMOT_F1,11/24/2022,12:27:00,3380.00,3380.00,3380.00,3380.00,175,302575
EICHERMOT_F1,11/24/2022,12:28:00,3377.85,3377.85,3377.85,3377.85,175,302575
EICHERMOT_F1,11/24/2022,12:29:00,3379.45,3379.45,3379.45,3379.45,350,302575
EICHERMOT_F1,11/24/2022,12:32:00,3378.15,3378.15,3378.15,3378.15,175,302575
EICHERMOT_F1,11/24/2022,12:33:00,3377.10,3377.10,3376.65,3376.65,875,301350
EICHERMOT_F1,11/24/2022,12:34:00,3375.70,3375.70,3375.70,3375.70,175,301350
EICHERMOT_F1,11/24/2022,12:35:00,3375.35,3375.35,3375.35,3375.35,175,301350
EICHERMOT_F1,11/24/2022,12:36:00,3375.35,3375.40,3374.00,3374.00,1400,300475
EICHERMOT_F1,11/24/2022,12:37:00,3374.00,3375.85,3374.00,3375.85,700,300475
EICHERMOT_F1,11/24/2022,12:38:00,3376.75,3376.75,3376.75,3376.75,1400,300475
EICHERMOT_F1,11/24/2022,12:39:00,3376.75,3376.75,3376.75,3376.75,175,300475
EICHERMOT_F1,11/24/2022,12:42:00,3376.75,3376.75,3376.75,3376.75,175,298900
EICHERMOT_F1,11/24/2022,12:44:00,3376.00,3376.00,3376.00,3376.00,175,298900
EICHERMOT_F1,11/24/2022,12:45:00,3376.20,3376.20,3375.15,3375.15,525,298725
EICHERMOT_F1,11/24/2022,12:47:00,3376.45,3376.45,3374.20,3374.20,350,298725
EICHERMOT_F1,11/24/2022,12:48:00,3374.20,3374.20,3374.20,3374.20,350,298375
EICHERMOT_F1,11/24/2022,12:49:00,3376.00,3376.00,3374.00,3374.00,875,298375
EICHERMOT_F1,11/24/2022,12:50:00,3372.90,3372.90,3372.90,3372.90,350,298375
EICHERMOT_F1,11/24/2022,12:51:00,3371.80,3372.75,3371.20,3371.20,1225,297325
EICHERMOT_F1,11/24/2022,12:52:00,3370.75,3373.40,3370.75,3371.60,1750,297325
EICHERMOT_F1,11/24/2022,12:53:00,3369.65,3371.85,3369.65,3371.65,1925,297325
EICHERMOT_F1,11/24/2022,12:54:00,3372.50,3372.50,3372.50,3372.50,350,295225
EICHERMOT_F1,11/24/2022,12:55:00,3372.65,3374.95,3372.65,3374.95,1050,295225
EICHERMOT_F1,11/24/2022,12:56:00,3373.00,3373.00,3366.50,3366.80,5950,295225
EICHERMOT_F1,11/24/2022,12:57:00,3368.90,3368.90,3368.75,3368.75,350,295050
EICHERMOT_F1,11/24/2022,12:58:00,3369.95,3369.95,3369.95,3369.95,875,295050
EICHERMOT_F1,11/24/2022,12:59:00,3370.80,3370.80,3369.50,3369.50,700,295050
EICHERMOT_F1,11/24/2022,13:00:00,3370.25,3371.20,3370.15,3371.15,1925,294000
EICHERMOT_F1,11/24/2022,13:01:00,3371.10,3372.60,3371.10,3372.60,350,294000
EICHERMOT_F1,11/24/2022,13:02:00,3371.25,3371.25,3371.25,3371.25,700,294000
EICHERMOT_F1,11/24/2022,13:03:00,3371.25,3371.25,3368.85,3369.90,700,292775
EICHERMOT_F1,11/24/2022,13:04:00,3368.85,3371.05,3368.85,3371.05,350,292775
EICHERMOT_F1,11/24/2022,13:05:00,3370.05,3370.05,3370.05,3370.05,350,292775
EICHERMOT_F1,11/24/2022,13:06:00,3367.15,3367.15,3367.15,3367.15,1050,292775
EICHERMOT_F1,11/24/2022,13:07:00,3367.15,3368.75,3362.95,3362.95,3500,291025
EICHERMOT_F1,11/24/2022,13:08:00,3365.80,3367.40,3365.80,3367.40,1050,291025
EICHERMOT_F1,11/24/2022,13:09:00,3368.80,3368.80,3368.80,3368.80,175,291200
EICHERMOT_F1,11/24/2022,13:10:00,3368.80,3369.85,3368.80,3369.00,875,291200
EICHERMOT_F1,11/24/2022,13:11:00,3368.70,3369.25,3367.85,3367.85,700,291200
EICHERMOT_F1,11/24/2022,13:12:00,3369.00,3369.00,3367.85,3367.85,350,290500
EICHERMOT_F1,11/24/2022,13:13:00,3368.15,3370.00,3368.15,3370.00,350,290500
EICHERMOT_F1,11/24/2022,13:14:00,3368.15,3368.15,3366.15,3366.25,1050,290500
EICHERMOT_F1,11/24/2022,13:15:00,3366.00,3366.00,3366.00,3366.00,175,289275
EICHERMOT_F1,11/24/2022,13:16:00,3366.00,3366.00,3366.00,3366.00,350,289275
EICHERMOT_F1,11/24/2022,13:17:00,3368.00,3368.00,3368.00,3368.00,1750,289275
EICHERMOT_F1,11/24/2022,13:18:00,3367.90,3368.00,3366.45,3366.45,1050,289975
EICHERMOT_F1,11/24/2022,13:19:00,3365.35,3367.00,3365.35,3367.00,700,289975
EICHERMOT_F1,11/24/2022,13:20:00,3367.50,3367.50,3366.40,3366.40,350,289975
EICHERMOT_F1,11/24/2022,13:21:00,3365.90,3366.50,3365.90,3366.50,525,288225
EICHERMOT_F1,11/24/2022,13:22:00,3366.25,3366.25,3366.25,3366.25,700,288225
EICHERMOT_F1,11/24/2022,13:23:00,3368.00,3368.00,3367.75,3367.75,2625,288225
EICHERMOT_F1,11/24/2022,13:24:00,3368.00,3368.00,3368.00,3368.00,175,286475
EICHERMOT_F1,11/24/2022,13:25:00,3368.95,3368.95,3366.35,3366.80,2100,286475
EICHERMOT_F1,11/24/2022,13:26:00,3365.00,3368.00,3365.00,3368.00,2975,286475
EICHERMOT_F1,11/24/2022,13:27:00,3367.55,3368.35,3366.70,3366.70,1750,284025
EICHERMOT_F1,11/24/2022,13:28:00,3367.55,3367.55,3365.00,3365.00,2800,284025
EICHERMOT_F1,11/24/2022,13:29:00,3367.00,3367.60,3367.00,3367.60,875,284025
EICHERMOT_F1,11/24/2022,13:30:00,3367.00,3367.00,3366.00,3366.00,1225,282625
EICHERMOT_F1,11/24/2022,13:31:00,3366.00,3367.00,3366.00,3367.00,1750,282625
EICHERMOT_F1,11/24/2022,13:32:00,3367.00,3367.00,3365.35,3366.30,3850,282625
EICHERMOT_F1,11/24/2022,13:33:00,3365.65,3366.20,3365.60,3366.20,5250,284025
EICHERMOT_F1,11/24/2022,13:34:00,3365.50,3366.20,3365.00,3365.00,1225,284025
EICHERMOT_F1,11/24/2022,13:35:00,3363.65,3363.65,3363.20,3363.20,2450,284025
EICHERMOT_F1,11/24/2022,13:36:00,3363.05,3363.05,3360.95,3361.50,2625,284900
EICHERMOT_F1,11/24/2022,13:37:00,3361.50,3361.90,3360.00,3361.00,1750,284900
EICHERMOT_F1,11/24/2022,13:38:00,3361.15,3362.25,3359.90,3359.90,3500,284900
EICHERMOT_F1,11/24/2022,13:39:00,3361.95,3361.95,3361.00,3361.10,1400,282275
EICHERMOT_F1,11/24/2022,13:40:00,3361.10,3363.30,3360.95,3363.00,2975,282275
EICHERMOT_F1,11/24/2022,13:41:00,3361.85,3361.85,3361.85,3361.85,350,282275
EICHERMOT_F1,11/24/2022,13:42:00,3361.75,3361.75,3361.50,3361.50,525,280350
EICHERMOT_F1,11/24/2022,13:43:00,3362.90,3362.90,3361.35,3361.35,875,280350
EICHERMOT_F1,11/24/2022,13:44:00,3362.15,3362.15,3358.60,3358.60,3675,280350
EICHERMOT_F1,11/24/2022,13:45:00,3358.25,3358.25,3358.25,3358.25,350,279300
EICHERMOT_F1,11/24/2022,13:46:00,3360.20,3360.20,3358.05,3358.05,1050,279300
EICHERMOT_F1,11/24/2022,13:47:00,3358.05,3360.05,3358.05,3358.30,2800,279300
EICHERMOT_F1,11/24/2022,13:48:00,3360.00,3360.00,3359.00,3359.00,2100,276500
EICHERMOT_F1,11/24/2022,13:49:00,3358.35,3358.35,3357.05,3357.05,1225,276500
EICHERMOT_F1,11/24/2022,13:50:00,3357.10,3357.10,3357.00,3357.00,700,276500
EICHERMOT_F1,11/24/2022,13:51:00,3359.00,3359.00,3359.00,3359.00,525,276500
EICHERMOT_F1,11/24/2022,13:52:00,3358.40,3358.95,3354.10,3354.10,1575,275275
EICHERMOT_F1,11/24/2022,13:53:00,3355.75,3357.90,3355.00,3355.80,19425,275275
EICHERMOT_F1,11/24/2022,13:54:00,3359.95,3359.95,3354.80,3354.85,4375,276150
EICHERMOT_F1,11/24/2022,13:55:00,3356.35,3359.25,3353.15,3359.25,5600,276150
EICHERMOT_F1,11/24/2022,13:56:00,3359.65,3359.65,3359.60,3359.60,525,276150
EICHERMOT_F1,11/24/2022,13:57:00,3359.05,3359.60,3357.70,3357.70,1400,276500
EICHERMOT_F1,11/24/2022,13:58:00,3357.70,3359.60,3357.70,3359.60,1050,276500
EICHERMOT_F1,11/24/2022,13:59:00,3358.15,3359.95,3357.10,3359.95,2625,276500
EICHERMOT_F1,11/24/2022,14:00:00,3361.10,3363.70,3359.05,3363.70,8225,277550
EICHERMOT_F1,11/24/2022,14:01:00,3363.65,3363.95,3362.70,3363.95,6650,277550
EICHERMOT_F1,11/24/2022,14:02:00,3363.00,3363.00,3363.00,3363.00,175,277550
EICHERMOT_F1,11/24/2022,14:03:00,3363.00,3364.00,3363.00,3364.00,1575,279475
EICHERMOT_F1,11/24/2022,14:04:00,3364.95,3367.00,3364.95,3365.15,5425,279475
EICHERMOT_F1,11/24/2022,14:05:00,3366.10,3366.60,3365.10,3366.60,2625,279475
EICHERMOT_F1,11/24/2022,14:06:00,3366.00,3366.00,3364.10,3364.10,4725,279125
EICHERMOT_F1,11/24/2022,14:07:00,3363.70,3365.80,3363.25,3365.00,2450,279125
EICHERMOT_F1,11/24/2022,14:08:00,3365.00,3365.00,3365.00,3365.00,350,279125
EICHERMOT_F1,11/24/2022,14:09:00,3365.65,3365.65,3365.00,3365.00,1400,279125
EICHERMOT_F1,11/24/2022,14:10:00,3361.90,3361.90,3360.40,3360.40,1225,281225
EICHERMOT_F1,11/24/2022,14:11:00,3362.00,3362.00,3361.00,3361.00,1225,281225
EICHERMOT_F1,11/24/2022,14:12:00,3365.30,3365.30,3365.30,3365.30,525,280525
EICHERMOT_F1,11/24/2022,14:13:00,3362.05,3364.35,3362.05,3364.35,1050,280525
EICHERMOT_F1,11/24/2022,14:14:00,3365.00,3365.00,3365.00,3365.00,175,280525
EICHERMOT_F1,11/24/2022,14:16:00,3363.90,3365.70,3362.55,3365.70,2800,279475
EICHERMOT_F1,11/24/2022,14:17:00,3367.90,3367.90,3365.55,3366.65,3850,279475
EICHERMOT_F1,11/24/2022,14:18:00,3365.00,3366.05,3365.00,3365.20,1925,275625
EICHERMOT_F1,11/24/2022,14:19:00,3365.30,3367.75,3365.30,3367.75,2100,275625
EICHERMOT_F1,11/24/2022,14:20:00,3367.70,3367.70,3367.70,3367.70,175,275625
EICHERMOT_F1,11/24/2022,14:21:00,3366.75,3366.75,3366.75,3366.75,1750,275625
EICHERMOT_F1,11/24/2022,14:22:00,3366.00,3366.10,3366.00,3366.10,700,272825
EICHERMOT_F1,11/24/2022,14:23:00,3366.05,3366.05,3366.05,3366.05,350,272825
EICHERMOT_F1,11/24/2022,14:24:00,3365.30,3365.30,3363.10,3363.80,2800,270900
EICHERMOT_F1,11/24/2022,14:25:00,3363.65,3365.30,3363.60,3365.30,700,270900
EICHERMOT_F1,11/24/2022,14:26:00,3365.30,3365.30,3363.90,3363.90,1050,270900
EICHERMOT_F1,11/24/2022,14:27:00,3364.75,3366.00,3364.75,3366.00,1050,269850
EICHERMOT_F1,11/24/2022,14:28:00,3366.00,3366.00,3366.00,3366.00,3150,269850
EICHERMOT_F1,11/24/2022,14:29:00,3366.00,3366.00,3366.00,3366.00,350,269850
EICHERMOT_F1,11/24/2022,14:30:00,3365.00,3365.00,3364.50,3365.00,4725,257950
EICHERMOT_F1,11/24/2022,14:31:00,3365.00,3365.00,3364.65,3364.65,2275,257950
EICHERMOT_F1,11/24/2022,14:32:00,3362.75,3363.35,3359.95,3359.95,4900,257950
EICHERMOT_F1,11/24/2022,14:33:00,3362.25,3363.00,3361.75,3361.75,700,257950
EICHERMOT_F1,11/24/2022,14:34:00,3361.80,3363.80,3361.55,3362.00,700,252875
EICHERMOT_F1,11/24/2022,14:35:00,3362.00,3364.20,3362.00,3362.95,700,252875
EICHERMOT_F1,11/24/2022,14:36:00,3362.95,3362.95,3361.65,3361.65,700,252000
EICHERMOT_F1,11/24/2022,14:37:00,3362.15,3363.00,3362.15,3363.00,875,252000
EICHERMOT_F1,11/24/2022,14:38:00,3363.75,3363.75,3361.65,3362.45,700,252000
EICHERMOT_F1,11/24/2022,14:39:00,3360.15,3360.15,3360.00,3360.00,875,252525
EICHERMOT_F1,11/24/2022,14:40:00,3359.30,3359.95,3359.30,3359.95,350,252525
EICHERMOT_F1,11/24/2022,14:41:00,3359.25,3359.25,3352.45,3354.05,3325,252525
EICHERMOT_F1,11/24/2022,14:42:00,3354.95,3354.95,3353.45,3353.45,2450,250425
EICHERMOT_F1,11/24/2022,14:43:00,3352.65,3352.65,3351.45,3351.45,350,250425
EICHERMOT_F1,11/24/2022,14:44:00,3351.45,3351.55,3350.35,3350.55,2800,250425
EICHERMOT_F1,11/24/2022,14:45:00,3350.70,3352.20,3350.00,3350.70,7700,248325
EICHERMOT_F1,11/24/2022,14:46:00,3351.00,3351.00,3350.60,3350.60,875,248325
EICHERMOT_F1,11/24/2022,14:47:00,3349.50,3349.50,3346.80,3347.90,4550,248325
EICHERMOT_F1,11/24/2022,14:48:00,3347.90,3347.90,3346.35,3347.90,2100,248150
EICHERMOT_F1,11/24/2022,14:49:00,3348.00,3349.10,3347.40,3349.10,2275,248150
EICHERMOT_F1,11/24/2022,14:50:00,3349.95,3349.95,3348.45,3349.15,5775,248150
EICHERMOT_F1,11/24/2022,14:51:00,3350.00,3350.00,3349.80,3350.00,2800,246400
EICHERMOT_F1,11/24/2022,14:52:00,3349.60,3349.60,3347.80,3347.80,3325,246400
EICHERMOT_F1,11/24/2022,14:53:00,3349.70,3349.85,3349.70,3349.85,525,246400
EICHERMOT_F1,11/24/2022,14:54:00,3349.90,3350.95,3349.90,3350.95,2975,244650
EICHERMOT_F1,11/24/2022,14:55:00,3351.00,3353.20,3351.00,3353.20,4900,244650
EICHERMOT_F1,11/24/2022,14:56:00,3354.00,3355.00,3354.00,3355.00,1400,244650
EICHERMOT_F1,11/24/2022,14:57:00,3354.25,3356.00,3354.25,3356.00,875,244650
EICHERMOT_F1,11/24/2022,14:58:00,3357.50,3359.90,3357.50,3359.90,1225,244650
EICHERMOT_F1,11/24/2022,14:59:00,3359.50,3360.20,3356.50,3359.95,2275,244650
EICHERMOT_F1,11/24/2022,15:00:00,3359.45,3363.35,3358.00,3358.65,2625,244650
EICHERMOT_F1,11/24/2022,15:01:00,3359.70,3367.45,3359.70,3367.10,7350,242900
EICHERMOT_F1,11/24/2022,15:02:00,3367.05,3367.05,3365.00,3367.00,1925,242900
EICHERMOT_F1,11/24/2022,15:03:00,3367.95,3369.45,3367.55,3369.45,1925,242900
EICHERMOT_F1,11/24/2022,15:04:00,3369.00,3375.00,3365.75,3373.65,3850,240450
EICHERMOT_F1,11/24/2022,15:05:00,3376.00,3376.15,3373.00,3373.00,1050,240450
EICHERMOT_F1,11/24/2022,15:06:00,3373.95,3379.60,3373.00,3379.60,1225,238350
EICHERMOT_F1,11/24/2022,15:07:00,3380.15,3380.15,3377.25,3378.50,875,238350
EICHERMOT_F1,11/24/2022,15:08:00,3380.00,3380.00,3379.00,3379.00,1225,238350
EICHERMOT_F1,11/24/2022,15:09:00,3378.45,3381.00,3378.00,3381.00,2625,236250
EICHERMOT_F1,11/24/2022,15:10:00,3380.00,3380.00,3373.00,3373.00,6650,236250
EICHERMOT_F1,11/24/2022,15:11:00,3377.25,3377.25,3375.30,3375.55,1575,236250
EICHERMOT_F1,11/24/2022,15:12:00,3377.95,3378.75,3376.20,3376.50,2100,233975
EICHERMOT_F1,11/24/2022,15:13:00,3374.60,3377.00,3374.25,3377.00,1400,233975
EICHERMOT_F1,11/24/2022,15:14:00,3376.95,3376.95,3374.85,3376.90,1750,233975
EICHERMOT_F1,11/24/2022,15:15:00,3376.90,3378.85,3374.95,3374.95,6650,229600
EICHERMOT_F1,11/24/2022,15:16:00,3375.25,3377.05,3374.40,3374.40,16275,229600
EICHERMOT_F1,11/24/2022,15:17:00,3374.40,3376.55,3374.40,3375.20,1925,229600
EICHERMOT_F1,11/24/2022,15:18:00,3376.00,3379.90,3376.00,3379.90,1225,220500
EICHERMOT_F1,11/24/2022,15:19:00,3377.80,3381.00,3377.80,3379.40,1575,220500
EICHERMOT_F1,11/24/2022,15:20:00,3381.00,3382.55,3380.75,3382.25,2275,220500
EICHERMOT_F1,11/24/2022,15:21:00,3383.10,3383.20,3383.10,3383.20,1575,220500
EICHERMOT_F1,11/24/2022,15:22:00,3383.00,3383.00,3381.65,3381.65,1050,216125
EICHERMOT_F1,11/24/2022,15:23:00,3381.45,3381.45,3378.90,3378.90,1400,216125
EICHERMOT_F1,11/24/2022,15:24:00,3379.15,3382.00,3379.15,3381.50,1050,216125
EICHERMOT_F1,11/24/2022,15:25:00,3382.00,3382.00,3381.20,3382.00,1575,214025
EICHERMOT_F1,11/24/2022,15:26:00,3382.70,3384.55,3380.85,3384.55,2450,214025
EICHERMOT_F1,11/24/2022,15:27:00,3382.25,3382.25,3382.25,3382.25,700,214025
EICHERMOT_F1,11/24/2022,15:29:00,3382.25,3382.25,3382.25,3382.25,525,212100
EICHERMOT_F1,11/24/2022,15:30:00,3386.70,3386.70,3386.70,3386.70,525,212100
EICHERMOT_F1,11/25/2022,09:15:00,3402.50,3410.00,3395.00,3395.00,6477,2905000
EICHERMOT_F1,11/25/2022,09:16:00,3400.05,3400.05,3394.45,3394.45,21000,2905000
EICHERMOT_F1,11/25/2022,09:17:00,3392.80,3392.80,3388.10,3388.10,14875,2919175
EICHERMOT_F1,11/25/2022,09:18:00,3386.95,3399.10,3386.95,3393.70,5075,2919175
EICHERMOT_F1,11/25/2022,09:19:00,3393.05,3395.90,3391.50,3394.20,2625,2919175
EICHERMOT_F1,11/25/2022,09:20:00,3392.00,3396.65,3392.00,3396.65,1050,2926350
EICHERMOT_F1,11/25/2022,09:21:00,3395.40,3395.40,3385.50,3385.55,14700,2926350
EICHERMOT_F1,11/25/2022,09:22:00,3385.55,3385.55,3380.00,3382.55,7525,2926350
EICHERMOT_F1,11/25/2022,09:23:00,3380.40,3388.60,3380.40,3384.50,7000,2941050
EICHERMOT_F1,11/25/2022,09:24:00,3385.00,3388.60,3384.50,3385.00,3150,2941050
EICHERMOT_F1,11/25/2022,09:25:00,3385.40,3385.40,3380.20,3381.25,2625,2941050
EICHERMOT_F1,11/25/2022,09:26:00,3379.00,3384.90,3376.30,3382.30,15925,2947000
EICHERMOT_F1,11/25/2022,09:27:00,3383.20,3386.00,3382.50,3384.25,2800,2947000
EICHERMOT_F1,11/25/2022,09:28:00,3382.50,3383.75,3382.50,3383.00,1575,2947000
EICHERMOT_F1,11/25/2022,09:29:00,3385.00,3386.30,3385.00,3385.45,875,2951725
EICHERMOT_F1,11/25/2022,09:30:00,3386.30,3386.30,3378.00,3380.95,3675,2951725
EICHERMOT_F1,11/25/2022,09:31:00,3381.00,3386.95,3380.05,3386.95,2450,2951725
EICHERMOT_F1,11/25/2022,09:32:00,3387.00,3392.00,3387.00,3391.10,4200,2953475
EICHERMOT_F1,11/25/2022,09:33:00,3392.00,3392.30,3387.95,3388.55,2450,2953475
EICHERMOT_F1,11/25/2022,09:34:00,3387.80,3389.25,3385.35,3386.55,2975,2953475
EICHERMOT_F1,11/25/2022,09:35:00,3384.00,3385.60,3383.75,3385.05,1750,2956275
EICHERMOT_F1,11/25/2022,09:36:00,3383.10,3385.20,3383.10,3385.20,350,2956275
EICHERMOT_F1,11/25/2022,09:37:00,3381.95,3382.40,3379.60,3382.40,2625,2956275
EICHERMOT_F1,11/25/2022,09:38:00,3380.05,3384.15,3377.80,3377.80,19250,2960475
EICHERMOT_F1,11/25/2022,09:39:00,3378.65,3380.40,3378.65,3380.40,1225,2960475
EICHERMOT_F1,11/25/2022,09:40:00,3380.15,3381.30,3380.15,3380.50,1750,2960475
EICHERMOT_F1,11/25/2022,09:41:00,3378.95,3379.00,3378.00,3378.00,2800,2967300
EICHERMOT_F1,11/25/2022,09:42:00,3377.90,3380.95,3377.90,3380.95,1050,2967300
EICHERMOT_F1,11/25/2022,09:43:00,3382.00,3382.00,3382.00,3382.00,1050,2967300
EICHERMOT_F1,11/25/2022,09:44:00,3381.95,3384.00,3381.30,3381.30,1575,2969225
EICHERMOT_F1,11/25/2022,09:45:00,3382.00,3384.00,3382.00,3382.00,2275,2969225
EICHERMOT_F1,11/25/2022,09:46:00,3384.65,3384.65,3383.90,3383.90,875,2969225
EICHERMOT_F1,11/25/2022,09:47:00,3383.90,3384.75,3383.90,3384.60,525,2968875
EICHERMOT_F1,11/25/2022,09:48:00,3385.00,3385.00,3385.00,3385.00,175,2968875
EICHERMOT_F1,11/25/2022,09:49:00,3385.00,3385.10,3384.00,3384.00,525,2968875
EICHERMOT_F1,11/25/2022,09:50:00,3383.70,3385.25,3382.90,3385.25,1575,2969225
EICHERMOT_F1,11/25/2022,09:51:00,3385.40,3387.05,3385.40,3386.35,875,2969225
EICHERMOT_F1,11/25/2022,09:52:00,3383.20,3383.20,3383.20,3383.20,875,2969225
EICHERMOT_F1,11/25/2022,09:53:00,3385.00,3386.95,3385.00,3386.95,875,2969225
EICHERMOT_F1,11/25/2022,09:54:00,3387.85,3387.85,3382.55,3382.55,1050,2969050
EICHERMOT_F1,11/25/2022,09:55:00,3383.15,3383.65,3383.00,3383.65,1225,2969050
EICHERMOT_F1,11/25/2022,09:56:00,3381.65,3381.65,3379.85,3380.45,3325,2968175
EICHERMOT_F1,11/25/2022,09:57:00,3380.45,3382.85,3380.25,3382.85,1050,2968175
EICHERMOT_F1,11/25/2022,09:58:00,3382.60,3382.60,3380.20,3380.20,525,2968175
EICHERMOT_F1,11/25/2022,09:59:00,3383.05,3383.05,3383.05,3383.05,175,2968525
EICHERMOT_F1,11/25/2022,10:00:00,3381.40,3382.45,3380.95,3382.45,1400,2968525
EICHERMOT_F1,11/25/2022,10:01:00,3384.40,3384.40,3384.20,3384.20,525,2968525
EICHERMOT_F1,11/25/2022,10:02:00,3383.60,3385.05,3383.60,3385.05,700,2969925
EICHERMOT_F1,11/25/2022,10:03:00,3383.00,3384.45,3383.00,3384.45,1925,2969925
EICHERMOT_F1,11/25/2022,10:05:00,3386.45,3387.15,3386.45,3387.15,700,2969225
EICHERMOT_F1,11/25/2022,10:06:00,3388.70,3388.70,3386.45,3386.50,2275,2969225
EICHERMOT_F1,11/25/2022,10:08:00,3386.00,3386.45,3386.00,3386.45,525,2968700
EICHERMOT_F1,11/25/2022,10:09:00,3389.45,3392.40,3389.45,3392.40,2100,2968700
EICHERMOT_F1,11/25/2022,10:10:00,3393.00,3394.40,3391.00,3391.00,4025,2968700
EICHERMOT_F1,11/25/2022,10:11:00,3391.00,3393.10,3388.05,3392.25,9450,2970450
EICHERMOT_F1,11/25/2022,10:12:00,3393.10,3393.10,3393.00,3393.00,350,2970450
EICHERMOT_F1,11/25/2022,10:13:00,3393.65,3393.65,3390.10,3391.30,2100,2970450
EICHERMOT_F1,11/25/2022,10:14:00,3390.95,3391.30,3390.95,3391.30,350,2970800
EICHERMOT_F1,11/25/2022,10:15:00,3392.60,3392.60,3392.60,3392.60,175,2970800
EICHERMOT_F1,11/25/2022,10:16:00,3390.80,3390.80,3388.60,3388.60,1750,2970800
EICHERMOT_F1,11/25/2022,10:17:00,3388.75,3388.75,3388.00,3388.00,525,2969575
EICHERMOT_F1,11/25/2022,10:18:00,3387.05,3387.05,3387.05,3387.05,175,2969575
EICHERMOT_F1,11/25/2022,10:19:00,3386.40,3392.00,3386.35,3392.00,2625,2969575
EICHERMOT_F1,11/25/2022,10:20:00,3390.05,3392.00,3390.05,3392.00,1050,2968350
EICHERMOT_F1,11/25/2022,10:21:00,3390.00,3390.00,3389.75,3389.75,875,2968350
EICHERMOT_F1,11/25/2022,10:22:00,3386.55,3386.55,3384.45,3384.45,2450,2968350
EICHERMOT_F1,11/25/2022,10:23:00,3383.70,3384.00,3383.70,3384.00,1050,2968350
EICHERMOT_F1,11/25/2022,10:24:00,3384.20,3384.20,3383.65,3384.00,1750,2968875
EICHERMOT_F1,11/25/2022,10:25:00,3383.70,3385.75,3383.70,3384.55,1925,2968875
EICHERMOT_F1,11/25/2022,10:26:00,3385.00,3385.90,3385.00,3385.05,2100,2970625
EICHERMOT_F1,11/25/2022,10:27:00,3382.75,3382.75,3382.75,3382.75,350,2970625
EICHERMOT_F1,11/25/2022,10:28:00,3383.50,3385.70,3382.70,3385.70,3150,2970625
EICHERMOT_F1,11/25/2022,10:29:00,3385.70,3386.95,3385.35,3386.95,525,2971325
EICHERMOT_F1,11/25/2022,10:30:00,3389.10,3391.05,3389.10,3389.90,1400,2971325
EICHERMOT_F1,11/25/2022,10:31:00,3389.80,3394.30,3389.80,3392.00,4550,2971325
EICHERMOT_F1,11/25/2022,10:32:00,3391.30,3392.00,3389.75,3391.55,3150,2973600
EICHERMOT_F1,11/25/2022,10:33:00,3394.00,3394.10,3392.25,3392.45,2975,2973600
EICHERMOT_F1,11/25/2022,10:34:00,3393.00,3394.25,3393.00,3394.25,525,2973600
EICHERMOT_F1,11/25/2022,10:35:00,3394.15,3395.85,3393.00,3395.85,6300,2977100
EICHERMOT_F1,11/25/2022,10:36:00,3396.10,3396.65,3393.75,3395.20,1575,2977100
EICHERMOT_F1,11/25/2022,10:37:00,3396.00,3398.40,3394.75,3397.00,4025,2977100
EICHERMOT_F1,11/25/2022,10:38:00,3397.55,3398.20,3397.50,3397.50,700,2978675
EICHERMOT_F1,11/25/2022,10:39:00,3398.00,3401.00,3398.00,3401.00,6650,2978675
EICHERMOT_F1,11/25/2022,10:40:00,3400.00,3400.00,3399.50,3399.90,1925,2978675
EICHERMOT_F1,11/25/2022,10:41:00,3399.50,3405.00,3399.50,3403.60,6300,2980950
EICHERMOT_F1,11/25/2022,10:42:00,3403.00,3403.20,3400.15,3401.95,3150,2980950
EICHERMOT_F1,11/25/2022,10:43:00,3402.25,3403.55,3402.25,3403.55,700,2980950
EICHERMOT_F1,11/25/2022,10:44:00,3403.50,3403.55,3402.40,3402.50,875,2979200
EICHERMOT_F1,11/25/2022,10:45:00,3403.00,3403.00,3402.45,3402.45,350,2979200
EICHERMOT_F1,11/25/2022,10:46:00,3402.50,3402.50,3402.05,3402.05,1050,2979200
EICHERMOT_F1,11/25/2022,10:47:00,3401.10,3401.10,3398.00,3398.00,1400,2978850
EICHERMOT_F1,11/25/2022,10:48:00,3395.65,3396.45,3395.25,3396.45,875,2978850
EICHERMOT_F1,11/25/2022,10:49:00,3398.00,3400.45,3398.00,3400.30,2975,2978850
EICHERMOT_F1,11/25/2022,10:50:00,3398.95,3398.95,3398.95,3398.95,175,2978850
EICHERMOT_F1,11/25/2022,10:51:00,3399.05,3399.05,3399.05,3399.05,175,2977275
EICHERMOT_F1,11/25/2022,10:52:00,3400.65,3400.65,3400.65,3400.65,175,2977275
EICHERMOT_F1,11/25/2022,10:53:00,3399.25,3401.40,3399.25,3401.40,350,2977275
EICHERMOT_F1,11/25/2022,10:54:00,3399.90,3400.40,3399.90,3400.40,700,2976050
EICHERMOT_F1,11/25/2022,10:55:00,3402.00,3402.00,3401.25,3401.25,1225,2976050
EICHERMOT_F1,11/25/2022,10:56:00,3400.50,3400.50,3400.45,3400.45,350,2975000
EICHERMOT_F1,11/25/2022,10:57:00,3400.75,3401.95,3399.20,3399.20,1050,2975000
EICHERMOT_F1,11/25/2022,10:58:00,3401.10,3401.10,3399.35,3399.35,350,2975000
EICHERMOT_F1,11/25/2022,10:59:00,3399.35,3399.35,3398.15,3398.15,700,2973600
EICHERMOT_F1,11/25/2022,11:00:00,3399.55,3399.55,3399.55,3399.55,175,2973600
EICHERMOT_F1,11/25/2022,11:01:00,3401.55,3403.00,3401.55,3403.00,875,2973600
EICHERMOT_F1,11/25/2022,11:02:00,3402.90,3403.10,3401.65,3401.80,2100,2972550
EICHERMOT_F1,11/25/2022,11:04:00,3403.00,3403.00,3403.00,3403.00,175,2972550
EICHERMOT_F1,11/25/2022,11:05:00,3402.60,3403.10,3402.50,3402.50,1050,2972200
EICHERMOT_F1,11/25/2022,11:06:00,3403.30,3403.70,3402.20,3403.70,875,2972200
EICHERMOT_F1,11/25/2022,11:07:00,3403.70,3404.00,3403.70,3403.90,1750,2972200
EICHERMOT_F1,11/25/2022,11:08:00,3404.30,3408.65,3404.30,3406.55,10675,2967825
EICHERMOT_F1,11/25/2022,11:09:00,3408.00,3408.65,3407.00,3407.00,525,2967825
EICHERMOT_F1,11/25/2022,11:10:00,3406.80,3407.90,3406.80,3407.90,350,2967825
EICHERMOT_F1,11/25/2022,11:11:00,3406.00,3408.65,3406.00,3408.65,2625,2966775
EICHERMOT_F1,11/25/2022,11:12:00,3407.00,3407.95,3407.00,3407.95,350,2966775
EICHERMOT_F1,11/25/2022,11:13:00,3408.55,3408.55,3408.20,3408.20,350,2966775
EICHERMOT_F1,11/25/2022,11:14:00,3406.90,3407.80,3406.20,3406.20,875,2962575
EICHERMOT_F1,11/25/2022,11:15:00,3406.45,3408.00,3406.45,3408.00,1750,2962575
EICHERMOT_F1,11/25/2022,11:16:00,3408.00,3409.50,3408.00,3409.00,1925,2962575
EICHERMOT_F1,11/25/2022,11:17:00,3408.00,3412.75,3408.00,3409.40,8750,2955225
EICHERMOT_F1,11/25/2022,11:18:00,3411.45,3411.45,3409.30,3409.75,2450,2955225
EICHERMOT_F1,11/25/2022,11:19:00,3409.30,3409.75,3408.50,3409.75,1050,2955225
EICHERMOT_F1,11/25/2022,11:20:00,3409.05,3409.10,3408.65,3409.10,700,2954175
EICHERMOT_F1,11/25/2022,11:21:00,3409.95,3410.80,3409.95,3410.80,875,2954175
EICHERMOT_F1,11/25/2022,11:22:00,3410.05,3410.05,3409.40,3409.60,875,2954175
EICHERMOT_F1,11/25/2022,11:23:00,3408.15,3408.15,3408.15,3408.15,700,2954875
EICHERMOT_F1,11/25/2022,11:24:00,3408.85,3409.25,3408.85,3409.25,525,2954875
EICHERMOT_F1,11/25/2022,11:25:00,3408.15,3408.45,3408.00,3408.00,700,2954875
EICHERMOT_F1,11/25/2022,11:26:00,3408.50,3409.35,3407.80,3407.80,1050,2953475
EICHERMOT_F1,11/25/2022,11:27:00,3409.25,3409.60,3407.70,3408.25,700,2953475
EICHERMOT_F1,11/25/2022,11:28:00,3407.50,3407.50,3407.50,3407.50,700,2953475
EICHERMOT_F1,11/25/2022,11:29:00,3410.00,3411.20,3410.00,3411.20,1400,2952425
EICHERMOT_F1,11/25/2022,11:30:00,3411.00,3412.00,3411.00,3412.00,1400,2952425
EICHERMOT_F1,11/25/2022,11:31:00,3413.85,3413.85,3411.55,3412.00,4900,2952425
EICHERMOT_F1,11/25/2022,11:32:00,3412.00,3413.00,3411.05,3411.05,2800,2952775
EICHERMOT_F1,11/25/2022,11:33:00,3412.55,3413.00,3412.00,3413.00,4550,2952775
EICHERMOT_F1,11/25/2022,11:34:00,3412.00,3412.00,3411.15,3411.15,875,2952775
EICHERMOT_F1,11/25/2022,11:35:00,3412.05,3412.10,3410.75,3412.00,1925,2956975
EICHERMOT_F1,11/25/2022,11:36:00,3412.15,3413.15,3412.15,3413.05,7175,2956975
EICHERMOT_F1,11/25/2022,11:37:00,3413.60,3413.65,3412.05,3412.50,875,2956975
EICHERMOT_F1,11/25/2022,11:38:00,3412.25,3412.50,3411.35,3412.40,1575,2956975
EICHERMOT_F1,11/25/2022,11:39:00,3412.85,3412.85,3412.00,3412.35,1225,2959250
EICHERMOT_F1,11/25/2022,11:40:00,3412.00,3412.00,3411.00,3411.00,1225,2959250
EICHERMOT_F1,11/25/2022,11:41:00,3409.85,3409.85,3408.00,3408.25,1750,2960650
EICHERMOT_F1,11/25/2022,11:42:00,3407.45,3407.45,3407.35,3407.35,700,2960650
EICHERMOT_F1,11/25/2022,11:43:00,3407.40,3410.00,3406.80,3406.80,9450,2960650
EICHERMOT_F1,11/25/2022,11:44:00,3406.75,3406.75,3406.15,3406.15,350,2960650
EICHERMOT_F1,11/25/2022,11:45:00,3406.70,3406.70,3406.70,3406.70,175,2960650
EICHERMOT_F1,11/25/2022,11:46:00,3404.50,3406.90,3404.50,3406.90,700,2960650
EICHERMOT_F1,11/25/2022,11:47:00,3407.00,3408.55,3406.30,3408.55,700,2960125
EICHERMOT_F1,11/25/2022,11:48:00,3406.55,3406.55,3406.55,3406.55,175,2960125
EICHERMOT_F1,11/25/2022,11:49:00,3407.65,3407.65,3404.40,3404.40,525,2960125
EICHERMOT_F1,11/25/2022,11:51:00,3407.65,3407.65,3405.70,3405.70,350,2960125
EICHERMOT_F1,11/25/2022,11:52:00,3407.40,3407.40,3406.40,3406.40,350,2960125
EICHERMOT_F1,11/25/2022,11:53:00,3408.00,3408.00,3408.00,3408.00,175,2960125
EICHERMOT_F1,11/25/2022,11:54:00,3408.00,3409.00,3408.00,3409.00,525,2958725
EICHERMOT_F1,11/25/2022,11:55:00,3408.35,3408.35,3408.35,3408.35,175,2958725
EICHERMOT_F1,11/25/2022,11:57:00,3408.30,3408.30,3406.75,3406.75,525,2958550
EICHERMOT_F1,11/25/2022,11:58:00,3406.00,3406.00,3406.00,3406.00,175,2958550
EICHERMOT_F1,11/25/2022,11:59:00,3406.75,3406.75,3406.75,3406.75,175,2958550
EICHERMOT_F1,11/25/2022,12:00:00,3405.00,3406.00,3405.00,3406.00,350,2958550
EICHERMOT_F1,11/25/2022,12:01:00,3404.45,3404.45,3404.45,3404.45,175,2958550
EICHERMOT_F1,11/25/2022,12:03:00,3403.80,3403.80,3403.80,3403.80,175,2957325
EICHERMOT_F1,11/25/2022,12:04:00,3401.65,3402.85,3401.65,3402.85,350,2957325
EICHERMOT_F1,11/25/2022,12:05:00,3402.10,3403.00,3402.10,3403.00,350,2957325
EICHERMOT_F1,11/25/2022,12:07:00,3403.55,3404.75,3403.55,3404.75,525,2957325
EICHERMOT_F1,11/25/2022,12:08:00,3405.35,3405.35,3404.75,3404.75,875,2957325
EICHERMOT_F1,11/25/2022,12:09:00,3406.00,3408.30,3406.00,3406.70,1050,2957325
EICHERMOT_F1,11/25/2022,12:10:00,3407.75,3408.70,3407.75,3408.70,525,2957325
EICHERMOT_F1,11/25/2022,12:12:00,3409.00,3409.00,3409.00,3409.00,175,2957500
EICHERMOT_F1,11/25/2022,12:13:00,3408.00,3408.80,3408.00,3408.00,525,2957500
EICHERMOT_F1,11/25/2022,12:14:00,3407.15,3410.00,3407.15,3410.00,1225,2957500
EICHERMOT_F1,11/25/2022,12:15:00,3408.25,3408.25,3408.25,3408.25,175,2957500
EICHERMOT_F1,11/25/2022,12:16:00,3408.00,3410.00,3408.00,3410.00,8400,2957500
EICHERMOT_F1,11/25/2022,12:17:00,3412.10,3412.10,3409.35,3409.35,2450,2955400
EICHERMOT_F1,11/25/2022,12:18:00,3411.50,3411.50,3410.10,3410.10,1575,2955400
EICHERMOT_F1,11/25/2022,12:19:00,3411.00,3411.00,3409.10,3409.10,525,2955400
EICHERMOT_F1,11/25/2022,12:20:00,3410.70,3410.70,3410.70,3410.70,350,2955400
EICHERMOT_F1,11/25/2022,12:21:00,3410.60,3410.95,3410.55,3410.95,700,2955050
EICHERMOT_F1,11/25/2022,12:22:00,3411.10,3411.10,3410.40,3410.40,350,2955050
EICHERMOT_F1,11/25/2022,12:23:00,3409.00,3409.00,3407.10,3408.50,525,2955050
EICHERMOT_F1,11/25/2022,12:24:00,3407.90,3408.00,3407.90,3408.00,350,2954700
EICHERMOT_F1,11/25/2022,12:25:00,3407.00,3407.40,3405.85,3405.85,875,2954700
EICHERMOT_F1,11/25/2022,12:27:00,3407.90,3408.95,3407.90,3408.95,350,2954175
EICHERMOT_F1,11/25/2022,12:28:00,3409.05,3409.05,3407.30,3407.30,525,2954175
EICHERMOT_F1,11/25/2022,12:30:00,3407.45,3407.45,3407.45,3407.45,175,2953125
EICHERMOT_F1,11/25/2022,12:31:00,3408.00,3409.35,3408.00,3409.35,350,2953125
EICHERMOT_F1,11/25/2022,12:32:00,3407.60,3407.60,3407.60,3407.60,1050,2953125
EICHERMOT_F1,11/25/2022,12:36:00,3407.50,3407.50,3407.50,3407.50,175,2953125
EICHERMOT_F1,11/25/2022,12:37:00,3407.15,3407.15,3407.15,3407.15,350,2953125
EICHERMOT_F1,11/25/2022,12:40:00,3408.90,3409.50,3408.90,3409.50,525,2952425
EICHERMOT_F1,11/25/2022,12:42:00,3409.75,3409.75,3409.75,3409.75,175,2951900
EICHERMOT_F1,11/25/2022,12:43:00,3409.50,3409.50,3408.45,3408.45,525,2951900
EICHERMOT_F1,11/25/2022,12:44:00,3410.30,3410.30,3410.30,3410.30,175,2951900
EICHERMOT_F1,11/25/2022,12:45:00,3410.30,3410.30,3410.30,3410.30,175,2951550
EICHERMOT_F1,11/25/2022,12:46:00,3409.30,3409.30,3409.30,3409.30,175,2951550
EICHERMOT_F1,11/25/2022,12:47:00,3409.80,3409.80,3409.50,3409.50,350,2951550
EICHERMOT_F1,11/25/2022,12:48:00,3409.95,3410.00,3409.95,3410.00,875,2951550
EICHERMOT_F1,11/25/2022,12:49:00,3410.90,3410.90,3409.50,3409.50,525,2951550
EICHERMOT_F1,11/25/2022,12:51:00,3408.00,3408.00,3408.00,3408.00,175,2951550
EICHERMOT_F1,11/25/2022,12:52:00,3407.00,3408.00,3407.00,3408.00,525,2951550
EICHERMOT_F1,11/25/2022,12:54:00,3407.95,3408.05,3407.95,3408.05,350,2951375
EICHERMOT_F1,11/25/2022,12:55:00,3407.85,3407.85,3406.05,3406.05,525,2951375
EICHERMOT_F1,11/25/2022,12:58:00,3408.65,3409.95,3408.65,3409.95,700,2951375
EICHERMOT_F1,11/25/2022,12:59:00,3410.15,3410.15,3410.00,3410.00,350,2951375
EICHERMOT_F1,11/25/2022,13:00:00,3411.00,3412.50,3411.00,3412.50,2450,2945250
EICHERMOT_F1,11/25/2022,13:01:00,3413.50,3414.00,3413.20,3414.00,875,2945250
EICHERMOT_F1,11/25/2022,13:02:00,3414.00,3416.00,3414.00,3416.00,2450,2945250
EICHERMOT_F1,11/25/2022,13:03:00,3416.30,3417.90,3416.30,3417.85,2275,2941925
EICHERMOT_F1,11/25/2022,13:04:00,3418.10,3418.15,3413.00,3415.70,4375,2941925
EICHERMOT_F1,11/25/2022,13:05:00,3416.00,3417.00,3416.00,3416.00,700,2941925
EICHERMOT_F1,11/25/2022,13:06:00,3416.00,3417.25,3415.70,3417.25,525,2941225
EICHERMOT_F1,11/25/2022,13:07:00,3415.35,3415.35,3412.45,3412.55,1750,2941225
EICHERMOT_F1,11/25/2022,13:08:00,3411.85,3412.25,3411.85,3412.25,525,2941225
EICHERMOT_F1,11/25/2022,13:09:00,3413.60,3413.60,3412.55,3412.55,700,2941575
EICHERMOT_F1,11/25/2022,13:10:00,3414.00,3414.00,3414.00,3414.00,1925,2941575
EICHERMOT_F1,11/25/2022,13:11:00,3413.65,3413.65,3412.55,3412.55,525,2941575
EICHERMOT_F1,11/25/2022,13:13:00,3412.75,3414.55,3412.75,3413.55,5425,2941575
EICHERMOT_F1,11/25/2022,13:14:00,3413.40,3414.20,3413.40,3414.20,350,2941575
EICHERMOT_F1,11/25/2022,13:16:00,3415.20,3415.20,3413.35,3413.35,350,2936675
EICHERMOT_F1,11/25/2022,13:17:00,3411.95,3411.95,3410.60,3410.60,700,2936675
EICHERMOT_F1,11/25/2022,13:18:00,3411.70,3411.70,3411.55,3411.55,350,2936325
EICHERMOT_F1,11/25/2022,13:19:00,3410.50,3410.50,3410.50,3410.50,175,2936325
EICHERMOT_F1,11/25/2022,13:20:00,3411.90,3411.90,3410.50,3410.50,350,2936325
EICHERMOT_F1,11/25/2022,13:21:00,3410.45,3412.35,3410.45,3412.35,525,2936325
EICHERMOT_F1,11/25/2022,13:22:00,3410.80,3410.80,3410.55,3410.55,350,2936325
EICHERMOT_F1,11/25/2022,13:23:00,3412.00,3412.30,3412.00,3412.30,350,2936325
EICHERMOT_F1,11/25/2022,13:24:00,3412.80,3412.80,3411.10,3411.15,700,2935975
EICHERMOT_F1,11/25/2022,13:25:00,3410.85,3413.00,3410.85,3413.00,875,2935975
EICHERMOT_F1,11/25/2022,13:26:00,3413.95,3413.95,3413.95,3413.95,350,2935975
EICHERMOT_F1,11/25/2022,13:27:00,3415.50,3415.50,3415.50,3415.50,875,2935275
EICHERMOT_F1,11/25/2022,13:28:00,3415.85,3415.85,3415.85,3415.85,175,2935275
EICHERMOT_F1,11/25/2022,13:29:00,3415.20,3415.20,3415.00,3415.00,350,2935275
EICHERMOT_F1,11/25/2022,13:30:00,3416.05,3416.05,3414.70,3414.70,525,2935625
EICHERMOT_F1,11/25/2022,13:31:00,3415.00,3415.00,3415.00,3415.00,175,2935625
EICHERMOT_F1,11/25/2022,13:32:00,3416.00,3416.00,3415.15,3415.15,700,2935625
EICHERMOT_F1,11/25/2022,13:33:00,3415.30,3415.30,3415.30,3415.30,350,2935625
EICHERMOT_F1,11/25/2022,13:34:00,3415.25,3415.25,3415.25,3415.25,525,2935800
EICHERMOT_F1,11/25/2022,13:35:00,3415.30,3415.50,3415.30,3415.50,350,2935800
EICHERMOT_F1,11/25/2022,13:36:00,3416.95,3417.95,3416.10,3417.95,2450,2935625
EICHERMOT_F1,11/25/2022,13:37:00,3417.35,3417.35,3416.95,3416.95,350,2935625
EICHERMOT_F1,11/25/2022,13:38:00,3417.65,3417.90,3417.65,3417.90,1050,2935625
EICHERMOT_F1,11/25/2022,13:39:00,3417.80,3417.80,3414.90,3414.90,1225,2936325
EICHERMOT_F1,11/25/2022,13:40:00,3416.45,3416.90,3416.30,3416.90,1050,2936325
EICHERMOT_F1,11/25/2022,13:41:00,3416.70,3417.80,3416.50,3417.80,875,2936325
EICHERMOT_F1,11/25/2022,13:42:00,3417.90,3418.00,3417.45,3417.65,2100,2937200
EICHERMOT_F1,11/25/2022,13:43:00,3416.40,3417.50,3416.40,3417.50,1050,2937200
EICHERMOT_F1,11/25/2022,13:44:00,3417.05,3418.40,3417.05,3418.40,350,2937200
EICHERMOT_F1,11/25/2022,13:45:00,3418.40,3418.40,3418.00,3418.00,350,2938250
EICHERMOT_F1,11/25/2022,13:46:00,3415.35,3415.35,3415.35,3415.35,1575,2938250
EICHERMOT_F1,11/25/2022,13:48:00,3415.25,3415.25,3415.25,3415.25,175,2937200
EICHERMOT_F1,11/25/2022,13:49:00,3416.55,3416.55,3416.55,3416.55,175,2937200
EICHERMOT_F1,11/25/2022,13:50:00,3418.00,3418.00,3418.00,3418.00,1400,2937200
EICHERMOT_F1,11/25/2022,13:51:00,3418.85,3419.65,3418.85,3419.65,2100,2935800
EICHERMOT_F1,11/25/2022,13:52:00,3424.65,3424.95,3421.65,3424.95,16100,2935800
EICHERMOT_F1,11/25/2022,13:53:00,3425.00,3426.75,3424.95,3426.75,2625,2935800
EICHERMOT_F1,11/25/2022,13:54:00,3426.75,3426.75,3424.00,3424.00,3850,2932475
EICHERMOT_F1,11/25/2022,13:55:00,3425.00,3429.00,3425.00,3428.95,7525,2932475
EICHERMOT_F1,11/25/2022,13:56:00,3429.70,3431.10,3429.00,3429.00,6125,2932475
EICHERMOT_F1,11/25/2022,13:57:00,3429.00,3429.50,3426.95,3426.95,1925,2927750
EICHERMOT_F1,11/25/2022,13:58:00,3425.05,3425.75,3423.30,3425.00,3325,2927750
EICHERMOT_F1,11/25/2022,13:59:00,3425.75,3426.45,3424.40,3426.45,1575,2927750
EICHERMOT_F1,11/25/2022,14:00:00,3426.45,3429.00,3426.45,3429.00,3325,2925475
EICHERMOT_F1,11/25/2022,14:01:00,3430.00,3430.35,3429.00,3429.65,4025,2925475
EICHERMOT_F1,11/25/2022,14:02:00,3431.00,3431.95,3430.00,3431.15,2450,2925475
EICHERMOT_F1,11/25/2022,14:03:00,3430.60,3430.60,3428.00,3429.65,1225,2924950
EICHERMOT_F1,11/25/2022,14:04:00,3429.75,3429.75,3428.00,3428.00,700,2924950
EICHERMOT_F1,11/25/2022,14:05:00,3429.75,3430.40,3429.75,3430.40,700,2924950
EICHERMOT_F1,11/25/2022,14:06:00,3430.55,3431.45,3429.40,3430.55,700,2923025
EICHERMOT_F1,11/25/2022,14:07:00,3431.60,3435.00,3431.60,3435.00,2450,2923025
EICHERMOT_F1,11/25/2022,14:08:00,3435.00,3437.55,3435.00,3437.00,4900,2923025
EICHERMOT_F1,11/25/2022,14:09:00,3437.00,3438.90,3435.05,3435.05,10850,2923900
EICHERMOT_F1,11/25/2022,14:10:00,3435.05,3438.00,3435.05,3438.00,1575,2923900
EICHERMOT_F1,11/25/2022,14:11:00,3435.85,3435.85,3434.00,3434.00,1575,2923900
EICHERMOT_F1,11/25/2022,14:12:00,3433.00,3433.00,3427.95,3429.10,3675,2929500
EICHERMOT_F1,11/25/2022,14:13:00,3433.00,3434.00,3433.00,3434.00,875,2929500
EICHERMOT_F1,11/25/2022,14:14:00,3435.60,3436.15,3435.00,3436.15,1750,2929500
EICHERMOT_F1,11/25/2022,14:15:00,3436.40,3438.55,3435.90,3438.55,4200,2928975
EICHERMOT_F1,11/25/2022,14:16:00,3439.55,3439.90,3436.10,3436.10,3675,2928975
EICHERMOT_F1,11/25/2022,14:17:00,3436.10,3436.45,3435.00,3435.20,2275,2928975
EICHERMOT_F1,11/25/2022,14:18:00,3435.45,3435.45,3432.60,3434.95,2450,2926700
EICHERMOT_F1,11/25/2022,14:19:00,3433.75,3435.50,3433.75,3435.50,700,2926700
EICHERMOT_F1,11/25/2022,14:20:00,3434.95,3438.30,3434.95,3438.30,1225,2926700
EICHERMOT_F1,11/25/2022,14:21:00,3438.35,3439.00,3434.40,3434.40,1575,2926175
EICHERMOT_F1,11/25/2022,14:22:00,3434.30,3434.80,3432.40,3432.40,700,2926175
EICHERMOT_F1,11/25/2022,14:23:00,3433.95,3434.90,3433.95,3434.00,525,2926175
EICHERMOT_F1,11/25/2022,14:24:00,3433.90,3433.90,3431.90,3431.90,1750,2924600
EICHERMOT_F1,11/25/2022,14:25:00,3432.20,3432.20,3431.25,3431.95,1225,2924600
EICHERMOT_F1,11/25/2022,14:26:00,3433.50,3433.50,3432.55,3432.55,525,2924600
EICHERMOT_F1,11/25/2022,14:27:00,3432.90,3436.40,3432.90,3436.40,1400,2923725
EICHERMOT_F1,11/25/2022,14:28:00,3436.40,3436.40,3436.40,3436.40,350,2923725
EICHERMOT_F1,11/25/2022,14:29:00,3436.00,3439.00,3436.00,3438.45,1575,2923725
EICHERMOT_F1,11/25/2022,14:30:00,3438.00,3438.00,3437.50,3438.00,2625,2923200
EICHERMOT_F1,11/25/2022,14:31:00,3438.25,3440.00,3437.85,3437.85,3150,2923200
EICHERMOT_F1,11/25/2022,14:32:00,3438.50,3438.50,3437.30,3437.30,700,2923200
EICHERMOT_F1,11/25/2022,14:33:00,3436.90,3438.45,3436.90,3437.50,525,2923725
EICHERMOT_F1,11/25/2022,14:34:00,3436.50,3437.80,3436.50,3437.80,700,2923725
EICHERMOT_F1,11/25/2022,14:35:00,3438.00,3441.95,3437.45,3439.00,4375,2923725
EICHERMOT_F1,11/25/2022,14:36:00,3438.55,3439.40,3438.00,3438.95,1225,2922675
EICHERMOT_F1,11/25/2022,14:37:00,3439.75,3441.00,3439.05,3441.00,2100,2922675
EICHERMOT_F1,11/25/2022,14:38:00,3440.75,3440.75,3440.00,3440.00,1750,2922675
EICHERMOT_F1,11/25/2022,14:39:00,3440.85,3444.00,3439.75,3444.00,3850,2921100
EICHERMOT_F1,11/25/2022,14:40:00,3443.05,3443.70,3443.00,3443.45,3150,2921100
EICHERMOT_F1,11/25/2022,14:41:00,3443.55,3443.55,3439.85,3441.00,2975,2921100
EICHERMOT_F1,11/25/2022,14:42:00,3439.30,3439.30,3437.50,3439.00,1750,2920225
EICHERMOT_F1,11/25/2022,14:43:00,3439.00,3439.20,3438.10,3438.10,1050,2920225
EICHERMOT_F1,11/25/2022,14:44:00,3438.25,3438.35,3436.80,3436.80,2800,2920225
EICHERMOT_F1,11/25/2022,14:45:00,3436.65,3436.65,3434.70,3434.70,4550,2918475
EICHERMOT_F1,11/25/2022,14:46:00,3436.00,3436.95,3436.00,3436.95,350,2918475
EICHERMOT_F1,11/25/2022,14:47:00,3436.15,3438.00,3436.15,3438.00,700,2918475
EICHERMOT_F1,11/25/2022,14:48:00,3437.80,3437.80,3437.80,3437.80,175,2918475
EICHERMOT_F1,11/25/2022,14:49:00,3439.75,3441.45,3439.10,3440.00,3150,2917950
EICHERMOT_F1,11/25/2022,14:50:00,3439.00,3440.00,3439.00,3440.00,700,2917950
EICHERMOT_F1,11/25/2022,14:51:00,3441.00,3441.00,3437.15,3437.95,2100,2916900
EICHERMOT_F1,11/25/2022,14:52:00,3437.60,3438.75,3435.60,3435.65,2800,2916900
EICHERMOT_F1,11/25/2022,14:53:00,3436.65,3437.15,3430.95,3431.25,6825,2916900
EICHERMOT_F1,11/25/2022,14:54:00,3432.05,3434.95,3431.20,3434.65,1925,2914275
EICHERMOT_F1,11/25/2022,14:55:00,3434.95,3436.75,3434.85,3434.85,2800,2914275
EICHERMOT_F1,11/25/2022,14:56:00,3433.25,3433.25,3433.25,3433.25,350,2914275
EICHERMOT_F1,11/25/2022,14:57:00,3434.15,3437.00,3434.15,3437.00,3325,2913050
EICHERMOT_F1,11/25/2022,14:58:00,3438.90,3438.90,3434.95,3438.15,3325,2913050
EICHERMOT_F1,11/25/2022,14:59:00,3437.85,3437.85,3437.50,3437.50,350,2913050
EICHERMOT_F1,11/25/2022,15:00:00,3436.35,3439.05,3435.75,3436.75,4200,2911650
EICHERMOT_F1,11/25/2022,15:01:00,3436.50,3439.00,3436.50,3438.35,2800,2911650
EICHERMOT_F1,11/25/2022,15:02:00,3438.65,3440.00,3436.40,3437.70,5075,2911650
EICHERMOT_F1,11/25/2022,15:03:00,3437.90,3439.30,3436.05,3439.25,2450,2909550
EICHERMOT_F1,11/25/2022,15:04:00,3438.55,3439.30,3437.45,3439.30,1225,2909550
EICHERMOT_F1,11/25/2022,15:05:00,3437.55,3439.20,3436.45,3438.15,2275,2909550
EICHERMOT_F1,11/25/2022,15:06:00,3439.25,3439.80,3437.30,3439.20,2450,2909550
EICHERMOT_F1,11/25/2022,15:07:00,3439.25,3440.00,3438.00,3438.00,2450,2909550
EICHERMOT_F1,11/25/2022,15:08:00,3438.00,3439.05,3435.80,3438.45,3150,2909550
EICHERMOT_F1,11/25/2022,15:09:00,3437.70,3437.70,3435.50,3436.10,1400,2909200
EICHERMOT_F1,11/25/2022,15:10:00,3436.70,3438.15,3435.90,3438.15,2800,2909200
EICHERMOT_F1,11/25/2022,15:11:00,3435.85,3438.15,3435.85,3438.15,2275,2909200
EICHERMOT_F1,11/25/2022,15:12:00,3438.25,3439.20,3436.10,3439.00,4550,2911125
EICHERMOT_F1,11/25/2022,15:13:00,3439.00,3440.10,3439.00,3440.10,3325,2911125
EICHERMOT_F1,11/25/2022,15:14:00,3440.25,3440.65,3437.35,3439.95,4725,2911125
EICHERMOT_F1,11/25/2022,15:15:00,3440.45,3440.55,3436.85,3437.70,7175,2907975
EICHERMOT_F1,11/25/2022,15:16:00,3437.05,3438.60,3434.65,3434.65,5250,2907975
EICHERMOT_F1,11/25/2022,15:17:00,3434.00,3434.55,3433.95,3434.55,4550,2907975
EICHERMOT_F1,11/25/2022,15:18:00,3434.30,3435.80,3433.00,3433.25,3500,2907800
EICHERMOT_F1,11/25/2022,15:19:00,3433.95,3435.10,3433.15,3433.20,6300,2907800
EICHERMOT_F1,11/25/2022,15:20:00,3434.10,3434.90,3431.70,3432.00,4725,2907800
EICHERMOT_F1,11/25/2022,15:21:00,3431.95,3431.95,3430.15,3430.45,3150,2908150
EICHERMOT_F1,11/25/2022,15:22:00,3430.15,3431.85,3428.30,3429.00,5775,2908150
EICHERMOT_F1,11/25/2022,15:23:00,3427.50,3429.20,3427.10,3428.10,3325,2908150
EICHERMOT_F1,11/25/2022,15:24:00,3429.00,3433.95,3429.00,3433.95,3850,2908675
EICHERMOT_F1,11/25/2022,15:25:00,3433.95,3437.00,3433.80,3436.85,6125,2908675
EICHERMOT_F1,11/25/2022,15:26:00,3436.10,3436.10,3431.95,3431.95,3325,2908675
EICHERMOT_F1,11/25/2022,15:27:00,3434.15,3435.35,3433.15,3433.85,2975,2905700
EICHERMOT_F1,11/25/2022,15:28:00,3432.70,3434.90,3431.65,3431.65,4550,2905700
EICHERMOT_F1,11/25/2022,15:29:00,3433.85,3434.70,3431.15,3431.95,3325,2905700
EICHERMOT_F1,11/28/2022,09:15:00,3431.55,3440.35,3419.95,3434.40,5776,2892225
EICHERMOT_F1,11/28/2022,09:16:00,3438.00,3446.05,3438.00,3446.05,5775,2892225
EICHERMOT_F1,11/28/2022,09:17:00,3441.35,3446.95,3439.75,3445.00,8225,2894150
EICHERMOT_F1,11/28/2022,09:18:00,3444.95,3445.00,3440.55,3441.70,3850,2894150
EICHERMOT_F1,11/28/2022,09:19:00,3444.00,3452.70,3444.00,3452.70,8750,2894150
EICHERMOT_F1,11/28/2022,09:20:00,3452.00,3455.90,3450.50,3455.90,6650,2897825
EICHERMOT_F1,11/28/2022,09:21:00,3456.65,3458.95,3452.25,3455.00,8225,2897825
EICHERMOT_F1,11/28/2022,09:22:00,3455.00,3457.60,3452.75,3457.60,4025,2897825
EICHERMOT_F1,11/28/2022,09:23:00,3457.50,3459.40,3457.00,3458.75,4375,2899575
EICHERMOT_F1,11/28/2022,09:24:00,3458.75,3459.40,3452.40,3458.00,2975,2899575
EICHERMOT_F1,11/28/2022,09:25:00,3459.75,3465.85,3459.30,3463.90,18375,2899575
EICHERMOT_F1,11/28/2022,09:26:00,3463.00,3463.00,3454.35,3454.35,10325,2892050
EICHERMOT_F1,11/28/2022,09:27:00,3456.00,3457.85,3450.00,3453.55,15575,2892050
EICHERMOT_F1,11/28/2022,09:28:00,3453.55,3455.00,3450.70,3454.00,22400,2892050
EICHERMOT_F1,11/28/2022,09:29:00,3453.05,3454.85,3450.15,3454.75,18025,2918650
EICHERMOT_F1,11/28/2022,09:30:00,3454.90,3463.55,3454.90,3461.75,9800,2918650
EICHERMOT_F1,11/28/2022,09:31:00,3460.05,3463.20,3460.00,3462.00,5425,2918650
EICHERMOT_F1,11/28/2022,09:32:00,3462.15,3465.00,3462.00,3464.30,7000,2928975
EICHERMOT_F1,11/28/2022,09:33:00,3464.40,3464.40,3458.00,3460.00,5250,2928975
EICHERMOT_F1,11/28/2022,09:34:00,3459.75,3465.50,3459.75,3461.30,7700,2928975
EICHERMOT_F1,11/28/2022,09:35:00,3459.75,3459.75,3452.10,3453.70,4200,2932125
EICHERMOT_F1,11/28/2022,09:36:00,3454.00,3454.00,3451.45,3451.90,3150,2932125
EICHERMOT_F1,11/28/2022,09:37:00,3452.80,3452.90,3450.50,3451.40,4725,2932125
EICHERMOT_F1,11/28/2022,09:38:00,3451.10,3454.60,3446.00,3448.60,12950,2931425
EICHERMOT_F1,11/28/2022,09:39:00,3449.45,3452.90,3448.30,3452.90,2275,2931425
EICHERMOT_F1,11/28/2022,09:40:00,3452.90,3452.90,3450.00,3450.00,1925,2931425
EICHERMOT_F1,11/28/2022,09:41:00,3452.55,3452.55,3449.00,3449.45,1750,2935100
EICHERMOT_F1,11/28/2022,09:42:00,3451.00,3453.50,3451.00,3453.50,1400,2935100
EICHERMOT_F1,11/28/2022,09:43:00,3454.05,3454.05,3452.75,3452.75,1575,2935100
EICHERMOT_F1,11/28/2022,09:44:00,3455.00,3455.85,3455.00,3455.00,1750,2933700
EICHERMOT_F1,11/28/2022,09:45:00,3454.95,3458.70,3454.95,3456.35,4025,2933700
EICHERMOT_F1,11/28/2022,09:46:00,3456.80,3456.80,3455.35,3455.35,1050,2933700
EICHERMOT_F1,11/28/2022,09:47:00,3458.00,3460.00,3454.50,3454.50,3500,2935975
EICHERMOT_F1,11/28/2022,09:48:00,3454.00,3455.90,3452.60,3454.20,2100,2935975
EICHERMOT_F1,11/28/2022,09:49:00,3454.35,3454.35,3454.35,3454.35,175,2935975
EICHERMOT_F1,11/28/2022,09:50:00,3452.85,3452.90,3452.10,3452.10,875,2937025
EICHERMOT_F1,11/28/2022,09:51:00,3452.90,3455.95,3452.90,3455.95,875,2937025
EICHERMOT_F1,11/28/2022,09:52:00,3455.00,3455.00,3455.00,3455.00,175,2937025
EICHERMOT_F1,11/28/2022,09:53:00,3455.00,3457.00,3455.00,3455.55,875,2937550
EICHERMOT_F1,11/28/2022,09:54:00,3455.95,3455.95,3454.65,3454.65,525,2937550
EICHERMOT_F1,11/28/2022,09:55:00,3455.60,3456.00,3455.60,3456.00,525,2937550
EICHERMOT_F1,11/28/2022,09:56:00,3457.00,3457.00,3456.95,3456.95,700,2936675
EICHERMOT_F1,11/28/2022,09:57:00,3458.00,3458.00,3456.00,3456.00,875,2936675
EICHERMOT_F1,11/28/2022,09:58:00,3456.50,3458.00,3456.50,3458.00,525,2936675
EICHERMOT_F1,11/28/2022,09:59:00,3456.50,3460.00,3456.50,3460.00,4025,2936325
EICHERMOT_F1,11/28/2022,10:00:00,3460.00,3462.80,3460.00,3462.80,2100,2936325
EICHERMOT_F1,11/28/2022,10:01:00,3461.00,3461.00,3459.80,3459.80,525,2936325
EICHERMOT_F1,11/28/2022,10:02:00,3456.65,3457.80,3456.65,3457.80,700,2936500
EICHERMOT_F1,11/28/2022,10:03:00,3455.50,3455.80,3455.30,3455.30,1225,2936500
EICHERMOT_F1,11/28/2022,10:04:00,3458.25,3458.25,3458.25,3458.25,875,2936500
EICHERMOT_F1,11/28/2022,10:05:00,3458.00,3458.00,3457.90,3457.90,350,2936850
EICHERMOT_F1,11/28/2022,10:06:00,3457.10,3457.10,3457.10,3457.10,175,2936850
EICHERMOT_F1,11/28/2022,10:07:00,3457.00,3457.85,3457.00,3457.85,875,2936850
EICHERMOT_F1,11/28/2022,10:08:00,3456.90,3456.90,3456.90,3456.90,175,2936675
EICHERMOT_F1,11/28/2022,10:09:00,3456.70,3456.70,3454.70,3455.05,1225,2936675
EICHERMOT_F1,11/28/2022,10:10:00,3455.05,3455.25,3454.25,3455.25,1050,2936675
EICHERMOT_F1,11/28/2022,10:11:00,3455.25,3455.25,3453.35,3454.85,875,2936675
EICHERMOT_F1,11/28/2022,10:12:00,3456.15,3456.75,3456.15,3456.75,350,2936675
EICHERMOT_F1,11/28/2022,10:13:00,3457.15,3457.25,3457.15,3457.25,875,2936675
EICHERMOT_F1,11/28/2022,10:14:00,3457.95,3457.95,3456.75,3456.75,350,2936850
EICHERMOT_F1,11/28/2022,10:16:00,3458.95,3458.95,3457.75,3457.75,525,2936850
EICHERMOT_F1,11/28/2022,10:17:00,3457.65,3457.65,3454.80,3454.80,1225,2937200
EICHERMOT_F1,11/28/2022,10:18:00,3455.15,3455.15,3455.00,3455.00,350,2937200
EICHERMOT_F1,11/28/2022,10:19:00,3455.00,3455.00,3455.00,3455.00,175,2937200
EICHERMOT_F1,11/28/2022,10:20:00,3455.10,3455.10,3453.90,3453.90,350,2936850
EICHERMOT_F1,11/28/2022,10:21:00,3453.45,3455.00,3453.15,3453.15,6125,2936850
EICHERMOT_F1,11/28/2022,10:22:00,3453.05,3453.05,3453.00,3453.00,525,2936850
EICHERMOT_F1,11/28/2022,10:23:00,3456.45,3459.60,3456.45,3459.60,1400,2936850
EICHERMOT_F1,11/28/2022,10:24:00,3461.00,3461.00,3461.00,3461.00,175,2939300
EICHERMOT_F1,11/28/2022,10:25:00,3458.85,3458.85,3458.85,3458.85,175,2939300
EICHERMOT_F1,11/28/2022,10:26:00,3458.05,3458.05,3457.95,3457.95,700,2939300
EICHERMOT_F1,11/28/2022,10:28:00,3457.75,3457.75,3457.75,3457.75,175,2939650
EICHERMOT_F1,11/28/2022,10:29:00,3458.95,3458.95,3458.50,3458.50,525,2939650
EICHERMOT_F1,11/28/2022,10:30:00,3460.30,3460.30,3457.75,3458.55,1575,2939650
EICHERMOT_F1,11/28/2022,10:32:00,3457.00,3457.00,3457.00,3457.00,875,2939825
EICHERMOT_F1,11/28/2022,10:33:00,3457.00,3457.00,3457.00,3457.00,175,2939825
EICHERMOT_F1,11/28/2022,10:35:00,3457.10,3457.55,3457.10,3457.55,350,2939300
EICHERMOT_F1,11/28/2022,10:36:00,3457.50,3457.50,3457.50,3457.50,350,2939300
EICHERMOT_F1,11/28/2022,10:37:00,3457.50,3458.40,3457.50,3458.40,1225,2939300
EICHERMOT_F1,11/28/2022,10:40:00,3457.60,3457.60,3457.60,3457.60,700,2938600
EICHERMOT_F1,11/28/2022,10:42:00,3457.60,3457.60,3456.75,3456.75,700,2938775
EICHERMOT_F1,11/28/2022,10:43:00,3457.05,3457.05,3457.05,3457.05,350,2938775
EICHERMOT_F1,11/28/2022,10:44:00,3457.90,3457.90,3456.45,3457.15,1400,2938775
EICHERMOT_F1,11/28/2022,10:45:00,3458.55,3458.55,3458.55,3458.55,875,2938075
EICHERMOT_F1,11/28/2022,10:46:00,3457.05,3457.05,3456.50,3456.50,525,2938075
EICHERMOT_F1,11/28/2022,10:47:00,3455.60,3459.45,3455.60,3459.45,1925,2936850
EICHERMOT_F1,11/28/2022,10:48:00,3458.35,3459.95,3456.55,3459.95,875,2936850
EICHERMOT_F1,11/28/2022,10:49:00,3457.90,3457.90,3457.10,3457.10,700,2936850
EICHERMOT_F1,11/28/2022,10:50:00,3456.85,3456.85,3456.85,3456.85,175,2936850
EICHERMOT_F1,11/28/2022,10:52:00,3457.50,3457.50,3455.05,3455.05,700,2936150
EICHERMOT_F1,11/28/2022,10:53:00,3456.00,3456.00,3455.00,3455.05,1050,2935625
EICHERMOT_F1,11/28/2022,10:55:00,3454.80,3454.80,3454.80,3454.80,175,2935625
EICHERMOT_F1,11/28/2022,10:56:00,3454.45,3454.45,3454.45,3454.45,1050,2935975
EICHERMOT_F1,11/28/2022,10:57:00,3453.85,3453.85,3453.30,3453.30,525,2935975
EICHERMOT_F1,11/28/2022,10:58:00,3453.00,3453.40,3451.85,3452.45,2100,2935975
EICHERMOT_F1,11/28/2022,10:59:00,3453.95,3453.95,3453.00,3453.00,1925,2935975
EICHERMOT_F1,11/28/2022,11:00:00,3453.00,3455.20,3453.00,3455.20,525,2934225
EICHERMOT_F1,11/28/2022,11:01:00,3453.00,3453.85,3452.30,3453.85,1750,2934225
EICHERMOT_F1,11/28/2022,11:04:00,3452.95,3453.00,3452.95,3453.00,350,2933175
EICHERMOT_F1,11/28/2022,11:06:00,3452.55,3453.00,3452.55,3453.00,350,2933000
EICHERMOT_F1,11/28/2022,11:07:00,3453.40,3453.40,3453.40,3453.40,175,2933000
EICHERMOT_F1,11/28/2022,11:08:00,3453.95,3453.95,3453.95,3453.95,350,2933000
EICHERMOT_F1,11/28/2022,11:09:00,3454.15,3455.55,3454.15,3455.55,1925,2932125
EICHERMOT_F1,11/28/2022,11:10:00,3455.95,3455.95,3455.95,3455.95,175,2932125
EICHERMOT_F1,11/28/2022,11:11:00,3456.25,3456.25,3455.35,3455.35,875,2931075
EICHERMOT_F1,11/28/2022,11:13:00,3458.25,3459.05,3458.25,3459.05,700,2931075
EICHERMOT_F1,11/28/2022,11:14:00,3458.95,3458.95,3458.90,3458.90,875,2931075
EICHERMOT_F1,11/28/2022,11:15:00,3458.80,3458.90,3458.80,3458.90,350,2931600
EICHERMOT_F1,11/28/2022,11:20:00,3458.05,3458.05,3458.05,3458.05,175,2931425
EICHERMOT_F1,11/28/2022,11:21:00,3458.00,3458.55,3458.00,3458.55,350,2931425
EICHERMOT_F1,11/28/2022,11:22:00,3458.90,3458.90,3458.90,3458.90,350,2931425
EICHERMOT_F1,11/28/2022,11:23:00,3459.10,3459.15,3459.10,3459.15,525,2931425
EICHERMOT_F1,11/28/2022,11:25:00,3459.50,3459.85,3459.50,3459.85,350,2930550
EICHERMOT_F1,11/28/2022,11:26:00,3460.85,3461.20,3459.75,3460.55,4725,2931075
EICHERMOT_F1,11/28/2022,11:27:00,3458.90,3458.90,3457.50,3458.90,1400,2931075
EICHERMOT_F1,11/28/2022,11:28:00,3461.95,3465.00,3461.95,3463.15,4725,2931075
EICHERMOT_F1,11/28/2022,11:29:00,3461.85,3461.85,3461.80,3461.80,350,2930550
EICHERMOT_F1,11/28/2022,11:31:00,3461.75,3463.10,3461.75,3463.10,1225,2930550
EICHERMOT_F1,11/28/2022,11:32:00,3463.10,3463.10,3461.00,3461.00,350,2930550
EICHERMOT_F1,11/28/2022,11:33:00,3459.95,3462.20,3459.95,3462.20,350,2931075
EICHERMOT_F1,11/28/2022,11:34:00,3462.20,3462.60,3461.10,3461.10,1225,2931075
EICHERMOT_F1,11/28/2022,11:35:00,3462.55,3462.55,3462.55,3462.55,350,2931075
EICHERMOT_F1,11/28/2022,11:36:00,3461.00,3461.30,3461.00,3461.30,700,2931075
EICHERMOT_F1,11/28/2022,11:37:00,3459.25,3459.70,3459.25,3459.50,875,2931075
EICHERMOT_F1,11/28/2022,11:38:00,3460.75,3460.75,3460.75,3460.75,175,2931075
EICHERMOT_F1,11/28/2022,11:39:00,3460.05,3460.05,3457.30,3457.30,875,2930900
EICHERMOT_F1,11/28/2022,11:40:00,3457.30,3457.30,3457.00,3457.00,1050,2930900
EICHERMOT_F1,11/28/2022,11:41:00,3456.75,3456.75,3456.75,3456.75,175,2930900
EICHERMOT_F1,11/28/2022,11:42:00,3458.45,3458.45,3456.70,3456.70,700,2930375
EICHERMOT_F1,11/28/2022,11:43:00,3458.00,3458.00,3458.00,3458.00,175,2930375
EICHERMOT_F1,11/28/2022,11:45:00,3457.00,3457.00,3457.00,3457.00,175,2929850
EICHERMOT_F1,11/28/2022,11:46:00,3455.35,3455.35,3455.35,3455.35,350,2929850
EICHERMOT_F1,11/28/2022,11:47:00,3454.60,3455.35,3454.20,3455.35,875,2929325
EICHERMOT_F1,11/28/2022,11:48:00,3455.00,3455.95,3455.00,3455.95,700,2929325
EICHERMOT_F1,11/28/2022,11:49:00,3455.70,3455.70,3452.30,3453.45,700,2929325
EICHERMOT_F1,11/28/2022,11:50:00,3452.20,3452.20,3451.50,3451.50,525,2929325
EICHERMOT_F1,11/28/2022,11:51:00,3452.05,3452.05,3446.60,3446.60,3500,2928975
EICHERMOT_F1,11/28/2022,11:52:00,3446.55,3448.45,3441.05,3441.05,10150,2928975
EICHERMOT_F1,11/28/2022,11:53:00,3442.00,3444.75,3442.00,3444.75,1050,2928975
EICHERMOT_F1,11/28/2022,11:54:00,3443.50,3443.50,3442.00,3442.00,525,2927750
EICHERMOT_F1,11/28/2022,11:55:00,3440.95,3443.00,3440.95,3443.00,1050,2927750
EICHERMOT_F1,11/28/2022,11:56:00,3442.75,3444.25,3442.75,3444.25,525,2927750
EICHERMOT_F1,11/28/2022,11:57:00,3445.00,3446.15,3445.00,3446.15,875,2927575
EICHERMOT_F1,11/28/2022,11:58:00,3446.35,3446.35,3446.35,3446.35,175,2927575
EICHERMOT_F1,11/28/2022,11:59:00,3447.45,3447.45,3447.45,3447.45,350,2927575
EICHERMOT_F1,11/28/2022,12:01:00,3447.75,3447.75,3446.10,3446.10,700,2927925
EICHERMOT_F1,11/28/2022,12:02:00,3445.05,3445.05,3445.00,3445.00,350,2927925
EICHERMOT_F1,11/28/2022,12:03:00,3446.00,3446.00,3445.25,3445.25,525,2927750
EICHERMOT_F1,11/28/2022,12:04:00,3444.80,3444.80,3444.20,3444.20,350,2927750
EICHERMOT_F1,11/28/2022,12:05:00,3443.70,3444.30,3443.70,3444.30,350,2927750
EICHERMOT_F1,11/28/2022,12:06:00,3443.85,3443.85,3443.85,3443.85,700,2928275
EICHERMOT_F1,11/28/2022,12:07:00,3445.05,3445.05,3445.05,3445.05,175,2928275
EICHERMOT_F1,11/28/2022,12:08:00,3445.65,3446.50,3445.65,3446.50,350,2928275
EICHERMOT_F1,11/28/2022,12:09:00,3446.50,3446.50,3445.00,3445.00,350,2928275
EICHERMOT_F1,11/28/2022,12:11:00,3444.80,3445.80,3444.80,3445.80,525,2928275
EICHERMOT_F1,11/28/2022,12:12:00,3444.30,3444.30,3444.30,3444.30,175,2928450
EICHERMOT_F1,11/28/2022,12:13:00,3443.55,3443.55,3443.55,3443.55,175,2928450
EICHERMOT_F1,11/28/2022,12:14:00,3445.05,3445.05,3445.05,3445.05,175,2928450
EICHERMOT_F1,11/28/2022,12:16:00,3445.50,3445.50,3445.05,3445.05,525,2928625
EICHERMOT_F1,11/28/2022,12:17:00,3443.20,3443.20,3441.95,3441.95,700,2928625
EICHERMOT_F1,11/28/2022,12:18:00,3441.40,3441.40,3435.85,3435.85,5775,2929500
EICHERMOT_F1,11/28/2022,12:19:00,3436.75,3440.00,3436.75,3437.80,875,2929500
EICHERMOT_F1,11/28/2022,12:20:00,3437.80,3441.00,3437.80,3441.00,5075,2929500
EICHERMOT_F1,11/28/2022,12:21:00,3440.20,3440.20,3440.20,3440.20,175,2935100
EICHERMOT_F1,11/28/2022,12:22:00,3439.15,3439.80,3437.70,3439.70,700,2935100
EICHERMOT_F1,11/28/2022,12:23:00,3440.20,3445.40,3440.20,3445.20,7700,2935100
EICHERMOT_F1,11/28/2022,12:24:00,3442.45,3442.45,3442.45,3442.45,175,2935975
EICHERMOT_F1,11/28/2022,12:25:00,3442.75,3442.75,3442.75,3442.75,175,2935975
EICHERMOT_F1,11/28/2022,12:26:00,3443.80,3444.95,3443.80,3444.95,350,2935975
EICHERMOT_F1,11/28/2022,12:27:00,3445.00,3445.00,3445.00,3445.00,350,2936325
EICHERMOT_F1,11/28/2022,12:29:00,3445.95,3445.95,3444.80,3444.80,525,2936325
EICHERMOT_F1,11/28/2022,12:30:00,3444.60,3444.60,3444.60,3444.60,175,2936325
EICHERMOT_F1,11/28/2022,12:31:00,3444.65,3444.65,3444.60,3444.60,525,2935975
EICHERMOT_F1,11/28/2022,12:33:00,3443.75,3443.75,3443.75,3443.75,350,2936150
EICHERMOT_F1,11/28/2022,12:34:00,3443.95,3443.95,3443.95,3443.95,350,2936150
EICHERMOT_F1,11/28/2022,12:35:00,3443.95,3443.95,3443.95,3443.95,175,2936150
EICHERMOT_F1,11/28/2022,12:36:00,3442.55,3442.55,3442.55,3442.55,175,2936150
EICHERMOT_F1,11/28/2022,12:37:00,3442.55,3442.55,3442.55,3442.55,175,2936850
EICHERMOT_F1,11/28/2022,12:38:00,3442.15,3442.15,3442.15,3442.15,350,2936850
EICHERMOT_F1,11/28/2022,12:39:00,3440.00,3440.15,3440.00,3440.00,1750,2937200
EICHERMOT_F1,11/28/2022,12:40:00,3438.00,3439.30,3438.00,3439.00,525,2937200
EICHERMOT_F1,11/28/2022,12:41:00,3437.55,3438.70,3437.00,3438.70,1225,2937200
EICHERMOT_F1,11/28/2022,12:42:00,3436.35,3436.35,3436.35,3436.35,1050,2937200
EICHERMOT_F1,11/28/2022,12:43:00,3436.55,3436.55,3436.55,3436.55,175,2937725
EICHERMOT_F1,11/28/2022,12:44:00,3436.45,3436.45,3435.05,3435.05,525,2937725
EICHERMOT_F1,11/28/2022,12:45:00,3435.55,3435.55,3435.55,3435.55,350,2937725
EICHERMOT_F1,11/28/2022,12:46:00,3437.00,3437.00,3436.00,3436.00,700,2937550
EICHERMOT_F1,11/28/2022,12:47:00,3436.05,3439.45,3436.05,3439.45,700,2937550
EICHERMOT_F1,11/28/2022,12:48:00,3440.90,3441.00,3440.90,3441.00,350,2937200
EICHERMOT_F1,11/28/2022,12:49:00,3441.00,3441.00,3441.00,3441.00,175,2937200
EICHERMOT_F1,11/28/2022,12:52:00,3441.50,3441.50,3441.50,3441.50,350,2937200
EICHERMOT_F1,11/28/2022,12:53:00,3441.55,3443.80,3441.55,3442.25,1225,2937200
EICHERMOT_F1,11/28/2022,12:54:00,3441.50,3441.50,3441.00,3441.00,525,2938250
EICHERMOT_F1,11/28/2022,12:56:00,3442.10,3443.00,3442.10,3443.00,875,2938250
EICHERMOT_F1,11/28/2022,12:57:00,3442.05,3442.05,3442.05,3442.05,875,2938250
EICHERMOT_F1,11/28/2022,12:58:00,3445.00,3448.05,3445.00,3448.05,1400,2938250
EICHERMOT_F1,11/28/2022,12:59:00,3448.00,3448.00,3447.65,3447.65,350,2938250
EICHERMOT_F1,11/28/2022,13:00:00,3448.85,3451.60,3448.85,3451.60,1050,2937200
EICHERMOT_F1,11/28/2022,13:02:00,3450.00,3450.00,3449.00,3449.00,525,2937200
EICHERMOT_F1,11/28/2022,13:05:00,3449.70,3451.20,3447.70,3447.70,1575,2936850
EICHERMOT_F1,11/28/2022,13:06:00,3450.30,3450.30,3450.00,3450.00,525,2937025
EICHERMOT_F1,11/28/2022,13:07:00,3449.65,3449.65,3449.65,3449.65,175,2937025
EICHERMOT_F1,11/28/2022,13:08:00,3448.15,3448.85,3448.15,3448.85,350,2937025
EICHERMOT_F1,11/28/2022,13:09:00,3450.10,3450.10,3450.10,3450.10,175,2937375
EICHERMOT_F1,11/28/2022,13:10:00,3450.10,3452.00,3450.10,3452.00,1925,2937375
EICHERMOT_F1,11/28/2022,13:11:00,3452.00,3453.10,3452.00,3453.10,1400,2937375
EICHERMOT_F1,11/28/2022,13:12:00,3453.50,3454.15,3453.50,3454.15,700,2938775
EICHERMOT_F1,11/28/2022,13:13:00,3452.80,3452.80,3452.80,3452.80,525,2938775
EICHERMOT_F1,11/28/2022,13:14:00,3453.70,3453.70,3453.00,3453.70,525,2938775
EICHERMOT_F1,11/28/2022,13:15:00,3453.65,3455.00,3453.65,3455.00,3850,2938950
EICHERMOT_F1,11/28/2022,13:16:00,3457.00,3459.20,3457.00,3457.45,11725,2938950
EICHERMOT_F1,11/28/2022,13:17:00,3458.00,3460.00,3457.95,3459.00,10500,2938950
EICHERMOT_F1,11/28/2022,13:18:00,3458.40,3458.40,3453.00,3453.00,3325,2949975
EICHERMOT_F1,11/28/2022,13:20:00,3450.85,3450.85,3450.80,3450.80,350,2949975
EICHERMOT_F1,11/28/2022,13:21:00,3450.80,3450.80,3448.00,3448.00,1400,2951375
EICHERMOT_F1,11/28/2022,13:22:00,3449.00,3451.85,3448.90,3448.90,1575,2951375
EICHERMOT_F1,11/28/2022,13:23:00,3452.05,3452.05,3451.00,3451.00,350,2951375
EICHERMOT_F1,11/28/2022,13:24:00,3451.30,3451.65,3451.30,3451.65,1225,2949800
EICHERMOT_F1,11/28/2022,13:25:00,3451.65,3451.65,3451.65,3451.65,525,2949800
EICHERMOT_F1,11/28/2022,13:26:00,3453.10,3453.10,3453.10,3453.10,175,2949800
EICHERMOT_F1,11/28/2022,13:27:00,3451.25,3451.25,3451.25,3451.25,175,2949450
EICHERMOT_F1,11/28/2022,13:28:00,3451.25,3451.25,3450.35,3450.35,350,2949450
EICHERMOT_F1,11/28/2022,13:30:00,3451.60,3451.95,3451.60,3451.95,350,2949100
EICHERMOT_F1,11/28/2022,13:31:00,3452.00,3452.00,3452.00,3452.00,525,2949100
EICHERMOT_F1,11/28/2022,13:33:00,3452.70,3453.00,3452.70,3453.00,525,2949275
EICHERMOT_F1,11/28/2022,13:34:00,3454.70,3455.00,3454.70,3455.00,1575,2949275
EICHERMOT_F1,11/28/2022,13:35:00,3455.95,3460.00,3455.95,3460.00,3150,2949275
EICHERMOT_F1,11/28/2022,13:36:00,3459.00,3459.00,3459.00,3459.00,175,2950500
EICHERMOT_F1,11/28/2022,13:37:00,3458.50,3460.40,3458.50,3458.65,2450,2950500
EICHERMOT_F1,11/28/2022,13:39:00,3457.70,3458.15,3457.70,3458.15,350,2949275
EICHERMOT_F1,11/28/2022,13:40:00,3457.40,3457.40,3457.40,3457.40,175,2949275
EICHERMOT_F1,11/28/2022,13:41:00,3458.50,3458.50,3457.50,3457.50,1050,2949275
EICHERMOT_F1,11/28/2022,13:42:00,3459.35,3459.35,3459.35,3459.35,175,2948750
EICHERMOT_F1,11/28/2022,13:43:00,3457.00,3458.05,3457.00,3458.05,700,2948750
EICHERMOT_F1,11/28/2022,13:44:00,3458.00,3458.95,3458.00,3458.95,700,2948750
EICHERMOT_F1,11/28/2022,13:45:00,3456.05,3458.95,3456.00,3458.95,1225,2948575
EICHERMOT_F1,11/28/2022,13:46:00,3458.90,3458.90,3457.55,3458.00,525,2948575
EICHERMOT_F1,11/28/2022,13:47:00,3458.80,3458.80,3458.80,3458.80,350,2948575
EICHERMOT_F1,11/28/2022,13:48:00,3458.30,3459.25,3458.30,3459.25,525,2947875
EICHERMOT_F1,11/28/2022,13:49:00,3458.35,3458.35,3458.35,3458.35,175,2947875
EICHERMOT_F1,11/28/2022,13:50:00,3459.60,3460.05,3458.10,3460.05,875,2947875
EICHERMOT_F1,11/28/2022,13:51:00,3458.15,3458.15,3458.15,3458.15,525,2948050
EICHERMOT_F1,11/28/2022,13:52:00,3458.05,3458.50,3457.10,3457.10,2275,2948050
EICHERMOT_F1,11/28/2022,13:53:00,3457.00,3457.20,3457.00,3457.20,875,2948050
EICHERMOT_F1,11/28/2022,13:54:00,3457.00,3457.00,3457.00,3457.00,175,2945950
EICHERMOT_F1,11/28/2022,13:55:00,3457.65,3457.65,3454.60,3454.60,1050,2945950
EICHERMOT_F1,11/28/2022,13:56:00,3455.50,3455.50,3454.65,3454.65,525,2945950
EICHERMOT_F1,11/28/2022,13:57:00,3454.65,3454.80,3454.65,3454.80,350,2946125
EICHERMOT_F1,11/28/2022,13:58:00,3454.85,3454.85,3454.85,3454.85,350,2946125
EICHERMOT_F1,11/28/2022,13:59:00,3455.90,3455.90,3455.90,3455.90,525,2946125
EICHERMOT_F1,11/28/2022,14:00:00,3455.90,3456.25,3455.90,3456.25,525,2945950
EICHERMOT_F1,11/28/2022,14:01:00,3456.25,3456.25,3456.25,3456.25,175,2945950
EICHERMOT_F1,11/28/2022,14:02:00,3456.20,3456.20,3454.95,3454.95,700,2945950
EICHERMOT_F1,11/28/2022,14:03:00,3453.20,3454.65,3453.20,3454.65,875,2945075
EICHERMOT_F1,11/28/2022,14:04:00,3456.80,3456.80,3456.80,3456.80,525,2945075
EICHERMOT_F1,11/28/2022,14:05:00,3453.95,3456.05,3453.95,3456.05,2625,2945075
EICHERMOT_F1,11/28/2022,14:09:00,3455.40,3456.05,3455.40,3456.05,350,2944025
EICHERMOT_F1,11/28/2022,14:10:00,3454.80,3454.80,3453.10,3454.65,525,2944025
EICHERMOT_F1,11/28/2022,14:11:00,3455.10,3455.10,3455.10,3455.10,175,2944025
EICHERMOT_F1,11/28/2022,14:12:00,3454.90,3454.90,3454.90,3454.90,175,2944025
EICHERMOT_F1,11/28/2022,14:13:00,3456.40,3456.40,3455.00,3455.00,1575,2944200
EICHERMOT_F1,11/28/2022,14:14:00,3456.80,3456.80,3456.80,3456.80,175,2944200
EICHERMOT_F1,11/28/2022,14:15:00,3455.50,3455.50,3454.85,3454.85,350,2944025
EICHERMOT_F1,11/28/2022,14:17:00,3455.00,3455.00,3455.00,3455.00,1050,2944025
EICHERMOT_F1,11/28/2022,14:18:00,3456.10,3456.10,3456.10,3456.10,350,2944025
EICHERMOT_F1,11/28/2022,14:19:00,3457.10,3457.10,3457.10,3457.10,175,2942625
EICHERMOT_F1,11/28/2022,14:20:00,3457.40,3457.40,3457.00,3457.00,525,2942625
EICHERMOT_F1,11/28/2022,14:21:00,3456.65,3458.50,3456.65,3458.50,1925,2942100
EICHERMOT_F1,11/28/2022,14:22:00,3458.95,3459.50,3458.10,3458.10,1750,2942100
EICHERMOT_F1,11/28/2022,14:23:00,3458.20,3459.00,3458.20,3459.00,350,2942100
EICHERMOT_F1,11/28/2022,14:24:00,3460.50,3461.10,3459.00,3461.10,4550,2940700
EICHERMOT_F1,11/28/2022,14:25:00,3461.10,3461.10,3460.10,3460.10,875,2940700
EICHERMOT_F1,11/28/2022,14:26:00,3460.10,3460.10,3459.80,3459.80,1050,2940700
EICHERMOT_F1,11/28/2022,14:27:00,3461.00,3461.00,3459.85,3459.85,4025,2936500
EICHERMOT_F1,11/28/2022,14:28:00,3459.40,3459.50,3459.40,3459.45,700,2936500
EICHERMOT_F1,11/28/2022,14:29:00,3456.85,3456.85,3456.85,3456.85,350,2936500
EICHERMOT_F1,11/28/2022,14:30:00,3457.00,3457.00,3457.00,3457.00,175,2936500
EICHERMOT_F1,11/28/2022,14:31:00,3460.00,3460.20,3460.00,3460.20,525,2935975
EICHERMOT_F1,11/28/2022,14:32:00,3460.10,3460.65,3460.10,3460.65,525,2935975
EICHERMOT_F1,11/28/2022,14:33:00,3461.50,3461.50,3460.60,3460.60,1050,2935450
EICHERMOT_F1,11/28/2022,14:34:00,3460.50,3460.50,3460.30,3460.50,525,2935450
EICHERMOT_F1,11/28/2022,14:35:00,3460.50,3460.50,3460.40,3460.40,525,2935450
EICHERMOT_F1,11/28/2022,14:36:00,3461.40,3461.40,3460.35,3460.35,1575,2934050
EICHERMOT_F1,11/28/2022,14:37:00,3460.00,3460.00,3457.75,3460.00,3150,2934050
EICHERMOT_F1,11/28/2022,14:38:00,3460.15,3460.15,3459.95,3459.95,350,2934050
EICHERMOT_F1,11/28/2022,14:40:00,3459.95,3460.25,3458.85,3460.25,1050,2934400
EICHERMOT_F1,11/28/2022,14:41:00,3460.15,3461.00,3460.15,3460.75,875,2934400
EICHERMOT_F1,11/28/2022,14:42:00,3460.40,3460.40,3459.75,3459.75,1575,2933175
EICHERMOT_F1,11/28/2022,14:43:00,3459.50,3461.00,3459.50,3460.95,875,2933175
EICHERMOT_F1,11/28/2022,14:44:00,3461.50,3463.85,3461.50,3463.30,6825,2933175
EICHERMOT_F1,11/28/2022,14:45:00,3460.70,3463.15,3460.05,3461.10,6650,2931075
EICHERMOT_F1,11/28/2022,14:46:00,3462.00,3463.65,3460.85,3461.90,1925,2931075
EICHERMOT_F1,11/28/2022,14:47:00,3462.80,3463.65,3459.90,3459.90,3150,2931075
EICHERMOT_F1,11/28/2022,14:48:00,3460.35,3463.50,3460.35,3461.70,4550,2932825
EICHERMOT_F1,11/28/2022,14:49:00,3461.45,3464.00,3461.45,3464.00,1225,2932825
EICHERMOT_F1,11/28/2022,14:50:00,3461.85,3463.95,3461.85,3463.95,1050,2932825
EICHERMOT_F1,11/28/2022,14:51:00,3462.60,3464.30,3461.45,3461.45,1925,2934400
EICHERMOT_F1,11/28/2022,14:52:00,3461.30,3463.00,3461.30,3463.00,1750,2934400
EICHERMOT_F1,11/28/2022,14:53:00,3463.00,3469.95,3463.00,3467.50,13125,2934400
EICHERMOT_F1,11/28/2022,14:54:00,3467.00,3474.60,3467.00,3472.70,11725,2934750
EICHERMOT_F1,11/28/2022,14:55:00,3470.90,3471.30,3463.85,3466.90,11200,2934750
EICHERMOT_F1,11/28/2022,14:56:00,3465.00,3466.70,3462.75,3462.75,3675,2934750
EICHERMOT_F1,11/28/2022,14:57:00,3464.15,3470.00,3464.15,3467.70,13300,2944550
EICHERMOT_F1,11/28/2022,14:58:00,3467.50,3467.60,3464.00,3465.00,3325,2944550
EICHERMOT_F1,11/28/2022,14:59:00,3466.50,3469.85,3466.50,3468.10,1225,2944550
EICHERMOT_F1,11/28/2022,15:00:00,3469.60,3473.40,3466.35,3469.80,18025,2955400
EICHERMOT_F1,11/28/2022,15:01:00,3468.60,3468.90,3467.25,3467.45,2975,2955400
EICHERMOT_F1,11/28/2022,15:02:00,3467.00,3467.00,3466.45,3467.00,1400,2955400
EICHERMOT_F1,11/28/2022,15:03:00,3469.90,3469.90,3467.60,3467.90,1400,2955400
EICHERMOT_F1,11/28/2022,15:04:00,3467.80,3469.00,3467.15,3467.15,1225,2955400
EICHERMOT_F1,11/28/2022,15:05:00,3467.10,3467.10,3467.00,3467.00,700,2955400
EICHERMOT_F1,11/28/2022,15:06:00,3467.75,3467.75,3465.40,3466.00,1575,2955400
EICHERMOT_F1,11/28/2022,15:07:00,3466.00,3466.55,3465.00,3466.55,1575,2955400
EICHERMOT_F1,11/28/2022,15:08:00,3465.15,3466.50,3464.30,3466.50,2450,2955400
EICHERMOT_F1,11/28/2022,15:09:00,3466.00,3468.10,3465.85,3468.00,3675,2954175
EICHERMOT_F1,11/28/2022,15:10:00,3466.35,3466.35,3465.20,3465.20,1575,2954175
EICHERMOT_F1,11/28/2022,15:11:00,3464.70,3465.00,3464.15,3465.00,1225,2954175
EICHERMOT_F1,11/28/2022,15:12:00,3464.95,3467.00,3464.15,3465.40,3150,2955050
EICHERMOT_F1,11/28/2022,15:13:00,3465.75,3467.40,3464.55,3465.25,2975,2955050
EICHERMOT_F1,11/28/2022,15:14:00,3464.60,3465.80,3463.85,3463.85,1575,2955050
EICHERMOT_F1,11/28/2022,15:15:00,3465.55,3467.15,3464.15,3464.15,2625,2956625
EICHERMOT_F1,11/28/2022,15:16:00,3464.60,3469.65,3464.15,3464.15,5775,2956625
EICHERMOT_F1,11/28/2022,15:17:00,3464.20,3464.20,3462.05,3462.05,2800,2956625
EICHERMOT_F1,11/28/2022,15:18:00,3462.60,3463.00,3461.35,3461.70,2975,2956100
EICHERMOT_F1,11/28/2022,15:19:00,3462.55,3464.10,3461.50,3461.90,2100,2956100
EICHERMOT_F1,11/28/2022,15:20:00,3461.50,3462.75,3461.00,3462.75,1575,2956100
EICHERMOT_F1,11/28/2022,15:21:00,3461.65,3462.90,3461.35,3462.25,2100,2956625
EICHERMOT_F1,11/28/2022,15:22:00,3462.35,3463.70,3461.75,3461.95,2275,2956625
EICHERMOT_F1,11/28/2022,15:23:00,3461.90,3464.65,3461.90,3463.40,2625,2956625
EICHERMOT_F1,11/28/2022,15:24:00,3464.70,3464.70,3462.00,3462.00,3850,2953300
EICHERMOT_F1,11/28/2022,15:25:00,3462.00,3462.00,3461.50,3461.50,2800,2953300
EICHERMOT_F1,11/28/2022,15:26:00,3461.50,3462.00,3461.10,3461.50,2100,2953300
EICHERMOT_F1,11/28/2022,15:27:00,3464.00,3464.00,3462.00,3464.00,5075,2954175
EICHERMOT_F1,11/28/2022,15:28:00,3464.00,3464.45,3461.95,3461.95,2100,2954175
EICHERMOT_F1,11/28/2022,15:29:00,3462.05,3465.95,3462.05,3465.95,2625,2954175
EICHERMOT_F1,11/28/2022,15:30:00,3463.00,3463.00,3463.00,3463.00,350,2954175
EICHERMOT_F1,11/29/2022,09:15:00,3465.95,3479.35,3463.65,3479.35,4902,2925650
EICHERMOT_F1,11/29/2022,09:16:00,3482.95,3482.95,3466.00,3466.00,6300,2925650
EICHERMOT_F1,11/29/2022,09:17:00,3458.60,3459.75,3452.75,3459.75,5600,2930375
EICHERMOT_F1,11/29/2022,09:18:00,3458.65,3458.65,3450.20,3452.60,3850,2930375
EICHERMOT_F1,11/29/2022,09:19:00,3450.00,3455.90,3450.00,3455.00,4375,2930375
EICHERMOT_F1,11/29/2022,09:20:00,3453.80,3453.80,3449.00,3449.00,4375,2932475
EICHERMOT_F1,11/29/2022,09:21:00,3447.25,3449.15,3442.25,3448.25,7700,2932475
EICHERMOT_F1,11/29/2022,09:22:00,3450.60,3450.60,3447.50,3447.50,2100,2932475
EICHERMOT_F1,11/29/2022,09:23:00,3447.25,3449.85,3447.25,3447.55,1750,2935625
EICHERMOT_F1,11/29/2022,09:24:00,3448.80,3449.95,3448.80,3449.95,525,2935625
EICHERMOT_F1,11/29/2022,09:25:00,3448.00,3448.00,3446.15,3446.20,2975,2935625
EICHERMOT_F1,11/29/2022,09:26:00,3447.25,3448.30,3447.25,3447.40,1225,2936850
EICHERMOT_F1,11/29/2022,09:27:00,3448.00,3449.70,3448.00,3449.70,700,2936850
EICHERMOT_F1,11/29/2022,09:28:00,3449.80,3452.75,3448.65,3452.75,2975,2936850
EICHERMOT_F1,11/29/2022,09:29:00,3452.00,3455.00,3450.00,3451.05,4550,2934400
EICHERMOT_F1,11/29/2022,09:30:00,3449.85,3451.65,3449.60,3449.60,1750,2934400
EICHERMOT_F1,11/29/2022,09:31:00,3450.35,3457.20,3450.35,3457.20,3150,2934400
EICHERMOT_F1,11/29/2022,09:32:00,3457.20,3459.80,3457.20,3457.85,2450,2935275
EICHERMOT_F1,11/29/2022,09:33:00,3459.45,3459.90,3457.00,3457.00,1750,2935275
EICHERMOT_F1,11/29/2022,09:34:00,3457.70,3461.55,3457.70,3461.55,1750,2935275
EICHERMOT_F1,11/29/2022,09:35:00,3463.55,3463.55,3459.00,3459.45,2450,2933875
EICHERMOT_F1,11/29/2022,09:36:00,3455.80,3455.80,3454.75,3454.75,1225,2933875
EICHERMOT_F1,11/29/2022,09:37:00,3454.85,3455.05,3454.85,3455.00,875,2933875
EICHERMOT_F1,11/29/2022,09:38:00,3453.00,3453.00,3450.40,3450.85,1225,2934575
EICHERMOT_F1,11/29/2022,09:39:00,3451.50,3451.50,3450.00,3450.00,875,2934575
EICHERMOT_F1,11/29/2022,09:40:00,3450.00,3452.70,3449.45,3452.70,2100,2934575
EICHERMOT_F1,11/29/2022,09:41:00,3451.00,3451.80,3451.00,3451.80,1575,2934575
EICHERMOT_F1,11/29/2022,09:42:00,3450.00,3450.00,3450.00,3450.00,175,2934575
EICHERMOT_F1,11/29/2022,09:43:00,3449.50,3449.50,3449.45,3449.45,700,2934575
EICHERMOT_F1,11/29/2022,09:44:00,3451.00,3451.65,3450.70,3450.70,1750,2934050
EICHERMOT_F1,11/29/2022,09:45:00,3451.60,3451.60,3449.00,3450.65,2275,2934050
EICHERMOT_F1,11/29/2022,09:46:00,3450.10,3450.65,3450.10,3450.65,700,2934050
EICHERMOT_F1,11/29/2022,09:47:00,3450.00,3450.00,3448.35,3448.35,700,2934050
EICHERMOT_F1,11/29/2022,09:48:00,3449.25,3452.00,3447.00,3452.00,4550,2934050
EICHERMOT_F1,11/29/2022,09:49:00,3451.00,3451.00,3451.00,3451.00,175,2934050
EICHERMOT_F1,11/29/2022,09:51:00,3450.35,3450.95,3450.35,3450.50,875,2935275
EICHERMOT_F1,11/29/2022,09:52:00,3452.00,3452.90,3452.00,3452.90,1050,2935275
EICHERMOT_F1,11/29/2022,09:53:00,3452.85,3452.85,3450.10,3450.10,1575,2935275
EICHERMOT_F1,11/29/2022,09:54:00,3450.05,3450.30,3449.60,3449.60,875,2935275
EICHERMOT_F1,11/29/2022,09:55:00,3450.30,3451.45,3444.45,3444.45,17500,2935275
EICHERMOT_F1,11/29/2022,09:56:00,3445.25,3446.40,3442.55,3446.40,7000,2940875
EICHERMOT_F1,11/29/2022,09:57:00,3446.40,3448.65,3445.45,3448.55,2275,2940875
EICHERMOT_F1,11/29/2022,09:58:00,3447.75,3448.80,3447.75,3448.80,525,2940875
EICHERMOT_F1,11/29/2022,09:59:00,3447.10,3449.90,3447.10,3449.90,525,2940875
EICHERMOT_F1,11/29/2022,10:00:00,3450.00,3451.00,3450.00,3451.00,1400,2942275
EICHERMOT_F1,11/29/2022,10:01:00,3452.80,3455.90,3452.80,3455.90,2275,2942275
EICHERMOT_F1,11/29/2022,10:02:00,3456.15,3456.15,3455.85,3455.90,700,2941575
EICHERMOT_F1,11/29/2022,10:03:00,3457.40,3460.65,3456.85,3459.10,6300,2941575
EICHERMOT_F1,11/29/2022,10:04:00,3458.00,3458.95,3458.00,3458.00,1400,2941575
EICHERMOT_F1,11/29/2022,10:05:00,3460.45,3463.25,3460.45,3461.65,1750,2939475
EICHERMOT_F1,11/29/2022,10:06:00,3462.50,3466.75,3462.50,3465.25,2625,2939475
EICHERMOT_F1,11/29/2022,10:07:00,3464.50,3465.15,3463.55,3465.15,700,2939475
EICHERMOT_F1,11/29/2022,10:08:00,3465.15,3468.45,3464.00,3465.10,9625,2938250
EICHERMOT_F1,11/29/2022,10:09:00,3465.10,3468.10,3465.10,3467.95,2450,2938250
EICHERMOT_F1,11/29/2022,10:10:00,3466.65,3468.05,3466.45,3467.55,1925,2938250
EICHERMOT_F1,11/29/2022,10:11:00,3468.00,3468.50,3467.10,3468.40,1400,2940175
EICHERMOT_F1,11/29/2022,10:12:00,3467.50,3468.15,3467.00,3467.90,1575,2940175
EICHERMOT_F1,11/29/2022,10:13:00,3468.00,3470.40,3468.00,3469.10,2275,2940175
EICHERMOT_F1,11/29/2022,10:14:00,3469.40,3474.70,3466.80,3473.45,7700,2940700
EICHERMOT_F1,11/29/2022,10:15:00,3473.80,3473.85,3472.10,3472.10,2975,2940700
EICHERMOT_F1,11/29/2022,10:16:00,3471.05,3473.65,3471.05,3473.65,1225,2940700
EICHERMOT_F1,11/29/2022,10:17:00,3472.55,3472.55,3469.65,3469.65,2625,2942275
EICHERMOT_F1,11/29/2022,10:18:00,3468.25,3469.90,3468.25,3469.90,1575,2942275
EICHERMOT_F1,11/29/2022,10:19:00,3467.85,3467.85,3467.85,3467.85,350,2942275
EICHERMOT_F1,11/29/2022,10:20:00,3469.30,3470.20,3468.30,3470.20,2800,2940875
EICHERMOT_F1,11/29/2022,10:21:00,3472.00,3473.00,3471.00,3473.00,875,2940875
EICHERMOT_F1,11/29/2022,10:22:00,3473.40,3473.40,3469.85,3469.85,1400,2940875
EICHERMOT_F1,11/29/2022,10:23:00,3469.60,3469.60,3469.60,3469.60,350,2940875
EICHERMOT_F1,11/29/2022,10:24:00,3468.70,3468.70,3468.70,3468.70,175,2939650
EICHERMOT_F1,11/29/2022,10:25:00,3468.70,3468.70,3468.70,3468.70,175,2939650
EICHERMOT_F1,11/29/2022,10:26:00,3469.50,3473.95,3469.50,3473.65,3325,2939650
EICHERMOT_F1,11/29/2022,10:27:00,3473.00,3475.30,3473.00,3475.30,2275,2938600
EICHERMOT_F1,11/29/2022,10:28:00,3474.05,3474.05,3474.05,3474.05,175,2938600
EICHERMOT_F1,11/29/2022,10:29:00,3471.85,3472.90,3471.85,3471.90,700,2938600
EICHERMOT_F1,11/29/2022,10:30:00,3472.80,3473.00,3472.80,3473.00,700,2937900
EICHERMOT_F1,11/29/2022,10:31:00,3473.95,3475.00,3473.10,3473.10,2800,2937900
EICHERMOT_F1,11/29/2022,10:32:00,3473.50,3473.60,3472.35,3473.60,700,2937900
EICHERMOT_F1,11/29/2022,10:33:00,3473.00,3473.00,3473.00,3473.00,350,2938425
EICHERMOT_F1,11/29/2022,10:34:00,3472.00,3473.15,3470.40,3473.15,2625,2938425
EICHERMOT_F1,11/29/2022,10:35:00,3473.60,3474.40,3473.00,3473.00,700,2938425
EICHERMOT_F1,11/29/2022,10:36:00,3473.85,3475.00,3473.85,3475.00,1400,2937725
EICHERMOT_F1,11/29/2022,10:37:00,3475.05,3475.55,3474.15,3475.55,1575,2937725
EICHERMOT_F1,11/29/2022,10:38:00,3476.40,3476.65,3475.90,3475.90,1750,2937375
EICHERMOT_F1,11/29/2022,10:39:00,3475.95,3475.95,3472.25,3475.35,1575,2937375
EICHERMOT_F1,11/29/2022,10:41:00,3474.30,3476.70,3474.30,3476.70,1050,2937375
EICHERMOT_F1,11/29/2022,10:42:00,3476.95,3476.95,3475.50,3475.50,1225,2936850
EICHERMOT_F1,11/29/2022,10:43:00,3475.00,3475.00,3473.80,3473.80,525,2936850
EICHERMOT_F1,11/29/2022,10:44:00,3471.05,3472.85,3471.05,3472.85,1400,2935800
EICHERMOT_F1,11/29/2022,10:45:00,3472.05,3472.05,3471.50,3472.00,875,2935800
EICHERMOT_F1,11/29/2022,10:46:00,3473.45,3473.45,3473.35,3473.35,875,2935800
EICHERMOT_F1,11/29/2022,10:48:00,3472.70,3473.80,3472.70,3473.00,700,2935975
EICHERMOT_F1,11/29/2022,10:49:00,3472.05,3472.05,3467.50,3467.50,5600,2935975
EICHERMOT_F1,11/29/2022,10:50:00,3468.85,3471.10,3468.80,3471.10,1750,2933875
EICHERMOT_F1,11/29/2022,10:51:00,3470.90,3471.75,3470.90,3471.75,350,2933875
EICHERMOT_F1,11/29/2022,10:52:00,3472.65,3472.65,3471.35,3471.35,525,2933875
EICHERMOT_F1,11/29/2022,10:53:00,3471.75,3471.75,3470.95,3471.00,1050,2933525
EICHERMOT_F1,11/29/2022,10:54:00,3472.25,3473.25,3472.25,3473.25,525,2933525
EICHERMOT_F1,11/29/2022,10:56:00,3472.70,3473.10,3472.70,3473.10,1400,2932125
EICHERMOT_F1,11/29/2022,10:57:00,3474.05,3474.05,3474.05,3474.05,350,2932125
EICHERMOT_F1,11/29/2022,10:58:00,3472.30,3472.30,3472.30,3472.30,175,2932125
EICHERMOT_F1,11/29/2022,10:59:00,3472.00,3472.00,3472.00,3472.00,175,2932125
EICHERMOT_F1,11/29/2022,11:00:00,3471.85,3471.85,3471.85,3471.85,175,2932125
EICHERMOT_F1,11/29/2022,11:01:00,3470.45,3470.95,3470.45,3470.95,525,2932125
EICHERMOT_F1,11/29/2022,11:03:00,3468.70,3471.90,3468.70,3471.90,3150,2932125
EICHERMOT_F1,11/29/2022,11:05:00,3471.60,3471.60,3471.60,3471.60,525,2932125
EICHERMOT_F1,11/29/2022,11:06:00,3471.35,3471.35,3471.35,3471.35,175,2931600
EICHERMOT_F1,11/29/2022,11:07:00,3471.00,3471.00,3471.00,3471.00,175,2931600
EICHERMOT_F1,11/29/2022,11:08:00,3470.60,3470.60,3470.60,3470.60,350,2931600
EICHERMOT_F1,11/29/2022,11:09:00,3470.30,3471.75,3470.30,3471.75,350,2931425
EICHERMOT_F1,11/29/2022,11:10:00,3472.45,3472.45,3471.25,3471.25,350,2931425
EICHERMOT_F1,11/29/2022,11:11:00,3472.10,3472.10,3469.45,3469.45,875,2931425
EICHERMOT_F1,11/29/2022,11:12:00,3471.25,3471.25,3471.25,3471.25,175,2930900
EICHERMOT_F1,11/29/2022,11:13:00,3471.25,3471.25,3471.25,3471.25,175,2930900
EICHERMOT_F1,11/29/2022,11:14:00,3471.50,3471.50,3471.50,3471.50,175,2930900
EICHERMOT_F1,11/29/2022,11:16:00,3471.50,3472.75,3471.50,3472.65,525,2930375
EICHERMOT_F1,11/29/2022,11:17:00,3471.05,3471.65,3470.90,3471.65,525,2930200
EICHERMOT_F1,11/29/2022,11:18:00,3472.00,3474.10,3472.00,3474.10,875,2930200
EICHERMOT_F1,11/29/2022,11:19:00,3474.85,3474.85,3474.85,3474.85,350,2930200
EICHERMOT_F1,11/29/2022,11:20:00,3474.85,3474.85,3474.85,3474.85,350,2930200
EICHERMOT_F1,11/29/2022,11:21:00,3473.15,3473.15,3472.00,3472.00,350,2930025
EICHERMOT_F1,11/29/2022,11:22:00,3472.45,3472.45,3472.45,3472.45,175,2930025
EICHERMOT_F1,11/29/2022,11:23:00,3473.45,3473.45,3470.80,3470.80,525,2930025
EICHERMOT_F1,11/29/2022,11:24:00,3471.00,3471.00,3471.00,3471.00,700,2930025
EICHERMOT_F1,11/29/2022,11:25:00,3472.00,3472.00,3472.00,3472.00,175,2930025
EICHERMOT_F1,11/29/2022,11:26:00,3473.55,3473.55,3468.45,3470.50,2625,2929150
EICHERMOT_F1,11/29/2022,11:27:00,3470.10,3470.10,3468.20,3468.20,700,2929150
EICHERMOT_F1,11/29/2022,11:28:00,3469.75,3470.45,3469.75,3470.45,350,2929150
EICHERMOT_F1,11/29/2022,11:30:00,3471.00,3471.00,3470.05,3470.05,525,2929325
EICHERMOT_F1,11/29/2022,11:31:00,3471.00,3471.00,3470.40,3470.40,350,2929325
EICHERMOT_F1,11/29/2022,11:32:00,3470.40,3470.40,3470.40,3470.40,175,2929325
EICHERMOT_F1,11/29/2022,11:33:00,3470.00,3470.00,3470.00,3470.00,175,2929325
EICHERMOT_F1,11/29/2022,11:34:00,3470.40,3470.40,3467.20,3467.20,1225,2929325
EICHERMOT_F1,11/29/2022,11:35:00,3468.65,3468.75,3467.40,3467.55,875,2929325
EICHERMOT_F1,11/29/2022,11:36:00,3467.20,3467.20,3465.45,3466.85,875,2928800
EICHERMOT_F1,11/29/2022,11:37:00,3465.00,3467.20,3464.65,3465.05,14175,2928800
EICHERMOT_F1,11/29/2022,11:38:00,3464.25,3466.35,3464.05,3465.60,9275,2924425
EICHERMOT_F1,11/29/2022,11:39:00,3465.00,3465.00,3459.60,3460.80,4550,2924425
EICHERMOT_F1,11/29/2022,11:40:00,3460.40,3460.40,3459.20,3459.20,700,2924425
EICHERMOT_F1,11/29/2022,11:41:00,3460.20,3460.20,3458.65,3458.65,525,2924425
EICHERMOT_F1,11/29/2022,11:42:00,3460.00,3460.25,3460.00,3460.00,700,2927225
EICHERMOT_F1,11/29/2022,11:43:00,3460.10,3460.10,3460.10,3460.10,525,2927225
EICHERMOT_F1,11/29/2022,11:44:00,3460.00,3460.95,3460.00,3460.95,875,2927225
EICHERMOT_F1,11/29/2022,11:45:00,3459.95,3460.00,3459.15,3460.00,3325,2927925
EICHERMOT_F1,11/29/2022,11:46:00,3459.50,3459.60,3458.90,3459.60,2100,2927925
EICHERMOT_F1,11/29/2022,11:47:00,3459.05,3459.55,3458.05,3459.45,1050,2932125
EICHERMOT_F1,11/29/2022,11:48:00,3459.60,3459.95,3459.60,3459.95,350,2932125
EICHERMOT_F1,11/29/2022,11:49:00,3459.95,3460.00,3459.95,3460.00,525,2932125
EICHERMOT_F1,11/29/2022,11:50:00,3460.00,3462.70,3460.00,3462.70,3850,2935800
EICHERMOT_F1,11/29/2022,11:51:00,3462.10,3463.15,3462.10,3463.15,525,2935800
EICHERMOT_F1,11/29/2022,11:52:00,3463.20,3466.50,3463.20,3463.65,4200,2935800
EICHERMOT_F1,11/29/2022,11:53:00,3464.20,3464.25,3462.70,3462.70,875,2935800
EICHERMOT_F1,11/29/2022,11:54:00,3464.15,3464.50,3464.15,3464.50,1050,2937025
EICHERMOT_F1,11/29/2022,11:55:00,3465.45,3465.45,3463.70,3465.30,1225,2937025
EICHERMOT_F1,11/29/2022,11:56:00,3465.95,3465.95,3463.85,3465.50,700,2937025
EICHERMOT_F1,11/29/2022,11:57:00,3465.15,3465.70,3465.15,3465.70,525,2934400
EICHERMOT_F1,11/29/2022,11:58:00,3467.30,3467.30,3466.75,3466.75,525,2934400
EICHERMOT_F1,11/29/2022,11:59:00,3466.55,3466.55,3465.80,3465.80,350,2934400
EICHERMOT_F1,11/29/2022,12:00:00,3468.40,3469.60,3468.40,3469.60,1400,2933000
EICHERMOT_F1,11/29/2022,12:01:00,3471.30,3471.40,3469.70,3470.00,1400,2933000
EICHERMOT_F1,11/29/2022,12:02:00,3469.35,3469.35,3465.65,3465.80,4725,2933000
EICHERMOT_F1,11/29/2022,12:03:00,3470.00,3471.00,3465.85,3467.55,4900,2933350
EICHERMOT_F1,11/29/2022,12:04:00,3468.25,3469.95,3467.90,3469.95,1225,2933350
EICHERMOT_F1,11/29/2022,12:05:00,3470.00,3470.00,3468.90,3468.90,350,2933350
EICHERMOT_F1,11/29/2022,12:06:00,3469.25,3471.45,3469.15,3470.10,1225,2935100
EICHERMOT_F1,11/29/2022,12:07:00,3473.90,3474.00,3471.50,3473.25,6825,2935100
EICHERMOT_F1,11/29/2022,12:08:00,3473.60,3475.00,3472.75,3474.05,1750,2935100
EICHERMOT_F1,11/29/2022,12:09:00,3474.40,3475.00,3474.40,3475.00,1225,2937375
EICHERMOT_F1,11/29/2022,12:10:00,3473.30,3474.90,3471.75,3471.75,1750,2937375
EICHERMOT_F1,11/29/2022,12:11:00,3472.50,3474.00,3472.50,3474.00,525,2937375
EICHERMOT_F1,11/29/2022,12:12:00,3472.35,3472.35,3472.35,3472.35,175,2937900
EICHERMOT_F1,11/29/2022,12:13:00,3470.55,3470.55,3470.05,3470.05,1050,2937900
EICHERMOT_F1,11/29/2022,12:14:00,3470.85,3471.40,3469.80,3471.40,875,2937900
EICHERMOT_F1,11/29/2022,12:15:00,3471.30,3471.30,3469.20,3470.95,700,2938775
EICHERMOT_F1,11/29/2022,12:16:00,3467.25,3467.25,3467.25,3467.25,875,2938775
EICHERMOT_F1,11/29/2022,12:17:00,3466.05,3467.35,3465.75,3466.15,5250,2938775
EICHERMOT_F1,11/29/2022,12:18:00,3465.55,3465.55,3465.55,3465.55,175,2938250
EICHERMOT_F1,11/29/2022,12:19:00,3465.55,3465.55,3465.55,3465.55,350,2938250
EICHERMOT_F1,11/29/2022,12:20:00,3466.05,3466.05,3464.90,3464.90,1050,2938250
EICHERMOT_F1,11/29/2022,12:21:00,3464.95,3465.00,3464.95,3465.00,350,2938775
EICHERMOT_F1,11/29/2022,12:22:00,3464.05,3464.05,3460.95,3460.95,1225,2938775
EICHERMOT_F1,11/29/2022,12:23:00,3460.00,3460.00,3457.50,3457.75,1225,2938775
EICHERMOT_F1,11/29/2022,12:24:00,3459.15,3462.10,3458.35,3458.35,1750,2940000
EICHERMOT_F1,11/29/2022,12:25:00,3460.05,3460.05,3460.05,3460.05,175,2940000
EICHERMOT_F1,11/29/2022,12:27:00,3459.45,3459.55,3457.35,3459.55,2625,2940875
EICHERMOT_F1,11/29/2022,12:28:00,3459.70,3459.80,3458.00,3459.80,875,2940875
EICHERMOT_F1,11/29/2022,12:29:00,3460.35,3460.35,3458.20,3460.00,1050,2940875
EICHERMOT_F1,11/29/2022,12:30:00,3459.10,3459.10,3459.10,3459.10,525,2940875
EICHERMOT_F1,11/29/2022,12:31:00,3460.65,3460.65,3459.00,3459.00,700,2941925
EICHERMOT_F1,11/29/2022,12:32:00,3458.25,3458.25,3458.25,3458.25,875,2941925
EICHERMOT_F1,11/29/2022,12:33:00,3458.00,3458.00,3457.20,3457.20,875,2942975
EICHERMOT_F1,11/29/2022,12:34:00,3455.80,3455.80,3455.80,3455.80,175,2942975
EICHERMOT_F1,11/29/2022,12:35:00,3456.35,3456.35,3451.25,3451.50,3675,2942975
EICHERMOT_F1,11/29/2022,12:36:00,3451.10,3451.10,3449.45,3449.45,1575,2945075
EICHERMOT_F1,11/29/2022,12:37:00,3450.10,3450.10,3446.15,3446.15,2800,2945075
EICHERMOT_F1,11/29/2022,12:38:00,3446.50,3448.05,3445.60,3448.05,3150,2945075
EICHERMOT_F1,11/29/2022,12:39:00,3448.05,3448.15,3447.55,3447.85,1750,2950150
EICHERMOT_F1,11/29/2022,12:40:00,3447.55,3447.55,3443.35,3445.65,4550,2950150
EICHERMOT_F1,11/29/2022,12:41:00,3445.00,3445.00,3442.10,3442.10,1750,2950150
EICHERMOT_F1,11/29/2022,12:42:00,3442.10,3442.60,3441.05,3442.60,3500,2953300
EICHERMOT_F1,11/29/2022,12:43:00,3441.75,3446.00,3441.75,3445.10,1225,2953300
EICHERMOT_F1,11/29/2022,12:44:00,3445.70,3447.70,3445.70,3447.70,1225,2953300
EICHERMOT_F1,11/29/2022,12:45:00,3447.55,3448.05,3445.75,3446.75,1750,2955925
EICHERMOT_F1,11/29/2022,12:46:00,3447.15,3447.15,3445.00,3445.50,875,2955925
EICHERMOT_F1,11/29/2022,12:47:00,3445.85,3447.30,3445.85,3447.30,700,2955925
EICHERMOT_F1,11/29/2022,12:48:00,3447.70,3448.35,3447.70,3448.35,700,2956275
EICHERMOT_F1,11/29/2022,12:50:00,3449.50,3450.00,3447.00,3447.00,1925,2956275
EICHERMOT_F1,11/29/2022,12:51:00,3446.75,3446.75,3446.55,3446.55,525,2957150
EICHERMOT_F1,11/29/2022,12:52:00,3446.55,3448.65,3445.00,3445.00,3325,2957150
EICHERMOT_F1,11/29/2022,12:53:00,3443.85,3443.85,3443.50,3443.50,350,2957150
EICHERMOT_F1,11/29/2022,12:54:00,3443.15,3443.15,3443.00,3443.00,1750,2959775
EICHERMOT_F1,11/29/2022,12:55:00,3443.00,3444.95,3443.00,3444.95,2100,2959775
EICHERMOT_F1,11/29/2022,12:56:00,3444.90,3446.20,3444.90,3446.20,525,2959775
EICHERMOT_F1,11/29/2022,12:57:00,3443.60,3444.55,3442.95,3444.55,1575,2962050
EICHERMOT_F1,11/29/2022,12:59:00,3445.75,3446.95,3445.75,3446.45,700,2962050
EICHERMOT_F1,11/29/2022,13:00:00,3444.90,3446.40,3444.90,3445.35,1575,2963100
EICHERMOT_F1,11/29/2022,13:01:00,3445.00,3446.45,3444.40,3446.45,1225,2963100
EICHERMOT_F1,11/29/2022,13:02:00,3445.15,3447.00,3445.15,3447.00,525,2963100
EICHERMOT_F1,11/29/2022,13:03:00,3447.50,3447.50,3446.05,3447.25,525,2963800
EICHERMOT_F1,11/29/2022,13:04:00,3447.30,3447.30,3445.45,3445.90,700,2963800
EICHERMOT_F1,11/29/2022,13:05:00,3446.00,3446.20,3446.00,3446.20,875,2963800
EICHERMOT_F1,11/29/2022,13:06:00,3447.40,3447.40,3447.40,3447.40,350,2964500
EICHERMOT_F1,11/29/2022,13:07:00,3449.00,3449.20,3447.60,3447.60,875,2964500
EICHERMOT_F1,11/29/2022,13:08:00,3450.00,3452.50,3450.00,3452.50,1225,2964500
EICHERMOT_F1,11/29/2022,13:09:00,3450.50,3451.65,3450.50,3451.65,1225,2964150
EICHERMOT_F1,11/29/2022,13:10:00,3450.40,3450.40,3450.00,3450.00,1050,2964150
EICHERMOT_F1,11/29/2022,13:11:00,3450.65,3451.90,3450.10,3451.90,1050,2964150
EICHERMOT_F1,11/29/2022,13:13:00,3452.00,3455.00,3452.00,3455.00,2450,2963450
EICHERMOT_F1,11/29/2022,13:15:00,3456.00,3456.00,3450.50,3451.65,2275,2961700
EICHERMOT_F1,11/29/2022,13:16:00,3451.25,3451.70,3451.25,3451.70,350,2961700
EICHERMOT_F1,11/29/2022,13:17:00,3451.55,3454.15,3451.55,3454.15,525,2961700
EICHERMOT_F1,11/29/2022,13:18:00,3454.65,3454.65,3451.55,3451.55,4725,2962225
EICHERMOT_F1,11/29/2022,13:19:00,3452.35,3454.05,3452.35,3453.00,3500,2962225
EICHERMOT_F1,11/29/2022,13:20:00,3453.00,3454.55,3453.00,3454.50,1050,2962225
EICHERMOT_F1,11/29/2022,13:21:00,3454.50,3454.50,3452.75,3452.75,5250,2965725
EICHERMOT_F1,11/29/2022,13:22:00,3452.75,3453.90,3452.60,3453.00,4200,2965725
EICHERMOT_F1,11/29/2022,13:23:00,3453.80,3456.45,3453.80,3456.45,1400,2965725
EICHERMOT_F1,11/29/2022,13:24:00,3456.65,3457.00,3453.85,3453.85,1400,2965550
EICHERMOT_F1,11/29/2022,13:26:00,3455.65,3455.65,3455.65,3455.65,175,2965550
EICHERMOT_F1,11/29/2022,13:27:00,3454.00,3454.00,3453.80,3453.80,700,2965375
EICHERMOT_F1,11/29/2022,13:29:00,3455.10,3455.10,3454.30,3454.30,350,2965375
EICHERMOT_F1,11/29/2022,13:30:00,3454.45,3454.45,3454.45,3454.45,175,2965375
EICHERMOT_F1,11/29/2022,13:31:00,3454.40,3456.00,3454.40,3456.00,1050,2965725
EICHERMOT_F1,11/29/2022,13:32:00,3456.60,3456.60,3456.60,3456.60,350,2965725
EICHERMOT_F1,11/29/2022,13:33:00,3456.45,3457.25,3456.45,3457.25,525,2963100
EICHERMOT_F1,11/29/2022,13:34:00,3456.60,3456.60,3456.60,3456.60,175,2963100
EICHERMOT_F1,11/29/2022,13:35:00,3457.35,3457.35,3457.35,3457.35,175,2963100
EICHERMOT_F1,11/29/2022,13:36:00,3457.00,3457.00,3454.60,3454.60,1225,2963275
EICHERMOT_F1,11/29/2022,13:38:00,3454.85,3456.00,3454.85,3456.00,1050,2963275
EICHERMOT_F1,11/29/2022,13:39:00,3457.25,3457.25,3456.75,3456.75,700,2963800
EICHERMOT_F1,11/29/2022,13:40:00,3458.00,3460.25,3458.00,3458.95,700,2963800
EICHERMOT_F1,11/29/2022,13:41:00,3461.55,3461.70,3460.50,3460.50,700,2963800
EICHERMOT_F1,11/29/2022,13:42:00,3461.00,3461.55,3461.00,3461.55,875,2963275
EICHERMOT_F1,11/29/2022,13:43:00,3460.00,3460.00,3457.40,3457.40,700,2963275
EICHERMOT_F1,11/29/2022,13:44:00,3458.55,3458.70,3458.55,3458.70,350,2963275
EICHERMOT_F1,11/29/2022,13:45:00,3459.20,3459.20,3459.20,3459.20,175,2963625
EICHERMOT_F1,11/29/2022,13:46:00,3459.85,3459.85,3459.85,3459.85,175,2963625
EICHERMOT_F1,11/29/2022,13:47:00,3459.20,3459.85,3458.70,3459.85,1225,2963625
EICHERMOT_F1,11/29/2022,13:48:00,3461.00,3461.00,3461.00,3461.00,175,2963275
EICHERMOT_F1,11/29/2022,13:49:00,3460.10,3461.70,3460.10,3461.70,350,2963275
EICHERMOT_F1,11/29/2022,13:50:00,3460.85,3460.85,3460.00,3460.00,350,2963275
EICHERMOT_F1,11/29/2022,13:51:00,3460.40,3460.40,3460.40,3460.40,175,2963275
EICHERMOT_F1,11/29/2022,13:52:00,3460.70,3461.40,3460.70,3461.40,525,2963275
EICHERMOT_F1,11/29/2022,13:53:00,3459.85,3459.85,3459.85,3459.85,175,2963275
EICHERMOT_F1,11/29/2022,13:54:00,3457.70,3458.00,3456.65,3456.65,700,2962925
EICHERMOT_F1,11/29/2022,13:55:00,3457.95,3458.40,3456.00,3458.40,1400,2962925
EICHERMOT_F1,11/29/2022,13:56:00,3458.35,3459.60,3458.35,3458.70,875,2962925
EICHERMOT_F1,11/29/2022,13:57:00,3459.15,3459.15,3458.90,3459.15,1050,2963100
EICHERMOT_F1,11/29/2022,13:58:00,3461.25,3461.40,3460.20,3460.20,2275,2963100
EICHERMOT_F1,11/29/2022,13:59:00,3460.40,3461.60,3460.40,3461.60,875,2963100
EICHERMOT_F1,11/29/2022,14:00:00,3461.60,3461.60,3458.10,3458.10,1575,2961350
EICHERMOT_F1,11/29/2022,14:01:00,3458.95,3458.95,3455.95,3456.95,1750,2961350
EICHERMOT_F1,11/29/2022,14:02:00,3457.90,3457.90,3457.90,3457.90,525,2961350
EICHERMOT_F1,11/29/2022,14:03:00,3457.10,3457.10,3455.00,3455.55,1750,2962575
EICHERMOT_F1,11/29/2022,14:04:00,3455.60,3455.60,3455.35,3455.35,875,2962575
EICHERMOT_F1,11/29/2022,14:05:00,3456.60,3456.60,3454.90,3455.60,2800,2962575
EICHERMOT_F1,11/29/2022,14:06:00,3456.10,3456.10,3453.95,3453.95,525,2962575
EICHERMOT_F1,11/29/2022,14:07:00,3456.20,3457.50,3456.20,3456.95,1225,2962750
EICHERMOT_F1,11/29/2022,14:08:00,3457.20,3457.20,3457.20,3457.20,350,2962750
EICHERMOT_F1,11/29/2022,14:09:00,3457.45,3457.45,3456.25,3456.25,700,2961700
EICHERMOT_F1,11/29/2022,14:10:00,3457.80,3458.15,3457.80,3458.15,1225,2961700
EICHERMOT_F1,11/29/2022,14:11:00,3458.25,3458.50,3458.25,3458.50,525,2961700
EICHERMOT_F1,11/29/2022,14:12:00,3458.85,3460.10,3458.85,3459.40,1225,2961525
EICHERMOT_F1,11/29/2022,14:13:00,3458.50,3458.75,3458.50,3458.50,700,2961525
EICHERMOT_F1,11/29/2022,14:14:00,3458.85,3460.65,3458.85,3460.65,1050,2961525
EICHERMOT_F1,11/29/2022,14:15:00,3460.60,3460.60,3458.55,3459.15,875,2961875
EICHERMOT_F1,11/29/2022,14:16:00,3459.70,3459.70,3459.70,3459.70,700,2961875
EICHERMOT_F1,11/29/2022,14:17:00,3459.50,3460.70,3459.50,3460.70,1225,2961875
EICHERMOT_F1,11/29/2022,14:18:00,3461.05,3461.05,3460.25,3460.25,1225,2961875
EICHERMOT_F1,11/29/2022,14:19:00,3460.60,3460.60,3460.00,3460.00,1050,2961525
EICHERMOT_F1,11/29/2022,14:20:00,3460.70,3461.50,3460.20,3461.50,875,2961525
EICHERMOT_F1,11/29/2022,14:21:00,3461.35,3461.90,3460.35,3460.35,1400,2960475
EICHERMOT_F1,11/29/2022,14:22:00,3460.80,3460.80,3458.50,3458.50,1225,2960475
EICHERMOT_F1,11/29/2022,14:23:00,3457.50,3458.25,3457.50,3457.90,1050,2960475
EICHERMOT_F1,11/29/2022,14:24:00,3458.30,3460.10,3456.05,3456.05,8575,2959600
EICHERMOT_F1,11/29/2022,14:25:00,3457.75,3457.75,3456.60,3457.00,2100,2959600
EICHERMOT_F1,11/29/2022,14:26:00,3457.90,3457.90,3457.20,3457.20,1050,2959600
EICHERMOT_F1,11/29/2022,14:27:00,3457.00,3457.00,3456.70,3456.70,350,2959600
EICHERMOT_F1,11/29/2022,14:28:00,3457.75,3458.10,3456.60,3456.60,525,2964150
EICHERMOT_F1,11/29/2022,14:29:00,3457.75,3457.75,3456.05,3456.05,700,2964150
EICHERMOT_F1,11/29/2022,14:30:00,3457.20,3457.45,3457.20,3457.45,350,2964150
EICHERMOT_F1,11/29/2022,14:31:00,3457.20,3458.40,3457.00,3457.50,1575,2964850
EICHERMOT_F1,11/29/2022,14:34:00,3455.50,3456.80,3455.50,3456.80,525,2965200
EICHERMOT_F1,11/29/2022,14:35:00,3455.00,3455.00,3455.00,3455.00,175,2965200
EICHERMOT_F1,11/29/2022,14:36:00,3455.15,3456.05,3453.60,3453.60,2450,2966600
EICHERMOT_F1,11/29/2022,14:37:00,3451.90,3451.90,3448.10,3449.10,2450,2966600
EICHERMOT_F1,11/29/2022,14:38:00,3449.00,3449.00,3445.00,3445.00,2275,2966600
EICHERMOT_F1,11/29/2022,14:39:00,3445.00,3445.00,3443.20,3443.40,2450,2969575
EICHERMOT_F1,11/29/2022,14:40:00,3443.45,3444.70,3442.85,3444.70,1925,2969575
EICHERMOT_F1,11/29/2022,14:41:00,3443.50,3443.50,3440.15,3440.15,1925,2969575
EICHERMOT_F1,11/29/2022,14:42:00,3440.00,3440.00,3438.15,3440.00,3850,2972375
EICHERMOT_F1,11/29/2022,14:43:00,3441.95,3441.95,3440.20,3440.35,1225,2972375
EICHERMOT_F1,11/29/2022,14:45:00,3440.30,3440.30,3440.15,3440.15,350,2973075
EICHERMOT_F1,11/29/2022,14:46:00,3440.70,3440.70,3438.00,3438.00,3150,2973075
EICHERMOT_F1,11/29/2022,14:47:00,3438.95,3439.65,3437.15,3438.00,2625,2973075
EICHERMOT_F1,11/29/2022,14:48:00,3439.00,3439.00,3436.50,3436.50,2975,2973950
EICHERMOT_F1,11/29/2022,14:49:00,3435.00,3437.05,3433.55,3437.05,4375,2973950
EICHERMOT_F1,11/29/2022,14:50:00,3437.40,3438.60,3435.90,3435.90,3500,2973950
EICHERMOT_F1,11/29/2022,14:51:00,3433.95,3434.60,3433.10,3434.00,2450,2974825
EICHERMOT_F1,11/29/2022,14:52:00,3434.05,3435.00,3434.05,3435.00,875,2974825
EICHERMOT_F1,11/29/2022,14:53:00,3435.85,3435.85,3434.65,3435.00,875,2974825
EICHERMOT_F1,11/29/2022,14:54:00,3436.40,3437.15,3435.05,3435.05,1925,2974125
EICHERMOT_F1,11/29/2022,14:55:00,3435.00,3436.00,3434.65,3436.00,700,2974125
EICHERMOT_F1,11/29/2022,14:56:00,3435.65,3436.05,3435.25,3435.25,1050,2974125
EICHERMOT_F1,11/29/2022,14:57:00,3435.15,3438.70,3435.00,3437.75,5775,2974650
EICHERMOT_F1,11/29/2022,14:58:00,3439.00,3440.75,3439.00,3440.75,525,2974650
EICHERMOT_F1,11/29/2022,14:59:00,3439.15,3439.25,3435.45,3435.90,2275,2974650
EICHERMOT_F1,11/29/2022,15:00:00,3434.60,3435.30,3434.00,3434.00,3325,2976575
EICHERMOT_F1,11/29/2022,15:01:00,3435.10,3435.60,3432.00,3433.45,4550,2976575
EICHERMOT_F1,11/29/2022,15:02:00,3433.65,3434.20,3428.30,3428.75,8925,2976575
EICHERMOT_F1,11/29/2022,15:03:00,3429.95,3431.65,3428.75,3431.25,4550,2982700
EICHERMOT_F1,11/29/2022,15:04:00,3431.05,3431.05,3427.05,3428.20,9625,2982700
EICHERMOT_F1,11/29/2022,15:05:00,3428.05,3431.05,3428.05,3430.15,2625,2982700
EICHERMOT_F1,11/29/2022,15:06:00,3430.30,3430.60,3427.10,3427.10,2625,2988650
EICHERMOT_F1,11/29/2022,15:07:00,3427.15,3429.20,3427.15,3428.90,1750,2988650
EICHERMOT_F1,11/29/2022,15:08:00,3429.25,3429.35,3427.25,3428.70,3500,2988650
EICHERMOT_F1,11/29/2022,15:09:00,3428.20,3429.85,3426.85,3429.15,3150,2990225
EICHERMOT_F1,11/29/2022,15:10:00,3428.55,3429.00,3426.25,3426.70,6650,2990225
EICHERMOT_F1,11/29/2022,15:11:00,3426.95,3427.50,3425.15,3425.15,2625,2990225
EICHERMOT_F1,11/29/2022,15:12:00,3425.10,3425.70,3424.55,3425.00,5075,2998275
EICHERMOT_F1,11/29/2022,15:13:00,3425.00,3427.40,3425.00,3426.70,2975,2998275
EICHERMOT_F1,11/29/2022,15:14:00,3426.35,3427.10,3425.90,3426.45,875,2998275
EICHERMOT_F1,11/29/2022,15:15:00,3426.95,3429.00,3426.95,3428.35,2450,2996700
EICHERMOT_F1,11/29/2022,15:16:00,3429.70,3429.70,3426.60,3428.00,2625,2996700
EICHERMOT_F1,11/29/2022,15:17:00,3427.25,3427.50,3426.90,3426.90,4900,2996700
EICHERMOT_F1,11/29/2022,15:18:00,3426.50,3427.00,3425.05,3426.00,6650,3000025
EICHERMOT_F1,11/29/2022,15:19:00,3426.00,3426.35,3425.00,3425.05,1400,3000025
EICHERMOT_F1,11/29/2022,15:20:00,3425.25,3427.60,3425.25,3427.10,2450,3000025
EICHERMOT_F1,11/29/2022,15:21:00,3426.85,3426.90,3425.70,3425.70,1400,3000375
EICHERMOT_F1,11/29/2022,15:22:00,3426.00,3426.70,3425.35,3426.15,3150,3000375
EICHERMOT_F1,11/29/2022,15:23:00,3426.40,3427.55,3426.10,3426.10,4025,3000375
EICHERMOT_F1,11/29/2022,15:24:00,3425.60,3425.60,3424.70,3424.70,3850,3000200
EICHERMOT_F1,11/29/2022,15:25:00,3425.05,3425.05,3419.05,3424.20,13825,3000200
EICHERMOT_F1,11/29/2022,15:26:00,3424.20,3424.20,3421.60,3422.50,2800,3000200
EICHERMOT_F1,11/29/2022,15:27:00,3423.00,3423.90,3422.05,3422.75,2450,3003000
EICHERMOT_F1,11/29/2022,15:28:00,3423.85,3424.00,3422.05,3422.25,5075,3003000
EICHERMOT_F1,11/29/2022,15:29:00,3421.30,3422.70,3418.40,3421.90,6825,3003000
EICHERMOT_F1,11/30/2022,09:15:00,3432.70,3440.00,3432.65,3440.00,2977,2973950
EICHERMOT_F1,11/30/2022,09:16:00,3442.00,3446.25,3441.00,3442.45,3850,2973950
EICHERMOT_F1,11/30/2022,09:17:00,3444.70,3446.85,3441.75,3446.85,4900,2971675
EICHERMOT_F1,11/30/2022,09:18:00,3448.00,3450.95,3448.00,3449.00,3675,2971675
EICHERMOT_F1,11/30/2022,09:19:00,3448.95,3450.00,3447.70,3449.00,1925,2971675
EICHERMOT_F1,11/30/2022,09:20:00,3446.60,3453.95,3446.60,3449.20,8050,2969225
EICHERMOT_F1,11/30/2022,09:21:00,3449.15,3449.15,3443.75,3446.75,8050,2969225
EICHERMOT_F1,11/30/2022,09:22:00,3448.00,3449.45,3448.00,3448.10,700,2969225
EICHERMOT_F1,11/30/2022,09:23:00,3449.45,3450.90,3448.10,3448.60,2975,2966950
EICHERMOT_F1,11/30/2022,09:24:00,3450.40,3450.40,3448.25,3448.25,525,2966950
EICHERMOT_F1,11/30/2022,09:25:00,3448.00,3454.00,3448.00,3454.00,4375,2966950
EICHERMOT_F1,11/30/2022,09:26:00,3453.00,3455.00,3451.10,3455.00,2275,2964150
EICHERMOT_F1,11/30/2022,09:27:00,3452.20,3454.60,3452.20,3453.00,875,2964150
EICHERMOT_F1,11/30/2022,09:28:00,3455.55,3457.90,3455.55,3456.05,3850,2964150
EICHERMOT_F1,11/30/2022,09:29:00,3455.50,3455.50,3451.00,3451.70,2975,2962400
EICHERMOT_F1,11/30/2022,09:30:00,3450.25,3450.25,3449.10,3449.10,2625,2962400
EICHERMOT_F1,11/30/2022,09:31:00,3451.50,3452.50,3451.50,3452.50,1575,2962400
EICHERMOT_F1,11/30/2022,09:32:00,3452.45,3452.75,3450.60,3450.60,875,2962400
EICHERMOT_F1,11/30/2022,09:33:00,3449.35,3452.85,3448.05,3452.85,1925,2959600
EICHERMOT_F1,11/30/2022,09:34:00,3452.30,3453.00,3452.30,3453.00,700,2959600
EICHERMOT_F1,11/30/2022,09:35:00,3453.00,3453.00,3451.45,3451.55,700,2960125
EICHERMOT_F1,11/30/2022,09:36:00,3451.00,3451.00,3449.55,3449.55,875,2960125
EICHERMOT_F1,11/30/2022,09:37:00,3449.00,3449.60,3446.95,3448.40,1225,2960125
EICHERMOT_F1,11/30/2022,09:38:00,3447.55,3447.55,3444.65,3447.00,1400,2959600
EICHERMOT_F1,11/30/2022,09:39:00,3448.40,3448.40,3443.00,3443.00,350,2959600
EICHERMOT_F1,11/30/2022,09:40:00,3443.00,3443.00,3440.00,3442.10,3150,2959600
EICHERMOT_F1,11/30/2022,09:41:00,3439.10,3445.10,3439.00,3445.10,2275,2958900
EICHERMOT_F1,11/30/2022,09:42:00,3446.85,3447.15,3442.75,3442.75,1400,2958900
EICHERMOT_F1,11/30/2022,09:43:00,3444.00,3444.00,3444.00,3444.00,175,2958900
EICHERMOT_F1,11/30/2022,09:44:00,3441.90,3443.00,3441.90,3443.00,875,2958725
EICHERMOT_F1,11/30/2022,09:45:00,3445.00,3445.30,3445.00,3445.30,525,2958725
EICHERMOT_F1,11/30/2022,09:46:00,3446.00,3447.15,3446.00,3447.15,700,2958725
EICHERMOT_F1,11/30/2022,09:47:00,3447.00,3447.00,3447.00,3447.00,175,2958725
EICHERMOT_F1,11/30/2022,09:48:00,3444.00,3447.65,3444.00,3447.65,1575,2958200
EICHERMOT_F1,11/30/2022,09:49:00,3445.60,3445.60,3443.75,3443.95,1575,2958200
EICHERMOT_F1,11/30/2022,09:50:00,3444.70,3444.70,3440.60,3440.60,700,2958200
EICHERMOT_F1,11/30/2022,09:51:00,3440.75,3441.35,3440.65,3441.35,700,2955925
EICHERMOT_F1,11/30/2022,09:52:00,3440.00,3440.00,3440.00,3440.00,175,2955925
EICHERMOT_F1,11/30/2022,09:54:00,3438.40,3438.40,3435.40,3436.50,1575,2955750
EICHERMOT_F1,11/30/2022,09:56:00,3436.30,3437.30,3436.30,3437.30,1400,2955575
EICHERMOT_F1,11/30/2022,09:57:00,3437.25,3437.25,3437.25,3437.25,525,2955575
EICHERMOT_F1,11/30/2022,09:58:00,3438.20,3438.20,3437.75,3437.75,1400,2955575
EICHERMOT_F1,11/30/2022,09:59:00,3435.50,3437.10,3435.00,3435.85,4375,2954875
EICHERMOT_F1,11/30/2022,10:00:00,3436.40,3436.40,3435.00,3435.00,350,2954875
EICHERMOT_F1,11/30/2022,10:01:00,3437.40,3437.40,3436.70,3436.70,350,2954875
EICHERMOT_F1,11/30/2022,10:02:00,3436.80,3438.00,3436.80,3438.00,525,2954875
EICHERMOT_F1,11/30/2022,10:03:00,3438.05,3438.05,3437.20,3438.05,1050,2954525
EICHERMOT_F1,11/30/2022,10:04:00,3439.85,3439.85,3439.85,3439.85,875,2954525
EICHERMOT_F1,11/30/2022,10:05:00,3440.00,3441.00,3439.05,3439.05,2625,2954350
EICHERMOT_F1,11/30/2022,10:06:00,3441.25,3442.15,3441.25,3442.15,350,2954350
EICHERMOT_F1,11/30/2022,10:07:00,3443.85,3445.00,3443.85,3445.00,1225,2954350
EICHERMOT_F1,11/30/2022,10:08:00,3446.80,3446.80,3446.55,3446.55,525,2954175
EICHERMOT_F1,11/30/2022,10:09:00,3445.75,3446.70,3445.75,3446.70,1750,2954175
EICHERMOT_F1,11/30/2022,10:10:00,3447.00,3448.00,3447.00,3448.00,525,2954175
EICHERMOT_F1,11/30/2022,10:11:00,3448.00,3448.00,3448.00,3448.00,350,2954175
EICHERMOT_F1,11/30/2022,10:12:00,3447.15,3448.00,3446.60,3448.00,525,2953650
EICHERMOT_F1,11/30/2022,10:13:00,3447.15,3447.15,3447.15,3447.15,175,2953650
EICHERMOT_F1,11/30/2022,10:14:00,3449.00,3449.00,3449.00,3449.00,175,2953125
EICHERMOT_F1,11/30/2022,10:15:00,3448.70,3448.70,3448.70,3448.70,2275,2953125
EICHERMOT_F1,11/30/2022,10:16:00,3449.90,3449.90,3449.90,3449.90,875,2953125
EICHERMOT_F1,11/30/2022,10:17:00,3449.05,3449.05,3449.05,3449.05,875,2953125
EICHERMOT_F1,11/30/2022,10:18:00,3449.60,3449.60,3445.00,3445.00,1750,2951025
EICHERMOT_F1,11/30/2022,10:19:00,3445.70,3447.75,3445.70,3446.55,875,2951025
EICHERMOT_F1,11/30/2022,10:20:00,3446.60,3447.75,3445.85,3445.85,525,2951025
EICHERMOT_F1,11/30/2022,10:21:00,3445.95,3445.95,3445.95,3445.95,175,2950500
EICHERMOT_F1,11/30/2022,10:22:00,3443.35,3443.35,3443.35,3443.35,525,2950500
EICHERMOT_F1,11/30/2022,10:23:00,3442.25,3443.60,3442.05,3443.60,525,2950500
EICHERMOT_F1,11/30/2022,10:24:00,3443.40,3443.40,3443.40,3443.40,175,2951025
EICHERMOT_F1,11/30/2022,10:25:00,3447.25,3447.25,3447.25,3447.25,700,2951025
EICHERMOT_F1,11/30/2022,10:26:00,3446.15,3446.15,3445.05,3445.05,700,2950325
EICHERMOT_F1,11/30/2022,10:27:00,3447.05,3447.05,3447.05,3447.05,175,2950325
EICHERMOT_F1,11/30/2022,10:28:00,3447.05,3447.05,3447.05,3447.05,175,2950325
EICHERMOT_F1,11/30/2022,10:29:00,3448.95,3448.95,3447.60,3447.60,525,2950325
EICHERMOT_F1,11/30/2022,10:30:00,3447.60,3448.25,3447.55,3447.55,875,2950500
EICHERMOT_F1,11/30/2022,10:31:00,3447.70,3449.90,3447.70,3449.90,700,2950500
EICHERMOT_F1,11/30/2022,10:32:00,3450.90,3452.00,3450.15,3451.95,1575,2950500
EICHERMOT_F1,11/30/2022,10:33:00,3451.95,3452.00,3451.95,3452.00,700,2950325
EICHERMOT_F1,11/30/2022,10:34:00,3451.55,3451.55,3451.55,3451.55,700,2950325
EICHERMOT_F1,11/30/2022,10:35:00,3452.15,3452.15,3451.95,3451.95,700,2950150
EICHERMOT_F1,11/30/2022,10:36:00,3450.85,3450.85,3448.60,3448.60,1050,2950150
EICHERMOT_F1,11/30/2022,10:37:00,3448.30,3451.75,3447.95,3451.75,1050,2950150
EICHERMOT_F1,11/30/2022,10:38:00,3451.95,3454.00,3451.95,3454.00,1225,2950150
EICHERMOT_F1,11/30/2022,10:39:00,3453.35,3453.95,3452.00,3453.60,875,2949975
EICHERMOT_F1,11/30/2022,10:40:00,3453.90,3454.00,3453.90,3454.00,525,2949975
EICHERMOT_F1,11/30/2022,10:41:00,3454.90,3454.90,3454.90,3454.90,175,2949275
EICHERMOT_F1,11/30/2022,10:42:00,3453.90,3453.90,3452.45,3452.45,875,2949275
EICHERMOT_F1,11/30/2022,10:43:00,3452.00,3452.00,3451.40,3451.40,350,2949275
EICHERMOT_F1,11/30/2022,10:44:00,3449.15,3449.70,3449.15,3449.70,350,2949275
EICHERMOT_F1,11/30/2022,10:45:00,3448.60,3448.60,3448.60,3448.60,175,2948750
EICHERMOT_F1,11/30/2022,10:46:00,3449.50,3449.50,3448.45,3448.45,525,2948750
EICHERMOT_F1,11/30/2022,10:47:00,3448.00,3448.00,3447.30,3447.30,525,2948750
EICHERMOT_F1,11/30/2022,10:48:00,3447.30,3447.30,3447.00,3447.00,875,2948050
EICHERMOT_F1,11/30/2022,10:49:00,3450.00,3450.00,3450.00,3450.00,350,2948050
EICHERMOT_F1,11/30/2022,10:50:00,3450.00,3452.60,3450.00,3452.60,700,2948050
EICHERMOT_F1,11/30/2022,10:51:00,3452.60,3453.00,3450.45,3450.45,875,2947875
EICHERMOT_F1,11/30/2022,10:52:00,3451.85,3451.85,3451.85,3451.85,175,2947875
EICHERMOT_F1,11/30/2022,10:53:00,3450.40,3450.40,3449.15,3449.15,875,2947875
EICHERMOT_F1,11/30/2022,10:54:00,3451.00,3451.00,3450.20,3450.20,350,2948750
EICHERMOT_F1,11/30/2022,10:55:00,3450.00,3452.60,3450.00,3452.15,1925,2948750
EICHERMOT_F1,11/30/2022,10:56:00,3452.35,3452.35,3444.50,3445.55,14000,2955575
EICHERMOT_F1,11/30/2022,10:57:00,3448.95,3448.95,3448.95,3448.95,175,2955575
EICHERMOT_F1,11/30/2022,10:58:00,3451.10,3451.10,3448.00,3448.00,1400,2955575
EICHERMOT_F1,11/30/2022,10:59:00,3447.50,3447.50,3447.50,3447.50,1750,2955575
EICHERMOT_F1,11/30/2022,11:00:00,3447.90,3447.90,3445.40,3445.40,875,2955050
EICHERMOT_F1,11/30/2022,11:01:00,3446.50,3446.50,3445.60,3445.60,1400,2955050
EICHERMOT_F1,11/30/2022,11:02:00,3445.00,3446.75,3445.00,3446.45,1400,2955050
EICHERMOT_F1,11/30/2022,11:03:00,3446.00,3447.05,3446.00,3447.05,525,2956800
EICHERMOT_F1,11/30/2022,11:04:00,3447.60,3448.25,3447.60,3448.25,525,2956800
EICHERMOT_F1,11/30/2022,11:05:00,3448.25,3450.00,3448.25,3449.15,1400,2956800
EICHERMOT_F1,11/30/2022,11:06:00,3449.80,3452.00,3449.80,3452.00,875,2956625
EICHERMOT_F1,11/30/2022,11:07:00,3452.05,3454.45,3452.05,3452.15,1050,2956625
EICHERMOT_F1,11/30/2022,11:08:00,3452.05,3452.05,3452.05,3452.05,175,2956625
EICHERMOT_F1,11/30/2022,11:09:00,3453.00,3453.00,3453.00,3453.00,175,2956800
EICHERMOT_F1,11/30/2022,11:10:00,3453.50,3457.75,3453.50,3457.75,2625,2956800
EICHERMOT_F1,11/30/2022,11:11:00,3457.95,3458.95,3457.80,3457.80,2275,2956100
EICHERMOT_F1,11/30/2022,11:12:00,3457.60,3457.70,3454.60,3457.00,3325,2956100
EICHERMOT_F1,11/30/2022,11:13:00,3456.10,3456.95,3455.60,3455.60,525,2956100
EICHERMOT_F1,11/30/2022,11:14:00,3456.90,3456.90,3456.90,3456.90,350,2956100
EICHERMOT_F1,11/30/2022,11:15:00,3457.50,3457.50,3456.90,3456.90,350,2954875
EICHERMOT_F1,11/30/2022,11:16:00,3456.90,3462.40,3456.75,3462.40,10675,2954875
EICHERMOT_F1,11/30/2022,11:17:00,3460.90,3460.90,3460.05,3460.65,1575,2954875
EICHERMOT_F1,11/30/2022,11:18:00,3461.10,3461.45,3459.45,3460.50,1050,2952075
EICHERMOT_F1,11/30/2022,11:19:00,3462.40,3462.45,3461.00,3461.00,1925,2952075
EICHERMOT_F1,11/30/2022,11:20:00,3464.40,3466.70,3464.40,3466.00,5425,2949625
EICHERMOT_F1,11/30/2022,11:21:00,3467.00,3467.00,3463.35,3464.10,4025,2949625
EICHERMOT_F1,11/30/2022,11:22:00,3464.60,3465.00,3463.70,3463.70,875,2949625
EICHERMOT_F1,11/30/2022,11:23:00,3464.55,3464.55,3464.55,3464.55,175,2949625
EICHERMOT_F1,11/30/2022,11:24:00,3464.95,3465.00,3464.00,3465.00,875,2948225
EICHERMOT_F1,11/30/2022,11:25:00,3464.30,3464.35,3464.30,3464.35,700,2948225
EICHERMOT_F1,11/30/2022,11:26:00,3465.00,3465.10,3463.90,3463.90,1050,2948225
EICHERMOT_F1,11/30/2022,11:27:00,3465.45,3465.45,3462.65,3465.15,2100,2948225
EICHERMOT_F1,11/30/2022,11:28:00,3463.80,3464.35,3463.05,3464.35,875,2948225
EICHERMOT_F1,11/30/2022,11:29:00,3462.05,3462.50,3461.85,3462.50,1225,2948225
EICHERMOT_F1,11/30/2022,11:30:00,3462.15,3463.00,3462.10,3463.00,525,2947700
EICHERMOT_F1,11/30/2022,11:31:00,3463.75,3466.00,3463.75,3466.00,1925,2947700
EICHERMOT_F1,11/30/2022,11:32:00,3466.35,3466.95,3465.40,3466.95,1925,2947700
EICHERMOT_F1,11/30/2022,11:33:00,3467.75,3467.75,3465.25,3465.30,2100,2948225
EICHERMOT_F1,11/30/2022,11:34:00,3464.35,3464.35,3461.70,3461.70,700,2948225
EICHERMOT_F1,11/30/2022,11:35:00,3461.30,3462.45,3457.00,3457.00,1400,2948225
EICHERMOT_F1,11/30/2022,11:36:00,3457.60,3457.60,3456.00,3456.00,1575,2948050
EICHERMOT_F1,11/30/2022,11:37:00,3458.75,3458.75,3458.75,3458.75,350,2948050
EICHERMOT_F1,11/30/2022,11:38:00,3460.95,3460.95,3458.00,3458.00,875,2948050
EICHERMOT_F1,11/30/2022,11:39:00,3456.10,3456.10,3456.10,3456.10,175,2948050
EICHERMOT_F1,11/30/2022,11:40:00,3457.00,3457.00,3457.00,3457.00,175,2948225
EICHERMOT_F1,11/30/2022,11:41:00,3458.40,3458.40,3457.10,3457.95,700,2948225
EICHERMOT_F1,11/30/2022,11:42:00,3459.30,3459.30,3459.10,3459.10,350,2948400
EICHERMOT_F1,11/30/2022,11:43:00,3459.85,3459.85,3458.45,3458.45,350,2948400
EICHERMOT_F1,11/30/2022,11:44:00,3459.65,3459.65,3459.65,3459.65,175,2948400
EICHERMOT_F1,11/30/2022,11:45:00,3459.35,3459.90,3459.35,3459.90,350,2947700
EICHERMOT_F1,11/30/2022,11:46:00,3460.00,3460.00,3460.00,3460.00,350,2947700
EICHERMOT_F1,11/30/2022,11:47:00,3460.85,3461.40,3460.50,3461.40,525,2947700
EICHERMOT_F1,11/30/2022,11:48:00,3461.80,3462.20,3461.80,3462.20,525,2948050
EICHERMOT_F1,11/30/2022,11:49:00,3461.65,3462.25,3461.65,3462.25,700,2948050
EICHERMOT_F1,11/30/2022,11:50:00,3461.00,3461.55,3461.00,3461.55,350,2948050
EICHERMOT_F1,11/30/2022,11:51:00,3465.00,3466.30,3465.00,3466.30,875,2948050
EICHERMOT_F1,11/30/2022,11:52:00,3466.35,3466.35,3464.65,3464.65,350,2948050
EICHERMOT_F1,11/30/2022,11:53:00,3464.65,3464.65,3463.90,3463.90,1050,2948050
EICHERMOT_F1,11/30/2022,11:54:00,3462.15,3462.15,3462.15,3462.15,175,2949275
EICHERMOT_F1,11/30/2022,11:55:00,3462.00,3463.05,3460.20,3462.30,1050,2949275
EICHERMOT_F1,11/30/2022,11:56:00,3462.20,3462.20,3462.20,3462.20,175,2949275
EICHERMOT_F1,11/30/2022,11:57:00,3459.90,3459.90,3459.10,3459.40,2100,2949975
EICHERMOT_F1,11/30/2022,11:58:00,3461.45,3461.45,3461.40,3461.40,525,2949975
EICHERMOT_F1,11/30/2022,11:59:00,3462.00,3462.00,3460.40,3460.40,350,2949975
EICHERMOT_F1,11/30/2022,12:00:00,3462.00,3464.00,3461.35,3464.00,875,2949450
EICHERMOT_F1,11/30/2022,12:01:00,3462.60,3464.45,3462.60,3464.45,350,2949450
EICHERMOT_F1,11/30/2022,12:02:00,3463.35,3463.35,3463.35,3463.35,175,2949450
EICHERMOT_F1,11/30/2022,12:03:00,3464.85,3465.35,3463.60,3465.35,1400,2949800
EICHERMOT_F1,11/30/2022,12:04:00,3465.50,3466.00,3465.50,3466.00,1050,2949800
EICHERMOT_F1,11/30/2022,12:05:00,3465.60,3466.90,3465.45,3465.45,700,2949800
EICHERMOT_F1,11/30/2022,12:06:00,3466.90,3466.90,3466.90,3466.90,175,2949450
EICHERMOT_F1,11/30/2022,12:07:00,3464.05,3464.05,3464.05,3464.05,1225,2949450
EICHERMOT_F1,11/30/2022,12:08:00,3465.00,3465.00,3464.45,3464.45,350,2949450
EICHERMOT_F1,11/30/2022,12:09:00,3465.20,3466.00,3464.95,3464.95,525,2948925
EICHERMOT_F1,11/30/2022,12:10:00,3463.40,3463.40,3463.40,3463.40,175,2948925
EICHERMOT_F1,11/30/2022,12:11:00,3463.00,3463.00,3460.95,3460.95,350,2948925
EICHERMOT_F1,11/30/2022,12:12:00,3461.05,3461.05,3461.05,3461.05,175,2948400
EICHERMOT_F1,11/30/2022,12:13:00,3460.00,3460.00,3460.00,3460.00,2800,2948400
EICHERMOT_F1,11/30/2022,12:14:00,3459.00,3459.10,3459.00,3459.10,525,2948400
EICHERMOT_F1,11/30/2022,12:15:00,3459.10,3459.10,3456.80,3456.80,700,2946475
EICHERMOT_F1,11/30/2022,12:16:00,3458.45,3458.80,3458.00,3458.00,700,2946475
EICHERMOT_F1,11/30/2022,12:18:00,3458.55,3458.55,3458.55,3458.55,175,2946475
EICHERMOT_F1,11/30/2022,12:19:00,3458.75,3458.75,3458.20,3458.20,525,2946300
EICHERMOT_F1,11/30/2022,12:20:00,3458.00,3459.85,3458.00,3459.85,700,2946300
EICHERMOT_F1,11/30/2022,12:21:00,3458.15,3459.70,3458.15,3459.70,1050,2945950
EICHERMOT_F1,11/30/2022,12:23:00,3459.05,3459.50,3459.05,3459.50,525,2945950
EICHERMOT_F1,11/30/2022,12:24:00,3459.50,3459.50,3458.70,3458.70,525,2945775
EICHERMOT_F1,11/30/2022,12:26:00,3460.45,3460.45,3460.45,3460.45,700,2945775
EICHERMOT_F1,11/30/2022,12:27:00,3459.80,3459.80,3459.80,3459.80,525,2945775
EICHERMOT_F1,11/30/2022,12:28:00,3459.25,3459.95,3459.25,3459.95,525,2945075
EICHERMOT_F1,11/30/2022,12:29:00,3461.00,3461.00,3459.90,3459.90,700,2945075
EICHERMOT_F1,11/30/2022,12:30:00,3460.00,3461.00,3460.00,3461.00,700,2944900
EICHERMOT_F1,11/30/2022,12:31:00,3462.00,3462.30,3462.00,3462.30,525,2944900
EICHERMOT_F1,11/30/2022,12:33:00,3463.85,3463.85,3462.40,3462.60,700,2944375
EICHERMOT_F1,11/30/2022,12:35:00,3463.05,3463.05,3463.05,3463.05,175,2944375
EICHERMOT_F1,11/30/2022,12:36:00,3462.35,3463.90,3462.35,3463.90,525,2944025
EICHERMOT_F1,11/30/2022,12:37:00,3464.00,3464.50,3464.00,3464.50,350,2944025
EICHERMOT_F1,11/30/2022,12:38:00,3466.50,3466.50,3466.15,3466.15,875,2944025
EICHERMOT_F1,11/30/2022,12:40:00,3465.40,3466.90,3465.40,3466.90,1050,2944025
EICHERMOT_F1,11/30/2022,12:42:00,3467.10,3467.70,3466.25,3466.25,2275,2944025
EICHERMOT_F1,11/30/2022,12:43:00,3468.45,3469.75,3468.45,3469.75,2800,2944025
EICHERMOT_F1,11/30/2022,12:44:00,3470.95,3470.95,3467.35,3467.35,2800,2944025
EICHERMOT_F1,11/30/2022,12:45:00,3468.15,3468.15,3468.15,3468.15,525,2944025
EICHERMOT_F1,11/30/2022,12:46:00,3468.15,3468.15,3468.15,3468.15,175,2943675
EICHERMOT_F1,11/30/2022,12:47:00,3466.75,3467.00,3466.35,3467.00,525,2943675
EICHERMOT_F1,11/30/2022,12:48:00,3466.75,3468.45,3466.75,3468.45,1400,2943500
EICHERMOT_F1,11/30/2022,12:49:00,3468.05,3468.40,3468.00,3468.40,1750,2943500
EICHERMOT_F1,11/30/2022,12:50:00,3468.00,3468.00,3467.05,3467.05,525,2943500
EICHERMOT_F1,11/30/2022,12:51:00,3467.25,3467.25,3467.25,3467.25,350,2941925
EICHERMOT_F1,11/30/2022,12:52:00,3467.75,3468.40,3467.75,3468.40,875,2941925
EICHERMOT_F1,11/30/2022,12:53:00,3468.80,3468.80,3468.70,3468.70,1050,2941925
EICHERMOT_F1,11/30/2022,12:54:00,3468.25,3468.25,3467.35,3467.35,525,2941575
EICHERMOT_F1,11/30/2022,12:55:00,3467.25,3469.40,3467.25,3469.40,875,2941575
EICHERMOT_F1,11/30/2022,12:56:00,3469.85,3471.25,3469.80,3470.95,2800,2941575
EICHERMOT_F1,11/30/2022,12:57:00,3470.00,3471.40,3470.00,3471.40,1050,2940875
EICHERMOT_F1,11/30/2022,12:58:00,3472.00,3476.50,3471.50,3476.50,10500,2940875
EICHERMOT_F1,11/30/2022,12:59:00,3475.05,3475.75,3475.05,3475.05,1225,2940875
EICHERMOT_F1,11/30/2022,13:00:00,3474.55,3475.55,3474.55,3475.25,1750,2941750
EICHERMOT_F1,11/30/2022,13:01:00,3474.75,3476.00,3474.75,3475.85,1575,2941750
EICHERMOT_F1,11/30/2022,13:02:00,3476.00,3477.95,3475.00,3477.95,4375,2941750
EICHERMOT_F1,11/30/2022,13:03:00,3477.60,3479.00,3477.50,3478.55,5075,2939125
EICHERMOT_F1,11/30/2022,13:04:00,3477.80,3478.00,3476.00,3476.95,1925,2939125
EICHERMOT_F1,11/30/2022,13:05:00,3476.10,3477.30,3476.05,3477.30,1050,2939125
EICHERMOT_F1,11/30/2022,13:06:00,3475.70,3475.70,3474.75,3475.00,4200,2937375
EICHERMOT_F1,11/30/2022,13:07:00,3475.70,3475.75,3474.75,3475.75,875,2937375
EICHERMOT_F1,11/30/2022,13:08:00,3475.75,3476.00,3474.85,3474.85,2275,2937375
EICHERMOT_F1,11/30/2022,13:09:00,3476.00,3476.00,3475.00,3475.00,1050,2934575
EICHERMOT_F1,11/30/2022,13:10:00,3474.65,3476.90,3474.65,3474.65,1400,2934575
EICHERMOT_F1,11/30/2022,13:11:00,3474.95,3479.10,3474.95,3479.10,4725,2934575
EICHERMOT_F1,11/30/2022,13:12:00,3477.50,3485.80,3477.50,3483.55,16100,2934750
EICHERMOT_F1,11/30/2022,13:13:00,3483.00,3483.60,3477.50,3477.50,3150,2934750
EICHERMOT_F1,11/30/2022,13:14:00,3476.55,3477.00,3476.00,3477.00,1400,2934750
EICHERMOT_F1,11/30/2022,13:15:00,3477.10,3477.10,3477.10,3477.10,175,2934750
EICHERMOT_F1,11/30/2022,13:16:00,3477.20,3477.90,3477.20,3477.90,525,2935800
EICHERMOT_F1,11/30/2022,13:17:00,3477.45,3478.60,3477.45,3478.60,700,2935800
EICHERMOT_F1,11/30/2022,13:18:00,3478.55,3479.35,3478.50,3479.35,1400,2935625
EICHERMOT_F1,11/30/2022,13:19:00,3478.20,3479.95,3477.70,3479.95,2275,2935625
EICHERMOT_F1,11/30/2022,13:20:00,3478.05,3478.10,3478.00,3478.10,525,2935625
EICHERMOT_F1,11/30/2022,13:21:00,3480.00,3483.00,3480.00,3480.50,3500,2935800
EICHERMOT_F1,11/30/2022,13:22:00,3480.85,3480.85,3478.80,3479.45,700,2935800
EICHERMOT_F1,11/30/2022,13:23:00,3479.70,3480.15,3479.60,3480.05,1575,2935800
EICHERMOT_F1,11/30/2022,13:24:00,3480.05,3480.05,3478.25,3479.25,525,2937025
EICHERMOT_F1,11/30/2022,13:25:00,3479.00,3479.90,3479.00,3479.70,875,2937025
EICHERMOT_F1,11/30/2022,13:26:00,3480.00,3481.90,3480.00,3481.90,1750,2937025
EICHERMOT_F1,11/30/2022,13:27:00,3481.95,3481.95,3481.95,3481.95,175,2937550
EICHERMOT_F1,11/30/2022,13:28:00,3482.00,3482.50,3482.00,3482.50,1050,2937550
EICHERMOT_F1,11/30/2022,13:29:00,3483.00,3483.00,3481.15,3481.15,1400,2937550
EICHERMOT_F1,11/30/2022,13:30:00,3481.40,3482.90,3481.40,3482.90,1925,2937900
EICHERMOT_F1,11/30/2022,13:31:00,3483.35,3483.35,3481.00,3481.00,1575,2937900
EICHERMOT_F1,11/30/2022,13:33:00,3479.80,3479.80,3479.00,3479.00,700,2937025
EICHERMOT_F1,11/30/2022,13:34:00,3483.00,3483.00,3482.95,3482.95,525,2937025
EICHERMOT_F1,11/30/2022,13:35:00,3481.65,3481.65,3481.65,3481.65,525,2937025
EICHERMOT_F1,11/30/2022,13:36:00,3482.70,3482.70,3481.45,3481.45,2100,2937025
EICHERMOT_F1,11/30/2022,13:37:00,3479.05,3480.35,3479.05,3479.05,700,2937025
EICHERMOT_F1,11/30/2022,13:38:00,3480.00,3480.00,3478.90,3478.90,4725,2937025
EICHERMOT_F1,11/30/2022,13:39:00,3479.10,3479.10,3476.25,3476.25,2450,2941225
EICHERMOT_F1,11/30/2022,13:40:00,3477.60,3477.60,3476.65,3477.00,525,2941225
EICHERMOT_F1,11/30/2022,13:41:00,3480.05,3480.05,3480.05,3480.05,4550,2941225
EICHERMOT_F1,11/30/2022,13:42:00,3481.75,3484.00,3478.30,3484.00,9800,2940525
EICHERMOT_F1,11/30/2022,13:43:00,3484.00,3484.00,3481.80,3481.80,3675,2940525
EICHERMOT_F1,11/30/2022,13:44:00,3483.30,3483.30,3483.30,3483.30,350,2940525
EICHERMOT_F1,11/30/2022,13:45:00,3484.50,3487.00,3484.50,3487.00,4200,2942450
EICHERMOT_F1,11/30/2022,13:46:00,3487.40,3488.80,3487.00,3487.00,2800,2942450
EICHERMOT_F1,11/30/2022,13:47:00,3487.00,3489.20,3485.00,3489.20,11025,2942450
EICHERMOT_F1,11/30/2022,13:48:00,3489.75,3490.00,3487.50,3488.00,3675,2945950
EICHERMOT_F1,11/30/2022,13:49:00,3487.60,3487.95,3487.25,3487.95,525,2945950
EICHERMOT_F1,11/30/2022,13:50:00,3488.50,3490.00,3488.50,3489.90,1050,2945950
EICHERMOT_F1,11/30/2022,13:51:00,3491.00,3492.00,3490.35,3490.35,8400,2945775
EICHERMOT_F1,11/30/2022,13:52:00,3490.35,3490.35,3488.00,3488.00,2625,2945775
EICHERMOT_F1,11/30/2022,13:53:00,3487.80,3487.80,3485.40,3485.40,5775,2945775
EICHERMOT_F1,11/30/2022,13:54:00,3486.25,3486.25,3483.05,3484.25,1925,2946125
EICHERMOT_F1,11/30/2022,13:55:00,3484.25,3484.25,3482.90,3483.30,1400,2946125
EICHERMOT_F1,11/30/2022,13:56:00,3483.60,3486.25,3483.60,3486.25,3500,2946125
EICHERMOT_F1,11/30/2022,13:57:00,3487.20,3487.20,3484.35,3484.35,3325,2946125
EICHERMOT_F1,11/30/2022,13:58:00,3483.65,3483.65,3483.65,3483.65,350,2947875
EICHERMOT_F1,11/30/2022,13:59:00,3484.00,3484.70,3484.00,3484.70,350,2947875
EICHERMOT_F1,11/30/2022,14:00:00,3485.25,3487.25,3485.20,3485.60,2975,2948575
EICHERMOT_F1,11/30/2022,14:01:00,3483.90,3483.90,3480.95,3482.05,2275,2948575
EICHERMOT_F1,11/30/2022,14:02:00,3482.05,3483.05,3477.30,3478.75,3850,2948575
EICHERMOT_F1,11/30/2022,14:03:00,3477.30,3478.30,3476.10,3476.10,4025,2949275
EICHERMOT_F1,11/30/2022,14:04:00,3476.00,3476.40,3475.00,3475.00,2975,2949275
EICHERMOT_F1,11/30/2022,14:05:00,3475.40,3475.85,3473.00,3475.00,7350,2949275
EICHERMOT_F1,11/30/2022,14:06:00,3475.05,3476.60,3474.50,3475.00,4375,2951200
EICHERMOT_F1,11/30/2022,14:07:00,3475.05,3475.05,3471.30,3472.45,5600,2951200
EICHERMOT_F1,11/30/2022,14:08:00,3471.35,3473.80,3471.10,3471.10,2975,2951200
EICHERMOT_F1,11/30/2022,14:09:00,3470.60,3472.80,3467.40,3467.40,5425,2954000
EICHERMOT_F1,11/30/2022,14:10:00,3468.60,3468.60,3463.50,3466.20,4025,2954000
EICHERMOT_F1,11/30/2022,14:11:00,3466.20,3467.10,3465.10,3465.35,3150,2954000
EICHERMOT_F1,11/30/2022,14:12:00,3465.80,3468.35,3465.80,3466.30,2625,2957850
EICHERMOT_F1,11/30/2022,14:13:00,3466.20,3466.20,3462.20,3462.30,2275,2957850
EICHERMOT_F1,11/30/2022,14:14:00,3462.30,3463.45,3461.00,3462.55,5425,2957850
EICHERMOT_F1,11/30/2022,14:15:00,3463.20,3464.20,3461.95,3462.25,3500,2958375
EICHERMOT_F1,11/30/2022,14:16:00,3464.15,3464.15,3457.05,3457.45,5775,2958375
EICHERMOT_F1,11/30/2022,14:17:00,3457.40,3458.80,3456.00,3456.00,3150,2958375
EICHERMOT_F1,11/30/2022,14:18:00,3456.05,3458.10,3452.50,3458.10,7175,2962925
EICHERMOT_F1,11/30/2022,14:19:00,3458.25,3465.00,3458.05,3461.55,8050,2962925
EICHERMOT_F1,11/30/2022,14:20:00,3461.05,3470.00,3460.00,3469.10,12600,2962925
EICHERMOT_F1,11/30/2022,14:21:00,3467.90,3467.90,3461.70,3462.75,3325,2975000
EICHERMOT_F1,11/30/2022,14:22:00,3461.60,3463.00,3460.05,3461.10,4025,2975000
EICHERMOT_F1,11/30/2022,14:23:00,3461.15,3465.30,3461.05,3461.05,2275,2975000
EICHERMOT_F1,11/30/2022,14:24:00,3461.00,3463.05,3461.00,3461.20,1925,2976925
EICHERMOT_F1,11/30/2022,14:25:00,3461.20,3461.25,3455.20,3456.25,2975,2976925
EICHERMOT_F1,11/30/2022,14:26:00,3456.10,3458.00,3456.05,3458.00,2450,2976925
EICHERMOT_F1,11/30/2022,14:27:00,3457.15,3459.30,3456.45,3456.50,1925,2981125
EICHERMOT_F1,11/30/2022,14:28:00,3456.00,3458.30,3455.00,3456.00,2800,2981125
EICHERMOT_F1,11/30/2022,14:29:00,3455.95,3458.55,3455.00,3455.00,2800,2981125
EICHERMOT_F1,11/30/2022,14:30:00,3456.15,3459.85,3455.45,3456.55,2275,2984800
EICHERMOT_F1,11/30/2022,14:31:00,3456.25,3458.20,3454.15,3454.15,3500,2984800
EICHERMOT_F1,11/30/2022,14:32:00,3457.00,3457.00,3451.05,3453.40,2625,2984800
EICHERMOT_F1,11/30/2022,14:33:00,3451.60,3453.05,3446.20,3446.20,3675,2989875
EICHERMOT_F1,11/30/2022,14:34:00,3447.90,3449.25,3446.35,3446.35,3325,2989875
EICHERMOT_F1,11/30/2022,14:35:00,3447.00,3448.90,3446.40,3447.40,2275,2989875
EICHERMOT_F1,11/30/2022,14:36:00,3447.30,3449.90,3446.75,3449.40,3500,2993375
EICHERMOT_F1,11/30/2022,14:37:00,3448.00,3448.00,3442.30,3442.30,7875,2993375
EICHERMOT_F1,11/30/2022,14:38:00,3442.00,3445.20,3442.00,3443.90,4900,2993375
EICHERMOT_F1,11/30/2022,14:39:00,3444.00,3446.30,3442.65,3442.85,3675,2991975
EICHERMOT_F1,11/30/2022,14:40:00,3442.60,3443.90,3442.00,3442.05,2800,2991975
EICHERMOT_F1,11/30/2022,14:41:00,3442.05,3446.20,3442.05,3445.15,2625,2991975
EICHERMOT_F1,11/30/2022,14:42:00,3445.50,3446.80,3443.30,3445.15,2625,2996350
EICHERMOT_F1,11/30/2022,14:43:00,3445.25,3446.05,3445.25,3445.55,2100,2996350
EICHERMOT_F1,11/30/2022,14:44:00,3447.45,3447.45,3445.55,3447.10,2625,2996350
EICHERMOT_F1,11/30/2022,14:45:00,3445.55,3450.60,3445.55,3449.05,3850,2997925
EICHERMOT_F1,11/30/2022,14:46:00,3450.20,3450.85,3447.25,3448.40,5250,2997925
EICHERMOT_F1,11/30/2022,14:47:00,3448.10,3449.15,3445.90,3445.90,2450,2997925
EICHERMOT_F1,11/30/2022,14:48:00,3447.85,3448.05,3445.00,3448.05,2975,2998975
EICHERMOT_F1,11/30/2022,14:49:00,3446.40,3446.40,3442.10,3442.10,3675,2998975
EICHERMOT_F1,11/30/2022,14:50:00,3442.30,3445.60,3442.25,3445.00,3675,2998975
EICHERMOT_F1,11/30/2022,14:51:00,3444.70,3448.35,3444.30,3446.45,3325,2997400
EICHERMOT_F1,11/30/2022,14:52:00,3446.20,3448.25,3445.55,3445.90,2625,2997400
EICHERMOT_F1,11/30/2022,14:53:00,3445.80,3447.75,3444.65,3445.80,2450,2997400
EICHERMOT_F1,11/30/2022,14:54:00,3445.30,3445.90,3443.60,3443.60,1750,2998800
EICHERMOT_F1,11/30/2022,14:55:00,3443.60,3445.60,3443.60,3444.60,3325,2998800
EICHERMOT_F1,11/30/2022,14:56:00,3443.85,3444.65,3442.00,3442.10,3150,2998800
EICHERMOT_F1,11/30/2022,14:57:00,3444.05,3444.05,3440.20,3442.35,4900,3003175
EICHERMOT_F1,11/30/2022,14:58:00,3440.40,3443.40,3440.35,3440.60,2275,3003175
EICHERMOT_F1,11/30/2022,14:59:00,3440.95,3442.45,3440.25,3442.45,2625,3003175
EICHERMOT_F1,11/30/2022,15:00:00,3445.45,3465.00,3443.90,3465.00,11375,3005450
EICHERMOT_F1,11/30/2022,15:01:00,3464.75,3474.40,3464.75,3474.40,15575,3005450
EICHERMOT_F1,11/30/2022,15:02:00,3476.10,3481.05,3475.05,3481.05,20125,3005450
EICHERMOT_F1,11/30/2022,15:03:00,3481.00,3482.95,3474.20,3477.40,18900,3004050
EICHERMOT_F1,11/30/2022,15:04:00,3478.55,3480.15,3476.35,3478.45,12425,3004050
EICHERMOT_F1,11/30/2022,15:05:00,3479.10,3480.00,3477.55,3479.05,8575,3004050
EICHERMOT_F1,11/30/2022,15:06:00,3479.20,3484.35,3479.20,3483.60,10675,2997050
EICHERMOT_F1,11/30/2022,15:07:00,3484.30,3486.00,3483.45,3486.00,9800,2997050
EICHERMOT_F1,11/30/2022,15:08:00,3484.30,3487.95,3484.30,3486.60,15750,2997050
EICHERMOT_F1,11/30/2022,15:09:00,3486.95,3488.00,3485.05,3487.00,15925,2991625
EICHERMOT_F1,11/30/2022,15:10:00,3487.40,3488.85,3483.15,3487.05,15750,2991625
EICHERMOT_F1,11/30/2022,15:11:00,3485.40,3488.00,3485.35,3486.05,8750,2991625
EICHERMOT_F1,11/30/2022,15:12:00,3486.50,3488.85,3485.90,3488.85,12950,2997400
EICHERMOT_F1,11/30/2022,15:13:00,3488.05,3489.90,3487.45,3489.00,15750,2997400
EICHERMOT_F1,11/30/2022,15:14:00,3488.00,3489.40,3487.25,3489.40,6300,2997400
EICHERMOT_F1,11/30/2022,15:15:00,3489.95,3489.95,3487.40,3488.10,17150,3007200
EICHERMOT_F1,11/30/2022,15:16:00,3487.95,3490.00,3487.15,3489.30,15225,3007200
EICHERMOT_F1,11/30/2022,15:17:00,3489.20,3490.85,3488.75,3490.20,25550,3007200
EICHERMOT_F1,11/30/2022,15:18:00,3490.15,3490.85,3487.60,3488.55,13300,3017175
EICHERMOT_F1,11/30/2022,15:19:00,3488.80,3490.00,3488.75,3489.95,12600,3017175
EICHERMOT_F1,11/30/2022,15:20:00,3489.25,3493.50,3489.20,3493.50,26075,3017175
EICHERMOT_F1,11/30/2022,15:21:00,3493.75,3493.75,3489.05,3489.40,17850,3035550
EICHERMOT_F1,11/30/2022,15:22:00,3489.60,3490.50,3489.10,3489.50,11550,3035550
EICHERMOT_F1,11/30/2022,15:23:00,3490.00,3492.60,3489.95,3492.60,16450,3035550
EICHERMOT_F1,11/30/2022,15:24:00,3492.45,3493.45,3491.25,3493.00,19075,3041850
EICHERMOT_F1,11/30/2022,15:25:00,3494.10,3494.10,3491.70,3492.40,19075,3041850
EICHERMOT_F1,11/30/2022,15:26:00,3492.40,3492.40,3483.55,3487.25,26425,3041850
EICHERMOT_F1,11/30/2022,15:27:00,3487.70,3487.70,3480.00,3481.10,31675,3077550
EICHERMOT_F1,11/30/2022,15:28:00,3480.85,3484.50,3474.00,3475.55,37625,3077550
EICHERMOT_F1,11/30/2022,15:29:00,3475.25,3481.95,3475.00,3478.85,13125,3077550
EICHERMOT_F1,11/30/2022,15:30:00,3479.70,3479.70,3479.70,3479.70,175,3077550
