<ticker>,<date>,<time>,<open>,<high>,<low>,<close>,<volume>,<OI> 
JKCEMENT_F2,01-08-2023,10:31:00,3238.6001,3238.6001,3238.6001,3238.6001,251,2500
JKCEMENT_F2,01-08-2023,10:35:00,3242.3999,3242.3999,3242.3999,3242.3999,250,2250
JKCEMENT_F2,01-08-2023,11:51:00,3242.3999,3242.3999,3242.3999,3242.3999,250,2500
JKCEMENT_F2,01-08-2023,11:56:00,3230.8999,3230.8999,3230.8999,3230.8999,250,2500
JKCEMENT_F2,01-08-2023,13:18:00,3230.8999,3230.8999,3230.8999,3230.8999,250,2500
JKCEMENT_F2,01-08-2023,14:08:00,3267.0,3267.0,3267.0,3267.0,250,2500
JKCEMENT_F2,01-08-2023,14:14:00,3269.0,3269.0,3269.0,3269.0,250,2500
JKCEMENT_F2,01-08-2023,14:19:00,3269.1001,3269.1001,3269.1001,3269.1001,250,2500
JKCEMENT_F2,01-08-2023,14:46:00,3269.1001,3269.1001,3269.1001,3269.1001,500,2750
JKCEMENT_F2,01-08-2023,15:10:00,3268.95,3268.95,3268.95,3268.95,1000,2750
JKCEMENT_F2,02-08-2023,09:39:00,3264.6001,3264.6001,3264.6001,3264.6001,251,3750
JKCEMENT_F2,02-08-2023,11:50:00,3238.1499,3238.1499,3238.1499,3238.1499,1000,4000
JKCEMENT_F2,02-08-2023,11:51:00,3240.0,3240.0,3240.0,3240.0,500,4750
JKCEMENT_F2,02-08-2023,11:59:00,3238.3,3238.3,3238.3,3238.3,500,4250
JKCEMENT_F2,02-08-2023,12:14:00,3226.1001,3226.1001,3226.1001,3226.1001,250,4750
JKCEMENT_F2,02-08-2023,12:34:00,3222.2,3222.2,3222.2,3222.2,250,4750
JKCEMENT_F2,02-08-2023,12:36:00,3222.2,3222.2,3222.2,3222.2,250,5000
JKCEMENT_F2,02-08-2023,12:51:00,3222.2,3222.2,3222.2,3222.2,250,5250
JKCEMENT_F2,02-08-2023,13:01:00,3232.8501,3232.8501,3232.8501,3232.8501,250,5000
JKCEMENT_F2,02-08-2023,13:16:00,3222.0,3222.0,3222.0,3222.0,250,5250
JKCEMENT_F2,02-08-2023,13:53:00,3222.0,3222.0,3222.0,3222.0,250,5250
JKCEMENT_F2,02-08-2023,14:00:00,3216.25,3216.25,3216.25,3216.25,250,5250
JKCEMENT_F2,03-08-2023,10:59:00,3218.6499,3220.45,3218.6499,3220.45,501,5250
JKCEMENT_F2,03-08-2023,11:11:00,3227.55,3231.0,3227.55,3231.0,500,4750
JKCEMENT_F2,03-08-2023,12:46:00,3231.0,3231.0,3231.0,3231.0,250,5250
JKCEMENT_F2,03-08-2023,13:49:00,3188.05,3188.05,3188.05,3188.05,250,5000
JKCEMENT_F2,03-08-2023,13:59:00,3211.55,3211.55,3211.55,3211.55,250,5000
JKCEMENT_F2,03-08-2023,14:30:00,3206.7,3206.7,3206.7,3206.7,250,5250
JKCEMENT_F2,03-08-2023,15:05:00,3219.8999,3219.8999,3219.8999,3219.8999,250,5000
JKCEMENT_F2,04-08-2023,09:31:00,3217.55,3217.55,3217.55,3217.55,251,5250
JKCEMENT_F2,04-08-2023,09:34:00,3215.3999,3215.3999,3215.3999,3215.3999,250,5250
JKCEMENT_F2,04-08-2023,10:10:00,3215.3999,3215.3999,3215.3999,3215.3999,250,5000
JKCEMENT_F2,04-08-2023,11:21:00,3220.3,3220.3,3220.3,3220.3,250,5000
JKCEMENT_F2,04-08-2023,11:37:00,3220.3,3220.3,3220.3,3220.3,250,5000
JKCEMENT_F2,04-08-2023,11:39:00,3217.45,3217.45,3217.45,3217.45,250,5000
JKCEMENT_F2,04-08-2023,11:47:00,3217.3999,3217.3999,3217.3999,3217.3999,250,5250
JKCEMENT_F2,04-08-2023,12:10:00,3206.7,3206.7,3206.7,3206.7,250,5250
JKCEMENT_F2,04-08-2023,13:40:00,3206.7,3206.7,3206.7,3206.7,250,5250
JKCEMENT_F2,04-08-2023,14:32:00,3234.7,3234.7,3234.7,3234.7,250,5250
JKCEMENT_F2,04-08-2023,14:46:00,3235.05,3235.05,3235.05,3235.05,500,5000
JKCEMENT_F2,04-08-2023,14:51:00,3218.8999,3218.8999,3218.8999,3218.8999,250,5000
JKCEMENT_F2,04-08-2023,15:09:00,3231.95,3231.95,3231.95,3231.95,500,5250
JKCEMENT_F2,07-08-2023,09:29:00,3231.95,3231.95,3231.95,3231.95,500,5500
JKCEMENT_F2,07-08-2023,10:03:00,3232.05,3232.05,3232.05,3232.05,250,6000
JKCEMENT_F2,07-08-2023,10:28:00,3260.1499,3260.1499,3260.1499,3260.1499,250,5750
JKCEMENT_F2,07-08-2023,14:46:00,3260.1499,3260.1499,3260.1499,3260.1499,250,5750
JKCEMENT_F2,07-08-2023,14:48:00,3256.95,3256.95,3256.95,3256.95,250,5750
JKCEMENT_F2,08-08-2023,10:01:00,3251.6001,3251.6001,3251.6001,3251.6001,251,6000
JKCEMENT_F2,08-08-2023,10:48:00,3253.8501,3253.8501,3253.8501,3253.8501,250,6000
JKCEMENT_F2,08-08-2023,11:44:00,3253.8501,3253.8501,3253.8501,3253.8501,250,6250
JKCEMENT_F2,08-08-2023,13:52:00,3249.7,3249.7,3249.7,3249.7,250,6000
JKCEMENT_F2,08-08-2023,13:56:00,3282.1499,3282.1499,3282.1499,3282.1499,250,5750
JKCEMENT_F2,08-08-2023,13:58:00,3284.8999,3285.0,3284.8999,3285.0,500,6000
JKCEMENT_F2,08-08-2023,14:05:00,3285.0,3285.0,3285.0,3285.0,250,6000
JKCEMENT_F2,08-08-2023,14:21:00,3295.75,3295.75,3295.75,3295.75,1500,5750
JKCEMENT_F2,08-08-2023,14:22:00,3298.0,3298.0,3298.0,3298.0,250,5750
JKCEMENT_F2,08-08-2023,14:26:00,3302.3,3302.3,3302.3,3302.3,250,6250
JKCEMENT_F2,08-08-2023,14:33:00,3302.3,3302.3,3302.3,3302.3,250,6000
JKCEMENT_F2,08-08-2023,15:11:00,3288.95,3288.95,3288.95,3288.95,250,6250
JKCEMENT_F2,08-08-2023,15:29:00,3314.1001,3314.1001,3314.1001,3314.1001,250,6000
JKCEMENT_F2,09-08-2023,09:23:00,3330.0,3330.0,3330.0,3330.0,501,6000
JKCEMENT_F2,09-08-2023,09:26:00,3331.1001,3331.1001,3331.1001,3331.1001,250,6000
JKCEMENT_F2,09-08-2023,09:27:00,3331.1001,3331.1001,3320.1499,3320.1499,1500,6000
JKCEMENT_F2,09-08-2023,09:29:00,3325.7,3325.7,3325.7,3325.7,250,6500
JKCEMENT_F2,09-08-2023,09:35:00,3305.05,3305.05,3305.05,3305.05,250,6500
JKCEMENT_F2,09-08-2023,09:44:00,3305.05,3323.45,3305.05,3323.45,500,6500
JKCEMENT_F2,09-08-2023,09:46:00,3328.6001,3328.6001,3328.6001,3328.6001,250,6500
JKCEMENT_F2,09-08-2023,09:51:00,3341.0,3341.0,3341.0,3341.0,500,6500
JKCEMENT_F2,09-08-2023,09:52:00,3341.0,3341.0,3341.0,3341.0,250,6500
JKCEMENT_F2,09-08-2023,09:53:00,3330.25,3333.8501,3330.25,3333.8501,500,6500
JKCEMENT_F2,09-08-2023,09:54:00,3333.3,3333.3,3333.3,3333.3,250,6000
JKCEMENT_F2,09-08-2023,09:58:00,3347.25,3347.25,3347.25,3347.25,250,6000
JKCEMENT_F2,09-08-2023,10:01:00,3349.1001,3349.1001,3349.1001,3349.1001,250,6000
JKCEMENT_F2,09-08-2023,10:02:00,3357.6499,3357.6499,3357.6499,3357.6499,500,6000
JKCEMENT_F2,09-08-2023,10:05:00,3365.7,3365.7,3365.7,3365.7,250,6000
JKCEMENT_F2,09-08-2023,10:08:00,3370.95,3370.95,3370.95,3370.95,500,6500
JKCEMENT_F2,09-08-2023,10:09:00,3370.95,3370.95,3370.95,3370.95,250,6500
JKCEMENT_F2,09-08-2023,10:16:00,3365.75,3365.75,3365.75,3365.75,250,6750
JKCEMENT_F2,09-08-2023,10:24:00,3366.1499,3366.1499,3366.1499,3366.1499,250,6500
JKCEMENT_F2,09-08-2023,10:26:00,3384.5,3384.5,3384.5,3384.5,250,6500
JKCEMENT_F2,09-08-2023,10:28:00,3384.5,3384.5,3384.5,3384.5,250,6250
JKCEMENT_F2,09-08-2023,10:29:00,3391.3501,3391.3501,3391.3501,3391.3501,250,6250
JKCEMENT_F2,09-08-2023,10:31:00,3411.7,3417.2,3411.7,3417.2,500,6000
JKCEMENT_F2,09-08-2023,10:32:00,3417.2,3423.3,3417.2,3423.3,1250,5750
JKCEMENT_F2,09-08-2023,10:35:00,3423.3,3423.3,3423.3,3423.3,250,5750
JKCEMENT_F2,09-08-2023,10:42:00,3403.1499,3403.1499,3403.1499,3403.1499,250,6000
JKCEMENT_F2,09-08-2023,10:51:00,3372.0,3372.0,3372.0,3372.0,500,6000
JKCEMENT_F2,09-08-2023,11:00:00,3369.6001,3369.6001,3369.6001,3369.6001,500,6500
JKCEMENT_F2,09-08-2023,11:03:00,3368.8,3368.8,3368.8,3368.8,1000,6750
JKCEMENT_F2,09-08-2023,11:05:00,3387.25,3387.25,3387.25,3387.25,250,6750
JKCEMENT_F2,09-08-2023,11:06:00,3395.95,3395.95,3395.95,3395.95,250,6750
JKCEMENT_F2,09-08-2023,11:07:00,3409.1499,3409.1499,3409.1499,3409.1499,500,6750
JKCEMENT_F2,09-08-2023,11:14:00,3390.05,3390.05,3390.05,3390.05,250,6750
JKCEMENT_F2,09-08-2023,11:23:00,3401.0,3401.0,3401.0,3401.0,500,6750
JKCEMENT_F2,09-08-2023,11:34:00,3412.0,3412.0,3406.05,3406.05,750,7000
JKCEMENT_F2,09-08-2023,11:35:00,3404.2,3404.2,3404.2,3404.2,250,7000
JKCEMENT_F2,09-08-2023,11:47:00,3390.0,3390.0,3390.0,3390.0,250,7250
JKCEMENT_F2,09-08-2023,12:03:00,3381.0,3381.0,3381.0,3381.0,500,7000
JKCEMENT_F2,09-08-2023,12:23:00,3382.55,3382.55,3382.55,3382.55,250,7250
JKCEMENT_F2,09-08-2023,12:27:00,3383.1499,3383.1499,3383.1499,3383.1499,250,7250
JKCEMENT_F2,09-08-2023,12:36:00,3373.0,3373.0,3373.0,3373.0,250,7500
JKCEMENT_F2,09-08-2023,12:37:00,3386.75,3386.75,3386.75,3386.75,250,7500
JKCEMENT_F2,09-08-2023,13:12:00,3390.0,3390.0,3390.0,3390.0,250,7500
JKCEMENT_F2,09-08-2023,13:13:00,3387.3999,3387.3999,3387.3999,3387.3999,250,7500
JKCEMENT_F2,09-08-2023,13:36:00,3397.95,3397.95,3397.95,3397.95,250,7750
JKCEMENT_F2,09-08-2023,14:16:00,3384.5,3384.5,3384.5,3384.5,500,7500
JKCEMENT_F2,09-08-2023,14:42:00,3402.25,3402.25,3402.25,3402.25,250,7500
JKCEMENT_F2,09-08-2023,15:15:00,3397.55,3397.55,3397.55,3397.55,500,7500
JKCEMENT_F2,09-08-2023,15:16:00,3392.0,3392.0,3392.0,3392.0,250,7750
JKCEMENT_F2,09-08-2023,15:17:00,3395.0,3395.0,3395.0,3395.0,250,7750
JKCEMENT_F2,09-08-2023,15:24:00,3397.5,3397.5,3397.5,3397.5,250,7500
JKCEMENT_F2,09-08-2023,15:26:00,3395.0,3395.0,3395.0,3395.0,500,7500
JKCEMENT_F2,09-08-2023,15:27:00,3395.0,3395.0,3395.0,3395.0,250,7750
JKCEMENT_F2,10-08-2023,09:17:00,3390.5,3390.5,3390.5,3390.5,251,7500
JKCEMENT_F2,10-08-2023,09:19:00,3390.55,3390.55,3390.55,3390.55,500,7500
JKCEMENT_F2,10-08-2023,09:27:00,3390.5,3390.5,3390.5,3390.5,250,8000
JKCEMENT_F2,10-08-2023,09:29:00,3372.3999,3372.3999,3372.3999,3372.3999,500,8000
JKCEMENT_F2,10-08-2023,09:30:00,3372.3999,3372.3999,3372.3999,3372.3999,250,8000
JKCEMENT_F2,10-08-2023,09:39:00,3370.3999,3370.3999,3370.3999,3370.3999,250,8000
JKCEMENT_F2,10-08-2023,09:52:00,3370.3999,3370.3999,3370.3999,3370.3999,250,7750
JKCEMENT_F2,10-08-2023,10:07:00,3370.3999,3370.3999,3370.3999,3370.3999,250,8000
JKCEMENT_F2,10-08-2023,10:09:00,3379.05,3379.05,3379.05,3379.05,250,8000
JKCEMENT_F2,10-08-2023,10:20:00,3373.1001,3373.1001,3373.1001,3373.1001,250,8000
JKCEMENT_F2,10-08-2023,10:41:00,3358.3,3358.3,3358.3,3358.3,500,8000
JKCEMENT_F2,10-08-2023,10:52:00,3358.3,3358.3,3358.3,3358.3,250,8000
JKCEMENT_F2,10-08-2023,10:58:00,3384.75,3390.6001,3384.75,3390.6001,750,8000
JKCEMENT_F2,10-08-2023,11:03:00,3392.7,3392.7,3392.7,3392.7,250,8000
JKCEMENT_F2,10-08-2023,11:08:00,3403.3501,3403.3501,3403.3501,3403.3501,250,8000
JKCEMENT_F2,10-08-2023,11:16:00,3403.3501,3403.3501,3403.3501,3403.3501,250,8000
JKCEMENT_F2,10-08-2023,11:24:00,3358.3,3358.3,3358.3,3358.3,250,8000
JKCEMENT_F2,10-08-2023,13:05:00,3359.75,3359.75,3359.75,3359.75,250,8250
JKCEMENT_F2,10-08-2023,13:18:00,3346.3501,3346.3501,3346.3501,3346.3501,2000,8250
JKCEMENT_F2,10-08-2023,13:21:00,3345.0,3345.0,3345.0,3345.0,250,8750
JKCEMENT_F2,10-08-2023,13:51:00,3343.8999,3343.8999,3343.8999,3343.8999,250,8500
JKCEMENT_F2,10-08-2023,13:56:00,3339.3,3339.3,3339.3,3339.3,1000,8500
JKCEMENT_F2,10-08-2023,14:05:00,3339.95,3339.95,3339.95,3339.95,500,8750
JKCEMENT_F2,10-08-2023,14:08:00,3351.2,3351.2,3351.2,3351.2,250,8250
JKCEMENT_F2,10-08-2023,14:19:00,3350.0,3350.0,3350.0,3350.0,500,8500
JKCEMENT_F2,10-08-2023,14:21:00,3361.8501,3361.8501,3361.8501,3361.8501,1000,8500
JKCEMENT_F2,10-08-2023,14:49:00,3365.8,3365.8,3365.8,3365.8,250,8000
JKCEMENT_F2,10-08-2023,15:02:00,3367.1499,3367.1499,3367.1499,3367.1499,250,8250
JKCEMENT_F2,10-08-2023,15:27:00,3345.95,3345.95,3345.95,3345.95,500,8500
JKCEMENT_F2,11-08-2023,10:57:00,3250.5,3250.5,3250.5,3250.5,251,8500
JKCEMENT_F2,11-08-2023,11:02:00,3234.8999,3234.8999,3234.8999,3234.8999,250,8500
JKCEMENT_F2,11-08-2023,11:03:00,3234.5,3234.5,3234.5,3234.5,250,8500
JKCEMENT_F2,11-08-2023,11:36:00,3234.5,3234.5,3228.1499,3228.1499,1000,8500
JKCEMENT_F2,11-08-2023,11:44:00,3228.1499,3228.1499,3228.1499,3228.1499,250,8750
JKCEMENT_F2,11-08-2023,11:45:00,3282.8999,3282.8999,3282.8999,3282.8999,250,8750
JKCEMENT_F2,11-08-2023,11:49:00,3282.8999,3282.8999,3268.7,3268.7,500,8500
JKCEMENT_F2,11-08-2023,11:52:00,3260.8501,3260.8501,3260.8501,3260.8501,250,9000
JKCEMENT_F2,11-08-2023,12:07:00,3271.5,3271.5,3271.5,3271.5,250,9000
JKCEMENT_F2,11-08-2023,12:11:00,3274.2,3274.2,3274.2,3274.2,250,9000
JKCEMENT_F2,11-08-2023,12:12:00,3270.5,3270.5,3270.5,3270.5,250,8750
JKCEMENT_F2,11-08-2023,12:42:00,3251.7,3251.7,3251.7,3251.7,250,8750
JKCEMENT_F2,11-08-2023,13:00:00,3267.3999,3267.3999,3267.3999,3267.3999,500,9000
JKCEMENT_F2,11-08-2023,13:12:00,3290.8999,3290.8999,3290.8999,3290.8999,250,8750
JKCEMENT_F2,11-08-2023,13:27:00,3290.8999,3290.8999,3290.8999,3290.8999,500,8750
JKCEMENT_F2,11-08-2023,13:31:00,3291.25,3291.25,3291.25,3291.25,250,8500
JKCEMENT_F2,11-08-2023,13:33:00,3312.95,3312.95,3312.95,3312.95,250,8500
JKCEMENT_F2,11-08-2023,14:03:00,3312.95,3312.95,3312.95,3312.95,250,8500
JKCEMENT_F2,11-08-2023,14:05:00,3287.3,3287.3,3287.3,3287.3,250,8500
JKCEMENT_F2,11-08-2023,14:10:00,3288.95,3288.95,3288.95,3288.95,250,8250
JKCEMENT_F2,11-08-2023,14:13:00,3278.75,3278.75,3278.75,3278.75,250,8250
JKCEMENT_F2,11-08-2023,14:52:00,3275.1001,3275.1001,3275.1001,3275.1001,250,8000
JKCEMENT_F2,11-08-2023,14:55:00,3273.55,3273.55,3273.55,3273.55,250,8000
JKCEMENT_F2,11-08-2023,15:06:00,3273.95,3273.95,3273.95,3273.95,250,7750
JKCEMENT_F2,11-08-2023,15:16:00,3267.8999,3267.8999,3267.8999,3267.8999,500,7750
JKCEMENT_F2,11-08-2023,15:29:00,3270.8999,3270.8999,3270.8999,3270.8999,250,7750
JKCEMENT_F2,14-08-2023,09:15:00,3300.0,3350.8501,3300.0,3350.8501,1501,7750
JKCEMENT_F2,14-08-2023,09:18:00,3234.8999,3234.8999,3234.8999,3234.8999,1750,8000
JKCEMENT_F2,14-08-2023,09:22:00,3350.8501,3350.8501,3190.6499,3204.3501,1000,9000
JKCEMENT_F2,14-08-2023,09:23:00,3197.3501,3197.3501,3197.3501,3197.3501,250,9000
JKCEMENT_F2,14-08-2023,09:29:00,3182.05,3182.05,3182.05,3182.05,500,9000
JKCEMENT_F2,14-08-2023,09:30:00,3178.1499,3178.1499,3178.1499,3178.1499,500,9000
JKCEMENT_F2,14-08-2023,09:31:00,3164.3,3164.3,3164.3,3164.3,1750,9000
JKCEMENT_F2,14-08-2023,09:34:00,3159.3,3159.3,3159.3,3159.3,500,9750
JKCEMENT_F2,14-08-2023,09:35:00,3159.3,3159.3,3159.3,3159.3,250,9750
JKCEMENT_F2,14-08-2023,09:36:00,3158.6499,3170.7,3158.6499,3170.7,750,10000
JKCEMENT_F2,14-08-2023,09:37:00,3166.8501,3166.8501,3166.8501,3166.8501,250,10000
JKCEMENT_F2,14-08-2023,09:38:00,3171.8999,3171.8999,3171.8999,3171.8999,250,10000
JKCEMENT_F2,14-08-2023,09:48:00,3177.0,3177.0,3177.0,3177.0,250,9500
JKCEMENT_F2,14-08-2023,09:55:00,3177.0,3177.0,3177.0,3177.0,250,9500
JKCEMENT_F2,14-08-2023,10:00:00,3170.0,3170.0,3170.0,3170.0,250,9250
JKCEMENT_F2,14-08-2023,10:01:00,3170.0,3170.0,3168.0,3168.0,500,9250
JKCEMENT_F2,14-08-2023,10:02:00,3166.95,3166.95,3166.95,3166.95,500,9250
JKCEMENT_F2,14-08-2023,10:04:00,3162.55,3162.55,3162.55,3162.55,250,9250
JKCEMENT_F2,14-08-2023,10:12:00,3162.55,3162.55,3162.55,3162.55,750,9250
JKCEMENT_F2,14-08-2023,10:20:00,3177.8999,3177.8999,3177.8999,3177.8999,250,9250
JKCEMENT_F2,14-08-2023,10:30:00,3151.0,3151.0,3149.0,3149.0,500,9250
JKCEMENT_F2,14-08-2023,10:35:00,3149.0,3149.0,3149.0,3149.0,250,9250
JKCEMENT_F2,14-08-2023,10:46:00,3149.0,3149.0,3149.0,3149.0,250,9500
JKCEMENT_F2,14-08-2023,11:01:00,3165.0,3165.0,3165.0,3165.0,250,9250
JKCEMENT_F2,14-08-2023,11:18:00,3170.95,3170.95,3170.95,3170.95,1000,9000
JKCEMENT_F2,14-08-2023,11:20:00,3169.5,3169.5,3169.5,3169.5,250,9000
JKCEMENT_F2,14-08-2023,11:27:00,3159.6499,3159.6499,3159.6499,3159.6499,250,9500
JKCEMENT_F2,14-08-2023,11:30:00,3157.8999,3157.8999,3157.8999,3157.8999,250,9500
JKCEMENT_F2,14-08-2023,11:32:00,3157.05,3157.05,3157.05,3157.05,500,9500
JKCEMENT_F2,14-08-2023,11:38:00,3150.95,3150.95,3150.95,3150.95,250,10250
JKCEMENT_F2,14-08-2023,12:01:00,3150.95,3150.95,3150.95,3150.95,500,10000
JKCEMENT_F2,14-08-2023,12:03:00,3137.95,3137.95,3137.95,3137.95,1250,10500
JKCEMENT_F2,14-08-2023,12:05:00,3135.05,3135.05,3132.75,3132.75,750,10500
JKCEMENT_F2,14-08-2023,12:06:00,3123.8501,3123.8501,3123.8501,3123.8501,250,10750
JKCEMENT_F2,14-08-2023,12:14:00,3120.0,3120.0,3120.0,3120.0,250,10500
JKCEMENT_F2,14-08-2023,12:18:00,3120.0,3135.3,3120.0,3135.3,750,10750
JKCEMENT_F2,14-08-2023,12:19:00,3132.75,3132.75,3132.75,3132.75,250,10750
JKCEMENT_F2,14-08-2023,12:20:00,3128.55,3128.8501,3128.55,3128.8501,500,10750
JKCEMENT_F2,14-08-2023,12:21:00,3132.0,3132.0,3132.0,3132.0,250,10500
JKCEMENT_F2,14-08-2023,13:31:00,3148.5,3148.5,3148.5,3148.5,250,10250
JKCEMENT_F2,14-08-2023,14:00:00,3156.75,3156.75,3156.75,3156.75,250,10250
JKCEMENT_F2,14-08-2023,14:01:00,3153.05,3153.05,3153.05,3153.05,750,10250
JKCEMENT_F2,14-08-2023,14:17:00,3151.1499,3151.1499,3151.1499,3151.1499,250,10750
JKCEMENT_F2,14-08-2023,14:18:00,3154.8501,3154.8501,3154.8501,3154.8501,250,10750
JKCEMENT_F2,14-08-2023,14:35:00,3147.3501,3147.3501,3147.3501,3147.3501,250,11000
JKCEMENT_F2,14-08-2023,14:47:00,3147.3,3147.3,3147.3,3147.3,250,11250
JKCEMENT_F2,14-08-2023,14:48:00,3147.05,3147.05,3147.05,3147.05,1750,11000
JKCEMENT_F2,14-08-2023,14:50:00,3147.25,3147.25,3147.25,3147.25,250,11000
JKCEMENT_F2,14-08-2023,14:53:00,3147.3,3147.3,3147.3,3147.3,750,11000
JKCEMENT_F2,14-08-2023,14:56:00,3147.3,3147.3,3147.3,3147.3,500,11500
JKCEMENT_F2,14-08-2023,14:59:00,3147.3,3147.3,3147.3,3147.3,250,12000
JKCEMENT_F2,14-08-2023,15:00:00,3148.75,3148.75,3148.75,3148.75,250,12000
JKCEMENT_F2,14-08-2023,15:17:00,3133.25,3133.25,3133.25,3133.25,250,12250
JKCEMENT_F2,14-08-2023,15:26:00,3132.0,3132.0,3132.0,3132.0,250,12250
JKCEMENT_F2,16-08-2023,09:17:00,3110.1001,3110.1001,3091.25,3091.25,1252,12750
JKCEMENT_F2,16-08-2023,09:21:00,3091.25,3091.25,3091.25,3091.25,250,12750
JKCEMENT_F2,16-08-2023,09:22:00,3087.3999,3087.3999,3087.3999,3087.3999,2000,12750
JKCEMENT_F2,16-08-2023,09:25:00,3076.55,3076.55,3067.8,3067.8,1500,11750
JKCEMENT_F2,16-08-2023,09:27:00,3067.8,3067.8,3067.8,3067.8,250,12000
JKCEMENT_F2,16-08-2023,09:33:00,3073.8999,3073.8999,3073.8999,3073.8999,250,12000
JKCEMENT_F2,16-08-2023,09:43:00,3090.5,3090.5,3090.5,3090.5,1250,12000
JKCEMENT_F2,16-08-2023,09:45:00,3095.25,3095.25,3095.25,3095.25,250,12000
JKCEMENT_F2,16-08-2023,10:05:00,3099.0,3099.0,3099.0,3099.0,250,12250
JKCEMENT_F2,16-08-2023,10:10:00,3101.05,3101.05,3101.05,3101.05,250,12000
JKCEMENT_F2,16-08-2023,10:45:00,3114.25,3114.25,3114.25,3114.25,250,11750
JKCEMENT_F2,16-08-2023,10:49:00,3114.25,3114.25,3114.25,3114.25,250,11750
JKCEMENT_F2,16-08-2023,10:55:00,3105.8999,3105.8999,3105.8999,3105.8999,500,12000
JKCEMENT_F2,16-08-2023,10:58:00,3095.6499,3095.6499,3095.6499,3095.6499,250,12000
JKCEMENT_F2,16-08-2023,12:05:00,3084.95,3084.95,3084.95,3084.95,250,11750
JKCEMENT_F2,16-08-2023,12:10:00,3092.5,3092.5,3092.5,3092.5,250,12000
JKCEMENT_F2,16-08-2023,12:33:00,3092.5,3092.5,3092.5,3092.5,250,11750
JKCEMENT_F2,16-08-2023,12:54:00,3092.95,3092.95,3092.95,3092.95,250,11750
JKCEMENT_F2,16-08-2023,14:11:00,3118.1499,3118.1499,3118.1499,3118.1499,250,11750
JKCEMENT_F2,16-08-2023,14:36:00,3122.0,3122.0,3122.0,3122.0,250,11750
JKCEMENT_F2,16-08-2023,14:37:00,3122.0,3123.55,3122.0,3123.55,500,11750
JKCEMENT_F2,16-08-2023,14:43:00,3126.8999,3126.8999,3126.8999,3126.8999,250,11750
JKCEMENT_F2,16-08-2023,14:45:00,3133.8999,3133.8999,3133.8999,3133.8999,250,11500
JKCEMENT_F2,16-08-2023,14:46:00,3142.95,3142.95,3142.95,3142.95,250,11500
JKCEMENT_F2,16-08-2023,15:06:00,3143.3,3143.3,3143.3,3143.3,250,11500
JKCEMENT_F2,16-08-2023,15:07:00,3143.3,3143.3,3143.3,3143.3,250,11250
JKCEMENT_F2,16-08-2023,15:24:00,3141.55,3141.55,3141.55,3141.55,250,11500
JKCEMENT_F2,16-08-2023,15:25:00,3144.5,3144.5,3144.5,3144.5,250,11500
JKCEMENT_F2,16-08-2023,15:29:00,3144.5,3144.5,3144.5,3144.5,250,11500
JKCEMENT_F2,17-08-2023,09:25:00,3130.1499,3130.1499,3130.1001,3130.1001,752,11500
JKCEMENT_F2,17-08-2023,09:26:00,3130.1001,3130.1001,3130.1001,3130.1001,250,11500
JKCEMENT_F2,17-08-2023,09:27:00,3131.3999,3131.3999,3131.3999,3131.3999,250,11250
JKCEMENT_F2,17-08-2023,09:34:00,3131.3999,3131.3999,3122.95,3122.95,750,11250
JKCEMENT_F2,17-08-2023,09:35:00,3112.8501,3112.8501,3112.8501,3112.8501,250,11250
JKCEMENT_F2,17-08-2023,09:36:00,3097.1001,3097.1001,3091.25,3093.1499,1000,11250
JKCEMENT_F2,17-08-2023,09:40:00,3092.0,3092.0,3092.0,3092.0,250,11500
JKCEMENT_F2,17-08-2023,09:46:00,3090.05,3090.05,3090.05,3090.05,750,11750
JKCEMENT_F2,17-08-2023,10:09:00,3086.0,3086.0,3079.95,3079.95,8000,11500
JKCEMENT_F2,17-08-2023,10:10:00,3080.0,3080.0,3080.0,3080.0,4250,11500
JKCEMENT_F2,17-08-2023,10:14:00,3085.7,3086.0,3085.45,3086.0,2000,19750
JKCEMENT_F2,17-08-2023,10:16:00,3086.0,3086.0,3086.0,3086.0,2500,20000
JKCEMENT_F2,17-08-2023,10:25:00,3080.0,3080.0,3080.0,3080.0,500,21250
JKCEMENT_F2,17-08-2023,10:28:00,3076.3999,3076.3999,3076.3999,3076.3999,1000,21250
JKCEMENT_F2,17-08-2023,10:29:00,3062.8501,3062.8501,3062.8501,3062.8501,750,21250
JKCEMENT_F2,17-08-2023,10:33:00,3065.0,3065.0,3065.0,3065.0,11000,21250
JKCEMENT_F2,17-08-2023,10:34:00,3064.8,3064.8,3064.8,3064.8,250,21250
JKCEMENT_F2,17-08-2023,10:35:00,3062.0,3062.0,3062.0,3062.0,1250,21250
JKCEMENT_F2,17-08-2023,10:37:00,3064.95,3065.0,3064.95,3065.0,1000,28250
JKCEMENT_F2,17-08-2023,10:42:00,3075.8999,3075.8999,3075.8999,3075.8999,250,28250
JKCEMENT_F2,17-08-2023,10:44:00,3080.0,3080.0,3080.0,3080.0,3250,28250
JKCEMENT_F2,17-08-2023,10:58:00,3080.0,3080.0,3080.0,3080.0,500,30250
JKCEMENT_F2,17-08-2023,11:17:00,3073.6001,3073.6001,3073.6001,3073.6001,500,30250
JKCEMENT_F2,17-08-2023,11:20:00,3078.3999,3078.3999,3078.3999,3078.3999,250,30500
JKCEMENT_F2,17-08-2023,11:22:00,3078.3999,3078.3999,3078.3999,3078.3999,500,30500
JKCEMENT_F2,17-08-2023,11:32:00,3078.3999,3078.3999,3078.3999,3078.3999,250,31000
JKCEMENT_F2,17-08-2023,11:36:00,3067.95,3067.95,3067.95,3067.95,250,30750
JKCEMENT_F2,17-08-2023,11:37:00,3067.95,3067.95,3067.95,3067.95,1000,30750
JKCEMENT_F2,17-08-2023,11:42:00,3067.95,3067.95,3067.95,3067.95,250,30750
JKCEMENT_F2,17-08-2023,12:01:00,3070.0,3070.0,3070.0,3070.0,250,29500
JKCEMENT_F2,17-08-2023,12:06:00,3065.8999,3065.8999,3065.8999,3065.8999,500,29250
JKCEMENT_F2,17-08-2023,12:07:00,3067.95,3067.95,3067.95,3067.95,500,29250
JKCEMENT_F2,17-08-2023,12:22:00,3067.95,3067.95,3067.95,3067.95,2000,29750
JKCEMENT_F2,17-08-2023,12:59:00,3064.1001,3064.1001,3064.1001,3064.1001,250,29750
JKCEMENT_F2,17-08-2023,13:00:00,3057.45,3057.45,3057.45,3057.45,1000,29500
JKCEMENT_F2,17-08-2023,13:12:00,3057.45,3057.45,3057.45,3057.45,250,29000
JKCEMENT_F2,17-08-2023,13:30:00,3054.0,3054.0,3054.0,3054.0,750,29250
JKCEMENT_F2,17-08-2023,13:33:00,3054.0,3054.0,3054.0,3054.0,250,29250
JKCEMENT_F2,17-08-2023,13:34:00,3055.95,3055.95,3055.95,3055.95,250,28750
JKCEMENT_F2,17-08-2023,13:44:00,3058.0,3058.0,3058.0,3058.0,250,29000
JKCEMENT_F2,17-08-2023,13:57:00,3055.0,3055.0,3055.0,3055.0,250,29000
JKCEMENT_F2,17-08-2023,13:59:00,3056.0,3056.0,3056.0,3056.0,1000,29000
JKCEMENT_F2,17-08-2023,14:17:00,3057.7,3057.7,3057.7,3057.7,500,29250
JKCEMENT_F2,17-08-2023,14:24:00,3053.8999,3053.8999,3053.8999,3053.8999,500,29500
JKCEMENT_F2,17-08-2023,14:29:00,3052.0,3052.0,3052.0,3052.0,750,30000
JKCEMENT_F2,17-08-2023,14:38:00,3052.0,3052.0,3052.0,3052.0,250,29750
JKCEMENT_F2,17-08-2023,14:41:00,3055.45,3055.45,3055.45,3055.45,500,30000
JKCEMENT_F2,17-08-2023,14:45:00,3050.05,3050.05,3050.05,3050.05,250,30250
JKCEMENT_F2,17-08-2023,14:52:00,3041.1001,3048.2,3041.1001,3048.2,9000,30250
JKCEMENT_F2,17-08-2023,14:53:00,3048.2,3050.0,3048.2,3050.0,2750,30250
JKCEMENT_F2,17-08-2023,14:54:00,3050.0,3050.0,3050.0,3050.0,500,30250
JKCEMENT_F2,17-08-2023,14:55:00,3050.0,3050.0,3050.0,3050.0,1000,36500
JKCEMENT_F2,17-08-2023,14:56:00,3050.0,3050.0,3050.0,3050.0,1000,36500
JKCEMENT_F2,17-08-2023,14:59:00,3049.5,3049.5,3049.5,3049.5,250,37250
JKCEMENT_F2,17-08-2023,15:04:00,3049.5,3049.5,3049.5,3049.5,250,37250
JKCEMENT_F2,17-08-2023,15:05:00,3050.0,3050.0,3050.0,3050.0,1000,37250
JKCEMENT_F2,17-08-2023,15:06:00,3047.05,3047.05,3047.05,3047.05,500,37250
JKCEMENT_F2,17-08-2023,15:17:00,3046.8,3046.8,3046.8,3046.8,250,38250
JKCEMENT_F2,17-08-2023,15:18:00,3045.0,3045.0,3045.0,3045.0,250,38250
JKCEMENT_F2,17-08-2023,15:19:00,3041.0,3041.0,3041.0,3041.0,250,38000
JKCEMENT_F2,17-08-2023,15:20:00,3041.0,3041.0,3041.0,3041.0,1000,38000
JKCEMENT_F2,17-08-2023,15:21:00,3041.0,3041.0,3041.0,3041.0,250,38000
JKCEMENT_F2,17-08-2023,15:26:00,3049.8999,3049.8999,3049.8999,3049.8999,250,38000
JKCEMENT_F2,17-08-2023,15:27:00,3044.2,3044.2,3044.2,3044.2,250,38000
JKCEMENT_F2,17-08-2023,15:29:00,3050.0,3050.0,3050.0,3050.0,500,38000
JKCEMENT_F2,18-08-2023,09:16:00,3023.3,3023.3501,3023.3,3023.3501,502,37750
JKCEMENT_F2,18-08-2023,09:20:00,3038.0,3038.0,3038.0,3038.0,250,38000
JKCEMENT_F2,18-08-2023,09:22:00,3038.0,3038.0,3038.0,3038.0,250,38000
JKCEMENT_F2,18-08-2023,09:26:00,3045.25,3045.25,3045.25,3045.25,500,38250
JKCEMENT_F2,18-08-2023,09:27:00,3046.8999,3046.8999,3046.8999,3046.8999,250,38250
JKCEMENT_F2,18-08-2023,09:28:00,3046.8999,3046.8999,3046.8999,3046.8999,250,38250
JKCEMENT_F2,18-08-2023,09:34:00,3042.0,3042.0,3042.0,3042.0,250,38250
JKCEMENT_F2,18-08-2023,09:45:00,3037.25,3037.25,3037.25,3037.25,250,38250
JKCEMENT_F2,18-08-2023,09:59:00,3044.1001,3044.1001,3044.1001,3044.1001,250,38250
JKCEMENT_F2,18-08-2023,10:00:00,3035.6499,3035.6499,3035.6499,3035.6499,500,38000
JKCEMENT_F2,18-08-2023,10:16:00,3039.95,3042.6499,3039.95,3042.6499,1000,38500
JKCEMENT_F2,18-08-2023,10:20:00,3045.25,3045.25,3045.25,3045.25,250,38500
JKCEMENT_F2,18-08-2023,10:33:00,3049.8,3049.8,3049.8,3049.8,250,38500
JKCEMENT_F2,18-08-2023,10:38:00,3060.75,3060.75,3060.75,3060.75,250,38500
JKCEMENT_F2,18-08-2023,10:42:00,3060.75,3060.75,3058.0,3058.0,1500,38500
JKCEMENT_F2,18-08-2023,10:45:00,3058.0,3058.0,3058.0,3058.0,500,39250
JKCEMENT_F2,18-08-2023,10:46:00,3056.6001,3056.6001,3056.6001,3056.6001,250,39250
JKCEMENT_F2,18-08-2023,11:01:00,3053.5,3053.5,3053.5,3053.5,250,39750
JKCEMENT_F2,18-08-2023,11:09:00,3058.0,3058.0,3058.0,3058.0,8250,40000
JKCEMENT_F2,18-08-2023,11:10:00,3058.0,3058.0,3058.0,3058.0,250,40000
JKCEMENT_F2,18-08-2023,11:11:00,3058.0,3058.0,3058.0,3058.0,250,40000
JKCEMENT_F2,18-08-2023,11:17:00,3058.0,3058.0,3058.0,3058.0,750,45500
JKCEMENT_F2,18-08-2023,11:20:00,3060.05,3060.05,3060.05,3060.05,250,46250
JKCEMENT_F2,18-08-2023,11:28:00,3072.8999,3072.8999,3072.8999,3072.8999,250,46250
JKCEMENT_F2,18-08-2023,11:29:00,3076.75,3076.75,3076.75,3076.75,750,46250
JKCEMENT_F2,18-08-2023,11:30:00,3070.0,3070.0,3070.0,3070.0,4750,46250
JKCEMENT_F2,18-08-2023,11:32:00,3060.0,3060.0,3059.95,3060.0,9000,46250
JKCEMENT_F2,18-08-2023,11:33:00,3060.0,3060.0,3060.0,3060.0,250,54250
JKCEMENT_F2,18-08-2023,11:37:00,3060.0,3060.0,3059.5,3059.95,2500,54250
JKCEMENT_F2,18-08-2023,11:38:00,3059.55,3059.55,3059.55,3059.55,1000,54250
JKCEMENT_F2,18-08-2023,11:39:00,3060.0,3060.0,3060.0,3060.0,1500,53750
JKCEMENT_F2,18-08-2023,11:49:00,3070.0,3070.0,3070.0,3070.0,6250,54750
JKCEMENT_F2,18-08-2023,11:50:00,3070.0,3070.0,3070.0,3070.0,750,54750
JKCEMENT_F2,18-08-2023,11:51:00,3070.0,3070.0,3070.0,3070.0,750,60000
JKCEMENT_F2,18-08-2023,11:57:00,3055.0,3059.8999,3055.0,3058.1499,10250,60000
JKCEMENT_F2,18-08-2023,11:59:00,3055.1499,3055.1499,3055.1499,3055.1499,250,60000
JKCEMENT_F2,18-08-2023,12:02:00,3056.95,3056.95,3056.95,3056.95,1000,67750
JKCEMENT_F2,18-08-2023,12:03:00,3058.6001,3058.6001,3058.6001,3058.6001,1000,67750
JKCEMENT_F2,18-08-2023,12:06:00,3057.95,3057.95,3057.95,3057.95,1250,67750
JKCEMENT_F2,18-08-2023,12:22:00,3050.0,3050.0,3050.0,3050.0,250,67750
JKCEMENT_F2,18-08-2023,12:43:00,3050.0,3050.0,3050.0,3050.0,500,67750
JKCEMENT_F2,18-08-2023,12:46:00,3044.2,3044.2,3044.2,3044.2,250,67750
JKCEMENT_F2,18-08-2023,12:47:00,3044.2,3044.2,3044.2,3044.2,250,67750
JKCEMENT_F2,18-08-2023,13:07:00,3044.2,3053.6499,3044.2,3053.6499,1250,68000
JKCEMENT_F2,18-08-2023,13:08:00,3053.3,3053.3,3053.3,3053.3,250,68000
JKCEMENT_F2,18-08-2023,13:10:00,3044.05,3044.05,3044.05,3044.05,1000,68000
JKCEMENT_F2,18-08-2023,13:27:00,3044.2,3044.2,3044.2,3044.2,250,67750
JKCEMENT_F2,18-08-2023,14:04:00,3060.7,3060.7,3060.7,3060.7,500,67750
JKCEMENT_F2,18-08-2023,14:08:00,3065.1001,3065.1001,3065.1001,3065.1001,250,67750
JKCEMENT_F2,18-08-2023,14:20:00,3070.7,3070.7,3070.7,3070.7,250,67500
JKCEMENT_F2,18-08-2023,14:21:00,3076.3501,3076.3501,3076.3501,3076.3501,250,67500
JKCEMENT_F2,18-08-2023,14:24:00,3069.1499,3069.1499,3069.1499,3069.1499,1500,67250
JKCEMENT_F2,18-08-2023,14:45:00,3073.7,3073.7,3073.7,3073.7,250,67750
JKCEMENT_F2,18-08-2023,14:54:00,3069.95,3069.95,3069.95,3069.95,750,68000
JKCEMENT_F2,18-08-2023,14:55:00,3072.0,3075.3999,3072.0,3075.3999,1500,68000
JKCEMENT_F2,18-08-2023,14:56:00,3074.0,3074.0,3074.0,3074.0,250,68000
JKCEMENT_F2,18-08-2023,15:18:00,3067.45,3067.45,3067.45,3067.45,500,68000
JKCEMENT_F2,18-08-2023,15:27:00,3065.75,3065.75,3065.75,3065.75,250,68250
JKCEMENT_F2,18-08-2023,15:28:00,3065.0,3065.0,3060.8,3060.8,500,68250
JKCEMENT_F2,18-08-2023,15:29:00,3065.8999,3065.8999,3065.8999,3065.8999,250,68250
JKCEMENT_F2,21-08-2023,09:16:00,3052.05,3052.05,3052.05,3052.05,501,66500
JKCEMENT_F2,21-08-2023,09:21:00,3070.3,3070.3,3070.3,3070.3,250,66750
JKCEMENT_F2,21-08-2023,09:31:00,3081.0,3085.95,3081.0,3085.95,750,66750
JKCEMENT_F2,21-08-2023,09:32:00,3085.95,3086.8999,3085.95,3086.8999,500,66250
JKCEMENT_F2,21-08-2023,09:34:00,3086.8999,3086.8999,3086.8999,3086.8999,500,66250
JKCEMENT_F2,21-08-2023,09:36:00,3085.6499,3085.6499,3085.6499,3085.6499,250,66500
JKCEMENT_F2,21-08-2023,09:43:00,3085.6001,3085.6001,3085.6001,3085.6001,250,66750
JKCEMENT_F2,21-08-2023,09:45:00,3092.0,3097.95,3092.0,3097.95,750,66500
JKCEMENT_F2,21-08-2023,09:46:00,3097.95,3097.95,3097.95,3097.95,250,66500
JKCEMENT_F2,21-08-2023,09:59:00,3091.3999,3091.3999,3091.3999,3091.3999,250,66250
JKCEMENT_F2,21-08-2023,10:12:00,3081.1001,3081.1001,3081.1001,3081.1001,250,66250
JKCEMENT_F2,21-08-2023,10:25:00,3077.7,3077.7,3077.7,3077.7,250,66500
JKCEMENT_F2,21-08-2023,10:27:00,3082.8999,3082.8999,3082.8999,3082.8999,250,66500
JKCEMENT_F2,21-08-2023,10:28:00,3083.0,3083.0,3083.0,3083.0,250,66500
JKCEMENT_F2,21-08-2023,10:39:00,3078.0,3078.0,3078.0,3078.0,500,66750
JKCEMENT_F2,21-08-2023,10:42:00,3078.0,3078.0,3078.0,3078.0,750,66750
JKCEMENT_F2,21-08-2023,10:58:00,3084.5,3084.5,3084.5,3084.5,250,66750
JKCEMENT_F2,21-08-2023,11:26:00,3084.5,3084.5,3084.5,3084.5,1000,67000
JKCEMENT_F2,21-08-2023,11:27:00,3084.5,3084.5,3084.5,3084.5,750,67000
JKCEMENT_F2,21-08-2023,11:40:00,3085.1001,3085.1001,3085.1001,3085.1001,750,67000
JKCEMENT_F2,21-08-2023,11:41:00,3089.8,3089.8,3089.8,3089.8,250,67000
JKCEMENT_F2,21-08-2023,11:49:00,3091.3501,3091.3501,3091.3501,3091.3501,500,67500
JKCEMENT_F2,21-08-2023,12:00:00,3088.75,3088.75,3088.75,3088.75,500,67500
JKCEMENT_F2,21-08-2023,12:10:00,3088.75,3088.75,3088.75,3088.75,250,67500
JKCEMENT_F2,21-08-2023,12:39:00,3088.75,3088.75,3088.75,3088.75,250,67750
JKCEMENT_F2,21-08-2023,12:41:00,3089.0,3091.3501,3089.0,3091.3501,1000,67500
JKCEMENT_F2,21-08-2023,12:42:00,3087.95,3087.95,3087.95,3087.95,1000,67500
JKCEMENT_F2,21-08-2023,12:46:00,3080.0,3080.0,3080.0,3080.0,1000,68250
JKCEMENT_F2,21-08-2023,12:49:00,3079.1001,3079.1001,3079.1001,3079.1001,250,68500
JKCEMENT_F2,21-08-2023,12:54:00,3079.95,3079.95,3079.95,3079.95,750,68750
JKCEMENT_F2,21-08-2023,12:55:00,3079.1001,3079.1001,3079.1001,3079.1001,250,68750
JKCEMENT_F2,21-08-2023,12:56:00,3079.1001,3079.1001,3079.1001,3079.1001,250,68750
JKCEMENT_F2,21-08-2023,13:00:00,3080.0,3080.0,3080.0,3080.0,250,68750
JKCEMENT_F2,21-08-2023,13:06:00,3080.0,3080.0,3080.0,3080.0,1000,69000
JKCEMENT_F2,21-08-2023,13:07:00,3080.0,3080.0,3080.0,3080.0,500,69000
JKCEMENT_F2,21-08-2023,13:47:00,3075.0,3075.0,3075.0,3075.0,250,70250
JKCEMENT_F2,21-08-2023,14:04:00,3075.0,3075.0,3075.0,3075.0,250,70250
JKCEMENT_F2,21-08-2023,14:42:00,3081.3,3081.3,3081.3,3081.3,250,70250
JKCEMENT_F2,21-08-2023,14:44:00,3084.8999,3084.8999,3084.8999,3084.8999,250,70250
JKCEMENT_F2,21-08-2023,14:47:00,3085.05,3085.05,3085.05,3085.05,250,70250
JKCEMENT_F2,21-08-2023,14:48:00,3085.0,3085.0,3085.0,3085.0,250,70500
JKCEMENT_F2,21-08-2023,15:00:00,3085.0,3085.0,3085.0,3085.0,500,70750
JKCEMENT_F2,21-08-2023,15:01:00,3082.75,3082.75,3082.75,3082.75,500,70750
JKCEMENT_F2,21-08-2023,15:23:00,3082.75,3082.75,3082.75,3082.75,250,70750
JKCEMENT_F2,21-08-2023,15:25:00,3082.8501,3082.8501,3082.8501,3082.8501,500,70750
JKCEMENT_F2,21-08-2023,15:26:00,3084.0,3084.0,3084.0,3084.0,250,70750
JKCEMENT_F2,21-08-2023,15:29:00,3085.0,3085.0,3085.0,3085.0,250,70750
JKCEMENT_F2,22-08-2023,09:16:00,3084.25,3084.25,3084.25,3084.25,251,70750
JKCEMENT_F2,22-08-2023,09:18:00,3079.8,3079.8,3079.8,3079.8,250,70750
JKCEMENT_F2,22-08-2023,09:21:00,3079.8,3079.8,3079.8,3079.8,250,71000
JKCEMENT_F2,22-08-2023,09:23:00,3096.6001,3096.6001,3096.6001,3096.6001,250,71000
JKCEMENT_F2,22-08-2023,09:29:00,3097.95,3097.95,3097.95,3097.95,1250,71000
JKCEMENT_F2,22-08-2023,09:33:00,3104.0,3104.0,3104.0,3104.0,2500,71250
JKCEMENT_F2,22-08-2023,09:35:00,3100.5,3100.5,3100.5,3100.5,250,71250
JKCEMENT_F2,22-08-2023,09:36:00,3103.5,3103.5,3103.5,3103.5,250,71250
JKCEMENT_F2,22-08-2023,09:37:00,3104.95,3104.95,3104.95,3104.95,250,71250
JKCEMENT_F2,22-08-2023,09:39:00,3104.95,3104.95,3104.95,3104.95,250,71500
JKCEMENT_F2,22-08-2023,09:55:00,3097.1001,3097.1001,3097.1001,3097.1001,500,71500
JKCEMENT_F2,22-08-2023,10:03:00,3098.0,3098.0,3098.0,3098.0,250,71250
JKCEMENT_F2,22-08-2023,10:28:00,3100.0,3100.0,3100.0,3100.0,500,71250
JKCEMENT_F2,22-08-2023,10:30:00,3100.0,3100.0,3100.0,3100.0,250,71500
JKCEMENT_F2,22-08-2023,10:41:00,3100.2,3100.2,3100.2,3100.2,250,71500
JKCEMENT_F2,22-08-2023,10:51:00,3102.8501,3102.8501,3102.8501,3102.8501,250,71250
JKCEMENT_F2,22-08-2023,10:57:00,3097.7,3097.7,3097.7,3097.7,250,71250
JKCEMENT_F2,22-08-2023,11:41:00,3099.3,3099.3,3099.3,3099.3,250,71000
JKCEMENT_F2,22-08-2023,11:43:00,3100.0,3100.95,3100.0,3100.95,4000,71250
JKCEMENT_F2,22-08-2023,11:44:00,3105.0,3112.0,3105.0,3112.0,7500,71250
JKCEMENT_F2,22-08-2023,11:50:00,3125.0,3125.0,3124.45,3124.45,8750,63750
JKCEMENT_F2,22-08-2023,11:51:00,3145.45,3145.45,3131.25,3144.7,14750,63750
JKCEMENT_F2,22-08-2023,11:52:00,3144.7,3144.7,3130.55,3130.55,3250,63750
JKCEMENT_F2,22-08-2023,11:53:00,3130.55,3134.0,3130.55,3134.0,1500,63750
JKCEMENT_F2,22-08-2023,11:55:00,3134.0,3134.0,3134.0,3134.0,500,57250
JKCEMENT_F2,22-08-2023,11:56:00,3134.0,3134.0,3134.0,3134.0,1250,57250
JKCEMENT_F2,22-08-2023,11:57:00,3130.5,3130.5,3130.0,3130.0,750,55500
JKCEMENT_F2,22-08-2023,11:58:00,3130.0,3130.0,3130.0,3130.0,250,55500
JKCEMENT_F2,22-08-2023,11:59:00,3130.0,3130.0,3130.0,3130.0,500,55500
JKCEMENT_F2,22-08-2023,12:00:00,3130.5,3130.5,3130.5,3130.5,250,54500
JKCEMENT_F2,22-08-2023,12:01:00,3132.0,3132.0,3132.0,3132.0,250,54500
JKCEMENT_F2,22-08-2023,12:03:00,3132.0,3132.0,3132.0,3132.0,500,54750
JKCEMENT_F2,22-08-2023,12:04:00,3132.0,3132.0,3132.0,3132.0,250,54750
JKCEMENT_F2,22-08-2023,12:07:00,3133.0,3133.0,3133.0,3133.0,500,55000
JKCEMENT_F2,22-08-2023,12:08:00,3131.0,3131.0,3131.0,3131.0,500,55000
JKCEMENT_F2,22-08-2023,12:10:00,3131.0,3131.0,3131.0,3131.0,250,55250
JKCEMENT_F2,22-08-2023,12:12:00,3134.0,3134.0,3134.0,3134.0,500,55250
JKCEMENT_F2,22-08-2023,12:17:00,3134.0,3134.0,3134.0,3134.0,250,55500
JKCEMENT_F2,22-08-2023,12:24:00,3132.8999,3132.8999,3132.8999,3132.8999,250,55500
JKCEMENT_F2,22-08-2023,12:30:00,3133.0,3133.0,3133.0,3133.0,250,55750
JKCEMENT_F2,22-08-2023,12:33:00,3134.95,3134.95,3134.95,3134.95,250,55750
JKCEMENT_F2,22-08-2023,12:36:00,3135.0,3135.0,3135.0,3135.0,250,55750
JKCEMENT_F2,22-08-2023,12:48:00,3137.0,3137.0,3137.0,3137.0,1000,55750
JKCEMENT_F2,22-08-2023,13:02:00,3137.8501,3137.8501,3137.8501,3137.8501,750,55500
JKCEMENT_F2,22-08-2023,13:10:00,3130.45,3130.45,3130.45,3130.45,250,55500
JKCEMENT_F2,22-08-2023,13:32:00,3139.3,3139.3,3134.8,3134.8,500,55250
JKCEMENT_F2,22-08-2023,13:42:00,3135.2,3135.2,3135.2,3135.2,500,55250
JKCEMENT_F2,22-08-2023,13:59:00,3144.1499,3144.1499,3144.1499,3144.1499,250,54750
JKCEMENT_F2,22-08-2023,14:35:00,3130.0,3130.0,3128.05,3128.05,500,54750
JKCEMENT_F2,22-08-2023,14:50:00,3133.45,3133.45,3133.45,3133.45,500,55000
JKCEMENT_F2,22-08-2023,15:03:00,3132.0,3132.0,3128.55,3128.55,1000,55000
JKCEMENT_F2,22-08-2023,15:10:00,3131.75,3131.75,3131.75,3131.75,250,55500
JKCEMENT_F2,22-08-2023,15:19:00,3128.0,3128.0,3128.0,3128.0,250,55500
JKCEMENT_F2,22-08-2023,15:24:00,3123.0,3123.0,3122.8501,3122.8501,500,55250
JKCEMENT_F2,22-08-2023,15:25:00,3122.05,3122.05,3122.05,3122.05,500,55250
JKCEMENT_F2,22-08-2023,15:27:00,3117.1001,3117.1001,3117.1001,3117.1001,250,55250
JKCEMENT_F2,22-08-2023,15:29:00,3115.05,3115.05,3115.05,3115.05,500,54750
JKCEMENT_F2,23-08-2023,09:15:00,3191.6001,3191.6001,3191.6001,3191.6001,251,0
JKCEMENT_F2,23-08-2023,09:16:00,3120.45,3120.45,3120.45,3120.45,250,54500
JKCEMENT_F2,23-08-2023,09:17:00,3119.1001,3119.1001,3119.1001,3119.1001,250,54500
JKCEMENT_F2,23-08-2023,09:18:00,3119.05,3119.05,3119.05,3119.05,750,55000
JKCEMENT_F2,23-08-2023,09:23:00,3130.8,3130.8,3130.8,3130.8,500,54500
JKCEMENT_F2,23-08-2023,09:30:00,3132.0,3132.0,3132.0,3132.0,250,54750
JKCEMENT_F2,23-08-2023,09:31:00,3130.8,3130.8,3130.8,3130.8,250,54750
JKCEMENT_F2,23-08-2023,09:44:00,3129.7,3129.7,3129.7,3129.7,250,54500
JKCEMENT_F2,23-08-2023,09:46:00,3131.1001,3131.1001,3131.1001,3131.1001,250,54500
JKCEMENT_F2,23-08-2023,09:53:00,3131.1001,3131.1001,3131.1001,3131.1001,250,54500
JKCEMENT_F2,23-08-2023,09:55:00,3131.1001,3131.1001,3131.1001,3131.1001,250,54750
JKCEMENT_F2,23-08-2023,09:58:00,3131.1001,3131.1001,3131.1001,3131.1001,250,54750
JKCEMENT_F2,23-08-2023,09:59:00,3131.1001,3131.1001,3131.1001,3131.1001,250,55000
JKCEMENT_F2,23-08-2023,10:21:00,3123.5,3123.5,3123.5,3123.5,250,55250
JKCEMENT_F2,23-08-2023,10:27:00,3120.0,3120.0,3120.0,3120.0,250,55250
JKCEMENT_F2,23-08-2023,10:36:00,3120.0,3120.0,3120.0,3120.0,250,55250
JKCEMENT_F2,23-08-2023,10:47:00,3125.0,3125.0,3125.0,3125.0,500,55500
JKCEMENT_F2,23-08-2023,11:02:00,3123.0,3123.0,3123.0,3123.0,250,55500
JKCEMENT_F2,23-08-2023,11:29:00,3125.0,3125.0,3125.0,3125.0,250,55250
JKCEMENT_F2,23-08-2023,12:08:00,3125.0,3125.0,3125.0,3125.0,500,55250
JKCEMENT_F2,23-08-2023,12:29:00,3121.1001,3121.1001,3121.1001,3121.1001,250,54750
JKCEMENT_F2,23-08-2023,12:34:00,3121.75,3121.75,3121.75,3121.75,250,55000
JKCEMENT_F2,23-08-2023,12:41:00,3120.05,3120.05,3120.0,3120.0,1000,55250
JKCEMENT_F2,23-08-2023,12:42:00,3120.0,3120.0,3120.0,3120.0,500,55250
JKCEMENT_F2,23-08-2023,12:44:00,3120.0,3120.0,3120.0,3120.0,250,55250
JKCEMENT_F2,23-08-2023,12:45:00,3124.05,3124.05,3124.05,3124.05,250,55250
JKCEMENT_F2,23-08-2023,12:55:00,3121.8501,3121.8501,3121.8501,3121.8501,250,55250
JKCEMENT_F2,23-08-2023,12:59:00,3121.0,3121.0,3121.0,3121.0,250,55250
JKCEMENT_F2,23-08-2023,13:05:00,3124.8999,3124.8999,3124.8999,3124.8999,250,55500
JKCEMENT_F2,23-08-2023,13:17:00,3119.05,3119.05,3119.05,3119.05,750,55500
JKCEMENT_F2,23-08-2023,13:47:00,3124.45,3124.45,3124.45,3124.45,250,55500
JKCEMENT_F2,23-08-2023,13:55:00,3123.6499,3123.6499,3123.6499,3123.6499,250,55500
JKCEMENT_F2,23-08-2023,14:17:00,3119.0,3119.0,3119.0,3119.0,1250,55250
JKCEMENT_F2,23-08-2023,14:18:00,3119.0,3119.05,3119.0,3119.05,750,56000
JKCEMENT_F2,23-08-2023,14:19:00,3119.05,3119.05,3119.05,3119.05,250,56000
JKCEMENT_F2,23-08-2023,14:26:00,3119.0,3119.0,3119.0,3119.0,500,55750
JKCEMENT_F2,23-08-2023,14:31:00,3119.05,3119.05,3119.05,3119.05,500,55750
JKCEMENT_F2,23-08-2023,14:38:00,3119.0,3119.0,3119.0,3119.0,500,55750
JKCEMENT_F2,23-08-2023,15:01:00,3115.3,3115.3,3115.3,3115.3,250,55750
JKCEMENT_F2,23-08-2023,15:03:00,3100.3,3100.3,3100.3,3100.3,250,55750
JKCEMENT_F2,23-08-2023,15:04:00,3100.3,3100.3,3100.3,3100.3,250,55750
JKCEMENT_F2,23-08-2023,15:05:00,3098.1499,3098.1499,3097.05,3097.05,750,55750
JKCEMENT_F2,23-08-2023,15:19:00,3091.8,3091.8,3091.8,3091.8,250,55500
JKCEMENT_F2,23-08-2023,15:21:00,3091.8,3097.45,3091.8,3097.45,750,55750
JKCEMENT_F2,23-08-2023,15:22:00,3097.05,3097.05,3097.05,3097.05,250,55750
JKCEMENT_F2,23-08-2023,15:25:00,3097.05,3097.05,3097.05,3097.05,250,55500
JKCEMENT_F2,23-08-2023,15:26:00,3101.3999,3101.3999,3101.3999,3101.3999,500,55500
JKCEMENT_F2,24-08-2023,09:15:00,3127.8,3130.7,3120.0,3120.0,2502,55000
JKCEMENT_F2,24-08-2023,09:16:00,3102.3999,3102.3999,3102.3999,3102.3999,1000,55000
JKCEMENT_F2,24-08-2023,09:18:00,3102.5,3102.5,3102.5,3102.5,500,56750
JKCEMENT_F2,24-08-2023,09:22:00,3126.25,3126.25,3126.25,3126.25,250,56500
JKCEMENT_F2,24-08-2023,09:25:00,3120.0,3120.0,3120.0,3120.0,500,56750
JKCEMENT_F2,24-08-2023,09:42:00,3123.75,3123.75,3123.75,3123.75,500,56750
JKCEMENT_F2,24-08-2023,09:53:00,3118.0,3118.0,3118.0,3118.0,250,57000
JKCEMENT_F2,24-08-2023,09:55:00,3115.0,3115.0,3115.0,3115.0,250,57250
JKCEMENT_F2,24-08-2023,09:56:00,3117.0,3117.0,3117.0,3117.0,250,57250
JKCEMENT_F2,24-08-2023,09:57:00,3122.25,3122.25,3122.25,3122.25,500,57500
JKCEMENT_F2,24-08-2023,09:58:00,3124.0,3125.5,3124.0,3125.5,1500,57500
JKCEMENT_F2,24-08-2023,10:00:00,3120.1499,3120.7,3120.1499,3120.7,750,57500
JKCEMENT_F2,24-08-2023,10:01:00,3120.3,3120.3999,3120.3,3120.3999,500,57500
JKCEMENT_F2,24-08-2023,10:03:00,3126.0,3126.0,3126.0,3126.0,1000,57750
JKCEMENT_F2,24-08-2023,10:07:00,3126.0,3126.0,3126.0,3126.0,750,57750
JKCEMENT_F2,24-08-2023,10:09:00,3126.0,3127.6499,3126.0,3127.6499,500,57500
JKCEMENT_F2,24-08-2023,10:16:00,3128.5,3128.5,3128.5,3128.5,250,57750
JKCEMENT_F2,24-08-2023,10:17:00,3130.95,3130.95,3130.95,3130.95,500,57750
JKCEMENT_F2,24-08-2023,10:18:00,3130.95,3136.0,3130.95,3136.0,1500,57250
JKCEMENT_F2,24-08-2023,10:20:00,3137.0,3137.0,3137.0,3137.0,500,57250
JKCEMENT_F2,24-08-2023,10:23:00,3137.0,3137.0,3137.0,3137.0,250,58750
JKCEMENT_F2,24-08-2023,10:24:00,3136.5,3137.0,3136.5,3137.0,1000,59000
JKCEMENT_F2,24-08-2023,10:35:00,3137.25,3137.45,3137.25,3137.45,500,59500
JKCEMENT_F2,24-08-2023,10:49:00,3137.45,3137.45,3137.45,3137.45,750,60000
JKCEMENT_F2,24-08-2023,10:50:00,3131.1001,3131.1001,3127.3999,3127.3999,1500,60000
JKCEMENT_F2,24-08-2023,11:20:00,3125.3,3125.3,3125.3,3125.3,250,60250
JKCEMENT_F2,24-08-2023,11:22:00,3126.1001,3126.1001,3126.1001,3126.1001,500,60500
JKCEMENT_F2,24-08-2023,11:39:00,3133.95,3133.95,3133.95,3133.95,250,60000
JKCEMENT_F2,24-08-2023,11:41:00,3135.0,3137.8999,3135.0,3137.8999,500,60000
JKCEMENT_F2,24-08-2023,11:46:00,3137.8999,3137.8999,3137.8999,3137.8999,250,60000
JKCEMENT_F2,24-08-2023,11:47:00,3137.8999,3137.8999,3137.8999,3137.8999,500,60000
JKCEMENT_F2,24-08-2023,11:48:00,3144.6001,3144.6001,3144.6001,3144.6001,500,59750
JKCEMENT_F2,24-08-2023,11:49:00,3150.0,3150.0,3147.0,3147.0,11000,59750
JKCEMENT_F2,24-08-2023,11:51:00,3146.75,3150.2,3142.1001,3150.2,3500,56250
JKCEMENT_F2,24-08-2023,11:53:00,3150.2,3150.2,3150.0,3150.0,2000,56250
JKCEMENT_F2,24-08-2023,11:57:00,3153.8999,3153.8999,3153.8999,3153.8999,1000,55250
JKCEMENT_F2,24-08-2023,11:59:00,3153.8999,3153.8999,3153.75,3153.75,500,55250
JKCEMENT_F2,24-08-2023,12:00:00,3153.8,3153.8,3153.8,3153.8,250,55250
JKCEMENT_F2,24-08-2023,12:01:00,3153.75,3153.75,3152.1001,3152.1001,1250,55250
JKCEMENT_F2,24-08-2023,12:02:00,3153.05,3153.05,3153.05,3153.05,250,55250
JKCEMENT_F2,24-08-2023,12:03:00,3148.7,3148.7,3148.7,3148.7,250,55500
JKCEMENT_F2,24-08-2023,12:06:00,3153.2,3153.2,3153.2,3153.2,500,55500
JKCEMENT_F2,24-08-2023,12:15:00,3153.2,3153.2,3153.2,3153.2,1000,55250
JKCEMENT_F2,24-08-2023,12:17:00,3149.1001,3149.1001,3149.1001,3149.1001,250,55250
JKCEMENT_F2,24-08-2023,12:19:00,3147.5,3147.5,3147.5,3147.5,250,55500
JKCEMENT_F2,24-08-2023,12:20:00,3149.25,3149.25,3149.25,3149.25,250,55500
JKCEMENT_F2,24-08-2023,12:21:00,3151.55,3151.55,3151.55,3151.55,250,55000
JKCEMENT_F2,24-08-2023,12:24:00,3146.1001,3146.1001,3146.1001,3146.1001,250,55250
JKCEMENT_F2,24-08-2023,12:26:00,3150.3501,3150.3501,3150.3501,3150.3501,500,55250
JKCEMENT_F2,24-08-2023,12:27:00,3150.3501,3150.3501,3150.3501,3150.3501,250,55250
JKCEMENT_F2,24-08-2023,12:32:00,3149.5,3149.5,3149.5,3149.5,250,55500
JKCEMENT_F2,24-08-2023,12:34:00,3163.25,3168.7,3163.25,3168.7,3250,55250
JKCEMENT_F2,24-08-2023,12:39:00,3170.0,3170.0,3170.0,3170.0,250,54750
JKCEMENT_F2,24-08-2023,12:40:00,3170.0,3170.0,3170.0,3170.0,250,54750
JKCEMENT_F2,24-08-2023,12:41:00,3174.2,3175.2,3174.2,3175.2,1750,54750
JKCEMENT_F2,24-08-2023,12:42:00,3179.0,3179.0,3179.0,3179.0,500,54750
JKCEMENT_F2,24-08-2023,12:45:00,3195.0,3195.0,3195.0,3195.0,500,54250
JKCEMENT_F2,24-08-2023,12:47:00,3195.0,3195.0,3185.0,3185.0,1000,54250
JKCEMENT_F2,24-08-2023,12:52:00,3178.0,3178.0,3178.0,3178.0,250,54000
JKCEMENT_F2,24-08-2023,12:55:00,3178.0,3178.0,3178.0,3178.0,500,53750
JKCEMENT_F2,24-08-2023,12:58:00,3178.0,3178.0,3178.0,3178.0,750,54000
JKCEMENT_F2,24-08-2023,13:01:00,3184.0,3184.0,3184.0,3184.0,250,54500
JKCEMENT_F2,24-08-2023,13:17:00,3184.0,3184.0,3184.0,3184.0,250,54000
JKCEMENT_F2,24-08-2023,13:18:00,3183.1001,3186.8,3183.1001,3186.8,1250,54500
JKCEMENT_F2,24-08-2023,13:20:00,3187.1001,3187.1001,3187.1001,3187.1001,250,54500
JKCEMENT_F2,24-08-2023,13:22:00,3187.1001,3187.1001,3187.1001,3187.1001,250,54250
JKCEMENT_F2,24-08-2023,13:25:00,3195.0,3195.0,3195.0,3195.0,5750,54250
JKCEMENT_F2,24-08-2023,13:29:00,3197.7,3197.7,3197.7,3197.7,3250,53750
JKCEMENT_F2,24-08-2023,13:31:00,3195.0,3195.0,3195.0,3195.0,250,54000
JKCEMENT_F2,24-08-2023,13:36:00,3195.0,3195.0,3195.0,3195.0,250,54000
JKCEMENT_F2,24-08-2023,13:39:00,3202.0,3202.0,3202.0,3202.0,500,54000
JKCEMENT_F2,24-08-2023,13:42:00,3193.25,3193.25,3193.25,3193.25,500,54000
JKCEMENT_F2,24-08-2023,13:43:00,3194.45,3194.45,3194.45,3194.45,250,54250
JKCEMENT_F2,24-08-2023,13:44:00,3194.45,3194.45,3194.45,3194.45,250,54250
JKCEMENT_F2,24-08-2023,13:45:00,3194.45,3194.45,3194.45,3194.45,250,54250
JKCEMENT_F2,24-08-2023,13:48:00,3200.0,3200.0,3200.0,3200.0,500,53750
JKCEMENT_F2,24-08-2023,13:50:00,3200.0,3200.0,3200.0,3200.0,250,53750
JKCEMENT_F2,24-08-2023,13:54:00,3200.0,3200.0,3200.0,3200.0,250,53500
JKCEMENT_F2,24-08-2023,14:03:00,3200.0,3200.0,3200.0,3200.0,250,53500
JKCEMENT_F2,24-08-2023,14:04:00,3192.0,3192.0,3192.0,3192.0,1500,53750
JKCEMENT_F2,24-08-2023,14:15:00,3186.8999,3186.8999,3186.8999,3186.8999,500,53250
JKCEMENT_F2,24-08-2023,14:16:00,3186.8999,3186.8999,3186.8999,3186.8999,250,53000
JKCEMENT_F2,24-08-2023,14:20:00,3176.1001,3176.1001,3176.1001,3176.1001,250,53250
JKCEMENT_F2,24-08-2023,14:21:00,3172.1499,3172.1499,3172.1499,3172.1499,250,53250
JKCEMENT_F2,24-08-2023,14:24:00,3172.1499,3172.1499,3172.1499,3172.1499,500,53250
JKCEMENT_F2,24-08-2023,14:26:00,3171.3999,3171.3999,3171.3999,3171.3999,250,53000
JKCEMENT_F2,24-08-2023,14:28:00,3173.8999,3173.8999,3173.8999,3173.8999,250,52750
JKCEMENT_F2,24-08-2023,14:29:00,3173.8999,3173.8999,3173.8999,3173.8999,250,52750
JKCEMENT_F2,24-08-2023,14:31:00,3174.8999,3174.8999,3174.8999,3174.8999,250,53000
JKCEMENT_F2,24-08-2023,14:43:00,3185.5,3185.5,3185.5,3185.5,250,53000
JKCEMENT_F2,24-08-2023,14:46:00,3183.0,3183.0,3183.0,3183.0,250,53000
JKCEMENT_F2,24-08-2023,14:48:00,3180.0,3180.0,3180.0,3180.0,250,53000
JKCEMENT_F2,24-08-2023,14:49:00,3180.0,3180.0,3180.0,3180.0,250,53250
JKCEMENT_F2,24-08-2023,14:53:00,3182.0,3182.0,3182.0,3182.0,250,53500
JKCEMENT_F2,24-08-2023,14:55:00,3180.0,3180.0,3180.0,3180.0,500,53500
JKCEMENT_F2,24-08-2023,15:00:00,3176.5,3176.5,3169.2,3169.2,1750,53750
JKCEMENT_F2,24-08-2023,15:02:00,3166.8501,3166.8501,3166.8501,3166.8501,250,53750
JKCEMENT_F2,24-08-2023,15:14:00,3165.0,3165.0,3165.0,3165.0,250,53250
JKCEMENT_F2,24-08-2023,15:17:00,3161.25,3161.25,3161.25,3161.25,500,52750
JKCEMENT_F2,24-08-2023,15:19:00,3163.05,3163.05,3162.6499,3162.6499,1000,52500
JKCEMENT_F2,24-08-2023,15:24:00,3161.8,3161.8,3161.8,3161.8,250,52500
JKCEMENT_F2,24-08-2023,15:25:00,3158.1499,3158.1499,3158.1499,3158.1499,250,52500
JKCEMENT_F2,24-08-2023,15:27:00,3160.45,3160.45,3160.45,3160.45,250,52500
JKCEMENT_F2,24-08-2023,15:29:00,3161.2,3161.2,3161.2,3161.2,250,52500
JKCEMENT_F2,25-08-2023,09:15:00,3124.05,3126.7,3124.05,3126.7,502,52250
JKCEMENT_F2,25-08-2023,09:16:00,3126.75,3128.8999,3126.75,3128.8999,2250,52250
JKCEMENT_F2,25-08-2023,09:17:00,3128.8999,3130.0,3127.1001,3127.1001,2500,52500
JKCEMENT_F2,25-08-2023,09:18:00,3133.8999,3133.8999,3133.8999,3133.8999,250,52500
JKCEMENT_F2,25-08-2023,09:20:00,3133.8999,3133.8999,3124.6499,3127.45,2250,53000
JKCEMENT_F2,25-08-2023,09:30:00,3127.45,3141.95,3127.45,3141.95,750,52750
JKCEMENT_F2,25-08-2023,09:31:00,3141.95,3141.95,3141.95,3141.95,1250,52750
JKCEMENT_F2,25-08-2023,09:33:00,3141.95,3141.95,3141.95,3141.95,250,53750
JKCEMENT_F2,25-08-2023,09:34:00,3141.8999,3141.8999,3141.8999,3141.8999,1000,53750
JKCEMENT_F2,25-08-2023,09:36:00,3142.0,3148.6001,3142.0,3148.6001,500,54000
JKCEMENT_F2,25-08-2023,09:38:00,3148.6001,3148.6001,3148.6001,3148.6001,250,53500
JKCEMENT_F2,25-08-2023,09:39:00,3155.45,3155.45,3155.45,3155.45,750,53500
JKCEMENT_F2,25-08-2023,09:40:00,3155.45,3155.45,3155.45,3155.45,250,53500
JKCEMENT_F2,25-08-2023,09:44:00,3155.45,3155.45,3155.45,3155.45,250,53250
JKCEMENT_F2,25-08-2023,09:45:00,3162.45,3162.45,3162.45,3162.45,500,53000
JKCEMENT_F2,25-08-2023,09:50:00,3159.05,3159.05,3159.05,3159.05,500,52750
JKCEMENT_F2,25-08-2023,09:51:00,3159.05,3159.05,3157.5,3157.5,1000,52750
JKCEMENT_F2,25-08-2023,09:54:00,3157.5,3157.5,3157.5,3157.5,500,52750
JKCEMENT_F2,25-08-2023,09:58:00,3156.95,3156.95,3156.95,3156.95,750,53000
JKCEMENT_F2,25-08-2023,10:02:00,3156.95,3156.95,3156.95,3156.95,250,52750
JKCEMENT_F2,25-08-2023,10:04:00,3156.95,3156.95,3156.95,3156.95,250,53000
JKCEMENT_F2,25-08-2023,10:05:00,3156.95,3156.95,3156.95,3156.95,500,52500
JKCEMENT_F2,25-08-2023,10:08:00,3156.95,3156.95,3156.95,3156.95,250,52500
JKCEMENT_F2,25-08-2023,10:10:00,3152.1001,3152.1001,3152.1001,3152.1001,250,52250
JKCEMENT_F2,25-08-2023,10:11:00,3152.1001,3152.1001,3152.1001,3152.1001,250,52250
JKCEMENT_F2,25-08-2023,10:12:00,3152.1001,3152.1001,3152.1001,3152.1001,250,52500
JKCEMENT_F2,25-08-2023,10:18:00,3153.0,3153.0,3153.0,3153.0,750,52250
JKCEMENT_F2,25-08-2023,10:19:00,3150.0,3150.0,3150.0,3150.0,250,52250
JKCEMENT_F2,25-08-2023,10:20:00,3150.0,3151.0,3149.3501,3151.0,2250,52250
JKCEMENT_F2,25-08-2023,10:22:00,3157.0,3157.0,3157.0,3157.0,5750,52250
JKCEMENT_F2,25-08-2023,10:23:00,3157.0,3157.0,3155.05,3155.05,1000,52250
JKCEMENT_F2,25-08-2023,10:25:00,3155.0,3155.0,3155.0,3155.0,4500,51000
JKCEMENT_F2,25-08-2023,10:28:00,3155.0,3155.0,3155.0,3155.0,250,51000
JKCEMENT_F2,25-08-2023,10:29:00,3155.0,3155.0,3141.0,3141.0,500,51250
JKCEMENT_F2,25-08-2023,10:30:00,3135.0,3135.0,3135.0,3135.0,500,51250
JKCEMENT_F2,25-08-2023,10:32:00,3135.0,3135.0,3135.0,3135.0,500,51250
JKCEMENT_F2,25-08-2023,10:36:00,3127.6001,3127.6001,3127.6001,3127.6001,1000,51500
JKCEMENT_F2,25-08-2023,10:38:00,3126.0,3126.0,3126.0,3126.0,750,51500
JKCEMENT_F2,25-08-2023,10:40:00,3125.0,3125.0,3118.5,3118.5,2250,52750
JKCEMENT_F2,25-08-2023,10:41:00,3132.8501,3132.8501,3132.8501,3132.8501,250,52500
JKCEMENT_F2,25-08-2023,10:43:00,3133.3999,3133.3999,3133.3999,3133.3999,500,52500
JKCEMENT_F2,25-08-2023,10:44:00,3129.0,3129.0,3129.0,3129.0,250,52500
JKCEMENT_F2,25-08-2023,10:45:00,3129.0,3129.0,3129.0,3129.0,250,52500
JKCEMENT_F2,25-08-2023,10:46:00,3129.0,3129.0,3129.0,3129.0,250,52500
JKCEMENT_F2,25-08-2023,10:47:00,3129.0,3129.0,3129.0,3129.0,750,52500
JKCEMENT_F2,25-08-2023,10:50:00,3129.0,3129.0,3129.0,3129.0,250,53250
JKCEMENT_F2,25-08-2023,10:53:00,3129.0,3129.0,3129.0,3129.0,250,52500
JKCEMENT_F2,25-08-2023,10:56:00,3129.0,3129.0,3129.0,3129.0,500,52250
JKCEMENT_F2,25-08-2023,11:00:00,3129.0,3129.0,3129.0,3129.0,250,52500
JKCEMENT_F2,25-08-2023,11:02:00,3129.0,3129.0,3129.0,3129.0,250,52500
JKCEMENT_F2,25-08-2023,11:04:00,3129.0,3129.0,3129.0,3129.0,250,52750
JKCEMENT_F2,25-08-2023,11:05:00,3129.0,3129.0,3129.0,3129.0,500,52750
JKCEMENT_F2,25-08-2023,11:06:00,3129.0,3129.0,3129.0,3129.0,250,52500
JKCEMENT_F2,25-08-2023,11:08:00,3129.0,3129.0,3129.0,3129.0,250,52500
JKCEMENT_F2,25-08-2023,11:09:00,3129.0,3129.0,3129.0,3129.0,250,52250
JKCEMENT_F2,25-08-2023,11:10:00,3129.0,3129.0,3128.6499,3128.6499,500,52250
JKCEMENT_F2,25-08-2023,11:12:00,3128.6499,3128.6499,3128.6499,3128.6499,250,53000
JKCEMENT_F2,25-08-2023,11:14:00,3128.6499,3128.6499,3128.6499,3128.6499,500,53000
JKCEMENT_F2,25-08-2023,11:17:00,3134.0,3134.0,3134.0,3134.0,1250,53000
JKCEMENT_F2,25-08-2023,11:18:00,3134.0,3134.0,3134.0,3134.0,750,52000
JKCEMENT_F2,25-08-2023,11:21:00,3137.0,3137.0,3137.0,3137.0,250,52500
JKCEMENT_F2,25-08-2023,11:23:00,3137.0,3140.0,3137.0,3139.8,1250,52500
JKCEMENT_F2,25-08-2023,11:24:00,3139.8,3139.8,3139.8,3139.8,250,54000
JKCEMENT_F2,25-08-2023,11:27:00,3139.8,3139.8,3139.8,3139.8,250,53750
JKCEMENT_F2,25-08-2023,11:28:00,3139.8,3142.8,3139.8,3142.8,1000,53750
JKCEMENT_F2,25-08-2023,11:31:00,3142.8,3142.8,3142.8,3142.8,250,53750
JKCEMENT_F2,25-08-2023,11:32:00,3142.8,3142.8,3142.8,3142.8,500,53750
JKCEMENT_F2,25-08-2023,11:34:00,3142.8,3142.8,3142.8,3142.8,250,54250
JKCEMENT_F2,25-08-2023,11:35:00,3142.0,3142.0,3142.0,3142.0,250,54250
JKCEMENT_F2,25-08-2023,11:38:00,3142.0,3142.0,3142.0,3142.0,500,54250
JKCEMENT_F2,25-08-2023,11:41:00,3142.0,3142.0,3142.0,3142.0,250,54250
JKCEMENT_F2,25-08-2023,11:42:00,3142.0,3142.0,3142.0,3142.0,500,54500
JKCEMENT_F2,25-08-2023,11:46:00,3142.0,3142.0,3142.0,3142.0,250,54500
JKCEMENT_F2,25-08-2023,11:49:00,3142.0,3142.0,3142.0,3142.0,500,54750
JKCEMENT_F2,25-08-2023,11:51:00,3142.0,3144.5,3142.0,3144.5,3500,54750
JKCEMENT_F2,25-08-2023,11:55:00,3144.5,3144.5,3144.5,3144.5,250,56000
JKCEMENT_F2,25-08-2023,11:57:00,3144.5,3144.5,3144.5,3144.5,250,56250
JKCEMENT_F2,25-08-2023,11:58:00,3144.5,3144.5,3144.5,3144.5,500,56250
JKCEMENT_F2,25-08-2023,11:59:00,3136.05,3136.05,3136.05,3136.05,500,55750
JKCEMENT_F2,25-08-2023,12:01:00,3136.05,3140.25,3136.05,3138.8999,1250,55750
JKCEMENT_F2,25-08-2023,12:04:00,3131.7,3131.7,3131.7,3131.7,250,56500
JKCEMENT_F2,25-08-2023,12:05:00,3131.7,3131.7,3131.7,3131.7,250,56500
JKCEMENT_F2,25-08-2023,12:07:00,3131.7,3131.7,3131.7,3131.7,500,56250
JKCEMENT_F2,25-08-2023,12:11:00,3131.7,3131.7,3131.7,3131.7,500,56750
JKCEMENT_F2,25-08-2023,12:15:00,3131.7,3131.7,3131.7,3131.7,250,57000
JKCEMENT_F2,25-08-2023,12:16:00,3131.7,3131.7,3131.7,3131.7,750,57000
JKCEMENT_F2,25-08-2023,12:19:00,3131.7,3131.7,3131.7,3131.7,250,57250
JKCEMENT_F2,25-08-2023,12:25:00,3131.7,3131.7,3131.7,3131.7,500,57500
JKCEMENT_F2,25-08-2023,12:29:00,3131.7,3131.7,3131.7,3131.7,500,58000
JKCEMENT_F2,25-08-2023,12:30:00,3131.7,3131.7,3131.7,3131.7,250,58250
JKCEMENT_F2,25-08-2023,12:32:00,3131.7,3131.7,3131.7,3131.7,250,58250
JKCEMENT_F2,25-08-2023,12:34:00,3131.7,3131.7,3131.7,3131.7,500,58250
JKCEMENT_F2,25-08-2023,12:38:00,3131.7,3131.7,3131.7,3131.7,250,58500
JKCEMENT_F2,25-08-2023,12:39:00,3132.8,3132.8,3132.8,3132.8,250,58500
JKCEMENT_F2,25-08-2023,12:40:00,3129.6499,3129.6499,3129.6499,3129.6499,250,58500
JKCEMENT_F2,25-08-2023,12:41:00,3130.0,3130.0,3130.0,3130.0,250,58500
JKCEMENT_F2,25-08-2023,12:42:00,3130.0,3130.0,3130.0,3130.0,500,58750
JKCEMENT_F2,25-08-2023,12:43:00,3130.0,3130.0,3130.0,3130.0,250,58750
JKCEMENT_F2,25-08-2023,12:46:00,3130.0,3130.0,3130.0,3130.0,250,59000
JKCEMENT_F2,25-08-2023,12:48:00,3130.0,3130.0,3130.0,3130.0,250,59250
JKCEMENT_F2,25-08-2023,12:50:00,3130.0,3130.0,3130.0,3130.0,250,59250
JKCEMENT_F2,25-08-2023,12:52:00,3130.0,3130.0,3130.0,3130.0,750,59250
JKCEMENT_F2,25-08-2023,12:55:00,3130.0,3130.0,3130.0,3130.0,250,59500
JKCEMENT_F2,25-08-2023,12:56:00,3130.0,3130.0,3130.0,3130.0,250,59500
JKCEMENT_F2,25-08-2023,12:59:00,3140.8,3140.8,3140.8,3140.8,500,59750
JKCEMENT_F2,25-08-2023,13:01:00,3140.8,3140.8,3140.8,3140.8,500,59750
JKCEMENT_F2,25-08-2023,13:04:00,3140.8,3140.8,3140.8,3140.8,250,60250
JKCEMENT_F2,25-08-2023,13:05:00,3140.8,3140.8,3140.8,3140.8,250,60250
JKCEMENT_F2,25-08-2023,13:06:00,3135.55,3135.55,3135.55,3135.55,250,60750
JKCEMENT_F2,25-08-2023,13:07:00,3141.0,3141.0,3141.0,3141.0,3750,60750
JKCEMENT_F2,25-08-2023,13:08:00,3145.8,3149.8,3145.8,3149.8,1750,60750
JKCEMENT_F2,25-08-2023,13:10:00,3149.8,3149.8,3149.8,3149.8,250,64250
JKCEMENT_F2,25-08-2023,13:11:00,3149.8,3149.8,3149.8,3149.8,250,64250
JKCEMENT_F2,25-08-2023,13:15:00,3149.8,3149.8,3149.8,3149.8,250,64250
JKCEMENT_F2,25-08-2023,13:19:00,3149.8,3149.8,3149.8,3149.8,250,64750
JKCEMENT_F2,25-08-2023,13:20:00,3149.8,3149.8,3149.8,3149.8,250,64750
JKCEMENT_F2,25-08-2023,13:21:00,3149.8,3149.8,3149.8,3149.8,500,65250
JKCEMENT_F2,25-08-2023,13:25:00,3149.8,3149.8,3149.8,3149.8,250,65750
JKCEMENT_F2,25-08-2023,13:27:00,3149.8,3149.8,3149.8,3149.8,250,66000
JKCEMENT_F2,25-08-2023,13:28:00,3149.8,3149.8,3149.8,3149.8,250,66000
JKCEMENT_F2,25-08-2023,13:29:00,3149.8,3149.8,3149.8,3149.8,250,66000
JKCEMENT_F2,25-08-2023,13:33:00,3150.0,3153.0,3150.0,3153.0,1000,66500
JKCEMENT_F2,25-08-2023,13:34:00,3153.0,3153.0,3153.0,3153.0,500,66500
JKCEMENT_F2,25-08-2023,13:39:00,3153.0,3160.0,3153.0,3160.0,1000,66250
JKCEMENT_F2,25-08-2023,13:40:00,3160.0,3160.0,3158.05,3158.7,1000,66250
JKCEMENT_F2,25-08-2023,13:43:00,3158.7,3158.7,3158.7,3158.7,250,66500
JKCEMENT_F2,25-08-2023,13:44:00,3158.7,3158.7,3158.7,3158.7,250,66500
JKCEMENT_F2,25-08-2023,13:45:00,3160.0,3160.0,3160.0,3160.0,500,66500
JKCEMENT_F2,25-08-2023,13:47:00,3160.0,3160.0,3160.0,3160.0,250,66500
JKCEMENT_F2,25-08-2023,13:48:00,3160.0,3160.0,3160.0,3160.0,250,66500
JKCEMENT_F2,25-08-2023,13:52:00,3160.0,3161.0,3160.0,3161.0,750,66500
JKCEMENT_F2,25-08-2023,13:53:00,3163.0,3163.0,3163.0,3163.0,750,66500
JKCEMENT_F2,25-08-2023,13:54:00,3163.0,3163.0,3163.0,3163.0,250,67750
JKCEMENT_F2,25-08-2023,13:56:00,3171.1001,3171.1001,3171.1001,3171.1001,500,67750
JKCEMENT_F2,25-08-2023,13:57:00,3171.1001,3171.1001,3171.1001,3171.1001,250,67750
JKCEMENT_F2,25-08-2023,13:58:00,3170.8501,3170.8501,3170.8501,3170.8501,250,67750
JKCEMENT_F2,25-08-2023,14:01:00,3170.8501,3170.8501,3170.8501,3170.8501,250,67750
JKCEMENT_F2,25-08-2023,14:02:00,3170.8501,3170.8501,3170.8501,3170.8501,250,67750
JKCEMENT_F2,25-08-2023,14:04:00,3170.8501,3170.8501,3170.8501,3170.8501,250,68000
JKCEMENT_F2,25-08-2023,14:06:00,3171.6499,3171.6499,3171.6499,3171.6499,500,68250
JKCEMENT_F2,25-08-2023,14:08:00,3170.1001,3170.1001,3170.1001,3170.1001,250,68250
JKCEMENT_F2,25-08-2023,14:11:00,3170.1001,3170.1001,3170.1001,3170.1001,250,68000
JKCEMENT_F2,25-08-2023,14:12:00,3170.1001,3170.1001,3170.1001,3170.1001,500,68250
JKCEMENT_F2,25-08-2023,14:14:00,3170.1001,3170.1001,3170.1001,3170.1001,250,68250
JKCEMENT_F2,25-08-2023,14:15:00,3170.1001,3170.1001,3170.1001,3170.1001,250,69000
JKCEMENT_F2,25-08-2023,14:16:00,3171.25,3175.25,3171.25,3175.25,1000,69000
JKCEMENT_F2,25-08-2023,14:20:00,3175.25,3175.25,3175.25,3175.25,750,69500
JKCEMENT_F2,25-08-2023,14:21:00,3170.75,3170.75,3170.75,3170.75,250,69750
JKCEMENT_F2,25-08-2023,14:22:00,3170.75,3170.75,3170.75,3170.75,250,69750
JKCEMENT_F2,25-08-2023,14:26:00,3170.75,3170.75,3170.75,3170.75,250,69750
JKCEMENT_F2,25-08-2023,14:27:00,3170.75,3170.75,3170.75,3170.75,250,69750
JKCEMENT_F2,25-08-2023,14:29:00,3170.75,3170.75,3170.75,3170.75,500,69750
JKCEMENT_F2,25-08-2023,14:30:00,3172.1001,3172.1001,3172.1001,3172.1001,500,70000
JKCEMENT_F2,25-08-2023,14:32:00,3172.1001,3172.1001,3172.1001,3172.1001,250,70000
JKCEMENT_F2,25-08-2023,14:38:00,3172.1001,3172.1001,3172.1001,3172.1001,500,70500
JKCEMENT_F2,25-08-2023,14:43:00,3172.1001,3172.1001,3172.1001,3172.1001,250,71000
JKCEMENT_F2,25-08-2023,14:47:00,3175.25,3175.25,3175.25,3175.25,1000,71000
JKCEMENT_F2,25-08-2023,14:49:00,3175.25,3175.25,3175.25,3175.25,500,70750
JKCEMENT_F2,25-08-2023,14:50:00,3180.8999,3180.8999,3180.8999,3180.8999,250,70750
JKCEMENT_F2,25-08-2023,14:51:00,3182.8,3182.8,3182.8,3182.8,250,71000
JKCEMENT_F2,25-08-2023,14:52:00,3182.8,3182.8,3182.8,3182.8,250,71000
JKCEMENT_F2,25-08-2023,14:53:00,3184.45,3184.45,3184.45,3184.45,250,71000
JKCEMENT_F2,25-08-2023,14:54:00,3184.45,3184.45,3184.45,3184.45,250,71250
JKCEMENT_F2,25-08-2023,14:56:00,3183.45,3183.45,3183.45,3183.45,250,71250
JKCEMENT_F2,25-08-2023,14:58:00,3183.45,3185.0,3183.45,3185.0,1000,71750
JKCEMENT_F2,25-08-2023,15:00:00,3185.0,3185.0,3185.0,3185.0,250,71750
JKCEMENT_F2,25-08-2023,15:01:00,3182.45,3183.8,3182.45,3183.8,750,71750
JKCEMENT_F2,25-08-2023,15:03:00,3186.1001,3186.1001,3184.1001,3184.1001,750,72000
JKCEMENT_F2,25-08-2023,15:05:00,3184.1001,3184.1001,3184.1001,3184.1001,250,72000
JKCEMENT_F2,25-08-2023,15:06:00,3186.8501,3186.8501,3186.8501,3186.8501,250,72250
JKCEMENT_F2,25-08-2023,15:07:00,3186.8501,3189.8999,3186.8501,3189.8999,1750,72250
JKCEMENT_F2,25-08-2023,15:09:00,3191.0,3191.0,3191.0,3191.0,500,73750
JKCEMENT_F2,25-08-2023,15:10:00,3192.8,3195.8,3192.8,3195.8,750,73750
JKCEMENT_F2,25-08-2023,15:11:00,3195.8,3195.8,3195.45,3195.45,500,73750
JKCEMENT_F2,25-08-2023,15:12:00,3195.45,3201.75,3195.45,3195.8999,3500,76500
JKCEMENT_F2,25-08-2023,15:13:00,3199.8,3199.8,3198.7,3198.7,750,76500
JKCEMENT_F2,25-08-2023,15:14:00,3196.0,3196.0,3193.75,3194.8999,1000,76500
JKCEMENT_F2,25-08-2023,15:15:00,3196.8,3196.8,3189.25,3189.25,1750,77250
JKCEMENT_F2,25-08-2023,15:16:00,3191.05,3194.3,3190.3999,3190.3999,1250,77250
JKCEMENT_F2,25-08-2023,15:17:00,3190.3999,3190.3999,3190.3999,3190.3999,250,77250
JKCEMENT_F2,25-08-2023,15:18:00,3183.1001,3183.1001,3183.1001,3183.1001,750,77250
JKCEMENT_F2,25-08-2023,15:20:00,3185.8999,3187.25,3185.8999,3187.25,500,77750
JKCEMENT_F2,25-08-2023,15:21:00,3187.25,3187.25,3187.25,3187.25,250,77750
JKCEMENT_F2,25-08-2023,15:23:00,3177.8999,3177.8999,3177.8999,3177.8999,250,77750
JKCEMENT_F2,25-08-2023,15:24:00,3177.8999,3177.8999,3177.8999,3177.8999,500,78000
JKCEMENT_F2,25-08-2023,15:25:00,3171.7,3171.7,3171.7,3171.7,250,78000
JKCEMENT_F2,25-08-2023,15:26:00,3173.3501,3173.3501,3171.3,3171.3,500,78000
JKCEMENT_F2,25-08-2023,15:27:00,3168.1001,3168.1001,3168.1001,3168.1001,500,78250
JKCEMENT_F2,25-08-2023,15:28:00,3167.2,3167.2,3167.2,3167.2,500,78250
JKCEMENT_F2,25-08-2023,15:29:00,3166.7,3171.3999,3163.8501,3171.3999,1750,78250
JKCEMENT_F2,28-08-2023,09:15:00,3171.3999,3171.3999,3171.3999,3171.3999,250,78750
JKCEMENT_F2,28-08-2023,09:16:00,3187.7,3187.7,3187.7,3187.7,500,78750
JKCEMENT_F2,28-08-2023,09:17:00,3185.3,3192.95,3185.3,3192.95,1000,78750
JKCEMENT_F2,28-08-2023,09:18:00,3191.5,3191.5,3191.5,3191.5,500,78750
JKCEMENT_F2,28-08-2023,09:20:00,3191.5,3193.0,3191.5,3193.0,750,78250
JKCEMENT_F2,28-08-2023,09:21:00,3193.0,3193.0,3193.0,3193.0,250,78250
JKCEMENT_F2,28-08-2023,09:22:00,3188.5,3188.5,3188.5,3188.5,500,78250
JKCEMENT_F2,28-08-2023,09:24:00,3188.5,3188.5,3185.95,3185.95,500,78750
JKCEMENT_F2,28-08-2023,09:29:00,3162.6001,3163.3999,3162.6001,3163.3999,500,79000
JKCEMENT_F2,28-08-2023,09:31:00,3167.0,3167.0,3167.0,3167.0,250,78750
JKCEMENT_F2,28-08-2023,09:33:00,3167.0,3167.0,3167.0,3167.0,1000,78500
JKCEMENT_F2,28-08-2023,09:34:00,3167.0,3167.0,3167.0,3167.0,250,78500
JKCEMENT_F2,28-08-2023,09:37:00,3167.0,3167.0,3167.0,3167.0,750,79250
JKCEMENT_F2,28-08-2023,09:38:00,3167.0,3167.0,3167.0,3167.0,250,80000
JKCEMENT_F2,28-08-2023,09:39:00,3167.0,3167.0,3167.0,3167.0,250,80000
JKCEMENT_F2,28-08-2023,09:40:00,3167.0,3167.0,3167.0,3167.0,250,80000
JKCEMENT_F2,28-08-2023,09:41:00,3182.8999,3182.8999,3182.8999,3182.8999,250,80000
JKCEMENT_F2,28-08-2023,09:43:00,3186.75,3187.5,3186.6499,3186.6499,1500,80750
JKCEMENT_F2,28-08-2023,09:44:00,3186.6499,3186.6499,3186.6499,3186.6499,1000,82000
JKCEMENT_F2,28-08-2023,09:46:00,3186.6499,3193.6499,3186.6499,3193.6499,1000,82000
JKCEMENT_F2,28-08-2023,09:48:00,3193.6499,3193.6499,3193.6499,3193.6499,500,82750
JKCEMENT_F2,28-08-2023,09:49:00,3193.6499,3193.6499,3193.6499,3193.6499,250,82750
JKCEMENT_F2,28-08-2023,09:50:00,3182.6001,3182.6001,3182.6001,3182.6001,1500,84000
JKCEMENT_F2,28-08-2023,09:52:00,3182.6001,3182.6001,3182.6001,3182.6001,750,84000
JKCEMENT_F2,28-08-2023,09:54:00,3182.6001,3182.6001,3182.6001,3182.6001,500,84250
JKCEMENT_F2,28-08-2023,09:56:00,3182.6001,3182.6001,3182.6001,3182.6001,250,84250
JKCEMENT_F2,28-08-2023,09:57:00,3187.6001,3187.6001,3187.6001,3187.6001,750,84250
JKCEMENT_F2,28-08-2023,09:58:00,3187.6001,3187.6001,3187.6001,3187.6001,500,84250
JKCEMENT_F2,28-08-2023,10:01:00,3187.6001,3187.6001,3187.6001,3187.6001,1000,84750
JKCEMENT_F2,28-08-2023,10:02:00,3185.25,3185.25,3185.25,3185.25,500,84750
JKCEMENT_F2,28-08-2023,10:03:00,3181.5,3181.5,3181.5,3181.5,250,85500
JKCEMENT_F2,28-08-2023,10:04:00,3181.5,3181.5,3181.5,3181.5,1250,85500
JKCEMENT_F2,28-08-2023,10:05:00,3181.5,3181.5,3181.5,3181.5,250,86000
JKCEMENT_F2,28-08-2023,10:06:00,3181.5,3181.5,3181.5,3181.5,250,86000
JKCEMENT_F2,28-08-2023,10:08:00,3181.5,3181.5,3181.5,3181.5,750,86000
JKCEMENT_F2,28-08-2023,10:10:00,3186.75,3186.75,3186.75,3186.75,500,87000
JKCEMENT_F2,28-08-2023,10:11:00,3186.75,3188.0,3186.75,3188.0,750,87000
JKCEMENT_F2,28-08-2023,10:13:00,3188.0,3188.0,3188.0,3188.0,500,87750
JKCEMENT_F2,28-08-2023,10:14:00,3188.0,3188.0,3188.0,3188.0,250,87750
JKCEMENT_F2,28-08-2023,10:17:00,3188.25,3190.0,3188.25,3190.0,1250,88250
JKCEMENT_F2,28-08-2023,10:18:00,3190.0,3190.0,3190.0,3190.0,250,88000
JKCEMENT_F2,28-08-2023,10:20:00,3196.8501,3196.8501,3196.3,3196.3,750,88000
JKCEMENT_F2,28-08-2023,10:22:00,3196.3,3196.3,3196.3,3196.3,500,88500
JKCEMENT_F2,28-08-2023,10:23:00,3196.3,3196.3,3196.3,3196.3,500,88750
JKCEMENT_F2,28-08-2023,10:25:00,3196.3,3196.3,3195.0,3195.0,500,88750
JKCEMENT_F2,28-08-2023,10:26:00,3195.0,3195.0,3195.0,3195.0,250,88750
JKCEMENT_F2,28-08-2023,10:27:00,3190.0,3190.0,3190.0,3190.0,500,89500
JKCEMENT_F2,28-08-2023,10:28:00,3190.0,3190.0,3190.0,3190.0,250,89500
JKCEMENT_F2,28-08-2023,10:29:00,3186.6001,3186.6001,3186.6001,3186.6001,500,89500
JKCEMENT_F2,28-08-2023,10:30:00,3181.25,3181.25,3181.25,3181.25,250,90250
JKCEMENT_F2,28-08-2023,10:31:00,3181.25,3181.25,3175.0,3175.0,500,90250
JKCEMENT_F2,28-08-2023,10:32:00,3175.0,3175.0,3175.0,3175.0,750,90250
JKCEMENT_F2,28-08-2023,10:33:00,3175.0,3175.0,3175.0,3175.0,250,90750
JKCEMENT_F2,28-08-2023,10:36:00,3175.0,3185.0,3175.0,3185.0,750,91000
JKCEMENT_F2,28-08-2023,10:38:00,3184.6001,3184.6001,3184.6001,3184.6001,750,91750
JKCEMENT_F2,28-08-2023,10:39:00,3184.6001,3184.6001,3184.6001,3184.6001,250,91750
JKCEMENT_F2,28-08-2023,10:40:00,3184.6001,3184.6001,3184.6001,3184.6001,250,91750
JKCEMENT_F2,28-08-2023,10:42:00,3184.6001,3184.6001,3182.25,3182.25,1000,92500
JKCEMENT_F2,28-08-2023,10:43:00,3182.25,3182.25,3182.25,3182.25,250,92500
JKCEMENT_F2,28-08-2023,10:46:00,3182.25,3182.25,3182.25,3182.25,500,93250
JKCEMENT_F2,28-08-2023,10:49:00,3182.25,3182.25,3182.25,3182.25,750,93250
JKCEMENT_F2,28-08-2023,10:50:00,3182.25,3182.25,3182.25,3182.25,500,94000
JKCEMENT_F2,28-08-2023,10:52:00,3182.25,3182.25,3182.25,3182.25,750,94000
JKCEMENT_F2,28-08-2023,10:54:00,3182.25,3182.25,3179.1001,3179.1001,750,94750
JKCEMENT_F2,28-08-2023,10:56:00,3179.1001,3179.1001,3179.1001,3179.1001,750,94750
JKCEMENT_F2,28-08-2023,10:58:00,3179.1001,3179.1001,3179.1001,3179.1001,500,94750
JKCEMENT_F2,28-08-2023,10:59:00,3179.1001,3179.1001,3179.1001,3179.1001,3750,95500
JKCEMENT_F2,28-08-2023,11:00:00,3179.1001,3179.1001,3179.1001,3179.1001,4500,95500
JKCEMENT_F2,28-08-2023,11:01:00,3179.1001,3183.7,3179.1001,3183.7,11500,95500
JKCEMENT_F2,28-08-2023,11:02:00,3183.7,3183.7,3183.7,3183.7,5750,95500
JKCEMENT_F2,28-08-2023,11:03:00,3183.7,3183.7,3183.7,3183.7,250,105250
JKCEMENT_F2,28-08-2023,11:04:00,3183.7,3183.7,3183.7,3183.7,250,105250
JKCEMENT_F2,28-08-2023,11:06:00,3183.7,3183.7,3183.7,3183.7,250,105500
JKCEMENT_F2,28-08-2023,11:10:00,3183.7,3183.7,3183.7,3183.7,500,105750
JKCEMENT_F2,28-08-2023,11:11:00,3183.7,3191.6499,3183.7,3191.6499,500,105750
JKCEMENT_F2,28-08-2023,11:12:00,3191.2,3191.2,3191.2,3191.2,1750,106750
JKCEMENT_F2,28-08-2023,11:14:00,3191.2,3191.2,3191.2,3191.2,500,106750
JKCEMENT_F2,28-08-2023,11:15:00,3191.2,3191.2,3191.2,3191.2,250,106750
JKCEMENT_F2,28-08-2023,11:16:00,3189.6001,3189.6001,3189.6001,3189.6001,250,108250
JKCEMENT_F2,28-08-2023,11:18:00,3189.6001,3189.6001,3189.6001,3189.6001,1750,108750
JKCEMENT_F2,28-08-2023,11:19:00,3189.6001,3189.6001,3189.6001,3189.6001,250,108750
JKCEMENT_F2,28-08-2023,11:20:00,3189.6001,3189.6001,3189.6001,3189.6001,1000,108750
JKCEMENT_F2,28-08-2023,11:21:00,3189.6001,3189.6001,3189.6001,3189.6001,1250,111750
JKCEMENT_F2,28-08-2023,11:23:00,3189.6001,3189.6001,3189.6001,3189.6001,250,111750
JKCEMENT_F2,28-08-2023,11:24:00,3189.6001,3189.6001,3187.0,3187.0,1250,113500
JKCEMENT_F2,28-08-2023,11:26:00,3189.8999,3189.8999,3189.8999,3189.8999,250,113500
JKCEMENT_F2,28-08-2023,11:27:00,3189.8999,3189.8999,3189.8999,3189.8999,500,114500
JKCEMENT_F2,28-08-2023,11:28:00,3189.8999,3189.8999,3189.8999,3189.8999,250,114500
JKCEMENT_F2,28-08-2023,11:32:00,3189.8999,3189.8999,3189.8999,3189.8999,500,115250
JKCEMENT_F2,28-08-2023,11:33:00,3192.2,3192.2,3192.2,3192.2,750,115750
JKCEMENT_F2,28-08-2023,11:36:00,3192.2,3192.2,3192.2,3192.2,500,116500
JKCEMENT_F2,28-08-2023,11:37:00,3192.2,3192.2,3192.2,3192.2,1500,116500
JKCEMENT_F2,28-08-2023,11:38:00,3192.2,3192.2,3192.2,3192.2,250,116500
JKCEMENT_F2,28-08-2023,11:39:00,3191.3999,3191.3999,3191.3999,3191.3999,500,118750
JKCEMENT_F2,28-08-2023,11:40:00,3191.3999,3191.3999,3191.3999,3191.3999,250,118750
JKCEMENT_F2,28-08-2023,11:41:00,3191.3999,3191.3999,3191.3999,3191.3999,250,118750
JKCEMENT_F2,28-08-2023,11:42:00,3191.3999,3191.3999,3191.3999,3191.3999,250,119500
JKCEMENT_F2,28-08-2023,11:44:00,3191.3999,3191.3999,3190.1499,3190.1499,2750,119500
JKCEMENT_F2,28-08-2023,11:45:00,3190.1499,3190.1499,3190.1499,3190.1499,250,121250
JKCEMENT_F2,28-08-2023,11:46:00,3194.0,3194.0,3194.0,3194.0,1000,121250
JKCEMENT_F2,28-08-2023,11:48:00,3192.7,3192.7,3192.7,3192.7,500,122250
JKCEMENT_F2,28-08-2023,11:49:00,3192.7,3192.7,3192.7,3192.7,500,122250
JKCEMENT_F2,28-08-2023,11:50:00,3192.7,3192.7,3192.7,3192.7,250,122250
JKCEMENT_F2,28-08-2023,11:51:00,3193.1001,3193.1001,3193.1001,3193.1001,250,122250
JKCEMENT_F2,28-08-2023,11:52:00,3192.2,3192.2,3192.2,3192.2,250,122750
JKCEMENT_F2,28-08-2023,11:53:00,3192.2,3192.2,3192.2,3192.2,1750,122750
JKCEMENT_F2,28-08-2023,11:54:00,3192.2,3192.2,3192.2,3192.2,500,124750
JKCEMENT_F2,28-08-2023,11:57:00,3192.2,3192.2,3192.2,3192.2,500,125000
JKCEMENT_F2,28-08-2023,11:58:00,3192.2,3192.2,3192.2,3192.2,250,125000
JKCEMENT_F2,28-08-2023,11:59:00,3192.2,3192.2,3192.2,3192.2,250,125000
JKCEMENT_F2,28-08-2023,12:01:00,3192.2,3193.8,3192.2,3193.8,1000,125500
JKCEMENT_F2,28-08-2023,12:02:00,3193.8,3193.8,3193.8,3193.8,250,125500
JKCEMENT_F2,28-08-2023,12:03:00,3193.6499,3193.6499,3193.55,3193.55,750,126750
JKCEMENT_F2,28-08-2023,12:05:00,3193.55,3193.55,3193.55,3193.55,500,126750
JKCEMENT_F2,28-08-2023,12:06:00,3193.55,3193.55,3193.55,3193.55,250,126750
JKCEMENT_F2,28-08-2023,12:07:00,3193.55,3193.55,3193.55,3193.55,500,127750
JKCEMENT_F2,28-08-2023,12:10:00,3193.55,3193.55,3193.55,3193.55,250,128500
JKCEMENT_F2,28-08-2023,12:11:00,3193.55,3193.55,3193.55,3193.55,750,128500
JKCEMENT_F2,28-08-2023,12:12:00,3193.55,3193.55,3193.55,3193.55,500,129500
JKCEMENT_F2,28-08-2023,12:15:00,3193.55,3193.55,3193.55,3193.55,500,129750
JKCEMENT_F2,28-08-2023,12:17:00,3193.1001,3193.1001,3191.1499,3191.1499,750,129750
JKCEMENT_F2,28-08-2023,12:18:00,3191.1499,3191.1499,3191.1499,3191.1499,250,130500
JKCEMENT_F2,28-08-2023,12:19:00,3191.1499,3191.1499,3191.1499,3191.1499,750,130500
JKCEMENT_F2,28-08-2023,12:20:00,3191.3501,3191.3501,3191.3,3191.3,500,130500
JKCEMENT_F2,28-08-2023,12:22:00,3196.55,3196.55,3196.55,3196.55,250,131750
JKCEMENT_F2,28-08-2023,12:24:00,3196.55,3196.55,3196.55,3196.55,750,132000
JKCEMENT_F2,28-08-2023,12:25:00,3196.55,3196.55,3196.55,3196.55,250,132000
JKCEMENT_F2,28-08-2023,12:27:00,3196.55,3196.55,3196.55,3196.55,500,133000
JKCEMENT_F2,28-08-2023,12:28:00,3196.55,3196.55,3196.55,3196.55,750,133000
JKCEMENT_F2,28-08-2023,12:29:00,3196.55,3197.3,3196.55,3197.3,1250,133000
JKCEMENT_F2,28-08-2023,12:31:00,3197.0,3197.0,3197.0,3197.0,250,133750
JKCEMENT_F2,28-08-2023,12:32:00,3196.6499,3196.6499,3196.6499,3196.6499,250,133750
JKCEMENT_F2,28-08-2023,12:33:00,3196.6499,3196.6499,3196.6499,3196.6499,750,133750
JKCEMENT_F2,28-08-2023,12:34:00,3197.75,3197.75,3197.75,3197.75,250,133750
JKCEMENT_F2,28-08-2023,12:35:00,3197.75,3197.75,3197.75,3197.75,250,134750
JKCEMENT_F2,28-08-2023,12:36:00,3197.75,3197.75,3197.75,3197.75,250,135000
JKCEMENT_F2,28-08-2023,12:37:00,3197.75,3197.75,3197.75,3197.75,500,135000
JKCEMENT_F2,28-08-2023,12:38:00,3197.75,3197.75,3197.75,3197.75,250,135000
JKCEMENT_F2,28-08-2023,12:41:00,3197.75,3197.75,3197.75,3197.75,500,135750
JKCEMENT_F2,28-08-2023,12:42:00,3200.0,3200.0,3200.0,3200.0,500,135750
JKCEMENT_F2,28-08-2023,12:43:00,3200.0,3200.0,3200.0,3200.0,500,135750
JKCEMENT_F2,28-08-2023,12:44:00,3203.75,3203.75,3203.75,3203.75,250,135750
JKCEMENT_F2,28-08-2023,12:45:00,3206.95,3206.95,3206.95,3206.95,1500,135750
JKCEMENT_F2,28-08-2023,12:46:00,3206.95,3206.95,3206.95,3206.95,250,135750
JKCEMENT_F2,28-08-2023,12:48:00,3206.95,3206.95,3206.95,3206.95,250,136750
JKCEMENT_F2,28-08-2023,12:49:00,3207.0,3207.0,3207.0,3207.0,750,136750
JKCEMENT_F2,28-08-2023,12:52:00,3207.0,3207.0,3207.0,3207.0,500,137500
JKCEMENT_F2,28-08-2023,12:53:00,3207.95,3207.95,3207.95,3207.95,1250,137500
JKCEMENT_F2,28-08-2023,12:54:00,3206.5,3206.5,3206.5,3206.5,500,138000
JKCEMENT_F2,28-08-2023,12:55:00,3206.5,3206.5,3206.5,3206.5,250,138000
JKCEMENT_F2,28-08-2023,12:56:00,3206.5,3206.5,3206.5,3206.5,500,138000
JKCEMENT_F2,28-08-2023,12:57:00,3206.5,3206.5,3206.5,3206.5,500,139000
JKCEMENT_F2,28-08-2023,12:58:00,3206.5,3206.5,3206.5,3206.5,250,139000
JKCEMENT_F2,28-08-2023,13:02:00,3206.5,3206.5,3206.5,3206.5,750,139500
JKCEMENT_F2,28-08-2023,13:04:00,3206.5,3206.5,3206.5,3206.5,500,140250
JKCEMENT_F2,28-08-2023,13:05:00,3206.5,3206.5,3206.5,3206.5,250,140250
JKCEMENT_F2,28-08-2023,13:06:00,3206.5,3206.5,3206.5,3206.5,250,140750
JKCEMENT_F2,28-08-2023,13:07:00,3206.5,3206.5,3206.5,3206.5,500,140750
JKCEMENT_F2,28-08-2023,13:08:00,3206.5,3206.5,3206.5,3206.5,500,140750
JKCEMENT_F2,28-08-2023,13:09:00,3206.5,3206.5,3206.5,3206.5,250,141500
JKCEMENT_F2,28-08-2023,13:10:00,3206.5,3206.5,3206.5,3206.5,250,141500
JKCEMENT_F2,28-08-2023,13:11:00,3207.5,3208.1499,3207.5,3208.1499,750,141500
JKCEMENT_F2,28-08-2023,13:12:00,3212.2,3217.45,3212.2,3217.45,1750,141750
JKCEMENT_F2,28-08-2023,13:13:00,3217.45,3217.45,3217.45,3217.45,750,141750
JKCEMENT_F2,28-08-2023,13:15:00,3217.8999,3217.8999,3217.8999,3217.8999,750,143000
JKCEMENT_F2,28-08-2023,13:16:00,3214.45,3214.45,3214.45,3214.45,500,143000
JKCEMENT_F2,28-08-2023,13:19:00,3214.45,3217.0,3214.45,3217.0,1250,143750
JKCEMENT_F2,28-08-2023,13:20:00,3217.0,3217.0,3217.0,3217.0,250,143750
JKCEMENT_F2,28-08-2023,13:21:00,3217.0,3217.0,3217.0,3217.0,250,144000
JKCEMENT_F2,28-08-2023,13:22:00,3217.0,3217.0,3217.0,3217.0,250,144000
JKCEMENT_F2,28-08-2023,13:23:00,3225.8999,3225.8999,3215.7,3217.0,5000,144000
JKCEMENT_F2,28-08-2023,13:24:00,3217.0,3217.0,3217.0,3217.0,500,146750
JKCEMENT_F2,28-08-2023,13:26:00,3218.1001,3218.1001,3218.1001,3218.1001,500,146750
JKCEMENT_F2,28-08-2023,13:27:00,3218.1001,3218.1001,3218.1001,3218.1001,250,147500
JKCEMENT_F2,28-08-2023,13:28:00,3218.1001,3218.1001,3218.1001,3218.1001,250,147500
JKCEMENT_F2,28-08-2023,13:29:00,3218.1001,3218.1001,3218.1001,3218.1001,250,147500
JKCEMENT_F2,28-08-2023,13:30:00,3218.1001,3218.1001,3218.1001,3218.1001,500,148000
JKCEMENT_F2,28-08-2023,13:31:00,3218.25,3218.25,3218.25,3218.25,750,148000
JKCEMENT_F2,28-08-2023,13:32:00,3225.0,3225.0,3225.0,3225.0,500,148000
JKCEMENT_F2,28-08-2023,13:34:00,3225.0,3225.0,3225.0,3225.0,750,148500
JKCEMENT_F2,28-08-2023,13:35:00,3225.0,3225.0,3225.0,3225.0,250,148500
JKCEMENT_F2,28-08-2023,13:37:00,3225.0,3225.0,3225.0,3225.0,750,148500
JKCEMENT_F2,28-08-2023,13:38:00,3224.6499,3224.6499,3222.75,3222.75,1000,148500
JKCEMENT_F2,28-08-2023,13:40:00,3227.8999,3230.0,3227.8999,3230.0,3750,149250
JKCEMENT_F2,28-08-2023,13:41:00,3230.0,3230.0,3230.0,3230.0,500,149250
JKCEMENT_F2,28-08-2023,13:43:00,3228.5,3228.5,3228.5,3228.5,500,150500
JKCEMENT_F2,28-08-2023,13:44:00,3228.5,3228.5,3227.75,3227.75,1250,150500
JKCEMENT_F2,28-08-2023,13:45:00,3227.75,3227.75,3223.5,3223.5,500,149250
JKCEMENT_F2,28-08-2023,13:46:00,3223.5,3223.5,3223.5,3223.5,250,149250
JKCEMENT_F2,28-08-2023,13:48:00,3223.5,3223.5,3223.5,3223.5,750,149500
JKCEMENT_F2,28-08-2023,13:49:00,3223.5,3223.8,3223.5,3223.8,500,149500
JKCEMENT_F2,28-08-2023,13:50:00,3223.8,3223.8,3223.8,3223.8,250,149500
JKCEMENT_F2,28-08-2023,13:51:00,3223.8501,3223.8501,3223.8501,3223.8501,250,150250
JKCEMENT_F2,28-08-2023,13:53:00,3224.3999,3224.3999,3224.3999,3224.3999,750,150250
JKCEMENT_F2,28-08-2023,13:54:00,3224.3999,3224.3999,3224.3999,3224.3999,500,151250
JKCEMENT_F2,28-08-2023,13:56:00,3225.1499,3225.1499,3225.1499,3225.1499,500,151250
JKCEMENT_F2,28-08-2023,13:57:00,3225.0,3225.0,3224.55,3224.55,750,152250
JKCEMENT_F2,28-08-2023,13:58:00,3224.55,3224.55,3224.55,3224.55,1250,152250
JKCEMENT_F2,28-08-2023,13:59:00,3223.45,3223.45,3221.3,3221.3,1000,152250
JKCEMENT_F2,28-08-2023,14:02:00,3221.3,3227.6001,3221.3,3227.6001,1750,154000
JKCEMENT_F2,28-08-2023,14:04:00,3230.25,3232.95,3230.25,3232.95,750,155000
JKCEMENT_F2,28-08-2023,14:05:00,3232.95,3232.95,3232.95,3232.95,500,155000
JKCEMENT_F2,28-08-2023,14:06:00,3233.0,3233.0,3233.0,3233.0,250,155000
JKCEMENT_F2,28-08-2023,14:07:00,3233.0,3233.0,3233.0,3233.0,500,155250
JKCEMENT_F2,28-08-2023,14:08:00,3233.0,3233.3999,3233.0,3233.25,1500,155250
JKCEMENT_F2,28-08-2023,14:09:00,3233.0,3233.0,3231.45,3231.45,1750,157250
JKCEMENT_F2,28-08-2023,14:11:00,3231.45,3231.45,3230.7,3230.7,750,157250
JKCEMENT_F2,28-08-2023,14:12:00,3230.7,3230.7,3228.55,3228.55,750,158250
JKCEMENT_F2,28-08-2023,14:13:00,3227.3999,3227.3999,3227.3999,3227.3999,500,158250
JKCEMENT_F2,28-08-2023,14:15:00,3227.3999,3227.3999,3224.3999,3224.3999,1000,159000
JKCEMENT_F2,28-08-2023,14:16:00,3224.1499,3225.75,3224.1499,3225.75,1000,159000
JKCEMENT_F2,28-08-2023,14:17:00,3225.45,3225.45,3225.1001,3225.1001,1000,159000
JKCEMENT_F2,28-08-2023,14:18:00,3225.3,3225.3,3220.0,3220.0,3750,162000
JKCEMENT_F2,28-08-2023,14:19:00,3220.0,3220.0,3220.0,3220.0,250,162000
JKCEMENT_F2,28-08-2023,14:20:00,3220.0,3220.0,3205.25,3211.7,750,162000
JKCEMENT_F2,28-08-2023,14:22:00,3211.7,3211.7,3211.7,3211.7,250,163750
JKCEMENT_F2,28-08-2023,14:23:00,3214.45,3214.45,3214.45,3214.45,500,163750
JKCEMENT_F2,28-08-2023,14:24:00,3214.45,3214.45,3214.45,3214.45,250,163750
JKCEMENT_F2,28-08-2023,14:25:00,3210.0,3210.0,3208.3,3208.3,1250,164250
JKCEMENT_F2,28-08-2023,14:26:00,3208.3,3208.3,3206.6001,3206.6001,750,164250
JKCEMENT_F2,28-08-2023,14:27:00,3206.6001,3206.6001,3206.6001,3206.6001,250,164750
JKCEMENT_F2,28-08-2023,14:28:00,3211.6499,3211.6499,3211.6499,3211.6499,500,164750
JKCEMENT_F2,28-08-2023,14:29:00,3211.6499,3211.6499,3211.6499,3211.6499,750,164750
JKCEMENT_F2,28-08-2023,14:30:00,3213.6001,3213.6001,3213.6001,3213.6001,250,165500
JKCEMENT_F2,28-08-2023,14:31:00,3213.6001,3213.6001,3211.8,3211.8,1250,165500
JKCEMENT_F2,28-08-2023,14:32:00,3210.0,3210.0,3210.0,3210.0,250,165500
JKCEMENT_F2,28-08-2023,14:33:00,3210.0,3210.0,3210.0,3210.0,500,166750
JKCEMENT_F2,28-08-2023,14:34:00,3210.0,3210.0,3210.0,3210.0,250,166750
JKCEMENT_F2,28-08-2023,14:35:00,3210.0,3210.0,3210.0,3210.0,250,166750
JKCEMENT_F2,28-08-2023,14:36:00,3210.0,3210.0,3210.0,3210.0,250,167250
JKCEMENT_F2,28-08-2023,14:37:00,3215.0,3215.0,3215.0,3215.0,750,167250
JKCEMENT_F2,28-08-2023,14:39:00,3218.75,3218.75,3218.75,3218.75,1000,168500
JKCEMENT_F2,28-08-2023,14:41:00,3218.75,3218.75,3218.75,3218.75,250,168500
JKCEMENT_F2,28-08-2023,14:43:00,3218.75,3218.75,3218.75,3218.75,500,168750
JKCEMENT_F2,28-08-2023,14:45:00,3218.75,3224.0,3218.75,3224.0,1000,169500
JKCEMENT_F2,28-08-2023,14:46:00,3221.8999,3221.8999,3221.8999,3221.8999,750,169500
JKCEMENT_F2,28-08-2023,14:47:00,3221.8999,3221.8999,3221.8999,3221.8999,250,169500
JKCEMENT_F2,28-08-2023,14:48:00,3221.8999,3221.8999,3221.8999,3221.8999,250,169500
JKCEMENT_F2,28-08-2023,14:50:00,3221.8999,3221.8999,3221.8999,3221.8999,750,170750
JKCEMENT_F2,28-08-2023,14:51:00,3221.7,3221.7,3221.7,3221.7,250,170750
JKCEMENT_F2,28-08-2023,14:52:00,3219.2,3220.45,3219.2,3220.45,1250,171500
JKCEMENT_F2,28-08-2023,14:53:00,3219.8501,3219.8501,3219.8501,3219.8501,250,171500
JKCEMENT_F2,28-08-2023,14:54:00,3219.8501,3219.8501,3219.8501,3219.8501,1000,172750
JKCEMENT_F2,28-08-2023,14:56:00,3219.8501,3219.8501,3219.8501,3219.8501,250,172750
JKCEMENT_F2,28-08-2023,14:58:00,3219.8501,3219.8501,3219.8501,3219.8501,500,173500
JKCEMENT_F2,28-08-2023,15:00:00,3213.7,3213.7,3204.1001,3208.6001,2750,174250
JKCEMENT_F2,28-08-2023,15:01:00,3209.95,3209.95,3206.8,3207.1001,2500,174250
JKCEMENT_F2,28-08-2023,15:03:00,3210.75,3210.75,3208.6001,3208.6001,2750,176000
JKCEMENT_F2,28-08-2023,15:04:00,3206.75,3206.75,3206.75,3206.75,750,176000
JKCEMENT_F2,28-08-2023,15:05:00,3205.7,3205.7,3205.7,3205.7,1000,176000
JKCEMENT_F2,28-08-2023,15:06:00,3204.55,3208.6001,3204.55,3208.1001,1250,176750
JKCEMENT_F2,28-08-2023,15:07:00,3208.1001,3209.3501,3208.1001,3209.3501,500,176750
JKCEMENT_F2,28-08-2023,15:08:00,3208.6001,3210.1001,3206.3,3210.1001,1750,176750
JKCEMENT_F2,28-08-2023,15:09:00,3210.1001,3210.1001,3204.05,3204.05,750,178500
JKCEMENT_F2,28-08-2023,15:11:00,3204.55,3206.0,3204.55,3206.0,1500,178500
JKCEMENT_F2,28-08-2023,15:12:00,3204.95,3206.75,3204.95,3206.75,1250,178500
JKCEMENT_F2,28-08-2023,15:13:00,3206.75,3206.75,3206.75,3206.75,250,178500
JKCEMENT_F2,28-08-2023,15:14:00,3210.0,3210.0,3210.0,3210.0,250,178500
JKCEMENT_F2,28-08-2023,15:15:00,3208.45,3208.45,3208.45,3208.45,1500,178500
JKCEMENT_F2,28-08-2023,15:16:00,3208.05,3208.05,3208.05,3208.05,750,179500
JKCEMENT_F2,28-08-2023,15:17:00,3208.05,3208.05,3208.05,3208.05,500,179500
JKCEMENT_F2,28-08-2023,15:18:00,3208.05,3208.05,3208.05,3208.05,500,179750
JKCEMENT_F2,28-08-2023,15:19:00,3208.05,3208.05,3208.05,3208.05,500,179750
JKCEMENT_F2,28-08-2023,15:20:00,3208.3501,3208.3501,3208.3501,3208.3501,1250,179750
JKCEMENT_F2,28-08-2023,15:22:00,3208.3501,3208.3501,3208.3501,3208.3501,500,179500
JKCEMENT_F2,28-08-2023,15:23:00,3208.3501,3208.3501,3208.3501,3208.3501,500,179500
JKCEMENT_F2,28-08-2023,15:24:00,3205.0,3205.0,3203.05,3203.05,1250,180500
JKCEMENT_F2,28-08-2023,15:27:00,3203.05,3203.05,3202.75,3202.75,750,180500
JKCEMENT_F2,28-08-2023,15:28:00,3207.8999,3207.8999,3207.8999,3207.8999,750,180750
JKCEMENT_F2,28-08-2023,15:29:00,3201.7,3201.7,3201.7,3201.7,500,180750
JKCEMENT_F2,29-08-2023,09:16:00,3214.75,3214.75,3214.75,3214.75,751,171250
JKCEMENT_F2,29-08-2023,09:17:00,3214.75,3214.75,3214.75,3214.75,1750,171250
JKCEMENT_F2,29-08-2023,09:18:00,3220.0,3220.0,3220.0,3220.0,750,171500
JKCEMENT_F2,29-08-2023,09:20:00,3220.8999,3220.8999,3220.8999,3220.8999,500,171500
JKCEMENT_F2,29-08-2023,09:21:00,3220.8999,3220.8999,3214.75,3214.75,1750,171500
JKCEMENT_F2,29-08-2023,09:22:00,3214.75,3214.75,3214.75,3214.75,250,171500
JKCEMENT_F2,29-08-2023,09:23:00,3225.0,3230.3999,3225.0,3230.3999,1250,172500
JKCEMENT_F2,29-08-2023,09:24:00,3230.3999,3230.3999,3230.3999,3230.3999,1750,172500
JKCEMENT_F2,29-08-2023,09:25:00,3230.3999,3230.3999,3230.3999,3230.3999,750,172500
JKCEMENT_F2,29-08-2023,09:28:00,3234.0,3234.1499,3234.0,3234.1499,500,173750
JKCEMENT_F2,29-08-2023,09:29:00,3234.1499,3234.1499,3234.1499,3234.1499,750,173750
JKCEMENT_F2,29-08-2023,09:30:00,3234.1499,3235.2,3234.1499,3235.2,750,173750
JKCEMENT_F2,29-08-2023,09:33:00,3235.2,3235.2,3235.2,3235.2,250,174500
JKCEMENT_F2,29-08-2023,09:34:00,3235.2,3235.2,3232.3,3232.3,1750,174500
JKCEMENT_F2,29-08-2023,09:35:00,3232.3,3232.3,3232.3,3232.3,500,174500
JKCEMENT_F2,29-08-2023,09:38:00,3232.3,3232.3,3232.3,3232.3,750,175500
JKCEMENT_F2,29-08-2023,09:39:00,3232.3,3232.3,3232.3,3232.3,750,175500
JKCEMENT_F2,29-08-2023,09:43:00,3232.3,3232.3,3232.3,3232.3,250,176500
JKCEMENT_F2,29-08-2023,09:44:00,3232.3,3232.3,3232.3,3232.3,1250,176750
JKCEMENT_F2,29-08-2023,09:45:00,3232.3,3232.3,3232.3,3232.3,750,176750
JKCEMENT_F2,29-08-2023,09:47:00,3232.3,3232.3,3232.3,3232.3,1000,178250
JKCEMENT_F2,29-08-2023,09:48:00,3232.3,3232.3,3232.3,3232.3,250,178250
JKCEMENT_F2,29-08-2023,09:49:00,3232.3,3232.3,3232.3,3232.3,1000,178250
JKCEMENT_F2,29-08-2023,09:51:00,3232.3,3232.3,3232.3,3232.3,250,180000
JKCEMENT_F2,29-08-2023,09:52:00,3232.3,3232.3,3232.3,3232.3,750,180000
JKCEMENT_F2,29-08-2023,09:53:00,3232.3,3232.3,3232.3,3232.3,250,180000
JKCEMENT_F2,29-08-2023,09:54:00,3232.3,3232.3,3232.3,3232.3,500,181250
JKCEMENT_F2,29-08-2023,09:55:00,3232.3,3232.3,3232.3,3232.3,250,181250
JKCEMENT_F2,29-08-2023,09:56:00,3232.3,3232.3,3232.3,3232.3,500,182000
JKCEMENT_F2,29-08-2023,09:58:00,3232.3,3232.3,3232.3,3232.3,250,182000
JKCEMENT_F2,29-08-2023,09:59:00,3222.5,3222.5,3222.5,3222.5,1000,182250
JKCEMENT_F2,29-08-2023,10:01:00,3222.5,3222.5,3222.5,3222.5,1000,182250
JKCEMENT_F2,29-08-2023,10:03:00,3222.5,3230.6499,3222.5,3230.6499,1750,183750
JKCEMENT_F2,29-08-2023,10:04:00,3227.5,3227.5,3225.8999,3225.8999,1000,183750
JKCEMENT_F2,29-08-2023,10:05:00,3225.8999,3225.8999,3225.8999,3225.8999,250,184500
JKCEMENT_F2,29-08-2023,10:06:00,3225.8999,3225.8999,3225.8999,3225.8999,750,184500
JKCEMENT_F2,29-08-2023,10:08:00,3236.25,3237.95,3236.25,3237.95,2250,186000
JKCEMENT_F2,29-08-2023,10:09:00,3237.95,3237.95,3237.95,3237.95,1000,186000
JKCEMENT_F2,29-08-2023,10:10:00,3237.95,3237.95,3237.95,3237.95,500,186000
JKCEMENT_F2,29-08-2023,10:11:00,3237.95,3237.95,3237.95,3237.95,750,186000
JKCEMENT_F2,29-08-2023,10:12:00,3237.95,3237.95,3228.8501,3228.8501,750,186750
JKCEMENT_F2,29-08-2023,10:13:00,3233.1001,3233.1001,3233.1001,3233.1001,500,186750
JKCEMENT_F2,29-08-2023,10:15:00,3233.1001,3233.1001,3233.1001,3233.1001,750,187250
JKCEMENT_F2,29-08-2023,10:16:00,3232.1499,3232.1499,3232.1499,3232.1499,1750,187250
JKCEMENT_F2,29-08-2023,10:19:00,3232.95,3233.05,3232.95,3233.05,1750,189250
JKCEMENT_F2,29-08-2023,10:22:00,3229.5,3229.5,3229.5,3229.5,500,190750
JKCEMENT_F2,29-08-2023,10:23:00,3229.45,3229.45,3229.45,3229.45,750,190750
JKCEMENT_F2,29-08-2023,10:24:00,3229.45,3230.3501,3229.3999,3229.3999,1750,191750
JKCEMENT_F2,29-08-2023,10:25:00,3228.0,3228.0,3228.0,3228.0,250,191750
JKCEMENT_F2,29-08-2023,10:26:00,3229.3501,3229.3501,3228.25,3228.3501,6250,198250
JKCEMENT_F2,29-08-2023,10:27:00,3228.3,3228.3,3228.0,3228.0,1500,198250
JKCEMENT_F2,29-08-2023,10:28:00,3228.0,3228.0,3228.0,3228.0,1000,198250
JKCEMENT_F2,29-08-2023,10:29:00,3224.55,3224.55,3224.55,3224.55,1000,200750
JKCEMENT_F2,29-08-2023,10:32:00,3224.55,3224.55,3224.55,3224.55,1000,201000
JKCEMENT_F2,29-08-2023,10:34:00,3224.55,3224.55,3224.55,3224.55,250,201000
JKCEMENT_F2,29-08-2023,10:35:00,3218.0,3218.0,3218.0,3218.0,500,201000
JKCEMENT_F2,29-08-2023,10:36:00,3217.0,3217.0,3217.0,3217.0,500,202000
JKCEMENT_F2,29-08-2023,10:37:00,3217.0,3217.0,3217.0,3217.0,1000,202000
JKCEMENT_F2,29-08-2023,10:39:00,3217.0,3217.0,3217.0,3217.0,500,203000
JKCEMENT_F2,29-08-2023,10:40:00,3219.0,3223.3999,3219.0,3223.3999,1500,203000
JKCEMENT_F2,29-08-2023,10:41:00,3223.3999,3223.3999,3223.3999,3223.3999,1000,203250
JKCEMENT_F2,29-08-2023,10:43:00,3225.3999,3225.3999,3225.3999,3225.3999,1000,203250
JKCEMENT_F2,29-08-2023,10:44:00,3225.3999,3225.3999,3225.3999,3225.3999,500,204750
JKCEMENT_F2,29-08-2023,10:45:00,3224.2,3224.2,3224.2,3224.2,500,204750
JKCEMENT_F2,29-08-2023,10:46:00,3224.2,3224.2,3224.2,3224.2,500,204750
JKCEMENT_F2,29-08-2023,10:48:00,3224.2,3224.2,3224.2,3224.2,250,206000
JKCEMENT_F2,29-08-2023,10:49:00,3224.2,3224.2,3224.2,3224.2,500,206000
JKCEMENT_F2,29-08-2023,10:50:00,3224.2,3224.2,3224.2,3224.2,250,206000
JKCEMENT_F2,29-08-2023,10:51:00,3225.55,3225.55,3225.55,3225.55,1250,207500
JKCEMENT_F2,29-08-2023,10:53:00,3225.6001,3225.6001,3225.6001,3225.6001,250,207500
JKCEMENT_F2,29-08-2023,10:55:00,3225.6001,3225.6001,3225.1001,3225.1001,1250,208000
JKCEMENT_F2,29-08-2023,10:56:00,3225.3,3225.3,3222.1001,3222.1001,750,208000
JKCEMENT_F2,29-08-2023,10:59:00,3222.1001,3222.1001,3219.8999,3219.8999,1500,210750
JKCEMENT_F2,29-08-2023,11:01:00,3219.8999,3219.95,3219.8999,3219.95,7750,210750
JKCEMENT_F2,29-08-2023,11:03:00,3220.55,3220.55,3220.55,3220.55,1000,218000
JKCEMENT_F2,29-08-2023,11:04:00,3220.55,3220.55,3220.55,3220.55,250,218000
JKCEMENT_F2,29-08-2023,11:05:00,3220.55,3220.55,3220.55,3220.55,750,218000
JKCEMENT_F2,29-08-2023,11:06:00,3220.1001,3221.45,3220.1001,3221.45,750,218750
JKCEMENT_F2,29-08-2023,11:08:00,3221.45,3221.45,3221.45,3221.45,500,218750
JKCEMENT_F2,29-08-2023,11:09:00,3221.45,3221.45,3221.45,3221.45,750,219750
JKCEMENT_F2,29-08-2023,11:12:00,3220.6499,3220.6499,3220.6499,3220.6499,250,220500
JKCEMENT_F2,29-08-2023,11:13:00,3220.6499,3220.6499,3220.6499,3220.6499,250,220500
JKCEMENT_F2,29-08-2023,11:14:00,3220.6499,3220.6499,3220.6499,3220.6499,1250,222000
JKCEMENT_F2,29-08-2023,11:15:00,3220.6499,3220.6499,3220.6499,3220.6499,250,222000
JKCEMENT_F2,29-08-2023,11:17:00,3213.3999,3214.0,3213.3999,3214.0,2000,222000
JKCEMENT_F2,29-08-2023,11:18:00,3214.0,3214.0,3214.0,3214.0,250,222000
JKCEMENT_F2,29-08-2023,11:19:00,3212.8501,3215.8999,3212.8501,3215.8999,2000,223000
JKCEMENT_F2,29-08-2023,11:20:00,3215.8999,3215.8999,3215.8999,3215.8999,250,223000
JKCEMENT_F2,29-08-2023,11:22:00,3215.8999,3217.5,3215.8999,3217.5,1250,224250
JKCEMENT_F2,29-08-2023,11:23:00,3215.55,3215.55,3215.55,3215.55,1500,224250
JKCEMENT_F2,29-08-2023,11:24:00,3215.55,3219.45,3215.55,3219.45,1000,226750
JKCEMENT_F2,29-08-2023,11:25:00,3219.45,3219.45,3219.45,3219.45,250,226750
JKCEMENT_F2,29-08-2023,11:26:00,3219.45,3219.45,3219.45,3219.45,250,226750
JKCEMENT_F2,29-08-2023,11:27:00,3219.45,3219.45,3219.45,3219.45,500,228000
JKCEMENT_F2,29-08-2023,11:28:00,3225.6001,3225.6001,3225.6001,3225.6001,1000,228000
JKCEMENT_F2,29-08-2023,11:29:00,3225.6001,3225.6001,3225.6001,3225.6001,750,228000
JKCEMENT_F2,29-08-2023,11:31:00,3225.6001,3225.6001,3225.6001,3225.6001,500,229750
JKCEMENT_F2,29-08-2023,11:32:00,3229.6001,3229.6001,3229.6001,3229.6001,250,229750
JKCEMENT_F2,29-08-2023,11:33:00,3229.55,3229.55,3229.55,3229.55,1750,230500
JKCEMENT_F2,29-08-2023,11:34:00,3229.55,3229.55,3229.55,3229.55,500,230500
JKCEMENT_F2,29-08-2023,11:35:00,3229.7,3234.05,3229.7,3234.05,1500,230500
JKCEMENT_F2,29-08-2023,11:36:00,3234.05,3234.05,3234.05,3234.05,500,231250
JKCEMENT_F2,29-08-2023,11:37:00,3234.55,3234.55,3234.55,3234.55,1250,231250
JKCEMENT_F2,29-08-2023,11:38:00,3230.3999,3230.3999,3230.3999,3230.3999,500,231250
JKCEMENT_F2,29-08-2023,11:39:00,3230.3999,3230.3999,3230.3999,3230.3999,250,232750
JKCEMENT_F2,29-08-2023,11:40:00,3230.3999,3230.3999,3230.3999,3230.3999,750,232750
JKCEMENT_F2,29-08-2023,11:41:00,3229.05,3229.05,3229.05,3229.05,500,232750
JKCEMENT_F2,29-08-2023,11:43:00,3235.0,3235.0,3234.8,3234.8,1250,233250
JKCEMENT_F2,29-08-2023,11:44:00,3233.1001,3233.1001,3229.2,3229.2,1750,233250
JKCEMENT_F2,29-08-2023,11:47:00,3229.2,3229.2,3229.2,3229.2,250,235500
JKCEMENT_F2,29-08-2023,11:49:00,3238.25,3238.25,3235.75,3235.75,2000,235500
JKCEMENT_F2,29-08-2023,11:50:00,3235.75,3235.75,3235.75,3235.75,250,235500
JKCEMENT_F2,29-08-2023,11:51:00,3235.75,3235.75,3235.75,3235.75,500,237750
JKCEMENT_F2,29-08-2023,11:53:00,3235.75,3235.75,3235.75,3235.75,750,237750
JKCEMENT_F2,29-08-2023,11:54:00,3233.6499,3233.6499,3233.6499,3233.6499,1000,238500
JKCEMENT_F2,29-08-2023,11:55:00,3233.6499,3233.6499,3233.6499,3233.6499,1000,238500
JKCEMENT_F2,29-08-2023,11:57:00,3227.6001,3229.5,3227.6001,3229.5,750,240250
JKCEMENT_F2,29-08-2023,11:58:00,3229.5,3232.5,3229.5,3232.5,1000,240250
JKCEMENT_F2,29-08-2023,11:59:00,3235.75,3235.75,3235.75,3235.75,1000,240250
JKCEMENT_F2,29-08-2023,12:00:00,3241.1001,3241.7,3235.55,3241.7,10250,242000
JKCEMENT_F2,29-08-2023,12:02:00,3242.3,3246.1499,3242.3,3246.1499,1250,242000
JKCEMENT_F2,29-08-2023,12:03:00,3251.0,3251.8501,3251.0,3251.0,4000,250750
JKCEMENT_F2,29-08-2023,12:04:00,3252.3999,3257.5,3252.3999,3253.3501,3500,250750
JKCEMENT_F2,29-08-2023,12:05:00,3255.0,3255.0,3252.8999,3252.8999,500,250750
JKCEMENT_F2,29-08-2023,12:06:00,3252.8999,3253.1001,3252.8999,3253.1001,500,253500
JKCEMENT_F2,29-08-2023,12:07:00,3257.25,3257.25,3250.1499,3255.0,1250,253500
JKCEMENT_F2,29-08-2023,12:08:00,3256.75,3256.75,3250.0,3250.0,3500,253500
JKCEMENT_F2,29-08-2023,12:09:00,3257.3,3257.3,3249.3,3249.3,1500,253750
JKCEMENT_F2,29-08-2023,12:10:00,3250.55,3257.1001,3250.55,3257.1001,1500,253750
JKCEMENT_F2,29-08-2023,12:11:00,3257.1001,3257.1001,3257.1001,3257.1001,750,253750
JKCEMENT_F2,29-08-2023,12:13:00,3254.3999,3254.3999,3254.3999,3254.3999,250,256000
JKCEMENT_F2,29-08-2023,12:14:00,3250.8501,3250.8501,3250.8501,3250.8501,1250,256000
JKCEMENT_F2,29-08-2023,12:15:00,3250.8501,3256.6499,3250.8501,3256.6499,500,256750
JKCEMENT_F2,29-08-2023,12:16:00,3256.6499,3256.6499,3256.6499,3256.6499,250,256750
JKCEMENT_F2,29-08-2023,12:17:00,3256.6499,3256.6499,3256.6499,3256.6499,750,256750
JKCEMENT_F2,29-08-2023,12:18:00,3258.45,3259.75,3258.45,3259.75,1500,257250
JKCEMENT_F2,29-08-2023,12:19:00,3259.75,3259.75,3259.75,3259.75,750,257250
JKCEMENT_F2,29-08-2023,12:20:00,3259.95,3259.95,3258.0,3258.0,750,257250
JKCEMENT_F2,29-08-2023,12:21:00,3258.0,3260.3501,3258.0,3260.3501,1500,260000
JKCEMENT_F2,29-08-2023,12:22:00,3268.0,3268.0,3267.55,3267.55,2250,260000
JKCEMENT_F2,29-08-2023,12:23:00,3267.55,3267.55,3264.2,3264.2,750,260000
JKCEMENT_F2,29-08-2023,12:24:00,3262.0,3262.6499,3262.0,3262.6499,1750,260750
JKCEMENT_F2,29-08-2023,12:25:00,3262.25,3263.05,3262.25,3263.05,500,260750
JKCEMENT_F2,29-08-2023,12:26:00,3269.75,3269.75,3269.75,3269.75,500,260750
JKCEMENT_F2,29-08-2023,12:27:00,3259.75,3262.8999,3259.75,3262.8999,500,261000
JKCEMENT_F2,29-08-2023,12:28:00,3263.1001,3263.1001,3263.1001,3263.1001,1000,261000
JKCEMENT_F2,29-08-2023,12:29:00,3263.1001,3263.1001,3263.1001,3263.1001,500,261000
JKCEMENT_F2,29-08-2023,12:30:00,3263.25,3264.2,3263.25,3264.2,1250,262250
JKCEMENT_F2,29-08-2023,12:31:00,3267.0,3267.0,3267.0,3267.0,250,262250
JKCEMENT_F2,29-08-2023,12:32:00,3265.0,3265.0,3265.0,3265.0,500,262250
JKCEMENT_F2,29-08-2023,12:33:00,3273.0,3273.0,3268.3501,3268.3501,2500,262000
JKCEMENT_F2,29-08-2023,12:34:00,3268.3501,3269.6001,3268.3501,3269.0,1250,262000
JKCEMENT_F2,29-08-2023,12:36:00,3269.0,3270.45,3269.0,3270.45,500,262750
JKCEMENT_F2,29-08-2023,12:37:00,3270.45,3270.45,3266.8501,3266.8501,500,262750
JKCEMENT_F2,29-08-2023,12:38:00,3266.8501,3266.8501,3265.2,3265.2,750,262750
JKCEMENT_F2,29-08-2023,12:39:00,3266.55,3266.55,3266.55,3266.55,500,263750
JKCEMENT_F2,29-08-2023,12:40:00,3267.55,3267.55,3267.55,3267.55,250,263750
JKCEMENT_F2,29-08-2023,12:41:00,3271.0,3271.0,3271.0,3271.0,250,263750
JKCEMENT_F2,29-08-2023,12:42:00,3265.05,3272.5,3265.05,3272.5,750,264250
JKCEMENT_F2,29-08-2023,12:43:00,3272.5,3272.7,3266.8999,3266.8999,1000,264250
JKCEMENT_F2,29-08-2023,12:44:00,3266.6499,3266.6499,3266.6499,3266.6499,1000,264250
JKCEMENT_F2,29-08-2023,12:46:00,3265.1001,3265.75,3265.0,3265.0,750,265500
JKCEMENT_F2,29-08-2023,12:47:00,3265.0,3265.0,3262.0,3262.0,2000,265500
JKCEMENT_F2,29-08-2023,12:48:00,3260.1001,3260.1001,3260.0,3260.0,1000,267250
JKCEMENT_F2,29-08-2023,12:49:00,3260.0,3260.0,3260.0,3260.0,500,267250
JKCEMENT_F2,29-08-2023,12:50:00,3260.0,3260.0,3255.6001,3255.6001,750,267250
JKCEMENT_F2,29-08-2023,12:51:00,3255.6001,3255.6001,3255.6001,3255.6001,250,269000
JKCEMENT_F2,29-08-2023,12:52:00,3252.3501,3263.95,3252.3501,3263.95,16000,269000
JKCEMENT_F2,29-08-2023,12:54:00,3263.95,3263.95,3256.2,3256.2,750,277000
JKCEMENT_F2,29-08-2023,12:56:00,3256.2,3256.3999,3256.2,3256.3999,750,277000
JKCEMENT_F2,29-08-2023,12:57:00,3258.95,3263.8,3258.95,3263.8,750,277500
JKCEMENT_F2,29-08-2023,12:58:00,3263.8,3263.8,3258.1001,3258.1001,1750,277500
JKCEMENT_F2,29-08-2023,12:59:00,3258.1001,3258.1001,3258.1001,3258.1001,500,277500
JKCEMENT_F2,29-08-2023,13:00:00,3258.1001,3258.1001,3258.1001,3258.1001,250,279500
JKCEMENT_F2,29-08-2023,13:01:00,3258.95,3258.95,3255.75,3255.75,500,279500
JKCEMENT_F2,29-08-2023,13:02:00,3255.75,3255.75,3255.75,3255.75,500,279500
JKCEMENT_F2,29-08-2023,13:03:00,3256.05,3256.05,3256.0,3256.0,750,280250
JKCEMENT_F2,29-08-2023,13:04:00,3256.0,3256.0,3256.0,3256.0,500,280250
JKCEMENT_F2,29-08-2023,13:05:00,3256.0,3259.95,3256.0,3259.95,750,280250
JKCEMENT_F2,29-08-2023,13:06:00,3259.95,3259.95,3256.5,3256.5,500,281000
JKCEMENT_F2,29-08-2023,13:07:00,3259.6499,3259.6499,3253.3999,3253.3999,500,281000
JKCEMENT_F2,29-08-2023,13:08:00,3255.8999,3255.8999,3255.8999,3255.8999,250,281000
JKCEMENT_F2,29-08-2023,13:09:00,3255.8999,3255.8999,3255.8999,3255.8999,750,281750
JKCEMENT_F2,29-08-2023,13:10:00,3255.8999,3255.8999,3255.8999,3255.8999,250,281750
JKCEMENT_F2,29-08-2023,13:13:00,3245.05,3245.05,3245.05,3245.05,250,282250
JKCEMENT_F2,29-08-2023,13:14:00,3245.05,3245.05,3245.05,3245.05,750,282250
JKCEMENT_F2,29-08-2023,13:16:00,3245.05,3245.05,3240.8501,3240.8501,750,283000
JKCEMENT_F2,29-08-2023,13:18:00,3245.0,3245.0,3245.0,3245.0,500,283000
JKCEMENT_F2,29-08-2023,13:19:00,3242.0,3242.0,3242.0,3242.0,1000,283000
JKCEMENT_F2,29-08-2023,13:20:00,3242.0,3242.0,3242.0,3242.0,250,283000
JKCEMENT_F2,29-08-2023,13:22:00,3242.0,3242.0,3242.0,3242.0,250,284000
JKCEMENT_F2,29-08-2023,13:23:00,3242.0,3242.0,3242.0,3242.0,250,284000
JKCEMENT_F2,29-08-2023,13:24:00,3243.5,3243.5,3237.1499,3237.1499,1000,284500
JKCEMENT_F2,29-08-2023,13:27:00,3237.1499,3242.75,3237.1499,3242.75,1000,285250
JKCEMENT_F2,29-08-2023,13:28:00,3242.75,3247.95,3242.75,3247.95,1500,285250
JKCEMENT_F2,29-08-2023,13:29:00,3247.45,3247.45,3247.45,3247.45,250,285250
JKCEMENT_F2,29-08-2023,13:30:00,3247.45,3247.45,3247.45,3247.45,750,287250
JKCEMENT_F2,29-08-2023,13:32:00,3247.45,3247.45,3247.45,3247.45,250,287250
JKCEMENT_F2,29-08-2023,13:33:00,3242.8501,3242.8501,3242.8501,3242.8501,250,287250
JKCEMENT_F2,29-08-2023,13:34:00,3239.45,3239.45,3239.45,3239.45,1000,287250
JKCEMENT_F2,29-08-2023,13:35:00,3239.45,3239.45,3239.45,3239.45,500,287250
JKCEMENT_F2,29-08-2023,13:36:00,3239.45,3239.45,3239.45,3239.45,250,287500
JKCEMENT_F2,29-08-2023,13:38:00,3239.45,3239.45,3239.45,3239.45,500,287500
JKCEMENT_F2,29-08-2023,13:39:00,3239.75,3240.1001,3239.75,3240.1001,1250,287750
JKCEMENT_F2,29-08-2023,13:40:00,3240.1001,3240.1499,3240.1001,3240.1499,500,287750
JKCEMENT_F2,29-08-2023,13:41:00,3243.3501,3243.3501,3243.3501,3243.3501,500,287750
JKCEMENT_F2,29-08-2023,13:44:00,3243.3501,3243.3501,3243.3501,3243.3501,500,288500
JKCEMENT_F2,29-08-2023,13:45:00,3242.95,3242.95,3242.95,3242.95,250,288500
JKCEMENT_F2,29-08-2023,13:46:00,3242.95,3243.0,3242.95,3243.0,500,288500
JKCEMENT_F2,29-08-2023,13:47:00,3243.0,3243.0,3243.0,3243.0,250,288500
JKCEMENT_F2,29-08-2023,13:48:00,3243.0,3243.0,3243.0,3243.0,250,288750
JKCEMENT_F2,29-08-2023,13:49:00,3243.0,3243.0,3243.0,3243.0,250,288750
JKCEMENT_F2,29-08-2023,13:50:00,3243.0,3247.95,3243.0,3247.95,2500,288750
JKCEMENT_F2,29-08-2023,13:51:00,3247.95,3247.95,3247.95,3247.95,1250,290750
JKCEMENT_F2,29-08-2023,13:52:00,3245.3501,3245.3501,3245.3501,3245.3501,500,290750
JKCEMENT_F2,29-08-2023,13:53:00,3245.55,3245.55,3245.55,3245.55,500,290750
JKCEMENT_F2,29-08-2023,13:54:00,3245.55,3245.55,3245.55,3245.55,500,292500
JKCEMENT_F2,29-08-2023,13:55:00,3245.45,3245.45,3245.45,3245.45,750,292500
JKCEMENT_F2,29-08-2023,13:57:00,3245.45,3245.45,3245.45,3245.45,500,293750
JKCEMENT_F2,29-08-2023,13:58:00,3245.45,3245.45,3243.45,3243.45,500,293750
JKCEMENT_F2,29-08-2023,13:59:00,3243.45,3243.45,3243.45,3243.45,500,293750
JKCEMENT_F2,29-08-2023,14:00:00,3243.45,3243.45,3243.45,3243.45,250,294250
JKCEMENT_F2,29-08-2023,14:01:00,3247.3,3247.3,3247.3,3247.3,250,294250
JKCEMENT_F2,29-08-2023,14:02:00,3247.3,3247.3,3242.55,3242.55,500,294250
JKCEMENT_F2,29-08-2023,14:03:00,3243.3,3243.3,3243.3,3243.3,500,294750
JKCEMENT_F2,29-08-2023,14:04:00,3243.3,3243.3,3239.1001,3239.1001,1000,294750
JKCEMENT_F2,29-08-2023,14:05:00,3238.8501,3238.8501,3238.8,3238.8,750,294750
JKCEMENT_F2,29-08-2023,14:06:00,3239.1001,3239.1001,3239.1001,3239.1001,500,296000
JKCEMENT_F2,29-08-2023,14:08:00,3239.1001,3239.1001,3239.1001,3239.1001,250,296000
JKCEMENT_F2,29-08-2023,14:09:00,3235.3999,3235.3999,3235.3999,3235.3999,500,296250
JKCEMENT_F2,29-08-2023,14:10:00,3235.3999,3235.3999,3235.3999,3235.3999,250,296250
JKCEMENT_F2,29-08-2023,14:11:00,3233.95,3233.95,3233.95,3233.95,250,296250
JKCEMENT_F2,29-08-2023,14:12:00,3233.95,3233.95,3233.95,3233.95,500,296750
JKCEMENT_F2,29-08-2023,14:13:00,3233.95,3233.95,3233.95,3233.95,250,296750
JKCEMENT_F2,29-08-2023,14:14:00,3233.95,3233.95,3233.95,3233.95,750,296750
JKCEMENT_F2,29-08-2023,14:15:00,3231.8999,3231.8999,3231.8999,3231.8999,250,296750
JKCEMENT_F2,29-08-2023,14:16:00,3231.8999,3231.8999,3225.05,3225.05,750,298000
JKCEMENT_F2,29-08-2023,14:17:00,3225.05,3227.0,3225.05,3225.7,1000,298000
JKCEMENT_F2,29-08-2023,14:18:00,3222.25,3222.25,3222.25,3222.25,250,299000
JKCEMENT_F2,29-08-2023,14:19:00,3223.75,3224.1499,3223.75,3224.1499,750,299000
JKCEMENT_F2,29-08-2023,14:20:00,3224.95,3224.95,3224.6499,3224.6499,1250,299000
JKCEMENT_F2,29-08-2023,14:21:00,3224.6499,3224.6499,3224.6499,3224.6499,250,301000
JKCEMENT_F2,29-08-2023,14:22:00,3225.1001,3225.1001,3222.45,3222.45,750,301000
JKCEMENT_F2,29-08-2023,14:24:00,3219.75,3219.75,3219.75,3219.75,500,301750
JKCEMENT_F2,29-08-2023,14:25:00,3219.75,3219.75,3219.5,3219.5,500,301750
JKCEMENT_F2,29-08-2023,14:26:00,3219.5,3219.5,3219.5,3219.5,500,301750
JKCEMENT_F2,29-08-2023,14:27:00,3222.05,3222.05,3218.6499,3218.6499,750,301750
JKCEMENT_F2,29-08-2023,14:29:00,3218.6499,3220.55,3218.6499,3220.55,750,301750
JKCEMENT_F2,29-08-2023,14:30:00,3221.1499,3224.1001,3221.1499,3224.1001,1250,301500
JKCEMENT_F2,29-08-2023,14:31:00,3223.55,3224.1001,3223.55,3224.1001,750,301500
JKCEMENT_F2,29-08-2023,14:32:00,3224.2,3228.1499,3224.2,3228.1499,1750,301500
JKCEMENT_F2,29-08-2023,14:33:00,3224.45,3224.45,3224.45,3224.45,250,304250
JKCEMENT_F2,29-08-2023,14:34:00,3224.45,3224.45,3224.45,3224.45,250,304250
JKCEMENT_F2,29-08-2023,14:35:00,3224.45,3224.45,3224.45,3224.45,500,304250
JKCEMENT_F2,29-08-2023,14:38:00,3222.6001,3222.6001,3220.6499,3220.6499,500,304750
JKCEMENT_F2,29-08-2023,14:39:00,3220.6499,3220.6499,3220.6499,3220.6499,500,304750
JKCEMENT_F2,29-08-2023,14:40:00,3220.6499,3220.6499,3220.6499,3220.6499,250,304750
JKCEMENT_F2,29-08-2023,14:43:00,3222.25,3222.25,3222.25,3222.25,250,304750
JKCEMENT_F2,29-08-2023,14:44:00,3222.25,3222.25,3222.25,3222.25,500,305500
JKCEMENT_F2,29-08-2023,14:45:00,3222.25,3222.25,3222.25,3222.25,500,305250
JKCEMENT_F2,29-08-2023,14:47:00,3220.45,3220.45,3220.45,3220.45,250,305250
JKCEMENT_F2,29-08-2023,14:48:00,3221.1499,3222.95,3221.1499,3222.95,750,305250
JKCEMENT_F2,29-08-2023,14:49:00,3222.95,3222.95,3222.95,3222.95,16500,305250
JKCEMENT_F2,29-08-2023,14:50:00,3220.3501,3225.45,3220.3501,3225.45,1000,305250
JKCEMENT_F2,29-08-2023,14:52:00,3222.7,3222.7,3222.7,3222.7,250,323250
JKCEMENT_F2,29-08-2023,14:53:00,3222.7,3225.95,3222.3,3225.95,750,323250
JKCEMENT_F2,29-08-2023,14:54:00,3225.95,3225.95,3222.3501,3222.3501,750,324000
JKCEMENT_F2,29-08-2023,14:56:00,3222.0,3222.0,3222.0,3222.0,250,324000
JKCEMENT_F2,29-08-2023,14:57:00,3222.0,3222.0,3222.0,3222.0,250,324500
JKCEMENT_F2,29-08-2023,14:59:00,3222.75,3222.75,3220.6499,3220.6499,1000,324500
JKCEMENT_F2,29-08-2023,15:00:00,3224.05,3224.75,3224.05,3224.75,750,325750
JKCEMENT_F2,29-08-2023,15:01:00,3224.75,3224.75,3224.75,3224.75,250,325750
JKCEMENT_F2,29-08-2023,15:02:00,3224.75,3224.75,3223.2,3223.2,500,325750
JKCEMENT_F2,29-08-2023,15:03:00,3220.45,3223.45,3220.45,3223.45,500,326750
JKCEMENT_F2,29-08-2023,15:04:00,3223.1499,3223.1499,3223.1499,3223.1499,500,326750
JKCEMENT_F2,29-08-2023,15:05:00,3224.05,3224.05,3224.05,3224.05,250,326750
JKCEMENT_F2,29-08-2023,15:06:00,3224.05,3224.05,3224.05,3224.05,250,326750
JKCEMENT_F2,29-08-2023,15:07:00,3224.05,3224.05,3224.05,3224.05,250,327250
JKCEMENT_F2,29-08-2023,15:09:00,3223.7,3223.7,3223.7,3223.7,500,327750
JKCEMENT_F2,29-08-2023,15:11:00,3223.7,3223.7,3220.3999,3220.3999,500,327750
JKCEMENT_F2,29-08-2023,15:12:00,3223.95,3223.95,3221.5,3221.5,1500,328500
JKCEMENT_F2,29-08-2023,15:14:00,3220.0,3220.0,3220.0,3220.0,1750,328500
JKCEMENT_F2,29-08-2023,15:15:00,3219.3,3221.55,3219.3,3221.55,750,329500
JKCEMENT_F2,29-08-2023,15:16:00,3221.55,3221.55,3221.55,3221.55,500,329500
JKCEMENT_F2,29-08-2023,15:17:00,3221.55,3221.55,3221.55,3221.55,250,329500
JKCEMENT_F2,29-08-2023,15:18:00,3219.2,3219.2,3219.2,3219.2,250,330500
JKCEMENT_F2,29-08-2023,15:19:00,3218.55,3218.55,3218.55,3218.55,250,330500
JKCEMENT_F2,29-08-2023,15:20:00,3220.1499,3220.45,3220.1499,3220.45,1000,330500
JKCEMENT_F2,29-08-2023,15:21:00,3220.45,3220.45,3220.45,3220.45,3500,330750
JKCEMENT_F2,29-08-2023,15:22:00,3220.45,3221.3999,3220.45,3221.3999,1000,330750
JKCEMENT_F2,29-08-2023,15:24:00,3218.3501,3218.3501,3218.3501,3218.3501,1250,335000
JKCEMENT_F2,29-08-2023,15:26:00,3220.8999,3220.8999,3220.8999,3220.8999,500,335000
JKCEMENT_F2,29-08-2023,15:27:00,3220.0,3220.0,3220.0,3220.0,750,335000
JKCEMENT_F2,29-08-2023,15:28:00,3220.0,3220.0,3220.0,3220.0,250,334500
JKCEMENT_F2,29-08-2023,15:29:00,3216.05,3223.95,3216.05,3223.95,1500,334500
JKCEMENT_F2,30-08-2023,09:15:00,3223.95,3239.3999,3223.95,3239.3999,1000,333000
JKCEMENT_F2,30-08-2023,09:16:00,3246.8,3271.0,3246.8,3271.0,4250,333000
JKCEMENT_F2,30-08-2023,09:17:00,3264.3999,3264.3999,3260.1499,3261.6499,750,334250
JKCEMENT_F2,30-08-2023,09:18:00,3265.95,3268.95,3265.95,3268.95,1250,334250
JKCEMENT_F2,30-08-2023,09:20:00,3271.25,3279.8999,3271.25,3279.8999,3250,333750
JKCEMENT_F2,30-08-2023,09:21:00,3279.8999,3279.8999,3272.0,3272.0,1250,333750
JKCEMENT_F2,30-08-2023,09:22:00,3268.95,3268.95,3268.95,3268.95,250,333750
JKCEMENT_F2,30-08-2023,09:24:00,3265.45,3265.45,3265.45,3265.45,500,333750
JKCEMENT_F2,30-08-2023,09:25:00,3258.3999,3258.3999,3258.3999,3258.3999,1000,333750
JKCEMENT_F2,30-08-2023,09:28:00,3260.3501,3260.3501,3260.3501,3260.3501,500,333500
JKCEMENT_F2,30-08-2023,09:29:00,3270.6001,3277.55,3270.6001,3277.55,2750,335250
JKCEMENT_F2,30-08-2023,09:30:00,3276.6499,3276.6499,3276.6499,3276.6499,250,335250
JKCEMENT_F2,30-08-2023,09:31:00,3276.6499,3276.6499,3267.75,3267.75,1750,335250
JKCEMENT_F2,30-08-2023,09:32:00,3267.75,3267.75,3267.75,3267.75,250,335250
JKCEMENT_F2,30-08-2023,09:33:00,3265.3501,3265.3501,3265.3501,3265.3501,250,336500
JKCEMENT_F2,30-08-2023,09:34:00,3265.3501,3266.0,3265.3501,3266.0,750,336500
JKCEMENT_F2,30-08-2023,09:35:00,3266.0,3266.0,3266.0,3266.0,250,336500
JKCEMENT_F2,30-08-2023,09:36:00,3262.45,3266.0,3262.45,3266.0,1250,336750
JKCEMENT_F2,30-08-2023,09:37:00,3266.0,3266.0,3259.8,3259.8,750,336750
JKCEMENT_F2,30-08-2023,09:38:00,3259.8,3259.8,3259.8,3259.8,500,336750
JKCEMENT_F2,30-08-2023,09:40:00,3259.8,3259.8,3259.8,3259.8,250,337250
JKCEMENT_F2,30-08-2023,09:41:00,3259.8,3259.8,3259.8,3259.8,750,337250
JKCEMENT_F2,30-08-2023,09:43:00,3255.7,3255.7,3255.7,3255.7,250,337250
JKCEMENT_F2,30-08-2023,09:44:00,3255.7,3255.7,3255.7,3255.7,250,338250
JKCEMENT_F2,30-08-2023,09:46:00,3255.7,3255.7,3255.7,3255.7,500,338500
JKCEMENT_F2,30-08-2023,09:47:00,3255.1499,3255.1499,3255.1499,3255.1499,250,338500
JKCEMENT_F2,30-08-2023,09:51:00,3255.1499,3255.1499,3255.1499,3255.1499,500,339000
JKCEMENT_F2,30-08-2023,09:52:00,3255.1499,3255.1499,3255.1499,3255.1499,250,339000
JKCEMENT_F2,30-08-2023,09:53:00,3253.6001,3256.25,3253.6001,3256.25,750,339000
JKCEMENT_F2,30-08-2023,09:54:00,3261.55,3261.55,3259.75,3259.75,500,340250
JKCEMENT_F2,30-08-2023,09:55:00,3253.0,3253.0,3253.0,3253.0,250,340250
JKCEMENT_F2,30-08-2023,09:56:00,3253.0,3261.8501,3253.0,3261.8501,1250,341000
JKCEMENT_F2,30-08-2023,09:57:00,3255.1499,3255.1499,3255.1499,3255.1499,250,341000
JKCEMENT_F2,30-08-2023,09:59:00,3255.0,3255.0,3255.0,3255.0,250,341000
JKCEMENT_F2,30-08-2023,10:00:00,3255.0,3255.0,3255.0,3255.0,500,341000
JKCEMENT_F2,30-08-2023,10:03:00,3249.8501,3249.8501,3249.8501,3249.8501,750,341500
JKCEMENT_F2,30-08-2023,10:04:00,3250.8,3250.8,3245.5,3245.5,2000,341500
JKCEMENT_F2,30-08-2023,10:06:00,3254.2,3260.7,3254.2,3260.7,1250,342250
JKCEMENT_F2,30-08-2023,10:09:00,3257.95,3257.95,3254.3999,3254.5,2000,342750
JKCEMENT_F2,30-08-2023,10:10:00,3254.5,3254.5,3254.5,3254.5,500,342750
JKCEMENT_F2,30-08-2023,10:11:00,3254.95,3254.95,3254.95,3254.95,250,342750
JKCEMENT_F2,30-08-2023,10:12:00,3255.3501,3255.3501,3255.3501,3255.3501,250,343500
JKCEMENT_F2,30-08-2023,10:14:00,3258.8501,3258.8501,3258.8501,3258.8501,750,343500
JKCEMENT_F2,30-08-2023,10:15:00,3258.8501,3260.0,3258.8501,3260.0,750,343750
JKCEMENT_F2,30-08-2023,10:16:00,3260.0,3260.0,3260.0,3260.0,750,343750
JKCEMENT_F2,30-08-2023,10:18:00,3262.3501,3262.3501,3262.3501,3262.3501,250,345000
JKCEMENT_F2,30-08-2023,10:19:00,3262.3501,3262.3501,3262.3501,3262.3501,500,345000
JKCEMENT_F2,30-08-2023,10:20:00,3262.3501,3263.5,3262.3501,3263.5,1000,345000
JKCEMENT_F2,30-08-2023,10:21:00,3263.5,3263.5,3263.5,3263.5,500,346500
JKCEMENT_F2,30-08-2023,10:23:00,3263.5,3263.5,3263.5,3263.5,250,346500
JKCEMENT_F2,30-08-2023,10:25:00,3260.0,3260.0,3260.0,3260.0,750,347250
JKCEMENT_F2,30-08-2023,10:27:00,3260.0,3260.0,3260.0,3260.0,250,347250
JKCEMENT_F2,30-08-2023,10:30:00,3260.0,3260.0,3260.0,3260.0,250,347750
JKCEMENT_F2,30-08-2023,10:31:00,3256.05,3256.05,3256.05,3256.05,1000,347750
JKCEMENT_F2,30-08-2023,10:33:00,3262.7,3262.7,3262.7,3262.7,500,348250
JKCEMENT_F2,30-08-2023,10:35:00,3259.45,3259.45,3259.45,3259.45,500,348250
JKCEMENT_F2,30-08-2023,10:37:00,3259.45,3259.45,3259.45,3259.45,500,349000
JKCEMENT_F2,30-08-2023,10:39:00,3258.55,3258.55,3258.55,3258.55,750,349500
JKCEMENT_F2,30-08-2023,10:41:00,3258.55,3258.55,3258.55,3258.55,500,349500
JKCEMENT_F2,30-08-2023,10:42:00,3258.55,3258.55,3258.55,3258.55,250,349750
JKCEMENT_F2,30-08-2023,10:43:00,3255.45,3255.8501,3255.45,3255.8501,4250,349750
JKCEMENT_F2,30-08-2023,10:45:00,3255.8501,3255.8501,3255.8501,3255.8501,250,349750
JKCEMENT_F2,30-08-2023,10:46:00,3255.8501,3255.8501,3255.8501,3255.8501,250,350250
JKCEMENT_F2,30-08-2023,10:47:00,3257.1001,3257.1001,3257.1001,3257.1001,500,350250
JKCEMENT_F2,30-08-2023,10:49:00,3257.8501,3257.8501,3257.8501,3257.8501,250,351000
JKCEMENT_F2,30-08-2023,10:50:00,3257.0,3257.0,3254.7,3254.7,1250,351750
JKCEMENT_F2,30-08-2023,10:51:00,3254.7,3255.1001,3254.7,3255.1001,500,351750
JKCEMENT_F2,30-08-2023,10:52:00,3255.1001,3255.1001,3255.1001,3255.1001,1250,351750
JKCEMENT_F2,30-08-2023,10:55:00,3255.1001,3255.1001,3255.1001,3255.1001,500,352750
JKCEMENT_F2,30-08-2023,10:57:00,3255.1001,3255.1001,3250.7,3250.7,750,353250
JKCEMENT_F2,30-08-2023,10:59:00,3250.7,3250.7,3250.7,3250.7,500,353250
JKCEMENT_F2,30-08-2023,11:01:00,3250.7,3250.7,3250.7,3250.7,1500,354500
JKCEMENT_F2,30-08-2023,11:02:00,3255.3999,3255.3999,3255.3999,3255.3999,1000,354500
JKCEMENT_F2,30-08-2023,11:03:00,3255.3999,3255.3999,3255.3999,3255.3999,250,355000
JKCEMENT_F2,30-08-2023,11:06:00,3255.3999,3255.3999,3255.3999,3255.3999,250,355250
JKCEMENT_F2,30-08-2023,11:07:00,3255.1001,3258.0,3252.2,3258.0,2250,355250
JKCEMENT_F2,30-08-2023,11:10:00,3256.3999,3256.3999,3256.0,3256.0,500,356000
JKCEMENT_F2,30-08-2023,11:11:00,3256.0,3256.0,3255.8501,3255.8501,1000,356000
JKCEMENT_F2,30-08-2023,11:12:00,3255.8,3255.8,3255.8,3255.8,250,356500
JKCEMENT_F2,30-08-2023,11:13:00,3256.55,3256.55,3256.55,3256.55,250,356500
JKCEMENT_F2,30-08-2023,11:14:00,3256.8,3256.8,3256.8,3256.8,500,356500
JKCEMENT_F2,30-08-2023,11:15:00,3256.8,3257.7,3256.8,3257.7,3250,357250
JKCEMENT_F2,30-08-2023,11:17:00,3258.1499,3258.1499,3258.1499,3258.1499,250,357250
JKCEMENT_F2,30-08-2023,11:18:00,3258.1499,3258.1499,3258.1499,3258.1499,1250,358750
JKCEMENT_F2,30-08-2023,11:19:00,3258.1499,3258.1499,3258.1499,3258.1499,1000,358750
JKCEMENT_F2,30-08-2023,11:20:00,3258.1499,3258.1499,3258.1499,3258.1499,500,358750
JKCEMENT_F2,30-08-2023,11:21:00,3256.95,3256.95,3256.95,3256.95,5500,361250
JKCEMENT_F2,30-08-2023,11:22:00,3256.95,3256.95,3256.95,3256.95,750,361250
JKCEMENT_F2,30-08-2023,11:23:00,3259.55,3260.3999,3259.55,3260.3999,2000,361250
JKCEMENT_F2,30-08-2023,11:24:00,3260.3999,3260.3999,3260.3999,3260.3999,500,367000
JKCEMENT_F2,30-08-2023,11:25:00,3264.1001,3268.45,3264.1001,3268.45,750,367000
JKCEMENT_F2,30-08-2023,11:26:00,3269.0,3269.0,3269.0,3269.0,5500,367000
JKCEMENT_F2,30-08-2023,11:27:00,3271.95,3278.1499,3271.95,3278.1499,5000,373000
JKCEMENT_F2,30-08-2023,11:28:00,3278.1499,3278.1499,3278.1001,3278.1001,1000,373000
JKCEMENT_F2,30-08-2023,11:30:00,3275.3999,3275.3999,3275.3999,3275.3999,250,378250
JKCEMENT_F2,30-08-2023,11:31:00,3278.1001,3278.1001,3278.1001,3278.1001,750,378250
JKCEMENT_F2,30-08-2023,11:32:00,3278.1001,3279.8999,3278.1001,3279.8999,2000,378250
JKCEMENT_F2,30-08-2023,11:33:00,3282.0,3282.0,3281.3999,3281.3999,2750,379500
JKCEMENT_F2,30-08-2023,11:34:00,3286.3999,3286.3999,3286.3,3286.3,1000,379500
JKCEMENT_F2,30-08-2023,11:35:00,3284.2,3284.2,3284.2,3284.2,3500,379500
JKCEMENT_F2,30-08-2023,11:36:00,3284.2,3284.2,3284.2,3284.2,1250,381250
JKCEMENT_F2,30-08-2023,11:37:00,3284.2,3284.2,3284.2,3284.2,500,381250
JKCEMENT_F2,30-08-2023,11:38:00,3284.2,3289.1499,3284.2,3289.1499,500,381250
JKCEMENT_F2,30-08-2023,11:39:00,3289.1499,3292.0,3289.1499,3292.0,1250,382750
JKCEMENT_F2,30-08-2023,11:40:00,3290.5,3290.5,3290.45,3290.45,750,382750
JKCEMENT_F2,30-08-2023,11:41:00,3290.5,3290.5,3290.5,3290.5,500,382750
JKCEMENT_F2,30-08-2023,11:43:00,3290.5,3290.5,3290.5,3290.5,250,383000
JKCEMENT_F2,30-08-2023,11:44:00,3290.5,3290.5,3290.5,3290.5,500,383000
JKCEMENT_F2,30-08-2023,11:46:00,3286.55,3286.55,3286.55,3286.55,250,383750
JKCEMENT_F2,30-08-2023,11:48:00,3286.55,3295.25,3286.55,3295.25,1250,384250
JKCEMENT_F2,30-08-2023,11:49:00,3295.25,3295.25,3295.25,3295.25,750,384250
JKCEMENT_F2,30-08-2023,11:50:00,3297.3999,3297.3999,3295.25,3295.25,1250,384250
JKCEMENT_F2,30-08-2023,11:53:00,3295.25,3295.25,3295.25,3295.25,250,385000
JKCEMENT_F2,30-08-2023,11:54:00,3290.95,3290.95,3290.95,3290.95,750,385250
JKCEMENT_F2,30-08-2023,11:56:00,3290.95,3290.95,3290.95,3290.95,250,385250
JKCEMENT_F2,30-08-2023,11:57:00,3290.95,3290.95,3287.7,3288.3999,1000,385500
JKCEMENT_F2,30-08-2023,11:58:00,3283.75,3283.75,3283.75,3283.75,4500,385500
JKCEMENT_F2,30-08-2023,11:59:00,3283.75,3283.75,3283.75,3283.75,250,385500
JKCEMENT_F2,30-08-2023,12:01:00,3283.75,3283.75,3281.1001,3281.1001,500,389750
JKCEMENT_F2,30-08-2023,12:02:00,3281.1001,3281.1001,3281.1001,3281.1001,500,389750
JKCEMENT_F2,30-08-2023,12:05:00,3280.3,3280.3,3280.3,3280.3,500,390250
JKCEMENT_F2,30-08-2023,12:06:00,3280.2,3280.2,3280.2,3280.2,250,390500
JKCEMENT_F2,30-08-2023,12:07:00,3282.6001,3282.6001,3282.6001,3282.6001,750,390500
JKCEMENT_F2,30-08-2023,12:08:00,3282.6001,3282.6001,3282.6001,3282.6001,1250,390500
JKCEMENT_F2,30-08-2023,12:09:00,3284.95,3284.95,3284.95,3284.95,500,392000
JKCEMENT_F2,30-08-2023,12:12:00,3280.5,3280.5,3280.5,3280.5,750,392250
JKCEMENT_F2,30-08-2023,12:13:00,3280.5,3280.5,3278.6001,3278.6001,1250,392250
JKCEMENT_F2,30-08-2023,12:15:00,3279.3,3279.3,3279.3,3279.3,250,393500
JKCEMENT_F2,30-08-2023,12:17:00,3283.95,3283.95,3283.95,3283.95,750,393500
JKCEMENT_F2,30-08-2023,12:18:00,3283.95,3283.95,3283.95,3283.95,250,393000
JKCEMENT_F2,30-08-2023,12:19:00,3283.95,3284.1499,3283.95,3284.1499,750,393000
JKCEMENT_F2,30-08-2023,12:20:00,3284.1499,3284.1499,3284.1499,3284.1499,250,393000
JKCEMENT_F2,30-08-2023,12:22:00,3284.1499,3284.1499,3284.1499,3284.1499,250,393250
JKCEMENT_F2,30-08-2023,12:25:00,3283.8999,3283.8999,3283.8999,3283.8999,1250,393500
JKCEMENT_F2,30-08-2023,12:26:00,3286.8501,3286.8501,3282.95,3282.95,1250,393500
JKCEMENT_F2,30-08-2023,12:29:00,3282.7,3282.7,3282.7,3282.7,250,394750
JKCEMENT_F2,30-08-2023,12:30:00,3286.5,3286.5,3286.5,3286.5,750,394750
JKCEMENT_F2,30-08-2023,12:31:00,3286.5,3287.8999,3284.95,3287.8999,750,394750
JKCEMENT_F2,30-08-2023,12:32:00,3291.7,3291.7,3287.5,3287.5,2750,394750
JKCEMENT_F2,30-08-2023,12:34:00,3287.5,3287.5,3287.5,3287.5,250,396000
JKCEMENT_F2,30-08-2023,12:36:00,3287.5,3287.5,3287.5,3287.5,500,396250
JKCEMENT_F2,30-08-2023,12:38:00,3287.5,3287.5,3287.5,3287.5,500,396250
JKCEMENT_F2,30-08-2023,12:40:00,3286.3999,3286.3999,3286.3999,3286.3999,500,395250
JKCEMENT_F2,30-08-2023,12:42:00,3286.3999,3286.3999,3286.3999,3286.3999,750,396000
JKCEMENT_F2,30-08-2023,12:43:00,3286.3999,3286.3999,3286.3999,3286.3999,250,396000
JKCEMENT_F2,30-08-2023,12:45:00,3286.6499,3286.6499,3286.6499,3286.6499,500,396000
JKCEMENT_F2,30-08-2023,12:47:00,3286.6499,3286.6499,3286.6499,3286.6499,500,396750
JKCEMENT_F2,30-08-2023,12:49:00,3286.6499,3290.7,3286.6499,3290.7,1250,397250
JKCEMENT_F2,30-08-2023,12:51:00,3292.0,3292.0,3292.0,3292.0,750,398250
JKCEMENT_F2,30-08-2023,12:53:00,3293.5,3294.7,3293.5,3294.7,1500,398250
JKCEMENT_F2,30-08-2023,12:54:00,3292.95,3292.95,3292.95,3292.95,500,397500
JKCEMENT_F2,30-08-2023,12:55:00,3292.95,3292.95,3292.95,3292.95,250,397500
JKCEMENT_F2,30-08-2023,12:56:00,3292.95,3292.95,3292.95,3292.95,250,397500
JKCEMENT_F2,30-08-2023,12:59:00,3292.95,3292.95,3292.95,3292.95,250,398000
JKCEMENT_F2,30-08-2023,13:00:00,3294.95,3296.8501,3294.95,3296.8501,14250,398500
JKCEMENT_F2,30-08-2023,13:02:00,3296.55,3296.55,3296.55,3296.55,500,398500
JKCEMENT_F2,30-08-2023,13:03:00,3296.8501,3296.8501,3296.8501,3296.8501,500,411500
JKCEMENT_F2,30-08-2023,13:04:00,3297.0,3297.0,3297.0,3297.0,250,411500
JKCEMENT_F2,30-08-2023,13:05:00,3297.0,3297.0,3297.0,3297.0,1000,411500
JKCEMENT_F2,30-08-2023,13:06:00,3297.0,3297.0,3297.0,3297.0,250,412750
JKCEMENT_F2,30-08-2023,13:08:00,3297.0,3297.0,3297.0,3297.0,500,412750
JKCEMENT_F2,30-08-2023,13:09:00,3297.5,3297.5,3297.5,3297.5,250,412750
JKCEMENT_F2,30-08-2023,13:12:00,3297.5,3297.5,3297.5,3297.5,500,413000
JKCEMENT_F2,30-08-2023,13:13:00,3297.5,3297.5,3295.0,3295.0,500,413000
JKCEMENT_F2,30-08-2023,13:14:00,3294.8501,3294.8501,3294.8501,3294.8501,250,413000
JKCEMENT_F2,30-08-2023,13:16:00,3294.8501,3294.8501,3294.8501,3294.8501,250,413250
JKCEMENT_F2,30-08-2023,13:18:00,3294.8501,3294.8501,3294.8501,3294.8501,250,413500
JKCEMENT_F2,30-08-2023,13:19:00,3293.1499,3293.1499,3293.1499,3293.1499,250,413500
JKCEMENT_F2,30-08-2023,13:20:00,3293.1499,3293.1499,3293.1499,3293.1499,250,413500
JKCEMENT_F2,30-08-2023,13:21:00,3296.95,3296.95,3296.95,3296.95,500,414000
JKCEMENT_F2,30-08-2023,13:24:00,3296.95,3296.95,3296.95,3296.95,250,414000
JKCEMENT_F2,30-08-2023,13:26:00,3298.6001,3298.6001,3298.6001,3298.6001,500,414750
JKCEMENT_F2,30-08-2023,13:28:00,3298.6001,3298.6001,3298.6001,3298.6001,250,415000
JKCEMENT_F2,30-08-2023,13:29:00,3298.75,3298.75,3298.75,3298.75,500,415000
JKCEMENT_F2,30-08-2023,13:30:00,3298.7,3298.8999,3298.7,3298.8999,500,415750
JKCEMENT_F2,30-08-2023,13:32:00,3298.8999,3298.8999,3298.8999,3298.8999,250,415750
JKCEMENT_F2,30-08-2023,13:33:00,3299.6001,3301.1001,3299.6001,3301.1001,2250,416500
JKCEMENT_F2,30-08-2023,13:34:00,3301.1001,3301.1001,3299.0,3299.0,1000,416500
JKCEMENT_F2,30-08-2023,13:36:00,3299.0,3299.0,3299.0,3299.0,500,417500
JKCEMENT_F2,30-08-2023,13:38:00,3298.05,3298.05,3298.05,3298.05,250,417500
JKCEMENT_F2,30-08-2023,13:39:00,3298.8999,3298.8999,3298.8999,3298.8999,250,417500
JKCEMENT_F2,30-08-2023,13:40:00,3298.0,3298.0,3298.0,3298.0,750,418000
JKCEMENT_F2,30-08-2023,13:41:00,3298.0,3298.0,3298.0,3298.0,250,418000
JKCEMENT_F2,30-08-2023,13:42:00,3298.0,3298.0,3297.25,3297.25,500,418000
JKCEMENT_F2,30-08-2023,13:43:00,3299.75,3299.75,3299.75,3299.75,250,418250
JKCEMENT_F2,30-08-2023,13:44:00,3298.1499,3298.1499,3297.05,3297.05,1250,418250
JKCEMENT_F2,30-08-2023,13:45:00,3297.05,3297.05,3297.05,3297.05,250,418250
JKCEMENT_F2,30-08-2023,13:47:00,3297.05,3297.05,3297.05,3297.05,250,419750
JKCEMENT_F2,30-08-2023,13:49:00,3297.0,3297.0,3297.0,3297.0,750,419750
JKCEMENT_F2,30-08-2023,13:51:00,3294.45,3294.45,3294.45,3294.45,250,419750
JKCEMENT_F2,30-08-2023,13:53:00,3295.1499,3295.1499,3295.1499,3295.1499,500,420500
JKCEMENT_F2,30-08-2023,13:54:00,3295.1499,3295.1499,3295.1499,3295.1499,750,420750
JKCEMENT_F2,30-08-2023,13:56:00,3297.3501,3297.3501,3297.3501,3297.3501,500,420750
JKCEMENT_F2,30-08-2023,13:57:00,3297.5,3297.5,3297.5,3297.5,750,422000
JKCEMENT_F2,30-08-2023,13:58:00,3297.5,3299.0,3297.5,3299.0,1000,422000
JKCEMENT_F2,30-08-2023,13:59:00,3299.0,3299.0,3299.0,3299.0,250,422000
JKCEMENT_F2,30-08-2023,14:00:00,3295.0,3295.0,3295.0,3295.0,2250,423750
JKCEMENT_F2,30-08-2023,14:01:00,3295.0,3295.0,3295.0,3295.0,250,423750
JKCEMENT_F2,30-08-2023,14:04:00,3295.55,3295.55,3295.5,3295.5,750,424250
JKCEMENT_F2,30-08-2023,14:05:00,3296.8999,3296.8999,3296.8999,3296.8999,500,424250
JKCEMENT_F2,30-08-2023,14:06:00,3297.7,3297.7,3297.3501,3297.5,1000,425250
JKCEMENT_F2,30-08-2023,14:09:00,3297.0,3297.0,3297.0,3297.0,500,425500
JKCEMENT_F2,30-08-2023,14:10:00,3297.0,3297.0,3297.0,3297.0,250,425500
JKCEMENT_F2,30-08-2023,14:13:00,3295.5,3295.5,3295.5,3295.5,1000,425500
JKCEMENT_F2,30-08-2023,14:14:00,3295.5,3295.5,3295.5,3295.5,250,425500
JKCEMENT_F2,30-08-2023,14:16:00,3293.1001,3293.1001,3293.1001,3293.1001,250,426500
JKCEMENT_F2,30-08-2023,14:17:00,3293.1001,3293.1001,3293.1001,3293.1001,250,426500
JKCEMENT_F2,30-08-2023,14:18:00,3293.1001,3293.3,3293.1001,3293.3,500,426500
JKCEMENT_F2,30-08-2023,14:19:00,3293.3,3293.3,3293.3,3293.3,5000,427250
JKCEMENT_F2,30-08-2023,14:20:00,3293.3,3293.3,3293.3,3293.3,6500,427250
JKCEMENT_F2,30-08-2023,14:22:00,3293.3,3293.3,3293.3,3293.3,250,438750
JKCEMENT_F2,30-08-2023,14:23:00,3293.3,3293.3,3293.3,3293.3,500,438750
JKCEMENT_F2,30-08-2023,14:24:00,3294.0,3294.0,3294.0,3294.0,750,438750
JKCEMENT_F2,30-08-2023,14:25:00,3296.8999,3296.8999,3296.8999,3296.8999,750,439500
JKCEMENT_F2,30-08-2023,14:26:00,3296.8999,3296.8999,3296.8999,3296.8999,250,439500
JKCEMENT_F2,30-08-2023,14:27:00,3297.8999,3297.8999,3297.8999,3297.8999,250,439500
JKCEMENT_F2,30-08-2023,14:29:00,3300.0,3300.0,3300.0,3300.0,500,439500
JKCEMENT_F2,30-08-2023,14:30:00,3300.0,3300.0,3300.0,3300.0,500,439250
JKCEMENT_F2,30-08-2023,14:31:00,3298.1499,3300.45,3298.1499,3300.45,2000,439250
JKCEMENT_F2,30-08-2023,14:34:00,3300.45,3300.45,3300.45,3300.45,250,440750
JKCEMENT_F2,30-08-2023,14:35:00,3300.45,3300.45,3300.45,3300.45,250,440750
JKCEMENT_F2,30-08-2023,14:37:00,3297.5,3297.5,3297.5,3297.5,500,441000
JKCEMENT_F2,30-08-2023,14:39:00,3297.5,3297.5,3297.5,3297.5,250,441000
JKCEMENT_F2,30-08-2023,14:40:00,3297.5,3297.5,3297.5,3297.5,500,441500
JKCEMENT_F2,30-08-2023,14:42:00,3296.6001,3296.6001,3296.6001,3296.6001,250,441500
JKCEMENT_F2,30-08-2023,14:43:00,3299.0,3299.55,3297.75,3297.75,1500,441500
JKCEMENT_F2,30-08-2023,14:44:00,3295.6499,3295.6499,3295.6499,3295.6499,250,441500
JKCEMENT_F2,30-08-2023,14:45:00,3295.6499,3295.6499,3295.6499,3295.6499,250,442750
JKCEMENT_F2,30-08-2023,14:46:00,3295.6499,3295.6499,3295.6499,3295.6499,250,442750
JKCEMENT_F2,30-08-2023,14:47:00,3295.6499,3297.25,3295.6499,3297.25,500,442750
JKCEMENT_F2,30-08-2023,14:48:00,3301.1499,3301.1499,3301.1499,3301.1499,250,442750
JKCEMENT_F2,30-08-2023,14:49:00,3301.1499,3301.1499,3301.1499,3301.1499,250,443000
JKCEMENT_F2,30-08-2023,14:50:00,3301.5,3301.5,3301.5,3301.5,3250,443000
JKCEMENT_F2,30-08-2023,14:51:00,3293.1499,3293.1499,3293.1499,3293.1499,250,443250
JKCEMENT_F2,30-08-2023,14:52:00,3293.1499,3293.1499,3293.1499,3293.1499,250,443250
JKCEMENT_F2,30-08-2023,14:53:00,3293.1499,3293.1499,3293.1499,3293.1499,250,443250
JKCEMENT_F2,30-08-2023,14:54:00,3293.1499,3293.1499,3293.1499,3293.1499,750,443250
JKCEMENT_F2,30-08-2023,14:55:00,3293.1499,3293.1499,3293.1499,3293.1499,250,442250
JKCEMENT_F2,30-08-2023,14:57:00,3299.6499,3299.6499,3299.6499,3299.6499,250,442250
JKCEMENT_F2,30-08-2023,14:58:00,3300.6001,3300.6001,3300.6001,3300.6001,500,442750
JKCEMENT_F2,30-08-2023,14:59:00,3301.6001,3301.6001,3301.6001,3301.6001,500,442750
JKCEMENT_F2,30-08-2023,15:02:00,3306.25,3306.25,3306.25,3306.25,750,442500
JKCEMENT_F2,30-08-2023,15:03:00,3304.0,3304.0,3304.0,3304.0,500,442500
JKCEMENT_F2,30-08-2023,15:04:00,3304.3,3304.3,3304.05,3304.05,1250,442250
JKCEMENT_F2,30-08-2023,15:05:00,3304.05,3304.05,3304.05,3304.05,250,442250
JKCEMENT_F2,30-08-2023,15:06:00,3304.05,3304.05,3304.05,3304.05,250,442250
JKCEMENT_F2,30-08-2023,15:07:00,3304.0,3304.0,3304.0,3304.0,2250,442250
JKCEMENT_F2,30-08-2023,15:08:00,3304.0,3304.0,3304.0,3304.0,500,442250
JKCEMENT_F2,30-08-2023,15:09:00,3305.95,3305.95,3305.95,3305.95,4500,448000
JKCEMENT_F2,30-08-2023,15:10:00,3308.0,3308.0,3308.0,3308.0,500,448000
JKCEMENT_F2,30-08-2023,15:12:00,3311.5,3311.5,3311.5,3311.5,750,448000
JKCEMENT_F2,30-08-2023,15:13:00,3311.5,3311.5,3311.5,3311.5,250,448000
JKCEMENT_F2,30-08-2023,15:14:00,3306.3,3314.2,3306.3,3314.1499,2500,448000
JKCEMENT_F2,30-08-2023,15:15:00,3315.0,3320.0,3315.0,3320.0,12500,452000
JKCEMENT_F2,30-08-2023,15:16:00,3319.6499,3320.6001,3319.6499,3320.6001,9000,452000
JKCEMENT_F2,30-08-2023,15:17:00,3320.6001,3320.6001,3320.6001,3320.6001,750,452000
JKCEMENT_F2,30-08-2023,15:18:00,3307.0,3311.0,3302.1001,3304.7,3750,467500
JKCEMENT_F2,30-08-2023,15:20:00,3305.95,3305.95,3305.7,3305.7,750,467500
JKCEMENT_F2,30-08-2023,15:21:00,3309.95,3309.95,3309.8501,3309.8501,750,467500
JKCEMENT_F2,30-08-2023,15:22:00,3308.95,3315.2,3308.95,3315.2,3750,468000
JKCEMENT_F2,30-08-2023,15:23:00,3315.55,3315.7,3315.0,3315.7,750,468000
JKCEMENT_F2,30-08-2023,15:24:00,3315.8501,3317.1001,3315.8501,3317.1001,3000,472750
JKCEMENT_F2,30-08-2023,15:25:00,3317.1001,3321.8999,3317.1001,3321.8999,2250,472750
JKCEMENT_F2,30-08-2023,15:26:00,3323.25,3323.25,3317.0,3317.0,4000,472750
JKCEMENT_F2,30-08-2023,15:27:00,3315.55,3315.55,3315.0,3315.55,750,477750
JKCEMENT_F2,30-08-2023,15:28:00,3317.7,3317.7,3306.05,3306.05,4250,477750
JKCEMENT_F2,30-08-2023,15:29:00,3308.1001,3312.0,3308.1001,3312.0,2500,477750
JKCEMENT_F2,31-08-2023,09:15:00,3316.05,3320.0,3316.05,3320.0,1502,468750
JKCEMENT_F2,31-08-2023,09:16:00,3320.0,3320.0,3320.0,3320.0,250,468750
JKCEMENT_F2,31-08-2023,09:17:00,3315.8501,3315.8501,3315.8501,3315.8501,500,468750
JKCEMENT_F2,31-08-2023,09:19:00,3315.8501,3323.3501,3315.8501,3318.1001,3250,469250
JKCEMENT_F2,31-08-2023,09:20:00,3316.7,3316.7,3312.0,3312.0,3500,469250
JKCEMENT_F2,31-08-2023,09:21:00,3312.0,3328.05,3312.0,3328.05,12500,472500
JKCEMENT_F2,31-08-2023,09:22:00,3328.05,3340.0,3327.0,3338.3,9750,472500
JKCEMENT_F2,31-08-2023,09:23:00,3335.2,3340.45,3335.2,3340.45,2500,472500
JKCEMENT_F2,31-08-2023,09:24:00,3344.0,3355.8999,3344.0,3353.6001,7250,491250
JKCEMENT_F2,31-08-2023,09:25:00,3347.3999,3347.3999,3340.6001,3341.55,4000,491250
JKCEMENT_F2,31-08-2023,09:27:00,3340.05,3341.0,3340.05,3341.0,1250,498000
JKCEMENT_F2,31-08-2023,09:28:00,3334.3,3334.3,3334.3,3334.3,750,498000
JKCEMENT_F2,31-08-2023,09:29:00,3340.05,3340.05,3334.3999,3334.3999,2000,498000
JKCEMENT_F2,31-08-2023,09:30:00,3330.0,3331.75,3330.0,3331.75,1250,497750
JKCEMENT_F2,31-08-2023,09:31:00,3331.3999,3333.8501,3331.25,3333.8501,2750,497750
JKCEMENT_F2,31-08-2023,09:32:00,3330.0,3330.0,3330.0,3330.0,2500,497750
JKCEMENT_F2,31-08-2023,09:33:00,3324.0,3324.0,3324.0,3324.0,1000,497000
JKCEMENT_F2,31-08-2023,09:34:00,3324.0,3324.0,3323.0,3323.0,1250,497000
JKCEMENT_F2,31-08-2023,09:35:00,3324.1499,3324.1499,3324.1499,3324.1499,500,497000
JKCEMENT_F2,31-08-2023,09:36:00,3324.1001,3324.1001,3324.1001,3324.1001,250,497000
JKCEMENT_F2,31-08-2023,09:39:00,3318.3999,3318.3999,3313.3501,3313.3501,1500,496500
JKCEMENT_F2,31-08-2023,09:41:00,3313.3501,3313.3501,3313.3501,3313.3501,250,496500
JKCEMENT_F2,31-08-2023,09:45:00,3313.6001,3313.6001,3313.6001,3313.6001,250,496500
JKCEMENT_F2,31-08-2023,09:46:00,3313.3501,3313.3501,3313.3501,3313.3501,250,496500
JKCEMENT_F2,31-08-2023,09:48:00,3316.8999,3316.8999,3316.8999,3316.8999,1250,496500
JKCEMENT_F2,31-08-2023,09:49:00,3316.8501,3316.8501,3316.8501,3316.8501,250,496500
JKCEMENT_F2,31-08-2023,09:52:00,3316.8501,3316.8501,3316.8501,3316.8501,1000,496250
JKCEMENT_F2,31-08-2023,09:54:00,3316.8501,3316.8501,3316.8501,3316.8501,500,495750
JKCEMENT_F2,31-08-2023,09:56:00,3316.8,3316.8,3316.8,3316.8,500,495750
JKCEMENT_F2,31-08-2023,09:57:00,3316.8,3316.8,3316.8,3316.8,250,495500
JKCEMENT_F2,31-08-2023,09:58:00,3316.8,3316.8,3316.8,3316.8,1250,495500
JKCEMENT_F2,31-08-2023,10:00:00,3316.8,3316.8,3316.8,3316.8,500,495500
JKCEMENT_F2,31-08-2023,10:01:00,3316.8,3316.8,3316.8,3316.8,250,495500
JKCEMENT_F2,31-08-2023,10:02:00,3315.55,3315.55,3315.55,3315.55,1250,495500
JKCEMENT_F2,31-08-2023,10:03:00,3315.3501,3316.95,3315.3501,3316.95,750,495750
JKCEMENT_F2,31-08-2023,10:04:00,3316.95,3316.95,3316.95,3316.95,250,495750
JKCEMENT_F2,31-08-2023,10:08:00,3316.95,3316.95,3316.95,3316.95,1500,496000
JKCEMENT_F2,31-08-2023,10:09:00,3325.0,3325.0,3325.0,3325.0,1000,496000
JKCEMENT_F2,31-08-2023,10:10:00,3319.05,3319.05,3319.05,3319.05,250,496000
JKCEMENT_F2,31-08-2023,10:12:00,3324.6499,3324.6499,3324.6499,3324.6499,750,496000
JKCEMENT_F2,31-08-2023,10:13:00,3327.0,3327.0,3327.0,3327.0,1500,496000
JKCEMENT_F2,31-08-2023,10:14:00,3327.0,3327.0,3327.0,3327.0,5750,496000
JKCEMENT_F2,31-08-2023,10:15:00,3327.0,3330.0,3324.0,3330.0,7750,497750
JKCEMENT_F2,31-08-2023,10:16:00,3330.0,3330.0,3330.0,3330.0,3000,497750
JKCEMENT_F2,31-08-2023,10:18:00,3327.95,3331.8501,3327.95,3327.95,4250,499250
JKCEMENT_F2,31-08-2023,10:21:00,3322.7,3322.7,3322.7,3322.7,750,499250
JKCEMENT_F2,31-08-2023,10:23:00,3320.0,3320.0,3320.0,3320.0,250,500750
JKCEMENT_F2,31-08-2023,10:28:00,3320.0,3320.0,3319.8,3319.8,1250,500250
JKCEMENT_F2,31-08-2023,10:32:00,3311.1499,3316.55,3311.1499,3316.55,1250,500500
JKCEMENT_F2,31-08-2023,10:41:00,3310.45,3310.45,3310.45,3310.45,1750,500750
JKCEMENT_F2,31-08-2023,10:44:00,3324.6499,3330.8,3324.6499,3330.8,1500,500750
JKCEMENT_F2,31-08-2023,10:45:00,3329.95,3332.0,3329.0,3332.0,2500,502250
JKCEMENT_F2,31-08-2023,10:46:00,3329.0,3335.7,3325.1001,3325.1001,8000,502250
JKCEMENT_F2,31-08-2023,10:52:00,3325.1001,3325.1001,3325.1001,3325.1001,250,510000
JKCEMENT_F2,31-08-2023,10:53:00,3330.0,3330.0,3330.0,3330.0,1000,510000
JKCEMENT_F2,31-08-2023,10:54:00,3330.0,3330.0,3330.0,3330.0,1750,510750
JKCEMENT_F2,31-08-2023,10:55:00,3330.0,3330.0,3330.0,3330.0,250,510750
JKCEMENT_F2,31-08-2023,10:56:00,3330.0,3330.0,3330.0,3330.0,250,510750
JKCEMENT_F2,31-08-2023,10:57:00,3330.0,3330.0,3329.95,3329.95,2250,508500
JKCEMENT_F2,31-08-2023,10:58:00,3326.8,3326.8,3326.8,3326.8,500,508500
JKCEMENT_F2,31-08-2023,10:59:00,3324.95,3324.95,3324.95,3324.95,250,508500
JKCEMENT_F2,31-08-2023,11:01:00,3322.0,3322.0,3321.0,3321.0,5000,509750
JKCEMENT_F2,31-08-2023,11:17:00,3325.95,3325.95,3325.95,3325.95,250,507750
JKCEMENT_F2,31-08-2023,11:19:00,3330.25,3330.25,3330.25,3330.25,1000,507750
JKCEMENT_F2,31-08-2023,11:23:00,3329.95,3329.95,3329.95,3329.95,250,508000
JKCEMENT_F2,31-08-2023,11:25:00,3329.0,3329.0,3329.0,3329.0,500,508000
JKCEMENT_F2,31-08-2023,11:26:00,3328.75,3328.75,3328.75,3328.75,250,507750
JKCEMENT_F2,31-08-2023,11:27:00,3325.0,3325.0,3325.0,3325.0,500,507750
JKCEMENT_F2,31-08-2023,11:30:00,3325.0,3325.0,3325.0,3325.0,1000,508000
JKCEMENT_F2,31-08-2023,11:32:00,3325.0,3325.0,3325.0,3325.0,1750,508000
JKCEMENT_F2,31-08-2023,11:37:00,3322.8,3322.8,3322.8,3322.8,250,509250
JKCEMENT_F2,31-08-2023,11:42:00,3325.75,3325.75,3318.8501,3318.8501,4750,509250
JKCEMENT_F2,31-08-2023,11:43:00,3316.55,3316.55,3316.55,3316.55,1500,509250
JKCEMENT_F2,31-08-2023,11:44:00,3319.6499,3325.0,3319.6499,3323.3501,4250,509250
JKCEMENT_F2,31-08-2023,11:45:00,3325.3,3332.0,3325.3,3330.0,7500,512250
JKCEMENT_F2,31-08-2023,11:46:00,3328.25,3328.3,3328.25,3328.3,500,512250
JKCEMENT_F2,31-08-2023,11:50:00,3328.1499,3328.1499,3328.1499,3328.1499,500,511750
JKCEMENT_F2,31-08-2023,11:51:00,3335.6001,3335.6001,3335.6001,3335.6001,500,511750
JKCEMENT_F2,31-08-2023,11:53:00,3333.8501,3333.8501,3329.6499,3329.6499,4000,512000
JKCEMENT_F2,31-08-2023,12:01:00,3328.7,3329.0,3326.1001,3326.1001,1500,514500
JKCEMENT_F2,31-08-2023,12:03:00,3328.95,3328.95,3328.95,3328.95,250,515500
JKCEMENT_F2,31-08-2023,12:05:00,3329.0,3329.0,3329.0,3329.0,250,515500
JKCEMENT_F2,31-08-2023,12:06:00,3326.3501,3326.3501,3326.3501,3326.3501,500,515500
JKCEMENT_F2,31-08-2023,12:09:00,3325.3501,3325.3501,3325.3501,3325.3501,1250,515250
JKCEMENT_F2,31-08-2023,12:10:00,3325.8501,3325.8501,3325.8501,3325.8501,250,515250
JKCEMENT_F2,31-08-2023,12:13:00,3325.3,3325.3,3323.8999,3323.8999,1250,515000
JKCEMENT_F2,31-08-2023,12:14:00,3327.0,3327.0,3327.0,3327.0,250,515000
JKCEMENT_F2,31-08-2023,12:18:00,3327.0,3327.0,3327.0,3327.0,250,515500
JKCEMENT_F2,31-08-2023,12:21:00,3324.0,3324.0,3324.0,3324.0,750,513250
JKCEMENT_F2,31-08-2023,12:23:00,3326.3,3326.3,3323.6001,3323.6001,750,513250
JKCEMENT_F2,31-08-2023,12:27:00,3322.2,3323.6499,3322.2,3323.6499,1500,512000
JKCEMENT_F2,31-08-2023,12:30:00,3322.8999,3322.8999,3322.8999,3322.8999,250,512000
JKCEMENT_F2,31-08-2023,12:34:00,3320.0,3320.0,3320.0,3320.0,500,510250
JKCEMENT_F2,31-08-2023,12:36:00,3316.0,3316.0,3316.0,3316.0,500,510250
JKCEMENT_F2,31-08-2023,12:40:00,3316.0,3316.0,3316.0,3316.0,250,510000
JKCEMENT_F2,31-08-2023,12:42:00,3316.0,3316.05,3316.0,3316.05,5500,510000
JKCEMENT_F2,31-08-2023,12:43:00,3316.05,3316.05,3316.0,3316.0,750,510000
JKCEMENT_F2,31-08-2023,12:49:00,3316.0,3316.0,3316.0,3316.0,250,510000
JKCEMENT_F2,31-08-2023,12:55:00,3316.0,3316.0,3316.0,3316.0,500,509750
JKCEMENT_F2,31-08-2023,13:01:00,3317.95,3318.3999,3317.95,3318.3999,2000,509250
JKCEMENT_F2,31-08-2023,13:02:00,3320.05,3320.05,3320.05,3320.05,500,509250
JKCEMENT_F2,31-08-2023,13:04:00,3320.05,3320.05,3320.05,3320.05,250,509500
JKCEMENT_F2,31-08-2023,13:08:00,3317.5,3317.5,3317.5,3317.5,1500,509500
JKCEMENT_F2,31-08-2023,13:10:00,3315.95,3315.95,3315.95,3315.95,250,509500
JKCEMENT_F2,31-08-2023,13:12:00,3313.8,3313.8,3313.05,3313.05,1250,509500
JKCEMENT_F2,31-08-2023,13:13:00,3313.0,3313.0,3313.0,3313.0,250,509500
JKCEMENT_F2,31-08-2023,13:14:00,3311.1499,3311.1499,3311.1499,3311.1499,250,509500
JKCEMENT_F2,31-08-2023,13:15:00,3311.1499,3311.1499,3311.1499,3311.1499,500,509000
JKCEMENT_F2,31-08-2023,13:16:00,3309.55,3309.55,3309.55,3309.55,2000,509000
JKCEMENT_F2,31-08-2023,13:17:00,3308.05,3308.05,3308.05,3308.05,500,509000
JKCEMENT_F2,31-08-2023,13:18:00,3308.05,3308.05,3308.05,3308.05,250,509000
JKCEMENT_F2,31-08-2023,13:20:00,3304.7,3304.7,3304.7,3304.7,3250,508500
JKCEMENT_F2,31-08-2023,13:21:00,3305.95,3305.95,3305.95,3305.95,500,508500
JKCEMENT_F2,31-08-2023,13:23:00,3305.1001,3305.1001,3301.1001,3301.1001,1500,509500
JKCEMENT_F2,31-08-2023,13:24:00,3301.1001,3302.7,3301.1001,3302.7,750,510000
JKCEMENT_F2,31-08-2023,13:31:00,3302.7,3302.7,3302.7,3302.7,2000,510000
JKCEMENT_F2,31-08-2023,13:34:00,3304.0,3304.0,3304.0,3304.0,250,506750
JKCEMENT_F2,31-08-2023,13:35:00,3301.8,3301.8,3301.8,3301.8,250,506750
JKCEMENT_F2,31-08-2023,13:37:00,3305.55,3305.55,3305.55,3305.55,5500,506750
JKCEMENT_F2,31-08-2023,13:38:00,3305.55,3305.55,3305.55,3305.55,500,506750
JKCEMENT_F2,31-08-2023,13:39:00,3305.55,3305.55,3305.55,3305.55,250,506750
JKCEMENT_F2,31-08-2023,13:40:00,3303.95,3303.95,3303.95,3303.95,250,507000
JKCEMENT_F2,31-08-2023,13:41:00,3307.0,3307.8501,3307.0,3307.8501,1250,507000
JKCEMENT_F2,31-08-2023,13:43:00,3307.8501,3307.8501,3303.2,3303.2,1000,507000
JKCEMENT_F2,31-08-2023,13:44:00,3304.55,3304.55,3304.55,3304.55,250,507000
JKCEMENT_F2,31-08-2023,13:46:00,3306.1001,3306.1001,3306.1001,3306.1001,250,507000
JKCEMENT_F2,31-08-2023,13:47:00,3304.5,3304.5,3304.5,3304.5,250,507000
JKCEMENT_F2,31-08-2023,13:49:00,3304.5,3304.5,3304.5,3304.5,8000,507500
JKCEMENT_F2,31-08-2023,13:52:00,3304.6001,3304.6001,3304.6001,3304.6001,250,507500
JKCEMENT_F2,31-08-2023,13:55:00,3304.6001,3304.6001,3304.6001,3304.6001,500,507250
JKCEMENT_F2,31-08-2023,13:56:00,3304.95,3304.95,3304.95,3304.95,500,507250
JKCEMENT_F2,31-08-2023,14:09:00,3302.8999,3302.8999,3302.8999,3302.8999,1250,506750
JKCEMENT_F2,31-08-2023,14:10:00,3307.0,3307.0,3307.0,3307.0,1250,506750
JKCEMENT_F2,31-08-2023,14:11:00,3307.0,3307.0,3307.0,3307.0,250,506750
JKCEMENT_F2,31-08-2023,14:13:00,3307.3501,3307.3501,3307.3501,3307.3501,250,507250
JKCEMENT_F2,31-08-2023,14:14:00,3307.3501,3307.3501,3307.3501,3307.3501,2500,507250
JKCEMENT_F2,31-08-2023,14:15:00,3303.2,3303.2,3303.2,3303.2,250,507250
JKCEMENT_F2,31-08-2023,14:17:00,3306.55,3306.55,3306.55,3306.55,1500,507750
JKCEMENT_F2,31-08-2023,14:18:00,3302.0,3304.6499,3302.0,3304.6499,1500,509500
JKCEMENT_F2,31-08-2023,14:21:00,3303.1499,3303.1499,3303.1499,3303.1499,250,509750
JKCEMENT_F2,31-08-2023,14:22:00,3300.0,3300.0,3300.0,3300.0,250,509750
JKCEMENT_F2,31-08-2023,14:23:00,3297.45,3297.45,3297.45,3297.45,1000,509750
JKCEMENT_F2,31-08-2023,14:25:00,3293.25,3293.25,3293.25,3293.25,500,508500
JKCEMENT_F2,31-08-2023,14:31:00,3300.0,3300.0,3300.0,3300.0,500,508500
JKCEMENT_F2,31-08-2023,14:32:00,3298.0,3298.0,3298.0,3298.0,750,508500
JKCEMENT_F2,31-08-2023,14:38:00,3296.1499,3296.1499,3296.1499,3296.1499,250,508250
JKCEMENT_F2,31-08-2023,14:39:00,3296.8501,3296.8501,3296.8501,3296.8501,250,508250
JKCEMENT_F2,31-08-2023,14:40:00,3292.95,3292.95,3292.05,3292.05,500,508750
JKCEMENT_F2,31-08-2023,14:41:00,3292.05,3292.05,3292.05,3292.05,250,508750
JKCEMENT_F2,31-08-2023,14:43:00,3293.05,3293.05,3293.05,3293.05,250,508750
JKCEMENT_F2,31-08-2023,14:52:00,3294.95,3296.05,3294.95,3296.05,500,509000
JKCEMENT_F2,31-08-2023,14:57:00,3295.7,3295.7,3295.7,3295.7,500,509250
JKCEMENT_F2,31-08-2023,14:58:00,3294.8999,3294.8999,3294.8999,3294.8999,250,509250
JKCEMENT_F2,31-08-2023,14:59:00,3293.8501,3297.05,3293.8501,3297.05,500,509500
JKCEMENT_F2,31-08-2023,15:00:00,3296.1001,3301.3999,3296.1001,3301.3999,1000,510000
JKCEMENT_F2,31-08-2023,15:01:00,3301.3,3303.6499,3301.3,3303.6499,1000,510000
JKCEMENT_F2,31-08-2023,15:02:00,3303.6499,3306.8,3303.6499,3306.7,1750,510000
JKCEMENT_F2,31-08-2023,15:04:00,3307.55,3307.55,3304.7,3304.7,1000,510750
JKCEMENT_F2,31-08-2023,15:05:00,3305.8999,3305.8999,3305.6001,3305.6001,2750,510750
JKCEMENT_F2,31-08-2023,15:06:00,3305.75,3309.0,3305.75,3309.0,500,510750
JKCEMENT_F2,31-08-2023,15:07:00,3309.0,3309.0,3309.0,3309.0,250,511250
JKCEMENT_F2,31-08-2023,15:08:00,3307.55,3307.55,3301.05,3304.8999,1750,511250
JKCEMENT_F2,31-08-2023,15:09:00,3307.05,3307.05,3307.05,3307.05,250,511250
JKCEMENT_F2,31-08-2023,15:11:00,3313.05,3313.05,3313.05,3313.05,1500,512250
JKCEMENT_F2,31-08-2023,15:12:00,3315.45,3318.2,3315.25,3318.2,4000,514250
JKCEMENT_F2,31-08-2023,15:13:00,3320.0,3320.0,3320.0,3320.0,1000,514250
JKCEMENT_F2,31-08-2023,15:15:00,3315.0,3315.0,3315.0,3315.0,500,514250
JKCEMENT_F2,31-08-2023,15:17:00,3313.3,3313.3,3300.0,3304.55,4750,514500
JKCEMENT_F2,31-08-2023,15:18:00,3304.3999,3312.6499,3304.3999,3312.6499,3750,515750
JKCEMENT_F2,31-08-2023,15:19:00,3314.25,3314.25,3313.55,3313.55,1000,515750
JKCEMENT_F2,31-08-2023,15:20:00,3305.25,3312.45,3305.25,3312.45,750,515750
JKCEMENT_F2,31-08-2023,15:21:00,3310.8501,3310.8501,3310.8501,3310.8501,750,515750
JKCEMENT_F2,31-08-2023,15:22:00,3310.75,3310.75,3310.25,3310.25,1750,517000
JKCEMENT_F2,31-08-2023,15:23:00,3316.2,3316.2,3316.2,3316.2,250,517000
JKCEMENT_F2,31-08-2023,15:24:00,3313.1499,3313.1499,3313.1499,3313.1499,250,517000
JKCEMENT_F2,31-08-2023,15:25:00,3312.6001,3312.6001,3311.8,3311.8,500,517000
JKCEMENT_F2,31-08-2023,15:26:00,3311.8,3311.8,3311.8,3311.8,1250,517000
JKCEMENT_F2,31-08-2023,15:27:00,3313.1001,3316.1499,3313.1001,3316.1499,750,517000
JKCEMENT_F2,31-08-2023,15:28:00,3311.95,3316.25,3311.8501,3311.8501,2000,517250
JKCEMENT_F2,31-08-2023,15:29:00,3317.45,3318.7,3317.45,3318.7,1250,517250
