<ticker>,<date>,<time>,<open>,<high>,<low>,<close>,<volume>,<OI> 
TATACHEM_F2,01-08-2023,09:15:00,1059.9,1081.6,1059.75,1060.4,3302,382250
TATACHEM_F2,01-08-2023,09:16:00,1059.3,1059.3,1059.3,1059.3,550,382250
TATACHEM_F2,01-08-2023,09:17:00,1056.65,1056.65,1056.65,1056.65,550,382800
TATACHEM_F2,01-08-2023,09:19:00,1056.55,1056.55,1056.55,1056.55,1100,382800
TATACHEM_F2,01-08-2023,09:21:00,1056.55,1060.1,1056.55,1060.1,1650,382800
TATACHEM_F2,01-08-2023,09:22:00,1059.8,1059.9,1059.8,1059.9,1650,382800
TATACHEM_F2,01-08-2023,09:23:00,1061.65,1061.65,1061.65,1061.65,550,382250
TATACHEM_F2,01-08-2023,09:24:00,1065.4,1065.4,1064.95,1064.95,2750,382250
TATACHEM_F2,01-08-2023,09:25:00,1065.9,1065.9,1064.95,1064.95,2750,382250
TATACHEM_F2,01-08-2023,09:27:00,1065.5,1065.5,1065.5,1065.5,2750,382800
TATACHEM_F2,01-08-2023,09:28:00,1065.55,1065.55,1065.55,1065.55,550,382800
TATACHEM_F2,01-08-2023,09:30:00,1065.75,1066.0,1065.75,1066.0,1650,384450
TATACHEM_F2,01-08-2023,09:31:00,1067.0,1067.0,1067.0,1067.0,550,384450
TATACHEM_F2,01-08-2023,09:32:00,1066.15,1066.15,1066.15,1066.15,1100,384450
TATACHEM_F2,01-08-2023,09:33:00,1065.2,1065.2,1065.2,1065.2,1100,384450
TATACHEM_F2,01-08-2023,09:34:00,1066.65,1068.75,1066.65,1068.75,1100,384450
TATACHEM_F2,01-08-2023,09:35:00,1069.0,1072.35,1069.0,1072.35,1650,382800
TATACHEM_F2,01-08-2023,09:36:00,1072.55,1072.55,1070.1,1071.45,7150,382800
TATACHEM_F2,01-08-2023,09:37:00,1071.45,1072.0,1071.45,1072.0,1100,382800
TATACHEM_F2,01-08-2023,09:38:00,1073.4,1073.4,1073.4,1073.4,550,384450
TATACHEM_F2,01-08-2023,09:39:00,1073.65,1073.65,1072.0,1072.0,1100,384450
TATACHEM_F2,01-08-2023,09:40:00,1072.0,1072.0,1072.0,1072.0,550,384450
TATACHEM_F2,01-08-2023,09:41:00,1070.05,1071.15,1070.0,1071.15,4950,387200
TATACHEM_F2,01-08-2023,09:42:00,1071.15,1071.7,1071.0,1071.7,2750,387200
TATACHEM_F2,01-08-2023,09:44:00,1073.95,1073.95,1073.95,1073.95,550,386100
TATACHEM_F2,01-08-2023,09:46:00,1072.5,1072.5,1071.5,1071.5,1650,386100
TATACHEM_F2,01-08-2023,09:48:00,1070.15,1070.15,1070.15,1070.15,550,384450
TATACHEM_F2,01-08-2023,09:51:00,1070.15,1070.15,1070.15,1070.15,550,384450
TATACHEM_F2,01-08-2023,09:52:00,1072.85,1072.85,1072.85,1072.85,550,384450
TATACHEM_F2,01-08-2023,09:53:00,1072.1,1072.1,1072.1,1072.1,550,384450
TATACHEM_F2,01-08-2023,09:54:00,1073.8,1073.8,1073.8,1073.8,550,385000
TATACHEM_F2,01-08-2023,09:55:00,1073.8,1075.0,1073.8,1075.0,1650,385000
TATACHEM_F2,01-08-2023,09:56:00,1075.0,1078.55,1074.95,1078.55,7700,384450
TATACHEM_F2,01-08-2023,09:57:00,1077.0,1077.0,1077.0,1077.0,1100,384450
TATACHEM_F2,01-08-2023,09:58:00,1077.1,1077.1,1074.0,1074.5,2200,384450
TATACHEM_F2,01-08-2023,09:59:00,1074.15,1074.15,1074.15,1074.15,550,384450
TATACHEM_F2,01-08-2023,10:01:00,1073.6,1073.6,1073.6,1073.6,550,385000
TATACHEM_F2,01-08-2023,10:02:00,1076.0,1077.15,1076.0,1077.15,2200,386100
TATACHEM_F2,01-08-2023,10:04:00,1076.05,1076.75,1075.55,1075.55,1650,386100
TATACHEM_F2,01-08-2023,10:05:00,1076.7,1076.7,1076.7,1076.7,1100,385550
TATACHEM_F2,01-08-2023,10:09:00,1074.2,1074.2,1074.2,1074.2,3300,386100
TATACHEM_F2,01-08-2023,10:10:00,1073.0,1073.0,1073.0,1073.0,550,386100
TATACHEM_F2,01-08-2023,10:13:00,1072.35,1072.35,1072.35,1072.35,550,389400
TATACHEM_F2,01-08-2023,10:15:00,1073.0,1073.0,1073.0,1073.0,550,389950
TATACHEM_F2,01-08-2023,10:16:00,1073.0,1073.0,1072.35,1072.35,1650,389950
TATACHEM_F2,01-08-2023,10:18:00,1072.35,1072.35,1070.5,1071.05,4400,389950
TATACHEM_F2,01-08-2023,10:19:00,1071.95,1071.95,1071.95,1071.95,1100,389950
TATACHEM_F2,01-08-2023,10:20:00,1070.0,1070.0,1070.0,1070.0,1100,389950
TATACHEM_F2,01-08-2023,10:21:00,1070.0,1070.0,1070.0,1070.0,550,390500
TATACHEM_F2,01-08-2023,10:22:00,1068.9,1068.9,1068.9,1068.9,550,390500
TATACHEM_F2,01-08-2023,10:25:00,1072.15,1072.15,1072.15,1072.15,550,391050
TATACHEM_F2,01-08-2023,10:30:00,1068.9,1068.9,1068.9,1068.9,550,391050
TATACHEM_F2,01-08-2023,10:31:00,1068.0,1068.0,1068.0,1068.0,1100,391050
TATACHEM_F2,01-08-2023,10:33:00,1068.0,1068.0,1067.8,1067.8,1100,391050
TATACHEM_F2,01-08-2023,10:35:00,1067.8,1067.8,1067.8,1067.8,550,391050
TATACHEM_F2,01-08-2023,10:38:00,1067.3,1067.3,1067.3,1067.3,2200,390500
TATACHEM_F2,01-08-2023,10:39:00,1066.2,1066.2,1066.2,1066.2,550,390500
TATACHEM_F2,01-08-2023,10:40:00,1065.0,1065.85,1065.0,1065.85,1100,390500
TATACHEM_F2,01-08-2023,10:41:00,1066.0,1066.0,1066.0,1066.0,550,390500
TATACHEM_F2,01-08-2023,10:42:00,1065.0,1065.85,1065.0,1065.85,6050,389950
TATACHEM_F2,01-08-2023,10:44:00,1065.35,1065.35,1065.35,1065.35,550,387200
TATACHEM_F2,01-08-2023,10:46:00,1065.35,1065.35,1065.35,1065.35,550,387200
TATACHEM_F2,01-08-2023,10:48:00,1065.7,1066.0,1065.7,1066.0,2200,387200
TATACHEM_F2,01-08-2023,10:52:00,1066.9,1066.95,1066.4,1066.95,2200,386650
TATACHEM_F2,01-08-2023,10:56:00,1068.0,1068.0,1068.0,1068.0,550,387200
TATACHEM_F2,01-08-2023,11:09:00,1065.0,1065.0,1065.0,1065.0,550,387750
TATACHEM_F2,01-08-2023,11:10:00,1067.0,1067.0,1067.0,1067.0,1100,387750
TATACHEM_F2,01-08-2023,11:17:00,1067.0,1067.0,1067.0,1067.0,550,387750
TATACHEM_F2,01-08-2023,11:45:00,1069.9,1069.9,1069.9,1069.9,550,387200
TATACHEM_F2,01-08-2023,11:46:00,1071.0,1071.0,1071.0,1071.0,550,387200
TATACHEM_F2,01-08-2023,11:47:00,1072.0,1072.0,1072.0,1072.0,550,387200
TATACHEM_F2,01-08-2023,11:59:00,1072.15,1072.15,1072.15,1072.15,550,387200
TATACHEM_F2,01-08-2023,12:01:00,1074.0,1074.0,1074.0,1074.0,550,387200
TATACHEM_F2,01-08-2023,12:02:00,1073.6,1073.6,1073.6,1073.6,2200,387200
TATACHEM_F2,01-08-2023,12:05:00,1073.6,1073.6,1073.6,1073.6,1100,386650
TATACHEM_F2,01-08-2023,12:06:00,1074.0,1074.0,1074.0,1074.0,550,386650
TATACHEM_F2,01-08-2023,12:10:00,1075.0,1075.0,1075.0,1075.0,550,386650
TATACHEM_F2,01-08-2023,12:11:00,1074.6,1074.6,1074.6,1074.6,1650,386650
TATACHEM_F2,01-08-2023,12:12:00,1075.75,1075.75,1075.75,1075.75,550,386650
TATACHEM_F2,01-08-2023,12:17:00,1072.75,1074.0,1072.05,1074.0,1650,385550
TATACHEM_F2,01-08-2023,12:18:00,1073.8,1073.8,1073.8,1073.8,1650,385550
TATACHEM_F2,01-08-2023,12:20:00,1073.5,1073.5,1073.2,1073.2,1650,385550
TATACHEM_F2,01-08-2023,12:30:00,1074.2,1074.2,1072.95,1072.95,1100,386650
TATACHEM_F2,01-08-2023,12:39:00,1070.35,1070.35,1070.35,1070.35,550,386650
TATACHEM_F2,01-08-2023,12:41:00,1069.15,1069.15,1069.15,1069.15,550,386650
TATACHEM_F2,01-08-2023,12:57:00,1070.15,1070.15,1070.15,1070.15,550,385550
TATACHEM_F2,01-08-2023,13:17:00,1071.75,1071.75,1071.75,1071.75,550,385000
TATACHEM_F2,01-08-2023,13:21:00,1071.75,1071.75,1071.75,1071.75,1100,385550
TATACHEM_F2,01-08-2023,13:24:00,1071.45,1071.45,1071.45,1071.45,550,386100
TATACHEM_F2,01-08-2023,13:36:00,1072.05,1072.05,1072.05,1072.05,550,386650
TATACHEM_F2,01-08-2023,13:46:00,1072.65,1072.65,1072.65,1072.65,550,386100
TATACHEM_F2,01-08-2023,13:47:00,1072.95,1072.95,1072.95,1072.95,550,386100
TATACHEM_F2,01-08-2023,13:48:00,1075.75,1075.75,1075.75,1075.75,550,387200
TATACHEM_F2,01-08-2023,13:51:00,1074.0,1074.0,1074.0,1074.0,550,386650
TATACHEM_F2,01-08-2023,13:54:00,1072.9,1072.9,1072.9,1072.9,550,386650
TATACHEM_F2,01-08-2023,13:56:00,1074.55,1074.55,1074.55,1074.55,550,386650
TATACHEM_F2,01-08-2023,13:58:00,1072.05,1072.05,1072.05,1072.05,550,386650
TATACHEM_F2,01-08-2023,14:15:00,1074.5,1074.5,1074.5,1074.5,1100,386650
TATACHEM_F2,01-08-2023,14:30:00,1075.05,1075.05,1075.05,1075.05,550,386650
TATACHEM_F2,01-08-2023,14:34:00,1076.0,1076.0,1076.0,1076.0,550,387200
TATACHEM_F2,01-08-2023,14:38:00,1075.5,1075.5,1075.5,1075.5,550,387200
TATACHEM_F2,01-08-2023,14:44:00,1074.0,1074.0,1074.0,1074.0,550,387200
TATACHEM_F2,01-08-2023,14:45:00,1074.0,1074.0,1074.0,1074.0,1100,387200
TATACHEM_F2,01-08-2023,14:47:00,1073.0,1073.0,1072.7,1072.7,2200,388300
TATACHEM_F2,01-08-2023,14:52:00,1073.05,1073.05,1073.0,1073.0,1100,387750
TATACHEM_F2,01-08-2023,14:54:00,1073.05,1073.05,1072.65,1072.65,1650,387750
TATACHEM_F2,01-08-2023,14:57:00,1073.65,1073.65,1073.65,1073.65,550,386100
TATACHEM_F2,01-08-2023,15:01:00,1074.6,1074.6,1074.6,1074.6,550,386100
TATACHEM_F2,01-08-2023,15:03:00,1074.0,1074.0,1074.0,1074.0,550,386650
TATACHEM_F2,01-08-2023,15:11:00,1071.25,1071.25,1071.25,1071.25,550,386100
TATACHEM_F2,01-08-2023,15:16:00,1071.85,1071.85,1071.85,1071.85,550,385550
TATACHEM_F2,01-08-2023,15:18:00,1071.0,1071.0,1071.0,1071.0,1100,385550
TATACHEM_F2,01-08-2023,15:21:00,1070.55,1070.55,1070.55,1070.55,550,385000
TATACHEM_F2,01-08-2023,15:23:00,1070.55,1070.55,1070.55,1070.55,550,385000
TATACHEM_F2,01-08-2023,15:24:00,1071.85,1071.85,1071.85,1071.85,550,384450
TATACHEM_F2,01-08-2023,15:27:00,1070.3,1070.3,1070.3,1070.3,1650,384450
TATACHEM_F2,01-08-2023,15:28:00,1070.5,1070.5,1070.5,1070.5,550,384450
TATACHEM_F2,01-08-2023,15:29:00,1069.6,1069.6,1069.6,1069.6,1100,384450
TATACHEM_F2,02-08-2023,09:15:00,1050.05,1054.3,1023.45,1023.45,11002,383350
TATACHEM_F2,02-08-2023,09:16:00,1026.0,1030.0,1026.0,1030.0,2200,383350
TATACHEM_F2,02-08-2023,09:17:00,1030.0,1031.55,1029.8,1029.8,9350,380600
TATACHEM_F2,02-08-2023,09:18:00,1033.8,1037.0,1032.65,1037.0,18700,380600
TATACHEM_F2,02-08-2023,09:19:00,1037.0,1037.2,1037.0,1037.2,3850,380600
TATACHEM_F2,02-08-2023,09:20:00,1039.9,1040.0,1039.0,1039.9,2750,377300
TATACHEM_F2,02-08-2023,09:21:00,1039.9,1042.9,1039.9,1042.9,2200,377300
TATACHEM_F2,02-08-2023,09:22:00,1043.8,1043.8,1039.8,1039.8,4400,377300
TATACHEM_F2,02-08-2023,09:23:00,1042.7,1042.7,1038.35,1038.35,9350,385000
TATACHEM_F2,02-08-2023,09:24:00,1038.35,1041.65,1038.3,1041.65,7700,385000
TATACHEM_F2,02-08-2023,09:27:00,1041.9,1043.35,1041.9,1043.35,3300,390500
TATACHEM_F2,02-08-2023,09:28:00,1040.85,1040.85,1037.45,1037.45,3300,390500
TATACHEM_F2,02-08-2023,09:29:00,1037.75,1041.3,1037.75,1041.3,3300,390500
TATACHEM_F2,02-08-2023,09:30:00,1040.4,1040.4,1036.85,1036.85,2200,389950
TATACHEM_F2,02-08-2023,09:31:00,1041.8,1041.8,1041.8,1041.8,550,389950
TATACHEM_F2,02-08-2023,09:32:00,1041.1,1041.1,1041.1,1041.1,1100,389950
TATACHEM_F2,02-08-2023,09:34:00,1041.5,1041.5,1039.75,1039.75,1100,389950
TATACHEM_F2,02-08-2023,09:35:00,1040.3,1041.65,1040.3,1041.65,2200,391600
TATACHEM_F2,02-08-2023,09:38:00,1041.75,1041.75,1041.75,1041.75,550,392150
TATACHEM_F2,02-08-2023,09:39:00,1040.9,1040.9,1040.9,1040.9,550,392150
TATACHEM_F2,02-08-2023,09:40:00,1042.0,1042.0,1042.0,1042.0,550,392150
TATACHEM_F2,02-08-2023,09:41:00,1043.0,1044.0,1043.0,1044.0,1100,392150
TATACHEM_F2,02-08-2023,09:42:00,1045.0,1045.0,1045.0,1045.0,550,392150
TATACHEM_F2,02-08-2023,09:43:00,1044.85,1044.85,1043.5,1043.5,2750,392150
TATACHEM_F2,02-08-2023,09:45:00,1044.5,1044.5,1044.5,1044.5,550,392150
TATACHEM_F2,02-08-2023,09:46:00,1044.4,1044.6,1044.0,1044.0,1650,392150
TATACHEM_F2,02-08-2023,09:47:00,1045.0,1045.0,1045.0,1045.0,550,390500
TATACHEM_F2,02-08-2023,09:51:00,1045.0,1045.0,1045.0,1045.0,550,390500
TATACHEM_F2,02-08-2023,09:53:00,1041.35,1041.35,1041.3,1041.3,1100,391050
TATACHEM_F2,02-08-2023,09:54:00,1041.0,1041.0,1041.0,1041.0,550,391050
TATACHEM_F2,02-08-2023,09:55:00,1040.95,1042.05,1040.95,1042.05,1100,391050
TATACHEM_F2,02-08-2023,09:56:00,1041.5,1041.5,1041.2,1041.2,1100,392700
TATACHEM_F2,02-08-2023,09:57:00,1040.6,1040.6,1040.6,1040.6,1650,392700
TATACHEM_F2,02-08-2023,09:58:00,1041.35,1041.35,1041.35,1041.35,2200,392700
TATACHEM_F2,02-08-2023,09:59:00,1040.05,1040.05,1039.35,1039.35,2750,392150
TATACHEM_F2,02-08-2023,10:00:00,1038.55,1038.55,1037.05,1037.8,3850,392150
TATACHEM_F2,02-08-2023,10:01:00,1037.8,1038.25,1037.65,1038.25,3300,392150
TATACHEM_F2,02-08-2023,10:05:00,1037.0,1037.0,1037.0,1037.0,550,394350
TATACHEM_F2,02-08-2023,10:06:00,1036.0,1037.25,1036.0,1037.25,1650,394350
TATACHEM_F2,02-08-2023,10:07:00,1037.4,1038.85,1037.4,1038.85,1100,394350
TATACHEM_F2,02-08-2023,10:09:00,1039.35,1039.35,1039.35,1039.35,550,394900
TATACHEM_F2,02-08-2023,10:11:00,1039.35,1039.35,1039.35,1039.35,1100,394900
TATACHEM_F2,02-08-2023,10:13:00,1037.0,1037.0,1037.0,1037.0,1650,394900
TATACHEM_F2,02-08-2023,10:15:00,1035.15,1035.15,1034.0,1034.0,1650,396550
TATACHEM_F2,02-08-2023,10:17:00,1034.0,1034.0,1032.3,1032.3,2750,397100
TATACHEM_F2,02-08-2023,10:18:00,1031.05,1031.75,1030.6,1030.6,3300,397100
TATACHEM_F2,02-08-2023,10:19:00,1032.0,1032.0,1032.0,1032.0,550,397100
TATACHEM_F2,02-08-2023,10:22:00,1031.9,1031.9,1031.9,1031.9,1650,398200
TATACHEM_F2,02-08-2023,10:26:00,1033.55,1033.55,1033.55,1033.55,550,398750
TATACHEM_F2,02-08-2023,10:27:00,1034.45,1034.45,1034.45,1034.45,1100,398200
TATACHEM_F2,02-08-2023,10:28:00,1032.0,1032.0,1032.0,1032.0,550,398200
TATACHEM_F2,02-08-2023,10:30:00,1031.55,1031.55,1029.85,1029.85,10450,398750
TATACHEM_F2,02-08-2023,10:31:00,1029.85,1030.0,1028.95,1030.0,4400,398750
TATACHEM_F2,02-08-2023,10:33:00,1030.0,1031.0,1029.55,1029.55,12100,405350
TATACHEM_F2,02-08-2023,10:35:00,1030.0,1030.0,1030.0,1030.0,550,405350
TATACHEM_F2,02-08-2023,10:36:00,1028.0,1028.0,1028.0,1028.0,1100,409750
TATACHEM_F2,02-08-2023,10:37:00,1028.0,1028.0,1028.0,1028.0,550,409750
TATACHEM_F2,02-08-2023,10:38:00,1027.0,1027.0,1026.0,1026.0,1100,410300
TATACHEM_F2,02-08-2023,10:39:00,1026.05,1026.15,1026.05,1026.15,1100,410300
TATACHEM_F2,02-08-2023,10:40:00,1027.05,1027.3,1026.6,1026.95,11000,410300
TATACHEM_F2,02-08-2023,10:41:00,1026.75,1028.45,1026.75,1028.05,7150,418000
TATACHEM_F2,02-08-2023,10:42:00,1028.35,1028.35,1028.35,1028.35,550,418000
TATACHEM_F2,02-08-2023,10:43:00,1028.9,1030.0,1028.9,1029.65,3300,418000
TATACHEM_F2,02-08-2023,10:44:00,1031.45,1031.45,1030.6,1030.6,1100,418000
TATACHEM_F2,02-08-2023,10:46:00,1030.85,1030.85,1030.85,1030.85,550,414700
TATACHEM_F2,02-08-2023,10:48:00,1030.85,1030.85,1030.85,1030.85,1100,414150
TATACHEM_F2,02-08-2023,10:50:00,1030.85,1030.85,1030.85,1030.85,550,414150
TATACHEM_F2,02-08-2023,10:51:00,1031.2,1031.2,1031.2,1031.2,1650,413600
TATACHEM_F2,02-08-2023,10:52:00,1031.0,1031.0,1031.0,1031.0,550,413600
TATACHEM_F2,02-08-2023,10:53:00,1031.0,1032.05,1031.0,1032.05,1100,413600
TATACHEM_F2,02-08-2023,10:55:00,1032.05,1032.05,1032.05,1032.05,550,412500
TATACHEM_F2,02-08-2023,10:56:00,1033.0,1033.0,1033.0,1033.0,1100,412500
TATACHEM_F2,02-08-2023,10:57:00,1033.0,1033.0,1033.0,1033.0,550,411950
TATACHEM_F2,02-08-2023,10:58:00,1033.0,1033.0,1032.95,1032.95,4950,411950
TATACHEM_F2,02-08-2023,10:59:00,1034.0,1034.5,1032.4,1034.5,3300,414700
TATACHEM_F2,02-08-2023,11:01:00,1032.3,1032.3,1032.2,1032.2,1100,414700
TATACHEM_F2,02-08-2023,11:02:00,1032.0,1032.0,1032.0,1032.0,550,414150
TATACHEM_F2,02-08-2023,11:03:00,1032.0,1032.0,1032.0,1032.0,550,414150
TATACHEM_F2,02-08-2023,11:04:00,1031.6,1031.6,1028.0,1028.0,5500,414150
TATACHEM_F2,02-08-2023,11:05:00,1027.0,1027.0,1027.0,1027.0,1650,414150
TATACHEM_F2,02-08-2023,11:06:00,1025.0,1025.0,1025.0,1025.0,550,414150
TATACHEM_F2,02-08-2023,11:07:00,1027.6,1027.6,1027.5,1027.5,1100,414150
TATACHEM_F2,02-08-2023,11:08:00,1026.35,1026.35,1026.35,1026.35,550,414150
TATACHEM_F2,02-08-2023,11:10:00,1028.4,1028.4,1028.4,1028.4,550,414700
TATACHEM_F2,02-08-2023,11:11:00,1030.0,1030.0,1029.85,1029.85,2750,414700
TATACHEM_F2,02-08-2023,11:12:00,1029.0,1029.0,1029.0,1029.0,550,414700
TATACHEM_F2,02-08-2023,11:15:00,1032.5,1032.5,1032.5,1032.5,550,414150
TATACHEM_F2,02-08-2023,11:18:00,1031.85,1031.85,1031.85,1031.85,550,413600
TATACHEM_F2,02-08-2023,11:19:00,1031.85,1031.85,1031.85,1031.85,550,413600
TATACHEM_F2,02-08-2023,11:20:00,1030.9,1031.15,1030.85,1031.15,2200,414150
TATACHEM_F2,02-08-2023,11:21:00,1031.15,1031.15,1031.15,1031.15,2200,414150
TATACHEM_F2,02-08-2023,11:22:00,1032.05,1032.95,1032.05,1032.75,2750,414150
TATACHEM_F2,02-08-2023,11:23:00,1033.15,1033.25,1033.15,1033.25,1100,414150
TATACHEM_F2,02-08-2023,11:24:00,1033.1,1033.1,1033.0,1033.0,1100,415800
TATACHEM_F2,02-08-2023,11:25:00,1032.8,1033.65,1032.8,1033.65,2750,415800
TATACHEM_F2,02-08-2023,11:26:00,1034.2,1035.35,1034.2,1034.75,2200,417450
TATACHEM_F2,02-08-2023,11:28:00,1037.05,1037.05,1034.55,1034.55,2200,417450
TATACHEM_F2,02-08-2023,11:29:00,1034.85,1034.85,1034.85,1034.85,550,417450
TATACHEM_F2,02-08-2023,11:40:00,1030.0,1030.0,1030.0,1030.0,550,417450
TATACHEM_F2,02-08-2023,11:50:00,1032.7,1032.7,1032.7,1032.7,550,417450
TATACHEM_F2,02-08-2023,11:52:00,1034.5,1034.5,1032.8,1032.8,1100,417450
TATACHEM_F2,02-08-2023,11:54:00,1032.9,1032.9,1032.9,1032.9,550,418000
TATACHEM_F2,02-08-2023,12:01:00,1033.0,1033.0,1033.0,1033.0,550,418550
TATACHEM_F2,02-08-2023,12:06:00,1031.3,1031.3,1031.15,1031.15,1650,418550
TATACHEM_F2,02-08-2023,12:11:00,1032.4,1032.4,1032.4,1032.4,550,419100
TATACHEM_F2,02-08-2023,12:12:00,1033.15,1033.15,1032.15,1033.05,1650,419100
TATACHEM_F2,02-08-2023,12:13:00,1032.7,1032.7,1032.7,1032.7,550,419100
TATACHEM_F2,02-08-2023,12:19:00,1031.3,1031.3,1031.3,1031.3,1100,419650
TATACHEM_F2,02-08-2023,12:21:00,1031.45,1031.45,1031.45,1031.45,550,420200
TATACHEM_F2,02-08-2023,12:22:00,1032.0,1032.0,1032.0,1032.0,550,420200
TATACHEM_F2,02-08-2023,12:28:00,1030.8,1030.8,1030.8,1030.8,550,420750
TATACHEM_F2,02-08-2023,12:33:00,1031.25,1031.25,1031.0,1031.0,2200,421300
TATACHEM_F2,02-08-2023,12:34:00,1031.0,1031.0,1031.0,1031.0,1650,421300
TATACHEM_F2,02-08-2023,12:35:00,1030.65,1030.8,1030.65,1030.8,1650,421300
TATACHEM_F2,02-08-2023,12:44:00,1033.3,1033.3,1033.3,1033.3,550,420200
TATACHEM_F2,02-08-2023,12:45:00,1033.85,1033.85,1033.85,1033.85,550,420200
TATACHEM_F2,02-08-2023,12:46:00,1035.0,1035.0,1035.0,1035.0,550,420200
TATACHEM_F2,02-08-2023,12:47:00,1035.45,1035.45,1035.45,1035.45,550,420200
TATACHEM_F2,02-08-2023,12:48:00,1035.15,1035.15,1035.15,1035.15,550,420750
TATACHEM_F2,02-08-2023,12:49:00,1034.75,1034.75,1034.75,1034.75,550,420750
TATACHEM_F2,02-08-2023,12:53:00,1033.85,1033.85,1033.85,1033.85,1100,421850
TATACHEM_F2,02-08-2023,12:54:00,1031.35,1031.35,1031.35,1031.35,550,421850
TATACHEM_F2,02-08-2023,12:59:00,1032.25,1032.25,1031.4,1031.4,1650,421850
TATACHEM_F2,02-08-2023,13:10:00,1033.5,1033.5,1033.5,1033.5,550,422400
TATACHEM_F2,02-08-2023,13:11:00,1034.2,1034.2,1033.6,1033.6,1100,422400
TATACHEM_F2,02-08-2023,13:12:00,1033.8,1033.9,1033.8,1033.85,1650,424050
TATACHEM_F2,02-08-2023,13:14:00,1033.5,1033.5,1033.5,1033.5,550,424050
TATACHEM_F2,02-08-2023,13:16:00,1031.35,1031.35,1031.0,1031.0,2750,425700
TATACHEM_F2,02-08-2023,13:19:00,1030.0,1030.0,1030.0,1030.0,1650,425700
TATACHEM_F2,02-08-2023,13:24:00,1027.2,1027.2,1027.2,1027.2,550,427900
TATACHEM_F2,02-08-2023,13:25:00,1026.55,1026.55,1026.55,1026.55,1650,427900
TATACHEM_F2,02-08-2023,13:28:00,1024.6,1024.6,1024.6,1024.6,1100,429000
TATACHEM_F2,02-08-2023,13:29:00,1023.0,1023.0,1023.0,1023.0,2200,429000
TATACHEM_F2,02-08-2023,13:30:00,1023.0,1025.7,1023.0,1025.7,1100,429550
TATACHEM_F2,02-08-2023,13:35:00,1025.85,1025.85,1025.3,1025.3,1650,429550
TATACHEM_F2,02-08-2023,13:36:00,1025.3,1025.3,1025.3,1025.3,550,430650
TATACHEM_F2,02-08-2023,13:40:00,1025.0,1025.3,1025.0,1025.3,1650,431200
TATACHEM_F2,02-08-2023,13:44:00,1024.6,1024.6,1024.6,1024.6,550,431200
TATACHEM_F2,02-08-2023,13:48:00,1024.65,1024.8,1024.2,1024.2,2750,431750
TATACHEM_F2,02-08-2023,13:49:00,1024.2,1024.2,1024.2,1024.2,1650,431750
TATACHEM_F2,02-08-2023,13:50:00,1025.7,1025.7,1025.7,1025.7,550,431750
TATACHEM_F2,02-08-2023,13:51:00,1025.8,1025.8,1025.8,1025.8,550,432850
TATACHEM_F2,02-08-2023,13:54:00,1028.55,1028.55,1028.55,1028.55,550,433400
TATACHEM_F2,02-08-2023,13:58:00,1028.6,1028.6,1028.6,1028.6,550,433400
TATACHEM_F2,02-08-2023,14:04:00,1025.95,1025.95,1025.95,1025.95,550,433950
TATACHEM_F2,02-08-2023,14:05:00,1025.65,1025.65,1025.65,1025.65,550,433950
TATACHEM_F2,02-08-2023,14:08:00,1026.8,1026.8,1026.8,1026.8,1100,434500
TATACHEM_F2,02-08-2023,14:09:00,1026.45,1026.45,1026.45,1026.45,550,434500
TATACHEM_F2,02-08-2023,14:13:00,1025.0,1025.0,1024.8,1024.8,1100,436150
TATACHEM_F2,02-08-2023,14:15:00,1024.85,1024.85,1022.65,1022.65,1100,435600
TATACHEM_F2,02-08-2023,14:17:00,1022.65,1022.65,1022.65,1022.65,550,435600
TATACHEM_F2,02-08-2023,14:18:00,1023.2,1023.2,1023.2,1023.2,550,435050
TATACHEM_F2,02-08-2023,14:19:00,1023.4,1023.4,1021.05,1021.05,1650,435050
TATACHEM_F2,02-08-2023,14:20:00,1020.55,1020.55,1020.55,1020.55,550,435050
TATACHEM_F2,02-08-2023,14:21:00,1020.55,1021.3,1020.55,1021.3,1100,437250
TATACHEM_F2,02-08-2023,14:22:00,1020.95,1020.95,1020.95,1020.95,550,437250
TATACHEM_F2,02-08-2023,14:23:00,1020.95,1020.95,1020.95,1020.95,3850,437250
TATACHEM_F2,02-08-2023,14:27:00,1021.85,1021.85,1021.85,1021.85,550,438900
TATACHEM_F2,02-08-2023,14:30:00,1025.0,1025.0,1025.0,1025.0,550,438900
TATACHEM_F2,02-08-2023,14:31:00,1025.0,1025.0,1025.0,1025.0,550,438900
TATACHEM_F2,02-08-2023,14:43:00,1028.25,1028.25,1028.25,1028.25,1100,438350
TATACHEM_F2,02-08-2023,14:52:00,1028.7,1028.7,1028.7,1028.7,1100,438350
TATACHEM_F2,02-08-2023,14:55:00,1029.15,1029.15,1029.15,1029.15,550,437250
TATACHEM_F2,02-08-2023,15:01:00,1031.75,1031.75,1031.75,1031.75,1100,437250
TATACHEM_F2,02-08-2023,15:03:00,1032.0,1032.0,1032.0,1032.0,550,437250
TATACHEM_F2,02-08-2023,15:04:00,1031.95,1031.95,1031.95,1031.95,1100,438350
TATACHEM_F2,02-08-2023,15:05:00,1032.0,1032.0,1032.0,1032.0,550,438350
TATACHEM_F2,02-08-2023,15:07:00,1033.0,1033.0,1033.0,1033.0,550,436700
TATACHEM_F2,02-08-2023,15:10:00,1032.9,1032.9,1032.9,1032.9,550,436150
TATACHEM_F2,02-08-2023,15:16:00,1032.9,1032.9,1032.4,1032.4,1650,436150
TATACHEM_F2,02-08-2023,15:18:00,1032.0,1032.0,1032.0,1032.0,1100,436150
TATACHEM_F2,02-08-2023,15:19:00,1032.0,1032.0,1032.0,1032.0,550,436700
TATACHEM_F2,02-08-2023,15:20:00,1032.1,1032.1,1032.1,1032.1,1100,436700
TATACHEM_F2,02-08-2023,15:23:00,1031.55,1031.55,1031.55,1031.55,1100,435600
TATACHEM_F2,02-08-2023,15:24:00,1031.45,1031.45,1031.45,1031.45,550,435050
TATACHEM_F2,02-08-2023,15:25:00,1031.8,1031.8,1031.8,1031.8,550,435050
TATACHEM_F2,02-08-2023,15:29:00,1032.9,1034.05,1032.9,1034.05,1650,435050
TATACHEM_F2,03-08-2023,09:15:00,1023.05,1024.25,1023.05,1024.25,1652,433950
TATACHEM_F2,03-08-2023,09:16:00,1027.0,1029.1,1027.0,1029.1,2750,433950
TATACHEM_F2,03-08-2023,09:17:00,1028.35,1030.0,1028.25,1030.0,2750,436150
TATACHEM_F2,03-08-2023,09:20:00,1032.0,1032.0,1032.0,1032.0,1100,436150
TATACHEM_F2,03-08-2023,09:21:00,1032.65,1032.65,1032.65,1032.65,550,436700
TATACHEM_F2,03-08-2023,09:22:00,1033.8,1033.8,1033.8,1033.8,550,436700
TATACHEM_F2,03-08-2023,09:25:00,1034.75,1034.75,1034.75,1034.75,550,436700
TATACHEM_F2,03-08-2023,09:26:00,1035.0,1035.0,1035.0,1035.0,550,436700
TATACHEM_F2,03-08-2023,09:27:00,1037.5,1037.5,1037.5,1037.5,2200,436700
TATACHEM_F2,03-08-2023,09:28:00,1037.5,1037.5,1037.5,1037.5,550,436700
TATACHEM_F2,03-08-2023,09:30:00,1036.0,1036.0,1036.0,1036.0,1100,436150
TATACHEM_F2,03-08-2023,09:32:00,1037.4,1037.4,1036.8,1036.95,2750,436150
TATACHEM_F2,03-08-2023,09:33:00,1036.8,1036.8,1035.45,1035.45,1650,436150
TATACHEM_F2,03-08-2023,09:34:00,1036.65,1036.65,1036.65,1036.65,550,436150
TATACHEM_F2,03-08-2023,09:38:00,1026.9,1026.9,1026.9,1026.9,1100,435600
TATACHEM_F2,03-08-2023,09:39:00,1026.9,1026.9,1026.9,1026.9,550,435050
TATACHEM_F2,03-08-2023,09:40:00,1025.6,1027.7,1025.6,1026.0,2200,435050
TATACHEM_F2,03-08-2023,09:42:00,1026.55,1026.55,1026.55,1026.55,2750,433950
TATACHEM_F2,03-08-2023,09:43:00,1026.55,1026.55,1024.7,1024.7,1100,433950
TATACHEM_F2,03-08-2023,09:46:00,1025.4,1025.4,1025.4,1025.4,1100,435600
TATACHEM_F2,03-08-2023,09:48:00,1025.4,1025.4,1025.4,1025.4,1100,435600
TATACHEM_F2,03-08-2023,09:53:00,1026.6,1026.6,1026.6,1026.6,1100,436150
TATACHEM_F2,03-08-2023,09:56:00,1030.7,1030.7,1030.7,1030.7,1650,436150
TATACHEM_F2,03-08-2023,10:21:00,1024.35,1024.35,1024.35,1024.35,1100,435050
TATACHEM_F2,03-08-2023,10:23:00,1025.5,1025.5,1025.5,1025.5,550,435050
TATACHEM_F2,03-08-2023,10:30:00,1025.55,1025.55,1025.55,1025.55,550,435050
TATACHEM_F2,03-08-2023,10:32:00,1027.5,1028.0,1027.5,1028.0,1100,435050
TATACHEM_F2,03-08-2023,10:35:00,1027.5,1027.5,1027.5,1027.5,550,435600
TATACHEM_F2,03-08-2023,10:45:00,1028.2,1028.2,1028.2,1028.2,1100,435600
TATACHEM_F2,03-08-2023,10:51:00,1026.2,1026.2,1026.2,1026.2,1100,434500
TATACHEM_F2,03-08-2023,10:57:00,1026.0,1026.0,1026.0,1026.0,550,434500
TATACHEM_F2,03-08-2023,10:58:00,1026.0,1026.0,1026.0,1026.0,1100,434500
TATACHEM_F2,03-08-2023,11:01:00,1027.9,1027.9,1027.9,1027.9,550,434500
TATACHEM_F2,03-08-2023,11:21:00,1027.9,1027.9,1027.9,1027.9,550,435050
TATACHEM_F2,03-08-2023,11:23:00,1030.7,1030.7,1030.7,1030.7,1100,435050
TATACHEM_F2,03-08-2023,11:42:00,1031.3,1031.3,1031.3,1031.3,550,435600
TATACHEM_F2,03-08-2023,11:46:00,1030.9,1030.9,1030.9,1030.9,550,435600
TATACHEM_F2,03-08-2023,11:48:00,1032.0,1032.0,1032.0,1032.0,1100,435600
TATACHEM_F2,03-08-2023,12:00:00,1029.0,1029.0,1029.0,1029.0,550,435600
TATACHEM_F2,03-08-2023,12:01:00,1028.9,1028.9,1028.9,1028.9,550,436150
TATACHEM_F2,03-08-2023,12:11:00,1028.55,1028.55,1028.55,1028.55,550,436150
TATACHEM_F2,03-08-2023,12:23:00,1029.0,1029.0,1029.0,1029.0,1100,436150
TATACHEM_F2,03-08-2023,12:25:00,1028.55,1028.55,1028.55,1028.55,1100,436150
TATACHEM_F2,03-08-2023,12:26:00,1029.0,1029.0,1029.0,1029.0,550,436150
TATACHEM_F2,03-08-2023,12:28:00,1028.0,1028.0,1027.05,1027.05,1100,436700
TATACHEM_F2,03-08-2023,12:31:00,1025.5,1025.5,1025.1,1025.1,1100,436700
TATACHEM_F2,03-08-2023,12:35:00,1025.1,1025.1,1025.05,1025.05,1100,437250
TATACHEM_F2,03-08-2023,12:38:00,1024.35,1024.35,1024.35,1024.35,1100,437800
TATACHEM_F2,03-08-2023,12:39:00,1023.75,1023.75,1023.75,1023.75,2200,438350
TATACHEM_F2,03-08-2023,12:41:00,1022.6,1022.6,1021.65,1021.65,1100,438350
TATACHEM_F2,03-08-2023,12:42:00,1021.65,1021.65,1021.65,1021.65,550,440000
TATACHEM_F2,03-08-2023,12:47:00,1022.5,1022.5,1022.5,1022.5,3850,439450
TATACHEM_F2,03-08-2023,12:52:00,1022.5,1022.5,1022.5,1022.5,550,443300
TATACHEM_F2,03-08-2023,12:53:00,1022.5,1022.5,1022.5,1022.5,2200,443300
TATACHEM_F2,03-08-2023,12:59:00,1022.5,1022.5,1022.5,1022.5,2200,444950
TATACHEM_F2,03-08-2023,13:06:00,1026.5,1026.5,1026.5,1026.5,550,444950
TATACHEM_F2,03-08-2023,13:30:00,1026.6,1026.6,1026.6,1026.6,2200,444400
TATACHEM_F2,03-08-2023,13:36:00,1026.9,1026.9,1026.9,1026.9,550,442200
TATACHEM_F2,03-08-2023,14:00:00,1026.9,1026.9,1026.9,1026.9,550,442200
TATACHEM_F2,03-08-2023,14:02:00,1025.25,1025.25,1025.25,1025.25,550,442750
TATACHEM_F2,03-08-2023,14:06:00,1022.65,1022.65,1022.65,1022.65,550,442200
TATACHEM_F2,03-08-2023,14:07:00,1022.5,1022.5,1022.5,1022.5,550,442200
TATACHEM_F2,03-08-2023,14:13:00,1020.05,1020.05,1020.05,1020.05,1650,443300
TATACHEM_F2,03-08-2023,14:21:00,1020.05,1020.05,1020.05,1020.05,550,444400
TATACHEM_F2,03-08-2023,14:23:00,1024.85,1024.85,1024.85,1024.85,550,444950
TATACHEM_F2,03-08-2023,14:24:00,1023.95,1023.95,1023.95,1023.95,550,444950
TATACHEM_F2,03-08-2023,14:33:00,1025.95,1025.95,1025.95,1025.95,550,444950
TATACHEM_F2,03-08-2023,14:34:00,1025.75,1025.75,1025.75,1025.75,550,444950
TATACHEM_F2,03-08-2023,14:37:00,1028.2,1028.2,1028.2,1028.2,550,444950
TATACHEM_F2,03-08-2023,14:40:00,1028.2,1028.2,1028.2,1028.2,1100,444950
TATACHEM_F2,03-08-2023,14:43:00,1028.8,1028.8,1028.8,1028.8,550,444950
TATACHEM_F2,03-08-2023,14:45:00,1028.0,1028.0,1028.0,1028.0,1650,444950
TATACHEM_F2,03-08-2023,14:46:00,1029.15,1029.15,1029.15,1029.15,1100,444950
TATACHEM_F2,03-08-2023,14:52:00,1026.8,1026.8,1026.8,1026.8,1100,445500
TATACHEM_F2,03-08-2023,14:53:00,1026.4,1026.4,1026.4,1026.4,1100,445500
TATACHEM_F2,03-08-2023,14:55:00,1026.4,1026.4,1026.4,1026.4,1100,446050
TATACHEM_F2,03-08-2023,15:10:00,1030.0,1030.0,1029.5,1029.5,2200,446050
TATACHEM_F2,03-08-2023,15:21:00,1030.05,1030.5,1030.05,1030.5,1650,446050
TATACHEM_F2,03-08-2023,15:22:00,1030.75,1030.75,1030.75,1030.75,1100,446050
TATACHEM_F2,03-08-2023,15:23:00,1030.75,1030.75,1030.75,1030.75,550,446050
TATACHEM_F2,03-08-2023,15:24:00,1030.6,1030.6,1030.6,1030.6,550,446050
TATACHEM_F2,03-08-2023,15:27:00,1030.4,1030.4,1030.4,1030.4,1650,446600
TATACHEM_F2,03-08-2023,15:28:00,1030.0,1030.0,1030.0,1030.0,550,444950
TATACHEM_F2,04-08-2023,09:15:00,1034.0,1035.8,1034.0,1035.8,1101,443300
TATACHEM_F2,04-08-2023,09:17:00,1035.8,1035.8,1034.85,1034.85,1100,443300
TATACHEM_F2,04-08-2023,09:18:00,1034.6,1034.6,1034.6,1034.6,550,443850
TATACHEM_F2,04-08-2023,09:19:00,1036.0,1036.0,1036.0,1036.0,550,443850
TATACHEM_F2,04-08-2023,09:20:00,1037.95,1037.95,1037.95,1037.95,550,443850
TATACHEM_F2,04-08-2023,09:21:00,1037.95,1037.95,1037.95,1037.95,550,443850
TATACHEM_F2,04-08-2023,09:22:00,1036.8,1036.8,1036.8,1036.8,550,443850
TATACHEM_F2,04-08-2023,09:23:00,1036.0,1036.0,1036.0,1036.0,1100,443850
TATACHEM_F2,04-08-2023,09:27:00,1036.75,1036.8,1036.75,1036.8,1100,444950
TATACHEM_F2,04-08-2023,09:33:00,1039.0,1039.0,1039.0,1039.0,1100,444400
TATACHEM_F2,04-08-2023,09:35:00,1041.0,1041.0,1041.0,1041.0,550,443850
TATACHEM_F2,04-08-2023,09:37:00,1042.0,1042.0,1042.0,1042.0,1100,443850
TATACHEM_F2,04-08-2023,09:39:00,1041.45,1041.45,1041.45,1041.45,550,443300
TATACHEM_F2,04-08-2023,09:41:00,1041.0,1041.0,1041.0,1041.0,550,443850
TATACHEM_F2,04-08-2023,09:45:00,1041.3,1041.3,1041.3,1041.3,550,443850
TATACHEM_F2,04-08-2023,09:46:00,1042.5,1042.5,1042.5,1042.5,2200,443850
TATACHEM_F2,04-08-2023,09:50:00,1042.5,1042.5,1042.5,1042.5,550,443850
TATACHEM_F2,04-08-2023,09:51:00,1042.5,1042.5,1042.5,1042.5,550,443850
TATACHEM_F2,04-08-2023,09:54:00,1042.5,1042.5,1042.5,1042.5,550,443850
TATACHEM_F2,04-08-2023,09:56:00,1038.85,1038.85,1038.85,1038.85,550,444400
TATACHEM_F2,04-08-2023,09:57:00,1034.2,1034.2,1034.2,1034.2,550,444400
TATACHEM_F2,04-08-2023,10:01:00,1039.85,1039.85,1039.85,1039.85,550,444400
TATACHEM_F2,04-08-2023,10:03:00,1039.0,1039.0,1039.0,1039.0,550,444400
TATACHEM_F2,04-08-2023,10:20:00,1037.1,1037.1,1037.1,1037.1,550,444400
TATACHEM_F2,04-08-2023,10:29:00,1037.1,1037.1,1035.5,1035.5,2200,444400
TATACHEM_F2,04-08-2023,10:30:00,1035.0,1035.0,1035.0,1035.0,550,444400
TATACHEM_F2,04-08-2023,10:36:00,1034.35,1034.35,1034.35,1034.35,550,444950
TATACHEM_F2,04-08-2023,10:41:00,1037.2,1037.2,1037.2,1037.2,550,444950
TATACHEM_F2,04-08-2023,10:45:00,1037.0,1037.0,1037.0,1037.0,550,444950
TATACHEM_F2,04-08-2023,10:47:00,1037.0,1037.0,1037.0,1037.0,550,444950
TATACHEM_F2,04-08-2023,11:10:00,1037.0,1037.0,1037.0,1037.0,550,444950
TATACHEM_F2,04-08-2023,11:13:00,1039.65,1039.65,1039.65,1039.65,550,444950
TATACHEM_F2,04-08-2023,11:14:00,1039.65,1039.65,1039.65,1039.65,2200,444950
TATACHEM_F2,04-08-2023,11:15:00,1039.65,1039.65,1039.65,1039.65,550,444400
TATACHEM_F2,04-08-2023,11:16:00,1039.05,1039.05,1039.05,1039.05,550,444400
TATACHEM_F2,04-08-2023,11:18:00,1040.2,1040.2,1040.2,1040.2,550,444400
TATACHEM_F2,04-08-2023,11:19:00,1040.3,1040.3,1040.3,1040.3,550,444400
TATACHEM_F2,04-08-2023,11:20:00,1041.0,1041.0,1040.3,1040.3,1100,444400
TATACHEM_F2,04-08-2023,11:23:00,1041.5,1041.5,1041.5,1041.5,550,444950
TATACHEM_F2,04-08-2023,11:30:00,1041.5,1041.5,1041.5,1041.5,550,444950
TATACHEM_F2,04-08-2023,11:34:00,1040.85,1040.85,1040.85,1040.85,550,445500
TATACHEM_F2,04-08-2023,11:39:00,1041.75,1041.75,1041.75,1041.75,3850,446050
TATACHEM_F2,04-08-2023,11:46:00,1041.95,1041.95,1041.95,1041.95,1100,448250
TATACHEM_F2,04-08-2023,11:47:00,1041.4,1041.4,1041.4,1041.4,550,448250
TATACHEM_F2,04-08-2023,11:55:00,1041.4,1041.4,1041.4,1041.4,550,448800
TATACHEM_F2,04-08-2023,11:57:00,1041.4,1041.4,1041.4,1041.4,550,448800
TATACHEM_F2,04-08-2023,11:58:00,1042.0,1042.05,1042.0,1042.05,1100,448800
TATACHEM_F2,04-08-2023,12:00:00,1043.0,1043.0,1043.0,1043.0,550,448800
TATACHEM_F2,04-08-2023,12:03:00,1043.0,1043.0,1043.0,1043.0,550,448800
TATACHEM_F2,04-08-2023,12:11:00,1043.45,1043.45,1043.45,1043.45,5500,448800
TATACHEM_F2,04-08-2023,12:13:00,1043.45,1043.45,1043.45,1043.45,550,448800
TATACHEM_F2,04-08-2023,12:17:00,1043.7,1043.7,1043.7,1043.7,1100,452650
TATACHEM_F2,04-08-2023,12:18:00,1046.0,1046.85,1046.0,1046.85,4400,453200
TATACHEM_F2,04-08-2023,12:22:00,1047.0,1047.0,1047.0,1047.0,1650,453200
TATACHEM_F2,04-08-2023,12:23:00,1047.65,1048.95,1047.65,1048.95,2200,453200
TATACHEM_F2,04-08-2023,12:25:00,1048.95,1048.95,1047.35,1047.35,1100,452650
TATACHEM_F2,04-08-2023,12:26:00,1046.4,1046.4,1046.4,1046.4,1100,452650
TATACHEM_F2,04-08-2023,12:28:00,1045.0,1045.0,1045.0,1045.0,550,452650
TATACHEM_F2,04-08-2023,12:30:00,1046.1,1046.1,1046.1,1046.1,550,454850
TATACHEM_F2,04-08-2023,12:35:00,1045.1,1045.3,1045.05,1045.3,2200,454850
TATACHEM_F2,04-08-2023,12:36:00,1045.5,1046.55,1045.5,1046.55,1100,455400
TATACHEM_F2,04-08-2023,12:38:00,1045.1,1046.5,1045.0,1045.0,1650,455950
TATACHEM_F2,04-08-2023,12:39:00,1044.9,1044.9,1044.9,1044.9,550,455950
TATACHEM_F2,04-08-2023,12:42:00,1043.9,1043.9,1043.9,1043.9,550,456500
TATACHEM_F2,04-08-2023,12:51:00,1043.9,1043.9,1043.9,1043.9,1100,455950
TATACHEM_F2,04-08-2023,12:52:00,1043.9,1043.9,1043.9,1043.9,6050,455950
TATACHEM_F2,04-08-2023,12:53:00,1043.9,1043.9,1043.9,1043.9,550,455950
TATACHEM_F2,04-08-2023,12:54:00,1046.4,1046.4,1046.4,1046.4,4950,463650
TATACHEM_F2,04-08-2023,12:56:00,1046.4,1046.4,1046.4,1046.4,11550,463650
TATACHEM_F2,04-08-2023,12:57:00,1046.4,1048.35,1046.4,1048.35,19800,479600
TATACHEM_F2,04-08-2023,12:58:00,1048.35,1048.35,1048.35,1048.35,13750,479600
TATACHEM_F2,04-08-2023,12:59:00,1047.5,1047.5,1047.35,1047.35,1100,479600
TATACHEM_F2,04-08-2023,13:00:00,1047.35,1047.35,1047.35,1047.35,550,505450
TATACHEM_F2,04-08-2023,13:02:00,1049.0,1049.0,1049.0,1049.0,1100,505450
TATACHEM_F2,04-08-2023,13:03:00,1049.0,1049.0,1049.0,1049.0,550,505450
TATACHEM_F2,04-08-2023,13:05:00,1049.0,1050.0,1049.0,1050.0,2200,505450
TATACHEM_F2,04-08-2023,13:06:00,1051.1,1051.3,1051.1,1051.3,1650,504900
TATACHEM_F2,04-08-2023,13:08:00,1051.8,1051.8,1051.8,1051.8,550,504900
TATACHEM_F2,04-08-2023,13:11:00,1051.8,1051.8,1051.8,1051.8,550,504900
TATACHEM_F2,04-08-2023,13:14:00,1050.0,1050.0,1050.0,1050.0,1100,504900
TATACHEM_F2,04-08-2023,13:15:00,1049.4,1049.4,1049.4,1049.4,2200,504900
TATACHEM_F2,04-08-2023,13:16:00,1048.05,1048.05,1048.05,1048.05,550,504900
TATACHEM_F2,04-08-2023,13:18:00,1050.0,1050.0,1050.0,1050.0,1100,504900
TATACHEM_F2,04-08-2023,13:20:00,1052.45,1053.3,1052.45,1053.3,1100,504900
TATACHEM_F2,04-08-2023,13:21:00,1053.5,1053.5,1053.5,1053.5,1100,504900
TATACHEM_F2,04-08-2023,13:22:00,1053.5,1053.5,1053.5,1053.5,550,504900
TATACHEM_F2,04-08-2023,13:23:00,1053.5,1053.5,1053.5,1053.5,550,504900
TATACHEM_F2,04-08-2023,13:24:00,1054.0,1054.0,1054.0,1054.0,550,504900
TATACHEM_F2,04-08-2023,13:25:00,1054.75,1054.75,1054.75,1054.75,550,504350
TATACHEM_F2,04-08-2023,13:34:00,1054.75,1054.75,1054.75,1054.75,550,504350
TATACHEM_F2,04-08-2023,13:48:00,1049.85,1049.85,1049.85,1049.85,1100,504900
TATACHEM_F2,04-08-2023,14:02:00,1046.75,1046.75,1046.75,1046.75,550,504900
TATACHEM_F2,04-08-2023,14:03:00,1047.2,1047.2,1047.2,1047.2,550,504900
TATACHEM_F2,04-08-2023,14:07:00,1048.0,1048.0,1048.0,1048.0,550,504900
TATACHEM_F2,04-08-2023,14:08:00,1048.0,1048.0,1048.0,1048.0,550,504900
TATACHEM_F2,04-08-2023,14:09:00,1048.7,1048.7,1048.7,1048.7,550,504900
TATACHEM_F2,04-08-2023,14:10:00,1048.7,1049.0,1048.7,1049.0,4400,504900
TATACHEM_F2,04-08-2023,14:16:00,1049.0,1049.0,1049.0,1049.0,1650,509300
TATACHEM_F2,04-08-2023,14:20:00,1054.0,1054.0,1054.0,1054.0,1100,510950
TATACHEM_F2,04-08-2023,14:21:00,1054.35,1054.35,1054.35,1054.35,1100,511500
TATACHEM_F2,04-08-2023,14:24:00,1054.35,1054.35,1054.35,1054.35,8250,510950
TATACHEM_F2,04-08-2023,14:25:00,1054.35,1054.35,1054.35,1054.35,1100,510950
TATACHEM_F2,04-08-2023,14:28:00,1054.35,1054.35,1054.35,1054.35,7150,520300
TATACHEM_F2,04-08-2023,14:29:00,1054.35,1054.35,1054.35,1054.35,1650,520300
TATACHEM_F2,04-08-2023,14:30:00,1054.35,1054.35,1054.35,1054.35,1650,526900
TATACHEM_F2,04-08-2023,14:32:00,1054.35,1054.35,1054.35,1054.35,1100,526900
TATACHEM_F2,04-08-2023,14:45:00,1054.35,1054.35,1054.35,1054.35,550,528000
TATACHEM_F2,04-08-2023,14:46:00,1054.35,1054.35,1054.35,1054.35,1650,528000
TATACHEM_F2,04-08-2023,14:50:00,1048.0,1048.0,1046.6,1046.6,4400,529100
TATACHEM_F2,04-08-2023,14:51:00,1046.15,1046.2,1046.15,1046.2,1100,530200
TATACHEM_F2,04-08-2023,14:52:00,1046.65,1046.65,1046.65,1046.65,1100,530200
TATACHEM_F2,04-08-2023,14:54:00,1047.0,1047.0,1047.0,1047.0,550,531300
TATACHEM_F2,04-08-2023,14:55:00,1046.0,1046.0,1045.7,1045.7,1650,531300
TATACHEM_F2,04-08-2023,15:00:00,1046.0,1046.0,1046.0,1046.0,550,531850
TATACHEM_F2,04-08-2023,15:02:00,1044.65,1044.65,1043.85,1043.85,2750,531850
TATACHEM_F2,04-08-2023,15:03:00,1043.85,1043.85,1042.7,1042.7,2200,531850
TATACHEM_F2,04-08-2023,15:04:00,1042.7,1042.7,1041.85,1041.85,1650,531850
TATACHEM_F2,04-08-2023,15:05:00,1041.9,1041.9,1041.75,1041.75,1100,531850
TATACHEM_F2,04-08-2023,15:06:00,1042.55,1042.55,1042.55,1042.55,550,532950
TATACHEM_F2,04-08-2023,15:10:00,1042.4,1042.4,1042.4,1042.4,550,532400
TATACHEM_F2,04-08-2023,15:15:00,1044.65,1044.65,1044.65,1044.65,550,532400
TATACHEM_F2,04-08-2023,15:17:00,1043.0,1043.0,1043.0,1043.0,550,532400
TATACHEM_F2,04-08-2023,15:18:00,1042.0,1042.0,1041.8,1041.8,2200,532400
TATACHEM_F2,04-08-2023,15:20:00,1042.45,1042.45,1042.45,1042.45,550,532400
TATACHEM_F2,04-08-2023,15:22:00,1042.0,1046.0,1042.0,1046.0,4400,533500
TATACHEM_F2,04-08-2023,15:23:00,1044.75,1044.75,1044.75,1044.75,550,533500
TATACHEM_F2,04-08-2023,15:25:00,1044.4,1044.4,1044.4,1044.4,550,535150
TATACHEM_F2,04-08-2023,15:26:00,1047.5,1049.2,1046.55,1049.2,6600,535150
TATACHEM_F2,04-08-2023,15:27:00,1051.1,1051.1,1051.1,1051.1,1650,535150
TATACHEM_F2,04-08-2023,15:28:00,1051.1,1051.1,1051.1,1051.1,550,534050
TATACHEM_F2,04-08-2023,15:29:00,1051.6,1051.6,1051.6,1051.6,550,534050
TATACHEM_F2,07-08-2023,09:16:00,1049.0,1049.0,1049.0,1049.0,1651,533500
TATACHEM_F2,07-08-2023,09:17:00,1049.0,1049.0,1049.0,1049.0,2750,533500
TATACHEM_F2,07-08-2023,09:18:00,1053.0,1053.0,1053.0,1053.0,1650,530750
TATACHEM_F2,07-08-2023,09:19:00,1054.75,1054.75,1054.75,1054.75,550,530750
TATACHEM_F2,07-08-2023,09:20:00,1054.9,1054.9,1054.9,1054.9,1100,530750
TATACHEM_F2,07-08-2023,09:21:00,1054.9,1054.9,1054.9,1054.9,1100,531850
TATACHEM_F2,07-08-2023,09:26:00,1044.05,1044.05,1044.05,1044.05,1100,531850
TATACHEM_F2,07-08-2023,09:28:00,1048.5,1048.5,1048.5,1048.5,550,531850
TATACHEM_F2,07-08-2023,09:29:00,1047.85,1049.0,1046.8,1049.0,2200,531850
TATACHEM_F2,07-08-2023,09:30:00,1049.4,1049.4,1049.4,1049.4,550,531850
TATACHEM_F2,07-08-2023,09:32:00,1047.0,1047.0,1047.0,1047.0,1650,531850
TATACHEM_F2,07-08-2023,09:34:00,1047.0,1047.0,1047.0,1047.0,550,533500
TATACHEM_F2,07-08-2023,09:42:00,1047.3,1047.3,1047.3,1047.3,550,533500
TATACHEM_F2,07-08-2023,09:44:00,1046.65,1046.65,1046.65,1046.65,550,533500
TATACHEM_F2,07-08-2023,09:45:00,1045.0,1045.0,1045.0,1045.0,550,533500
TATACHEM_F2,07-08-2023,09:48:00,1042.3,1042.3,1042.3,1042.3,550,533500
TATACHEM_F2,07-08-2023,09:49:00,1041.6,1042.0,1041.6,1042.0,1650,533500
TATACHEM_F2,07-08-2023,09:50:00,1040.75,1040.75,1038.3,1038.3,2200,533500
TATACHEM_F2,07-08-2023,09:54:00,1038.3,1038.3,1038.3,1038.3,550,533500
TATACHEM_F2,07-08-2023,10:00:00,1038.0,1038.0,1038.0,1038.0,550,533500
TATACHEM_F2,07-08-2023,10:01:00,1036.5,1036.5,1036.5,1036.5,550,533500
TATACHEM_F2,07-08-2023,10:02:00,1036.5,1036.5,1036.5,1036.5,550,533500
TATACHEM_F2,07-08-2023,10:03:00,1036.5,1036.5,1036.5,1036.5,550,533500
TATACHEM_F2,07-08-2023,10:04:00,1032.8,1032.8,1032.8,1032.8,3300,533500
TATACHEM_F2,07-08-2023,10:05:00,1032.8,1032.8,1032.8,1032.8,550,536800
TATACHEM_F2,07-08-2023,10:06:00,1036.4,1036.4,1036.4,1036.4,550,536800
TATACHEM_F2,07-08-2023,10:14:00,1037.0,1037.0,1037.0,1037.0,550,537350
TATACHEM_F2,07-08-2023,10:15:00,1036.35,1036.35,1036.35,1036.35,550,537900
TATACHEM_F2,07-08-2023,10:23:00,1037.0,1037.0,1037.0,1037.0,550,537350
TATACHEM_F2,07-08-2023,10:24:00,1036.0,1036.0,1035.0,1035.0,1650,537350
TATACHEM_F2,07-08-2023,10:28:00,1034.45,1034.45,1034.45,1034.45,550,537900
TATACHEM_F2,07-08-2023,10:37:00,1035.85,1035.85,1035.85,1035.85,550,537350
TATACHEM_F2,07-08-2023,10:38:00,1035.0,1035.0,1035.0,1035.0,550,537900
TATACHEM_F2,07-08-2023,10:46:00,1035.3,1035.3,1035.3,1035.3,550,538450
TATACHEM_F2,07-08-2023,10:47:00,1033.45,1033.45,1033.45,1033.45,1100,539000
TATACHEM_F2,07-08-2023,10:48:00,1033.5,1033.5,1033.5,1033.5,550,539000
TATACHEM_F2,07-08-2023,10:49:00,1033.6,1033.6,1033.0,1033.3,2200,539000
TATACHEM_F2,07-08-2023,10:51:00,1033.3,1033.3,1033.3,1033.3,550,541750
TATACHEM_F2,07-08-2023,10:53:00,1033.1,1033.1,1033.1,1033.1,1100,541750
TATACHEM_F2,07-08-2023,10:54:00,1031.4,1031.4,1030.0,1030.0,1100,542850
TATACHEM_F2,07-08-2023,10:55:00,1030.0,1030.0,1030.0,1030.0,550,542850
TATACHEM_F2,07-08-2023,10:59:00,1030.0,1030.0,1030.0,1030.0,550,543950
TATACHEM_F2,07-08-2023,11:01:00,1030.35,1031.0,1030.35,1031.0,1650,543400
TATACHEM_F2,07-08-2023,11:05:00,1031.0,1031.0,1031.0,1031.0,550,544500
TATACHEM_F2,07-08-2023,11:07:00,1031.0,1031.0,1031.0,1031.0,550,544500
TATACHEM_F2,07-08-2023,11:08:00,1032.15,1032.15,1032.15,1032.15,550,544500
TATACHEM_F2,07-08-2023,11:12:00,1033.0,1033.0,1033.0,1033.0,1100,544500
TATACHEM_F2,07-08-2023,11:23:00,1036.15,1036.15,1036.15,1036.15,550,543400
TATACHEM_F2,07-08-2023,11:28:00,1036.55,1036.55,1036.55,1036.55,550,539550
TATACHEM_F2,07-08-2023,11:33:00,1035.8,1035.8,1035.8,1035.8,550,540100
TATACHEM_F2,07-08-2023,11:39:00,1036.1,1036.1,1036.1,1036.1,550,540100
TATACHEM_F2,07-08-2023,11:40:00,1036.55,1037.35,1036.55,1037.35,1650,540100
TATACHEM_F2,07-08-2023,11:44:00,1039.0,1039.0,1039.0,1039.0,550,538450
TATACHEM_F2,07-08-2023,11:45:00,1038.0,1038.0,1038.0,1038.0,550,537900
TATACHEM_F2,07-08-2023,11:46:00,1038.0,1038.0,1038.0,1038.0,1650,537900
TATACHEM_F2,07-08-2023,11:47:00,1038.35,1038.35,1038.35,1038.35,550,537900
TATACHEM_F2,07-08-2023,11:48:00,1038.35,1038.35,1038.35,1038.35,2200,537900
TATACHEM_F2,07-08-2023,11:54:00,1041.25,1041.25,1041.25,1041.25,550,537900
TATACHEM_F2,07-08-2023,11:59:00,1042.0,1042.0,1042.0,1042.0,1100,538450
TATACHEM_F2,07-08-2023,12:00:00,1042.5,1042.5,1042.5,1042.5,4400,538450
TATACHEM_F2,07-08-2023,12:01:00,1042.5,1042.5,1042.5,1042.5,2200,538450
TATACHEM_F2,07-08-2023,12:02:00,1042.5,1043.0,1042.5,1043.0,1650,538450
TATACHEM_F2,07-08-2023,12:06:00,1041.8,1041.8,1041.8,1041.8,9900,543950
TATACHEM_F2,07-08-2023,12:12:00,1041.8,1042.95,1041.8,1042.95,3300,552750
TATACHEM_F2,07-08-2023,12:14:00,1042.5,1042.5,1042.5,1042.5,550,552750
TATACHEM_F2,07-08-2023,12:31:00,1042.5,1042.5,1042.5,1042.5,1100,555500
TATACHEM_F2,07-08-2023,12:33:00,1042.5,1042.5,1042.5,1042.5,4950,555500
TATACHEM_F2,07-08-2023,12:51:00,1040.1,1040.1,1040.1,1040.1,550,555500
TATACHEM_F2,07-08-2023,12:54:00,1040.9,1040.9,1040.9,1040.9,550,556050
TATACHEM_F2,07-08-2023,12:55:00,1038.85,1038.85,1038.85,1038.85,550,556050
TATACHEM_F2,07-08-2023,12:57:00,1040.15,1040.15,1040.15,1040.15,550,555500
TATACHEM_F2,07-08-2023,13:00:00,1039.5,1039.5,1039.5,1039.5,550,556050
TATACHEM_F2,07-08-2023,13:04:00,1041.3,1041.3,1041.3,1041.3,550,556050
TATACHEM_F2,07-08-2023,13:08:00,1041.3,1041.3,1041.3,1041.3,550,556050
TATACHEM_F2,07-08-2023,13:10:00,1043.0,1043.0,1043.0,1043.0,550,555500
TATACHEM_F2,07-08-2023,13:27:00,1044.4,1044.4,1044.4,1044.4,550,555500
TATACHEM_F2,07-08-2023,13:30:00,1044.0,1044.0,1044.0,1044.0,550,555500
TATACHEM_F2,07-08-2023,13:31:00,1045.0,1045.0,1045.0,1045.0,550,555500
TATACHEM_F2,07-08-2023,13:38:00,1044.4,1044.4,1044.4,1044.4,550,554950
TATACHEM_F2,07-08-2023,13:43:00,1045.1,1045.1,1045.1,1045.1,1100,554950
TATACHEM_F2,07-08-2023,13:44:00,1045.1,1045.1,1045.1,1045.1,1100,554950
TATACHEM_F2,07-08-2023,13:46:00,1044.5,1044.5,1044.5,1044.5,550,554400
TATACHEM_F2,07-08-2023,13:50:00,1044.7,1044.7,1044.7,1044.7,550,554400
TATACHEM_F2,07-08-2023,14:01:00,1044.6,1045.15,1044.6,1045.15,2200,554950
TATACHEM_F2,07-08-2023,14:12:00,1044.65,1044.65,1044.65,1044.65,550,555500
TATACHEM_F2,07-08-2023,14:14:00,1044.45,1044.45,1044.45,1044.45,1100,556050
TATACHEM_F2,07-08-2023,14:18:00,1043.1,1043.1,1043.1,1043.1,550,556600
TATACHEM_F2,07-08-2023,14:29:00,1043.0,1043.0,1043.0,1043.0,550,556600
TATACHEM_F2,07-08-2023,14:31:00,1044.35,1044.35,1044.35,1044.35,550,556050
TATACHEM_F2,07-08-2023,14:42:00,1041.0,1041.0,1041.0,1041.0,550,556050
TATACHEM_F2,07-08-2023,14:52:00,1040.0,1040.0,1040.0,1040.0,2200,556600
TATACHEM_F2,07-08-2023,14:53:00,1038.0,1038.0,1038.0,1038.0,550,556600
TATACHEM_F2,07-08-2023,14:54:00,1037.0,1037.0,1037.0,1037.0,550,557150
TATACHEM_F2,07-08-2023,14:56:00,1037.1,1037.1,1037.1,1037.1,1100,557150
TATACHEM_F2,07-08-2023,15:01:00,1038.2,1038.25,1038.2,1038.25,1100,557700
TATACHEM_F2,07-08-2023,15:03:00,1037.15,1037.15,1037.15,1037.15,1100,558800
TATACHEM_F2,07-08-2023,15:04:00,1037.1,1037.1,1036.6,1036.6,1650,558800
TATACHEM_F2,07-08-2023,15:05:00,1035.5,1035.5,1035.5,1035.5,550,558800
TATACHEM_F2,07-08-2023,15:09:00,1037.55,1037.55,1037.55,1037.55,550,558800
TATACHEM_F2,07-08-2023,15:15:00,1037.6,1037.6,1037.6,1037.6,1100,559350
TATACHEM_F2,07-08-2023,15:16:00,1037.6,1037.6,1037.6,1037.6,550,559350
TATACHEM_F2,07-08-2023,15:17:00,1037.6,1038.0,1037.6,1038.0,1650,559350
TATACHEM_F2,07-08-2023,15:24:00,1038.15,1038.15,1038.15,1038.15,550,560450
TATACHEM_F2,07-08-2023,15:26:00,1038.0,1038.0,1037.7,1037.7,2750,560450
TATACHEM_F2,07-08-2023,15:27:00,1037.95,1037.95,1037.95,1037.95,550,560450
TATACHEM_F2,07-08-2023,15:28:00,1036.55,1036.55,1036.55,1036.55,1100,559900
TATACHEM_F2,07-08-2023,15:29:00,1035.5,1035.5,1035.5,1035.5,1100,559900
TATACHEM_F2,08-08-2023,09:15:00,1026.0,1032.9,1015.05,1015.05,22003,560450
TATACHEM_F2,08-08-2023,09:16:00,1011.2,1011.2,1009.05,1009.05,12100,560450
TATACHEM_F2,08-08-2023,09:17:00,1009.05,1020.0,1009.05,1020.0,5500,569250
TATACHEM_F2,08-08-2023,09:18:00,1025.0,1027.15,1025.0,1025.0,4950,569250
TATACHEM_F2,08-08-2023,09:19:00,1022.9,1025.9,1022.9,1023.05,8250,569250
TATACHEM_F2,08-08-2023,09:20:00,1022.25,1022.25,1016.5,1017.0,12100,568150
TATACHEM_F2,08-08-2023,09:21:00,1018.0,1028.0,1018.0,1028.0,2750,568150
TATACHEM_F2,08-08-2023,09:23:00,1021.6,1021.6,1021.6,1021.6,550,568150
TATACHEM_F2,08-08-2023,09:26:00,1025.8,1025.8,1025.05,1025.05,3850,569250
TATACHEM_F2,08-08-2023,09:27:00,1026.0,1027.45,1026.0,1027.45,1650,569250
TATACHEM_F2,08-08-2023,09:28:00,1026.1,1026.1,1024.45,1024.45,1100,569250
TATACHEM_F2,08-08-2023,09:29:00,1025.3,1027.15,1025.3,1027.15,1650,569250
TATACHEM_F2,08-08-2023,09:31:00,1025.0,1025.0,1022.0,1022.0,3850,569250
TATACHEM_F2,08-08-2023,09:32:00,1021.7,1021.7,1021.0,1021.0,1650,569250
TATACHEM_F2,08-08-2023,09:33:00,1018.6,1018.6,1018.6,1018.6,550,572000
TATACHEM_F2,08-08-2023,09:34:00,1019.85,1019.85,1019.85,1019.85,550,572000
TATACHEM_F2,08-08-2023,09:35:00,1019.35,1019.35,1019.35,1019.35,1650,572000
TATACHEM_F2,08-08-2023,09:36:00,1017.65,1017.65,1016.05,1016.05,7150,573100
TATACHEM_F2,08-08-2023,09:37:00,1015.7,1015.7,1015.7,1015.7,5500,573100
TATACHEM_F2,08-08-2023,09:39:00,1020.0,1020.0,1020.0,1020.0,550,578600
TATACHEM_F2,08-08-2023,09:40:00,1020.85,1020.85,1020.85,1020.85,1100,578600
TATACHEM_F2,08-08-2023,09:42:00,1019.0,1019.0,1016.35,1017.0,2750,579150
TATACHEM_F2,08-08-2023,09:44:00,1017.0,1017.0,1015.25,1015.25,3300,580800
TATACHEM_F2,08-08-2023,09:45:00,1013.3,1015.0,1013.3,1015.0,1100,580800
TATACHEM_F2,08-08-2023,09:46:00,1015.0,1015.0,1015.0,1015.0,1100,580800
TATACHEM_F2,08-08-2023,09:47:00,1014.55,1014.55,1011.3,1011.3,4400,582450
TATACHEM_F2,08-08-2023,09:48:00,1011.5,1012.9,1011.5,1012.9,1100,582450
TATACHEM_F2,08-08-2023,09:49:00,1012.0,1012.9,1012.0,1012.0,2200,582450
TATACHEM_F2,08-08-2023,09:50:00,1013.05,1013.05,1011.5,1011.5,7150,582450
TATACHEM_F2,08-08-2023,09:51:00,1010.8,1013.3,1009.3,1009.3,17600,587950
TATACHEM_F2,08-08-2023,09:52:00,1010.9,1010.9,1006.0,1006.35,15950,587950
TATACHEM_F2,08-08-2023,09:53:00,1006.0,1006.85,1005.7,1006.4,4950,608300
TATACHEM_F2,08-08-2023,09:54:00,1006.65,1007.7,1006.1,1006.25,3300,608300
TATACHEM_F2,08-08-2023,09:55:00,1006.1,1006.45,1005.7,1006.4,8250,608300
TATACHEM_F2,08-08-2023,09:56:00,1005.5,1005.5,1005.5,1005.5,1100,611600
TATACHEM_F2,08-08-2023,09:57:00,1005.5,1007.85,1005.5,1007.85,9900,611600
TATACHEM_F2,08-08-2023,09:58:00,1008.05,1008.05,1007.0,1007.0,3300,611600
TATACHEM_F2,08-08-2023,09:59:00,1007.5,1007.5,1005.0,1005.0,6600,611600
TATACHEM_F2,08-08-2023,10:00:00,1005.0,1006.0,1003.5,1003.5,8800,618750
TATACHEM_F2,08-08-2023,10:01:00,1003.0,1003.0,1003.0,1003.0,1100,618750
TATACHEM_F2,08-08-2023,10:02:00,1003.95,1003.95,1003.25,1003.25,5500,623700
TATACHEM_F2,08-08-2023,10:03:00,1003.8,1003.8,1003.75,1003.75,1650,623700
TATACHEM_F2,08-08-2023,10:04:00,1003.5,1003.5,1003.0,1003.35,6600,623700
TATACHEM_F2,08-08-2023,10:05:00,1003.35,1003.95,1002.5,1003.95,5500,623700
TATACHEM_F2,08-08-2023,10:06:00,1004.3,1004.3,1003.15,1003.95,2200,623700
TATACHEM_F2,08-08-2023,10:07:00,1003.0,1003.4,1003.0,1003.0,6050,623700
TATACHEM_F2,08-08-2023,10:08:00,1003.15,1003.75,1002.55,1002.55,7150,627550
TATACHEM_F2,08-08-2023,10:09:00,1002.9,1002.9,1002.75,1002.75,1650,627550
TATACHEM_F2,08-08-2023,10:10:00,1002.95,1003.2,1002.95,1002.95,2750,627550
TATACHEM_F2,08-08-2023,10:11:00,1004.2,1004.2,1002.05,1002.05,2200,630850
TATACHEM_F2,08-08-2023,10:14:00,1002.05,1002.65,1002.05,1002.65,1650,630850
TATACHEM_F2,08-08-2023,10:15:00,1001.5,1001.5,1000.0,1000.0,21450,630850
TATACHEM_F2,08-08-2023,10:16:00,1000.0,1000.0,999.35,999.35,1650,630850
TATACHEM_F2,08-08-2023,10:17:00,1000.0,1000.0,998.6,998.6,8800,630850
TATACHEM_F2,08-08-2023,10:18:00,999.0,999.0,998.9,998.9,2750,634700
TATACHEM_F2,08-08-2023,10:19:00,999.95,999.95,999.0,999.6,8250,634700
TATACHEM_F2,08-08-2023,10:20:00,1000.0,1000.8,1000.0,1000.8,3850,634700
TATACHEM_F2,08-08-2023,10:21:00,1000.3,1000.75,1000.0,1000.75,3300,637450
TATACHEM_F2,08-08-2023,10:22:00,1000.85,1000.85,1000.85,1000.85,550,637450
TATACHEM_F2,08-08-2023,10:23:00,1001.95,1001.95,1001.95,1001.95,1650,635800
TATACHEM_F2,08-08-2023,10:24:00,1001.65,1001.95,1001.65,1001.95,2200,635800
TATACHEM_F2,08-08-2023,10:25:00,1002.8,1002.8,1002.8,1002.8,550,635800
TATACHEM_F2,08-08-2023,10:26:00,1002.5,1002.5,1002.5,1002.5,1100,635800
TATACHEM_F2,08-08-2023,10:27:00,1004.1,1004.1,1002.0,1002.0,2200,636900
TATACHEM_F2,08-08-2023,10:28:00,1002.25,1003.35,1002.25,1003.35,1650,636900
TATACHEM_F2,08-08-2023,10:30:00,1003.35,1005.95,1003.35,1005.0,4400,636900
TATACHEM_F2,08-08-2023,10:31:00,1006.0,1006.9,1006.0,1006.35,7700,636900
TATACHEM_F2,08-08-2023,10:32:00,1006.05,1007.05,1006.0,1007.05,4400,636900
TATACHEM_F2,08-08-2023,10:33:00,1007.0,1007.7,1007.0,1007.7,2200,642400
TATACHEM_F2,08-08-2023,10:34:00,1007.1,1007.15,1006.35,1007.15,5500,642400
TATACHEM_F2,08-08-2023,10:35:00,1007.7,1007.7,1007.7,1007.7,550,644050
TATACHEM_F2,08-08-2023,10:36:00,1007.15,1007.7,1007.15,1007.7,1100,644050
TATACHEM_F2,08-08-2023,10:37:00,1007.7,1007.7,1007.7,1007.7,550,644050
TATACHEM_F2,08-08-2023,10:39:00,1007.0,1008.4,1007.0,1008.4,2200,644050
TATACHEM_F2,08-08-2023,10:40:00,1008.05,1008.05,1008.05,1008.05,550,644050
TATACHEM_F2,08-08-2023,10:42:00,1007.7,1007.7,1006.5,1006.9,2750,644600
TATACHEM_F2,08-08-2023,10:44:00,1007.55,1007.55,1007.55,1007.55,1100,645150
TATACHEM_F2,08-08-2023,10:45:00,1007.6,1007.6,1007.6,1007.6,1100,645150
TATACHEM_F2,08-08-2023,10:46:00,1006.05,1006.05,1006.05,1006.05,7150,645150
TATACHEM_F2,08-08-2023,10:47:00,1004.4,1004.4,1004.0,1004.3,2750,645150
TATACHEM_F2,08-08-2023,10:48:00,1003.55,1003.55,1003.5,1003.5,2750,647900
TATACHEM_F2,08-08-2023,10:49:00,1004.45,1005.0,1004.15,1004.15,10450,647900
TATACHEM_F2,08-08-2023,10:50:00,1005.3,1005.35,1005.0,1005.35,1650,647900
TATACHEM_F2,08-08-2023,10:52:00,1005.0,1005.0,1005.0,1005.0,550,647900
TATACHEM_F2,08-08-2023,10:53:00,1005.0,1005.0,1005.0,1005.0,550,649000
TATACHEM_F2,08-08-2023,10:54:00,1005.45,1005.45,1005.45,1005.45,550,649000
TATACHEM_F2,08-08-2023,10:56:00,1007.1,1007.1,1006.6,1006.6,2200,649000
TATACHEM_F2,08-08-2023,10:58:00,1007.25,1007.25,1007.25,1007.25,550,649000
TATACHEM_F2,08-08-2023,11:02:00,1007.45,1007.45,1007.45,1007.45,2200,649550
TATACHEM_F2,08-08-2023,11:04:00,1005.0,1005.0,1002.0,1002.0,20350,650100
TATACHEM_F2,08-08-2023,11:05:00,1002.0,1002.0,1001.95,1002.0,6600,668800
TATACHEM_F2,08-08-2023,11:06:00,1002.0,1002.0,1002.0,1002.0,1650,668800
TATACHEM_F2,08-08-2023,11:08:00,1002.35,1002.35,1002.35,1002.35,1100,668800
TATACHEM_F2,08-08-2023,11:09:00,1002.0,1002.0,1001.0,1001.0,1650,670450
TATACHEM_F2,08-08-2023,11:10:00,1001.1,1001.65,1000.75,1000.85,2200,670450
TATACHEM_F2,08-08-2023,11:11:00,1000.85,1001.95,1000.85,1001.95,1650,670450
TATACHEM_F2,08-08-2023,11:12:00,1003.25,1003.95,1003.25,1003.3,2750,670450
TATACHEM_F2,08-08-2023,11:13:00,1003.45,1003.45,1003.3,1003.3,2200,670450
TATACHEM_F2,08-08-2023,11:15:00,1004.6,1004.75,1004.6,1004.75,8250,671550
TATACHEM_F2,08-08-2023,11:17:00,1004.5,1004.5,1004.0,1004.0,3300,671550
TATACHEM_F2,08-08-2023,11:18:00,1003.0,1003.0,1003.0,1003.0,1650,671550
TATACHEM_F2,08-08-2023,11:19:00,1002.2,1002.2,1002.2,1002.2,1100,671550
TATACHEM_F2,08-08-2023,11:22:00,1003.55,1003.55,1003.55,1003.55,1100,672100
TATACHEM_F2,08-08-2023,11:23:00,1004.0,1004.95,1004.0,1004.65,2750,673200
TATACHEM_F2,08-08-2023,11:24:00,1003.8,1006.6,1003.8,1006.6,3300,673200
TATACHEM_F2,08-08-2023,11:25:00,1007.3,1007.3,1007.3,1007.3,550,673200
TATACHEM_F2,08-08-2023,11:26:00,1007.75,1007.75,1007.75,1007.75,550,673200
TATACHEM_F2,08-08-2023,11:27:00,1007.55,1007.55,1007.55,1007.55,550,675400
TATACHEM_F2,08-08-2023,11:30:00,1007.2,1007.2,1007.2,1007.2,550,675400
TATACHEM_F2,08-08-2023,11:33:00,1007.6,1007.6,1007.6,1007.6,550,675950
TATACHEM_F2,08-08-2023,11:34:00,1006.0,1006.0,1006.0,1006.0,1650,675950
TATACHEM_F2,08-08-2023,11:35:00,1005.5,1005.5,1005.3,1005.3,1650,675950
TATACHEM_F2,08-08-2023,11:36:00,1005.3,1005.3,1005.3,1005.3,550,677050
TATACHEM_F2,08-08-2023,11:40:00,1007.5,1008.0,1007.5,1008.0,1650,677600
TATACHEM_F2,08-08-2023,11:44:00,1008.0,1008.5,1008.0,1008.5,1650,677600
TATACHEM_F2,08-08-2023,11:46:00,1008.5,1008.5,1008.5,1008.5,1100,678700
TATACHEM_F2,08-08-2023,11:47:00,1008.5,1008.5,1008.5,1008.5,1100,678700
TATACHEM_F2,08-08-2023,11:54:00,1008.0,1008.0,1008.0,1008.0,1100,680350
TATACHEM_F2,08-08-2023,11:57:00,1010.0,1010.0,1010.0,1010.0,1650,680350
TATACHEM_F2,08-08-2023,11:59:00,1011.45,1011.55,1011.45,1011.55,2200,680350
TATACHEM_F2,08-08-2023,12:00:00,1011.55,1011.55,1010.0,1010.0,3300,678700
TATACHEM_F2,08-08-2023,12:01:00,1010.0,1010.0,1010.0,1010.0,1100,678700
TATACHEM_F2,08-08-2023,12:06:00,1011.4,1011.4,1011.4,1011.4,550,682000
TATACHEM_F2,08-08-2023,12:09:00,1009.8,1009.8,1009.8,1009.8,550,682550
TATACHEM_F2,08-08-2023,12:13:00,1009.0,1009.0,1009.0,1009.0,1650,682550
TATACHEM_F2,08-08-2023,12:16:00,1008.3,1008.3,1008.3,1008.3,1100,683100
TATACHEM_F2,08-08-2023,12:22:00,1005.95,1005.95,1005.95,1005.95,24750,683100
TATACHEM_F2,08-08-2023,12:32:00,1007.5,1007.5,1007.5,1007.5,550,691350
TATACHEM_F2,08-08-2023,12:43:00,1008.1,1008.1,1008.1,1008.1,550,691900
TATACHEM_F2,08-08-2023,12:44:00,1008.5,1008.5,1008.5,1008.5,3850,691900
TATACHEM_F2,08-08-2023,12:45:00,1009.25,1009.25,1009.25,1009.25,550,692450
TATACHEM_F2,08-08-2023,12:51:00,1009.25,1009.25,1009.25,1009.25,1650,692450
TATACHEM_F2,08-08-2023,12:53:00,1009.55,1009.55,1009.55,1009.55,550,693000
TATACHEM_F2,08-08-2023,12:56:00,1009.55,1009.55,1009.55,1009.55,550,694100
TATACHEM_F2,08-08-2023,12:57:00,1009.0,1009.0,1009.0,1009.0,550,694100
TATACHEM_F2,08-08-2023,12:58:00,1009.5,1009.5,1009.5,1009.5,550,694100
TATACHEM_F2,08-08-2023,12:59:00,1010.15,1010.15,1010.15,1010.15,550,694100
TATACHEM_F2,08-08-2023,13:05:00,1010.0,1010.0,1010.0,1010.0,1100,693550
TATACHEM_F2,08-08-2023,13:12:00,1009.1,1009.1,1009.0,1009.0,1100,694650
TATACHEM_F2,08-08-2023,13:13:00,1009.0,1009.0,1007.4,1007.4,1100,694650
TATACHEM_F2,08-08-2023,13:19:00,1008.55,1008.55,1008.55,1008.55,550,694100
TATACHEM_F2,08-08-2023,13:28:00,1009.3,1009.3,1009.3,1009.3,550,694650
TATACHEM_F2,08-08-2023,13:29:00,1009.95,1009.95,1009.95,1009.95,1650,694650
TATACHEM_F2,08-08-2023,13:36:00,1007.85,1007.85,1007.85,1007.85,1100,694650
TATACHEM_F2,08-08-2023,13:37:00,1009.5,1009.5,1009.5,1009.5,550,694650
TATACHEM_F2,08-08-2023,13:39:00,1008.05,1008.05,1008.05,1008.05,550,694650
TATACHEM_F2,08-08-2023,13:42:00,1009.45,1009.45,1009.45,1009.45,1100,694650
TATACHEM_F2,08-08-2023,13:43:00,1008.0,1008.0,1008.0,1008.0,1100,694650
TATACHEM_F2,08-08-2023,13:44:00,1006.6,1006.6,1006.6,1006.6,2200,694650
TATACHEM_F2,08-08-2023,13:46:00,1007.0,1007.0,1007.0,1007.0,550,695200
TATACHEM_F2,08-08-2023,13:47:00,1006.5,1006.5,1006.5,1006.5,1650,695200
TATACHEM_F2,08-08-2023,13:48:00,1007.0,1007.0,1007.0,1007.0,550,696300
TATACHEM_F2,08-08-2023,13:49:00,1007.0,1007.0,1007.0,1007.0,1100,696300
TATACHEM_F2,08-08-2023,13:50:00,1006.95,1006.95,1006.95,1006.95,1100,696300
TATACHEM_F2,08-08-2023,13:52:00,1006.95,1006.95,1006.95,1006.95,4400,697950
TATACHEM_F2,08-08-2023,13:55:00,1007.1,1007.1,1007.1,1007.1,550,697950
TATACHEM_F2,08-08-2023,13:58:00,1007.95,1007.95,1007.95,1007.95,550,693000
TATACHEM_F2,08-08-2023,14:00:00,1008.25,1008.25,1008.25,1008.25,550,693000
TATACHEM_F2,08-08-2023,14:02:00,1008.25,1008.25,1008.25,1008.25,550,693550
TATACHEM_F2,08-08-2023,14:05:00,1008.0,1008.0,1005.9,1005.9,31900,694100
TATACHEM_F2,08-08-2023,14:08:00,1005.0,1005.0,1005.0,1005.0,1100,711150
TATACHEM_F2,08-08-2023,14:16:00,1006.9,1006.9,1006.9,1006.9,550,711150
TATACHEM_F2,08-08-2023,14:23:00,1005.95,1005.95,1003.5,1003.5,19250,711700
TATACHEM_F2,08-08-2023,14:24:00,1003.5,1003.5,1003.5,1003.5,550,711700
TATACHEM_F2,08-08-2023,14:25:00,1003.5,1003.5,1003.5,1003.5,4400,729300
TATACHEM_F2,08-08-2023,14:27:00,1004.0,1004.0,1004.0,1004.0,550,732050
TATACHEM_F2,08-08-2023,14:28:00,1003.55,1003.55,1003.55,1003.55,1100,732050
TATACHEM_F2,08-08-2023,14:30:00,1004.0,1004.0,1004.0,1004.0,1100,730950
TATACHEM_F2,08-08-2023,14:32:00,1004.0,1004.0,1004.0,1004.0,550,730950
TATACHEM_F2,08-08-2023,14:33:00,1004.0,1004.0,1004.0,1004.0,550,730950
TATACHEM_F2,08-08-2023,14:34:00,1004.0,1004.0,1004.0,1004.0,1650,730400
TATACHEM_F2,08-08-2023,14:36:00,1003.55,1003.55,1003.55,1003.55,1650,732050
TATACHEM_F2,08-08-2023,14:37:00,1003.0,1003.0,1003.0,1003.0,2750,732050
TATACHEM_F2,08-08-2023,14:38:00,1002.75,1002.75,1001.95,1001.95,1100,732050
TATACHEM_F2,08-08-2023,14:40:00,1002.15,1002.15,1002.15,1002.15,550,732600
TATACHEM_F2,08-08-2023,14:41:00,1001.0,1001.0,1000.9,1000.9,1100,732600
TATACHEM_F2,08-08-2023,14:42:00,1000.0,1000.8,1000.0,1000.8,3300,732600
TATACHEM_F2,08-08-2023,14:45:00,1000.95,1001.55,1000.7,1001.55,2750,734250
TATACHEM_F2,08-08-2023,14:46:00,1000.75,1000.75,1000.75,1000.75,550,734250
TATACHEM_F2,08-08-2023,14:48:00,1000.75,1000.75,1000.15,1000.15,3850,734250
TATACHEM_F2,08-08-2023,14:49:00,1000.0,1000.0,999.4,999.4,2750,736450
TATACHEM_F2,08-08-2023,14:50:00,999.6,999.6,999.4,999.4,1650,736450
TATACHEM_F2,08-08-2023,14:51:00,999.55,1000.05,999.55,1000.05,1100,736450
TATACHEM_F2,08-08-2023,14:52:00,999.8,1001.7,999.8,1001.7,2200,736450
TATACHEM_F2,08-08-2023,14:53:00,1001.65,1001.7,1001.65,1001.7,1100,736450
TATACHEM_F2,08-08-2023,14:54:00,1002.35,1002.35,1002.35,1002.35,550,736450
TATACHEM_F2,08-08-2023,14:55:00,1002.4,1002.4,1002.4,1002.4,550,738100
TATACHEM_F2,08-08-2023,15:02:00,1002.4,1002.4,1002.4,1002.4,550,738650
TATACHEM_F2,08-08-2023,15:03:00,1003.3,1003.3,1003.3,1003.3,550,738650
TATACHEM_F2,08-08-2023,15:04:00,1002.8,1003.95,1002.8,1003.95,1650,738650
TATACHEM_F2,08-08-2023,15:06:00,1005.0,1005.0,1005.0,1005.0,550,739200
TATACHEM_F2,08-08-2023,15:08:00,1005.35,1005.35,1004.25,1004.25,3850,739200
TATACHEM_F2,08-08-2023,15:10:00,1004.8,1004.8,1004.8,1004.8,550,741950
TATACHEM_F2,08-08-2023,15:12:00,1005.15,1005.15,1005.15,1005.15,550,741950
TATACHEM_F2,08-08-2023,15:13:00,1003.6,1003.6,1003.6,1003.6,550,741950
TATACHEM_F2,08-08-2023,15:15:00,1004.1,1004.1,1003.65,1003.65,1650,741950
TATACHEM_F2,08-08-2023,15:16:00,1004.0,1004.0,1004.0,1004.0,550,741950
TATACHEM_F2,08-08-2023,15:18:00,1004.1,1004.45,1004.1,1004.45,2200,742500
TATACHEM_F2,08-08-2023,15:19:00,1004.3,1004.3,1004.3,1004.3,1100,742500
TATACHEM_F2,08-08-2023,15:22:00,1004.8,1004.8,1004.8,1004.8,550,743600
TATACHEM_F2,08-08-2023,15:24:00,1004.05,1004.05,1004.05,1004.05,550,743050
TATACHEM_F2,08-08-2023,15:26:00,1004.7,1004.7,1003.85,1003.85,1100,743050
TATACHEM_F2,08-08-2023,15:27:00,1004.5,1004.5,1004.5,1004.5,550,743600
TATACHEM_F2,08-08-2023,15:28:00,1004.75,1004.75,1003.8,1004.2,1650,743600
TATACHEM_F2,08-08-2023,15:29:00,1004.0,1004.0,1003.95,1004.0,8800,743600
TATACHEM_F2,09-08-2023,09:15:00,999.65,999.65,987.05,987.05,6052,750200
TATACHEM_F2,09-08-2023,09:16:00,987.55,988.9,987.55,988.9,8800,750200
TATACHEM_F2,09-08-2023,09:17:00,987.2,990.8,987.2,990.8,2750,752950
TATACHEM_F2,09-08-2023,09:18:00,989.3,989.3,981.05,981.05,21450,752950
TATACHEM_F2,09-08-2023,09:19:00,981.05,982.0,981.05,982.0,6050,752950
TATACHEM_F2,09-08-2023,09:20:00,981.0,981.15,980.0,981.15,14300,761200
TATACHEM_F2,09-08-2023,09:21:00,980.95,982.25,979.1,981.0,13750,761200
TATACHEM_F2,09-08-2023,09:22:00,980.5,983.95,980.3,983.95,11550,761200
TATACHEM_F2,09-08-2023,09:23:00,984.0,985.65,980.0,985.65,11000,770550
TATACHEM_F2,09-08-2023,09:24:00,985.8,985.8,982.7,985.05,7150,770550
TATACHEM_F2,09-08-2023,09:25:00,984.8,985.55,984.6,984.6,2200,770550
TATACHEM_F2,09-08-2023,09:26:00,986.0,986.0,985.4,986.0,5500,773300
TATACHEM_F2,09-08-2023,09:27:00,986.8,986.8,983.45,985.15,13200,773300
TATACHEM_F2,09-08-2023,09:28:00,984.15,985.4,984.0,984.95,12100,773300
TATACHEM_F2,09-08-2023,09:29:00,984.95,986.0,984.5,986.0,4400,785950
TATACHEM_F2,09-08-2023,09:30:00,986.4,986.4,986.4,986.4,550,785950
TATACHEM_F2,09-08-2023,09:31:00,986.45,987.0,985.7,987.0,2200,785950
TATACHEM_F2,09-08-2023,09:32:00,987.65,987.65,987.65,987.65,1650,785950
TATACHEM_F2,09-08-2023,09:33:00,989.5,989.5,988.95,988.95,1650,785950
TATACHEM_F2,09-08-2023,09:34:00,988.0,988.35,988.0,988.35,2750,785950
TATACHEM_F2,09-08-2023,09:35:00,989.0,989.0,989.0,989.0,550,785950
TATACHEM_F2,09-08-2023,09:36:00,989.5,991.0,989.5,991.0,11000,784850
TATACHEM_F2,09-08-2023,09:37:00,991.0,991.0,991.0,991.0,4950,784850
TATACHEM_F2,09-08-2023,09:38:00,991.0,991.4,991.0,991.4,9350,802450
TATACHEM_F2,09-08-2023,09:39:00,991.05,991.05,989.65,989.9,7150,802450
TATACHEM_F2,09-08-2023,09:41:00,988.85,989.5,988.85,989.5,3300,805750
TATACHEM_F2,09-08-2023,09:42:00,989.3,989.3,987.4,987.4,2200,805750
TATACHEM_F2,09-08-2023,09:43:00,988.35,988.35,987.15,987.35,3300,805750
TATACHEM_F2,09-08-2023,09:44:00,986.8,987.35,986.8,987.35,2200,810150
TATACHEM_F2,09-08-2023,09:45:00,987.35,987.35,987.35,987.35,550,810150
TATACHEM_F2,09-08-2023,09:46:00,988.35,988.35,988.05,988.05,3300,810150
TATACHEM_F2,09-08-2023,09:47:00,988.2,988.2,988.15,988.15,3850,815100
TATACHEM_F2,09-08-2023,09:48:00,985.5,986.4,985.5,986.4,1100,815100
TATACHEM_F2,09-08-2023,09:49:00,986.25,986.25,985.6,985.6,1650,815100
TATACHEM_F2,09-08-2023,09:51:00,986.8,986.8,986.8,986.8,550,816200
TATACHEM_F2,09-08-2023,09:52:00,986.4,986.45,986.4,986.45,1650,816200
TATACHEM_F2,09-08-2023,09:53:00,985.3,985.9,985.3,985.9,2750,818400
TATACHEM_F2,09-08-2023,09:55:00,985.9,985.9,985.9,985.9,1650,818400
TATACHEM_F2,09-08-2023,09:56:00,985.45,985.45,985.45,985.45,1100,817850
TATACHEM_F2,09-08-2023,09:57:00,985.8,985.8,985.0,985.0,1650,817850
TATACHEM_F2,09-08-2023,09:58:00,985.0,986.0,985.0,986.0,2750,817850
TATACHEM_F2,09-08-2023,09:59:00,986.1,986.55,986.1,986.55,1100,820600
TATACHEM_F2,09-08-2023,10:00:00,987.95,987.95,987.5,987.5,1650,820600
TATACHEM_F2,09-08-2023,10:01:00,986.8,986.8,986.8,986.8,550,820600
TATACHEM_F2,09-08-2023,10:03:00,987.85,987.85,987.85,987.85,550,822250
TATACHEM_F2,09-08-2023,10:04:00,987.8,988.35,987.8,987.8,1650,822250
TATACHEM_F2,09-08-2023,10:05:00,987.85,989.5,987.85,989.5,3300,822250
TATACHEM_F2,09-08-2023,10:06:00,990.0,990.0,989.5,989.5,6600,822800
TATACHEM_F2,09-08-2023,10:07:00,989.0,989.0,986.65,986.65,8250,822800
TATACHEM_F2,09-08-2023,10:08:00,987.2,987.25,987.2,987.25,3300,822800
TATACHEM_F2,09-08-2023,10:09:00,987.0,987.0,986.0,986.35,2750,828850
TATACHEM_F2,09-08-2023,10:10:00,985.85,986.35,985.85,986.35,1650,828850
TATACHEM_F2,09-08-2023,10:11:00,986.9,986.9,986.0,986.0,2200,828850
TATACHEM_F2,09-08-2023,10:12:00,985.35,985.35,985.35,985.35,550,831600
TATACHEM_F2,09-08-2023,10:13:00,986.0,986.0,986.0,986.0,550,831600
TATACHEM_F2,09-08-2023,10:14:00,986.45,986.9,986.45,986.9,2750,831600
TATACHEM_F2,09-08-2023,10:17:00,987.05,987.05,987.05,987.05,550,831600
TATACHEM_F2,09-08-2023,10:18:00,985.0,985.0,983.5,983.8,4400,833800
TATACHEM_F2,09-08-2023,10:20:00,984.65,984.65,984.5,984.5,1100,833800
TATACHEM_F2,09-08-2023,10:22:00,984.95,985.4,984.15,984.65,3300,837100
TATACHEM_F2,09-08-2023,10:23:00,984.95,985.0,984.95,985.0,3300,837100
TATACHEM_F2,09-08-2023,10:24:00,985.0,985.0,985.0,985.0,1100,840950
TATACHEM_F2,09-08-2023,10:25:00,986.15,986.15,986.15,986.15,1650,840950
TATACHEM_F2,09-08-2023,10:26:00,985.1,985.95,985.0,985.2,3850,842600
TATACHEM_F2,09-08-2023,10:27:00,984.75,984.75,983.85,983.85,2750,842600
TATACHEM_F2,09-08-2023,10:28:00,984.45,984.45,983.85,983.85,4400,842600
TATACHEM_F2,09-08-2023,10:31:00,984.6,984.6,984.5,984.5,1100,845350
TATACHEM_F2,09-08-2023,10:33:00,983.55,983.8,983.55,983.8,2750,846450
TATACHEM_F2,09-08-2023,10:34:00,983.55,983.55,983.5,983.55,2200,846450
TATACHEM_F2,09-08-2023,10:35:00,983.55,983.55,983.55,983.55,550,846450
TATACHEM_F2,09-08-2023,10:38:00,985.3,985.3,984.8,984.8,3850,848650
TATACHEM_F2,09-08-2023,10:39:00,983.55,983.55,983.55,983.55,1100,849200
TATACHEM_F2,09-08-2023,10:40:00,983.1,983.55,983.1,983.55,1650,849200
TATACHEM_F2,09-08-2023,10:41:00,983.0,983.25,982.55,983.25,4950,853600
TATACHEM_F2,09-08-2023,10:42:00,982.7,982.7,982.55,982.6,3850,853600
TATACHEM_F2,09-08-2023,10:43:00,982.5,983.05,982.5,983.05,2200,853600
TATACHEM_F2,09-08-2023,10:44:00,983.15,983.15,983.0,983.0,4400,853600
TATACHEM_F2,09-08-2023,10:45:00,983.0,983.55,983.0,983.05,2200,856900
TATACHEM_F2,09-08-2023,10:46:00,982.25,982.25,981.7,981.7,4950,856900
TATACHEM_F2,09-08-2023,10:47:00,981.0,981.0,980.7,980.7,4400,863500
TATACHEM_F2,09-08-2023,10:48:00,981.0,981.0,980.0,980.0,11550,863500
TATACHEM_F2,09-08-2023,10:49:00,980.25,980.25,979.5,979.5,4400,863500
TATACHEM_F2,09-08-2023,10:50:00,979.5,979.8,979.5,979.8,1650,863500
TATACHEM_F2,09-08-2023,10:51:00,979.35,980.1,979.35,980.05,1650,876700
TATACHEM_F2,09-08-2023,10:52:00,979.4,979.4,979.4,979.4,1100,876700
TATACHEM_F2,09-08-2023,10:53:00,979.35,979.95,979.35,979.95,1100,876700
TATACHEM_F2,09-08-2023,10:54:00,979.35,980.0,979.35,980.0,4400,877800
TATACHEM_F2,09-08-2023,10:55:00,979.5,979.8,979.5,979.5,4400,877800
TATACHEM_F2,09-08-2023,10:57:00,979.8,979.8,979.8,979.8,1100,884400
TATACHEM_F2,09-08-2023,10:58:00,981.15,981.15,981.0,981.0,1650,884400
TATACHEM_F2,09-08-2023,10:59:00,979.5,979.5,978.85,978.85,4400,884950
TATACHEM_F2,09-08-2023,11:00:00,978.8,978.8,977.3,978.05,9900,884950
TATACHEM_F2,09-08-2023,11:01:00,977.0,978.1,977.0,978.1,12100,884950
TATACHEM_F2,09-08-2023,11:02:00,978.1,978.55,978.1,978.55,1650,884950
TATACHEM_F2,09-08-2023,11:04:00,978.15,979.0,978.15,979.0,1650,901450
TATACHEM_F2,09-08-2023,11:05:00,978.05,978.05,978.0,978.0,1100,901450
TATACHEM_F2,09-08-2023,11:08:00,979.75,979.75,979.75,979.75,550,903100
TATACHEM_F2,09-08-2023,11:09:00,979.75,979.75,979.75,979.75,550,903100
TATACHEM_F2,09-08-2023,11:10:00,980.5,980.5,980.5,980.5,2200,903100
TATACHEM_F2,09-08-2023,11:11:00,980.55,980.75,980.55,980.75,1650,903100
TATACHEM_F2,09-08-2023,11:12:00,982.0,982.6,982.0,982.6,1650,902000
TATACHEM_F2,09-08-2023,11:13:00,981.8,981.8,981.8,981.8,550,902000
TATACHEM_F2,09-08-2023,11:14:00,982.95,982.95,982.95,982.95,2200,902000
TATACHEM_F2,09-08-2023,11:19:00,982.45,982.45,982.45,982.45,550,899800
TATACHEM_F2,09-08-2023,11:20:00,982.45,982.45,982.0,982.0,4400,899800
TATACHEM_F2,09-08-2023,11:25:00,982.0,982.0,982.0,982.0,1100,898700
TATACHEM_F2,09-08-2023,11:26:00,979.6,979.6,979.6,979.6,550,898700
TATACHEM_F2,09-08-2023,11:27:00,980.0,980.0,979.0,979.0,2750,899250
TATACHEM_F2,09-08-2023,11:28:00,979.05,979.05,978.75,978.75,5500,899250
TATACHEM_F2,09-08-2023,11:29:00,978.25,978.25,978.25,978.25,550,899250
TATACHEM_F2,09-08-2023,11:31:00,978.8,978.8,978.8,978.8,2200,904200
TATACHEM_F2,09-08-2023,11:32:00,978.95,978.95,978.95,978.95,550,904200
TATACHEM_F2,09-08-2023,11:34:00,980.4,980.4,980.4,980.4,1650,905300
TATACHEM_F2,09-08-2023,11:36:00,980.05,980.4,980.05,980.4,2200,905300
TATACHEM_F2,09-08-2023,11:38:00,980.65,980.65,980.65,980.65,550,905300
TATACHEM_F2,09-08-2023,11:39:00,981.0,981.0,981.0,981.0,550,905850
TATACHEM_F2,09-08-2023,11:42:00,981.0,981.0,981.0,981.0,550,906400
TATACHEM_F2,09-08-2023,11:44:00,981.9,981.9,981.9,981.9,550,906400
TATACHEM_F2,09-08-2023,11:46:00,981.0,981.0,981.0,981.0,550,906950
TATACHEM_F2,09-08-2023,11:48:00,981.25,981.25,981.0,981.0,1650,906950
TATACHEM_F2,09-08-2023,11:49:00,981.65,981.65,981.65,981.65,3300,906950
TATACHEM_F2,09-08-2023,11:51:00,981.5,981.5,981.5,981.5,550,908050
TATACHEM_F2,09-08-2023,11:53:00,981.5,981.5,981.5,981.5,550,908050
TATACHEM_F2,09-08-2023,11:56:00,981.5,981.5,981.5,981.5,1650,908600
TATACHEM_F2,09-08-2023,12:00:00,981.5,981.5,981.5,981.5,4400,908600
TATACHEM_F2,09-08-2023,12:01:00,981.5,981.5,981.5,981.5,2200,908600
TATACHEM_F2,09-08-2023,12:04:00,981.55,981.55,981.55,981.55,1100,915200
TATACHEM_F2,09-08-2023,12:05:00,982.4,982.5,982.4,982.5,1100,915200
TATACHEM_F2,09-08-2023,12:08:00,982.0,982.0,982.0,982.0,1100,914100
TATACHEM_F2,09-08-2023,12:09:00,982.0,982.15,982.0,982.15,1100,915200
TATACHEM_F2,09-08-2023,12:11:00,983.0,983.0,983.0,983.0,550,915200
TATACHEM_F2,09-08-2023,12:12:00,983.0,983.0,983.0,983.0,550,915200
TATACHEM_F2,09-08-2023,12:13:00,983.0,983.0,983.0,983.0,550,915200
TATACHEM_F2,09-08-2023,12:14:00,983.5,983.5,983.5,983.5,550,915200
TATACHEM_F2,09-08-2023,12:15:00,983.3,983.3,983.3,983.3,550,915750
TATACHEM_F2,09-08-2023,12:16:00,983.0,983.0,983.0,983.0,1100,915750
TATACHEM_F2,09-08-2023,12:24:00,983.0,983.15,982.95,983.15,5500,916300
TATACHEM_F2,09-08-2023,12:25:00,983.0,983.0,983.0,983.0,1100,916300
TATACHEM_F2,09-08-2023,12:26:00,982.6,982.6,982.6,982.6,2200,916300
TATACHEM_F2,09-08-2023,12:27:00,982.6,982.6,982.0,982.0,2750,924550
TATACHEM_F2,09-08-2023,12:28:00,981.5,981.5,981.5,981.5,550,924550
TATACHEM_F2,09-08-2023,12:29:00,981.6,981.6,980.55,980.55,1100,924550
TATACHEM_F2,09-08-2023,12:30:00,980.55,980.85,980.55,980.85,2200,928400
TATACHEM_F2,09-08-2023,12:31:00,980.5,980.5,980.5,980.5,550,928400
TATACHEM_F2,09-08-2023,12:32:00,980.85,980.85,980.85,980.85,550,928400
TATACHEM_F2,09-08-2023,12:35:00,981.7,981.95,981.7,981.95,3850,930600
TATACHEM_F2,09-08-2023,12:36:00,982.2,982.3,981.7,982.3,3850,933350
TATACHEM_F2,09-08-2023,12:37:00,982.3,982.75,982.3,982.75,7150,933350
TATACHEM_F2,09-08-2023,12:38:00,983.65,983.65,983.65,983.65,2200,933350
TATACHEM_F2,09-08-2023,12:39:00,983.85,983.85,983.85,983.85,550,944900
TATACHEM_F2,09-08-2023,12:40:00,983.85,983.85,983.85,983.85,550,944900
TATACHEM_F2,09-08-2023,12:41:00,982.55,984.0,982.55,984.0,6600,944900
TATACHEM_F2,09-08-2023,12:42:00,984.0,984.0,984.0,984.0,1100,948750
TATACHEM_F2,09-08-2023,12:43:00,984.8,984.8,984.8,984.8,2750,948750
TATACHEM_F2,09-08-2023,12:45:00,984.8,984.8,984.8,984.8,1100,949300
TATACHEM_F2,09-08-2023,12:48:00,984.8,984.8,984.45,984.45,3300,950400
TATACHEM_F2,09-08-2023,12:50:00,984.4,984.4,984.4,984.4,550,950400
TATACHEM_F2,09-08-2023,12:51:00,984.0,984.0,984.0,984.0,550,950400
TATACHEM_F2,09-08-2023,12:52:00,984.0,984.0,984.0,984.0,550,954800
TATACHEM_F2,09-08-2023,12:53:00,984.25,984.25,984.25,984.25,550,954800
TATACHEM_F2,09-08-2023,12:55:00,983.7,983.7,983.7,983.7,550,955900
TATACHEM_F2,09-08-2023,12:59:00,983.6,983.6,983.6,983.6,550,955350
TATACHEM_F2,09-08-2023,13:00:00,983.8,984.0,983.8,984.0,2200,954800
TATACHEM_F2,09-08-2023,13:02:00,984.45,984.5,984.45,984.5,1100,954800
TATACHEM_F2,09-08-2023,13:04:00,984.9,984.9,984.4,984.4,1100,955900
TATACHEM_F2,09-08-2023,13:06:00,984.4,984.4,984.4,984.4,1100,955900
TATACHEM_F2,09-08-2023,13:07:00,984.4,984.4,984.4,984.4,550,955900
TATACHEM_F2,09-08-2023,13:08:00,984.4,984.4,984.4,984.4,550,955900
TATACHEM_F2,09-08-2023,13:10:00,983.1,983.1,983.1,983.1,9350,955900
TATACHEM_F2,09-08-2023,13:11:00,983.7,983.7,983.7,983.7,550,955900
TATACHEM_F2,09-08-2023,13:13:00,984.4,984.4,984.4,984.4,550,961950
TATACHEM_F2,09-08-2023,13:14:00,985.0,985.0,985.0,985.0,550,961950
TATACHEM_F2,09-08-2023,13:15:00,984.55,984.55,984.55,984.55,550,961400
TATACHEM_F2,09-08-2023,13:16:00,984.7,984.7,984.6,984.6,1100,961400
TATACHEM_F2,09-08-2023,13:17:00,984.05,984.05,984.05,984.05,1100,961400
TATACHEM_F2,09-08-2023,13:18:00,984.45,984.45,984.45,984.45,550,962500
TATACHEM_F2,09-08-2023,13:19:00,985.0,985.0,985.0,985.0,2200,962500
TATACHEM_F2,09-08-2023,13:21:00,985.0,985.2,985.0,985.2,1650,962500
TATACHEM_F2,09-08-2023,13:23:00,985.2,985.2,985.2,985.2,1650,964150
TATACHEM_F2,09-08-2023,13:24:00,985.6,985.6,985.6,985.6,550,965800
TATACHEM_F2,09-08-2023,13:25:00,985.75,986.0,985.65,986.0,2200,965800
TATACHEM_F2,09-08-2023,13:26:00,986.2,986.2,986.2,986.2,550,965800
TATACHEM_F2,09-08-2023,13:27:00,986.2,986.2,986.2,986.2,1650,964700
TATACHEM_F2,09-08-2023,13:28:00,986.2,986.2,986.0,986.0,2200,964700
TATACHEM_F2,09-08-2023,13:29:00,986.0,986.0,986.0,986.0,1100,964700
TATACHEM_F2,09-08-2023,13:30:00,985.95,986.35,985.95,986.35,2200,965800
TATACHEM_F2,09-08-2023,13:31:00,986.35,986.35,986.2,986.2,9900,965800
TATACHEM_F2,09-08-2023,13:33:00,986.2,986.4,986.2,986.4,3850,968000
TATACHEM_F2,09-08-2023,13:34:00,985.75,985.75,985.75,985.75,4950,968000
TATACHEM_F2,09-08-2023,13:36:00,985.8,985.8,985.8,985.8,550,970750
TATACHEM_F2,09-08-2023,13:37:00,985.8,986.0,985.8,986.0,2750,970750
TATACHEM_F2,09-08-2023,13:39:00,986.0,986.0,986.0,986.0,1650,972400
TATACHEM_F2,09-08-2023,13:41:00,986.0,986.0,986.0,986.0,550,972400
TATACHEM_F2,09-08-2023,13:42:00,986.2,986.2,986.2,986.2,1100,974600
TATACHEM_F2,09-08-2023,13:43:00,986.45,986.45,986.45,986.45,550,974600
TATACHEM_F2,09-08-2023,13:46:00,986.35,986.35,986.35,986.35,550,976250
TATACHEM_F2,09-08-2023,13:47:00,986.35,986.35,986.35,986.35,6600,976250
TATACHEM_F2,09-08-2023,13:48:00,986.5,986.5,986.5,986.5,550,983400
TATACHEM_F2,09-08-2023,13:51:00,986.5,986.5,986.5,986.5,550,983400
TATACHEM_F2,09-08-2023,13:52:00,986.6,986.6,986.2,986.2,3300,982850
TATACHEM_F2,09-08-2023,13:53:00,986.55,986.55,986.2,986.2,2750,982850
TATACHEM_F2,09-08-2023,13:54:00,987.0,987.0,987.0,987.0,1100,987250
TATACHEM_F2,09-08-2023,13:55:00,987.0,987.7,987.0,987.7,8250,987250
TATACHEM_F2,09-08-2023,13:56:00,987.7,987.7,987.7,987.7,550,987250
TATACHEM_F2,09-08-2023,13:58:00,987.5,987.5,987.5,987.5,3300,991650
TATACHEM_F2,09-08-2023,13:59:00,987.5,987.5,987.5,987.5,6050,991650
TATACHEM_F2,09-08-2023,14:00:00,987.5,987.5,987.5,987.5,2750,992750
TATACHEM_F2,09-08-2023,14:02:00,988.0,988.0,987.9,987.9,2200,992750
TATACHEM_F2,09-08-2023,14:04:00,987.8,988.0,987.8,988.0,2200,993300
TATACHEM_F2,09-08-2023,14:07:00,988.1,988.1,988.1,988.1,550,992750
TATACHEM_F2,09-08-2023,14:08:00,987.2,987.2,987.2,987.2,550,992750
TATACHEM_F2,09-08-2023,14:12:00,987.7,987.7,987.7,987.7,1650,992750
TATACHEM_F2,09-08-2023,14:13:00,987.7,988.3,987.5,987.5,3300,993850
TATACHEM_F2,09-08-2023,14:15:00,988.2,988.2,988.2,988.2,550,993850
TATACHEM_F2,09-08-2023,14:16:00,987.5,987.5,987.5,987.5,1650,997150
TATACHEM_F2,09-08-2023,14:17:00,987.3,987.3,987.3,987.3,1100,997150
TATACHEM_F2,09-08-2023,14:18:00,987.25,987.25,987.25,987.25,1100,999350
TATACHEM_F2,09-08-2023,14:21:00,988.35,988.35,988.35,988.35,550,999350
TATACHEM_F2,09-08-2023,14:22:00,988.25,988.25,988.25,988.25,550,999900
TATACHEM_F2,09-08-2023,14:23:00,988.35,988.35,988.35,988.35,550,999900
TATACHEM_F2,09-08-2023,14:25:00,988.4,988.4,988.4,988.4,2200,1001000
TATACHEM_F2,09-08-2023,14:28:00,988.4,989.0,988.4,989.0,3850,1002100
TATACHEM_F2,09-08-2023,14:29:00,988.5,988.5,988.5,988.5,1650,1002100
TATACHEM_F2,09-08-2023,14:30:00,990.0,990.0,990.0,990.0,3300,1003200
TATACHEM_F2,09-08-2023,14:31:00,989.95,990.0,989.2,989.2,9900,1003200
TATACHEM_F2,09-08-2023,14:32:00,988.5,988.5,988.5,988.5,1100,1003200
TATACHEM_F2,09-08-2023,14:33:00,988.85,989.65,988.85,989.65,2750,1010900
TATACHEM_F2,09-08-2023,14:34:00,990.0,990.0,989.05,989.05,2200,1010900
TATACHEM_F2,09-08-2023,14:35:00,989.4,989.4,989.4,989.4,550,1010900
TATACHEM_F2,09-08-2023,14:38:00,989.7,990.0,989.7,990.0,6600,1014200
TATACHEM_F2,09-08-2023,14:39:00,990.55,990.55,990.55,990.55,550,1014200
TATACHEM_F2,09-08-2023,14:42:00,990.55,990.55,990.55,990.55,2200,1018050
TATACHEM_F2,09-08-2023,14:43:00,991.0,991.55,991.0,991.55,1100,1018050
TATACHEM_F2,09-08-2023,14:44:00,991.25,991.25,990.45,990.45,1100,1018050
TATACHEM_F2,09-08-2023,14:45:00,990.55,990.55,990.55,990.55,550,1018050
TATACHEM_F2,09-08-2023,14:46:00,990.15,990.5,990.15,990.5,17050,1019150
TATACHEM_F2,09-08-2023,14:47:00,991.3,991.3,990.5,990.5,8250,1019150
TATACHEM_F2,09-08-2023,14:49:00,990.5,990.9,990.0,990.9,1650,1035650
TATACHEM_F2,09-08-2023,14:50:00,991.0,991.05,991.0,991.05,2200,1035650
TATACHEM_F2,09-08-2023,14:51:00,991.95,992.5,991.95,992.5,4400,1035650
TATACHEM_F2,09-08-2023,14:52:00,992.95,992.95,992.95,992.95,4950,1035650
TATACHEM_F2,09-08-2023,14:57:00,992.95,992.95,992.95,992.95,1650,1034550
TATACHEM_F2,09-08-2023,14:58:00,993.0,993.0,993.0,993.0,550,1034550
TATACHEM_F2,09-08-2023,14:59:00,993.5,993.5,993.5,993.5,1100,1034550
TATACHEM_F2,09-08-2023,15:00:00,994.4,994.4,994.4,994.4,550,1034550
TATACHEM_F2,09-08-2023,15:01:00,994.4,994.95,994.4,994.8,2200,1034000
TATACHEM_F2,09-08-2023,15:02:00,994.8,994.95,994.3,994.55,2200,1034000
TATACHEM_F2,09-08-2023,15:03:00,994.95,995.55,994.95,995.55,4400,1036200
TATACHEM_F2,09-08-2023,15:04:00,995.0,995.0,994.5,995.0,5500,1036200
TATACHEM_F2,09-08-2023,15:05:00,995.0,995.0,995.0,995.0,550,1036200
TATACHEM_F2,09-08-2023,15:06:00,994.2,995.15,994.2,995.0,2750,1038950
TATACHEM_F2,09-08-2023,15:08:00,995.5,995.5,995.5,995.5,550,1038950
TATACHEM_F2,09-08-2023,15:09:00,995.5,996.0,995.5,996.0,2200,1039500
TATACHEM_F2,09-08-2023,15:10:00,996.0,996.0,996.0,996.0,550,1039500
TATACHEM_F2,09-08-2023,15:11:00,996.0,996.3,996.0,996.0,2750,1039500
TATACHEM_F2,09-08-2023,15:12:00,996.0,996.0,994.75,994.75,6050,1045550
TATACHEM_F2,09-08-2023,15:13:00,996.1,996.1,995.8,995.8,1100,1045550
TATACHEM_F2,09-08-2023,15:14:00,995.8,995.8,994.2,994.45,2200,1045550
TATACHEM_F2,09-08-2023,15:15:00,994.65,996.65,994.65,996.65,3300,1049950
TATACHEM_F2,09-08-2023,15:16:00,996.15,996.65,996.15,996.65,4950,1049950
TATACHEM_F2,09-08-2023,15:17:00,996.5,996.5,996.4,996.4,1650,1049950
TATACHEM_F2,09-08-2023,15:18:00,996.1,996.1,995.0,995.65,2200,1053800
TATACHEM_F2,09-08-2023,15:19:00,996.0,996.0,995.65,995.65,1100,1053800
TATACHEM_F2,09-08-2023,15:20:00,995.65,995.65,995.65,995.65,2200,1053800
TATACHEM_F2,09-08-2023,15:21:00,996.45,996.95,996.45,996.85,2750,1056550
TATACHEM_F2,09-08-2023,15:22:00,996.9,996.9,996.9,996.9,1100,1056550
TATACHEM_F2,09-08-2023,15:23:00,996.0,996.0,996.0,996.0,2750,1056550
TATACHEM_F2,09-08-2023,15:24:00,996.5,996.5,996.5,996.5,9350,1064250
TATACHEM_F2,09-08-2023,15:25:00,996.6,996.6,996.5,996.5,7150,1064250
TATACHEM_F2,09-08-2023,15:26:00,996.5,996.5,996.0,996.0,4950,1064250
TATACHEM_F2,09-08-2023,15:27:00,996.2,996.2,995.05,995.05,2200,1069750
TATACHEM_F2,09-08-2023,15:28:00,994.25,995.5,994.25,995.5,12650,1069750
TATACHEM_F2,09-08-2023,15:29:00,995.35,996.05,994.8,995.0,5500,1069750
TATACHEM_F2,10-08-2023,09:15:00,995.0,995.0,994.3,994.3,2201,1070300
TATACHEM_F2,10-08-2023,09:16:00,994.8,994.8,994.8,994.8,1100,1070300
TATACHEM_F2,10-08-2023,09:18:00,996.0,996.0,996.0,996.0,1100,1070300
TATACHEM_F2,10-08-2023,09:19:00,999.7,1000.4,999.7,1000.4,2200,1070300
TATACHEM_F2,10-08-2023,09:20:00,1001.0,1001.75,1001.0,1001.75,6050,1069200
TATACHEM_F2,10-08-2023,09:21:00,1000.45,1000.45,998.2,998.2,1650,1069200
TATACHEM_F2,10-08-2023,09:22:00,997.55,998.35,997.55,998.35,1100,1069200
TATACHEM_F2,10-08-2023,09:23:00,1000.45,1000.45,1000.45,1000.45,550,1069750
TATACHEM_F2,10-08-2023,09:25:00,1000.0,1000.0,998.1,998.1,2200,1069750
TATACHEM_F2,10-08-2023,09:26:00,998.1,998.1,998.1,998.1,2750,1069750
TATACHEM_F2,10-08-2023,09:27:00,1000.0,1000.0,999.9,999.9,1100,1072500
TATACHEM_F2,10-08-2023,09:28:00,999.35,999.35,999.35,999.35,550,1072500
TATACHEM_F2,10-08-2023,09:29:00,999.5,999.5,999.5,999.5,550,1072500
TATACHEM_F2,10-08-2023,09:30:00,999.6,999.6,998.4,998.4,1100,1073600
TATACHEM_F2,10-08-2023,09:31:00,999.85,999.85,999.85,999.85,550,1073600
TATACHEM_F2,10-08-2023,09:32:00,1000.0,1000.3,1000.0,1000.3,2200,1074700
TATACHEM_F2,10-08-2023,09:33:00,1000.9,1000.9,1000.9,1000.9,1100,1074700
TATACHEM_F2,10-08-2023,09:35:00,1000.35,1000.35,1000.35,1000.35,550,1074700
TATACHEM_F2,10-08-2023,09:36:00,1000.15,1000.15,1000.15,1000.15,550,1074700
TATACHEM_F2,10-08-2023,09:37:00,1000.1,1000.1,1000.1,1000.1,1100,1074700
TATACHEM_F2,10-08-2023,09:38:00,999.3,999.3,999.15,999.15,2750,1074700
TATACHEM_F2,10-08-2023,09:41:00,997.0,997.0,997.0,997.0,550,1074150
TATACHEM_F2,10-08-2023,09:42:00,996.5,996.5,996.5,996.5,550,1074150
TATACHEM_F2,10-08-2023,09:43:00,997.3,997.45,997.3,997.45,8250,1074150
TATACHEM_F2,10-08-2023,09:44:00,996.3,996.3,996.3,996.3,550,1074150
TATACHEM_F2,10-08-2023,09:45:00,996.6,996.6,996.6,996.6,550,1079100
TATACHEM_F2,10-08-2023,09:46:00,996.0,996.0,996.0,996.0,2200,1079100
TATACHEM_F2,10-08-2023,09:47:00,996.35,997.2,996.35,997.2,2200,1079100
TATACHEM_F2,10-08-2023,09:50:00,996.3,996.3,996.3,996.3,1650,1081850
TATACHEM_F2,10-08-2023,09:52:00,995.9,996.3,995.9,996.3,1650,1082400
TATACHEM_F2,10-08-2023,09:53:00,996.05,996.05,996.05,996.05,1650,1082400
TATACHEM_F2,10-08-2023,09:54:00,994.85,994.9,994.85,994.9,4400,1082950
TATACHEM_F2,10-08-2023,09:55:00,995.3,995.3,995.3,995.3,1100,1082950
TATACHEM_F2,10-08-2023,09:56:00,995.3,995.3,995.3,995.3,550,1082950
TATACHEM_F2,10-08-2023,09:58:00,996.5,996.5,996.5,996.5,1650,1084050
TATACHEM_F2,10-08-2023,09:59:00,995.1,995.2,995.1,995.2,2200,1084050
TATACHEM_F2,10-08-2023,10:00:00,995.1,995.1,995.1,995.1,550,1085700
TATACHEM_F2,10-08-2023,10:01:00,994.05,994.05,994.05,994.05,2200,1085700
TATACHEM_F2,10-08-2023,10:02:00,995.7,995.7,995.7,995.7,1100,1085700
TATACHEM_F2,10-08-2023,10:03:00,996.15,996.15,996.15,996.15,550,1087900
TATACHEM_F2,10-08-2023,10:06:00,996.7,996.7,996.2,996.2,3850,1088450
TATACHEM_F2,10-08-2023,10:07:00,995.6,995.6,995.0,995.0,3300,1088450
TATACHEM_F2,10-08-2023,10:08:00,995.0,995.0,995.0,995.0,1100,1088450
TATACHEM_F2,10-08-2023,10:09:00,996.0,996.0,996.0,996.0,550,1094500
TATACHEM_F2,10-08-2023,10:11:00,996.1,996.1,996.1,996.1,1100,1094500
TATACHEM_F2,10-08-2023,10:15:00,995.25,995.25,995.25,995.25,550,1095600
TATACHEM_F2,10-08-2023,10:16:00,995.25,995.25,995.25,995.25,550,1095600
TATACHEM_F2,10-08-2023,10:22:00,995.7,995.7,995.7,995.7,550,1096700
TATACHEM_F2,10-08-2023,10:23:00,993.4,993.4,993.4,993.4,550,1096700
TATACHEM_F2,10-08-2023,10:24:00,991.75,991.75,990.4,990.4,2750,1097250
TATACHEM_F2,10-08-2023,10:25:00,991.0,991.0,991.0,991.0,550,1097250
TATACHEM_F2,10-08-2023,10:27:00,992.45,992.45,992.45,992.45,550,1096700
TATACHEM_F2,10-08-2023,10:29:00,992.0,992.0,992.0,992.0,1100,1097800
TATACHEM_F2,10-08-2023,10:30:00,991.0,991.0,991.0,991.0,550,1097800
TATACHEM_F2,10-08-2023,10:31:00,990.5,990.5,990.0,990.0,1100,1097800
TATACHEM_F2,10-08-2023,10:32:00,990.0,990.0,990.0,990.0,550,1097800
TATACHEM_F2,10-08-2023,10:34:00,990.95,990.95,989.95,989.95,1100,1098900
TATACHEM_F2,10-08-2023,10:35:00,989.95,989.95,989.95,989.95,1100,1098900
TATACHEM_F2,10-08-2023,10:36:00,990.95,990.95,990.5,990.6,2750,1100550
TATACHEM_F2,10-08-2023,10:37:00,991.7,991.7,991.7,991.7,550,1100550
TATACHEM_F2,10-08-2023,10:40:00,992.5,992.5,992.5,992.5,550,1101100
TATACHEM_F2,10-08-2023,10:41:00,991.5,991.5,990.6,990.6,1650,1101100
TATACHEM_F2,10-08-2023,10:44:00,992.15,992.15,992.15,992.15,1100,1101650
TATACHEM_F2,10-08-2023,10:45:00,992.2,992.2,992.2,992.2,1650,1101650
TATACHEM_F2,10-08-2023,10:50:00,994.05,994.05,994.05,994.05,550,1101650
TATACHEM_F2,10-08-2023,10:54:00,996.0,996.5,996.0,996.5,1650,1102200
TATACHEM_F2,10-08-2023,10:55:00,997.0,997.2,996.9,997.2,3300,1102200
TATACHEM_F2,10-08-2023,10:56:00,998.1,998.1,998.1,998.1,1650,1102200
TATACHEM_F2,10-08-2023,10:57:00,997.8,997.8,997.8,997.8,1650,1102200
TATACHEM_F2,10-08-2023,10:58:00,997.45,997.45,997.45,997.45,550,1106050
TATACHEM_F2,10-08-2023,11:00:00,997.0,997.0,997.0,997.0,1100,1106050
TATACHEM_F2,10-08-2023,11:01:00,998.45,998.45,998.45,998.45,550,1106050
TATACHEM_F2,10-08-2023,11:07:00,998.55,1000.0,998.55,1000.0,7150,1106600
TATACHEM_F2,10-08-2023,11:08:00,1000.0,1000.3,1000.0,1000.3,2750,1106600
TATACHEM_F2,10-08-2023,11:10:00,1000.0,1000.3,1000.0,1000.3,6600,1109350
TATACHEM_F2,10-08-2023,11:11:00,1000.65,1000.75,1000.65,1000.75,12100,1109350
TATACHEM_F2,10-08-2023,11:12:00,1000.75,1000.75,1000.75,1000.75,2200,1112650
TATACHEM_F2,10-08-2023,11:13:00,1000.25,1000.25,999.5,999.5,7700,1112650
TATACHEM_F2,10-08-2023,11:14:00,999.4,999.8,999.4,999.8,2750,1112650
TATACHEM_F2,10-08-2023,11:15:00,999.8,1000.5,999.8,1000.5,3850,1124750
TATACHEM_F2,10-08-2023,11:16:00,1000.4,1001.05,1000.4,1001.05,6050,1124750
TATACHEM_F2,10-08-2023,11:17:00,1001.25,1001.3,1001.05,1001.3,5500,1124750
TATACHEM_F2,10-08-2023,11:18:00,1001.3,1001.3,1001.3,1001.3,3850,1133550
TATACHEM_F2,10-08-2023,11:19:00,1001.3,1001.3,1001.2,1001.2,5500,1133550
TATACHEM_F2,10-08-2023,11:20:00,1000.3,1000.3,1000.3,1000.3,1100,1133550
TATACHEM_F2,10-08-2023,11:21:00,1000.35,1000.35,1000.3,1000.3,1100,1143450
TATACHEM_F2,10-08-2023,11:23:00,1000.1,1000.1,1000.1,1000.1,550,1143450
TATACHEM_F2,10-08-2023,11:25:00,1001.15,1001.15,1001.15,1001.15,1100,1143450
TATACHEM_F2,10-08-2023,11:26:00,1001.15,1001.15,1001.15,1001.15,1650,1143450
TATACHEM_F2,10-08-2023,11:27:00,1001.1,1001.2,1001.1,1001.2,4400,1142900
TATACHEM_F2,10-08-2023,11:28:00,1001.75,1001.75,1001.75,1001.75,550,1142900
TATACHEM_F2,10-08-2023,11:33:00,1000.4,1000.4,1000.4,1000.4,550,1146200
TATACHEM_F2,10-08-2023,11:35:00,1000.4,1000.4,1000.4,1000.4,550,1146200
TATACHEM_F2,10-08-2023,11:40:00,1000.4,1000.4,1000.4,1000.4,2200,1145650
TATACHEM_F2,10-08-2023,11:43:00,1000.4,1000.4,1000.4,1000.4,1100,1147850
TATACHEM_F2,10-08-2023,11:44:00,1000.4,1000.4,1000.4,1000.4,550,1147850
TATACHEM_F2,10-08-2023,11:45:00,1001.1,1001.1,1000.75,1000.75,1100,1146750
TATACHEM_F2,10-08-2023,11:46:00,1000.75,1000.75,1000.5,1000.5,3850,1146750
TATACHEM_F2,10-08-2023,11:47:00,1000.0,1000.0,1000.0,1000.0,2200,1146750
TATACHEM_F2,10-08-2023,11:48:00,1000.5,1001.55,1000.5,1001.0,7150,1151700
TATACHEM_F2,10-08-2023,11:49:00,1000.15,1000.15,1000.0,1000.0,1650,1151700
TATACHEM_F2,10-08-2023,11:51:00,1000.8,1000.95,999.9,999.9,2200,1157200
TATACHEM_F2,10-08-2023,11:52:00,1001.0,1001.0,1001.0,1001.0,550,1157200
TATACHEM_F2,10-08-2023,11:53:00,1000.5,1000.8,1000.5,1000.8,2200,1157200
TATACHEM_F2,10-08-2023,11:54:00,1001.0,1001.0,1001.0,1001.0,1650,1158850
TATACHEM_F2,10-08-2023,11:59:00,1001.0,1001.0,1001.0,1001.0,550,1158850
TATACHEM_F2,10-08-2023,12:02:00,1000.0,1000.0,999.7,999.7,1650,1159400
TATACHEM_F2,10-08-2023,12:03:00,999.5,999.5,999.5,999.5,1650,1161050
TATACHEM_F2,10-08-2023,12:06:00,1000.1,1000.1,1000.1,1000.1,1650,1161050
TATACHEM_F2,10-08-2023,12:08:00,999.95,999.95,999.95,999.95,550,1161600
TATACHEM_F2,10-08-2023,12:09:00,1001.0,1001.0,999.75,999.75,1650,1160500
TATACHEM_F2,10-08-2023,12:19:00,1000.45,1000.45,1000.45,1000.45,550,1160500
TATACHEM_F2,10-08-2023,12:22:00,999.5,999.5,999.5,999.5,1650,1161050
TATACHEM_F2,10-08-2023,12:24:00,999.5,999.5,999.5,999.5,2200,1162150
TATACHEM_F2,10-08-2023,12:25:00,1001.0,1001.0,1001.0,1001.0,1650,1162150
TATACHEM_F2,10-08-2023,12:27:00,1002.6,1002.6,1002.6,1002.6,2750,1162150
TATACHEM_F2,10-08-2023,12:28:00,1002.6,1002.6,1002.6,1002.6,550,1163800
TATACHEM_F2,10-08-2023,12:30:00,1003.1,1003.1,1003.1,1003.1,2750,1164350
TATACHEM_F2,10-08-2023,12:34:00,1002.7,1002.7,1002.3,1002.3,1100,1165450
TATACHEM_F2,10-08-2023,12:38:00,1001.0,1001.0,1001.0,1001.0,3300,1166000
TATACHEM_F2,10-08-2023,12:55:00,1001.0,1001.0,1001.0,1001.0,1100,1168200
TATACHEM_F2,10-08-2023,12:56:00,1002.3,1002.3,1002.3,1002.3,3300,1168200
TATACHEM_F2,10-08-2023,12:59:00,1002.05,1002.3,1002.05,1002.3,2200,1168750
TATACHEM_F2,10-08-2023,13:03:00,1002.15,1002.15,1002.15,1002.15,550,1169300
TATACHEM_F2,10-08-2023,13:04:00,1002.0,1002.0,1002.0,1002.0,1100,1169850
TATACHEM_F2,10-08-2023,13:05:00,1002.0,1002.0,1002.0,1002.0,6050,1169850
TATACHEM_F2,10-08-2023,13:07:00,1002.55,1002.55,1002.55,1002.55,550,1174800
TATACHEM_F2,10-08-2023,13:08:00,1002.55,1002.55,1002.2,1002.2,14850,1174800
TATACHEM_F2,10-08-2023,13:09:00,1001.85,1002.0,1001.85,1002.0,5500,1186900
TATACHEM_F2,10-08-2023,13:13:00,1001.5,1001.5,1001.2,1001.2,6600,1188000
TATACHEM_F2,10-08-2023,13:14:00,1002.0,1002.0,1002.0,1002.0,550,1188000
TATACHEM_F2,10-08-2023,13:21:00,1000.6,1000.6,1000.6,1000.6,1100,1189650
TATACHEM_F2,10-08-2023,13:24:00,1001.65,1001.65,1001.65,1001.65,1100,1189650
TATACHEM_F2,10-08-2023,13:29:00,997.9,998.2,997.9,998.2,1100,1191300
TATACHEM_F2,10-08-2023,13:30:00,998.15,998.15,997.7,997.7,1650,1191850
TATACHEM_F2,10-08-2023,13:31:00,997.2,997.2,997.2,997.2,1100,1191850
TATACHEM_F2,10-08-2023,13:33:00,998.15,998.15,998.15,998.15,550,1192950
TATACHEM_F2,10-08-2023,13:40:00,997.5,997.5,997.5,997.5,550,1193500
TATACHEM_F2,10-08-2023,13:41:00,997.5,997.5,997.5,997.5,7700,1193500
TATACHEM_F2,10-08-2023,13:43:00,997.35,997.35,997.35,997.35,550,1201750
TATACHEM_F2,10-08-2023,13:48:00,997.15,997.15,997.15,997.15,550,1202300
TATACHEM_F2,10-08-2023,13:52:00,996.15,996.15,995.2,995.2,2200,1201750
TATACHEM_F2,10-08-2023,13:54:00,994.4,994.4,993.9,993.9,1650,1202850
TATACHEM_F2,10-08-2023,13:55:00,994.45,994.45,994.45,994.45,550,1202850
TATACHEM_F2,10-08-2023,13:56:00,993.8,993.8,993.8,993.8,550,1202850
TATACHEM_F2,10-08-2023,13:58:00,994.1,994.5,994.1,994.5,1100,1203950
TATACHEM_F2,10-08-2023,13:59:00,994.05,994.05,994.05,994.05,1650,1203950
TATACHEM_F2,10-08-2023,14:01:00,992.35,992.35,992.35,992.35,1100,1202850
TATACHEM_F2,10-08-2023,14:02:00,992.75,992.75,992.2,992.2,1100,1202850
TATACHEM_F2,10-08-2023,14:03:00,992.2,992.2,992.0,992.0,1650,1205050
TATACHEM_F2,10-08-2023,14:04:00,992.0,992.9,992.0,992.9,1650,1205050
TATACHEM_F2,10-08-2023,14:05:00,992.5,993.05,992.5,993.05,2200,1205050
TATACHEM_F2,10-08-2023,14:06:00,992.75,992.75,992.0,992.0,2750,1208900
TATACHEM_F2,10-08-2023,14:07:00,992.45,992.45,992.45,992.45,550,1208900
TATACHEM_F2,10-08-2023,14:08:00,993.1,993.1,993.1,993.1,550,1208900
TATACHEM_F2,10-08-2023,14:09:00,994.5,995.4,994.5,995.4,3300,1208900
TATACHEM_F2,10-08-2023,14:11:00,995.4,995.4,995.4,995.4,2750,1208900
TATACHEM_F2,10-08-2023,14:16:00,996.5,996.5,996.5,996.5,1100,1211100
TATACHEM_F2,10-08-2023,14:21:00,996.5,996.5,996.5,996.5,550,1210550
TATACHEM_F2,10-08-2023,14:25:00,996.0,996.0,996.0,996.0,1650,1210550
TATACHEM_F2,10-08-2023,14:28:00,996.0,996.0,996.0,996.0,550,1211650
TATACHEM_F2,10-08-2023,14:30:00,996.4,996.4,995.7,995.7,2750,1211650
TATACHEM_F2,10-08-2023,14:31:00,995.2,995.2,994.55,994.55,2750,1214400
TATACHEM_F2,10-08-2023,14:43:00,994.55,994.55,994.55,994.55,4400,1216600
TATACHEM_F2,10-08-2023,14:44:00,996.5,996.5,996.5,996.5,550,1216600
TATACHEM_F2,10-08-2023,14:46:00,996.5,996.5,996.5,996.5,2200,1221550
TATACHEM_F2,10-08-2023,14:49:00,996.0,996.0,996.0,996.0,1100,1223750
TATACHEM_F2,10-08-2023,14:52:00,996.0,996.0,996.0,996.0,550,1224300
TATACHEM_F2,10-08-2023,14:53:00,996.9,997.35,996.9,997.0,2750,1224300
TATACHEM_F2,10-08-2023,14:54:00,997.0,997.0,997.0,997.0,550,1224300
TATACHEM_F2,10-08-2023,14:56:00,998.5,998.5,998.5,998.5,550,1225400
TATACHEM_F2,10-08-2023,14:57:00,998.5,998.5,998.5,998.5,1100,1225950
TATACHEM_F2,10-08-2023,15:00:00,999.2,999.4,998.4,998.4,2750,1225950
TATACHEM_F2,10-08-2023,15:03:00,998.4,998.4,998.4,998.4,550,1227600
TATACHEM_F2,10-08-2023,15:04:00,998.45,999.5,998.45,999.2,2750,1227600
TATACHEM_F2,10-08-2023,15:05:00,999.85,999.85,999.25,999.25,1650,1227600
TATACHEM_F2,10-08-2023,15:06:00,999.25,999.25,999.25,999.25,550,1227600
TATACHEM_F2,10-08-2023,15:07:00,999.0,999.0,999.0,999.0,550,1229250
TATACHEM_F2,10-08-2023,15:08:00,999.0,999.0,999.0,999.0,550,1229250
TATACHEM_F2,10-08-2023,15:09:00,999.0,999.0,999.0,999.0,550,1229250
TATACHEM_F2,10-08-2023,15:10:00,999.9,999.9,999.9,999.9,550,1230350
TATACHEM_F2,10-08-2023,15:11:00,999.0,999.0,999.0,999.0,2200,1230350
TATACHEM_F2,10-08-2023,15:15:00,998.9,998.9,998.9,998.9,550,1231450
TATACHEM_F2,10-08-2023,15:18:00,998.5,998.5,998.5,998.5,550,1232000
TATACHEM_F2,10-08-2023,15:21:00,998.3,998.3,998.3,998.3,550,1232550
TATACHEM_F2,10-08-2023,15:22:00,998.5,998.5,998.5,998.5,550,1232550
TATACHEM_F2,10-08-2023,15:24:00,998.5,998.5,998.5,998.5,1100,1232550
TATACHEM_F2,10-08-2023,15:25:00,998.5,998.5,998.5,998.5,2200,1232550
TATACHEM_F2,10-08-2023,15:26:00,998.25,998.25,998.25,998.25,1100,1232550
TATACHEM_F2,10-08-2023,15:27:00,998.25,998.25,998.25,998.25,550,1232000
TATACHEM_F2,10-08-2023,15:28:00,998.2,998.2,998.2,998.2,550,1232000
TATACHEM_F2,10-08-2023,15:29:00,999.25,999.25,999.25,999.25,1100,1232000
TATACHEM_F2,11-08-2023,09:15:00,1000.95,1000.95,1000.95,1000.95,1101,1217150
TATACHEM_F2,11-08-2023,09:16:00,1001.0,1001.0,1001.0,1001.0,2200,1217150
TATACHEM_F2,11-08-2023,09:17:00,1001.0,1001.0,1001.0,1001.0,550,1217150
TATACHEM_F2,11-08-2023,09:19:00,1000.3,1000.3,1000.3,1000.3,550,1217150
TATACHEM_F2,11-08-2023,09:20:00,1003.0,1003.0,1002.05,1002.05,1100,1216600
TATACHEM_F2,11-08-2023,09:22:00,1000.45,1003.55,1000.45,1003.55,3300,1216600
TATACHEM_F2,11-08-2023,09:23:00,1005.0,1005.0,1005.0,1005.0,1650,1216600
TATACHEM_F2,11-08-2023,09:24:00,1004.55,1004.95,1004.55,1004.95,1100,1216050
TATACHEM_F2,11-08-2023,09:25:00,1004.0,1004.0,1004.0,1004.0,550,1216050
TATACHEM_F2,11-08-2023,09:26:00,1004.65,1004.65,1001.85,1001.85,1100,1216050
TATACHEM_F2,11-08-2023,09:27:00,1000.8,1000.8,1000.8,1000.8,550,1216050
TATACHEM_F2,11-08-2023,09:29:00,1001.0,1001.0,1000.5,1000.5,1650,1216050
TATACHEM_F2,11-08-2023,09:30:00,1000.5,1000.5,1000.5,1000.5,4400,1217700
TATACHEM_F2,11-08-2023,09:32:00,1002.35,1002.35,1002.35,1002.35,4400,1222650
TATACHEM_F2,11-08-2023,09:33:00,1004.95,1004.95,1004.95,1004.95,550,1222650
TATACHEM_F2,11-08-2023,09:34:00,1003.3,1003.3,1003.3,1003.3,550,1222650
TATACHEM_F2,11-08-2023,09:36:00,1002.75,1002.75,1002.75,1002.75,550,1223750
TATACHEM_F2,11-08-2023,09:40:00,1001.25,1001.25,1001.25,1001.25,550,1223750
TATACHEM_F2,11-08-2023,09:41:00,1001.55,1001.55,1001.55,1001.55,550,1223200
TATACHEM_F2,11-08-2023,09:47:00,1004.0,1004.0,1004.0,1004.0,1650,1223200
TATACHEM_F2,11-08-2023,09:48:00,1003.85,1004.0,1002.15,1002.15,1650,1223200
TATACHEM_F2,11-08-2023,09:50:00,1003.0,1003.0,1003.0,1003.0,550,1224300
TATACHEM_F2,11-08-2023,09:53:00,1003.2,1003.2,1003.2,1003.2,550,1224300
TATACHEM_F2,11-08-2023,09:54:00,1002.95,1002.95,1002.95,1002.95,550,1224300
TATACHEM_F2,11-08-2023,09:55:00,1003.1,1003.1,1003.1,1003.1,1650,1224300
TATACHEM_F2,11-08-2023,09:56:00,1003.05,1003.05,1003.05,1003.05,550,1224300
TATACHEM_F2,11-08-2023,09:57:00,1002.2,1002.2,1002.1,1002.1,1100,1224850
TATACHEM_F2,11-08-2023,09:58:00,1001.7,1001.7,1001.7,1001.7,550,1224850
TATACHEM_F2,11-08-2023,10:00:00,1002.5,1002.5,1002.5,1002.5,550,1225400
TATACHEM_F2,11-08-2023,10:01:00,1001.9,1001.9,1001.9,1001.9,550,1225400
TATACHEM_F2,11-08-2023,10:03:00,1001.9,1001.9,1001.9,1001.9,1100,1225950
TATACHEM_F2,11-08-2023,10:04:00,1000.8,1000.8,1000.8,1000.8,1650,1225950
TATACHEM_F2,11-08-2023,10:07:00,1003.1,1003.1,1003.1,1003.1,550,1225400
TATACHEM_F2,11-08-2023,10:08:00,1003.05,1003.05,1003.05,1003.05,1100,1225400
TATACHEM_F2,11-08-2023,10:11:00,1003.1,1003.1,1003.1,1003.1,550,1226500
TATACHEM_F2,11-08-2023,10:16:00,1003.0,1003.0,1003.0,1003.0,3300,1226500
TATACHEM_F2,11-08-2023,10:18:00,1003.0,1003.0,1003.0,1003.0,550,1226500
TATACHEM_F2,11-08-2023,10:21:00,1003.0,1003.4,1003.0,1003.4,1650,1226500
TATACHEM_F2,11-08-2023,10:22:00,1003.7,1004.5,1003.7,1004.5,2200,1226500
TATACHEM_F2,11-08-2023,10:25:00,1004.0,1004.0,1004.0,1004.0,1100,1228150
TATACHEM_F2,11-08-2023,10:26:00,1004.5,1005.1,1004.5,1005.1,7700,1227050
TATACHEM_F2,11-08-2023,10:29:00,1005.1,1005.1,1005.1,1005.1,550,1226500
TATACHEM_F2,11-08-2023,10:30:00,1005.15,1005.15,1005.15,1005.15,1100,1226500
TATACHEM_F2,11-08-2023,10:31:00,1004.95,1005.5,1004.95,1005.5,2200,1226500
TATACHEM_F2,11-08-2023,10:32:00,1006.95,1007.9,1006.95,1007.9,4400,1223750
TATACHEM_F2,11-08-2023,10:33:00,1006.6,1006.6,1006.6,1006.6,550,1223750
TATACHEM_F2,11-08-2023,10:34:00,1006.6,1006.6,1006.6,1006.6,550,1223750
TATACHEM_F2,11-08-2023,10:35:00,1006.0,1006.0,1006.0,1006.0,1100,1223750
TATACHEM_F2,11-08-2023,10:38:00,1005.5,1005.5,1005.5,1005.5,550,1222650
TATACHEM_F2,11-08-2023,10:39:00,1005.0,1005.0,1005.0,1005.0,1100,1222650
TATACHEM_F2,11-08-2023,10:42:00,1004.5,1004.5,1003.5,1003.5,1100,1222650
TATACHEM_F2,11-08-2023,10:43:00,1003.5,1003.5,1003.5,1003.5,550,1222650
TATACHEM_F2,11-08-2023,10:44:00,1003.5,1003.5,1003.5,1003.5,5500,1222650
TATACHEM_F2,11-08-2023,10:45:00,1003.5,1003.5,1003.5,1003.5,2750,1223200
TATACHEM_F2,11-08-2023,10:47:00,1004.0,1004.0,1004.0,1004.0,1100,1223200
TATACHEM_F2,11-08-2023,10:50:00,1005.1,1005.1,1005.1,1005.1,550,1223200
TATACHEM_F2,11-08-2023,10:51:00,1005.3,1005.3,1005.3,1005.3,1100,1223750
TATACHEM_F2,11-08-2023,10:52:00,1004.45,1004.45,1004.45,1004.45,550,1223750
TATACHEM_F2,11-08-2023,10:54:00,1005.25,1005.25,1005.1,1005.1,1650,1224850
TATACHEM_F2,11-08-2023,10:55:00,1004.65,1004.65,1004.65,1004.65,550,1224850
TATACHEM_F2,11-08-2023,10:57:00,1005.25,1005.25,1005.25,1005.25,1100,1224850
TATACHEM_F2,11-08-2023,10:58:00,1005.7,1005.7,1005.7,1005.7,550,1224850
TATACHEM_F2,11-08-2023,11:00:00,1005.7,1006.0,1005.7,1006.0,1650,1225950
TATACHEM_F2,11-08-2023,11:02:00,1004.4,1004.4,1004.4,1004.4,550,1225950
TATACHEM_F2,11-08-2023,11:03:00,1003.0,1003.0,1003.0,1003.0,1650,1226500
TATACHEM_F2,11-08-2023,11:05:00,1003.3,1003.45,1003.3,1003.45,1100,1226500
TATACHEM_F2,11-08-2023,11:10:00,1003.0,1003.0,1003.0,1003.0,1100,1229250
TATACHEM_F2,11-08-2023,11:13:00,1003.3,1003.3,1003.3,1003.3,550,1229250
TATACHEM_F2,11-08-2023,11:23:00,1002.0,1002.0,1002.0,1002.0,550,1229800
TATACHEM_F2,11-08-2023,11:25:00,1002.05,1002.05,1002.05,1002.05,550,1229800
TATACHEM_F2,11-08-2023,11:27:00,1002.85,1002.85,1002.85,1002.85,550,1230350
TATACHEM_F2,11-08-2023,11:28:00,1002.9,1002.9,1002.9,1002.9,550,1230350
TATACHEM_F2,11-08-2023,11:41:00,1000.8,1001.75,1000.8,1001.75,1100,1230900
TATACHEM_F2,11-08-2023,11:42:00,1002.2,1002.2,1002.2,1002.2,550,1231450
TATACHEM_F2,11-08-2023,11:43:00,1001.8,1001.8,1001.8,1001.8,550,1231450
TATACHEM_F2,11-08-2023,11:51:00,1002.25,1002.25,1002.25,1002.25,550,1232550
TATACHEM_F2,11-08-2023,11:57:00,1005.25,1005.25,1005.25,1005.25,8800,1233100
TATACHEM_F2,11-08-2023,12:00:00,1005.25,1005.25,1005.25,1005.25,550,1235850
TATACHEM_F2,11-08-2023,12:04:00,1006.0,1006.45,1006.0,1006.45,13200,1235850
TATACHEM_F2,11-08-2023,12:05:00,1005.5,1005.5,1005.5,1005.5,550,1235850
TATACHEM_F2,11-08-2023,12:22:00,1004.25,1004.25,1003.75,1003.75,2200,1238050
TATACHEM_F2,11-08-2023,12:26:00,1003.0,1003.0,1003.0,1003.0,1100,1239700
TATACHEM_F2,11-08-2023,12:27:00,1003.1,1003.1,1003.1,1003.1,550,1240800
TATACHEM_F2,11-08-2023,12:34:00,1002.0,1002.0,1002.0,1002.0,550,1241350
TATACHEM_F2,11-08-2023,12:38:00,1002.1,1002.1,1002.1,1002.1,550,1241350
TATACHEM_F2,11-08-2023,12:39:00,1001.85,1001.85,1001.85,1001.85,1650,1241900
TATACHEM_F2,11-08-2023,12:40:00,1002.05,1002.05,1002.05,1002.05,550,1241900
TATACHEM_F2,11-08-2023,12:46:00,1002.0,1002.0,1002.0,1002.0,550,1243000
TATACHEM_F2,11-08-2023,12:51:00,1003.0,1003.0,1003.0,1003.0,550,1242450
TATACHEM_F2,11-08-2023,12:54:00,1005.0,1005.0,1005.0,1005.0,550,1242450
TATACHEM_F2,11-08-2023,13:00:00,1004.0,1004.0,1004.0,1004.0,550,1242450
TATACHEM_F2,11-08-2023,13:02:00,1004.9,1006.0,1004.9,1006.0,2200,1241350
TATACHEM_F2,11-08-2023,13:03:00,1006.05,1006.05,1006.05,1006.05,550,1241350
TATACHEM_F2,11-08-2023,13:04:00,1005.95,1005.95,1005.95,1005.95,550,1241350
TATACHEM_F2,11-08-2023,13:08:00,1006.4,1006.4,1006.4,1006.4,1650,1240800
TATACHEM_F2,11-08-2023,13:14:00,1007.15,1007.9,1007.15,1007.9,1650,1239700
TATACHEM_F2,11-08-2023,13:19:00,1005.0,1005.0,1004.9,1004.9,1650,1239700
TATACHEM_F2,11-08-2023,13:25:00,1006.75,1006.85,1006.75,1006.85,2200,1240250
TATACHEM_F2,11-08-2023,13:30:00,1006.85,1006.85,1006.85,1006.85,1100,1241900
TATACHEM_F2,11-08-2023,13:31:00,1005.3,1005.3,1005.3,1005.3,550,1241900
TATACHEM_F2,11-08-2023,13:35:00,1004.25,1004.25,1004.25,1004.25,550,1243000
TATACHEM_F2,11-08-2023,13:37:00,1004.75,1004.75,1004.75,1004.75,550,1242450
TATACHEM_F2,11-08-2023,13:41:00,1004.05,1004.05,1004.05,1004.05,550,1242450
TATACHEM_F2,11-08-2023,13:44:00,1005.0,1005.0,1005.0,1005.0,550,1242450
TATACHEM_F2,11-08-2023,13:47:00,1005.9,1005.9,1005.9,1005.9,1100,1242450
TATACHEM_F2,11-08-2023,13:53:00,1006.95,1006.95,1006.95,1006.95,550,1242450
TATACHEM_F2,11-08-2023,13:54:00,1007.4,1007.4,1007.4,1007.4,3850,1241900
TATACHEM_F2,11-08-2023,13:55:00,1009.0,1009.0,1009.0,1009.0,5500,1241900
TATACHEM_F2,11-08-2023,13:57:00,1009.0,1009.0,1009.0,1009.0,550,1248500
TATACHEM_F2,11-08-2023,13:58:00,1008.65,1008.65,1008.65,1008.65,2200,1248500
TATACHEM_F2,11-08-2023,13:59:00,1008.65,1009.55,1008.65,1009.55,3850,1248500
TATACHEM_F2,11-08-2023,14:00:00,1010.85,1010.85,1010.85,1010.85,5500,1246850
TATACHEM_F2,11-08-2023,14:01:00,1010.85,1010.85,1010.85,1010.85,550,1246850
TATACHEM_F2,11-08-2023,14:04:00,1010.25,1010.3,1010.25,1010.3,1100,1250150
TATACHEM_F2,11-08-2023,14:05:00,1010.3,1010.3,1010.3,1010.3,1100,1250150
TATACHEM_F2,11-08-2023,14:07:00,1008.65,1008.65,1008.65,1008.65,550,1250150
TATACHEM_F2,11-08-2023,14:08:00,1006.0,1006.55,1006.0,1006.55,23650,1250150
TATACHEM_F2,11-08-2023,14:09:00,1007.5,1007.5,1007.5,1007.5,550,1264450
TATACHEM_F2,11-08-2023,14:12:00,1007.5,1007.5,1007.5,1007.5,550,1264450
TATACHEM_F2,11-08-2023,14:15:00,1007.7,1007.7,1007.7,1007.7,550,1263900
TATACHEM_F2,11-08-2023,14:16:00,1008.6,1008.6,1008.6,1008.6,550,1263900
TATACHEM_F2,11-08-2023,14:17:00,1008.6,1008.6,1008.6,1008.6,550,1263900
TATACHEM_F2,11-08-2023,14:19:00,1007.55,1007.55,1007.55,1007.55,550,1263900
TATACHEM_F2,11-08-2023,14:21:00,1008.4,1008.4,1008.4,1008.4,550,1263900
TATACHEM_F2,11-08-2023,14:22:00,1010.5,1010.5,1010.5,1010.5,3300,1263350
TATACHEM_F2,11-08-2023,14:23:00,1010.5,1010.5,1010.5,1010.5,550,1263350
TATACHEM_F2,11-08-2023,14:24:00,1009.95,1009.95,1009.9,1009.9,1100,1260600
TATACHEM_F2,11-08-2023,14:25:00,1009.0,1009.0,1009.0,1009.0,550,1260600
TATACHEM_F2,11-08-2023,14:29:00,1008.75,1008.75,1008.75,1008.75,550,1260600
TATACHEM_F2,11-08-2023,14:30:00,1008.75,1008.75,1007.65,1007.65,1650,1258950
TATACHEM_F2,11-08-2023,14:31:00,1008.0,1008.0,1008.0,1008.0,1100,1258950
TATACHEM_F2,11-08-2023,14:32:00,1008.9,1008.9,1008.9,1008.9,2750,1258950
TATACHEM_F2,11-08-2023,14:36:00,1010.95,1010.95,1010.95,1010.95,1100,1256750
TATACHEM_F2,11-08-2023,14:37:00,1010.95,1010.95,1010.95,1010.95,550,1256750
TATACHEM_F2,11-08-2023,14:40:00,1010.7,1010.7,1010.7,1010.7,4950,1257850
TATACHEM_F2,11-08-2023,14:42:00,1008.85,1008.85,1008.85,1008.85,550,1256750
TATACHEM_F2,11-08-2023,14:43:00,1008.0,1008.0,1008.0,1008.0,550,1256750
TATACHEM_F2,11-08-2023,14:44:00,1008.0,1008.0,1008.0,1008.0,550,1256750
TATACHEM_F2,11-08-2023,14:46:00,1007.85,1007.85,1007.85,1007.85,550,1257300
TATACHEM_F2,11-08-2023,14:47:00,1007.85,1007.85,1007.85,1007.85,1650,1257300
TATACHEM_F2,11-08-2023,14:48:00,1007.35,1007.35,1007.35,1007.35,4400,1256750
TATACHEM_F2,11-08-2023,14:51:00,1007.35,1007.35,1007.35,1007.35,1650,1256750
TATACHEM_F2,11-08-2023,14:52:00,1007.5,1007.5,1007.5,1007.5,550,1256750
TATACHEM_F2,11-08-2023,14:54:00,1007.0,1007.0,1007.0,1007.0,550,1256750
TATACHEM_F2,11-08-2023,14:56:00,1007.1,1007.1,1007.1,1007.1,550,1256750
TATACHEM_F2,11-08-2023,14:57:00,1007.2,1007.2,1007.2,1007.2,1100,1257300
TATACHEM_F2,11-08-2023,14:58:00,1007.25,1007.25,1007.25,1007.25,550,1257300
TATACHEM_F2,11-08-2023,15:00:00,1007.25,1007.25,1007.25,1007.25,1100,1256750
TATACHEM_F2,11-08-2023,15:01:00,1007.2,1007.2,1006.1,1006.1,1100,1256750
TATACHEM_F2,11-08-2023,15:02:00,1006.1,1006.1,1006.1,1006.1,550,1256750
TATACHEM_F2,11-08-2023,15:04:00,1004.5,1004.5,1004.5,1004.5,1650,1256750
TATACHEM_F2,11-08-2023,15:05:00,1004.5,1004.5,1004.5,1004.5,550,1256750
TATACHEM_F2,11-08-2023,15:08:00,1002.8,1002.8,1002.8,1002.8,2200,1257300
TATACHEM_F2,11-08-2023,15:09:00,1002.3,1002.3,1001.0,1001.0,2200,1258950
TATACHEM_F2,11-08-2023,15:10:00,1001.4,1001.8,1000.5,1000.5,2200,1258950
TATACHEM_F2,11-08-2023,15:11:00,1000.0,1000.0,1000.0,1000.0,1100,1258950
TATACHEM_F2,11-08-2023,15:12:00,1000.0,1000.0,999.7,999.85,4400,1260050
TATACHEM_F2,11-08-2023,15:13:00,999.6,1000.0,999.6,1000.0,2200,1260050
TATACHEM_F2,11-08-2023,15:14:00,1000.5,1000.5,998.8,998.8,4400,1260050
TATACHEM_F2,11-08-2023,15:15:00,998.8,999.05,998.8,999.05,1100,1263350
TATACHEM_F2,11-08-2023,15:19:00,1000.05,1000.05,999.55,999.55,3300,1262800
TATACHEM_F2,11-08-2023,15:22:00,999.85,999.85,999.85,999.85,550,1262800
TATACHEM_F2,11-08-2023,15:23:00,999.2,999.2,999.2,999.2,2750,1262800
TATACHEM_F2,11-08-2023,15:24:00,997.5,997.5,997.5,997.5,12650,1261700
TATACHEM_F2,11-08-2023,15:25:00,997.5,997.5,997.5,997.5,550,1261700
TATACHEM_F2,11-08-2023,15:27:00,998.0,998.0,998.0,998.0,1100,1254550
TATACHEM_F2,11-08-2023,15:29:00,998.35,998.35,998.2,998.2,1650,1254550
TATACHEM_F2,14-08-2023,09:15:00,996.1,996.1,991.45,991.45,3301,1246850
TATACHEM_F2,14-08-2023,09:16:00,992.65,992.65,986.15,986.15,6050,1246850
TATACHEM_F2,14-08-2023,09:17:00,985.5,987.75,985.5,987.75,4400,1248500
TATACHEM_F2,14-08-2023,09:18:00,989.35,989.95,987.05,987.05,2200,1248500
TATACHEM_F2,14-08-2023,09:19:00,987.05,987.05,987.05,987.05,550,1248500
TATACHEM_F2,14-08-2023,09:21:00,986.2,986.2,985.5,985.5,1100,1247950
TATACHEM_F2,14-08-2023,09:22:00,986.05,986.05,986.05,986.05,1650,1247950
TATACHEM_F2,14-08-2023,09:23:00,985.3,985.3,984.7,984.7,1100,1249050
TATACHEM_F2,14-08-2023,09:24:00,984.0,984.0,981.8,981.8,1650,1249050
TATACHEM_F2,14-08-2023,09:25:00,981.8,981.8,980.5,980.5,1650,1249050
TATACHEM_F2,14-08-2023,09:26:00,980.05,980.05,980.05,980.05,1650,1249050
TATACHEM_F2,14-08-2023,09:27:00,980.25,980.8,980.25,980.8,1650,1249050
TATACHEM_F2,14-08-2023,09:28:00,981.0,981.0,981.0,981.0,1650,1249050
TATACHEM_F2,14-08-2023,09:29:00,981.7,982.3,981.7,981.75,2750,1250700
TATACHEM_F2,14-08-2023,09:30:00,982.35,982.35,980.25,980.25,4400,1250700
TATACHEM_F2,14-08-2023,09:31:00,980.75,980.75,979.2,979.2,9900,1250700
TATACHEM_F2,14-08-2023,09:32:00,978.35,978.35,978.3,978.3,10450,1252350
TATACHEM_F2,14-08-2023,09:33:00,978.0,978.0,978.0,978.0,1650,1252350
TATACHEM_F2,14-08-2023,09:34:00,978.0,978.4,978.0,978.4,2750,1252350
TATACHEM_F2,14-08-2023,09:35:00,978.15,978.15,976.3,976.3,2750,1252900
TATACHEM_F2,14-08-2023,09:36:00,976.9,977.35,976.9,977.35,3300,1252900
TATACHEM_F2,14-08-2023,09:37:00,978.3,979.0,978.3,979.0,1100,1252900
TATACHEM_F2,14-08-2023,09:38:00,980.0,980.0,980.0,980.0,550,1252900
TATACHEM_F2,14-08-2023,09:39:00,980.05,981.7,980.05,981.7,2200,1252900
TATACHEM_F2,14-08-2023,09:40:00,981.7,981.7,981.7,981.7,550,1252900
TATACHEM_F2,14-08-2023,09:41:00,981.7,981.7,981.7,981.7,550,1252900
TATACHEM_F2,14-08-2023,09:44:00,981.7,981.7,981.7,981.7,550,1253450
TATACHEM_F2,14-08-2023,09:45:00,982.45,982.45,982.45,982.45,550,1253450
TATACHEM_F2,14-08-2023,09:46:00,982.45,982.45,982.45,982.45,550,1253450
TATACHEM_F2,14-08-2023,09:47:00,983.25,983.25,983.25,983.25,3850,1254000
TATACHEM_F2,14-08-2023,09:48:00,982.45,982.45,982.45,982.45,1650,1254000
TATACHEM_F2,14-08-2023,09:49:00,982.45,982.45,982.45,982.45,550,1254000
TATACHEM_F2,14-08-2023,09:50:00,982.55,982.55,982.55,982.55,9350,1258400
TATACHEM_F2,14-08-2023,09:52:00,983.85,983.85,983.85,983.85,1100,1258400
TATACHEM_F2,14-08-2023,09:53:00,983.55,983.55,983.55,983.55,1100,1258400
TATACHEM_F2,14-08-2023,09:54:00,981.55,981.55,981.55,981.55,3300,1257850
TATACHEM_F2,14-08-2023,09:55:00,981.3,981.3,981.3,981.3,1100,1257850
TATACHEM_F2,14-08-2023,09:59:00,983.0,983.0,983.0,983.0,1100,1258950
TATACHEM_F2,14-08-2023,10:00:00,983.0,983.0,983.0,983.0,550,1258950
TATACHEM_F2,14-08-2023,10:01:00,982.0,982.25,982.0,982.1,1650,1258950
TATACHEM_F2,14-08-2023,10:02:00,982.1,982.1,982.1,982.1,1650,1258950
TATACHEM_F2,14-08-2023,10:03:00,982.45,983.0,982.45,983.0,2750,1261150
TATACHEM_F2,14-08-2023,10:06:00,984.5,984.5,984.5,984.5,550,1263350
TATACHEM_F2,14-08-2023,10:07:00,984.8,984.8,983.0,984.55,3300,1263350
TATACHEM_F2,14-08-2023,10:08:00,984.55,984.55,984.55,984.55,550,1264450
TATACHEM_F2,14-08-2023,10:09:00,985.0,985.0,985.0,985.0,550,1264450
TATACHEM_F2,14-08-2023,10:12:00,986.45,986.45,986.0,986.0,1650,1265000
TATACHEM_F2,14-08-2023,10:14:00,986.0,986.0,986.0,986.0,1100,1264450
TATACHEM_F2,14-08-2023,10:15:00,986.0,987.05,986.0,987.05,1100,1264450
TATACHEM_F2,14-08-2023,10:16:00,987.7,987.7,987.7,987.7,6050,1264450
TATACHEM_F2,14-08-2023,10:17:00,986.0,986.2,986.0,986.2,3300,1266650
TATACHEM_F2,14-08-2023,10:18:00,986.2,986.2,986.2,986.2,1100,1266650
TATACHEM_F2,14-08-2023,10:19:00,986.5,986.5,986.0,986.2,2200,1266650
TATACHEM_F2,14-08-2023,10:20:00,986.45,986.7,986.45,986.7,1100,1270500
TATACHEM_F2,14-08-2023,10:22:00,987.65,987.65,987.65,987.65,550,1270500
TATACHEM_F2,14-08-2023,10:23:00,986.5,986.5,986.05,986.05,1650,1272150
TATACHEM_F2,14-08-2023,10:24:00,986.0,986.0,986.0,986.0,3300,1272150
TATACHEM_F2,14-08-2023,10:25:00,984.85,984.85,984.85,984.85,550,1272150
TATACHEM_F2,14-08-2023,10:27:00,984.85,984.85,984.4,984.4,1100,1274350
TATACHEM_F2,14-08-2023,10:28:00,983.5,983.5,983.5,983.5,1100,1274350
TATACHEM_F2,14-08-2023,10:32:00,982.85,982.85,982.85,982.85,1100,1276000
TATACHEM_F2,14-08-2023,10:33:00,982.0,982.1,982.0,982.1,1650,1276000
TATACHEM_F2,14-08-2023,10:36:00,981.0,981.0,981.0,981.0,550,1276550
TATACHEM_F2,14-08-2023,10:37:00,981.5,981.5,981.5,981.5,550,1276550
TATACHEM_F2,14-08-2023,10:39:00,981.0,981.0,981.0,981.0,550,1276550
TATACHEM_F2,14-08-2023,10:40:00,981.0,981.0,981.0,981.0,550,1276550
TATACHEM_F2,14-08-2023,10:41:00,981.1,981.1,981.1,981.1,1650,1276550
TATACHEM_F2,14-08-2023,10:42:00,982.2,982.2,982.2,982.2,550,1279300
TATACHEM_F2,14-08-2023,10:44:00,983.0,983.0,983.0,983.0,550,1279300
TATACHEM_F2,14-08-2023,10:45:00,982.0,982.0,982.0,982.0,550,1279300
TATACHEM_F2,14-08-2023,10:47:00,981.1,981.1,981.1,981.1,1650,1279300
TATACHEM_F2,14-08-2023,10:50:00,981.05,981.05,980.2,980.2,1100,1280400
TATACHEM_F2,14-08-2023,10:51:00,980.15,980.15,979.15,979.15,4400,1280400
TATACHEM_F2,14-08-2023,10:52:00,979.25,979.25,979.25,979.25,550,1280400
TATACHEM_F2,14-08-2023,10:53:00,979.0,979.0,979.0,979.0,550,1280400
TATACHEM_F2,14-08-2023,10:54:00,979.4,980.0,979.4,980.0,1100,1283150
TATACHEM_F2,14-08-2023,10:57:00,978.5,978.5,978.5,978.5,550,1284250
TATACHEM_F2,14-08-2023,10:59:00,979.6,979.6,979.6,979.6,550,1284250
TATACHEM_F2,14-08-2023,11:00:00,980.55,980.55,980.55,980.55,550,1285350
TATACHEM_F2,14-08-2023,11:01:00,980.2,980.8,980.2,980.4,2750,1285350
TATACHEM_F2,14-08-2023,11:02:00,979.75,979.9,979.05,979.9,2750,1285350
TATACHEM_F2,14-08-2023,11:03:00,981.0,982.0,981.0,982.0,3300,1289200
TATACHEM_F2,14-08-2023,11:04:00,981.5,981.5,981.5,981.5,550,1289200
TATACHEM_F2,14-08-2023,11:08:00,983.0,983.0,983.0,983.0,550,1291950
TATACHEM_F2,14-08-2023,11:11:00,984.7,984.7,984.7,984.7,550,1291400
TATACHEM_F2,14-08-2023,11:15:00,985.0,985.0,985.0,985.0,550,1291950
TATACHEM_F2,14-08-2023,11:17:00,984.9,984.9,984.9,984.9,550,1291950
TATACHEM_F2,14-08-2023,11:18:00,984.9,984.9,984.9,984.9,550,1291400
TATACHEM_F2,14-08-2023,11:19:00,986.5,986.95,986.5,986.95,1100,1291400
TATACHEM_F2,14-08-2023,11:20:00,986.95,986.95,986.95,986.95,550,1291400
TATACHEM_F2,14-08-2023,11:22:00,987.15,988.9,987.15,988.9,2200,1291400
TATACHEM_F2,14-08-2023,11:23:00,987.9,988.05,987.9,988.05,2200,1291400
TATACHEM_F2,14-08-2023,11:25:00,988.2,988.8,988.2,988.8,1100,1291400
TATACHEM_F2,14-08-2023,11:30:00,988.75,988.75,988.7,988.7,1100,1291950
TATACHEM_F2,14-08-2023,11:31:00,988.75,988.75,988.75,988.75,1100,1291950
TATACHEM_F2,14-08-2023,11:33:00,988.25,988.25,988.25,988.25,550,1293050
TATACHEM_F2,14-08-2023,11:34:00,988.25,988.25,988.25,988.25,550,1293050
TATACHEM_F2,14-08-2023,11:36:00,988.0,988.0,988.0,988.0,550,1293600
TATACHEM_F2,14-08-2023,11:37:00,986.8,986.8,986.7,986.7,1100,1293600
TATACHEM_F2,14-08-2023,11:38:00,987.05,987.05,987.05,987.05,1100,1293600
TATACHEM_F2,14-08-2023,11:39:00,988.0,988.0,988.0,988.0,550,1295250
TATACHEM_F2,14-08-2023,11:42:00,989.45,989.45,989.45,989.45,3300,1295250
TATACHEM_F2,14-08-2023,11:44:00,989.4,989.4,989.4,989.4,550,1295250
TATACHEM_F2,14-08-2023,11:45:00,989.4,989.4,989.4,989.4,550,1295250
TATACHEM_F2,14-08-2023,11:47:00,988.5,988.5,988.5,988.5,550,1295250
TATACHEM_F2,14-08-2023,11:49:00,988.5,988.5,988.25,988.25,1100,1296350
TATACHEM_F2,14-08-2023,11:50:00,988.25,988.25,988.25,988.25,550,1296350
TATACHEM_F2,14-08-2023,12:06:00,988.05,988.05,988.05,988.05,550,1296350
TATACHEM_F2,14-08-2023,12:07:00,988.0,988.0,988.0,988.0,550,1296350
TATACHEM_F2,14-08-2023,12:10:00,987.95,987.95,987.95,987.95,550,1296900
TATACHEM_F2,14-08-2023,12:15:00,987.85,987.85,987.85,987.85,1100,1297450
TATACHEM_F2,14-08-2023,12:24:00,987.7,987.7,987.7,987.7,550,1297450
TATACHEM_F2,14-08-2023,12:26:00,987.0,987.0,987.0,987.0,2750,1297450
TATACHEM_F2,14-08-2023,12:29:00,986.0,986.0,986.0,986.0,550,1298000
TATACHEM_F2,14-08-2023,12:34:00,986.05,986.05,986.05,986.05,550,1297450
TATACHEM_F2,14-08-2023,12:35:00,986.0,986.0,986.0,986.0,550,1297450
TATACHEM_F2,14-08-2023,12:36:00,986.9,986.9,986.9,986.9,1100,1297450
TATACHEM_F2,14-08-2023,12:47:00,985.0,985.0,985.0,985.0,2750,1298550
TATACHEM_F2,14-08-2023,12:48:00,983.9,983.9,983.9,983.9,1100,1298550
TATACHEM_F2,14-08-2023,12:49:00,985.0,985.0,985.0,985.0,8250,1299100
TATACHEM_F2,14-08-2023,12:50:00,985.0,985.0,983.9,983.9,3850,1299100
TATACHEM_F2,14-08-2023,12:51:00,985.0,985.0,985.0,985.0,3300,1307900
TATACHEM_F2,14-08-2023,12:52:00,985.0,985.0,983.85,983.85,8800,1307900
TATACHEM_F2,14-08-2023,12:54:00,983.85,984.6,982.9,984.4,8250,1317800
TATACHEM_F2,14-08-2023,12:55:00,985.0,985.0,985.0,985.0,1100,1317800
TATACHEM_F2,14-08-2023,12:59:00,985.0,985.0,985.0,985.0,5500,1323850
TATACHEM_F2,14-08-2023,13:00:00,985.35,985.35,985.35,985.35,550,1329350
TATACHEM_F2,14-08-2023,13:01:00,986.1,986.1,986.1,986.1,550,1329350
TATACHEM_F2,14-08-2023,13:02:00,985.0,985.0,985.0,985.0,2200,1329350
TATACHEM_F2,14-08-2023,13:10:00,985.0,985.0,985.0,985.0,14300,1331550
TATACHEM_F2,14-08-2023,13:11:00,985.95,985.95,985.95,985.95,550,1331550
TATACHEM_F2,14-08-2023,13:16:00,985.95,985.95,985.95,985.95,550,1345300
TATACHEM_F2,14-08-2023,13:20:00,985.95,985.95,985.95,985.95,1650,1345300
TATACHEM_F2,14-08-2023,13:21:00,985.7,985.7,985.7,985.7,550,1344200
TATACHEM_F2,14-08-2023,13:25:00,985.7,985.7,985.7,985.7,16500,1344200
TATACHEM_F2,14-08-2023,13:29:00,986.0,986.0,986.0,986.0,550,1360700
TATACHEM_F2,14-08-2023,13:34:00,986.0,986.0,986.0,986.0,7150,1360700
TATACHEM_F2,14-08-2023,13:36:00,986.0,986.0,986.0,986.0,3300,1367850
TATACHEM_F2,14-08-2023,13:40:00,986.0,986.0,986.0,986.0,550,1371150
TATACHEM_F2,14-08-2023,13:42:00,986.0,986.0,986.0,986.0,5500,1371150
TATACHEM_F2,14-08-2023,13:43:00,988.2,989.0,988.2,989.0,2750,1371700
TATACHEM_F2,14-08-2023,13:44:00,989.6,989.6,989.0,989.0,3850,1371700
TATACHEM_F2,14-08-2023,13:47:00,989.0,989.0,989.0,989.0,4950,1378300
TATACHEM_F2,14-08-2023,13:48:00,988.7,988.7,988.7,988.7,550,1383250
TATACHEM_F2,14-08-2023,13:53:00,988.8,988.8,988.8,988.8,1100,1383250
TATACHEM_F2,14-08-2023,13:54:00,987.7,987.7,987.7,987.7,550,1383800
TATACHEM_F2,14-08-2023,14:13:00,987.0,987.0,987.0,987.0,1100,1384350
TATACHEM_F2,14-08-2023,14:15:00,987.0,987.0,987.0,987.0,1100,1384350
TATACHEM_F2,14-08-2023,14:18:00,987.95,987.95,987.95,987.95,1100,1384350
TATACHEM_F2,14-08-2023,14:23:00,987.95,987.95,987.95,987.95,4950,1384900
TATACHEM_F2,14-08-2023,14:27:00,987.6,987.6,987.05,987.05,1650,1389850
TATACHEM_F2,14-08-2023,14:28:00,987.0,987.0,987.0,987.0,550,1389850
TATACHEM_F2,14-08-2023,14:29:00,987.55,987.6,987.55,987.6,3850,1389850
TATACHEM_F2,14-08-2023,14:30:00,987.9,988.4,987.9,988.4,1100,1393150
TATACHEM_F2,14-08-2023,14:32:00,988.9,988.9,988.9,988.9,550,1393150
TATACHEM_F2,14-08-2023,14:33:00,988.95,988.95,988.95,988.95,550,1393150
TATACHEM_F2,14-08-2023,14:35:00,988.65,988.65,988.65,988.65,550,1393700
TATACHEM_F2,14-08-2023,14:36:00,988.55,988.55,988.55,988.55,1650,1393700
TATACHEM_F2,14-08-2023,14:38:00,988.55,988.55,988.55,988.55,4400,1395900
TATACHEM_F2,14-08-2023,14:42:00,989.1,989.1,989.1,989.1,550,1400300
TATACHEM_F2,14-08-2023,14:45:00,989.9,989.9,989.9,989.9,550,1400850
TATACHEM_F2,14-08-2023,14:47:00,990.0,990.0,990.0,990.0,2200,1400850
TATACHEM_F2,14-08-2023,14:48:00,990.95,990.95,990.95,990.95,1100,1400300
TATACHEM_F2,14-08-2023,14:49:00,991.0,991.0,990.85,990.85,1100,1400300
TATACHEM_F2,14-08-2023,14:50:00,991.0,991.0,991.0,991.0,3300,1400300
TATACHEM_F2,14-08-2023,14:52:00,992.7,994.0,992.7,994.0,7150,1401400
TATACHEM_F2,14-08-2023,14:55:00,992.0,992.0,990.8,990.8,2750,1404700
TATACHEM_F2,14-08-2023,15:00:00,992.4,992.4,992.4,992.4,550,1406350
TATACHEM_F2,14-08-2023,15:01:00,992.0,992.0,992.0,992.0,1100,1406350
TATACHEM_F2,14-08-2023,15:02:00,991.7,991.7,991.7,991.7,1100,1406350
TATACHEM_F2,14-08-2023,15:03:00,989.65,989.65,989.65,989.65,1100,1408000
TATACHEM_F2,14-08-2023,15:05:00,989.65,989.65,989.65,989.65,6600,1408000
TATACHEM_F2,14-08-2023,15:06:00,990.0,990.0,989.9,989.9,1650,1414600
TATACHEM_F2,14-08-2023,15:08:00,989.9,989.9,989.9,989.9,550,1414600
TATACHEM_F2,14-08-2023,15:11:00,991.0,991.0,991.0,991.0,1100,1415150
TATACHEM_F2,14-08-2023,15:12:00,990.95,990.95,990.95,990.95,550,1416250
TATACHEM_F2,14-08-2023,15:15:00,990.95,990.95,990.95,990.95,14850,1416250
TATACHEM_F2,14-08-2023,15:18:00,990.05,990.05,990.05,990.05,550,1431650
TATACHEM_F2,14-08-2023,15:21:00,990.4,990.4,990.4,990.4,1100,1431650
TATACHEM_F2,14-08-2023,15:24:00,989.0,989.0,988.6,988.6,2750,1431650
TATACHEM_F2,14-08-2023,15:25:00,989.2,989.2,989.2,989.2,550,1432200
TATACHEM_F2,14-08-2023,15:26:00,989.2,989.2,989.2,989.2,2750,1432200
TATACHEM_F2,14-08-2023,15:28:00,989.2,990.0,989.2,990.0,1650,1434400
TATACHEM_F2,14-08-2023,15:29:00,991.45,991.45,991.45,991.45,550,1434400
TATACHEM_F2,16-08-2023,09:15:00,981.1,981.1,979.8,979.8,3302,1431100
TATACHEM_F2,16-08-2023,09:16:00,979.55,979.55,979.55,979.55,550,1431100
TATACHEM_F2,16-08-2023,09:17:00,983.15,983.45,979.55,983.45,6600,1433300
TATACHEM_F2,16-08-2023,09:19:00,985.0,985.0,985.0,985.0,550,1433300
TATACHEM_F2,16-08-2023,09:21:00,985.0,985.0,985.0,985.0,550,1433300
TATACHEM_F2,16-08-2023,09:22:00,984.0,984.05,982.55,982.55,4400,1433300
TATACHEM_F2,16-08-2023,09:23:00,983.3,983.3,983.3,983.3,550,1438250
TATACHEM_F2,16-08-2023,09:25:00,982.5,982.5,981.0,981.0,4950,1438250
TATACHEM_F2,16-08-2023,09:27:00,982.6,982.6,982.6,982.6,550,1441550
TATACHEM_F2,16-08-2023,09:31:00,981.0,981.0,980.05,980.05,13200,1441550
TATACHEM_F2,16-08-2023,09:32:00,980.0,980.0,980.0,980.0,2200,1441550
TATACHEM_F2,16-08-2023,09:33:00,980.7,980.7,980.7,980.7,4400,1447050
TATACHEM_F2,16-08-2023,09:35:00,981.0,981.0,980.0,980.4,7150,1453650
TATACHEM_F2,16-08-2023,09:38:00,980.4,980.4,980.4,980.4,550,1453650
TATACHEM_F2,16-08-2023,09:40:00,981.45,981.45,981.45,981.45,2750,1454200
TATACHEM_F2,16-08-2023,09:42:00,981.45,986.1,981.45,986.1,9350,1454750
TATACHEM_F2,16-08-2023,09:43:00,986.1,986.1,984.0,984.75,6600,1454750
TATACHEM_F2,16-08-2023,09:44:00,985.35,985.7,985.25,985.7,1650,1465750
TATACHEM_F2,16-08-2023,09:45:00,985.7,985.7,984.2,984.6,2750,1465750
TATACHEM_F2,16-08-2023,09:49:00,985.0,985.0,985.0,985.0,550,1467400
TATACHEM_F2,16-08-2023,09:50:00,985.15,985.15,985.15,985.15,550,1467400
TATACHEM_F2,16-08-2023,09:51:00,984.05,984.05,984.05,984.05,550,1467400
TATACHEM_F2,16-08-2023,09:54:00,984.65,984.65,984.65,984.65,550,1466850
TATACHEM_F2,16-08-2023,09:55:00,984.35,984.35,984.35,984.35,3300,1466850
TATACHEM_F2,16-08-2023,09:59:00,984.05,984.05,984.05,984.05,1100,1468500
TATACHEM_F2,16-08-2023,10:06:00,984.05,984.1,984.05,984.1,1650,1468500
TATACHEM_F2,16-08-2023,10:07:00,984.1,984.1,984.1,984.1,1100,1468500
TATACHEM_F2,16-08-2023,10:08:00,984.1,984.1,984.1,984.1,3850,1468500
TATACHEM_F2,16-08-2023,10:10:00,984.8,984.8,984.8,984.8,550,1474000
TATACHEM_F2,16-08-2023,10:11:00,984.8,984.8,984.8,984.8,550,1474000
TATACHEM_F2,16-08-2023,10:18:00,986.0,987.1,986.0,987.1,1650,1474550
TATACHEM_F2,16-08-2023,10:19:00,987.1,987.1,987.1,987.1,1100,1474550
TATACHEM_F2,16-08-2023,10:20:00,987.1,987.1,987.1,987.1,550,1475100
TATACHEM_F2,16-08-2023,10:23:00,987.1,987.1,987.1,987.1,6600,1475100
TATACHEM_F2,16-08-2023,10:24:00,987.1,987.1,987.1,987.1,3300,1478400
TATACHEM_F2,16-08-2023,10:25:00,987.1,987.1,987.1,987.1,1100,1478400
TATACHEM_F2,16-08-2023,10:26:00,987.1,987.1,987.1,987.1,1100,1486100
TATACHEM_F2,16-08-2023,10:27:00,987.1,987.1,987.1,987.1,5500,1486100
TATACHEM_F2,16-08-2023,10:28:00,987.1,987.1,987.1,987.1,3300,1486100
TATACHEM_F2,16-08-2023,10:42:00,987.1,987.1,987.1,987.1,550,1494900
TATACHEM_F2,16-08-2023,10:55:00,986.95,986.95,986.95,986.95,3300,1494350
TATACHEM_F2,16-08-2023,10:57:00,986.4,986.4,986.4,986.4,550,1494350
TATACHEM_F2,16-08-2023,11:00:00,985.0,985.0,985.0,985.0,1650,1494900
TATACHEM_F2,16-08-2023,11:01:00,985.8,985.8,985.8,985.8,550,1494900
TATACHEM_F2,16-08-2023,11:08:00,985.35,985.35,984.0,984.0,1100,1497100
TATACHEM_F2,16-08-2023,11:09:00,984.45,984.45,984.45,984.45,550,1497100
TATACHEM_F2,16-08-2023,11:12:00,984.5,984.5,984.5,984.5,550,1497650
TATACHEM_F2,16-08-2023,11:15:00,984.0,984.0,983.4,983.4,2200,1497650
TATACHEM_F2,16-08-2023,11:16:00,983.75,983.75,983.75,983.75,550,1497650
TATACHEM_F2,16-08-2023,11:17:00,983.85,983.85,983.85,983.85,550,1497650
TATACHEM_F2,16-08-2023,11:44:00,983.15,983.15,982.0,982.0,2200,1499850
TATACHEM_F2,16-08-2023,11:45:00,982.25,982.25,982.25,982.25,550,1499850
TATACHEM_F2,16-08-2023,11:47:00,982.25,982.25,982.25,982.25,2200,1499850
TATACHEM_F2,16-08-2023,11:48:00,982.3,982.3,982.3,982.3,550,1503150
TATACHEM_F2,16-08-2023,11:53:00,983.8,983.8,983.75,983.75,1100,1503150
TATACHEM_F2,16-08-2023,11:55:00,982.25,982.25,982.25,982.25,550,1504250
TATACHEM_F2,16-08-2023,11:58:00,985.55,985.55,985.55,985.55,2200,1504250
TATACHEM_F2,16-08-2023,11:59:00,986.25,986.25,986.0,986.0,1650,1504250
TATACHEM_F2,16-08-2023,12:03:00,986.0,986.0,986.0,986.0,550,1508100
TATACHEM_F2,16-08-2023,12:10:00,986.0,986.0,986.0,986.0,550,1508650
TATACHEM_F2,16-08-2023,12:11:00,986.0,986.0,986.0,986.0,550,1508650
TATACHEM_F2,16-08-2023,12:14:00,986.0,986.0,986.0,986.0,3850,1508650
TATACHEM_F2,16-08-2023,12:16:00,986.0,986.0,986.0,986.0,1100,1511400
TATACHEM_F2,16-08-2023,12:17:00,986.0,986.0,986.0,986.0,1100,1511400
TATACHEM_F2,16-08-2023,12:18:00,984.25,985.0,984.25,985.0,1650,1513600
TATACHEM_F2,16-08-2023,12:22:00,985.5,985.5,985.5,985.5,1100,1513600
TATACHEM_F2,16-08-2023,12:25:00,985.2,985.2,984.05,984.05,1650,1513600
TATACHEM_F2,16-08-2023,12:31:00,984.05,984.05,984.05,984.05,4400,1514700
TATACHEM_F2,16-08-2023,12:35:00,985.55,985.6,985.55,985.6,1100,1519100
TATACHEM_F2,16-08-2023,12:45:00,985.6,985.6,985.6,985.6,550,1519100
TATACHEM_F2,16-08-2023,12:47:00,985.6,985.6,985.6,985.6,3300,1519650
TATACHEM_F2,16-08-2023,12:49:00,985.6,986.0,985.6,986.0,26400,1522400
TATACHEM_F2,16-08-2023,12:50:00,986.45,986.55,986.45,986.55,1650,1522400
TATACHEM_F2,16-08-2023,12:55:00,986.5,986.5,986.5,986.5,550,1546600
TATACHEM_F2,16-08-2023,12:57:00,986.5,986.5,986.5,986.5,9900,1546600
TATACHEM_F2,16-08-2023,12:58:00,986.2,986.2,986.2,986.2,3300,1546600
TATACHEM_F2,16-08-2023,13:03:00,986.2,986.2,986.2,986.2,1100,1559800
TATACHEM_F2,16-08-2023,13:05:00,986.2,986.2,986.2,986.2,1100,1559800
TATACHEM_F2,16-08-2023,13:08:00,986.2,986.2,986.2,986.2,550,1559800
TATACHEM_F2,16-08-2023,13:22:00,986.65,986.65,986.65,986.65,550,1559250
TATACHEM_F2,16-08-2023,13:36:00,986.05,986.05,986.05,986.05,550,1559800
TATACHEM_F2,16-08-2023,13:41:00,986.0,986.0,986.0,986.0,1100,1559250
TATACHEM_F2,16-08-2023,13:42:00,985.75,985.75,985.7,985.7,4400,1559250
TATACHEM_F2,16-08-2023,13:44:00,985.7,985.7,985.7,985.7,1100,1559250
TATACHEM_F2,16-08-2023,13:45:00,985.7,985.7,984.95,984.95,7700,1563650
TATACHEM_F2,16-08-2023,13:57:00,984.95,984.95,984.95,984.95,550,1565850
TATACHEM_F2,16-08-2023,14:02:00,985.0,985.0,985.0,985.0,550,1565850
TATACHEM_F2,16-08-2023,14:05:00,984.1,984.1,984.1,984.1,550,1565850
TATACHEM_F2,16-08-2023,14:06:00,984.1,984.1,984.1,984.1,550,1565850
TATACHEM_F2,16-08-2023,14:07:00,983.25,983.25,983.25,983.25,550,1566950
TATACHEM_F2,16-08-2023,14:09:00,985.0,985.0,985.0,985.0,5500,1566950
TATACHEM_F2,16-08-2023,14:15:00,985.0,985.0,985.0,985.0,11550,1573000
TATACHEM_F2,16-08-2023,14:18:00,985.0,985.0,985.0,985.0,5500,1573000
TATACHEM_F2,16-08-2023,14:20:00,986.0,986.0,986.0,986.0,1650,1574650
TATACHEM_F2,16-08-2023,14:21:00,985.95,985.95,985.95,985.95,2750,1581800
TATACHEM_F2,16-08-2023,14:29:00,985.95,985.95,985.95,985.95,12100,1582900
TATACHEM_F2,16-08-2023,14:30:00,985.95,985.95,985.95,985.95,1650,1582900
TATACHEM_F2,16-08-2023,14:35:00,985.05,985.05,984.55,984.65,3300,1596650
TATACHEM_F2,16-08-2023,14:36:00,984.9,984.9,984.9,984.9,550,1596650
TATACHEM_F2,16-08-2023,14:39:00,984.9,984.9,984.9,984.9,3300,1596650
TATACHEM_F2,16-08-2023,14:45:00,985.5,985.5,985.5,985.5,550,1599950
TATACHEM_F2,16-08-2023,14:46:00,986.05,986.05,986.05,986.05,550,1599950
TATACHEM_F2,16-08-2023,14:48:00,986.05,986.05,984.5,984.5,37400,1606000
TATACHEM_F2,16-08-2023,14:49:00,984.5,984.5,984.5,984.5,2200,1606000
TATACHEM_F2,16-08-2023,14:50:00,984.5,984.5,984.5,984.5,550,1606000
TATACHEM_F2,16-08-2023,14:51:00,984.5,984.5,984.1,984.1,1650,1623050
TATACHEM_F2,16-08-2023,14:53:00,984.0,984.45,984.0,984.45,1650,1623050
TATACHEM_F2,16-08-2023,14:56:00,984.2,984.2,984.2,984.2,1100,1624700
TATACHEM_F2,16-08-2023,14:57:00,984.25,984.25,984.25,984.25,8250,1626350
TATACHEM_F2,16-08-2023,14:58:00,985.65,985.65,985.65,985.65,550,1626350
TATACHEM_F2,16-08-2023,14:59:00,984.8,984.8,984.75,984.75,1650,1626350
TATACHEM_F2,16-08-2023,15:00:00,984.7,986.0,984.3,984.3,5500,1631850
TATACHEM_F2,16-08-2023,15:06:00,986.6,986.6,986.6,986.6,550,1630750
TATACHEM_F2,16-08-2023,15:07:00,985.5,985.5,985.5,985.5,1650,1630750
TATACHEM_F2,16-08-2023,15:08:00,984.95,985.85,984.5,985.85,4400,1630750
TATACHEM_F2,16-08-2023,15:09:00,984.5,984.5,984.5,984.5,550,1634050
TATACHEM_F2,16-08-2023,15:10:00,984.5,984.5,984.5,984.5,2750,1634050
TATACHEM_F2,16-08-2023,15:13:00,985.5,985.5,985.5,985.5,2200,1636800
TATACHEM_F2,16-08-2023,15:14:00,985.5,985.5,985.25,985.25,1100,1636800
TATACHEM_F2,16-08-2023,15:15:00,985.25,985.7,985.1,985.1,16500,1650000
TATACHEM_F2,16-08-2023,15:16:00,985.1,985.2,984.5,985.15,12100,1650000
TATACHEM_F2,16-08-2023,15:17:00,985.15,985.15,985.15,985.15,2200,1650000
TATACHEM_F2,16-08-2023,15:19:00,984.6,984.6,984.6,984.6,1100,1663750
TATACHEM_F2,16-08-2023,15:20:00,984.85,984.85,984.75,984.75,1100,1663750
TATACHEM_F2,16-08-2023,15:22:00,984.75,985.1,984.75,985.1,2750,1665400
TATACHEM_F2,16-08-2023,15:23:00,984.75,984.75,984.75,984.75,1100,1665400
TATACHEM_F2,16-08-2023,15:24:00,984.6,984.7,984.6,984.7,7150,1665400
TATACHEM_F2,16-08-2023,15:25:00,984.3,984.3,984.3,984.3,4400,1669250
TATACHEM_F2,16-08-2023,15:28:00,984.5,984.5,984.3,984.3,7700,1672000
TATACHEM_F2,16-08-2023,15:29:00,984.3,984.3,984.3,984.3,5500,1672000
TATACHEM_F2,16-08-2023,15:30:00,984.05,984.05,984.05,984.05,550,1672000
TATACHEM_F2,17-08-2023,09:15:00,984.55,984.55,983.2,983.2,2752,1676400
TATACHEM_F2,17-08-2023,09:16:00,983.2,985.85,983.2,985.85,1650,1676400
TATACHEM_F2,17-08-2023,09:17:00,986.9,986.9,986.9,986.9,550,1677500
TATACHEM_F2,17-08-2023,09:18:00,986.9,986.9,986.9,986.9,1100,1677500
TATACHEM_F2,17-08-2023,09:19:00,986.95,987.3,986.95,987.3,1650,1677500
TATACHEM_F2,17-08-2023,09:20:00,987.95,987.95,987.95,987.95,1100,1677500
TATACHEM_F2,17-08-2023,09:22:00,987.95,987.95,987.95,987.95,1100,1678050
TATACHEM_F2,17-08-2023,09:24:00,988.05,990.0,988.05,990.0,2750,1676950
TATACHEM_F2,17-08-2023,09:25:00,990.55,991.6,990.55,991.6,1650,1676950
TATACHEM_F2,17-08-2023,09:26:00,991.35,991.35,991.35,991.35,1100,1676950
TATACHEM_F2,17-08-2023,09:27:00,991.25,992.75,991.25,992.75,7150,1675300
TATACHEM_F2,17-08-2023,09:30:00,991.6,991.6,991.6,991.6,1100,1672000
TATACHEM_F2,17-08-2023,09:31:00,988.9,988.9,987.85,987.85,1650,1672000
TATACHEM_F2,17-08-2023,09:35:00,988.2,989.0,988.2,988.95,1650,1672000
TATACHEM_F2,17-08-2023,09:37:00,988.55,989.1,988.55,989.1,2200,1673100
TATACHEM_F2,17-08-2023,09:39:00,988.45,988.45,988.45,988.45,550,1671450
TATACHEM_F2,17-08-2023,09:42:00,988.45,988.85,988.45,988.85,1100,1671450
TATACHEM_F2,17-08-2023,09:45:00,988.85,988.85,988.85,988.85,1100,1671450
TATACHEM_F2,17-08-2023,09:48:00,989.0,989.0,988.05,988.05,2200,1672550
TATACHEM_F2,17-08-2023,09:49:00,988.05,988.05,988.05,988.05,1100,1672550
TATACHEM_F2,17-08-2023,09:54:00,988.0,988.0,987.15,987.15,1650,1673100
TATACHEM_F2,17-08-2023,10:01:00,987.75,987.75,987.65,987.65,1100,1673100
TATACHEM_F2,17-08-2023,10:02:00,987.9,987.9,987.9,987.9,550,1673100
TATACHEM_F2,17-08-2023,10:04:00,987.6,987.6,987.6,987.6,550,1672550
TATACHEM_F2,17-08-2023,10:05:00,987.6,987.6,987.6,987.6,3850,1672550
TATACHEM_F2,17-08-2023,10:12:00,987.9,987.9,987.9,987.9,1100,1668700
TATACHEM_F2,17-08-2023,10:14:00,987.55,987.55,985.9,986.55,3850,1668700
TATACHEM_F2,17-08-2023,10:15:00,986.45,986.45,986.45,986.45,550,1670900
TATACHEM_F2,17-08-2023,10:21:00,986.0,986.0,986.0,986.0,550,1672000
TATACHEM_F2,17-08-2023,10:25:00,987.4,987.4,985.0,985.0,1100,1672000
TATACHEM_F2,17-08-2023,10:26:00,986.05,986.05,986.05,986.05,550,1672000
TATACHEM_F2,17-08-2023,10:31:00,984.5,984.5,984.5,984.5,1650,1673100
TATACHEM_F2,17-08-2023,10:33:00,985.55,985.55,985.55,985.55,1100,1673100
TATACHEM_F2,17-08-2023,10:35:00,986.3,986.3,986.3,986.3,1100,1673100
TATACHEM_F2,17-08-2023,10:39:00,985.45,985.45,985.45,985.45,1100,1673650
TATACHEM_F2,17-08-2023,10:52:00,986.15,986.15,986.15,986.15,550,1674200
TATACHEM_F2,17-08-2023,10:58:00,984.9,984.9,984.9,984.9,550,1674750
TATACHEM_F2,17-08-2023,11:02:00,984.9,984.9,984.9,984.9,1100,1674750
TATACHEM_F2,17-08-2023,11:03:00,986.15,986.15,986.15,986.15,1100,1675850
TATACHEM_F2,17-08-2023,11:05:00,986.15,986.15,986.15,986.15,550,1675850
TATACHEM_F2,17-08-2023,11:06:00,986.65,986.65,986.65,986.65,550,1677500
TATACHEM_F2,17-08-2023,11:07:00,985.8,985.8,985.8,985.8,550,1677500
TATACHEM_F2,17-08-2023,11:09:00,985.5,985.5,985.5,985.5,550,1677500
TATACHEM_F2,17-08-2023,11:10:00,985.5,985.5,985.5,985.5,550,1677500
TATACHEM_F2,17-08-2023,11:11:00,985.5,985.5,985.5,985.5,550,1678050
TATACHEM_F2,17-08-2023,11:13:00,985.5,985.5,985.5,985.5,550,1679150
TATACHEM_F2,17-08-2023,11:14:00,985.15,985.15,985.15,985.15,1100,1679150
TATACHEM_F2,17-08-2023,11:15:00,985.15,985.15,985.05,985.05,1100,1680250
TATACHEM_F2,17-08-2023,11:16:00,985.0,985.0,984.65,984.65,1650,1680250
TATACHEM_F2,17-08-2023,11:17:00,984.3,984.3,984.0,984.0,1650,1680250
TATACHEM_F2,17-08-2023,11:19:00,983.5,983.5,982.1,982.1,9900,1683550
TATACHEM_F2,17-08-2023,11:20:00,982.85,982.85,981.85,981.85,12100,1683550
TATACHEM_F2,17-08-2023,11:21:00,981.8,981.9,981.8,981.9,4400,1678600
TATACHEM_F2,17-08-2023,11:22:00,982.45,982.45,982.45,982.45,550,1678600
TATACHEM_F2,17-08-2023,11:24:00,982.1,982.1,982.1,982.1,550,1679700
TATACHEM_F2,17-08-2023,11:29:00,984.35,984.35,984.35,984.35,3850,1680250
TATACHEM_F2,17-08-2023,11:30:00,983.7,984.5,983.7,984.5,1100,1683000
TATACHEM_F2,17-08-2023,11:31:00,984.45,984.45,984.1,984.1,2200,1683000
TATACHEM_F2,17-08-2023,11:36:00,983.75,983.75,983.75,983.75,550,1683550
TATACHEM_F2,17-08-2023,11:38:00,984.3,984.3,984.3,984.3,550,1683550
TATACHEM_F2,17-08-2023,11:39:00,984.45,984.45,984.45,984.45,550,1683550
TATACHEM_F2,17-08-2023,11:43:00,985.0,985.0,985.0,985.0,550,1683550
TATACHEM_F2,17-08-2023,11:48:00,985.0,985.0,984.9,984.9,1650,1684100
TATACHEM_F2,17-08-2023,11:52:00,985.0,985.0,985.0,985.0,550,1685750
TATACHEM_F2,17-08-2023,11:53:00,984.55,984.55,984.55,984.55,550,1685750
TATACHEM_F2,17-08-2023,11:54:00,983.95,983.95,983.95,983.95,1100,1686300
TATACHEM_F2,17-08-2023,11:55:00,983.5,983.5,983.5,983.5,1650,1686300
TATACHEM_F2,17-08-2023,11:56:00,983.5,983.5,983.2,983.45,1650,1686300
TATACHEM_F2,17-08-2023,11:59:00,983.0,983.0,983.0,983.0,550,1685750
TATACHEM_F2,17-08-2023,12:00:00,983.0,983.0,983.0,983.0,1650,1685750
TATACHEM_F2,17-08-2023,12:01:00,983.45,983.45,983.45,983.45,550,1685750
TATACHEM_F2,17-08-2023,12:02:00,984.85,984.85,984.85,984.85,550,1685750
TATACHEM_F2,17-08-2023,12:05:00,984.7,984.7,984.7,984.7,550,1686850
TATACHEM_F2,17-08-2023,12:11:00,984.1,984.1,984.1,984.1,550,1687400
TATACHEM_F2,17-08-2023,12:13:00,983.2,983.2,983.0,983.0,1650,1687400
TATACHEM_F2,17-08-2023,12:16:00,983.75,983.75,983.75,983.75,550,1687950
TATACHEM_F2,17-08-2023,12:17:00,982.9,982.9,982.9,982.9,550,1687950
TATACHEM_F2,17-08-2023,12:18:00,983.75,983.75,983.75,983.75,6050,1688500
TATACHEM_F2,17-08-2023,12:19:00,983.75,983.75,983.75,983.75,6050,1688500
TATACHEM_F2,17-08-2023,12:23:00,983.95,986.3,983.95,986.3,4400,1700600
TATACHEM_F2,17-08-2023,12:26:00,985.35,985.35,984.35,984.35,1650,1703350
TATACHEM_F2,17-08-2023,12:27:00,985.5,985.5,985.5,985.5,2200,1702800
TATACHEM_F2,17-08-2023,12:30:00,986.95,986.95,986.95,986.95,550,1702800
TATACHEM_F2,17-08-2023,12:31:00,987.0,987.0,987.0,987.0,550,1703900
TATACHEM_F2,17-08-2023,12:34:00,987.0,987.0,987.0,987.0,3300,1703900
TATACHEM_F2,17-08-2023,12:39:00,986.85,986.85,986.85,986.85,550,1700600
TATACHEM_F2,17-08-2023,12:41:00,986.5,986.5,986.5,986.5,550,1700600
TATACHEM_F2,17-08-2023,12:47:00,985.2,985.2,985.0,985.0,2200,1701700
TATACHEM_F2,17-08-2023,12:52:00,987.0,987.0,987.0,987.0,1100,1702250
TATACHEM_F2,17-08-2023,12:53:00,986.6,986.6,986.6,986.6,550,1702250
TATACHEM_F2,17-08-2023,12:54:00,986.6,986.6,986.6,986.6,550,1702250
TATACHEM_F2,17-08-2023,12:55:00,986.6,986.6,986.6,986.6,550,1702250
TATACHEM_F2,17-08-2023,13:03:00,985.1,985.1,985.1,985.1,550,1702800
TATACHEM_F2,17-08-2023,13:05:00,984.5,984.5,984.5,984.5,550,1703350
TATACHEM_F2,17-08-2023,13:26:00,984.5,984.5,984.5,984.5,550,1703900
TATACHEM_F2,17-08-2023,13:30:00,984.15,984.15,984.15,984.15,550,1704450
TATACHEM_F2,17-08-2023,13:40:00,984.15,984.15,984.0,984.0,1100,1705000
TATACHEM_F2,17-08-2023,13:51:00,985.45,985.45,985.45,985.45,550,1705550
TATACHEM_F2,17-08-2023,13:53:00,985.45,985.45,985.45,985.45,2200,1705550
TATACHEM_F2,17-08-2023,13:54:00,985.0,985.0,985.0,985.0,1100,1708300
TATACHEM_F2,17-08-2023,13:55:00,985.0,985.0,985.0,985.0,550,1708300
TATACHEM_F2,17-08-2023,13:57:00,984.15,984.15,984.15,984.15,550,1708300
TATACHEM_F2,17-08-2023,13:58:00,984.15,984.15,984.15,984.15,550,1708300
TATACHEM_F2,17-08-2023,14:03:00,983.65,983.65,983.65,983.65,550,1709950
TATACHEM_F2,17-08-2023,14:04:00,983.55,983.55,983.55,983.55,550,1709950
TATACHEM_F2,17-08-2023,14:06:00,983.7,983.7,983.7,983.7,550,1709950
TATACHEM_F2,17-08-2023,14:18:00,982.4,982.45,982.4,982.45,6600,1711050
TATACHEM_F2,17-08-2023,14:22:00,982.45,982.45,982.45,982.45,550,1711050
TATACHEM_F2,17-08-2023,14:23:00,981.9,981.95,981.9,981.95,1100,1715450
TATACHEM_F2,17-08-2023,14:24:00,981.95,981.95,981.95,981.95,550,1717100
TATACHEM_F2,17-08-2023,14:25:00,981.95,981.95,981.95,981.95,550,1717100
TATACHEM_F2,17-08-2023,14:26:00,982.6,982.6,982.6,982.6,550,1717100
TATACHEM_F2,17-08-2023,14:29:00,981.7,981.7,981.7,981.7,1100,1718200
TATACHEM_F2,17-08-2023,14:30:00,981.7,981.7,981.7,981.7,550,1718200
TATACHEM_F2,17-08-2023,14:45:00,984.75,984.75,984.75,984.75,1100,1719300
TATACHEM_F2,17-08-2023,14:47:00,985.35,985.35,984.75,984.75,2200,1719300
TATACHEM_F2,17-08-2023,14:50:00,984.7,984.7,984.7,984.7,2200,1719850
TATACHEM_F2,17-08-2023,14:56:00,986.0,986.0,986.0,986.0,550,1720400
TATACHEM_F2,17-08-2023,15:00:00,984.6,984.6,984.6,984.6,550,1720400
TATACHEM_F2,17-08-2023,15:02:00,984.5,984.5,984.5,984.5,550,1720400
TATACHEM_F2,17-08-2023,15:09:00,986.15,986.15,986.05,986.05,3300,1720950
TATACHEM_F2,17-08-2023,15:10:00,987.0,987.0,987.0,987.0,2750,1719850
TATACHEM_F2,17-08-2023,15:11:00,986.0,986.0,986.0,986.0,550,1719850
TATACHEM_F2,17-08-2023,15:12:00,986.0,986.0,986.0,986.0,3300,1718750
TATACHEM_F2,17-08-2023,15:13:00,986.0,986.0,986.0,986.0,1100,1718750
TATACHEM_F2,17-08-2023,15:15:00,986.0,986.0,986.0,986.0,1100,1718750
TATACHEM_F2,17-08-2023,15:17:00,985.4,985.55,985.4,985.55,2750,1724250
TATACHEM_F2,17-08-2023,15:19:00,985.55,985.55,985.55,985.55,550,1725900
TATACHEM_F2,17-08-2023,15:20:00,984.85,985.2,984.85,985.2,1100,1725900
TATACHEM_F2,17-08-2023,15:25:00,985.95,985.95,985.95,985.95,1650,1726450
TATACHEM_F2,17-08-2023,15:28:00,985.95,985.95,985.95,985.95,8800,1727550
TATACHEM_F2,17-08-2023,15:29:00,985.9,985.95,985.9,985.95,2200,1727550
TATACHEM_F2,18-08-2023,09:15:00,985.0,985.0,981.05,981.05,2752,1734700
TATACHEM_F2,18-08-2023,09:16:00,981.0,981.0,981.0,981.0,1650,1734700
TATACHEM_F2,18-08-2023,09:18:00,981.0,981.0,981.0,981.0,550,1735800
TATACHEM_F2,18-08-2023,09:19:00,983.5,983.5,983.15,983.15,1100,1735800
TATACHEM_F2,18-08-2023,09:20:00,985.9,985.9,985.9,985.9,550,1736350
TATACHEM_F2,18-08-2023,09:21:00,986.0,986.0,986.0,986.0,1100,1736350
TATACHEM_F2,18-08-2023,09:23:00,986.0,986.0,986.0,986.0,1650,1738550
TATACHEM_F2,18-08-2023,09:25:00,985.95,986.0,985.95,986.0,1100,1738550
TATACHEM_F2,18-08-2023,09:29:00,986.0,986.0,986.0,986.0,550,1738550
TATACHEM_F2,18-08-2023,09:35:00,983.9,983.9,983.9,983.9,1100,1740200
TATACHEM_F2,18-08-2023,09:37:00,983.0,983.0,983.0,983.0,550,1740200
TATACHEM_F2,18-08-2023,09:38:00,983.2,983.2,983.2,983.2,550,1740200
TATACHEM_F2,18-08-2023,09:39:00,983.25,983.25,983.25,983.25,550,1739650
TATACHEM_F2,18-08-2023,09:40:00,982.0,982.0,981.0,981.0,4950,1739650
TATACHEM_F2,18-08-2023,09:41:00,980.5,980.5,980.05,980.05,2750,1743500
TATACHEM_F2,18-08-2023,09:43:00,983.05,983.05,983.05,983.05,550,1743500
TATACHEM_F2,18-08-2023,09:45:00,983.05,983.05,983.05,983.05,1650,1743500
TATACHEM_F2,18-08-2023,09:47:00,983.45,983.45,983.0,983.0,1650,1743500
TATACHEM_F2,18-08-2023,09:53:00,982.8,982.8,982.8,982.8,550,1744050
TATACHEM_F2,18-08-2023,09:57:00,981.55,981.55,981.55,981.55,2200,1743500
TATACHEM_F2,18-08-2023,09:58:00,981.05,981.05,981.05,981.05,550,1743500
TATACHEM_F2,18-08-2023,09:59:00,982.25,982.25,982.25,982.25,2750,1743500
TATACHEM_F2,18-08-2023,10:00:00,982.3,982.3,982.3,982.3,550,1745700
TATACHEM_F2,18-08-2023,10:02:00,981.35,981.35,981.35,981.35,550,1745700
TATACHEM_F2,18-08-2023,10:03:00,980.05,980.05,978.0,978.0,4950,1746800
TATACHEM_F2,18-08-2023,10:04:00,978.0,978.2,978.0,978.2,2750,1746800
TATACHEM_F2,18-08-2023,10:05:00,978.2,978.2,975.85,975.85,3300,1750100
TATACHEM_F2,18-08-2023,10:06:00,975.15,975.15,975.15,975.15,5500,1750100
TATACHEM_F2,18-08-2023,10:07:00,975.1,975.1,974.0,974.0,11000,1750100
TATACHEM_F2,18-08-2023,10:08:00,974.0,974.0,973.5,973.5,1650,1750100
TATACHEM_F2,18-08-2023,10:09:00,973.5,974.9,973.5,974.45,9900,1752850
TATACHEM_F2,18-08-2023,10:10:00,974.45,974.45,974.45,974.45,2750,1752850
TATACHEM_F2,18-08-2023,10:11:00,975.0,975.0,974.3,974.35,3300,1761650
TATACHEM_F2,18-08-2023,10:12:00,975.6,975.6,975.6,975.6,550,1761650
TATACHEM_F2,18-08-2023,10:14:00,975.6,975.6,975.6,975.6,550,1761100
TATACHEM_F2,18-08-2023,10:15:00,975.6,975.6,975.5,975.5,2750,1761100
TATACHEM_F2,18-08-2023,10:16:00,975.6,975.6,975.6,975.6,61600,1761100
TATACHEM_F2,18-08-2023,10:17:00,975.6,975.6,975.4,975.4,11000,1761100
TATACHEM_F2,18-08-2023,10:18:00,977.6,979.0,977.55,979.0,4400,1830400
TATACHEM_F2,18-08-2023,10:19:00,978.3,978.3,978.3,978.3,1100,1830400
TATACHEM_F2,18-08-2023,10:20:00,979.9,979.9,979.9,979.9,3300,1830400
TATACHEM_F2,18-08-2023,10:21:00,978.9,978.9,978.9,978.9,550,1834800
TATACHEM_F2,18-08-2023,10:22:00,979.55,979.55,979.55,979.55,1100,1834800
TATACHEM_F2,18-08-2023,10:23:00,979.55,979.55,979.55,979.55,1650,1834250
TATACHEM_F2,18-08-2023,10:26:00,979.6,979.6,979.6,979.6,550,1834250
TATACHEM_F2,18-08-2023,10:27:00,980.05,980.05,980.05,980.05,550,1834250
TATACHEM_F2,18-08-2023,10:28:00,979.75,981.65,979.75,981.65,8800,1834250
TATACHEM_F2,18-08-2023,10:29:00,982.9,983.4,982.9,983.3,2750,1834250
TATACHEM_F2,18-08-2023,10:33:00,983.95,983.95,983.95,983.95,3300,1833700
TATACHEM_F2,18-08-2023,10:34:00,981.25,981.25,981.25,981.25,1650,1833700
TATACHEM_F2,18-08-2023,10:35:00,980.25,980.25,980.2,980.2,1100,1834250
TATACHEM_F2,18-08-2023,10:36:00,980.3,981.05,980.15,981.05,1650,1834250
TATACHEM_F2,18-08-2023,10:37:00,981.05,981.05,981.05,981.05,550,1834250
TATACHEM_F2,18-08-2023,10:41:00,983.0,983.0,983.0,983.0,8250,1834800
TATACHEM_F2,18-08-2023,10:43:00,983.0,983.0,983.0,983.0,1100,1835900
TATACHEM_F2,18-08-2023,10:46:00,985.0,985.0,985.0,985.0,9900,1835350
TATACHEM_F2,18-08-2023,10:47:00,983.1,983.1,983.1,983.1,2200,1835350
TATACHEM_F2,18-08-2023,10:48:00,983.95,984.8,983.95,984.8,2750,1835350
TATACHEM_F2,18-08-2023,10:49:00,985.5,986.5,985.5,986.5,2200,1835350
TATACHEM_F2,18-08-2023,10:51:00,986.5,986.5,986.5,986.5,550,1834250
TATACHEM_F2,18-08-2023,10:55:00,986.5,986.55,986.5,986.55,1650,1834800
TATACHEM_F2,18-08-2023,10:56:00,986.55,986.55,986.55,986.55,1650,1834800
TATACHEM_F2,18-08-2023,10:57:00,985.55,987.0,985.55,987.0,2200,1835350
TATACHEM_F2,18-08-2023,10:58:00,987.45,987.5,987.4,987.4,4400,1835350
TATACHEM_F2,18-08-2023,10:59:00,986.95,986.95,986.95,986.95,550,1835350
TATACHEM_F2,18-08-2023,11:00:00,987.95,988.2,987.95,988.2,3300,1832600
TATACHEM_F2,18-08-2023,11:01:00,988.2,988.2,988.2,988.2,550,1832600
TATACHEM_F2,18-08-2023,11:04:00,986.4,986.4,986.4,986.4,550,1834250
TATACHEM_F2,18-08-2023,11:05:00,986.85,986.85,986.85,986.85,550,1834250
TATACHEM_F2,18-08-2023,11:07:00,988.2,988.2,988.2,988.2,1650,1833150
TATACHEM_F2,18-08-2023,11:08:00,989.9,989.9,989.9,989.9,1650,1833150
TATACHEM_F2,18-08-2023,11:09:00,989.9,989.9,988.15,988.15,1100,1832600
TATACHEM_F2,18-08-2023,11:10:00,988.15,988.15,988.15,988.15,3300,1832600
TATACHEM_F2,18-08-2023,11:11:00,990.0,990.0,990.0,990.0,6600,1832600
TATACHEM_F2,18-08-2023,11:16:00,989.5,989.5,989.5,989.5,2750,1835350
TATACHEM_F2,18-08-2023,11:17:00,989.5,989.5,989.5,989.5,550,1835350
TATACHEM_F2,18-08-2023,11:19:00,989.25,989.25,989.25,989.25,1650,1835900
TATACHEM_F2,18-08-2023,11:21:00,988.25,988.25,988.25,988.25,550,1835900
TATACHEM_F2,18-08-2023,11:23:00,988.1,988.1,988.1,988.1,550,1835900
TATACHEM_F2,18-08-2023,11:24:00,987.1,987.1,987.1,987.1,550,1835900
TATACHEM_F2,18-08-2023,11:25:00,987.1,987.1,987.1,987.1,4950,1835900
TATACHEM_F2,18-08-2023,11:26:00,987.1,987.1,987.1,987.1,17600,1835900
TATACHEM_F2,18-08-2023,11:30:00,988.5,988.5,988.5,988.5,1100,1848000
TATACHEM_F2,18-08-2023,11:34:00,989.1,989.1,989.1,989.1,550,1848000
TATACHEM_F2,18-08-2023,11:37:00,989.7,989.7,989.7,989.7,1650,1848000
TATACHEM_F2,18-08-2023,11:42:00,989.7,989.7,989.7,989.7,550,1849100
TATACHEM_F2,18-08-2023,11:49:00,989.7,989.7,989.7,989.7,550,1849650
TATACHEM_F2,18-08-2023,11:51:00,989.6,989.6,989.6,989.6,550,1849650
TATACHEM_F2,18-08-2023,11:52:00,989.6,989.6,989.6,989.6,550,1849650
TATACHEM_F2,18-08-2023,11:53:00,990.05,990.05,990.05,990.05,9350,1849650
TATACHEM_F2,18-08-2023,12:00:00,990.2,990.2,990.2,990.2,1650,1851300
TATACHEM_F2,18-08-2023,12:02:00,990.2,990.2,988.3,988.3,2200,1851300
TATACHEM_F2,18-08-2023,12:03:00,989.4,989.4,989.4,989.4,550,1852950
TATACHEM_F2,18-08-2023,12:08:00,988.1,988.1,988.1,988.1,1650,1852950
TATACHEM_F2,18-08-2023,12:09:00,988.1,990.05,988.1,990.05,3300,1852950
TATACHEM_F2,18-08-2023,12:12:00,990.25,990.25,990.25,990.25,550,1855700
TATACHEM_F2,18-08-2023,12:13:00,990.25,990.25,989.85,990.2,2200,1855700
TATACHEM_F2,18-08-2023,12:17:00,990.2,990.2,990.2,990.2,1650,1855700
TATACHEM_F2,18-08-2023,12:18:00,989.15,989.15,989.15,989.15,550,1856800
TATACHEM_F2,18-08-2023,12:24:00,987.1,987.1,987.1,987.1,550,1856250
TATACHEM_F2,18-08-2023,12:25:00,987.1,987.25,987.1,987.25,2200,1856250
TATACHEM_F2,18-08-2023,12:26:00,987.9,987.9,987.9,987.9,1100,1856250
TATACHEM_F2,18-08-2023,12:27:00,988.0,988.0,988.0,988.0,1650,1857350
TATACHEM_F2,18-08-2023,12:34:00,988.0,988.0,988.0,988.0,1100,1857900
TATACHEM_F2,18-08-2023,12:36:00,990.75,991.1,990.75,991.1,1650,1859000
TATACHEM_F2,18-08-2023,12:37:00,993.8,993.8,993.4,993.4,6600,1859000
TATACHEM_F2,18-08-2023,12:38:00,994.0,994.45,994.0,994.45,1650,1859000
TATACHEM_F2,18-08-2023,12:39:00,994.45,994.45,994.45,994.45,1100,1857900
TATACHEM_F2,18-08-2023,12:40:00,993.0,993.0,993.0,993.0,550,1857900
TATACHEM_F2,18-08-2023,12:44:00,991.0,991.0,991.0,991.0,1100,1858450
TATACHEM_F2,18-08-2023,12:57:00,989.1,989.1,989.1,989.1,550,1858450
TATACHEM_F2,18-08-2023,13:03:00,989.1,989.1,989.1,989.1,3850,1856800
TATACHEM_F2,18-08-2023,13:06:00,991.1,991.1,991.1,991.1,550,1860650
TATACHEM_F2,18-08-2023,13:07:00,991.0,991.0,991.0,991.0,550,1860650
TATACHEM_F2,18-08-2023,13:08:00,991.0,991.0,991.0,991.0,2200,1860650
TATACHEM_F2,18-08-2023,13:21:00,990.3,990.3,990.3,990.3,550,1860100
TATACHEM_F2,18-08-2023,13:22:00,992.0,992.5,992.0,992.5,14850,1860100
TATACHEM_F2,18-08-2023,13:23:00,992.1,992.1,991.05,991.05,15950,1860100
TATACHEM_F2,18-08-2023,13:25:00,991.05,991.05,991.05,991.05,550,1852400
TATACHEM_F2,18-08-2023,13:30:00,991.5,991.5,991.5,991.5,1100,1852950
TATACHEM_F2,18-08-2023,13:31:00,990.65,991.95,990.65,991.95,1650,1852950
TATACHEM_F2,18-08-2023,13:32:00,992.7,992.7,992.7,992.7,550,1852950
TATACHEM_F2,18-08-2023,13:34:00,992.4,992.4,992.4,992.4,550,1853500
TATACHEM_F2,18-08-2023,13:36:00,991.25,991.35,991.25,991.35,1650,1854050
TATACHEM_F2,18-08-2023,13:39:00,990.4,990.4,990.4,990.4,550,1855150
TATACHEM_F2,18-08-2023,13:45:00,989.4,989.4,989.4,989.4,550,1854600
TATACHEM_F2,18-08-2023,13:58:00,990.95,990.95,990.95,990.95,1650,1854050
TATACHEM_F2,18-08-2023,14:00:00,992.0,992.0,992.0,992.0,1100,1854600
TATACHEM_F2,18-08-2023,14:06:00,992.0,992.0,992.0,992.0,550,1855150
TATACHEM_F2,18-08-2023,14:14:00,992.0,992.0,992.0,992.0,550,1854600
TATACHEM_F2,18-08-2023,14:16:00,992.0,992.0,992.0,992.0,1100,1855150
TATACHEM_F2,18-08-2023,14:22:00,992.5,992.5,992.5,992.5,550,1855150
TATACHEM_F2,18-08-2023,14:23:00,993.0,993.0,992.55,992.55,4400,1855150
TATACHEM_F2,18-08-2023,14:24:00,993.35,993.35,993.35,993.35,550,1855150
TATACHEM_F2,18-08-2023,14:25:00,993.5,993.5,993.5,993.5,550,1851300
TATACHEM_F2,18-08-2023,14:27:00,993.5,993.5,993.5,993.5,550,1851300
TATACHEM_F2,18-08-2023,14:35:00,994.0,994.0,994.0,994.0,1650,1851300
TATACHEM_F2,18-08-2023,14:36:00,993.7,993.7,993.05,993.05,1100,1850200
TATACHEM_F2,18-08-2023,14:39:00,993.0,993.7,993.0,993.7,1650,1849650
TATACHEM_F2,18-08-2023,14:57:00,993.7,993.7,993.35,993.35,3850,1849650
TATACHEM_F2,18-08-2023,14:59:00,991.95,992.3,991.95,992.3,1100,1849650
TATACHEM_F2,18-08-2023,15:00:00,993.35,993.35,993.35,993.35,2750,1849650
TATACHEM_F2,18-08-2023,15:04:00,993.35,993.35,993.35,993.35,14300,1854050
TATACHEM_F2,18-08-2023,15:05:00,992.65,992.65,992.65,992.65,550,1854050
TATACHEM_F2,18-08-2023,15:06:00,992.35,992.35,992.35,992.35,550,1854050
TATACHEM_F2,18-08-2023,15:08:00,991.9,991.9,991.9,991.9,1650,1868900
TATACHEM_F2,18-08-2023,15:09:00,991.9,991.9,991.9,991.9,7150,1870550
TATACHEM_F2,18-08-2023,15:10:00,991.65,991.65,991.65,991.65,550,1870550
TATACHEM_F2,18-08-2023,15:12:00,991.0,991.0,990.25,990.25,3300,1872750
TATACHEM_F2,18-08-2023,15:15:00,990.25,990.25,989.4,989.4,9350,1882650
TATACHEM_F2,18-08-2023,15:16:00,989.4,989.45,989.4,989.45,1650,1882650
TATACHEM_F2,18-08-2023,15:17:00,989.35,989.35,989.35,989.35,550,1882650
TATACHEM_F2,18-08-2023,15:18:00,989.3,989.3,988.5,988.5,3300,1884300
TATACHEM_F2,18-08-2023,15:19:00,988.5,988.5,988.5,988.5,550,1884300
TATACHEM_F2,18-08-2023,15:20:00,987.4,987.4,987.4,987.4,550,1884300
TATACHEM_F2,18-08-2023,15:21:00,987.95,987.95,987.95,987.95,550,1883200
TATACHEM_F2,18-08-2023,15:23:00,986.6,989.0,986.6,989.0,2750,1883200
TATACHEM_F2,18-08-2023,15:24:00,990.2,990.25,990.2,990.25,4400,1883750
TATACHEM_F2,18-08-2023,15:25:00,990.45,990.85,990.45,990.85,2200,1883750
TATACHEM_F2,18-08-2023,15:28:00,991.0,991.4,991.0,991.4,1650,1887600
TATACHEM_F2,18-08-2023,15:29:00,991.4,991.5,991.4,991.5,3850,1887600
TATACHEM_F2,21-08-2023,09:16:00,993.7,996.0,993.7,996.0,4952,1888150
TATACHEM_F2,21-08-2023,09:17:00,996.3,996.3,996.2,996.2,4950,1888150
TATACHEM_F2,21-08-2023,09:18:00,995.3,996.05,995.3,996.05,2750,1885950
TATACHEM_F2,21-08-2023,09:19:00,995.85,995.85,994.25,995.65,2750,1885950
TATACHEM_F2,21-08-2023,09:20:00,996.0,996.05,995.5,995.5,2200,1885400
TATACHEM_F2,21-08-2023,09:21:00,993.6,993.6,993.6,993.6,1650,1885400
TATACHEM_F2,21-08-2023,09:22:00,991.3,993.55,991.3,993.55,2750,1885400
TATACHEM_F2,21-08-2023,09:23:00,993.45,993.7,993.4,993.4,6050,1885400
TATACHEM_F2,21-08-2023,09:25:00,993.5,993.5,993.45,993.45,2200,1885400
TATACHEM_F2,21-08-2023,09:26:00,993.45,993.5,993.45,993.5,3300,1887050
TATACHEM_F2,21-08-2023,09:27:00,993.15,993.15,991.95,992.3,3850,1887050
TATACHEM_F2,21-08-2023,09:28:00,992.5,992.5,992.1,992.15,3850,1887050
TATACHEM_F2,21-08-2023,09:29:00,992.4,992.4,992.4,992.4,550,1887050
TATACHEM_F2,21-08-2023,09:30:00,992.0,992.0,991.6,991.6,1650,1890900
TATACHEM_F2,21-08-2023,09:32:00,991.5,991.5,991.5,991.5,3300,1892550
TATACHEM_F2,21-08-2023,09:33:00,991.65,992.0,991.65,992.0,1100,1892550
TATACHEM_F2,21-08-2023,09:34:00,992.0,992.0,992.0,992.0,550,1892550
TATACHEM_F2,21-08-2023,09:38:00,992.45,992.45,992.45,992.45,550,1895850
TATACHEM_F2,21-08-2023,09:41:00,992.2,992.2,992.2,992.2,550,1896400
TATACHEM_F2,21-08-2023,09:42:00,992.0,992.0,992.0,992.0,1100,1896400
TATACHEM_F2,21-08-2023,09:44:00,992.0,992.0,992.0,992.0,550,1896400
TATACHEM_F2,21-08-2023,09:45:00,993.25,993.25,993.25,993.25,1650,1896950
TATACHEM_F2,21-08-2023,09:47:00,992.55,992.55,992.2,992.2,2750,1896950
TATACHEM_F2,21-08-2023,09:48:00,992.25,992.25,991.25,991.25,11550,1899150
TATACHEM_F2,21-08-2023,09:49:00,991.25,991.4,991.25,991.4,1100,1899150
TATACHEM_F2,21-08-2023,09:50:00,991.1,991.1,990.0,990.0,2750,1910150
TATACHEM_F2,21-08-2023,09:52:00,990.0,990.0,989.0,989.0,4400,1910150
TATACHEM_F2,21-08-2023,09:54:00,990.35,991.0,990.35,991.0,1650,1913450
TATACHEM_F2,21-08-2023,09:55:00,990.75,992.5,990.75,992.5,4400,1913450
TATACHEM_F2,21-08-2023,09:56:00,992.2,992.9,992.2,992.9,2200,1916750
TATACHEM_F2,21-08-2023,09:57:00,993.5,994.1,993.5,994.1,2750,1916750
TATACHEM_F2,21-08-2023,09:58:00,993.95,994.95,993.9,993.9,1650,1916750
TATACHEM_F2,21-08-2023,10:00:00,993.9,993.9,993.9,993.9,1650,1918950
TATACHEM_F2,21-08-2023,10:01:00,993.0,993.0,993.0,993.0,550,1918950
TATACHEM_F2,21-08-2023,10:02:00,992.45,992.45,992.45,992.45,1100,1919500
TATACHEM_F2,21-08-2023,10:03:00,992.45,992.45,992.35,992.35,1650,1919500
TATACHEM_F2,21-08-2023,10:04:00,992.0,992.0,992.0,992.0,1100,1919500
TATACHEM_F2,21-08-2023,10:05:00,992.0,992.0,991.0,991.0,1100,1922250
TATACHEM_F2,21-08-2023,10:08:00,990.0,990.0,989.8,989.8,3850,1924450
TATACHEM_F2,21-08-2023,10:09:00,989.8,990.05,989.8,990.05,1100,1924450
TATACHEM_F2,21-08-2023,10:10:00,989.9,989.9,989.9,989.9,1100,1924450
TATACHEM_F2,21-08-2023,10:11:00,990.05,990.05,990.05,990.05,550,1926650
TATACHEM_F2,21-08-2023,10:14:00,990.15,990.15,990.15,990.15,1100,1926650
TATACHEM_F2,21-08-2023,10:15:00,990.65,990.65,990.65,990.65,550,1926650
TATACHEM_F2,21-08-2023,10:18:00,990.65,992.0,990.65,992.0,1650,1926650
TATACHEM_F2,21-08-2023,10:19:00,992.35,992.35,992.0,992.0,1650,1926650
TATACHEM_F2,21-08-2023,10:21:00,991.5,991.5,991.3,991.35,1650,1928300
TATACHEM_F2,21-08-2023,10:22:00,992.35,992.35,992.35,992.35,1100,1928300
TATACHEM_F2,21-08-2023,10:23:00,992.6,992.75,992.15,992.25,4400,1927200
TATACHEM_F2,21-08-2023,10:24:00,992.25,992.3,992.25,992.3,1650,1927200
TATACHEM_F2,21-08-2023,10:25:00,991.7,991.7,991.7,991.7,550,1927200
TATACHEM_F2,21-08-2023,10:27:00,991.45,992.2,991.45,992.2,7150,1928850
TATACHEM_F2,21-08-2023,10:28:00,992.5,992.8,992.5,992.8,2200,1928850
TATACHEM_F2,21-08-2023,10:29:00,993.45,993.45,993.45,993.45,1650,1928850
TATACHEM_F2,21-08-2023,10:30:00,993.45,993.45,993.45,993.45,550,1937650
TATACHEM_F2,21-08-2023,10:32:00,994.1,994.1,994.1,994.1,3850,1938200
TATACHEM_F2,21-08-2023,10:34:00,993.95,993.95,993.95,993.95,550,1938200
TATACHEM_F2,21-08-2023,10:38:00,993.9,993.95,993.9,993.95,2200,1938750
TATACHEM_F2,21-08-2023,10:39:00,994.5,994.5,994.5,994.5,550,1938750
TATACHEM_F2,21-08-2023,10:40:00,993.55,994.45,993.55,994.45,2200,1938750
TATACHEM_F2,21-08-2023,10:41:00,993.8,993.8,993.8,993.8,550,1939850
TATACHEM_F2,21-08-2023,10:44:00,994.4,994.4,994.4,994.4,1100,1939850
TATACHEM_F2,21-08-2023,10:45:00,994.3,994.3,994.3,994.3,550,1940400
TATACHEM_F2,21-08-2023,10:46:00,994.25,994.8,994.25,994.8,3850,1940400
TATACHEM_F2,21-08-2023,10:48:00,994.8,994.8,994.8,994.8,550,1942050
TATACHEM_F2,21-08-2023,10:50:00,994.7,995.85,994.7,995.85,4400,1942600
TATACHEM_F2,21-08-2023,10:51:00,997.75,997.75,997.75,997.75,2200,1942600
TATACHEM_F2,21-08-2023,10:53:00,997.75,997.75,997.75,997.75,1650,1942600
TATACHEM_F2,21-08-2023,10:55:00,997.0,997.0,997.0,997.0,550,1943700
TATACHEM_F2,21-08-2023,10:57:00,996.85,996.85,996.85,996.85,550,1943700
TATACHEM_F2,21-08-2023,10:59:00,996.9,996.9,996.9,996.9,1650,1943700
TATACHEM_F2,21-08-2023,11:00:00,996.5,997.0,996.5,997.0,1100,1945350
TATACHEM_F2,21-08-2023,11:01:00,997.0,997.0,997.0,997.0,550,1945350
TATACHEM_F2,21-08-2023,11:02:00,997.0,997.0,997.0,997.0,2200,1945350
TATACHEM_F2,21-08-2023,11:03:00,995.85,995.85,995.0,995.0,1650,1947550
TATACHEM_F2,21-08-2023,11:04:00,995.25,995.25,995.0,995.0,1100,1947550
TATACHEM_F2,21-08-2023,11:05:00,994.85,994.85,994.0,994.0,1100,1947550
TATACHEM_F2,21-08-2023,11:06:00,993.95,994.3,993.6,993.6,2750,1950850
TATACHEM_F2,21-08-2023,11:09:00,993.6,993.6,993.6,993.6,550,1951950
TATACHEM_F2,21-08-2023,11:10:00,995.2,995.2,995.1,995.1,2200,1951950
TATACHEM_F2,21-08-2023,11:12:00,994.95,994.95,994.95,994.95,550,1951950
TATACHEM_F2,21-08-2023,11:13:00,994.95,994.95,994.95,994.95,550,1954150
TATACHEM_F2,21-08-2023,11:14:00,995.2,995.2,995.2,995.2,1100,1954700
TATACHEM_F2,21-08-2023,11:17:00,994.0,994.0,994.0,994.0,8800,1954700
TATACHEM_F2,21-08-2023,11:18:00,994.75,994.8,994.75,994.8,1100,1952500
TATACHEM_F2,21-08-2023,11:24:00,994.05,994.05,994.05,994.05,1650,1953050
TATACHEM_F2,21-08-2023,11:26:00,994.7,994.7,994.7,994.7,550,1953050
TATACHEM_F2,21-08-2023,11:31:00,993.6,993.65,993.6,993.65,2200,1953600
TATACHEM_F2,21-08-2023,11:32:00,993.5,993.5,993.5,993.5,1100,1953600
TATACHEM_F2,21-08-2023,11:35:00,993.5,993.5,993.35,993.35,1650,1955250
TATACHEM_F2,21-08-2023,11:37:00,993.65,993.9,993.65,993.9,1100,1956900
TATACHEM_F2,21-08-2023,11:41:00,994.35,994.35,994.35,994.35,550,1956900
TATACHEM_F2,21-08-2023,11:42:00,993.1,993.1,993.1,993.1,1100,1956900
TATACHEM_F2,21-08-2023,11:43:00,993.95,994.3,993.95,994.3,1100,1956900
TATACHEM_F2,21-08-2023,11:46:00,994.05,994.05,994.05,994.05,550,1957450
TATACHEM_F2,21-08-2023,11:47:00,993.85,993.85,993.85,993.85,1100,1957450
TATACHEM_F2,21-08-2023,11:49:00,994.15,994.15,994.15,994.15,550,1958550
TATACHEM_F2,21-08-2023,11:53:00,993.75,993.75,993.75,993.75,2750,1958550
TATACHEM_F2,21-08-2023,11:54:00,993.9,993.9,993.9,993.9,1100,1958550
TATACHEM_F2,21-08-2023,11:55:00,993.05,993.05,993.05,993.05,550,1958550
TATACHEM_F2,21-08-2023,11:56:00,993.7,993.7,993.7,993.7,550,1958550
TATACHEM_F2,21-08-2023,11:57:00,993.65,993.65,993.65,993.65,550,1958550
TATACHEM_F2,21-08-2023,11:59:00,993.55,993.55,993.55,993.55,550,1958550
TATACHEM_F2,21-08-2023,12:00:00,993.0,993.0,992.9,992.9,1100,1959650
TATACHEM_F2,21-08-2023,12:02:00,993.05,993.3,993.05,993.3,1100,1959650
TATACHEM_F2,21-08-2023,12:03:00,993.0,993.0,993.0,993.0,550,1959650
TATACHEM_F2,21-08-2023,12:04:00,993.0,993.35,993.0,993.35,1100,1959650
TATACHEM_F2,21-08-2023,12:08:00,993.8,994.0,993.8,994.0,2200,1960200
TATACHEM_F2,21-08-2023,12:10:00,994.05,994.05,994.05,994.05,1100,1960200
TATACHEM_F2,21-08-2023,12:15:00,994.05,994.05,993.35,993.35,1100,1960750
TATACHEM_F2,21-08-2023,12:16:00,993.35,994.5,993.35,994.5,12100,1960750
TATACHEM_F2,21-08-2023,12:17:00,994.5,994.5,994.5,994.5,550,1960750
TATACHEM_F2,21-08-2023,12:19:00,994.5,994.5,994.5,994.5,9900,1972300
TATACHEM_F2,21-08-2023,12:21:00,994.5,996.15,994.5,996.15,1100,1982200
TATACHEM_F2,21-08-2023,12:22:00,996.15,996.15,995.5,995.5,1650,1982200
TATACHEM_F2,21-08-2023,12:26:00,995.5,995.5,995.5,995.5,5500,1982750
TATACHEM_F2,21-08-2023,12:27:00,996.4,996.4,996.4,996.4,1650,1988250
TATACHEM_F2,21-08-2023,12:29:00,996.8,996.8,996.8,996.8,550,1988250
TATACHEM_F2,21-08-2023,12:31:00,996.75,996.75,996.75,996.75,4400,1988800
TATACHEM_F2,21-08-2023,12:33:00,996.75,996.75,996.5,996.65,6050,1993200
TATACHEM_F2,21-08-2023,12:34:00,996.65,996.65,996.55,996.55,2200,1993200
TATACHEM_F2,21-08-2023,12:36:00,996.8,996.8,996.8,996.8,1650,1995950
TATACHEM_F2,21-08-2023,12:37:00,996.95,996.95,996.95,996.95,550,1995950
TATACHEM_F2,21-08-2023,12:38:00,996.6,996.6,996.6,996.6,550,1995950
TATACHEM_F2,21-08-2023,12:39:00,996.95,996.95,996.9,996.9,2750,1996500
TATACHEM_F2,21-08-2023,12:40:00,997.6,999.0,997.6,999.0,6600,1996500
TATACHEM_F2,21-08-2023,12:41:00,998.9,999.0,998.9,999.0,7150,1996500
TATACHEM_F2,21-08-2023,12:42:00,999.85,999.9,999.85,999.9,3300,1998700
TATACHEM_F2,21-08-2023,12:43:00,999.75,1002.8,999.75,1002.0,68750,1998700
TATACHEM_F2,21-08-2023,12:44:00,1002.0,1002.0,1002.0,1002.0,4950,1965700
TATACHEM_F2,21-08-2023,12:45:00,1002.1,1002.1,1002.1,1002.1,4400,1965700
TATACHEM_F2,21-08-2023,12:46:00,1003.0,1003.0,1003.0,1003.0,3850,1965700
TATACHEM_F2,21-08-2023,12:47:00,1003.0,1003.0,1002.0,1002.0,1650,1965700
TATACHEM_F2,21-08-2023,12:49:00,1002.0,1002.0,1001.35,1001.35,1100,1962950
TATACHEM_F2,21-08-2023,12:50:00,1001.35,1001.35,999.85,999.85,2750,1962950
TATACHEM_F2,21-08-2023,12:51:00,1000.25,1000.25,1000.25,1000.25,1100,1962400
TATACHEM_F2,21-08-2023,12:53:00,1000.5,1000.5,1000.5,1000.5,550,1962400
TATACHEM_F2,21-08-2023,12:57:00,998.8,998.8,998.8,998.8,550,1962950
TATACHEM_F2,21-08-2023,12:59:00,999.6,999.6,999.6,999.6,550,1962950
TATACHEM_F2,21-08-2023,13:01:00,998.35,998.35,998.35,998.35,550,1962400
TATACHEM_F2,21-08-2023,13:02:00,999.05,999.05,999.05,999.05,550,1962400
TATACHEM_F2,21-08-2023,13:03:00,999.0,999.45,999.0,999.45,4950,1962950
TATACHEM_F2,21-08-2023,13:05:00,999.3,999.3,999.3,999.3,550,1962950
TATACHEM_F2,21-08-2023,13:07:00,999.45,999.45,999.45,999.45,550,1967900
TATACHEM_F2,21-08-2023,13:12:00,999.5,999.5,999.5,999.5,550,1968450
TATACHEM_F2,21-08-2023,13:13:00,999.75,999.8,999.75,999.8,1100,1968450
TATACHEM_F2,21-08-2023,13:14:00,999.8,999.8,999.8,999.8,550,1968450
TATACHEM_F2,21-08-2023,13:16:00,999.45,999.45,999.45,999.45,550,1969550
TATACHEM_F2,21-08-2023,13:17:00,999.45,999.85,999.45,999.85,1650,1969550
TATACHEM_F2,21-08-2023,13:18:00,1000.1,1000.1,1000.1,1000.1,550,1971200
TATACHEM_F2,21-08-2023,13:21:00,1000.1,1000.1,1000.1,1000.1,550,1971200
TATACHEM_F2,21-08-2023,13:25:00,999.7,1000.0,999.7,1000.0,1100,1971750
TATACHEM_F2,21-08-2023,13:27:00,999.4,999.4,999.4,999.4,550,1972300
TATACHEM_F2,21-08-2023,13:29:00,999.0,999.0,999.0,999.0,2200,1972300
TATACHEM_F2,21-08-2023,13:30:00,999.0,999.0,999.0,999.0,550,1972300
TATACHEM_F2,21-08-2023,13:31:00,999.45,999.5,999.45,999.5,1100,1972850
TATACHEM_F2,21-08-2023,13:36:00,999.5,999.5,999.5,999.5,550,1973400
TATACHEM_F2,21-08-2023,13:37:00,999.85,999.85,999.85,999.85,550,1973950
TATACHEM_F2,21-08-2023,13:43:00,999.5,999.5,999.5,999.5,550,1973950
TATACHEM_F2,21-08-2023,13:46:00,1000.05,1000.05,1000.05,1000.05,550,1973950
TATACHEM_F2,21-08-2023,13:48:00,1000.05,1000.05,1000.05,1000.05,1100,1974500
TATACHEM_F2,21-08-2023,13:49:00,1000.05,1000.05,999.95,999.95,1100,1974500
TATACHEM_F2,21-08-2023,13:52:00,999.6,999.6,999.6,999.6,550,1974500
TATACHEM_F2,21-08-2023,13:55:00,1000.0,1000.0,1000.0,1000.0,550,1973950
TATACHEM_F2,21-08-2023,13:56:00,1001.45,1001.45,1001.45,1001.45,4400,1973950
TATACHEM_F2,21-08-2023,13:57:00,1001.45,1001.45,1001.45,1001.45,1100,1974500
TATACHEM_F2,21-08-2023,14:00:00,1001.0,1001.4,1001.0,1001.4,1650,1974500
TATACHEM_F2,21-08-2023,14:01:00,1000.05,1000.05,1000.05,1000.05,550,1974500
TATACHEM_F2,21-08-2023,14:06:00,998.6,998.6,998.6,998.6,550,1974500
TATACHEM_F2,21-08-2023,14:07:00,998.65,998.65,998.65,998.65,550,1975600
TATACHEM_F2,21-08-2023,14:08:00,998.95,998.95,998.95,998.95,550,1975600
TATACHEM_F2,21-08-2023,14:12:00,998.5,998.5,998.5,998.5,550,1975050
TATACHEM_F2,21-08-2023,14:17:00,999.45,999.45,999.45,999.45,1650,1975050
TATACHEM_F2,21-08-2023,14:18:00,999.6,999.6,999.6,999.6,1100,1975050
TATACHEM_F2,21-08-2023,14:22:00,999.2,999.2,999.2,999.2,550,1976700
TATACHEM_F2,21-08-2023,14:23:00,999.1,999.1,999.1,999.1,550,1976700
TATACHEM_F2,21-08-2023,14:26:00,999.4,999.4,999.4,999.4,1100,1976150
TATACHEM_F2,21-08-2023,14:27:00,998.65,998.65,998.65,998.65,550,1976150
TATACHEM_F2,21-08-2023,14:29:00,998.0,998.0,998.0,998.0,1100,1977250
TATACHEM_F2,21-08-2023,14:30:00,997.7,997.7,997.5,997.5,1100,1977800
TATACHEM_F2,21-08-2023,14:31:00,998.0,998.0,997.75,997.75,2200,1977800
TATACHEM_F2,21-08-2023,14:32:00,997.8,997.8,997.8,997.8,550,1977800
TATACHEM_F2,21-08-2023,14:34:00,997.8,997.8,997.0,997.0,4950,1978350
TATACHEM_F2,21-08-2023,14:36:00,998.2,998.2,997.75,997.75,2200,1980550
TATACHEM_F2,21-08-2023,14:37:00,997.7,997.7,997.7,997.7,550,1980550
TATACHEM_F2,21-08-2023,14:40:00,998.0,998.0,998.0,998.0,2750,1981650
TATACHEM_F2,21-08-2023,14:43:00,997.35,997.35,997.35,997.35,550,1981650
TATACHEM_F2,21-08-2023,14:44:00,997.5,997.5,997.5,997.5,550,1983300
TATACHEM_F2,21-08-2023,14:45:00,997.5,997.5,997.5,997.5,2200,1983300
TATACHEM_F2,21-08-2023,14:50:00,997.5,997.5,997.5,997.5,1650,1985500
TATACHEM_F2,21-08-2023,14:52:00,998.1,998.1,998.1,998.1,1100,1987150
TATACHEM_F2,21-08-2023,14:56:00,998.1,998.1,998.1,998.1,550,1987700
TATACHEM_F2,21-08-2023,14:58:00,998.0,998.0,998.0,998.0,550,1988250
TATACHEM_F2,21-08-2023,14:59:00,998.6,998.6,998.6,998.6,1100,1988250
TATACHEM_F2,21-08-2023,15:00:00,999.0,999.0,999.0,999.0,550,1988250
TATACHEM_F2,21-08-2023,15:01:00,999.65,999.65,999.65,999.65,2750,1988250
TATACHEM_F2,21-08-2023,15:02:00,998.85,998.85,998.85,998.85,1100,1988250
TATACHEM_F2,21-08-2023,15:03:00,998.05,998.05,998.05,998.05,550,1988250
TATACHEM_F2,21-08-2023,15:06:00,999.4,999.4,999.3,999.3,1100,1989900
TATACHEM_F2,21-08-2023,15:07:00,999.3,999.3,999.3,999.3,4400,1989900
TATACHEM_F2,21-08-2023,15:08:00,999.3,999.3,999.3,999.3,550,1989900
TATACHEM_F2,21-08-2023,15:09:00,999.5,999.5,999.5,999.5,550,1992650
TATACHEM_F2,21-08-2023,15:10:00,999.6,999.6,999.6,999.6,550,1992650
TATACHEM_F2,21-08-2023,15:13:00,999.5,1000.3,999.5,999.5,2200,1992650
TATACHEM_F2,21-08-2023,15:17:00,999.25,999.25,999.25,999.25,550,1993200
TATACHEM_F2,21-08-2023,15:18:00,999.25,999.25,999.25,999.25,2200,1993200
TATACHEM_F2,21-08-2023,15:20:00,998.85,998.85,998.55,998.55,4400,1995950
TATACHEM_F2,21-08-2023,15:21:00,998.0,998.6,998.0,998.6,2750,1998150
TATACHEM_F2,21-08-2023,15:23:00,998.9,999.5,998.9,999.5,15400,1998150
TATACHEM_F2,21-08-2023,15:24:00,998.85,999.45,998.45,999.25,7700,2006400
TATACHEM_F2,21-08-2023,15:25:00,999.0,999.0,998.25,998.5,8800,2006400
TATACHEM_F2,21-08-2023,15:26:00,998.5,998.5,998.4,998.4,1100,2006400
TATACHEM_F2,21-08-2023,15:28:00,999.45,999.45,999.45,999.45,2200,2014100
TATACHEM_F2,21-08-2023,15:29:00,999.9,999.9,999.9,999.9,2200,2014100
TATACHEM_F2,22-08-2023,09:15:00,1003.85,1004.85,1001.0,1001.0,3302,2015750
TATACHEM_F2,22-08-2023,09:16:00,1001.0,1003.0,1001.0,1003.0,3850,2015750
TATACHEM_F2,22-08-2023,09:17:00,1001.9,1001.9,1000.6,1000.6,14850,2023450
TATACHEM_F2,22-08-2023,09:18:00,1001.05,1001.05,1001.05,1001.05,2750,2023450
TATACHEM_F2,22-08-2023,09:19:00,1000.0,1000.0,1000.0,1000.0,1650,2023450
TATACHEM_F2,22-08-2023,09:20:00,999.05,999.05,999.05,999.05,1100,2023450
TATACHEM_F2,22-08-2023,09:21:00,998.35,998.35,998.35,998.35,550,2019600
TATACHEM_F2,22-08-2023,09:22:00,998.0,998.15,998.0,998.0,3850,2019600
TATACHEM_F2,22-08-2023,09:23:00,999.65,999.65,999.65,999.65,550,2019600
TATACHEM_F2,22-08-2023,09:24:00,1000.0,1000.0,1000.0,1000.0,3300,2019600
TATACHEM_F2,22-08-2023,09:25:00,1000.0,1000.2,998.85,998.85,4950,2019600
TATACHEM_F2,22-08-2023,09:26:00,999.2,999.2,998.5,998.5,5500,2019600
TATACHEM_F2,22-08-2023,09:28:00,1000.0,1000.0,1000.0,1000.0,1650,2024000
TATACHEM_F2,22-08-2023,09:29:00,999.0,999.0,999.0,999.0,1100,2024000
TATACHEM_F2,22-08-2023,09:31:00,1000.1,1000.1,999.0,999.0,14850,2024000
TATACHEM_F2,22-08-2023,09:32:00,999.0,999.0,999.0,999.0,1100,2024000
TATACHEM_F2,22-08-2023,09:33:00,1000.05,1000.05,1000.05,1000.05,6600,2026200
TATACHEM_F2,22-08-2023,09:34:00,1000.0,1000.25,1000.0,1000.25,1100,2026200
TATACHEM_F2,22-08-2023,09:35:00,1001.0,1001.0,1001.0,1001.0,550,2026200
TATACHEM_F2,22-08-2023,09:36:00,1001.0,1001.45,1001.0,1001.0,3300,2026200
TATACHEM_F2,22-08-2023,09:37:00,1000.0,1000.0,1000.0,1000.0,1650,2026200
TATACHEM_F2,22-08-2023,09:39:00,1000.0,1000.0,1000.0,1000.0,1100,2028950
TATACHEM_F2,22-08-2023,09:40:00,1001.0,1001.0,1001.0,1001.0,1100,2028950
TATACHEM_F2,22-08-2023,09:41:00,1001.2,1001.2,1001.15,1001.15,7150,2028950
TATACHEM_F2,22-08-2023,09:42:00,1000.05,1000.05,1000.05,1000.05,550,2033900
TATACHEM_F2,22-08-2023,09:43:00,1000.35,1000.35,999.7,999.7,4950,2033900
TATACHEM_F2,22-08-2023,09:44:00,999.6,999.9,999.6,999.85,6600,2039400
TATACHEM_F2,22-08-2023,09:46:00,1000.6,1000.6,1000.6,1000.6,550,2039400
TATACHEM_F2,22-08-2023,09:47:00,1000.0,1000.0,1000.0,1000.0,550,2039400
TATACHEM_F2,22-08-2023,09:48:00,1001.0,1001.0,1001.0,1001.0,550,2040500
TATACHEM_F2,22-08-2023,09:49:00,1001.0,1002.3,1001.0,1002.3,2750,2040500
TATACHEM_F2,22-08-2023,09:50:00,1002.65,1004.35,1002.2,1004.35,6050,2044350
TATACHEM_F2,22-08-2023,09:51:00,1004.35,1005.55,1004.0,1004.0,15400,2044350
TATACHEM_F2,22-08-2023,09:52:00,1004.0,1004.0,1002.35,1002.9,9350,2044350
TATACHEM_F2,22-08-2023,09:53:00,1002.9,1002.9,1001.0,1001.2,6600,2058650
TATACHEM_F2,22-08-2023,09:54:00,1001.2,1001.2,999.85,999.95,6600,2058650
TATACHEM_F2,22-08-2023,09:55:00,999.5,999.5,999.2,999.5,2750,2058650
TATACHEM_F2,22-08-2023,09:56:00,999.5,1000.9,999.5,1000.9,2750,2062500
TATACHEM_F2,22-08-2023,09:57:00,1001.0,1001.0,1001.0,1001.0,550,2062500
TATACHEM_F2,22-08-2023,09:58:00,1001.9,1002.35,1001.9,1002.35,2750,2062500
TATACHEM_F2,22-08-2023,09:59:00,1000.9,1000.9,1000.9,1000.9,550,2062500
TATACHEM_F2,22-08-2023,10:01:00,1001.2,1001.2,1000.5,1000.5,1650,2067450
TATACHEM_F2,22-08-2023,10:02:00,1000.5,1000.5,1000.5,1000.5,550,2067450
TATACHEM_F2,22-08-2023,10:03:00,1000.75,1000.75,1000.25,1000.65,3300,2069100
TATACHEM_F2,22-08-2023,10:04:00,1000.7,1000.75,1000.7,1000.75,1100,2069100
TATACHEM_F2,22-08-2023,10:05:00,1001.0,1001.05,1001.0,1001.05,2200,2069100
TATACHEM_F2,22-08-2023,10:07:00,1001.45,1001.7,1001.45,1001.6,2200,2074050
TATACHEM_F2,22-08-2023,10:08:00,1001.45,1001.45,1001.45,1001.45,550,2074050
TATACHEM_F2,22-08-2023,10:10:00,1000.8,1000.8,1000.35,1000.35,4950,2076250
TATACHEM_F2,22-08-2023,10:11:00,1000.1,1000.1,1000.1,1000.1,1650,2076250
TATACHEM_F2,22-08-2023,10:13:00,1001.4,1001.4,1001.4,1001.4,1100,2076250
TATACHEM_F2,22-08-2023,10:16:00,1002.2,1002.2,1002.2,1002.2,1650,2076250
TATACHEM_F2,22-08-2023,10:17:00,1002.9,1002.9,1001.55,1001.55,1100,2076250
TATACHEM_F2,22-08-2023,10:18:00,1001.55,1001.55,1001.55,1001.55,1100,2078450
TATACHEM_F2,22-08-2023,10:19:00,1002.8,1003.95,1002.8,1003.5,1650,2078450
TATACHEM_F2,22-08-2023,10:20:00,1003.5,1003.5,1003.5,1003.5,1100,2080100
TATACHEM_F2,22-08-2023,10:21:00,1003.5,1003.5,1003.5,1003.5,1100,2080100
TATACHEM_F2,22-08-2023,10:22:00,1003.5,1003.5,1003.5,1003.5,550,2080100
TATACHEM_F2,22-08-2023,10:24:00,1002.0,1002.0,1002.0,1002.0,550,2082300
TATACHEM_F2,22-08-2023,10:25:00,1002.25,1003.4,1002.25,1003.4,3300,2082300
TATACHEM_F2,22-08-2023,10:26:00,1003.0,1003.0,1003.0,1003.0,1100,2086150
TATACHEM_F2,22-08-2023,10:27:00,1003.0,1003.0,1002.1,1002.1,1650,2086150
TATACHEM_F2,22-08-2023,10:28:00,1001.8,1001.8,1001.8,1001.8,1100,2086150
TATACHEM_F2,22-08-2023,10:30:00,1002.8,1003.05,1002.5,1003.05,3850,2087800
TATACHEM_F2,22-08-2023,10:33:00,1003.05,1003.1,1003.05,1003.1,3850,2090550
TATACHEM_F2,22-08-2023,10:35:00,1002.3,1002.3,1001.05,1001.05,2200,2090550
TATACHEM_F2,22-08-2023,10:36:00,1001.35,1001.35,1001.35,1001.35,1100,2094400
TATACHEM_F2,22-08-2023,10:37:00,1001.35,1001.35,1001.35,1001.35,2200,2094400
TATACHEM_F2,22-08-2023,10:38:00,1001.35,1001.35,1001.35,1001.35,1100,2094400
TATACHEM_F2,22-08-2023,10:39:00,1001.35,1001.35,1001.35,1001.35,550,2097700
TATACHEM_F2,22-08-2023,10:42:00,1001.35,1003.3,1001.35,1003.3,5500,2098250
TATACHEM_F2,22-08-2023,10:43:00,1003.45,1003.45,1003.45,1003.45,550,2098250
TATACHEM_F2,22-08-2023,10:47:00,1001.95,1001.95,1001.95,1001.95,2200,2104300
TATACHEM_F2,22-08-2023,10:48:00,1001.95,1001.95,1001.4,1001.4,1100,2104300
TATACHEM_F2,22-08-2023,10:54:00,1001.75,1001.75,1001.75,1001.75,550,2104850
TATACHEM_F2,22-08-2023,10:55:00,1002.0,1002.0,1002.0,1002.0,550,2104850
TATACHEM_F2,22-08-2023,10:57:00,1002.0,1002.15,1001.8,1002.15,3850,2105400
TATACHEM_F2,22-08-2023,11:01:00,1001.0,1001.0,1000.75,1000.75,1100,2106500
TATACHEM_F2,22-08-2023,11:02:00,1000.7,1000.7,1000.7,1000.7,550,2106500
TATACHEM_F2,22-08-2023,11:03:00,1000.7,1000.7,1000.65,1000.65,2200,2108150
TATACHEM_F2,22-08-2023,11:06:00,1001.55,1001.55,1001.55,1001.55,550,2109250
TATACHEM_F2,22-08-2023,11:07:00,1001.5,1001.5,1001.3,1001.3,1100,2109250
TATACHEM_F2,22-08-2023,11:08:00,1001.2,1001.2,1001.2,1001.2,550,2109250
TATACHEM_F2,22-08-2023,11:09:00,1001.2,1001.2,1001.2,1001.2,3300,2111450
TATACHEM_F2,22-08-2023,11:11:00,1001.2,1001.2,1001.2,1001.2,2200,2111450
TATACHEM_F2,22-08-2023,11:12:00,1001.8,1002.0,1001.8,1002.0,2750,2115300
TATACHEM_F2,22-08-2023,11:15:00,1002.0,1002.0,1002.0,1002.0,2750,2116950
TATACHEM_F2,22-08-2023,11:16:00,1002.0,1002.0,1002.0,1002.0,550,2116950
TATACHEM_F2,22-08-2023,11:17:00,1002.0,1002.0,1002.0,1002.0,1100,2116950
TATACHEM_F2,22-08-2023,11:19:00,1002.0,1002.0,1002.0,1002.0,1100,2119700
TATACHEM_F2,22-08-2023,11:24:00,1001.15,1001.6,1001.15,1001.6,1650,2120800
TATACHEM_F2,22-08-2023,11:25:00,1001.6,1001.6,1001.6,1001.6,3300,2120800
TATACHEM_F2,22-08-2023,11:29:00,1001.7,1001.7,1001.7,1001.7,550,2123550
TATACHEM_F2,22-08-2023,11:30:00,1001.65,1001.65,1001.65,1001.65,1100,2124100
TATACHEM_F2,22-08-2023,11:31:00,1001.4,1001.4,1001.4,1001.4,550,2124100
TATACHEM_F2,22-08-2023,11:36:00,1002.05,1002.05,1002.05,1002.05,550,2125750
TATACHEM_F2,22-08-2023,11:43:00,1001.75,1002.35,1001.75,1002.35,1650,2126300
TATACHEM_F2,22-08-2023,11:44:00,1002.7,1002.7,1002.7,1002.7,1100,2126300
TATACHEM_F2,22-08-2023,11:47:00,1003.0,1003.3,1003.0,1003.3,2750,2128500
TATACHEM_F2,22-08-2023,11:48:00,1003.3,1003.45,1003.2,1003.45,2200,2130700
TATACHEM_F2,22-08-2023,11:50:00,1003.55,1003.55,1003.3,1003.3,1650,2130700
TATACHEM_F2,22-08-2023,11:51:00,1003.6,1003.6,1003.6,1003.6,550,2131250
TATACHEM_F2,22-08-2023,11:52:00,1003.6,1003.6,1003.35,1003.35,1650,2131250
TATACHEM_F2,22-08-2023,11:53:00,1003.3,1003.3,1003.3,1003.3,550,2131250
TATACHEM_F2,22-08-2023,11:54:00,1003.5,1003.5,1003.5,1003.5,550,2132900
TATACHEM_F2,22-08-2023,11:55:00,1003.5,1003.5,1003.5,1003.5,1650,2132900
TATACHEM_F2,22-08-2023,11:56:00,1003.45,1003.45,1003.45,1003.45,550,2132900
TATACHEM_F2,22-08-2023,11:58:00,1003.45,1003.45,1003.45,1003.45,550,2134550
TATACHEM_F2,22-08-2023,12:00:00,1003.55,1003.55,1003.55,1003.55,550,2134550
TATACHEM_F2,22-08-2023,12:02:00,1003.4,1003.4,1003.4,1003.4,550,2134550
TATACHEM_F2,22-08-2023,12:03:00,1003.5,1003.5,1003.1,1003.1,1100,2135650
TATACHEM_F2,22-08-2023,12:06:00,1003.05,1003.05,1003.05,1003.05,550,2135650
TATACHEM_F2,22-08-2023,12:08:00,1002.45,1002.45,1002.45,1002.45,2750,2135650
TATACHEM_F2,22-08-2023,12:09:00,1002.25,1002.5,1002.25,1002.5,2200,2136200
TATACHEM_F2,22-08-2023,12:11:00,1002.0,1002.0,1002.0,1002.0,550,2136200
TATACHEM_F2,22-08-2023,12:16:00,1001.95,1001.95,1001.95,1001.95,550,2137850
TATACHEM_F2,22-08-2023,12:17:00,1001.7,1001.7,1001.7,1001.7,1100,2137850
TATACHEM_F2,22-08-2023,12:20:00,1001.7,1001.7,1001.7,1001.7,1100,2139500
TATACHEM_F2,22-08-2023,12:21:00,1001.4,1001.4,1001.35,1001.35,2750,2140600
TATACHEM_F2,22-08-2023,12:24:00,1001.4,1001.4,1001.3,1001.3,1100,2143350
TATACHEM_F2,22-08-2023,12:25:00,1001.3,1001.3,1001.3,1001.3,1100,2143350
TATACHEM_F2,22-08-2023,12:28:00,1001.95,1001.95,1001.95,1001.95,550,2145000
TATACHEM_F2,22-08-2023,12:34:00,1002.5,1002.5,1002.5,1002.5,1100,2145550
TATACHEM_F2,22-08-2023,12:37:00,1001.95,1001.95,1001.95,1001.95,550,2146100
TATACHEM_F2,22-08-2023,12:39:00,1002.5,1002.5,1002.5,1002.5,550,2146650
TATACHEM_F2,22-08-2023,12:45:00,1002.25,1002.25,1002.25,1002.25,550,2146650
TATACHEM_F2,22-08-2023,12:50:00,1002.25,1002.25,1002.25,1002.25,550,2147750
TATACHEM_F2,22-08-2023,12:51:00,1002.25,1002.25,1002.15,1002.15,26950,2147750
TATACHEM_F2,22-08-2023,12:52:00,1002.05,1002.05,1002.05,1002.05,550,2175250
TATACHEM_F2,22-08-2023,12:54:00,1002.45,1002.5,1002.45,1002.5,1100,2175800
TATACHEM_F2,22-08-2023,12:58:00,1002.5,1002.5,1002.5,1002.5,1100,2176900
TATACHEM_F2,22-08-2023,13:01:00,1002.5,1002.5,1002.5,1002.5,1100,2178000
TATACHEM_F2,22-08-2023,13:04:00,1002.15,1002.2,1002.15,1002.2,1650,2179100
TATACHEM_F2,22-08-2023,13:07:00,1002.2,1002.2,1002.0,1002.0,3300,2179650
TATACHEM_F2,22-08-2023,13:13:00,1002.15,1002.15,1002.15,1002.15,550,2182950
TATACHEM_F2,22-08-2023,13:18:00,1002.0,1002.0,1002.0,1002.0,1100,2183500
TATACHEM_F2,22-08-2023,13:22:00,1001.85,1001.85,1001.85,1001.85,550,2184600
TATACHEM_F2,22-08-2023,13:26:00,1001.9,1001.9,1001.9,1001.9,1100,2184600
TATACHEM_F2,22-08-2023,13:27:00,1001.9,1001.9,1001.9,1001.9,1100,2184600
TATACHEM_F2,22-08-2023,13:28:00,1001.85,1001.85,1001.85,1001.85,1100,2184600
TATACHEM_F2,22-08-2023,13:31:00,1002.05,1003.9,1002.05,1003.9,1650,2186250
TATACHEM_F2,22-08-2023,13:32:00,1004.0,1004.0,1003.7,1003.7,2200,2186250
TATACHEM_F2,22-08-2023,13:39:00,1003.7,1003.7,1003.6,1003.6,1100,2186800
TATACHEM_F2,22-08-2023,13:40:00,1003.0,1003.0,1003.0,1003.0,550,2186800
TATACHEM_F2,22-08-2023,13:44:00,1002.05,1002.05,1002.05,1002.05,550,2188450
TATACHEM_F2,22-08-2023,13:47:00,1002.45,1002.45,1002.45,1002.45,550,2188450
TATACHEM_F2,22-08-2023,13:50:00,1002.1,1002.1,1002.0,1002.0,3300,2189000
TATACHEM_F2,22-08-2023,13:51:00,1001.65,1001.65,1001.65,1001.65,550,2189000
TATACHEM_F2,22-08-2023,13:52:00,1001.45,1001.45,1001.45,1001.45,550,2190650
TATACHEM_F2,22-08-2023,13:53:00,1001.5,1001.8,1001.5,1001.8,1650,2190650
TATACHEM_F2,22-08-2023,13:54:00,1002.0,1002.0,1002.0,1002.0,550,2191200
TATACHEM_F2,22-08-2023,13:55:00,1001.65,1001.65,1001.65,1001.65,550,2191200
TATACHEM_F2,22-08-2023,13:56:00,1002.7,1002.7,1002.7,1002.7,550,2191200
TATACHEM_F2,22-08-2023,13:57:00,1002.7,1002.7,1002.7,1002.7,1100,2191750
TATACHEM_F2,22-08-2023,13:58:00,1002.7,1002.7,1002.7,1002.7,550,2191750
TATACHEM_F2,22-08-2023,13:59:00,1003.0,1003.0,1003.0,1003.0,550,2191750
TATACHEM_F2,22-08-2023,14:00:00,1002.2,1002.2,1002.2,1002.2,1100,2191750
TATACHEM_F2,22-08-2023,14:02:00,1002.35,1003.0,1002.25,1003.0,2200,2195050
TATACHEM_F2,22-08-2023,14:03:00,1001.75,1001.75,1001.75,1001.75,550,2195050
TATACHEM_F2,22-08-2023,14:06:00,1001.5,1001.5,1000.85,1000.85,3850,2197800
TATACHEM_F2,22-08-2023,14:09:00,1001.85,1001.85,1001.85,1001.85,1650,2197800
TATACHEM_F2,22-08-2023,14:11:00,1002.15,1003.05,1002.15,1003.05,1100,2200550
TATACHEM_F2,22-08-2023,14:12:00,1003.25,1003.25,1003.25,1003.25,550,2200550
TATACHEM_F2,22-08-2023,14:13:00,1003.2,1003.2,1003.2,1003.2,550,2201100
TATACHEM_F2,22-08-2023,14:15:00,1003.0,1003.0,1003.0,1003.0,1100,2201650
TATACHEM_F2,22-08-2023,14:20:00,1003.25,1003.25,1003.25,1003.25,550,2202750
TATACHEM_F2,22-08-2023,14:22:00,1003.9,1003.9,1003.9,1003.9,550,2202750
TATACHEM_F2,22-08-2023,14:26:00,1003.85,1003.85,1003.85,1003.85,550,2203300
TATACHEM_F2,22-08-2023,14:27:00,1003.85,1003.85,1003.85,1003.85,550,2203300
TATACHEM_F2,22-08-2023,14:28:00,1003.4,1003.4,1003.4,1003.4,1100,2202750
TATACHEM_F2,22-08-2023,14:29:00,1003.4,1003.4,1003.4,1003.4,1100,2202750
TATACHEM_F2,22-08-2023,14:30:00,1003.6,1003.6,1003.6,1003.6,1100,2202750
TATACHEM_F2,22-08-2023,14:31:00,1002.9,1002.9,1002.9,1002.9,1100,2205500
TATACHEM_F2,22-08-2023,14:36:00,1002.35,1002.35,1002.35,1002.35,550,2206050
TATACHEM_F2,22-08-2023,14:37:00,1002.45,1002.45,1002.45,1002.45,1100,2206050
TATACHEM_F2,22-08-2023,14:38:00,1002.4,1002.4,1002.4,1002.4,550,2206050
TATACHEM_F2,22-08-2023,14:39:00,1002.5,1002.5,1001.7,1001.7,2200,2206600
TATACHEM_F2,22-08-2023,14:40:00,1001.85,1001.85,1001.85,1001.85,550,2206600
TATACHEM_F2,22-08-2023,14:42:00,1001.8,1001.8,1001.5,1001.5,1100,2206600
TATACHEM_F2,22-08-2023,14:43:00,1002.1,1002.1,1002.1,1002.1,2200,2208800
TATACHEM_F2,22-08-2023,14:44:00,1002.0,1002.0,1002.0,1002.0,550,2208800
TATACHEM_F2,22-08-2023,14:48:00,1002.15,1002.15,1002.15,1002.15,550,2208800
TATACHEM_F2,22-08-2023,14:49:00,1001.6,1001.6,1001.6,1001.6,550,2208800
TATACHEM_F2,22-08-2023,14:51:00,1001.25,1001.6,1001.05,1001.6,1650,2208800
TATACHEM_F2,22-08-2023,14:54:00,1001.0,1001.0,1000.75,1000.75,1650,2209350
TATACHEM_F2,22-08-2023,14:55:00,1001.75,1001.75,1001.75,1001.75,1650,2210450
TATACHEM_F2,22-08-2023,14:56:00,1001.95,1001.95,1001.8,1001.8,1100,2210450
TATACHEM_F2,22-08-2023,14:57:00,1001.45,1001.45,1001.45,1001.45,550,2212650
TATACHEM_F2,22-08-2023,14:58:00,1001.1,1001.1,1001.1,1001.1,550,2212650
TATACHEM_F2,22-08-2023,15:00:00,1001.8,1002.25,1001.8,1002.25,2750,2213750
TATACHEM_F2,22-08-2023,15:01:00,1002.45,1002.45,1002.45,1002.45,550,2213750
TATACHEM_F2,22-08-2023,15:06:00,1001.6,1001.6,1001.6,1001.6,1100,2214300
TATACHEM_F2,22-08-2023,15:07:00,1001.5,1001.5,1001.5,1001.5,3850,2215400
TATACHEM_F2,22-08-2023,15:08:00,1001.15,1001.6,1001.0,1001.6,2750,2215400
TATACHEM_F2,22-08-2023,15:09:00,1001.05,1001.05,1001.0,1001.0,1650,2219800
TATACHEM_F2,22-08-2023,15:10:00,1001.85,1001.9,1001.85,1001.9,1650,2219800
TATACHEM_F2,22-08-2023,15:13:00,1000.95,1000.95,1000.95,1000.95,1650,2220350
TATACHEM_F2,22-08-2023,15:14:00,1000.95,1000.95,1000.95,1000.95,550,2220350
TATACHEM_F2,22-08-2023,15:15:00,1000.8,1000.8,1000.8,1000.8,1650,2222000
TATACHEM_F2,22-08-2023,15:17:00,1000.7,1001.65,1000.7,1001.65,1650,2222000
TATACHEM_F2,22-08-2023,15:18:00,1001.6,1001.6,1001.6,1001.6,550,2223100
TATACHEM_F2,22-08-2023,15:21:00,1001.6,1001.6,1001.6,1001.6,1650,2223650
TATACHEM_F2,22-08-2023,15:22:00,1001.85,1001.85,1001.85,1001.85,550,2223650
TATACHEM_F2,22-08-2023,15:23:00,1001.85,1001.85,1001.85,1001.85,1100,2223650
TATACHEM_F2,22-08-2023,15:26:00,1001.85,1001.85,1001.55,1001.55,4950,2225300
TATACHEM_F2,22-08-2023,15:27:00,1002.0,1002.15,1001.9,1001.9,2200,2224200
TATACHEM_F2,22-08-2023,15:28:00,1001.9,1002.9,1001.9,1002.9,1650,2224200
TATACHEM_F2,22-08-2023,15:29:00,1002.9,1003.7,1002.9,1003.35,19800,2224200
TATACHEM_F2,23-08-2023,09:15:00,1003.35,1007.4,1003.35,1007.4,4402,2225850
TATACHEM_F2,23-08-2023,09:16:00,1007.4,1007.4,1007.4,1007.4,1100,2225850
TATACHEM_F2,23-08-2023,09:18:00,1006.25,1006.6,1006.25,1006.6,4950,2228600
TATACHEM_F2,23-08-2023,09:19:00,1005.85,1006.15,1005.85,1006.15,6050,2228600
TATACHEM_F2,23-08-2023,09:20:00,1006.15,1006.2,1006.1,1006.1,16500,2228600
TATACHEM_F2,23-08-2023,09:21:00,1005.85,1006.95,1005.85,1006.95,1100,2234650
TATACHEM_F2,23-08-2023,09:22:00,1006.35,1006.35,1006.35,1006.35,550,2234650
TATACHEM_F2,23-08-2023,09:23:00,1007.0,1008.0,1007.0,1008.0,2750,2234100
TATACHEM_F2,23-08-2023,09:24:00,1008.0,1008.0,1006.7,1006.7,3300,2234100
TATACHEM_F2,23-08-2023,09:25:00,1006.7,1006.7,1006.6,1006.6,1100,2234100
TATACHEM_F2,23-08-2023,09:26:00,1007.6,1009.3,1007.6,1008.8,9900,2237400
TATACHEM_F2,23-08-2023,09:27:00,1008.55,1008.65,1008.35,1008.35,2750,2237400
TATACHEM_F2,23-08-2023,09:28:00,1007.7,1007.7,1007.1,1007.1,1100,2237400
TATACHEM_F2,23-08-2023,09:29:00,1007.1,1008.3,1007.1,1008.3,2200,2239050
TATACHEM_F2,23-08-2023,09:30:00,1007.8,1007.8,1007.8,1007.8,550,2239050
TATACHEM_F2,23-08-2023,09:32:00,1006.8,1006.8,1006.8,1006.8,550,2239050
TATACHEM_F2,23-08-2023,09:33:00,1006.95,1006.95,1006.95,1006.95,1100,2242350
TATACHEM_F2,23-08-2023,09:34:00,1006.95,1006.95,1006.95,1006.95,6600,2242350
TATACHEM_F2,23-08-2023,09:35:00,1008.45,1008.65,1008.45,1008.65,2200,2250050
TATACHEM_F2,23-08-2023,09:36:00,1007.25,1007.25,1007.25,1007.25,550,2250050
TATACHEM_F2,23-08-2023,09:37:00,1007.05,1007.05,1006.9,1006.9,1100,2250050
TATACHEM_F2,23-08-2023,09:38:00,1006.9,1006.9,1006.4,1006.4,2200,2250050
TATACHEM_F2,23-08-2023,09:39:00,1006.25,1006.75,1006.25,1006.75,3300,2252800
TATACHEM_F2,23-08-2023,09:40:00,1005.65,1005.65,1005.65,1005.65,550,2252800
TATACHEM_F2,23-08-2023,09:41:00,1006.7,1006.7,1006.6,1006.6,1650,2255550
TATACHEM_F2,23-08-2023,09:45:00,1006.55,1006.55,1006.25,1006.25,1100,2256650
TATACHEM_F2,23-08-2023,09:48:00,1007.65,1007.65,1007.65,1007.65,550,2251700
TATACHEM_F2,23-08-2023,09:49:00,1007.55,1007.55,1007.55,1007.55,550,2251700
TATACHEM_F2,23-08-2023,09:50:00,1007.55,1007.55,1006.5,1006.5,1650,2252800
TATACHEM_F2,23-08-2023,09:53:00,1004.8,1004.95,1004.8,1004.95,2750,2254450
TATACHEM_F2,23-08-2023,09:54:00,1005.15,1005.15,1005.15,1005.15,550,2254450
TATACHEM_F2,23-08-2023,09:55:00,1004.55,1004.55,1004.5,1004.5,1100,2254450
TATACHEM_F2,23-08-2023,09:56:00,1004.5,1004.5,1004.5,1004.5,1100,2255550
TATACHEM_F2,23-08-2023,09:58:00,1005.5,1005.5,1005.5,1005.5,550,2255550
TATACHEM_F2,23-08-2023,09:59:00,1005.5,1005.5,1005.5,1005.5,550,2255550
TATACHEM_F2,23-08-2023,10:00:00,1006.8,1006.8,1006.8,1006.8,6600,2255550
TATACHEM_F2,23-08-2023,10:02:00,1007.5,1007.5,1006.75,1006.75,4400,2261050
TATACHEM_F2,23-08-2023,10:03:00,1008.0,1008.0,1008.0,1008.0,22000,2261050
TATACHEM_F2,23-08-2023,10:04:00,1008.3,1008.5,1008.0,1008.0,9350,2261050
TATACHEM_F2,23-08-2023,10:05:00,1008.25,1008.25,1008.25,1008.25,3300,2261050
TATACHEM_F2,23-08-2023,10:07:00,1006.75,1006.75,1006.75,1006.75,550,2283050
TATACHEM_F2,23-08-2023,10:08:00,1006.7,1007.25,1006.7,1007.25,3850,2283600
TATACHEM_F2,23-08-2023,10:10:00,1007.25,1007.6,1007.25,1007.6,4400,2283600
TATACHEM_F2,23-08-2023,10:11:00,1008.3,1008.3,1008.3,1008.3,550,2283600
TATACHEM_F2,23-08-2023,10:12:00,1008.3,1008.3,1008.3,1008.3,2750,2288000
TATACHEM_F2,23-08-2023,10:13:00,1008.3,1008.3,1008.3,1008.3,2750,2288000
TATACHEM_F2,23-08-2023,10:15:00,1008.1,1008.1,1008.1,1008.1,550,2290200
TATACHEM_F2,23-08-2023,10:16:00,1008.7,1008.75,1008.65,1008.75,3850,2290200
TATACHEM_F2,23-08-2023,10:17:00,1008.0,1008.0,1008.0,1008.0,1100,2290200
TATACHEM_F2,23-08-2023,10:18:00,1007.55,1008.5,1007.55,1008.5,1650,2292950
TATACHEM_F2,23-08-2023,10:19:00,1008.5,1008.5,1008.5,1008.5,550,2292950
TATACHEM_F2,23-08-2023,10:20:00,1008.05,1008.05,1008.05,1008.05,550,2292950
TATACHEM_F2,23-08-2023,10:22:00,1008.8,1008.8,1008.8,1008.8,550,2293500
TATACHEM_F2,23-08-2023,10:23:00,1008.25,1008.25,1008.2,1008.2,8800,2293500
TATACHEM_F2,23-08-2023,10:24:00,1008.5,1009.05,1008.5,1009.05,5500,2299000
TATACHEM_F2,23-08-2023,10:25:00,1009.05,1009.05,1009.0,1009.0,2750,2299000
TATACHEM_F2,23-08-2023,10:26:00,1008.75,1009.8,1008.75,1009.8,2750,2299000
TATACHEM_F2,23-08-2023,10:27:00,1009.8,1009.8,1009.8,1009.8,1650,2304500
TATACHEM_F2,23-08-2023,10:28:00,1009.9,1010.0,1009.75,1009.75,7700,2304500
TATACHEM_F2,23-08-2023,10:30:00,1010.0,1011.5,1010.0,1011.5,25850,2308350
TATACHEM_F2,23-08-2023,10:31:00,1011.3,1012.0,1011.3,1012.0,32450,2308350
TATACHEM_F2,23-08-2023,10:32:00,1012.3,1012.7,1012.3,1012.65,6050,2318800
TATACHEM_F2,23-08-2023,10:33:00,1013.0,1013.65,1012.6,1013.0,23650,2318800
TATACHEM_F2,23-08-2023,10:34:00,1013.25,1013.5,1013.0,1013.0,6600,2318800
TATACHEM_F2,23-08-2023,10:35:00,1012.95,1012.95,1011.0,1011.0,9350,2318800
TATACHEM_F2,23-08-2023,10:36:00,1010.1,1010.1,1010.0,1010.05,4950,2335850
TATACHEM_F2,23-08-2023,10:37:00,1011.25,1011.25,1010.5,1010.5,1650,2335850
TATACHEM_F2,23-08-2023,10:38:00,1011.5,1011.5,1010.6,1011.3,22550,2356750
TATACHEM_F2,23-08-2023,10:39:00,1011.5,1011.5,1011.5,1011.5,6600,2356750
TATACHEM_F2,23-08-2023,10:40:00,1011.0,1011.0,1011.0,1011.0,550,2356750
TATACHEM_F2,23-08-2023,10:41:00,1011.95,1011.95,1011.9,1011.9,2200,2356750
TATACHEM_F2,23-08-2023,10:42:00,1011.7,1011.7,1011.7,1011.7,1100,2365000
TATACHEM_F2,23-08-2023,10:43:00,1012.1,1012.1,1012.1,1012.1,550,2365000
TATACHEM_F2,23-08-2023,10:44:00,1011.7,1011.7,1011.45,1011.45,2750,2365000
TATACHEM_F2,23-08-2023,10:46:00,1010.9,1010.9,1010.9,1010.9,1100,2366650
TATACHEM_F2,23-08-2023,10:47:00,1011.6,1011.6,1011.6,1011.6,3300,2366650
TATACHEM_F2,23-08-2023,10:48:00,1011.3,1011.3,1011.3,1011.3,550,2369950
TATACHEM_F2,23-08-2023,10:49:00,1011.3,1011.3,1011.3,1011.3,550,2369950
TATACHEM_F2,23-08-2023,10:50:00,1011.5,1011.85,1011.5,1011.85,1100,2371050
TATACHEM_F2,23-08-2023,10:51:00,1012.45,1012.45,1012.45,1012.45,2750,2371050
TATACHEM_F2,23-08-2023,10:52:00,1012.05,1012.55,1012.05,1012.05,5500,2371050
TATACHEM_F2,23-08-2023,10:54:00,1012.65,1012.7,1012.65,1012.7,1650,2373250
TATACHEM_F2,23-08-2023,10:55:00,1012.7,1012.7,1012.3,1012.3,1100,2373250
TATACHEM_F2,23-08-2023,10:56:00,1011.6,1011.6,1011.6,1011.6,550,2373250
TATACHEM_F2,23-08-2023,10:57:00,1012.5,1012.5,1012.5,1012.5,3300,2376550
TATACHEM_F2,23-08-2023,10:58:00,1012.0,1012.0,1012.0,1012.0,1100,2376550
TATACHEM_F2,23-08-2023,10:59:00,1012.5,1012.5,1012.5,1012.5,1100,2376550
TATACHEM_F2,23-08-2023,11:00:00,1012.75,1012.75,1012.75,1012.75,2750,2379850
TATACHEM_F2,23-08-2023,11:01:00,1012.9,1012.9,1012.9,1012.9,1100,2379850
TATACHEM_F2,23-08-2023,11:02:00,1012.45,1012.45,1012.45,1012.45,550,2379850
TATACHEM_F2,23-08-2023,11:03:00,1012.45,1012.45,1012.45,1012.45,1650,2382050
TATACHEM_F2,23-08-2023,11:04:00,1012.0,1012.0,1012.0,1012.0,2750,2382050
TATACHEM_F2,23-08-2023,11:05:00,1012.3,1012.9,1012.3,1012.9,3300,2382050
TATACHEM_F2,23-08-2023,11:06:00,1012.1,1012.45,1012.0,1012.0,3300,2387550
TATACHEM_F2,23-08-2023,11:07:00,1011.85,1011.85,1011.85,1011.85,3300,2387550
TATACHEM_F2,23-08-2023,11:08:00,1012.45,1012.45,1012.45,1012.45,3300,2387550
TATACHEM_F2,23-08-2023,11:09:00,1012.5,1012.5,1012.5,1012.5,1650,2391950
TATACHEM_F2,23-08-2023,11:10:00,1011.9,1011.9,1011.9,1011.9,1100,2391950
TATACHEM_F2,23-08-2023,11:11:00,1011.7,1011.7,1011.7,1011.7,1100,2393600
TATACHEM_F2,23-08-2023,11:12:00,1011.5,1011.5,1010.5,1010.5,2200,2393600
TATACHEM_F2,23-08-2023,11:13:00,1010.5,1010.5,1010.0,1010.0,5500,2393600
TATACHEM_F2,23-08-2023,11:14:00,1010.0,1010.25,1010.0,1010.25,2200,2393600
TATACHEM_F2,23-08-2023,11:15:00,1010.5,1010.5,1010.5,1010.5,2750,2398550
TATACHEM_F2,23-08-2023,11:16:00,1010.95,1010.95,1010.95,1010.95,550,2398550
TATACHEM_F2,23-08-2023,11:17:00,1010.3,1010.3,1010.3,1010.3,3300,2398550
TATACHEM_F2,23-08-2023,11:18:00,1010.05,1010.05,1010.0,1010.0,2750,2402400
TATACHEM_F2,23-08-2023,11:19:00,1010.05,1010.05,1010.05,1010.05,550,2402400
TATACHEM_F2,23-08-2023,11:20:00,1010.4,1010.45,1010.4,1010.45,2200,2402400
TATACHEM_F2,23-08-2023,11:21:00,1010.0,1010.0,1010.0,1010.0,550,2405700
TATACHEM_F2,23-08-2023,11:22:00,1010.25,1010.25,1009.85,1009.85,3300,2405700
TATACHEM_F2,23-08-2023,11:23:00,1009.85,1010.9,1009.85,1010.55,3850,2405700
TATACHEM_F2,23-08-2023,11:26:00,1010.55,1010.55,1010.55,1010.55,550,2409550
TATACHEM_F2,23-08-2023,11:27:00,1010.8,1010.8,1009.85,1009.85,1100,2410100
TATACHEM_F2,23-08-2023,11:28:00,1009.3,1009.45,1009.3,1009.45,2750,2410100
TATACHEM_F2,23-08-2023,11:29:00,1009.35,1009.35,1009.35,1009.35,4950,2410100
TATACHEM_F2,23-08-2023,11:30:00,1009.35,1009.35,1009.05,1009.05,1100,2412300
TATACHEM_F2,23-08-2023,11:31:00,1009.45,1009.45,1009.45,1009.45,550,2412300
TATACHEM_F2,23-08-2023,11:32:00,1010.2,1010.2,1010.2,1010.2,550,2412300
TATACHEM_F2,23-08-2023,11:33:00,1010.3,1010.3,1010.3,1010.3,550,2413950
TATACHEM_F2,23-08-2023,11:35:00,1010.7,1011.15,1010.7,1011.15,1100,2413950
TATACHEM_F2,23-08-2023,11:37:00,1011.0,1011.7,1011.0,1011.7,2750,2415050
TATACHEM_F2,23-08-2023,11:39:00,1011.55,1011.55,1011.55,1011.55,1100,2415050
TATACHEM_F2,23-08-2023,11:40:00,1012.4,1012.4,1012.4,1012.4,550,2416150
TATACHEM_F2,23-08-2023,11:42:00,1012.0,1012.0,1012.0,1012.0,550,2416150
TATACHEM_F2,23-08-2023,11:44:00,1011.9,1011.9,1011.9,1011.9,550,2416150
TATACHEM_F2,23-08-2023,11:45:00,1011.65,1011.65,1011.65,1011.65,550,2416150
TATACHEM_F2,23-08-2023,11:46:00,1010.9,1010.9,1010.9,1010.9,550,2416700
TATACHEM_F2,23-08-2023,11:48:00,1011.15,1011.15,1011.15,1011.15,1100,2416700
TATACHEM_F2,23-08-2023,11:49:00,1010.45,1010.45,1010.45,1010.45,2200,2416700
TATACHEM_F2,23-08-2023,11:50:00,1010.05,1010.65,1010.05,1010.65,1650,2416700
TATACHEM_F2,23-08-2023,11:51:00,1010.05,1010.05,1010.05,1010.05,5500,2418350
TATACHEM_F2,23-08-2023,11:52:00,1010.05,1010.05,1010.05,1010.05,550,2418350
TATACHEM_F2,23-08-2023,11:53:00,1010.05,1010.05,1010.05,1010.05,550,2418350
TATACHEM_F2,23-08-2023,11:55:00,1010.45,1010.5,1010.45,1010.5,1100,2418900
TATACHEM_F2,23-08-2023,11:56:00,1010.55,1010.6,1010.55,1010.6,1100,2418900
TATACHEM_F2,23-08-2023,11:57:00,1010.1,1010.1,1010.1,1010.1,1100,2418900
TATACHEM_F2,23-08-2023,11:59:00,1010.1,1010.85,1010.1,1010.85,1650,2419450
TATACHEM_F2,23-08-2023,12:01:00,1010.85,1010.85,1010.85,1010.85,1100,2420000
TATACHEM_F2,23-08-2023,12:04:00,1010.7,1010.7,1010.7,1010.7,550,2420550
TATACHEM_F2,23-08-2023,12:05:00,1010.7,1010.7,1010.7,1010.7,550,2420550
TATACHEM_F2,23-08-2023,12:06:00,1011.35,1011.35,1011.35,1011.35,550,2420550
TATACHEM_F2,23-08-2023,12:08:00,1010.7,1010.7,1010.7,1010.7,1650,2420550
TATACHEM_F2,23-08-2023,12:09:00,1010.0,1010.0,1010.0,1010.0,1650,2420550
TATACHEM_F2,23-08-2023,12:10:00,1009.55,1009.55,1009.55,1009.55,550,2420550
TATACHEM_F2,23-08-2023,12:13:00,1010.3,1010.3,1010.3,1010.3,1650,2421650
TATACHEM_F2,23-08-2023,12:14:00,1010.3,1010.3,1010.3,1010.3,1650,2421650
TATACHEM_F2,23-08-2023,12:15:00,1010.3,1010.3,1010.3,1010.3,550,2424400
TATACHEM_F2,23-08-2023,12:17:00,1010.25,1010.25,1010.0,1010.0,4400,2424400
TATACHEM_F2,23-08-2023,12:19:00,1010.4,1010.95,1010.4,1010.95,7150,2428800
TATACHEM_F2,23-08-2023,12:22:00,1010.95,1010.95,1010.15,1010.15,2750,2433200
TATACHEM_F2,23-08-2023,12:24:00,1010.8,1010.8,1010.8,1010.8,550,2434850
TATACHEM_F2,23-08-2023,12:25:00,1011.0,1011.0,1011.0,1011.0,550,2434850
TATACHEM_F2,23-08-2023,12:26:00,1011.0,1011.65,1011.0,1011.65,1100,2434850
TATACHEM_F2,23-08-2023,12:27:00,1010.35,1010.35,1010.35,1010.35,550,2435400
TATACHEM_F2,23-08-2023,12:28:00,1010.65,1010.65,1010.65,1010.65,1650,2435400
TATACHEM_F2,23-08-2023,12:31:00,1009.4,1009.8,1009.4,1009.8,1650,2437050
TATACHEM_F2,23-08-2023,12:32:00,1009.8,1009.8,1009.8,1009.8,1100,2437050
TATACHEM_F2,23-08-2023,12:34:00,1009.8,1009.8,1009.8,1009.8,550,2438150
TATACHEM_F2,23-08-2023,12:37:00,1009.2,1009.2,1009.2,1009.2,550,2438700
TATACHEM_F2,23-08-2023,12:38:00,1009.1,1009.1,1009.1,1009.1,550,2438700
TATACHEM_F2,23-08-2023,12:41:00,1009.45,1009.45,1009.45,1009.45,4400,2438700
TATACHEM_F2,23-08-2023,12:42:00,1008.65,1008.65,1008.65,1008.65,4950,2440350
TATACHEM_F2,23-08-2023,12:43:00,1008.65,1008.65,1008.65,1008.65,550,2440350
TATACHEM_F2,23-08-2023,12:44:00,1008.6,1008.6,1008.0,1008.0,2200,2440350
TATACHEM_F2,23-08-2023,12:46:00,1008.05,1008.05,1008.05,1008.05,4400,2442550
TATACHEM_F2,23-08-2023,12:47:00,1008.05,1008.05,1008.05,1008.05,1100,2442550
TATACHEM_F2,23-08-2023,12:49:00,1008.0,1008.0,1008.0,1008.0,4950,2441450
TATACHEM_F2,23-08-2023,12:50:00,1007.6,1007.6,1007.6,1007.6,550,2441450
TATACHEM_F2,23-08-2023,12:51:00,1007.2,1007.2,1007.2,1007.2,12100,2449700
TATACHEM_F2,23-08-2023,12:52:00,1007.45,1007.45,1007.45,1007.45,550,2449700
TATACHEM_F2,23-08-2023,12:53:00,1007.45,1007.45,1007.45,1007.45,2750,2449700
TATACHEM_F2,23-08-2023,12:54:00,1007.45,1007.45,1007.45,1007.45,550,2455750
TATACHEM_F2,23-08-2023,12:55:00,1007.5,1007.5,1007.2,1007.2,2200,2455750
TATACHEM_F2,23-08-2023,12:56:00,1007.2,1007.2,1007.2,1007.2,2750,2455750
TATACHEM_F2,23-08-2023,12:57:00,1007.2,1007.2,1007.2,1007.2,3850,2457400
TATACHEM_F2,23-08-2023,12:58:00,1007.3,1007.3,1007.3,1007.3,1100,2457400
TATACHEM_F2,23-08-2023,12:59:00,1007.2,1007.2,1007.2,1007.2,8800,2457400
TATACHEM_F2,23-08-2023,13:00:00,1007.2,1007.2,1007.2,1007.2,1100,2457400
TATACHEM_F2,23-08-2023,13:02:00,1008.0,1008.0,1008.0,1008.0,4950,2466750
TATACHEM_F2,23-08-2023,13:03:00,1007.2,1007.2,1007.0,1007.0,2200,2469500
TATACHEM_F2,23-08-2023,13:05:00,1007.0,1007.0,1007.0,1007.0,1100,2469500
TATACHEM_F2,23-08-2023,13:06:00,1007.05,1007.05,1007.05,1007.05,550,2470600
TATACHEM_F2,23-08-2023,13:07:00,1006.4,1006.4,1006.4,1006.4,1100,2470600
TATACHEM_F2,23-08-2023,13:08:00,1006.4,1006.4,1006.4,1006.4,1650,2470600
TATACHEM_F2,23-08-2023,13:09:00,1006.75,1006.8,1006.75,1006.8,1100,2473350
TATACHEM_F2,23-08-2023,13:10:00,1006.65,1006.65,1006.65,1006.65,550,2473350
TATACHEM_F2,23-08-2023,13:11:00,1006.85,1006.85,1006.5,1006.5,1100,2473350
TATACHEM_F2,23-08-2023,13:12:00,1006.3,1006.45,1006.3,1006.45,3850,2477750
TATACHEM_F2,23-08-2023,13:15:00,1006.45,1006.45,1006.45,1006.45,550,2477750
TATACHEM_F2,23-08-2023,13:16:00,1006.45,1007.0,1006.4,1006.5,6600,2478300
TATACHEM_F2,23-08-2023,13:17:00,1006.5,1006.5,1006.0,1006.0,2750,2478300
TATACHEM_F2,23-08-2023,13:18:00,1006.3,1006.3,1005.8,1005.8,2750,2480500
TATACHEM_F2,23-08-2023,13:21:00,1005.5,1005.5,1005.45,1005.45,2750,2480500
TATACHEM_F2,23-08-2023,13:22:00,1005.95,1006.0,1005.95,1006.0,1100,2480500
TATACHEM_F2,23-08-2023,13:26:00,1006.15,1006.15,1006.15,1006.15,1100,2482700
TATACHEM_F2,23-08-2023,13:29:00,1006.15,1006.15,1006.15,1006.15,550,2483800
TATACHEM_F2,23-08-2023,13:30:00,1005.8,1005.8,1005.8,1005.8,550,2484350
TATACHEM_F2,23-08-2023,13:31:00,1005.45,1005.45,1005.45,1005.45,3300,2484350
TATACHEM_F2,23-08-2023,13:32:00,1005.05,1005.3,1005.05,1005.3,1650,2484350
TATACHEM_F2,23-08-2023,13:33:00,1005.4,1005.4,1005.4,1005.4,550,2484350
TATACHEM_F2,23-08-2023,13:38:00,1005.45,1005.45,1005.45,1005.45,550,2487100
TATACHEM_F2,23-08-2023,13:40:00,1005.45,1005.45,1005.45,1005.45,9350,2487650
TATACHEM_F2,23-08-2023,13:41:00,1005.95,1006.4,1005.95,1006.4,2200,2487650
TATACHEM_F2,23-08-2023,13:42:00,1006.4,1006.4,1006.4,1006.4,550,2479950
TATACHEM_F2,23-08-2023,13:44:00,1005.5,1005.5,1005.5,1005.5,550,2479950
TATACHEM_F2,23-08-2023,13:45:00,1005.8,1005.8,1005.8,1005.8,3850,2481050
TATACHEM_F2,23-08-2023,13:46:00,1005.55,1005.85,1005.5,1005.85,3300,2481050
TATACHEM_F2,23-08-2023,13:47:00,1005.85,1005.85,1005.4,1005.4,3850,2481050
TATACHEM_F2,23-08-2023,13:49:00,1006.45,1006.45,1006.45,1006.45,2200,2481600
TATACHEM_F2,23-08-2023,13:50:00,1006.3,1006.3,1006.3,1006.3,550,2481600
TATACHEM_F2,23-08-2023,13:51:00,1007.05,1007.05,1007.05,1007.05,5500,2483800
TATACHEM_F2,23-08-2023,13:52:00,1007.05,1007.05,1006.35,1006.35,2200,2483800
TATACHEM_F2,23-08-2023,13:53:00,1006.35,1006.35,1006.35,1006.35,3300,2483800
TATACHEM_F2,23-08-2023,13:54:00,1006.0,1006.2,1006.0,1006.2,3850,2488750
TATACHEM_F2,23-08-2023,13:55:00,1006.2,1006.2,1006.2,1006.2,3300,2488750
TATACHEM_F2,23-08-2023,13:57:00,1007.0,1007.0,1007.0,1007.0,1100,2487650
TATACHEM_F2,23-08-2023,13:58:00,1007.0,1007.0,1006.5,1006.5,1650,2487650
TATACHEM_F2,23-08-2023,13:59:00,1005.95,1007.0,1005.95,1007.0,6050,2487650
TATACHEM_F2,23-08-2023,14:00:00,1007.05,1008.0,1007.05,1008.0,6050,2487650
TATACHEM_F2,23-08-2023,14:01:00,1007.7,1007.7,1007.7,1007.7,550,2490950
TATACHEM_F2,23-08-2023,14:02:00,1007.7,1007.7,1007.7,1007.7,1100,2490950
TATACHEM_F2,23-08-2023,14:03:00,1007.7,1007.7,1007.4,1007.4,2750,2497000
TATACHEM_F2,23-08-2023,14:05:00,1007.25,1007.25,1007.25,1007.25,550,2497000
TATACHEM_F2,23-08-2023,14:06:00,1006.45,1006.45,1006.45,1006.45,1650,2500300
TATACHEM_F2,23-08-2023,14:10:00,1007.1,1007.1,1007.1,1007.1,3300,2499750
TATACHEM_F2,23-08-2023,14:12:00,1007.85,1007.85,1007.45,1007.45,1650,2502500
TATACHEM_F2,23-08-2023,14:13:00,1007.45,1007.45,1007.45,1007.45,550,2502500
TATACHEM_F2,23-08-2023,14:14:00,1006.75,1006.8,1006.75,1006.8,1650,2502500
TATACHEM_F2,23-08-2023,14:15:00,1007.6,1007.6,1007.6,1007.6,550,2504150
TATACHEM_F2,23-08-2023,14:16:00,1007.2,1007.3,1007.2,1007.3,1100,2504150
TATACHEM_F2,23-08-2023,14:17:00,1007.25,1007.25,1007.1,1007.1,1650,2504150
TATACHEM_F2,23-08-2023,14:18:00,1007.0,1007.0,1007.0,1007.0,1100,2504150
TATACHEM_F2,23-08-2023,14:20:00,1007.25,1007.25,1006.8,1006.8,2750,2506350
TATACHEM_F2,23-08-2023,14:21:00,1006.85,1006.85,1006.85,1006.85,1650,2506350
TATACHEM_F2,23-08-2023,14:22:00,1006.7,1006.7,1006.7,1006.7,1650,2508550
TATACHEM_F2,23-08-2023,14:23:00,1007.25,1007.25,1006.5,1006.5,2750,2508550
TATACHEM_F2,23-08-2023,14:24:00,1006.4,1006.4,1006.4,1006.4,550,2511850
TATACHEM_F2,23-08-2023,14:25:00,1006.1,1006.1,1006.1,1006.1,550,2511850
TATACHEM_F2,23-08-2023,14:26:00,1006.0,1006.0,1005.75,1005.75,1100,2511850
TATACHEM_F2,23-08-2023,14:30:00,1005.75,1005.85,1005.75,1005.85,2750,2513500
TATACHEM_F2,23-08-2023,14:31:00,1005.75,1005.75,1005.75,1005.75,1100,2513500
TATACHEM_F2,23-08-2023,14:33:00,1005.75,1005.75,1005.75,1005.75,550,2514600
TATACHEM_F2,23-08-2023,14:34:00,1006.0,1006.0,1006.0,1006.0,550,2514600
TATACHEM_F2,23-08-2023,14:37:00,1006.0,1006.0,1006.0,1006.0,550,2514600
TATACHEM_F2,23-08-2023,14:38:00,1006.2,1006.2,1005.45,1005.45,2200,2514600
TATACHEM_F2,23-08-2023,14:40:00,1005.6,1005.6,1005.6,1005.6,2200,2515150
TATACHEM_F2,23-08-2023,14:41:00,1005.45,1005.45,1005.4,1005.4,1650,2515150
TATACHEM_F2,23-08-2023,14:42:00,1005.5,1005.5,1005.5,1005.5,550,2516250
TATACHEM_F2,23-08-2023,14:43:00,1006.1,1006.1,1006.1,1006.1,1100,2516250
TATACHEM_F2,23-08-2023,14:47:00,1006.2,1006.2,1005.9,1005.9,2200,2516800
TATACHEM_F2,23-08-2023,14:49:00,1005.5,1005.6,1005.5,1005.6,1100,2516800
TATACHEM_F2,23-08-2023,14:50:00,1005.9,1005.9,1005.9,1005.9,550,2516800
TATACHEM_F2,23-08-2023,14:52:00,1006.0,1006.0,1006.0,1006.0,1100,2517350
TATACHEM_F2,23-08-2023,14:54:00,1006.45,1006.45,1006.4,1006.4,2200,2516800
TATACHEM_F2,23-08-2023,14:55:00,1005.3,1005.3,1005.3,1005.3,1100,2516800
TATACHEM_F2,23-08-2023,14:57:00,1005.3,1005.45,1005.1,1005.1,3300,2516800
TATACHEM_F2,23-08-2023,14:58:00,1004.95,1004.95,1004.95,1004.95,2750,2516800
TATACHEM_F2,23-08-2023,14:59:00,1004.45,1004.45,1004.45,1004.45,550,2516800
TATACHEM_F2,23-08-2023,15:00:00,1004.5,1004.5,1004.5,1004.5,1100,2516800
TATACHEM_F2,23-08-2023,15:01:00,1004.1,1004.5,1004.0,1004.5,3300,2519000
TATACHEM_F2,23-08-2023,15:02:00,1003.4,1003.4,1003.35,1003.35,1100,2519000
TATACHEM_F2,23-08-2023,15:03:00,1002.2,1002.2,1002.2,1002.2,3850,2523950
TATACHEM_F2,23-08-2023,15:04:00,1002.45,1002.45,1002.45,1002.45,1100,2523950
TATACHEM_F2,23-08-2023,15:05:00,1003.0,1003.0,1002.55,1002.55,6050,2523950
TATACHEM_F2,23-08-2023,15:06:00,1002.5,1002.5,1002.0,1002.0,2200,2523950
TATACHEM_F2,23-08-2023,15:07:00,1002.0,1002.05,1001.7,1001.7,4400,2524500
TATACHEM_F2,23-08-2023,15:08:00,1001.7,1002.05,1001.7,1002.05,3300,2524500
TATACHEM_F2,23-08-2023,15:09:00,1002.55,1002.55,1001.7,1002.0,3300,2526700
TATACHEM_F2,23-08-2023,15:10:00,1002.0,1002.0,1001.7,1001.7,1650,2526700
TATACHEM_F2,23-08-2023,15:11:00,1001.7,1001.7,1001.45,1001.45,1650,2526700
TATACHEM_F2,23-08-2023,15:12:00,1001.35,1001.35,1001.0,1001.0,2750,2526700
TATACHEM_F2,23-08-2023,15:13:00,1001.0,1001.85,1001.0,1001.85,1100,2530000
TATACHEM_F2,23-08-2023,15:14:00,1001.85,1001.85,1001.85,1001.85,550,2530000
TATACHEM_F2,23-08-2023,15:15:00,1001.8,1002.4,1001.8,1002.4,5500,2530000
TATACHEM_F2,23-08-2023,15:16:00,1002.1,1002.1,1002.1,1002.1,550,2528900
TATACHEM_F2,23-08-2023,15:17:00,1002.05,1002.05,1002.05,1002.05,3300,2528900
TATACHEM_F2,23-08-2023,15:18:00,1002.55,1002.55,1002.55,1002.55,3850,2528900
TATACHEM_F2,23-08-2023,15:19:00,1001.75,1001.75,1001.75,1001.75,2200,2532750
TATACHEM_F2,23-08-2023,15:20:00,1001.75,1001.75,1001.75,1001.75,3850,2532750
TATACHEM_F2,23-08-2023,15:21:00,1001.75,1001.75,1001.75,1001.75,3850,2532750
TATACHEM_F2,23-08-2023,15:22:00,1001.9,1001.9,1001.9,1001.9,550,2536600
TATACHEM_F2,23-08-2023,15:23:00,1001.9,1001.9,1001.9,1001.9,550,2536600
TATACHEM_F2,23-08-2023,15:24:00,1001.75,1001.85,1001.75,1001.85,2200,2536600
TATACHEM_F2,23-08-2023,15:25:00,1001.8,1001.85,1001.8,1001.85,2200,2536050
TATACHEM_F2,23-08-2023,15:26:00,1002.0,1002.0,1002.0,1002.0,2200,2536050
TATACHEM_F2,23-08-2023,15:27:00,1001.95,1002.65,1001.95,1002.65,1650,2537700
TATACHEM_F2,23-08-2023,15:29:00,1003.85,1003.85,1003.85,1003.85,550,2537700
TATACHEM_F2,24-08-2023,09:15:00,1008.55,1019.0,1008.55,1009.0,31903,2537700
TATACHEM_F2,24-08-2023,09:16:00,1008.95,1008.95,1008.95,1008.95,1100,2537700
TATACHEM_F2,24-08-2023,09:17:00,1008.0,1008.0,1008.0,1008.0,2200,2537700
TATACHEM_F2,24-08-2023,09:18:00,1010.15,1011.0,1010.15,1011.0,9350,2536050
TATACHEM_F2,24-08-2023,09:19:00,1011.0,1011.15,1011.0,1011.15,4950,2536050
TATACHEM_F2,24-08-2023,09:20:00,1009.7,1010.0,1009.7,1010.0,3300,2540450
TATACHEM_F2,24-08-2023,09:21:00,1009.7,1009.7,1009.7,1009.7,7150,2540450
TATACHEM_F2,24-08-2023,09:22:00,1010.45,1010.45,1009.7,1009.7,2750,2540450
TATACHEM_F2,24-08-2023,09:23:00,1008.2,1008.2,1008.2,1008.2,550,2540450
TATACHEM_F2,24-08-2023,09:24:00,1009.6,1009.6,1008.35,1008.35,1100,2546500
TATACHEM_F2,24-08-2023,09:25:00,1008.2,1008.2,1008.2,1008.2,550,2546500
TATACHEM_F2,24-08-2023,09:26:00,1007.2,1007.2,1007.2,1007.2,1100,2546500
TATACHEM_F2,24-08-2023,09:27:00,1007.2,1008.75,1007.2,1007.4,3300,2548150
TATACHEM_F2,24-08-2023,09:28:00,1009.8,1009.9,1009.8,1009.9,1100,2548150
TATACHEM_F2,24-08-2023,09:29:00,1009.0,1009.0,1009.0,1009.0,550,2548150
TATACHEM_F2,24-08-2023,09:30:00,1008.25,1008.25,1008.25,1008.25,550,2550350
TATACHEM_F2,24-08-2023,09:31:00,1008.1,1008.45,1008.1,1008.45,1100,2550350
TATACHEM_F2,24-08-2023,09:33:00,1008.1,1008.1,1008.1,1008.1,2200,2549250
TATACHEM_F2,24-08-2023,09:34:00,1008.1,1008.1,1008.1,1008.1,550,2549250
TATACHEM_F2,24-08-2023,09:35:00,1008.2,1008.2,1008.2,1008.2,550,2549250
TATACHEM_F2,24-08-2023,09:36:00,1008.2,1008.2,1008.2,1008.2,550,2551450
TATACHEM_F2,24-08-2023,09:37:00,1008.15,1008.15,1008.15,1008.15,550,2551450
TATACHEM_F2,24-08-2023,09:39:00,1008.75,1008.75,1008.75,1008.75,550,2552000
TATACHEM_F2,24-08-2023,09:42:00,1009.45,1009.45,1009.0,1009.0,9900,2552000
TATACHEM_F2,24-08-2023,09:43:00,1009.0,1009.0,1009.0,1009.0,5500,2552000
TATACHEM_F2,24-08-2023,09:44:00,1009.15,1009.55,1009.0,1009.55,2200,2552000
TATACHEM_F2,24-08-2023,09:45:00,1009.55,1009.8,1009.25,1009.8,4400,2556400
TATACHEM_F2,24-08-2023,09:46:00,1009.0,1009.0,1009.0,1009.0,1650,2556400
TATACHEM_F2,24-08-2023,09:47:00,1009.0,1009.0,1009.0,1009.0,3300,2561900
TATACHEM_F2,24-08-2023,09:49:00,1009.0,1009.0,1009.0,1009.0,1650,2561900
TATACHEM_F2,24-08-2023,09:51:00,1008.25,1009.1,1008.25,1009.1,1650,2564100
TATACHEM_F2,24-08-2023,09:52:00,1009.1,1009.1,1009.1,1009.1,3300,2564100
TATACHEM_F2,24-08-2023,09:53:00,1008.25,1008.25,1008.0,1008.0,3850,2564100
TATACHEM_F2,24-08-2023,09:54:00,1008.3,1008.3,1008.3,1008.3,550,2560250
TATACHEM_F2,24-08-2023,09:55:00,1009.2,1009.2,1009.2,1009.2,1100,2560250
TATACHEM_F2,24-08-2023,09:57:00,1009.2,1009.2,1009.2,1009.2,2750,2560800
TATACHEM_F2,24-08-2023,09:58:00,1008.2,1008.2,1008.2,1008.2,550,2560800
TATACHEM_F2,24-08-2023,09:59:00,1009.0,1009.0,1009.0,1009.0,1100,2560800
TATACHEM_F2,24-08-2023,10:00:00,1008.25,1009.4,1008.25,1009.4,2200,2560800
TATACHEM_F2,24-08-2023,10:02:00,1009.0,1009.0,1008.4,1008.4,1650,2560800
TATACHEM_F2,24-08-2023,10:03:00,1008.65,1008.7,1008.65,1008.7,2200,2562450
TATACHEM_F2,24-08-2023,10:04:00,1008.7,1008.8,1008.7,1008.8,1100,2562450
TATACHEM_F2,24-08-2023,10:06:00,1008.8,1008.8,1008.8,1008.8,1100,2564100
TATACHEM_F2,24-08-2023,10:07:00,1008.4,1008.4,1008.4,1008.4,1650,2564100
TATACHEM_F2,24-08-2023,10:08:00,1008.35,1008.35,1008.0,1008.0,4950,2564100
TATACHEM_F2,24-08-2023,10:09:00,1007.15,1007.15,1007.15,1007.15,2750,2569600
TATACHEM_F2,24-08-2023,10:10:00,1007.6,1007.6,1007.3,1007.3,2200,2569600
TATACHEM_F2,24-08-2023,10:11:00,1007.4,1007.5,1007.4,1007.45,2200,2569600
TATACHEM_F2,24-08-2023,10:12:00,1007.7,1007.7,1007.3,1007.3,2200,2571800
TATACHEM_F2,24-08-2023,10:13:00,1007.1,1007.1,1007.1,1007.1,550,2571800
TATACHEM_F2,24-08-2023,10:14:00,1007.1,1007.1,1007.1,1007.1,9900,2571800
TATACHEM_F2,24-08-2023,10:17:00,1007.1,1007.1,1007.1,1007.1,3300,2582800
TATACHEM_F2,24-08-2023,10:18:00,1007.1,1007.1,1007.1,1007.1,550,2586100
TATACHEM_F2,24-08-2023,10:19:00,1008.9,1009.15,1008.85,1009.15,2750,2586100
TATACHEM_F2,24-08-2023,10:20:00,1009.0,1009.0,1009.0,1009.0,550,2586100
TATACHEM_F2,24-08-2023,10:21:00,1009.0,1009.0,1009.0,1009.0,1650,2586650
TATACHEM_F2,24-08-2023,10:22:00,1009.1,1009.1,1009.1,1009.1,550,2586650
TATACHEM_F2,24-08-2023,10:23:00,1009.1,1009.25,1009.1,1009.25,2750,2586650
TATACHEM_F2,24-08-2023,10:24:00,1009.5,1009.5,1009.25,1009.25,2200,2588850
TATACHEM_F2,24-08-2023,10:25:00,1009.25,1009.25,1009.25,1009.25,8800,2588850
TATACHEM_F2,24-08-2023,10:26:00,1009.35,1010.0,1009.35,1010.0,11550,2588850
TATACHEM_F2,24-08-2023,10:27:00,1009.55,1009.55,1009.55,1009.55,550,2606450
TATACHEM_F2,24-08-2023,10:28:00,1009.0,1009.0,1009.0,1009.0,1650,2606450
TATACHEM_F2,24-08-2023,10:29:00,1008.0,1009.0,1008.0,1009.0,2750,2606450
TATACHEM_F2,24-08-2023,10:30:00,1007.9,1008.7,1007.9,1008.7,1650,2608650
TATACHEM_F2,24-08-2023,10:32:00,1008.75,1008.75,1008.75,1008.75,1650,2609200
TATACHEM_F2,24-08-2023,10:33:00,1008.6,1008.6,1008.6,1008.6,1100,2609200
TATACHEM_F2,24-08-2023,10:35:00,1008.95,1008.95,1008.95,1008.95,550,2609200
TATACHEM_F2,24-08-2023,10:38:00,1008.95,1008.95,1008.95,1008.95,1100,2611400
TATACHEM_F2,24-08-2023,10:39:00,1008.45,1008.45,1008.45,1008.45,5500,2612500
TATACHEM_F2,24-08-2023,10:40:00,1008.55,1008.55,1008.5,1008.5,1650,2612500
TATACHEM_F2,24-08-2023,10:41:00,1008.95,1008.95,1008.95,1008.95,550,2612500
TATACHEM_F2,24-08-2023,10:42:00,1008.45,1008.45,1008.45,1008.45,1100,2619100
TATACHEM_F2,24-08-2023,10:43:00,1008.5,1008.95,1008.5,1008.95,1650,2619100
TATACHEM_F2,24-08-2023,10:45:00,1008.95,1008.95,1007.8,1007.8,2200,2619100
TATACHEM_F2,24-08-2023,10:46:00,1007.8,1008.2,1007.8,1008.2,1650,2619100
TATACHEM_F2,24-08-2023,10:47:00,1008.2,1008.2,1008.2,1008.2,550,2619100
TATACHEM_F2,24-08-2023,10:48:00,1008.2,1008.2,1008.2,1008.2,550,2623500
TATACHEM_F2,24-08-2023,10:49:00,1008.1,1008.1,1008.1,1008.1,1100,2623500
TATACHEM_F2,24-08-2023,10:50:00,1008.1,1008.1,1008.1,1008.1,550,2623500
TATACHEM_F2,24-08-2023,10:51:00,1007.7,1007.7,1007.7,1007.7,2200,2624600
TATACHEM_F2,24-08-2023,10:52:00,1007.45,1007.65,1007.45,1007.65,1650,2624600
TATACHEM_F2,24-08-2023,10:53:00,1007.4,1007.4,1007.4,1007.4,3300,2624600
TATACHEM_F2,24-08-2023,10:54:00,1007.2,1007.6,1007.0,1007.0,9350,2631750
TATACHEM_F2,24-08-2023,10:55:00,1006.75,1006.75,1006.75,1006.75,1100,2631750
TATACHEM_F2,24-08-2023,10:56:00,1006.7,1006.7,1006.05,1006.05,6600,2626800
TATACHEM_F2,24-08-2023,10:57:00,1004.5,1004.75,1004.1,1004.1,3850,2626800
TATACHEM_F2,24-08-2023,10:58:00,1004.0,1004.0,1004.0,1004.0,550,2626800
TATACHEM_F2,24-08-2023,10:59:00,1003.85,1003.85,1003.5,1003.5,2750,2626800
TATACHEM_F2,24-08-2023,11:00:00,1004.0,1004.0,1003.25,1003.25,1650,2630100
TATACHEM_F2,24-08-2023,11:01:00,1003.25,1003.25,1003.25,1003.25,550,2630100
TATACHEM_F2,24-08-2023,11:02:00,1004.5,1005.5,1004.5,1005.5,4400,2630100
TATACHEM_F2,24-08-2023,11:03:00,1005.5,1005.7,1005.45,1005.5,2200,2630650
TATACHEM_F2,24-08-2023,11:04:00,1005.8,1005.8,1005.8,1005.8,550,2630650
TATACHEM_F2,24-08-2023,11:07:00,1005.8,1006.1,1005.8,1006.1,1100,2632850
TATACHEM_F2,24-08-2023,11:08:00,1006.1,1006.1,1005.35,1005.75,1650,2632850
TATACHEM_F2,24-08-2023,11:09:00,1005.1,1005.2,1004.7,1004.7,5500,2634500
TATACHEM_F2,24-08-2023,11:10:00,1004.0,1004.0,1004.0,1004.0,550,2634500
TATACHEM_F2,24-08-2023,11:11:00,1004.5,1004.5,1004.5,1004.5,550,2634500
TATACHEM_F2,24-08-2023,11:13:00,1004.5,1004.5,1004.0,1004.0,1100,2639450
TATACHEM_F2,24-08-2023,11:17:00,1003.2,1003.2,1003.2,1003.2,2200,2640000
TATACHEM_F2,24-08-2023,11:18:00,1003.2,1003.9,1003.2,1003.9,1100,2641100
TATACHEM_F2,24-08-2023,11:19:00,1003.75,1003.75,1003.75,1003.75,1100,2641100
TATACHEM_F2,24-08-2023,11:20:00,1003.75,1003.75,1003.75,1003.75,550,2641100
TATACHEM_F2,24-08-2023,11:21:00,1003.15,1004.4,1002.6,1004.4,44000,2642750
TATACHEM_F2,24-08-2023,11:23:00,1003.65,1003.65,1003.65,1003.65,550,2642750
TATACHEM_F2,24-08-2023,11:24:00,1003.5,1003.5,1003.15,1003.15,1100,2669150
TATACHEM_F2,24-08-2023,11:27:00,1003.15,1003.45,1003.15,1003.45,1100,2669700
TATACHEM_F2,24-08-2023,11:31:00,1003.45,1003.45,1003.45,1003.45,550,2670250
TATACHEM_F2,24-08-2023,11:32:00,1004.0,1004.0,1004.0,1004.0,1100,2670250
TATACHEM_F2,24-08-2023,11:34:00,1003.4,1003.9,1003.4,1003.9,1100,2670800
TATACHEM_F2,24-08-2023,11:35:00,1004.0,1004.0,1003.4,1003.4,4950,2670800
TATACHEM_F2,24-08-2023,11:36:00,1003.55,1003.55,1003.4,1003.4,1650,2674650
TATACHEM_F2,24-08-2023,11:37:00,1003.4,1003.4,1003.0,1003.0,4950,2674650
TATACHEM_F2,24-08-2023,11:38:00,1003.15,1003.4,1003.15,1003.4,2750,2674650
TATACHEM_F2,24-08-2023,11:39:00,1003.3,1003.3,1002.95,1003.1,2200,2679600
TATACHEM_F2,24-08-2023,11:40:00,1003.2,1003.25,1003.2,1003.25,1100,2679600
TATACHEM_F2,24-08-2023,11:41:00,1003.5,1004.0,1003.5,1004.0,2750,2679600
TATACHEM_F2,24-08-2023,11:44:00,1004.0,1004.0,1004.0,1004.0,3300,2684000
TATACHEM_F2,24-08-2023,11:45:00,1004.05,1004.05,1004.05,1004.05,550,2687300
TATACHEM_F2,24-08-2023,11:47:00,1004.05,1004.85,1004.05,1004.85,1100,2687300
TATACHEM_F2,24-08-2023,11:48:00,1004.65,1004.65,1004.65,1004.65,550,2687300
TATACHEM_F2,24-08-2023,11:49:00,1005.5,1005.5,1005.5,1005.5,550,2688400
TATACHEM_F2,24-08-2023,11:50:00,1005.5,1005.5,1005.5,1005.5,550,2688400
TATACHEM_F2,24-08-2023,11:51:00,1005.5,1005.5,1005.5,1005.5,1100,2689500
TATACHEM_F2,24-08-2023,11:52:00,1006.5,1006.85,1006.5,1006.85,4950,2689500
TATACHEM_F2,24-08-2023,11:53:00,1006.45,1006.45,1006.35,1006.35,1650,2689500
TATACHEM_F2,24-08-2023,11:55:00,1006.1,1006.1,1006.1,1006.1,1100,2692800
TATACHEM_F2,24-08-2023,11:58:00,1006.35,1006.35,1006.35,1006.35,2750,2693350
TATACHEM_F2,24-08-2023,11:59:00,1006.35,1006.8,1006.35,1006.8,3850,2693350
TATACHEM_F2,24-08-2023,12:00:00,1006.8,1006.8,1006.8,1006.8,1100,2696100
TATACHEM_F2,24-08-2023,12:01:00,1006.8,1006.8,1006.8,1006.8,1650,2696100
TATACHEM_F2,24-08-2023,12:02:00,1006.8,1006.8,1006.8,1006.8,550,2696100
TATACHEM_F2,24-08-2023,12:03:00,1006.8,1006.8,1006.8,1006.8,550,2697200
TATACHEM_F2,24-08-2023,12:04:00,1006.55,1006.85,1006.55,1006.8,3850,2697200
TATACHEM_F2,24-08-2023,12:05:00,1006.8,1006.85,1006.8,1006.8,2200,2697200
TATACHEM_F2,24-08-2023,12:06:00,1006.5,1006.5,1006.5,1006.5,1100,2701600
TATACHEM_F2,24-08-2023,12:08:00,1006.9,1006.95,1006.9,1006.95,2750,2701600
TATACHEM_F2,24-08-2023,12:09:00,1006.95,1007.05,1006.95,1007.05,3850,2703800
TATACHEM_F2,24-08-2023,12:10:00,1007.2,1007.2,1006.65,1006.7,2750,2703800
TATACHEM_F2,24-08-2023,12:11:00,1007.1,1007.1,1007.1,1007.1,1100,2703800
TATACHEM_F2,24-08-2023,12:12:00,1007.0,1007.0,1007.0,1007.0,550,2703800
TATACHEM_F2,24-08-2023,12:13:00,1007.0,1007.0,1006.6,1006.7,5500,2706550
TATACHEM_F2,24-08-2023,12:14:00,1007.0,1008.0,1007.0,1008.0,3850,2706550
TATACHEM_F2,24-08-2023,12:15:00,1008.0,1008.15,1007.45,1007.45,2750,2707650
TATACHEM_F2,24-08-2023,12:16:00,1007.3,1007.6,1007.1,1007.6,3850,2707650
TATACHEM_F2,24-08-2023,12:17:00,1007.1,1007.1,1007.1,1007.1,2750,2707650
TATACHEM_F2,24-08-2023,12:18:00,1007.2,1007.25,1007.2,1007.25,1650,2710950
TATACHEM_F2,24-08-2023,12:19:00,1007.35,1008.2,1007.35,1008.2,1650,2710950
TATACHEM_F2,24-08-2023,12:21:00,1008.2,1008.2,1007.85,1007.85,1100,2712600
TATACHEM_F2,24-08-2023,12:22:00,1007.35,1008.0,1007.35,1008.0,4950,2712600
TATACHEM_F2,24-08-2023,12:24:00,1009.0,1009.0,1009.0,1009.0,550,2717000
TATACHEM_F2,24-08-2023,12:25:00,1009.0,1009.0,1009.0,1009.0,550,2717000
TATACHEM_F2,24-08-2023,12:28:00,1007.35,1007.35,1007.35,1007.35,550,2717550
TATACHEM_F2,24-08-2023,12:29:00,1007.35,1007.35,1007.35,1007.35,550,2717550
TATACHEM_F2,24-08-2023,12:30:00,1007.2,1007.2,1007.2,1007.2,550,2718100
TATACHEM_F2,24-08-2023,12:33:00,1008.0,1008.0,1008.0,1008.0,1100,2718650
TATACHEM_F2,24-08-2023,12:34:00,1009.0,1009.0,1009.0,1009.0,2200,2718650
TATACHEM_F2,24-08-2023,12:37:00,1008.5,1008.5,1008.1,1008.1,2750,2720300
TATACHEM_F2,24-08-2023,12:38:00,1008.1,1008.1,1008.1,1008.1,2200,2720300
TATACHEM_F2,24-08-2023,12:41:00,1009.1,1009.1,1009.1,1009.1,1100,2719750
TATACHEM_F2,24-08-2023,12:42:00,1009.1,1009.1,1009.1,1009.1,1650,2719750
TATACHEM_F2,24-08-2023,12:43:00,1009.5,1009.5,1009.5,1009.5,2750,2719750
TATACHEM_F2,24-08-2023,12:44:00,1009.5,1009.5,1009.5,1009.5,550,2720850
TATACHEM_F2,24-08-2023,12:45:00,1009.95,1010.0,1009.85,1009.9,7150,2722500
TATACHEM_F2,24-08-2023,12:46:00,1010.45,1010.45,1010.45,1010.45,550,2722500
TATACHEM_F2,24-08-2023,12:47:00,1010.3,1010.3,1009.45,1009.45,1650,2722500
TATACHEM_F2,24-08-2023,12:48:00,1009.45,1009.45,1009.45,1009.45,550,2721950
TATACHEM_F2,24-08-2023,12:49:00,1009.6,1009.6,1009.6,1009.6,550,2721950
TATACHEM_F2,24-08-2023,12:50:00,1009.95,1009.95,1009.95,1009.95,550,2721950
TATACHEM_F2,24-08-2023,12:52:00,1010.5,1010.5,1010.5,1010.5,4950,2722500
TATACHEM_F2,24-08-2023,12:53:00,1010.65,1010.7,1010.6,1010.7,6050,2722500
TATACHEM_F2,24-08-2023,12:54:00,1011.0,1011.25,1011.0,1011.25,1650,2725800
TATACHEM_F2,24-08-2023,12:55:00,1011.25,1011.25,1011.0,1011.0,6050,2725800
TATACHEM_F2,24-08-2023,12:56:00,1010.5,1010.5,1010.5,1010.5,550,2725800
TATACHEM_F2,24-08-2023,12:57:00,1010.7,1010.85,1010.7,1010.85,1100,2731300
TATACHEM_F2,24-08-2023,12:58:00,1011.3,1011.45,1011.0,1011.0,2750,2731300
TATACHEM_F2,24-08-2023,12:59:00,1011.0,1011.0,1011.0,1011.0,550,2731300
TATACHEM_F2,24-08-2023,13:00:00,1010.5,1010.5,1010.1,1010.1,1650,2733500
TATACHEM_F2,24-08-2023,13:02:00,1010.1,1010.1,1010.0,1010.0,1650,2733500
TATACHEM_F2,24-08-2023,13:03:00,1010.0,1010.0,1010.0,1010.0,1650,2732950
TATACHEM_F2,24-08-2023,13:04:00,1010.75,1011.25,1010.75,1011.25,2200,2732950
TATACHEM_F2,24-08-2023,13:05:00,1010.7,1010.7,1010.7,1010.7,1650,2732950
TATACHEM_F2,24-08-2023,13:06:00,1010.7,1011.8,1010.7,1011.8,5500,2736250
TATACHEM_F2,24-08-2023,13:07:00,1012.0,1012.0,1012.0,1012.0,1100,2736250
TATACHEM_F2,24-08-2023,13:08:00,1012.0,1012.3,1012.0,1012.3,2750,2736250
TATACHEM_F2,24-08-2023,13:09:00,1012.0,1012.25,1011.6,1011.6,2200,2736250
TATACHEM_F2,24-08-2023,13:10:00,1011.55,1011.55,1011.5,1011.5,2750,2738450
TATACHEM_F2,24-08-2023,13:12:00,1011.5,1011.5,1011.5,1011.5,550,2739550
TATACHEM_F2,24-08-2023,13:14:00,1011.95,1011.95,1011.7,1011.7,1650,2739550
TATACHEM_F2,24-08-2023,13:15:00,1012.0,1012.25,1011.95,1012.25,4400,2739550
TATACHEM_F2,24-08-2023,13:16:00,1012.25,1012.25,1012.25,1012.25,1650,2739550
TATACHEM_F2,24-08-2023,13:17:00,1012.25,1012.25,1012.25,1012.25,550,2739550
TATACHEM_F2,24-08-2023,13:18:00,1012.0,1012.0,1012.0,1012.0,1100,2737350
TATACHEM_F2,24-08-2023,13:19:00,1012.05,1012.05,1012.05,1012.05,1650,2737350
TATACHEM_F2,24-08-2023,13:20:00,1011.8,1011.8,1011.8,1011.8,3300,2737350
TATACHEM_F2,24-08-2023,13:21:00,1011.75,1011.75,1011.75,1011.75,550,2737350
TATACHEM_F2,24-08-2023,13:22:00,1012.1,1012.1,1012.1,1012.1,3850,2736250
TATACHEM_F2,24-08-2023,13:23:00,1012.1,1012.1,1012.1,1012.1,2200,2736250
TATACHEM_F2,24-08-2023,13:24:00,1011.0,1011.0,1011.0,1011.0,1650,2739000
TATACHEM_F2,24-08-2023,13:25:00,1010.85,1011.45,1010.85,1011.45,1100,2739000
TATACHEM_F2,24-08-2023,13:27:00,1011.15,1011.15,1011.15,1011.15,1100,2739000
TATACHEM_F2,24-08-2023,13:28:00,1011.0,1011.05,1011.0,1011.05,1650,2739000
TATACHEM_F2,24-08-2023,13:30:00,1011.05,1011.05,1011.05,1011.05,550,2740650
TATACHEM_F2,24-08-2023,13:31:00,1011.0,1011.0,1011.0,1011.0,1650,2740650
TATACHEM_F2,24-08-2023,13:32:00,1011.0,1011.0,1011.0,1011.0,550,2740650
TATACHEM_F2,24-08-2023,13:37:00,1010.05,1010.05,1009.4,1009.4,2200,2741750
TATACHEM_F2,24-08-2023,13:38:00,1009.35,1009.35,1009.35,1009.35,1100,2741750
TATACHEM_F2,24-08-2023,13:39:00,1009.35,1009.35,1009.35,1009.35,1100,2741750
TATACHEM_F2,24-08-2023,13:40:00,1009.35,1009.35,1009.35,1009.35,550,2742850
TATACHEM_F2,24-08-2023,13:41:00,1009.1,1009.1,1009.1,1009.1,1100,2742850
TATACHEM_F2,24-08-2023,13:42:00,1009.35,1009.35,1009.35,1009.35,3300,2744500
TATACHEM_F2,24-08-2023,13:43:00,1009.35,1009.35,1009.35,1009.35,2200,2744500
TATACHEM_F2,24-08-2023,13:44:00,1010.75,1010.75,1010.55,1010.55,1100,2744500
TATACHEM_F2,24-08-2023,13:46:00,1010.55,1010.55,1010.55,1010.55,550,2749450
TATACHEM_F2,24-08-2023,13:47:00,1010.35,1010.35,1010.35,1010.35,1100,2749450
TATACHEM_F2,24-08-2023,13:48:00,1010.0,1010.0,1010.0,1010.0,550,2750550
TATACHEM_F2,24-08-2023,13:49:00,1010.5,1010.5,1010.5,1010.5,550,2750550
TATACHEM_F2,24-08-2023,13:50:00,1010.0,1010.0,1010.0,1010.0,550,2750550
TATACHEM_F2,24-08-2023,13:52:00,1010.25,1010.25,1010.25,1010.25,1100,2750000
TATACHEM_F2,24-08-2023,13:53:00,1010.0,1010.0,1010.0,1010.0,550,2750000
TATACHEM_F2,24-08-2023,13:55:00,1010.3,1010.4,1010.3,1010.4,6050,2751100
TATACHEM_F2,24-08-2023,13:56:00,1010.4,1010.4,1009.85,1009.85,1650,2751100
TATACHEM_F2,24-08-2023,13:58:00,1010.4,1010.4,1010.4,1010.4,1100,2754400
TATACHEM_F2,24-08-2023,13:59:00,1010.45,1010.5,1010.45,1010.5,1650,2754400
TATACHEM_F2,24-08-2023,14:00:00,1010.3,1010.3,1010.3,1010.3,2200,2755500
TATACHEM_F2,24-08-2023,14:01:00,1010.25,1010.65,1010.25,1010.65,1100,2755500
TATACHEM_F2,24-08-2023,14:02:00,1010.65,1010.65,1010.65,1010.65,550,2755500
TATACHEM_F2,24-08-2023,14:03:00,1010.2,1010.2,1010.2,1010.2,2200,2755500
TATACHEM_F2,24-08-2023,14:05:00,1010.35,1010.35,1010.35,1010.35,1650,2758800
TATACHEM_F2,24-08-2023,14:06:00,1010.0,1010.0,1010.0,1010.0,1100,2758800
TATACHEM_F2,24-08-2023,14:09:00,1010.75,1010.75,1010.4,1010.4,1100,2759900
TATACHEM_F2,24-08-2023,14:10:00,1010.6,1010.6,1010.6,1010.6,1100,2759900
TATACHEM_F2,24-08-2023,14:12:00,1010.5,1011.0,1010.5,1011.0,4950,2760450
TATACHEM_F2,24-08-2023,14:13:00,1011.0,1011.0,1011.0,1011.0,550,2760450
TATACHEM_F2,24-08-2023,14:14:00,1011.85,1011.85,1011.05,1011.05,1100,2760450
TATACHEM_F2,24-08-2023,14:15:00,1011.2,1011.2,1011.2,1011.2,5500,2759900
TATACHEM_F2,24-08-2023,14:16:00,1011.0,1011.65,1010.7,1011.65,4400,2759900
TATACHEM_F2,24-08-2023,14:17:00,1011.9,1011.9,1011.9,1011.9,2200,2759900
TATACHEM_F2,24-08-2023,14:18:00,1012.25,1012.25,1012.25,1012.25,12650,2762650
TATACHEM_F2,24-08-2023,14:19:00,1011.9,1011.9,1011.9,1011.9,1100,2762650
TATACHEM_F2,24-08-2023,14:20:00,1012.0,1012.15,1012.0,1012.15,1100,2762650
TATACHEM_F2,24-08-2023,14:21:00,1012.15,1012.45,1012.15,1012.45,1100,2763750
TATACHEM_F2,24-08-2023,14:22:00,1012.45,1012.45,1011.25,1011.25,1100,2763750
TATACHEM_F2,24-08-2023,14:23:00,1011.05,1011.15,1011.05,1011.15,2750,2763750
TATACHEM_F2,24-08-2023,14:24:00,1011.0,1011.0,1011.0,1011.0,550,2763200
TATACHEM_F2,24-08-2023,14:26:00,1011.0,1011.0,1011.0,1011.0,550,2763200
TATACHEM_F2,24-08-2023,14:27:00,1011.0,1011.0,1010.95,1010.95,1650,2763200
TATACHEM_F2,24-08-2023,14:29:00,1010.95,1010.95,1010.95,1010.95,550,2763200
TATACHEM_F2,24-08-2023,14:33:00,1010.95,1010.95,1010.95,1010.95,2750,2765950
TATACHEM_F2,24-08-2023,14:34:00,1010.95,1010.95,1010.95,1010.95,3850,2765950
TATACHEM_F2,24-08-2023,14:35:00,1010.95,1010.95,1010.95,1010.95,1650,2765950
TATACHEM_F2,24-08-2023,14:36:00,1010.95,1010.95,1010.95,1010.95,2200,2773100
TATACHEM_F2,24-08-2023,14:37:00,1010.95,1011.0,1010.95,1011.0,8250,2773100
TATACHEM_F2,24-08-2023,14:38:00,1011.2,1011.2,1011.2,1011.2,550,2773100
TATACHEM_F2,24-08-2023,14:39:00,1011.2,1011.2,1011.2,1011.2,2200,2773100
TATACHEM_F2,24-08-2023,14:40:00,1012.5,1013.35,1012.5,1013.35,11550,2783550
TATACHEM_F2,24-08-2023,14:41:00,1013.65,1014.5,1013.0,1014.45,18150,2783550
TATACHEM_F2,24-08-2023,14:42:00,1013.85,1014.5,1013.5,1014.0,4400,2801150
TATACHEM_F2,24-08-2023,14:43:00,1014.55,1014.9,1014.0,1014.0,13200,2801150
TATACHEM_F2,24-08-2023,14:44:00,1014.65,1014.65,1014.65,1014.65,1650,2801150
TATACHEM_F2,24-08-2023,14:45:00,1014.05,1014.05,1014.05,1014.05,1100,2801150
TATACHEM_F2,24-08-2023,14:46:00,1014.05,1014.05,1014.05,1014.05,4400,2806100
TATACHEM_F2,24-08-2023,14:47:00,1013.2,1013.2,1012.8,1012.8,2750,2806100
TATACHEM_F2,24-08-2023,14:48:00,1013.0,1013.0,1012.95,1012.95,1100,2806100
TATACHEM_F2,24-08-2023,14:49:00,1012.7,1015.0,1012.45,1014.2,9350,2809950
TATACHEM_F2,24-08-2023,14:50:00,1014.5,1014.5,1014.5,1014.5,550,2809950
TATACHEM_F2,24-08-2023,14:51:00,1014.7,1014.7,1014.7,1014.7,550,2809950
TATACHEM_F2,24-08-2023,14:52:00,1013.5,1014.0,1013.3,1013.35,9350,2806100
TATACHEM_F2,24-08-2023,14:53:00,1013.75,1013.95,1013.75,1013.95,1100,2806100
TATACHEM_F2,24-08-2023,14:54:00,1014.0,1014.0,1014.0,1014.0,550,2806100
TATACHEM_F2,24-08-2023,14:55:00,1014.7,1015.0,1014.45,1014.45,4400,2806650
TATACHEM_F2,24-08-2023,14:56:00,1014.0,1014.0,1014.0,1014.0,1650,2806650
TATACHEM_F2,24-08-2023,14:58:00,1013.4,1013.4,1013.4,1013.4,550,2807200
TATACHEM_F2,24-08-2023,14:59:00,1013.45,1013.9,1013.45,1013.85,3300,2807200
TATACHEM_F2,24-08-2023,15:00:00,1014.0,1014.55,1013.3,1014.4,6600,2809400
TATACHEM_F2,24-08-2023,15:01:00,1013.7,1013.7,1013.45,1013.45,1100,2809400
TATACHEM_F2,24-08-2023,15:02:00,1013.55,1013.75,1012.95,1013.75,2200,2809400
TATACHEM_F2,24-08-2023,15:03:00,1012.6,1012.6,1012.6,1012.6,550,2809400
TATACHEM_F2,24-08-2023,15:04:00,1013.0,1013.4,1013.0,1013.4,2200,2809400
TATACHEM_F2,24-08-2023,15:06:00,1012.6,1013.0,1012.6,1012.8,2200,2810500
TATACHEM_F2,24-08-2023,15:08:00,1013.4,1013.4,1013.4,1013.4,550,2810500
TATACHEM_F2,24-08-2023,15:09:00,1013.0,1013.4,1013.0,1013.4,3300,2811600
TATACHEM_F2,24-08-2023,15:10:00,1013.4,1013.4,1013.25,1013.25,2750,2811600
TATACHEM_F2,24-08-2023,15:12:00,1013.25,1013.25,1013.25,1013.25,550,2811600
TATACHEM_F2,24-08-2023,15:13:00,1013.35,1013.35,1012.5,1012.5,8250,2813800
TATACHEM_F2,24-08-2023,15:14:00,1013.0,1013.0,1013.0,1013.0,1100,2813800
TATACHEM_F2,24-08-2023,15:15:00,1013.0,1013.0,1013.0,1013.0,550,2814350
TATACHEM_F2,24-08-2023,15:16:00,1013.3,1013.35,1013.3,1013.35,1650,2814350
TATACHEM_F2,24-08-2023,15:18:00,1013.0,1013.0,1012.6,1012.6,1100,2814900
TATACHEM_F2,24-08-2023,15:19:00,1013.3,1013.3,1013.3,1013.3,550,2814900
TATACHEM_F2,24-08-2023,15:20:00,1013.0,1013.0,1012.45,1012.45,2200,2814900
TATACHEM_F2,24-08-2023,15:22:00,1012.5,1012.5,1012.5,1012.5,1100,2816550
TATACHEM_F2,24-08-2023,15:23:00,1012.6,1012.6,1012.55,1012.55,1650,2816550
TATACHEM_F2,24-08-2023,15:24:00,1013.05,1013.05,1012.35,1013.0,17050,2818200
TATACHEM_F2,24-08-2023,15:25:00,1013.0,1013.0,1013.0,1013.0,2200,2818200
TATACHEM_F2,24-08-2023,15:26:00,1013.0,1013.0,1012.9,1012.9,5500,2818200
TATACHEM_F2,24-08-2023,15:27:00,1011.6,1011.6,1011.6,1011.6,4950,2835250
TATACHEM_F2,24-08-2023,15:28:00,1012.35,1012.35,1012.15,1012.15,2200,2835250
TATACHEM_F2,24-08-2023,15:29:00,1012.15,1013.5,1012.0,1012.0,6600,2835250
TATACHEM_F2,25-08-2023,09:15:00,1019.0,1019.0,1012.25,1014.0,3303,2835250
TATACHEM_F2,25-08-2023,09:16:00,1014.45,1014.45,1013.75,1013.75,2200,2835250
TATACHEM_F2,25-08-2023,09:17:00,1012.55,1012.55,1011.1,1011.1,3300,2838000
TATACHEM_F2,25-08-2023,09:18:00,1013.25,1013.25,1013.15,1013.15,2200,2838000
TATACHEM_F2,25-08-2023,09:19:00,1013.15,1013.15,1013.0,1013.0,8250,2838000
TATACHEM_F2,25-08-2023,09:20:00,1013.05,1013.05,1011.2,1011.2,9350,2841300
TATACHEM_F2,25-08-2023,09:21:00,1011.0,1011.0,1008.55,1009.0,7150,2841300
TATACHEM_F2,25-08-2023,09:22:00,1007.9,1007.9,1006.8,1007.9,7150,2841300
TATACHEM_F2,25-08-2023,09:23:00,1008.9,1009.9,1008.9,1009.9,17050,2845700
TATACHEM_F2,25-08-2023,09:24:00,1010.0,1012.85,1010.0,1010.05,7150,2845700
TATACHEM_F2,25-08-2023,09:25:00,1011.3,1012.75,1011.0,1011.0,6050,2845700
TATACHEM_F2,25-08-2023,09:26:00,1010.15,1011.5,1010.05,1010.3,3300,2858900
TATACHEM_F2,25-08-2023,09:28:00,1011.5,1011.5,1011.5,1011.5,1650,2858900
TATACHEM_F2,25-08-2023,09:29:00,1011.9,1011.9,1011.9,1011.9,5500,2858350
TATACHEM_F2,25-08-2023,09:30:00,1011.9,1012.05,1009.0,1009.0,11550,2858350
TATACHEM_F2,25-08-2023,09:31:00,1007.35,1007.5,1006.05,1007.35,6600,2858350
TATACHEM_F2,25-08-2023,09:32:00,1007.5,1007.5,1007.5,1007.5,550,2858350
TATACHEM_F2,25-08-2023,09:33:00,1008.1,1008.1,1008.0,1008.0,1100,2864400
TATACHEM_F2,25-08-2023,09:34:00,1007.5,1007.5,1006.85,1006.9,8800,2864400
TATACHEM_F2,25-08-2023,09:35:00,1007.85,1007.85,1007.85,1007.85,1650,2864400
TATACHEM_F2,25-08-2023,09:36:00,1007.8,1008.45,1007.8,1008.45,1100,2869900
TATACHEM_F2,25-08-2023,09:37:00,1009.1,1009.55,1009.1,1009.55,2750,2869900
TATACHEM_F2,25-08-2023,09:38:00,1008.8,1008.8,1008.0,1008.0,3300,2873750
TATACHEM_F2,25-08-2023,09:39:00,1008.0,1008.3,1008.0,1008.3,2200,2873750
TATACHEM_F2,25-08-2023,09:40:00,1009.7,1009.7,1009.7,1009.7,550,2873750
TATACHEM_F2,25-08-2023,09:41:00,1009.7,1009.75,1009.65,1009.75,3300,2877050
TATACHEM_F2,25-08-2023,09:42:00,1009.5,1009.5,1008.2,1008.3,6050,2877050
TATACHEM_F2,25-08-2023,09:43:00,1008.3,1008.3,1008.2,1008.2,2750,2877050
TATACHEM_F2,25-08-2023,09:44:00,1007.5,1007.5,1007.0,1007.0,7150,2883100
TATACHEM_F2,25-08-2023,09:45:00,1007.6,1007.6,1007.6,1007.6,4950,2883100
TATACHEM_F2,25-08-2023,09:46:00,1008.4,1008.4,1008.4,1008.4,3850,2883100
TATACHEM_F2,25-08-2023,09:47:00,1008.4,1008.65,1008.4,1008.65,1100,2884750
TATACHEM_F2,25-08-2023,09:48:00,1008.4,1008.4,1007.55,1007.55,2200,2884750
TATACHEM_F2,25-08-2023,09:49:00,1009.0,1009.0,1008.5,1008.5,12650,2884750
TATACHEM_F2,25-08-2023,09:50:00,1008.5,1008.5,1006.55,1006.95,14850,2894100
TATACHEM_F2,25-08-2023,09:51:00,1007.0,1007.0,1006.55,1006.55,7150,2894100
TATACHEM_F2,25-08-2023,09:52:00,1006.25,1006.25,1006.25,1006.25,1650,2894100
TATACHEM_F2,25-08-2023,09:53:00,1007.35,1007.8,1007.35,1007.8,2200,2900700
TATACHEM_F2,25-08-2023,09:54:00,1008.25,1008.25,1008.25,1008.25,550,2900700
TATACHEM_F2,25-08-2023,09:55:00,1009.0,1009.0,1009.0,1009.0,1650,2900700
TATACHEM_F2,25-08-2023,09:56:00,1008.95,1008.95,1008.95,1008.95,550,2900700
TATACHEM_F2,25-08-2023,09:57:00,1008.95,1008.95,1008.95,1008.95,1100,2903450
TATACHEM_F2,25-08-2023,09:58:00,1009.45,1009.45,1009.45,1009.45,1100,2903450
TATACHEM_F2,25-08-2023,09:59:00,1009.8,1009.8,1009.8,1009.8,1100,2905650
TATACHEM_F2,25-08-2023,10:00:00,1010.45,1010.45,1010.45,1010.45,1100,2905650
TATACHEM_F2,25-08-2023,10:01:00,1010.0,1010.0,1010.0,1010.0,2200,2905650
TATACHEM_F2,25-08-2023,10:02:00,1010.0,1010.0,1010.0,1010.0,550,2905650
TATACHEM_F2,25-08-2023,10:03:00,1010.05,1010.05,1009.35,1009.35,3850,2907850
TATACHEM_F2,25-08-2023,10:05:00,1009.55,1009.55,1008.45,1009.5,4400,2909500
TATACHEM_F2,25-08-2023,10:06:00,1009.45,1009.6,1009.15,1009.15,7150,2909500
TATACHEM_F2,25-08-2023,10:07:00,1008.55,1008.55,1008.55,1008.55,550,2909500
TATACHEM_F2,25-08-2023,10:08:00,1008.55,1008.55,1008.55,1008.55,1650,2909500
TATACHEM_F2,25-08-2023,10:09:00,1008.55,1009.35,1008.55,1009.35,2200,2918300
TATACHEM_F2,25-08-2023,10:10:00,1009.35,1009.5,1009.0,1009.0,2750,2918300
TATACHEM_F2,25-08-2023,10:11:00,1007.95,1007.95,1007.05,1007.05,1650,2922150
TATACHEM_F2,25-08-2023,10:12:00,1007.3,1007.3,1007.05,1007.05,2200,2922150
TATACHEM_F2,25-08-2023,10:13:00,1007.05,1007.95,1007.0,1007.95,2200,2922150
TATACHEM_F2,25-08-2023,10:14:00,1007.95,1007.95,1007.95,1007.95,550,2922150
TATACHEM_F2,25-08-2023,10:15:00,1007.55,1007.55,1006.5,1006.5,6050,2925450
TATACHEM_F2,25-08-2023,10:16:00,1006.75,1006.75,1006.55,1006.55,4950,2925450
TATACHEM_F2,25-08-2023,10:17:00,1006.3,1006.3,1006.3,1006.3,1650,2925450
TATACHEM_F2,25-08-2023,10:18:00,1006.0,1006.0,1005.8,1005.95,8800,2931500
TATACHEM_F2,25-08-2023,10:19:00,1005.2,1005.2,1002.95,1003.95,19250,2931500
TATACHEM_F2,25-08-2023,10:20:00,1003.7,1003.8,1002.5,1003.0,16500,2953500
TATACHEM_F2,25-08-2023,10:21:00,1003.0,1004.95,1003.0,1004.95,8800,2953500
TATACHEM_F2,25-08-2023,10:22:00,1004.85,1005.95,1004.85,1005.95,5500,2953500
TATACHEM_F2,25-08-2023,10:23:00,1006.0,1006.95,1006.0,1006.95,2200,2959550
TATACHEM_F2,25-08-2023,10:24:00,1006.7,1006.7,1006.7,1006.7,1650,2959550
TATACHEM_F2,25-08-2023,10:25:00,1005.35,1005.35,1005.0,1005.0,3300,2959550
TATACHEM_F2,25-08-2023,10:26:00,1005.0,1005.0,1003.65,1003.65,4400,2962850
TATACHEM_F2,25-08-2023,10:27:00,1003.65,1005.4,1003.65,1004.5,19250,2962850
TATACHEM_F2,25-08-2023,10:28:00,1004.2,1004.7,1004.15,1004.15,4400,2962850
TATACHEM_F2,25-08-2023,10:29:00,1004.1,1004.1,1003.95,1003.95,2750,2971100
TATACHEM_F2,25-08-2023,10:30:00,1003.65,1003.65,1002.0,1002.0,4400,2971100
TATACHEM_F2,25-08-2023,10:31:00,1001.7,1001.7,1001.15,1001.6,2750,2971100
TATACHEM_F2,25-08-2023,10:32:00,1001.55,1001.55,999.3,999.3,18150,2975500
TATACHEM_F2,25-08-2023,10:33:00,999.0,999.45,999.0,999.45,4400,2975500
TATACHEM_F2,25-08-2023,10:34:00,999.05,999.05,997.7,999.0,7150,2975500
TATACHEM_F2,25-08-2023,10:35:00,1000.0,1000.45,999.0,1000.0,9350,2987600
TATACHEM_F2,25-08-2023,10:36:00,999.85,999.95,999.85,999.95,2200,2987600
TATACHEM_F2,25-08-2023,10:37:00,999.95,1000.45,999.95,1000.45,2750,2987600
TATACHEM_F2,25-08-2023,10:38:00,1000.6,1000.6,1000.6,1000.6,550,2990900
TATACHEM_F2,25-08-2023,10:39:00,1000.6,1000.7,1000.6,1000.7,3850,2990900
TATACHEM_F2,25-08-2023,10:40:00,1000.7,1000.7,1000.7,1000.7,550,2990900
TATACHEM_F2,25-08-2023,10:41:00,1000.9,1001.45,1000.9,1001.45,7700,2999700
TATACHEM_F2,25-08-2023,10:42:00,1001.45,1003.05,1001.45,1003.05,2750,2999700
TATACHEM_F2,25-08-2023,10:43:00,1003.05,1003.05,1002.5,1003.0,2200,2999700
TATACHEM_F2,25-08-2023,10:44:00,1002.95,1002.95,1002.25,1002.5,3850,3005750
TATACHEM_F2,25-08-2023,10:45:00,1000.55,1000.85,1000.55,1000.85,3850,3005750
TATACHEM_F2,25-08-2023,10:46:00,1000.85,1000.85,1000.0,1000.0,3300,3005750
TATACHEM_F2,25-08-2023,10:47:00,1000.0,1000.0,1000.0,1000.0,1650,3005200
TATACHEM_F2,25-08-2023,10:49:00,1000.0,1000.1,1000.0,1000.1,4400,3005200
TATACHEM_F2,25-08-2023,10:50:00,1000.45,1000.45,999.8,999.8,3300,3009050
TATACHEM_F2,25-08-2023,10:51:00,1000.15,1000.25,1000.15,1000.25,2200,3009050
TATACHEM_F2,25-08-2023,10:52:00,1000.65,1000.65,1000.0,1000.0,1650,3009050
TATACHEM_F2,25-08-2023,10:53:00,1000.0,1000.0,1000.0,1000.0,550,3012350
TATACHEM_F2,25-08-2023,10:54:00,1000.65,1000.9,1000.65,1000.9,3300,3012350
TATACHEM_F2,25-08-2023,10:55:00,1000.95,1000.95,999.9,999.9,5500,3012350
TATACHEM_F2,25-08-2023,10:56:00,999.9,999.9,999.9,999.9,1100,3012350
TATACHEM_F2,25-08-2023,10:57:00,999.9,999.9,999.9,999.9,1100,3019500
TATACHEM_F2,25-08-2023,10:58:00,1000.5,1000.5,999.3,999.3,1650,3019500
TATACHEM_F2,25-08-2023,10:59:00,999.3,999.3,999.0,999.0,4400,3024450
TATACHEM_F2,25-08-2023,11:00:00,999.0,999.0,999.0,999.0,2200,3024450
TATACHEM_F2,25-08-2023,11:01:00,999.0,999.0,997.65,998.5,6050,3024450
TATACHEM_F2,25-08-2023,11:02:00,997.85,998.5,997.85,998.5,6600,3028850
TATACHEM_F2,25-08-2023,11:03:00,998.55,998.95,998.55,998.95,2750,3028850
TATACHEM_F2,25-08-2023,11:04:00,999.0,999.4,998.85,998.85,6050,3028850
TATACHEM_F2,25-08-2023,11:05:00,999.5,999.6,999.5,999.6,4400,3040400
TATACHEM_F2,25-08-2023,11:06:00,999.6,999.6,999.6,999.6,2750,3040400
TATACHEM_F2,25-08-2023,11:07:00,999.6,999.6,999.6,999.6,1100,3040400
TATACHEM_F2,25-08-2023,11:08:00,1000.9,1000.9,1000.9,1000.9,1100,3042600
TATACHEM_F2,25-08-2023,11:09:00,1000.9,1000.9,1000.9,1000.9,1650,3042600
TATACHEM_F2,25-08-2023,11:10:00,1000.9,1001.0,1000.5,1001.0,3850,3042600
TATACHEM_F2,25-08-2023,11:11:00,1000.75,1000.75,1000.75,1000.75,1100,3045900
TATACHEM_F2,25-08-2023,11:12:00,1001.1,1001.1,1001.1,1001.1,1100,3045900
TATACHEM_F2,25-08-2023,11:13:00,1001.1,1001.1,1000.5,1000.5,2200,3045900
TATACHEM_F2,25-08-2023,11:14:00,1000.5,1000.5,1000.5,1000.5,550,3048650
TATACHEM_F2,25-08-2023,11:15:00,1000.05,1000.05,999.85,999.85,2750,3048650
TATACHEM_F2,25-08-2023,11:16:00,999.85,999.85,999.5,999.5,6050,3048650
TATACHEM_F2,25-08-2023,11:17:00,999.6,999.7,999.5,999.5,4950,3060200
TATACHEM_F2,25-08-2023,11:18:00,999.5,999.5,999.5,999.5,2750,3060200
TATACHEM_F2,25-08-2023,11:19:00,999.8,999.8,999.8,999.8,550,3060200
TATACHEM_F2,25-08-2023,11:20:00,999.8,1001.25,999.8,1001.25,6600,3062400
TATACHEM_F2,25-08-2023,11:21:00,1003.45,1003.45,1003.45,1003.45,2200,3062400
TATACHEM_F2,25-08-2023,11:22:00,1003.55,1005.5,1003.55,1004.95,13200,3062400
TATACHEM_F2,25-08-2023,11:23:00,1004.5,1004.5,1003.0,1003.15,3850,3073950
TATACHEM_F2,25-08-2023,11:24:00,1003.15,1003.15,1003.15,1003.15,550,3073950
TATACHEM_F2,25-08-2023,11:25:00,1003.6,1003.6,1003.6,1003.6,2200,3073950
TATACHEM_F2,25-08-2023,11:26:00,1003.65,1003.65,1003.65,1003.65,1650,3073950
TATACHEM_F2,25-08-2023,11:27:00,1004.1,1004.1,1004.0,1004.0,1100,3077250
TATACHEM_F2,25-08-2023,11:28:00,1004.0,1004.0,1004.0,1004.0,1100,3077250
TATACHEM_F2,25-08-2023,11:29:00,1003.75,1003.75,1003.75,1003.75,550,3077250
TATACHEM_F2,25-08-2023,11:30:00,1003.75,1003.75,1003.35,1003.35,6600,3077800
TATACHEM_F2,25-08-2023,11:31:00,1003.1,1003.1,1003.1,1003.1,2750,3077800
TATACHEM_F2,25-08-2023,11:32:00,1001.25,1001.25,1001.25,1001.25,4400,3077800
TATACHEM_F2,25-08-2023,11:33:00,1001.6,1002.3,1001.6,1002.3,2200,3085500
TATACHEM_F2,25-08-2023,11:34:00,1002.3,1002.3,1002.3,1002.3,550,3085500
TATACHEM_F2,25-08-2023,11:35:00,1002.3,1002.3,1001.2,1001.2,1100,3087150
TATACHEM_F2,25-08-2023,11:36:00,1001.2,1001.2,1001.2,1001.2,550,3087150
TATACHEM_F2,25-08-2023,11:37:00,1001.5,1001.8,1001.5,1001.8,2200,3087150
TATACHEM_F2,25-08-2023,11:38:00,1001.8,1001.8,1001.5,1001.5,4400,3087150
TATACHEM_F2,25-08-2023,11:39:00,1001.45,1001.45,1001.45,1001.45,3300,3087700
TATACHEM_F2,25-08-2023,11:40:00,1001.45,1002.35,1001.45,1002.25,2750,3087700
TATACHEM_F2,25-08-2023,11:41:00,1002.25,1002.25,1002.25,1002.25,550,3087700
TATACHEM_F2,25-08-2023,11:43:00,1003.0,1003.8,1003.0,1003.8,4950,3087150
TATACHEM_F2,25-08-2023,11:44:00,1004.2,1004.5,1004.2,1004.5,4400,3089350
TATACHEM_F2,25-08-2023,11:45:00,1004.5,1004.5,1004.4,1004.4,5500,3089350
TATACHEM_F2,25-08-2023,11:46:00,1004.8,1004.8,1004.8,1004.8,6600,3089350
TATACHEM_F2,25-08-2023,11:47:00,1004.8,1004.8,1003.7,1004.4,2200,3098150
TATACHEM_F2,25-08-2023,11:48:00,1004.4,1004.4,1004.3,1004.3,1100,3098150
TATACHEM_F2,25-08-2023,11:49:00,1004.3,1004.3,1004.15,1004.15,3300,3098150
TATACHEM_F2,25-08-2023,11:50:00,1004.15,1004.3,1004.15,1004.3,2750,3100900
TATACHEM_F2,25-08-2023,11:51:00,1004.3,1004.3,1004.3,1004.3,2200,3100900
TATACHEM_F2,25-08-2023,11:53:00,1004.0,1004.0,1004.0,1004.0,550,3100900
TATACHEM_F2,25-08-2023,11:54:00,1003.75,1003.75,1003.75,1003.75,2750,3104200
TATACHEM_F2,25-08-2023,11:55:00,1003.75,1003.75,1003.75,1003.75,550,3104200
TATACHEM_F2,25-08-2023,11:56:00,1003.75,1003.75,1003.75,1003.75,1100,3105850
TATACHEM_F2,25-08-2023,11:57:00,1003.75,1003.75,1003.75,1003.75,1100,3105850
TATACHEM_F2,25-08-2023,11:58:00,1003.15,1003.15,1003.15,1003.15,1100,3105850
TATACHEM_F2,25-08-2023,11:59:00,1003.3,1003.3,1003.3,1003.3,2200,3109150
TATACHEM_F2,25-08-2023,12:00:00,1003.0,1003.0,1003.0,1003.0,1650,3109150
TATACHEM_F2,25-08-2023,12:01:00,1002.95,1003.0,1002.45,1002.45,4400,3109150
TATACHEM_F2,25-08-2023,12:02:00,1002.5,1002.95,1002.3,1002.85,3300,3116850
TATACHEM_F2,25-08-2023,12:03:00,1002.95,1003.15,1002.85,1003.15,2200,3116850
TATACHEM_F2,25-08-2023,12:04:00,1002.0,1003.0,1002.0,1003.0,9350,3116850
TATACHEM_F2,25-08-2023,12:05:00,1003.0,1003.0,1003.0,1003.0,1100,3116850
TATACHEM_F2,25-08-2023,12:06:00,1002.15,1002.15,1001.95,1002.05,3300,3125650
TATACHEM_F2,25-08-2023,12:07:00,1002.05,1002.7,1002.05,1002.7,2200,3125650
TATACHEM_F2,25-08-2023,12:08:00,1002.25,1002.25,1002.25,1002.25,3850,3126750
TATACHEM_F2,25-08-2023,12:09:00,1002.25,1002.25,1002.25,1002.25,3300,3126750
TATACHEM_F2,25-08-2023,12:10:00,1001.65,1001.65,1001.65,1001.65,1650,3126750
TATACHEM_F2,25-08-2023,12:11:00,1001.65,1002.2,1001.65,1002.2,1650,3127300
TATACHEM_F2,25-08-2023,12:12:00,1002.2,1002.9,1002.2,1002.9,1650,3127300
TATACHEM_F2,25-08-2023,12:13:00,1002.9,1003.05,1002.9,1003.05,12100,3127300
TATACHEM_F2,25-08-2023,12:14:00,1004.0,1004.0,1004.0,1004.0,11000,3127300
TATACHEM_F2,25-08-2023,12:15:00,1004.0,1004.0,1004.0,1004.0,550,3127300
TATACHEM_F2,25-08-2023,12:16:00,1004.0,1004.0,1004.0,1004.0,4400,3142150
TATACHEM_F2,25-08-2023,12:17:00,1004.0,1004.0,1004.0,1004.0,550,3142150
TATACHEM_F2,25-08-2023,12:18:00,1004.0,1004.0,1004.0,1004.0,1100,3142700
TATACHEM_F2,25-08-2023,12:19:00,1004.0,1004.2,1003.5,1004.2,2200,3142700
TATACHEM_F2,25-08-2023,12:20:00,1004.2,1004.2,1004.2,1004.2,1650,3142700
TATACHEM_F2,25-08-2023,12:21:00,1005.2,1005.2,1005.2,1005.2,550,3144350
TATACHEM_F2,25-08-2023,12:22:00,1005.3,1007.55,1005.3,1007.55,8250,3144350
TATACHEM_F2,25-08-2023,12:23:00,1007.25,1007.6,1006.75,1006.75,3300,3144350
TATACHEM_F2,25-08-2023,12:24:00,1007.0,1007.0,1006.25,1006.55,3300,3147650
TATACHEM_F2,25-08-2023,12:25:00,1007.0,1008.0,1007.0,1008.0,3850,3147650
TATACHEM_F2,25-08-2023,12:26:00,1008.05,1008.35,1007.5,1007.5,5500,3151500
TATACHEM_F2,25-08-2023,12:27:00,1007.45,1007.45,1007.0,1007.0,1650,3151500
TATACHEM_F2,25-08-2023,12:28:00,1007.0,1007.0,1006.7,1006.7,1650,3151500
TATACHEM_F2,25-08-2023,12:29:00,1006.7,1006.7,1006.0,1006.0,3850,3154250
TATACHEM_F2,25-08-2023,12:30:00,1005.35,1005.35,1005.35,1005.35,2750,3154250
TATACHEM_F2,25-08-2023,12:32:00,1005.35,1005.85,1005.35,1005.85,4400,3153150
TATACHEM_F2,25-08-2023,12:33:00,1006.75,1006.75,1006.75,1006.75,2750,3153150
TATACHEM_F2,25-08-2023,12:35:00,1006.55,1006.55,1006.55,1006.55,1100,3153150
TATACHEM_F2,25-08-2023,12:36:00,1006.55,1006.55,1006.55,1006.55,550,3155350
TATACHEM_F2,25-08-2023,12:37:00,1006.0,1006.0,1005.55,1005.55,4950,3155350
TATACHEM_F2,25-08-2023,12:39:00,1005.7,1005.7,1005.7,1005.7,1650,3158650
TATACHEM_F2,25-08-2023,12:40:00,1005.7,1005.7,1005.7,1005.7,550,3158650
TATACHEM_F2,25-08-2023,12:41:00,1005.5,1005.65,1004.95,1005.1,5500,3158650
TATACHEM_F2,25-08-2023,12:42:00,1005.05,1005.25,1004.55,1004.55,7150,3163050
TATACHEM_F2,25-08-2023,12:43:00,1004.55,1005.0,1004.5,1005.0,3300,3163050
TATACHEM_F2,25-08-2023,12:44:00,1004.2,1004.2,1004.2,1004.2,1100,3163050
TATACHEM_F2,25-08-2023,12:45:00,1004.2,1004.2,1004.2,1004.2,550,3166900
TATACHEM_F2,25-08-2023,12:46:00,1004.2,1004.2,1004.2,1004.2,550,3166900
TATACHEM_F2,25-08-2023,12:47:00,1004.2,1004.2,1004.2,1004.2,550,3166900
TATACHEM_F2,25-08-2023,12:48:00,1005.7,1005.7,1005.3,1005.5,4950,3166900
TATACHEM_F2,25-08-2023,12:49:00,1005.5,1005.5,1005.5,1005.5,1650,3166900
TATACHEM_F2,25-08-2023,12:50:00,1005.5,1006.0,1005.5,1006.0,7150,3166900
TATACHEM_F2,25-08-2023,12:51:00,1006.0,1006.3,1005.3,1005.3,4950,3174050
TATACHEM_F2,25-08-2023,12:52:00,1005.1,1005.1,1005.1,1005.1,550,3174050
TATACHEM_F2,25-08-2023,12:53:00,1005.1,1005.1,1005.0,1005.0,1100,3174050
TATACHEM_F2,25-08-2023,12:54:00,1004.35,1004.35,1004.35,1004.35,3300,3180100
TATACHEM_F2,25-08-2023,12:55:00,1006.4,1006.75,1006.4,1006.75,2750,3180100
TATACHEM_F2,25-08-2023,12:56:00,1006.75,1006.75,1006.7,1006.7,1650,3180100
TATACHEM_F2,25-08-2023,12:57:00,1005.4,1005.4,1005.4,1005.4,550,3183950
TATACHEM_F2,25-08-2023,12:58:00,1005.9,1005.9,1005.15,1005.15,14300,3183950
TATACHEM_F2,25-08-2023,12:59:00,1005.15,1005.15,1005.15,1005.15,2200,3183950
TATACHEM_F2,25-08-2023,13:00:00,1005.0,1005.05,1005.0,1005.05,2200,3191100
TATACHEM_F2,25-08-2023,13:01:00,1005.3,1005.8,1005.3,1005.8,1100,3191100
TATACHEM_F2,25-08-2023,13:02:00,1005.25,1005.8,1004.7,1005.8,20350,3191100
TATACHEM_F2,25-08-2023,13:03:00,1005.8,1005.8,1004.6,1004.6,8800,3206500
TATACHEM_F2,25-08-2023,13:04:00,1004.6,1004.6,1004.6,1004.6,1650,3206500
TATACHEM_F2,25-08-2023,13:05:00,1004.6,1004.6,1004.5,1004.5,1100,3206500
TATACHEM_F2,25-08-2023,13:06:00,1004.8,1004.8,1004.8,1004.8,1100,3215300
TATACHEM_F2,25-08-2023,13:08:00,1004.8,1005.45,1004.8,1005.45,2750,3215300
TATACHEM_F2,25-08-2023,13:09:00,1005.45,1005.45,1004.95,1005.0,3300,3217500
TATACHEM_F2,25-08-2023,13:10:00,1005.0,1005.0,1005.0,1005.0,1650,3217500
TATACHEM_F2,25-08-2023,13:11:00,1005.0,1005.0,1005.0,1005.0,1100,3217500
TATACHEM_F2,25-08-2023,13:12:00,1005.85,1005.95,1005.85,1005.95,4950,3220800
TATACHEM_F2,25-08-2023,13:13:00,1005.95,1005.95,1005.95,1005.95,1650,3220800
TATACHEM_F2,25-08-2023,13:14:00,1006.15,1006.15,1006.15,1006.15,1650,3223550
TATACHEM_F2,25-08-2023,13:15:00,1006.5,1006.5,1006.5,1006.5,1650,3223550
TATACHEM_F2,25-08-2023,13:16:00,1006.5,1006.5,1006.5,1006.5,550,3223550
TATACHEM_F2,25-08-2023,13:17:00,1006.95,1006.95,1006.95,1006.95,550,3223550
TATACHEM_F2,25-08-2023,13:18:00,1006.95,1007.4,1006.95,1007.4,3300,3225200
TATACHEM_F2,25-08-2023,13:19:00,1007.4,1007.4,1007.4,1007.4,4400,3225200
TATACHEM_F2,25-08-2023,13:20:00,1007.4,1007.4,1007.4,1007.4,1100,3225200
TATACHEM_F2,25-08-2023,13:21:00,1007.4,1007.4,1007.0,1007.0,1100,3226850
TATACHEM_F2,25-08-2023,13:22:00,1007.45,1007.45,1007.45,1007.45,3850,3226850
TATACHEM_F2,25-08-2023,13:23:00,1007.45,1007.45,1007.0,1007.0,1650,3226850
TATACHEM_F2,25-08-2023,13:24:00,1007.4,1007.4,1007.4,1007.4,1650,3231250
TATACHEM_F2,25-08-2023,13:25:00,1007.55,1007.55,1007.55,1007.55,1650,3231250
TATACHEM_F2,25-08-2023,13:26:00,1007.55,1007.55,1007.35,1007.35,1100,3231250
TATACHEM_F2,25-08-2023,13:27:00,1007.75,1007.75,1007.6,1007.6,1650,3234550
TATACHEM_F2,25-08-2023,13:28:00,1007.6,1007.6,1007.6,1007.6,1100,3234550
TATACHEM_F2,25-08-2023,13:29:00,1007.8,1007.8,1007.8,1007.8,1650,3234550
TATACHEM_F2,25-08-2023,13:30:00,1007.85,1007.95,1007.2,1007.2,3850,3236200
TATACHEM_F2,25-08-2023,13:31:00,1007.2,1008.0,1007.2,1007.65,5500,3236200
TATACHEM_F2,25-08-2023,13:32:00,1007.65,1007.65,1007.65,1007.65,2200,3236200
TATACHEM_F2,25-08-2023,13:33:00,1008.2,1008.2,1008.2,1008.2,1100,3237850
TATACHEM_F2,25-08-2023,13:34:00,1008.15,1008.15,1007.65,1007.65,2200,3237850
TATACHEM_F2,25-08-2023,13:36:00,1007.65,1007.65,1007.65,1007.65,550,3240050
TATACHEM_F2,25-08-2023,13:37:00,1007.65,1007.65,1007.65,1007.65,1100,3240050
TATACHEM_F2,25-08-2023,13:38:00,1008.5,1008.5,1008.5,1008.5,4400,3240050
TATACHEM_F2,25-08-2023,13:39:00,1008.15,1008.15,1008.05,1008.05,3300,3239500
TATACHEM_F2,25-08-2023,13:40:00,1007.75,1007.75,1007.75,1007.75,2750,3239500
TATACHEM_F2,25-08-2023,13:41:00,1007.7,1008.0,1007.7,1008.0,3850,3239500
TATACHEM_F2,25-08-2023,13:42:00,1008.0,1008.0,1008.0,1008.0,1100,3237850
TATACHEM_F2,25-08-2023,13:43:00,1008.0,1008.2,1008.0,1008.2,2200,3237850
TATACHEM_F2,25-08-2023,13:44:00,1008.35,1008.35,1008.35,1008.35,1100,3237850
TATACHEM_F2,25-08-2023,13:45:00,1008.0,1008.0,1008.0,1008.0,1650,3237300
TATACHEM_F2,25-08-2023,13:46:00,1008.0,1008.0,1008.0,1008.0,1100,3237300
TATACHEM_F2,25-08-2023,13:47:00,1008.0,1008.0,1008.0,1008.0,550,3237300
TATACHEM_F2,25-08-2023,13:48:00,1008.0,1008.4,1008.0,1008.4,3300,3238400
TATACHEM_F2,25-08-2023,13:49:00,1008.4,1008.4,1007.15,1007.15,21450,3238400
TATACHEM_F2,25-08-2023,13:50:00,1007.1,1007.5,1007.1,1007.5,6050,3238400
TATACHEM_F2,25-08-2023,13:51:00,1007.5,1007.5,1007.5,1007.5,3300,3244450
TATACHEM_F2,25-08-2023,13:52:00,1006.45,1007.4,1006.45,1007.4,2200,3244450
TATACHEM_F2,25-08-2023,13:53:00,1007.4,1007.4,1007.4,1007.4,2200,3244450
TATACHEM_F2,25-08-2023,13:54:00,1007.4,1007.4,1007.4,1007.4,2200,3247750
TATACHEM_F2,25-08-2023,13:55:00,1007.4,1007.4,1007.4,1007.4,550,3247750
TATACHEM_F2,25-08-2023,13:56:00,1007.4,1007.4,1007.4,1007.4,550,3247750
TATACHEM_F2,25-08-2023,13:57:00,1007.4,1007.4,1007.4,1007.4,550,3248850
TATACHEM_F2,25-08-2023,13:58:00,1007.4,1007.4,1007.4,1007.4,2200,3248850
TATACHEM_F2,25-08-2023,13:59:00,1007.4,1007.4,1007.4,1007.4,550,3248850
TATACHEM_F2,25-08-2023,14:00:00,1007.4,1007.95,1007.4,1007.95,2750,3249950
TATACHEM_F2,25-08-2023,14:01:00,1007.2,1007.2,1007.2,1007.2,2750,3249950
TATACHEM_F2,25-08-2023,14:03:00,1007.2,1007.2,1007.2,1007.2,2200,3249950
TATACHEM_F2,25-08-2023,14:04:00,1007.2,1007.2,1007.2,1007.2,2200,3249950
TATACHEM_F2,25-08-2023,14:05:00,1007.2,1007.2,1006.9,1006.9,2200,3249950
TATACHEM_F2,25-08-2023,14:06:00,1006.9,1006.9,1006.9,1006.9,1100,3252700
TATACHEM_F2,25-08-2023,14:07:00,1006.9,1006.9,1006.9,1006.9,550,3252700
TATACHEM_F2,25-08-2023,14:08:00,1006.9,1007.1,1006.9,1007.1,1100,3252700
TATACHEM_F2,25-08-2023,14:09:00,1007.1,1007.1,1007.1,1007.1,550,3253800
TATACHEM_F2,25-08-2023,14:10:00,1007.0,1007.0,1006.65,1006.65,2200,3253800
TATACHEM_F2,25-08-2023,14:11:00,1006.65,1006.65,1006.5,1006.5,2750,3253800
TATACHEM_F2,25-08-2023,14:12:00,1006.5,1006.85,1006.5,1006.85,3850,3256550
TATACHEM_F2,25-08-2023,14:13:00,1006.4,1006.4,1005.45,1005.45,2200,3256550
TATACHEM_F2,25-08-2023,14:14:00,1005.45,1005.45,1005.45,1005.45,3300,3256550
TATACHEM_F2,25-08-2023,14:15:00,1005.45,1005.45,1004.55,1004.55,6600,3263700
TATACHEM_F2,25-08-2023,14:16:00,1004.5,1005.3,1004.5,1004.55,3850,3263700
TATACHEM_F2,25-08-2023,14:17:00,1004.4,1004.4,1004.4,1004.4,2750,3263700
TATACHEM_F2,25-08-2023,14:18:00,1003.65,1003.65,1002.85,1002.85,9900,3268650
TATACHEM_F2,25-08-2023,14:19:00,1002.85,1002.85,1002.85,1002.85,1650,3268650
TATACHEM_F2,25-08-2023,14:20:00,1002.85,1002.85,1001.25,1001.9,8250,3268650
TATACHEM_F2,25-08-2023,14:22:00,1001.9,1001.9,1001.9,1001.9,2200,3275250
TATACHEM_F2,25-08-2023,14:23:00,1001.45,1001.65,1001.45,1001.65,2750,3275250
TATACHEM_F2,25-08-2023,14:24:00,1001.4,1001.65,1001.2,1001.2,3850,3279650
TATACHEM_F2,25-08-2023,14:25:00,1001.45,1001.45,1001.45,1001.45,1650,3279650
TATACHEM_F2,25-08-2023,14:26:00,1001.9,1002.5,1001.9,1002.5,9350,3279650
TATACHEM_F2,25-08-2023,14:27:00,1002.7,1002.7,1002.7,1002.7,550,3289550
TATACHEM_F2,25-08-2023,14:28:00,1003.8,1003.8,1003.8,1003.8,2750,3289550
TATACHEM_F2,25-08-2023,14:29:00,1003.8,1003.8,1003.8,1003.8,2200,3289550
TATACHEM_F2,25-08-2023,14:31:00,1003.1,1003.1,1003.1,1003.1,550,3292300
TATACHEM_F2,25-08-2023,14:33:00,1003.05,1003.05,1003.05,1003.05,550,3292300
TATACHEM_F2,25-08-2023,14:34:00,1002.0,1002.0,1002.0,1002.0,5500,3292300
TATACHEM_F2,25-08-2023,14:36:00,1002.0,1002.0,1002.0,1002.0,1100,3289000
TATACHEM_F2,25-08-2023,14:37:00,1002.0,1002.0,1002.0,1002.0,550,3289000
TATACHEM_F2,25-08-2023,14:39:00,1002.0,1002.0,1001.9,1001.9,2200,3290650
TATACHEM_F2,25-08-2023,14:40:00,1002.85,1002.85,1002.5,1002.5,1650,3290650
TATACHEM_F2,25-08-2023,14:41:00,1002.0,1002.0,1002.0,1002.0,1100,3290650
TATACHEM_F2,25-08-2023,14:42:00,1002.0,1002.05,1002.0,1002.05,2750,3292850
TATACHEM_F2,25-08-2023,14:45:00,1002.05,1002.2,1002.05,1002.2,1650,3293400
TATACHEM_F2,25-08-2023,14:46:00,1002.6,1002.6,1002.6,1002.6,550,3293400
TATACHEM_F2,25-08-2023,14:49:00,1002.6,1003.0,1002.55,1003.0,3850,3294500
TATACHEM_F2,25-08-2023,14:50:00,1003.0,1005.8,1003.0,1005.6,13750,3294500
TATACHEM_F2,25-08-2023,14:51:00,1006.0,1006.2,1005.25,1006.05,28600,3307150
TATACHEM_F2,25-08-2023,14:52:00,1006.7,1006.7,1005.85,1005.85,3850,3307150
TATACHEM_F2,25-08-2023,14:53:00,1006.05,1007.4,1005.5,1007.4,7700,3307150
TATACHEM_F2,25-08-2023,14:54:00,1008.4,1013.6,1008.4,1012.05,33550,3324200
TATACHEM_F2,25-08-2023,14:55:00,1013.2,1015.45,1012.1,1015.0,35200,3324200
TATACHEM_F2,25-08-2023,14:56:00,1015.0,1016.9,1012.2,1016.9,41800,3324200
TATACHEM_F2,25-08-2023,14:57:00,1017.25,1018.0,1015.0,1018.0,55000,3353350
TATACHEM_F2,25-08-2023,14:58:00,1017.85,1019.0,1012.5,1013.0,91300,3353350
TATACHEM_F2,25-08-2023,14:59:00,1012.95,1012.95,1010.0,1011.6,48400,3353350
TATACHEM_F2,25-08-2023,15:00:00,1012.0,1012.35,1008.45,1008.65,30800,3401200
TATACHEM_F2,25-08-2023,15:01:00,1008.15,1009.1,1007.4,1007.9,23100,3401200
TATACHEM_F2,25-08-2023,15:02:00,1008.6,1011.55,1008.6,1011.55,8250,3401200
TATACHEM_F2,25-08-2023,15:03:00,1011.0,1011.15,1010.0,1010.95,14300,3422100
TATACHEM_F2,25-08-2023,15:04:00,1011.15,1011.15,1009.75,1011.0,43450,3422100
TATACHEM_F2,25-08-2023,15:05:00,1011.6,1011.6,1010.0,1010.0,7700,3422100
TATACHEM_F2,25-08-2023,15:06:00,1010.7,1011.15,1010.25,1011.15,8250,3439150
TATACHEM_F2,25-08-2023,15:07:00,1010.6,1010.6,1010.2,1010.25,4400,3439150
TATACHEM_F2,25-08-2023,15:08:00,1010.25,1011.05,1010.0,1010.4,7700,3439150
TATACHEM_F2,25-08-2023,15:09:00,1010.5,1011.0,1010.5,1010.8,4400,3448500
TATACHEM_F2,25-08-2023,15:10:00,1010.65,1010.75,1010.0,1010.0,4950,3448500
TATACHEM_F2,25-08-2023,15:11:00,1010.0,1011.0,1009.45,1010.05,11550,3448500
TATACHEM_F2,25-08-2023,15:12:00,1010.85,1010.85,1010.0,1010.0,6050,3450150
TATACHEM_F2,25-08-2023,15:13:00,1009.5,1009.55,1009.0,1009.0,4400,3450150
TATACHEM_F2,25-08-2023,15:14:00,1009.0,1009.0,1007.5,1007.9,8800,3450150
TATACHEM_F2,25-08-2023,15:15:00,1007.5,1007.7,1007.3,1007.4,16500,3457300
TATACHEM_F2,25-08-2023,15:16:00,1006.9,1007.6,1006.25,1006.4,10450,3457300
TATACHEM_F2,25-08-2023,15:17:00,1006.65,1006.65,1006.0,1006.45,9350,3457300
TATACHEM_F2,25-08-2023,15:18:00,1005.95,1006.2,1005.05,1005.05,6050,3462250
TATACHEM_F2,25-08-2023,15:19:00,1005.35,1005.5,1004.15,1005.2,17600,3462250
TATACHEM_F2,25-08-2023,15:20:00,1005.25,1005.75,1005.25,1005.75,2200,3462250
TATACHEM_F2,25-08-2023,15:21:00,1005.75,1005.75,1004.8,1004.95,3300,3466100
TATACHEM_F2,25-08-2023,15:22:00,1006.0,1006.05,1006.0,1006.05,4950,3466100
TATACHEM_F2,25-08-2023,15:23:00,1006.05,1006.55,1005.4,1005.4,4400,3466100
TATACHEM_F2,25-08-2023,15:24:00,1006.05,1006.25,1005.45,1005.85,15950,3471050
TATACHEM_F2,25-08-2023,15:25:00,1005.95,1006.75,1005.95,1006.7,6600,3471050
TATACHEM_F2,25-08-2023,15:26:00,1006.65,1006.65,1006.0,1006.05,6050,3471050
TATACHEM_F2,25-08-2023,15:27:00,1006.05,1006.05,1005.1,1005.1,9900,3485900
TATACHEM_F2,25-08-2023,15:28:00,1006.65,1006.65,1004.5,1004.5,11000,3485900
TATACHEM_F2,25-08-2023,15:29:00,1004.1,1004.1,1003.65,1003.65,16500,3485900
TATACHEM_F2,25-08-2023,15:30:00,1003.65,1003.65,1003.65,1003.65,1100,3485900
TATACHEM_F2,28-08-2023,09:15:00,1013.0,1013.0,1003.5,1009.0,23651,3493050
TATACHEM_F2,28-08-2023,09:16:00,1010.0,1010.0,1005.85,1005.85,17050,3493050
TATACHEM_F2,28-08-2023,09:17:00,1005.8,1008.7,1005.0,1005.0,12650,3516150
TATACHEM_F2,28-08-2023,09:18:00,1005.0,1008.05,1005.0,1007.15,11550,3516150
TATACHEM_F2,28-08-2023,09:19:00,1009.0,1009.0,1004.85,1004.85,24750,3516150
TATACHEM_F2,28-08-2023,09:20:00,1006.85,1006.85,1005.0,1005.0,7150,3526600
TATACHEM_F2,28-08-2023,09:21:00,1004.0,1004.1,1003.1,1003.25,8250,3526600
TATACHEM_F2,28-08-2023,09:22:00,1004.1,1004.1,1001.45,1001.45,8800,3526600
TATACHEM_F2,28-08-2023,09:23:00,1001.45,1005.0,1001.45,1005.0,12100,3530450
TATACHEM_F2,28-08-2023,09:24:00,1005.0,1005.95,1004.6,1005.0,8250,3530450
TATACHEM_F2,28-08-2023,09:25:00,1004.0,1006.0,1004.0,1006.0,21450,3530450
TATACHEM_F2,28-08-2023,09:26:00,1006.0,1006.6,1005.85,1006.35,9350,3546400
TATACHEM_F2,28-08-2023,09:27:00,1006.2,1006.35,1005.0,1005.15,26400,3546400
TATACHEM_F2,28-08-2023,09:28:00,1005.15,1006.35,1005.1,1005.6,12100,3546400
TATACHEM_F2,28-08-2023,09:29:00,1006.65,1006.65,1005.0,1005.0,12650,3572800
TATACHEM_F2,28-08-2023,09:30:00,1005.0,1006.05,1004.2,1006.0,14300,3572800
TATACHEM_F2,28-08-2023,09:31:00,1006.55,1006.55,1005.2,1005.2,5500,3572800
TATACHEM_F2,28-08-2023,09:32:00,1004.1,1004.1,1004.1,1004.1,12650,3572800
TATACHEM_F2,28-08-2023,09:33:00,1005.9,1006.55,1005.9,1006.55,15950,3598650
TATACHEM_F2,28-08-2023,09:34:00,1006.55,1006.55,1005.95,1005.95,6050,3598650
TATACHEM_F2,28-08-2023,09:35:00,1005.95,1005.95,1005.0,1005.6,9900,3615700
TATACHEM_F2,28-08-2023,09:36:00,1006.45,1006.45,1005.5,1005.5,4950,3615700
TATACHEM_F2,28-08-2023,09:37:00,1005.5,1005.5,1005.5,1005.5,6050,3615700
TATACHEM_F2,28-08-2023,09:38:00,1005.35,1005.35,1005.0,1005.0,40700,3618450
TATACHEM_F2,28-08-2023,09:39:00,1005.0,1006.6,1005.0,1006.6,15400,3618450
TATACHEM_F2,28-08-2023,09:40:00,1006.6,1006.6,1005.65,1005.85,10450,3618450
TATACHEM_F2,28-08-2023,09:41:00,1006.45,1006.75,1006.05,1006.05,20350,3644300
TATACHEM_F2,28-08-2023,09:42:00,1006.05,1007.5,1006.05,1007.5,11000,3644300
TATACHEM_F2,28-08-2023,09:43:00,1007.45,1007.45,1006.5,1006.5,7700,3644300
TATACHEM_F2,28-08-2023,09:44:00,1006.5,1006.7,1006.0,1006.7,15950,3653650
TATACHEM_F2,28-08-2023,09:45:00,1006.7,1008.05,1006.65,1008.05,37400,3653650
TATACHEM_F2,28-08-2023,09:46:00,1007.4,1009.65,1007.4,1009.65,37950,3653650
TATACHEM_F2,28-08-2023,09:47:00,1009.65,1009.95,1008.6,1008.6,14300,3696550
TATACHEM_F2,28-08-2023,09:48:00,1008.6,1010.55,1008.6,1009.65,34650,3696550
TATACHEM_F2,28-08-2023,09:49:00,1009.0,1009.8,1008.65,1009.8,14850,3696550
TATACHEM_F2,28-08-2023,09:50:00,1010.5,1011.3,1009.55,1011.3,22000,3732850
TATACHEM_F2,28-08-2023,09:51:00,1011.4,1011.55,1010.25,1010.25,16500,3732850
TATACHEM_F2,28-08-2023,09:52:00,1010.25,1012.85,1010.25,1012.85,24750,3732850
TATACHEM_F2,28-08-2023,09:53:00,1012.85,1012.85,1011.85,1011.85,15400,3732850
TATACHEM_F2,28-08-2023,09:54:00,1011.85,1012.7,1011.5,1011.5,29700,3777400
TATACHEM_F2,28-08-2023,09:55:00,1012.8,1012.8,1010.0,1010.0,28600,3777400
TATACHEM_F2,28-08-2023,09:56:00,1010.85,1010.85,1009.95,1010.8,17600,3827450
TATACHEM_F2,28-08-2023,09:57:00,1010.85,1010.85,1010.05,1010.05,8800,3827450
TATACHEM_F2,28-08-2023,09:58:00,1010.05,1010.5,1010.05,1010.5,8250,3827450
TATACHEM_F2,28-08-2023,09:59:00,1011.0,1011.0,1010.85,1010.85,6050,3827450
TATACHEM_F2,28-08-2023,10:00:00,1010.85,1011.05,1010.85,1011.05,9900,3840100
TATACHEM_F2,28-08-2023,10:01:00,1011.05,1011.55,1010.75,1011.55,15950,3840100
TATACHEM_F2,28-08-2023,10:02:00,1011.55,1012.05,1011.5,1012.05,9350,3840100
TATACHEM_F2,28-08-2023,10:03:00,1011.6,1012.5,1011.6,1012.5,12100,3864300
TATACHEM_F2,28-08-2023,10:04:00,1012.75,1012.75,1012.75,1012.75,5500,3864300
TATACHEM_F2,28-08-2023,10:05:00,1012.75,1013.0,1012.75,1013.0,8800,3864300
TATACHEM_F2,28-08-2023,10:06:00,1013.0,1013.5,1013.0,1013.0,7150,3881350
TATACHEM_F2,28-08-2023,10:07:00,1013.0,1013.0,1011.8,1011.8,6050,3881350
TATACHEM_F2,28-08-2023,10:08:00,1012.4,1014.35,1012.4,1014.35,26400,3902250
TATACHEM_F2,28-08-2023,10:09:00,1014.3,1014.7,1014.2,1014.2,10450,3902250
TATACHEM_F2,28-08-2023,10:10:00,1014.2,1014.2,1013.1,1013.65,8250,3902250
TATACHEM_F2,28-08-2023,10:11:00,1013.65,1015.0,1013.65,1014.95,18150,3920950
TATACHEM_F2,28-08-2023,10:12:00,1014.95,1015.0,1014.25,1014.25,11550,3920950
TATACHEM_F2,28-08-2023,10:13:00,1014.25,1014.95,1014.0,1014.95,13750,3920950
TATACHEM_F2,28-08-2023,10:14:00,1015.05,1015.05,1014.25,1014.25,31900,3949550
TATACHEM_F2,28-08-2023,10:15:00,1014.8,1015.0,1014.7,1014.95,8250,3949550
TATACHEM_F2,28-08-2023,10:16:00,1014.1,1014.1,1013.3,1013.3,10450,3949550
TATACHEM_F2,28-08-2023,10:17:00,1013.3,1013.7,1013.3,1013.7,6600,3961100
TATACHEM_F2,28-08-2023,10:18:00,1013.7,1013.7,1013.65,1013.65,6600,3961100
TATACHEM_F2,28-08-2023,10:19:00,1014.0,1014.0,1013.8,1013.8,8800,3961100
TATACHEM_F2,28-08-2023,10:20:00,1013.3,1013.7,1013.3,1013.6,17050,3980900
TATACHEM_F2,28-08-2023,10:21:00,1013.6,1013.6,1012.35,1012.35,13200,3980900
TATACHEM_F2,28-08-2023,10:22:00,1012.35,1012.9,1012.35,1012.9,15400,3980900
TATACHEM_F2,28-08-2023,10:23:00,1012.9,1012.95,1012.35,1012.95,14850,3998500
TATACHEM_F2,28-08-2023,10:24:00,1012.95,1013.1,1012.95,1013.1,4950,3998500
TATACHEM_F2,28-08-2023,10:25:00,1013.1,1013.1,1013.1,1013.1,9350,3998500
TATACHEM_F2,28-08-2023,10:26:00,1013.1,1013.1,1012.05,1013.1,8250,4023800
TATACHEM_F2,28-08-2023,10:27:00,1013.1,1013.1,1013.1,1013.1,3300,4023800
TATACHEM_F2,28-08-2023,10:28:00,1013.1,1014.9,1013.05,1014.9,20900,4023800
TATACHEM_F2,28-08-2023,10:29:00,1014.95,1014.95,1014.55,1014.55,4950,4023800
TATACHEM_F2,28-08-2023,10:30:00,1014.55,1016.1,1014.55,1016.1,18700,4038100
TATACHEM_F2,28-08-2023,10:31:00,1017.0,1017.7,1016.4,1017.7,17050,4038100
TATACHEM_F2,28-08-2023,10:32:00,1016.75,1017.9,1016.75,1017.2,16500,4062300
TATACHEM_F2,28-08-2023,10:33:00,1017.1,1017.25,1017.0,1017.0,8800,4062300
TATACHEM_F2,28-08-2023,10:34:00,1017.0,1017.45,1017.0,1017.45,13200,4062300
TATACHEM_F2,28-08-2023,10:35:00,1017.5,1017.5,1017.1,1017.15,13750,4070550
TATACHEM_F2,28-08-2023,10:36:00,1017.45,1017.5,1017.15,1017.5,8800,4070550
TATACHEM_F2,28-08-2023,10:37:00,1017.5,1017.5,1017.05,1017.05,7150,4070550
TATACHEM_F2,28-08-2023,10:38:00,1017.05,1017.5,1017.05,1017.5,7700,4070550
TATACHEM_F2,28-08-2023,10:39:00,1017.5,1018.0,1017.5,1018.0,21450,4085400
TATACHEM_F2,28-08-2023,10:40:00,1018.05,1018.55,1018.05,1018.55,13200,4085400
TATACHEM_F2,28-08-2023,10:41:00,1019.0,1019.0,1018.5,1018.65,22000,4100250
TATACHEM_F2,28-08-2023,10:42:00,1018.7,1019.65,1018.55,1019.5,28050,4100250
TATACHEM_F2,28-08-2023,10:43:00,1019.5,1020.0,1019.0,1019.0,31900,4100250
TATACHEM_F2,28-08-2023,10:44:00,1019.4,1019.4,1018.75,1018.75,22550,4120600
TATACHEM_F2,28-08-2023,10:45:00,1019.05,1019.85,1019.05,1019.85,9350,4120600
TATACHEM_F2,28-08-2023,10:46:00,1020.0,1020.0,1020.0,1020.0,19800,4120600
TATACHEM_F2,28-08-2023,10:47:00,1020.05,1020.05,1019.8,1019.8,26400,4131600
TATACHEM_F2,28-08-2023,10:48:00,1019.85,1022.5,1019.85,1022.5,42350,4131600
TATACHEM_F2,28-08-2023,10:49:00,1022.5,1023.75,1022.5,1023.0,28600,4131600
TATACHEM_F2,28-08-2023,10:50:00,1022.05,1022.05,1021.0,1021.7,27500,4164050
TATACHEM_F2,28-08-2023,10:51:00,1021.7,1022.0,1020.7,1021.5,11550,4164050
TATACHEM_F2,28-08-2023,10:52:00,1021.5,1022.2,1021.15,1022.2,17050,4164050
TATACHEM_F2,28-08-2023,10:53:00,1022.05,1023.0,1022.0,1022.05,15400,4176700
TATACHEM_F2,28-08-2023,10:54:00,1022.3,1022.3,1022.3,1022.3,7700,4176700
TATACHEM_F2,28-08-2023,10:55:00,1022.35,1022.35,1021.75,1021.95,11000,4176700
TATACHEM_F2,28-08-2023,10:56:00,1021.95,1022.5,1021.95,1022.5,11000,4176700
TATACHEM_F2,28-08-2023,10:57:00,1022.0,1022.0,1021.55,1022.0,24750,4193200
TATACHEM_F2,28-08-2023,10:58:00,1022.0,1022.1,1021.6,1022.0,7700,4193200
TATACHEM_F2,28-08-2023,10:59:00,1021.65,1021.8,1021.15,1021.6,18150,4215200
TATACHEM_F2,28-08-2023,11:00:00,1021.6,1022.35,1021.5,1021.75,17050,4215200
TATACHEM_F2,28-08-2023,11:01:00,1021.75,1022.95,1021.75,1022.95,11000,4215200
TATACHEM_F2,28-08-2023,11:02:00,1022.95,1023.0,1021.5,1023.0,14300,4235000
TATACHEM_F2,28-08-2023,11:03:00,1022.75,1023.0,1022.0,1022.65,14300,4235000
TATACHEM_F2,28-08-2023,11:04:00,1022.1,1022.15,1021.25,1021.35,18150,4235000
TATACHEM_F2,28-08-2023,11:05:00,1021.35,1021.6,1021.1,1021.6,11000,4246550
TATACHEM_F2,28-08-2023,11:06:00,1021.45,1022.45,1021.35,1022.05,18700,4246550
TATACHEM_F2,28-08-2023,11:07:00,1021.85,1023.8,1021.75,1023.8,42350,4246550
TATACHEM_F2,28-08-2023,11:08:00,1023.85,1024.85,1023.5,1024.8,55550,4280100
TATACHEM_F2,28-08-2023,11:09:00,1024.8,1026.55,1024.8,1026.4,46200,4280100
TATACHEM_F2,28-08-2023,11:10:00,1025.7,1027.95,1025.65,1027.1,59950,4280100
TATACHEM_F2,28-08-2023,11:11:00,1027.0,1027.35,1026.1,1027.0,21450,4303750
TATACHEM_F2,28-08-2023,11:12:00,1027.0,1027.3,1024.9,1024.9,31350,4303750
TATACHEM_F2,28-08-2023,11:13:00,1024.9,1026.4,1024.9,1025.55,17600,4303750
TATACHEM_F2,28-08-2023,11:14:00,1026.2,1028.7,1026.2,1028.0,40150,4345000
TATACHEM_F2,28-08-2023,11:15:00,1028.0,1029.0,1028.0,1028.9,333850,4345000
TATACHEM_F2,28-08-2023,11:16:00,1028.7,1029.55,1028.5,1029.55,48950,4345000
TATACHEM_F2,28-08-2023,11:17:00,1029.55,1030.45,1029.5,1029.6,49500,4616700
TATACHEM_F2,28-08-2023,11:18:00,1029.6,1030.05,1029.0,1029.0,29150,4616700
TATACHEM_F2,28-08-2023,11:19:00,1029.0,1029.45,1028.05,1028.05,20350,4616700
TATACHEM_F2,28-08-2023,11:20:00,1028.0,1028.0,1025.85,1026.1,14300,4616700
TATACHEM_F2,28-08-2023,11:21:00,1026.1,1028.2,1026.1,1027.8,22550,4635400
TATACHEM_F2,28-08-2023,11:22:00,1027.8,1028.2,1027.5,1028.2,4950,4635400
TATACHEM_F2,28-08-2023,11:23:00,1028.2,1028.4,1027.65,1028.0,20900,4650250
TATACHEM_F2,28-08-2023,11:24:00,1028.55,1030.0,1028.25,1030.0,22550,4650250
TATACHEM_F2,28-08-2023,11:25:00,1030.2,1030.25,1028.2,1028.2,26950,4650250
TATACHEM_F2,28-08-2023,11:26:00,1028.65,1029.65,1028.0,1028.0,15950,4650250
TATACHEM_F2,28-08-2023,11:27:00,1027.6,1028.0,1025.1,1026.6,17050,4668400
TATACHEM_F2,28-08-2023,11:28:00,1026.1,1027.85,1026.1,1026.65,12650,4668400
TATACHEM_F2,28-08-2023,11:29:00,1027.85,1027.85,1026.65,1026.8,14300,4684900
TATACHEM_F2,28-08-2023,11:30:00,1026.8,1026.8,1026.4,1026.4,4400,4684900
TATACHEM_F2,28-08-2023,11:31:00,1026.4,1027.45,1026.4,1027.45,12650,4684900
TATACHEM_F2,28-08-2023,11:32:00,1027.5,1028.85,1027.5,1027.8,8250,4684900
TATACHEM_F2,28-08-2023,11:33:00,1027.8,1028.7,1027.8,1028.7,7700,4703600
TATACHEM_F2,28-08-2023,11:34:00,1028.7,1028.7,1026.55,1026.8,13750,4703600
TATACHEM_F2,28-08-2023,11:35:00,1026.8,1026.8,1024.05,1024.05,18700,4694250
TATACHEM_F2,28-08-2023,11:36:00,1024.05,1026.1,1024.05,1026.1,8250,4694250
TATACHEM_F2,28-08-2023,11:37:00,1026.1,1026.15,1025.2,1026.0,6600,4694250
TATACHEM_F2,28-08-2023,11:38:00,1026.15,1026.15,1025.3,1025.3,12100,4710750
TATACHEM_F2,28-08-2023,11:39:00,1025.3,1025.95,1025.3,1025.95,19800,4710750
TATACHEM_F2,28-08-2023,11:40:00,1025.95,1025.95,1025.0,1025.8,16500,4710750
TATACHEM_F2,28-08-2023,11:41:00,1025.8,1026.3,1025.45,1025.85,8250,4741000
TATACHEM_F2,28-08-2023,11:42:00,1025.45,1026.6,1025.45,1026.15,14850,4741000
TATACHEM_F2,28-08-2023,11:43:00,1026.15,1028.0,1026.15,1028.0,24200,4741000
TATACHEM_F2,28-08-2023,11:44:00,1027.95,1029.55,1027.95,1029.55,23100,4741000
TATACHEM_F2,28-08-2023,11:45:00,1029.55,1029.55,1028.75,1028.75,9350,4766300
TATACHEM_F2,28-08-2023,11:46:00,1028.95,1029.4,1028.5,1028.5,15400,4766300
TATACHEM_F2,28-08-2023,11:47:00,1028.5,1028.55,1028.5,1028.55,6600,4766300
TATACHEM_F2,28-08-2023,11:48:00,1028.55,1028.55,1026.7,1026.7,7150,4786100
TATACHEM_F2,28-08-2023,11:49:00,1026.5,1026.65,1025.65,1026.65,8800,4786100
TATACHEM_F2,28-08-2023,11:50:00,1026.65,1026.65,1025.4,1025.4,7700,4802050
TATACHEM_F2,28-08-2023,11:51:00,1025.4,1025.4,1025.0,1025.0,7150,4802050
TATACHEM_F2,28-08-2023,11:52:00,1025.55,1026.0,1025.55,1026.0,6600,4802050
TATACHEM_F2,28-08-2023,11:53:00,1026.0,1026.05,1024.15,1024.15,24750,4802050
TATACHEM_F2,28-08-2023,11:54:00,1023.3,1023.3,1021.8,1022.0,28600,4814150
TATACHEM_F2,28-08-2023,11:55:00,1022.55,1022.55,1022.55,1022.55,13750,4814150
TATACHEM_F2,28-08-2023,11:56:00,1021.8,1022.2,1021.8,1022.2,15950,4830650
TATACHEM_F2,28-08-2023,11:57:00,1022.2,1022.2,1021.6,1021.6,6600,4830650
TATACHEM_F2,28-08-2023,11:58:00,1021.25,1021.35,1020.1,1021.35,14850,4830650
TATACHEM_F2,28-08-2023,11:59:00,1021.35,1021.35,1020.95,1021.25,11550,4830650
TATACHEM_F2,28-08-2023,12:00:00,1021.25,1023.15,1021.25,1023.0,25300,4837800
TATACHEM_F2,28-08-2023,12:01:00,1023.0,1023.4,1022.35,1022.35,15950,4837800
TATACHEM_F2,28-08-2023,12:02:00,1023.65,1023.65,1022.85,1022.85,6600,4837800
TATACHEM_F2,28-08-2023,12:03:00,1022.85,1022.85,1022.85,1022.85,7700,4856500
TATACHEM_F2,28-08-2023,12:04:00,1022.85,1023.5,1022.85,1023.4,5500,4856500
TATACHEM_F2,28-08-2023,12:05:00,1023.4,1023.4,1022.05,1022.05,6600,4856500
TATACHEM_F2,28-08-2023,12:06:00,1022.05,1022.05,1021.25,1021.25,7150,4859800
TATACHEM_F2,28-08-2023,12:07:00,1021.25,1021.3,1021.25,1021.25,8250,4859800
TATACHEM_F2,28-08-2023,12:08:00,1021.25,1021.6,1021.25,1021.6,10450,4859800
TATACHEM_F2,28-08-2023,12:09:00,1021.6,1021.65,1021.55,1021.55,8250,4875750
TATACHEM_F2,28-08-2023,12:10:00,1021.55,1021.65,1021.45,1021.65,18150,4875750
TATACHEM_F2,28-08-2023,12:11:00,1022.2,1022.2,1022.2,1022.2,7700,4875750
TATACHEM_F2,28-08-2023,12:12:00,1022.2,1022.2,1022.2,1022.2,6600,4891700
TATACHEM_F2,28-08-2023,12:13:00,1021.7,1022.05,1021.15,1021.9,11550,4891700
TATACHEM_F2,28-08-2023,12:14:00,1021.9,1021.9,1021.55,1021.55,6600,4891700
TATACHEM_F2,28-08-2023,12:15:00,1022.25,1022.25,1021.5,1021.5,11550,4903800
TATACHEM_F2,28-08-2023,12:16:00,1021.0,1022.45,1021.0,1022.45,15400,4903800
TATACHEM_F2,28-08-2023,12:17:00,1022.45,1023.25,1022.45,1023.25,9900,4903800
TATACHEM_F2,28-08-2023,12:18:00,1023.25,1023.8,1023.2,1023.2,12100,4915900
TATACHEM_F2,28-08-2023,12:19:00,1024.2,1024.2,1023.7,1024.0,6600,4915900
TATACHEM_F2,28-08-2023,12:20:00,1024.0,1024.6,1023.8,1024.0,12100,4915900
TATACHEM_F2,28-08-2023,12:21:00,1024.0,1026.0,1024.0,1024.2,11000,4930200
TATACHEM_F2,28-08-2023,12:22:00,1024.8,1024.8,1024.1,1024.1,8250,4930200
TATACHEM_F2,28-08-2023,12:23:00,1024.1,1024.1,1022.0,1022.5,8800,4930200
TATACHEM_F2,28-08-2023,12:24:00,1022.25,1023.0,1022.25,1023.0,12100,4943950
TATACHEM_F2,28-08-2023,12:25:00,1022.15,1023.0,1022.15,1023.0,3850,4943950
TATACHEM_F2,28-08-2023,12:26:00,1023.0,1023.0,1021.9,1021.9,4950,4943950
TATACHEM_F2,28-08-2023,12:27:00,1021.9,1022.65,1021.9,1022.65,4400,4958800
TATACHEM_F2,28-08-2023,12:28:00,1022.65,1022.65,1021.25,1021.25,9350,4958800
TATACHEM_F2,28-08-2023,12:29:00,1021.25,1021.75,1021.2,1021.75,8250,4958800
TATACHEM_F2,28-08-2023,12:30:00,1021.95,1021.95,1021.95,1021.95,4400,4972550
TATACHEM_F2,28-08-2023,12:31:00,1021.95,1021.95,1021.05,1021.05,4950,4972550
TATACHEM_F2,28-08-2023,12:32:00,1021.1,1022.7,1021.1,1022.7,6050,4972550
TATACHEM_F2,28-08-2023,12:33:00,1022.7,1023.25,1021.8,1022.95,24750,4985200
TATACHEM_F2,28-08-2023,12:34:00,1023.7,1023.7,1023.7,1023.7,10450,4985200
TATACHEM_F2,28-08-2023,12:35:00,1023.7,1025.0,1023.0,1025.0,25300,4985200
TATACHEM_F2,28-08-2023,12:36:00,1025.0,1025.0,1025.0,1025.0,1650,5022050
TATACHEM_F2,28-08-2023,12:37:00,1025.0,1025.0,1024.8,1024.8,6600,5022050
TATACHEM_F2,28-08-2023,12:38:00,1024.8,1024.8,1023.0,1023.0,3850,5022050
TATACHEM_F2,28-08-2023,12:39:00,1023.0,1023.6,1023.0,1023.1,7150,5024800
TATACHEM_F2,28-08-2023,12:40:00,1023.1,1024.0,1023.05,1024.0,4400,5024800
TATACHEM_F2,28-08-2023,12:41:00,1024.0,1024.0,1024.0,1024.0,3850,5024800
TATACHEM_F2,28-08-2023,12:42:00,1024.05,1024.05,1024.05,1024.05,18700,5038550
TATACHEM_F2,28-08-2023,12:43:00,1024.05,1024.05,1022.65,1022.65,7700,5038550
TATACHEM_F2,28-08-2023,12:44:00,1022.65,1022.65,1022.05,1022.05,13200,5038550
TATACHEM_F2,28-08-2023,12:45:00,1022.05,1022.05,1021.5,1021.9,13200,5061100
TATACHEM_F2,28-08-2023,12:46:00,1021.9,1021.9,1021.9,1021.9,4950,5061100
TATACHEM_F2,28-08-2023,12:47:00,1021.9,1021.9,1021.9,1021.9,6050,5061100
TATACHEM_F2,28-08-2023,12:48:00,1021.9,1021.9,1021.45,1021.45,4400,5062750
TATACHEM_F2,28-08-2023,12:49:00,1021.45,1022.4,1021.45,1022.4,8250,5062750
TATACHEM_F2,28-08-2023,12:50:00,1022.4,1022.5,1022.4,1022.5,4400,5062750
TATACHEM_F2,28-08-2023,12:51:00,1022.5,1022.85,1022.5,1022.85,10450,5072650
TATACHEM_F2,28-08-2023,12:52:00,1022.9,1022.9,1022.9,1022.9,4950,5072650
TATACHEM_F2,28-08-2023,12:53:00,1022.9,1022.9,1022.45,1022.45,7700,5072650
TATACHEM_F2,28-08-2023,12:54:00,1022.45,1022.45,1022.45,1022.45,8250,5083100
TATACHEM_F2,28-08-2023,12:55:00,1022.45,1022.45,1022.45,1022.45,6600,5083100
TATACHEM_F2,28-08-2023,12:56:00,1022.45,1023.5,1022.35,1023.0,18150,5083100
TATACHEM_F2,28-08-2023,12:57:00,1023.95,1024.5,1023.0,1023.75,12650,5098500
TATACHEM_F2,28-08-2023,12:58:00,1023.75,1025.75,1023.75,1024.75,27500,5098500
TATACHEM_F2,28-08-2023,12:59:00,1024.75,1025.9,1024.45,1025.85,26950,5098500
TATACHEM_F2,28-08-2023,13:00:00,1025.85,1025.85,1025.5,1025.5,8800,5124900
TATACHEM_F2,28-08-2023,13:01:00,1025.5,1025.95,1025.45,1025.95,8250,5124900
TATACHEM_F2,28-08-2023,13:02:00,1025.95,1025.95,1025.95,1025.95,2750,5124900
TATACHEM_F2,28-08-2023,13:03:00,1026.0,1027.5,1026.0,1026.75,30800,5137000
TATACHEM_F2,28-08-2023,13:04:00,1028.0,1028.4,1027.5,1028.0,23100,5137000
TATACHEM_F2,28-08-2023,13:05:00,1028.0,1028.05,1027.0,1027.35,12650,5137000
TATACHEM_F2,28-08-2023,13:06:00,1027.35,1027.35,1026.3,1026.3,4950,5161200
TATACHEM_F2,28-08-2023,13:07:00,1026.0,1027.2,1025.9,1027.2,12100,5161200
TATACHEM_F2,28-08-2023,13:08:00,1027.2,1027.2,1027.2,1027.2,3850,5161200
TATACHEM_F2,28-08-2023,13:09:00,1027.2,1027.3,1027.2,1027.3,13750,5162850
TATACHEM_F2,28-08-2023,13:10:00,1027.3,1027.6,1026.8,1027.5,7700,5162850
TATACHEM_F2,28-08-2023,13:11:00,1027.5,1027.6,1027.4,1027.6,8800,5162850
TATACHEM_F2,28-08-2023,13:12:00,1027.7,1028.05,1026.75,1026.75,14850,5181000
TATACHEM_F2,28-08-2023,13:13:00,1026.75,1027.2,1025.85,1027.1,7700,5181000
TATACHEM_F2,28-08-2023,13:14:00,1027.1,1027.1,1026.95,1027.0,5500,5181000
TATACHEM_F2,28-08-2023,13:15:00,1027.0,1027.4,1027.0,1027.4,4400,5183750
TATACHEM_F2,28-08-2023,13:16:00,1027.4,1027.55,1027.4,1027.55,8250,5183750
TATACHEM_F2,28-08-2023,13:17:00,1027.55,1027.55,1027.45,1027.45,6600,5183750
TATACHEM_F2,28-08-2023,13:18:00,1027.0,1027.3,1027.0,1027.3,6600,5184850
TATACHEM_F2,28-08-2023,13:19:00,1027.4,1027.4,1026.35,1027.05,8250,5184850
TATACHEM_F2,28-08-2023,13:20:00,1027.05,1027.4,1026.9,1027.4,9900,5184850
TATACHEM_F2,28-08-2023,13:21:00,1027.4,1027.4,1027.4,1027.4,4400,5187600
TATACHEM_F2,28-08-2023,13:22:00,1027.85,1028.15,1027.3,1028.1,17050,5187600
TATACHEM_F2,28-08-2023,13:23:00,1028.1,1028.1,1027.3,1028.1,7150,5187600
TATACHEM_F2,28-08-2023,13:24:00,1028.1,1028.25,1028.1,1028.25,9350,5188150
TATACHEM_F2,28-08-2023,13:25:00,1028.25,1028.95,1027.75,1028.85,10450,5188150
TATACHEM_F2,28-08-2023,13:26:00,1028.85,1028.85,1028.1,1028.55,7150,5188150
TATACHEM_F2,28-08-2023,13:27:00,1028.75,1028.95,1028.0,1028.0,17050,5198050
TATACHEM_F2,28-08-2023,13:28:00,1028.0,1028.0,1027.5,1027.5,5500,5198050
TATACHEM_F2,28-08-2023,13:29:00,1027.5,1028.0,1027.5,1028.0,7700,5198050
TATACHEM_F2,28-08-2023,13:30:00,1028.0,1028.0,1027.95,1027.95,11000,5206300
TATACHEM_F2,28-08-2023,13:31:00,1027.15,1028.7,1027.15,1028.6,9900,5206300
TATACHEM_F2,28-08-2023,13:32:00,1028.6,1028.9,1027.8,1027.8,19250,5206300
TATACHEM_F2,28-08-2023,13:33:00,1027.8,1027.95,1027.75,1027.75,11550,5227750
TATACHEM_F2,28-08-2023,13:34:00,1027.75,1027.75,1027.0,1027.0,4950,5227750
TATACHEM_F2,28-08-2023,13:35:00,1027.0,1027.05,1027.0,1027.0,9350,5227750
TATACHEM_F2,28-08-2023,13:36:00,1027.05,1027.25,1026.5,1026.55,12100,5250300
TATACHEM_F2,28-08-2023,13:37:00,1027.15,1027.4,1027.15,1027.4,13200,5250300
TATACHEM_F2,28-08-2023,13:38:00,1027.4,1027.55,1027.4,1027.55,6050,5250300
TATACHEM_F2,28-08-2023,13:39:00,1027.55,1027.55,1026.8,1026.8,11000,5260200
TATACHEM_F2,28-08-2023,13:40:00,1027.4,1027.4,1026.25,1026.45,22000,5260200
TATACHEM_F2,28-08-2023,13:41:00,1026.45,1027.2,1026.45,1027.2,8250,5260200
TATACHEM_F2,28-08-2023,13:42:00,1027.2,1027.2,1027.2,1027.2,3850,5193650
TATACHEM_F2,28-08-2023,13:43:00,1027.2,1027.65,1027.05,1027.05,12100,5193650
TATACHEM_F2,28-08-2023,13:44:00,1027.9,1028.0,1027.2,1028.0,11550,5193650
TATACHEM_F2,28-08-2023,13:45:00,1028.3,1028.3,1027.0,1027.0,2750,4847700
TATACHEM_F2,28-08-2023,13:46:00,1027.0,1028.25,1027.0,1028.25,6600,4847700
TATACHEM_F2,28-08-2023,13:47:00,1028.25,1028.25,1027.4,1027.4,7700,4847700
TATACHEM_F2,28-08-2023,13:48:00,1027.6,1028.5,1027.6,1028.5,17600,4850450
TATACHEM_F2,28-08-2023,13:49:00,1028.5,1029.3,1028.5,1029.0,12650,4850450
TATACHEM_F2,28-08-2023,13:50:00,1028.85,1029.5,1028.85,1029.0,9900,4850450
TATACHEM_F2,28-08-2023,13:51:00,1029.0,1029.05,1028.75,1028.75,11550,4866950
TATACHEM_F2,28-08-2023,13:52:00,1028.75,1029.45,1028.5,1029.05,11550,4866950
TATACHEM_F2,28-08-2023,13:53:00,1029.65,1029.65,1029.0,1029.0,10450,4866950
TATACHEM_F2,28-08-2023,13:54:00,1029.0,1031.25,1029.0,1030.7,45100,4879600
TATACHEM_F2,28-08-2023,13:55:00,1030.7,1032.9,1030.7,1032.5,34100,4879600
TATACHEM_F2,28-08-2023,13:56:00,1032.5,1034.05,1032.5,1033.0,44550,4879600
TATACHEM_F2,28-08-2023,13:57:00,1033.0,1033.55,1032.5,1033.55,23650,4918100
TATACHEM_F2,28-08-2023,13:58:00,1033.55,1033.95,1031.6,1033.0,23100,4918100
TATACHEM_F2,28-08-2023,13:59:00,1032.75,1033.85,1032.2,1033.0,19800,4918100
TATACHEM_F2,28-08-2023,14:00:00,1033.0,1033.6,1033.0,1033.6,13200,4935150
TATACHEM_F2,28-08-2023,14:01:00,1033.0,1033.2,1033.0,1033.05,12100,4935150
TATACHEM_F2,28-08-2023,14:02:00,1034.5,1035.3,1034.5,1034.55,43450,4935150
TATACHEM_F2,28-08-2023,14:03:00,1035.0,1035.15,1034.2,1035.0,18700,4941200
TATACHEM_F2,28-08-2023,14:04:00,1035.0,1035.95,1034.6,1035.5,25300,4941200
TATACHEM_F2,28-08-2023,14:05:00,1036.2,1037.0,1035.4,1036.95,45100,4941200
TATACHEM_F2,28-08-2023,14:06:00,1036.2,1037.3,1036.1,1037.0,26400,4966500
TATACHEM_F2,28-08-2023,14:07:00,1037.5,1037.7,1035.55,1036.0,36850,4966500
TATACHEM_F2,28-08-2023,14:08:00,1036.5,1036.5,1034.1,1034.8,29700,4966500
TATACHEM_F2,28-08-2023,14:09:00,1035.0,1035.6,1034.25,1034.25,10450,4986850
TATACHEM_F2,28-08-2023,14:10:00,1034.55,1035.0,1033.7,1034.05,11550,4986850
TATACHEM_F2,28-08-2023,14:11:00,1032.75,1033.8,1032.75,1033.2,12650,4986850
TATACHEM_F2,28-08-2023,14:12:00,1033.2,1036.15,1033.0,1036.15,22000,5005000
TATACHEM_F2,28-08-2023,14:13:00,1036.15,1036.2,1035.35,1036.2,12650,5005000
TATACHEM_F2,28-08-2023,14:14:00,1037.0,1038.0,1036.9,1038.0,11000,5005000
TATACHEM_F2,28-08-2023,14:15:00,1037.95,1040.0,1037.9,1039.0,53900,5006650
TATACHEM_F2,28-08-2023,14:16:00,1038.9,1042.25,1038.7,1042.0,60500,5006650
TATACHEM_F2,28-08-2023,14:17:00,1041.5,1041.95,1039.65,1040.3,57200,5006650
TATACHEM_F2,28-08-2023,14:18:00,1040.55,1040.85,1039.1,1039.15,16500,5038550
TATACHEM_F2,28-08-2023,14:19:00,1039.05,1039.05,1037.75,1038.4,24750,5038550
TATACHEM_F2,28-08-2023,14:20:00,1038.6,1039.5,1038.0,1038.85,19250,5038550
TATACHEM_F2,28-08-2023,14:21:00,1038.2,1039.15,1038.2,1039.15,14300,5063300
TATACHEM_F2,28-08-2023,14:22:00,1038.9,1039.1,1037.5,1037.5,15400,5063300
TATACHEM_F2,28-08-2023,14:23:00,1037.45,1037.55,1034.2,1037.35,24200,5063300
TATACHEM_F2,28-08-2023,14:24:00,1037.35,1037.35,1035.25,1036.6,10450,5087500
TATACHEM_F2,28-08-2023,14:25:00,1036.6,1036.6,1035.0,1035.55,22000,5087500
TATACHEM_F2,28-08-2023,14:26:00,1035.2,1036.15,1035.2,1035.55,12650,5087500
TATACHEM_F2,28-08-2023,14:27:00,1035.5,1036.0,1035.25,1035.25,17050,5111700
TATACHEM_F2,28-08-2023,14:28:00,1036.0,1036.0,1035.4,1036.0,25300,5111700
TATACHEM_F2,28-08-2023,14:29:00,1035.2,1038.3,1035.2,1038.0,23650,5111700
TATACHEM_F2,28-08-2023,14:30:00,1038.8,1041.05,1038.35,1040.8,75350,5150750
TATACHEM_F2,28-08-2023,14:31:00,1040.85,1041.25,1040.5,1040.75,35750,5150750
TATACHEM_F2,28-08-2023,14:32:00,1040.35,1040.95,1039.0,1039.0,44000,5150750
TATACHEM_F2,28-08-2023,14:33:00,1039.0,1041.1,1039.0,1040.9,23100,5210150
TATACHEM_F2,28-08-2023,14:34:00,1041.0,1041.8,1040.05,1041.0,48950,5210150
TATACHEM_F2,28-08-2023,14:35:00,1040.05,1040.85,1039.6,1039.6,11550,5210150
TATACHEM_F2,28-08-2023,14:36:00,1039.6,1039.9,1039.0,1039.5,13200,5236000
TATACHEM_F2,28-08-2023,14:37:00,1039.75,1039.75,1038.7,1039.25,24750,5236000
TATACHEM_F2,28-08-2023,14:38:00,1039.0,1040.5,1038.8,1040.25,35750,5236000
TATACHEM_F2,28-08-2023,14:39:00,1040.25,1040.25,1039.45,1040.0,23650,5256900
TATACHEM_F2,28-08-2023,14:40:00,1040.0,1040.8,1039.2,1039.85,11000,5256900
TATACHEM_F2,28-08-2023,14:41:00,1039.85,1040.75,1039.8,1040.1,7700,5256900
TATACHEM_F2,28-08-2023,14:42:00,1040.1,1040.35,1039.7,1040.0,6600,5272850
TATACHEM_F2,28-08-2023,14:43:00,1039.3,1041.0,1039.3,1040.75,17050,5272850
TATACHEM_F2,28-08-2023,14:44:00,1040.75,1040.75,1039.3,1040.0,15950,5272850
TATACHEM_F2,28-08-2023,14:45:00,1040.0,1040.3,1040.0,1040.3,5500,5295950
TATACHEM_F2,28-08-2023,14:46:00,1040.3,1040.7,1039.0,1039.5,56650,5295950
TATACHEM_F2,28-08-2023,14:47:00,1039.5,1039.85,1039.0,1039.0,6050,5295950
TATACHEM_F2,28-08-2023,14:48:00,1039.0,1039.0,1038.8,1038.8,9900,5324550
TATACHEM_F2,28-08-2023,14:49:00,1038.8,1038.8,1038.05,1038.4,4950,5324550
TATACHEM_F2,28-08-2023,14:50:00,1038.8,1040.0,1038.8,1039.7,9350,5324550
TATACHEM_F2,28-08-2023,14:51:00,1039.7,1039.7,1038.05,1038.05,9350,5332250
TATACHEM_F2,28-08-2023,14:52:00,1038.05,1038.05,1038.0,1038.0,8800,5332250
TATACHEM_F2,28-08-2023,14:53:00,1038.0,1038.8,1038.0,1038.8,9900,5332250
TATACHEM_F2,28-08-2023,14:54:00,1039.3,1040.15,1039.3,1039.35,15950,5344900
TATACHEM_F2,28-08-2023,14:55:00,1040.5,1041.9,1040.05,1041.3,25300,5344900
TATACHEM_F2,28-08-2023,14:56:00,1041.3,1042.0,1040.8,1040.95,18150,5344900
TATACHEM_F2,28-08-2023,14:57:00,1041.0,1041.0,1040.2,1040.95,8250,5361400
TATACHEM_F2,28-08-2023,14:58:00,1041.05,1041.05,1040.5,1040.65,19250,5361400
TATACHEM_F2,28-08-2023,14:59:00,1041.0,1041.5,1041.0,1041.5,11000,5361400
TATACHEM_F2,28-08-2023,15:00:00,1041.7,1042.3,1041.5,1041.5,19800,5376250
TATACHEM_F2,28-08-2023,15:01:00,1041.85,1042.7,1041.4,1042.4,15950,5376250
TATACHEM_F2,28-08-2023,15:02:00,1042.4,1042.4,1041.5,1041.5,18700,5376250
TATACHEM_F2,28-08-2023,15:03:00,1041.5,1042.05,1040.0,1040.0,26950,5391100
TATACHEM_F2,28-08-2023,15:04:00,1040.0,1040.0,1038.55,1039.3,40150,5391100
TATACHEM_F2,28-08-2023,15:05:00,1039.3,1039.55,1038.0,1038.0,11000,5391100
TATACHEM_F2,28-08-2023,15:06:00,1038.0,1038.0,1037.8,1038.0,7150,5414200
TATACHEM_F2,28-08-2023,15:07:00,1038.0,1038.95,1037.85,1038.55,6600,5414200
TATACHEM_F2,28-08-2023,15:08:00,1038.55,1038.55,1037.5,1037.5,12100,5414200
TATACHEM_F2,28-08-2023,15:09:00,1037.5,1038.0,1037.5,1037.8,5500,5418600
TATACHEM_F2,28-08-2023,15:10:00,1037.7,1038.4,1037.7,1038.4,16500,5418600
TATACHEM_F2,28-08-2023,15:11:00,1037.5,1037.8,1037.45,1037.45,18700,5418600
TATACHEM_F2,28-08-2023,15:12:00,1037.8,1037.8,1037.0,1037.3,10450,5426850
TATACHEM_F2,28-08-2023,15:13:00,1037.35,1037.85,1037.1,1037.15,25300,5426850
TATACHEM_F2,28-08-2023,15:14:00,1037.95,1038.1,1037.7,1038.05,14300,5426850
TATACHEM_F2,28-08-2023,15:15:00,1038.05,1038.25,1037.9,1038.25,6600,5443900
TATACHEM_F2,28-08-2023,15:16:00,1037.7,1038.25,1037.7,1037.9,16500,5443900
TATACHEM_F2,28-08-2023,15:17:00,1038.35,1038.5,1037.8,1037.8,11550,5443900
TATACHEM_F2,28-08-2023,15:18:00,1038.2,1038.75,1037.9,1038.15,20350,5458750
TATACHEM_F2,28-08-2023,15:19:00,1038.15,1038.7,1037.35,1038.0,18700,5458750
TATACHEM_F2,28-08-2023,15:20:00,1038.0,1038.45,1037.85,1037.9,11000,5458750
TATACHEM_F2,28-08-2023,15:21:00,1037.9,1038.1,1037.45,1037.45,14300,5464800
TATACHEM_F2,28-08-2023,15:22:00,1037.45,1037.85,1037.45,1037.85,6600,5464800
TATACHEM_F2,28-08-2023,15:23:00,1037.85,1038.05,1037.8,1038.05,5500,5464800
TATACHEM_F2,28-08-2023,15:24:00,1038.15,1038.15,1037.15,1037.95,19800,5470850
TATACHEM_F2,28-08-2023,15:25:00,1037.9,1038.4,1037.35,1038.4,18150,5470850
TATACHEM_F2,28-08-2023,15:26:00,1038.4,1038.8,1038.25,1038.5,18150,5470850
TATACHEM_F2,28-08-2023,15:27:00,1038.5,1040.0,1038.0,1038.0,21450,5482950
TATACHEM_F2,28-08-2023,15:28:00,1038.0,1038.75,1038.0,1038.45,12650,5482950
TATACHEM_F2,28-08-2023,15:29:00,1038.0,1040.55,1038.0,1040.0,30250,5482950
TATACHEM_F2,29-08-2023,09:15:00,1049.85,1054.95,1044.65,1054.95,96803,5022050
TATACHEM_F2,29-08-2023,09:16:00,1060.0,1060.0,1055.8,1055.8,92400,5022050
TATACHEM_F2,29-08-2023,09:17:00,1056.45,1058.0,1056.45,1058.0,60500,5022050
TATACHEM_F2,29-08-2023,09:18:00,1061.5,1063.0,1061.0,1061.0,147950,5049000
TATACHEM_F2,29-08-2023,09:19:00,1065.0,1065.85,1063.3,1064.15,214500,5049000
TATACHEM_F2,29-08-2023,09:20:00,1066.5,1066.5,1062.5,1062.8,171050,5193650
TATACHEM_F2,29-08-2023,09:21:00,1062.55,1069.35,1062.55,1069.0,189750,5193650
TATACHEM_F2,29-08-2023,09:22:00,1068.45,1069.25,1064.65,1067.5,111650,5193650
TATACHEM_F2,29-08-2023,09:23:00,1067.15,1068.3,1066.1,1067.5,53350,5328400
TATACHEM_F2,29-08-2023,09:24:00,1067.15,1067.9,1066.45,1066.45,52800,5328400
TATACHEM_F2,29-08-2023,09:25:00,1066.55,1068.7,1065.55,1068.7,90200,5328400
TATACHEM_F2,29-08-2023,09:26:00,1069.55,1072.3,1069.0,1070.5,238150,5432900
TATACHEM_F2,29-08-2023,09:27:00,1071.45,1072.2,1069.8,1071.9,74800,5432900
TATACHEM_F2,29-08-2023,09:28:00,1071.9,1073.8,1071.0,1073.55,115500,5432900
TATACHEM_F2,29-08-2023,09:29:00,1073.0,1074.8,1072.7,1073.15,122650,5523650
TATACHEM_F2,29-08-2023,09:30:00,1073.8,1073.8,1068.05,1069.0,115500,5523650
TATACHEM_F2,29-08-2023,09:31:00,1068.4,1071.6,1068.3,1070.85,53350,5523650
TATACHEM_F2,29-08-2023,09:32:00,1070.85,1072.9,1070.85,1072.25,30250,5518150
TATACHEM_F2,29-08-2023,09:33:00,1071.85,1074.75,1071.85,1074.45,122100,5518150
TATACHEM_F2,29-08-2023,09:34:00,1074.85,1075.75,1074.05,1075.75,116050,5518150
TATACHEM_F2,29-08-2023,09:35:00,1075.75,1075.75,1073.25,1074.0,54450,5572600
TATACHEM_F2,29-08-2023,09:36:00,1074.0,1074.0,1072.0,1072.0,55550,5572600
TATACHEM_F2,29-08-2023,09:37:00,1072.0,1074.65,1071.0,1073.55,48950,5572600
TATACHEM_F2,29-08-2023,09:38:00,1073.5,1075.5,1073.15,1074.9,75900,5633100
TATACHEM_F2,29-08-2023,09:39:00,1075.0,1077.05,1074.05,1074.75,80850,5633100
TATACHEM_F2,29-08-2023,09:40:00,1075.55,1076.05,1073.5,1074.6,91300,5633100
TATACHEM_F2,29-08-2023,09:41:00,1075.2,1079.5,1074.35,1077.8,132000,5666650
TATACHEM_F2,29-08-2023,09:42:00,1078.05,1078.2,1077.0,1077.3,95150,5666650
TATACHEM_F2,29-08-2023,09:43:00,1077.05,1079.15,1076.55,1078.65,50600,5666650
TATACHEM_F2,29-08-2023,09:44:00,1078.05,1078.05,1075.05,1075.9,36300,5738150
TATACHEM_F2,29-08-2023,09:45:00,1075.15,1077.35,1075.15,1077.35,30250,5738150
TATACHEM_F2,29-08-2023,09:46:00,1077.0,1078.6,1077.0,1077.05,39600,5738150
TATACHEM_F2,29-08-2023,09:47:00,1077.75,1080.0,1077.05,1078.95,62150,5733750
TATACHEM_F2,29-08-2023,09:48:00,1079.1,1079.1,1076.0,1076.0,31900,5733750
TATACHEM_F2,29-08-2023,09:49:00,1075.45,1076.75,1074.95,1075.5,64350,5733750
TATACHEM_F2,29-08-2023,09:50:00,1075.65,1077.5,1073.4,1076.55,53350,5775550
TATACHEM_F2,29-08-2023,09:51:00,1075.9,1076.7,1075.0,1076.0,31900,5775550
TATACHEM_F2,29-08-2023,09:52:00,1076.2,1076.95,1075.3,1075.3,57200,5775550
TATACHEM_F2,29-08-2023,09:53:00,1075.25,1075.8,1074.8,1075.0,28050,5827250
TATACHEM_F2,29-08-2023,09:54:00,1075.1,1075.45,1074.0,1074.0,26950,5827250
TATACHEM_F2,29-08-2023,09:55:00,1074.0,1074.0,1072.6,1072.8,209000,5827250
TATACHEM_F2,29-08-2023,09:56:00,1072.8,1073.95,1072.55,1073.75,36300,6037350
TATACHEM_F2,29-08-2023,09:57:00,1073.9,1074.8,1073.0,1074.8,20900,6037350
TATACHEM_F2,29-08-2023,09:58:00,1074.0,1078.0,1074.0,1078.0,54450,6037350
TATACHEM_F2,29-08-2023,09:59:00,1078.0,1078.0,1076.0,1076.0,11550,6062650
TATACHEM_F2,29-08-2023,10:00:00,1076.0,1076.6,1074.4,1075.05,22000,6062650
TATACHEM_F2,29-08-2023,10:01:00,1075.0,1075.85,1074.5,1074.8,16500,6062650
TATACHEM_F2,29-08-2023,10:02:00,1075.0,1075.0,1073.55,1073.6,23650,6072550
TATACHEM_F2,29-08-2023,10:03:00,1073.6,1074.65,1073.6,1074.45,16500,6072550
TATACHEM_F2,29-08-2023,10:04:00,1074.7,1076.05,1074.7,1076.05,15950,6072550
TATACHEM_F2,29-08-2023,10:05:00,1076.3,1077.9,1076.1,1076.35,48950,6058800
TATACHEM_F2,29-08-2023,10:06:00,1075.95,1076.75,1075.6,1076.3,24200,6058800
TATACHEM_F2,29-08-2023,10:07:00,1076.3,1076.3,1075.55,1075.55,18700,6058800
TATACHEM_F2,29-08-2023,10:08:00,1076.0,1076.85,1076.0,1076.05,25850,6066500
TATACHEM_F2,29-08-2023,10:09:00,1076.6,1078.0,1076.05,1078.0,22550,6066500
TATACHEM_F2,29-08-2023,10:10:00,1078.3,1078.7,1077.5,1078.45,30250,6066500
TATACHEM_F2,29-08-2023,10:11:00,1078.0,1078.95,1077.0,1077.0,31350,6073650
TATACHEM_F2,29-08-2023,10:12:00,1077.0,1077.7,1076.2,1076.45,24750,6073650
TATACHEM_F2,29-08-2023,10:13:00,1077.0,1078.5,1077.0,1078.5,16500,6073650
TATACHEM_F2,29-08-2023,10:14:00,1077.85,1078.5,1077.85,1078.2,12650,6084100
TATACHEM_F2,29-08-2023,10:15:00,1078.35,1078.4,1077.55,1078.15,15400,6084100
TATACHEM_F2,29-08-2023,10:16:00,1077.5,1077.7,1077.1,1077.1,6050,6084100
TATACHEM_F2,29-08-2023,10:17:00,1077.25,1077.25,1075.5,1075.5,31350,6090150
TATACHEM_F2,29-08-2023,10:18:00,1075.5,1076.6,1075.45,1076.2,20900,6090150
TATACHEM_F2,29-08-2023,10:19:00,1076.45,1078.0,1075.65,1078.0,23650,6090150
TATACHEM_F2,29-08-2023,10:20:00,1077.15,1078.9,1077.15,1078.0,31350,6103350
TATACHEM_F2,29-08-2023,10:21:00,1078.45,1080.15,1078.0,1080.15,98450,6103350
TATACHEM_F2,29-08-2023,10:22:00,1080.6,1082.5,1079.65,1082.5,85250,6103350
TATACHEM_F2,29-08-2023,10:23:00,1082.5,1082.7,1078.25,1078.25,22000,6128100
TATACHEM_F2,29-08-2023,10:24:00,1079.5,1080.9,1079.3,1079.95,24200,6128100
TATACHEM_F2,29-08-2023,10:25:00,1079.95,1080.7,1079.0,1080.5,15950,6128100
TATACHEM_F2,29-08-2023,10:26:00,1080.5,1080.5,1077.9,1079.7,24750,6123700
TATACHEM_F2,29-08-2023,10:27:00,1079.2,1079.55,1078.9,1078.9,20900,6123700
TATACHEM_F2,29-08-2023,10:28:00,1078.8,1079.25,1077.8,1078.8,19800,6123700
TATACHEM_F2,29-08-2023,10:29:00,1078.8,1078.8,1077.85,1078.5,12100,6136900
TATACHEM_F2,29-08-2023,10:30:00,1078.5,1078.7,1078.0,1078.5,13750,6136900
TATACHEM_F2,29-08-2023,10:31:00,1078.9,1080.45,1078.5,1080.1,24750,6136900
TATACHEM_F2,29-08-2023,10:32:00,1079.9,1079.9,1078.5,1078.5,14850,6139100
TATACHEM_F2,29-08-2023,10:33:00,1078.85,1079.6,1078.25,1079.45,18700,6139100
TATACHEM_F2,29-08-2023,10:34:00,1078.9,1079.6,1078.7,1079.05,15950,6139100
TATACHEM_F2,29-08-2023,10:35:00,1078.7,1078.95,1078.35,1078.45,11000,6158350
TATACHEM_F2,29-08-2023,10:36:00,1078.45,1079.45,1077.95,1079.45,23100,6158350
TATACHEM_F2,29-08-2023,10:37:00,1079.45,1079.45,1078.3,1078.3,11550,6158350
TATACHEM_F2,29-08-2023,10:38:00,1078.65,1079.1,1078.3,1078.95,14850,6173200
TATACHEM_F2,29-08-2023,10:39:00,1078.95,1079.6,1078.5,1078.5,17050,6173200
TATACHEM_F2,29-08-2023,10:40:00,1078.9,1079.0,1078.35,1078.35,57750,6173200
TATACHEM_F2,29-08-2023,10:41:00,1078.4,1078.95,1078.2,1078.2,13750,6231500
TATACHEM_F2,29-08-2023,10:42:00,1078.2,1078.85,1078.2,1078.75,59950,6231500
TATACHEM_F2,29-08-2023,10:43:00,1078.35,1078.35,1077.85,1077.85,19800,6231500
TATACHEM_F2,29-08-2023,10:44:00,1077.85,1078.6,1077.75,1077.8,9900,6292550
TATACHEM_F2,29-08-2023,10:45:00,1077.8,1078.25,1077.0,1077.0,22000,6292550
TATACHEM_F2,29-08-2023,10:46:00,1076.75,1076.8,1076.05,1076.5,16500,6292550
TATACHEM_F2,29-08-2023,10:47:00,1076.85,1076.85,1074.5,1075.0,25850,6301900
TATACHEM_F2,29-08-2023,10:48:00,1075.3,1075.3,1073.95,1073.95,20350,6301900
TATACHEM_F2,29-08-2023,10:49:00,1074.05,1074.2,1073.3,1073.5,22550,6301900
TATACHEM_F2,29-08-2023,10:50:00,1073.5,1073.6,1073.0,1073.2,34650,6303550
TATACHEM_F2,29-08-2023,10:51:00,1073.35,1074.3,1073.35,1074.3,30800,6303550
TATACHEM_F2,29-08-2023,10:52:00,1073.4,1073.4,1072.25,1072.5,20350,6303550
TATACHEM_F2,29-08-2023,10:53:00,1071.75,1072.15,1070.7,1070.75,29700,6308500
TATACHEM_F2,29-08-2023,10:54:00,1071.05,1071.65,1071.0,1071.3,20350,6308500
TATACHEM_F2,29-08-2023,10:55:00,1071.3,1073.1,1071.3,1072.75,13750,6308500
TATACHEM_F2,29-08-2023,10:56:00,1073.05,1073.05,1072.3,1072.4,17600,6308500
TATACHEM_F2,29-08-2023,10:57:00,1072.4,1073.5,1072.4,1073.5,10450,6307400
TATACHEM_F2,29-08-2023,10:58:00,1073.5,1074.85,1073.5,1074.05,12100,6307400
TATACHEM_F2,29-08-2023,10:59:00,1074.0,1074.45,1073.55,1073.55,8800,6307400
TATACHEM_F2,29-08-2023,11:00:00,1073.55,1074.25,1073.55,1074.2,8800,6318950
TATACHEM_F2,29-08-2023,11:01:00,1074.0,1075.1,1074.0,1075.1,11000,6318950
TATACHEM_F2,29-08-2023,11:02:00,1074.6,1075.15,1074.6,1075.15,14850,6332150
TATACHEM_F2,29-08-2023,11:03:00,1075.15,1076.2,1075.15,1076.2,8800,6332150
TATACHEM_F2,29-08-2023,11:04:00,1076.5,1078.15,1076.5,1077.0,18700,6332150
TATACHEM_F2,29-08-2023,11:05:00,1076.55,1076.95,1076.55,1076.95,6600,6332150
TATACHEM_F2,29-08-2023,11:06:00,1076.95,1076.95,1076.15,1076.3,6600,6349200
TATACHEM_F2,29-08-2023,11:07:00,1076.1,1076.1,1075.05,1075.05,14850,6349200
TATACHEM_F2,29-08-2023,11:08:00,1075.0,1075.0,1074.25,1074.95,5500,6349200
TATACHEM_F2,29-08-2023,11:09:00,1074.95,1075.0,1074.95,1075.0,3850,6362950
TATACHEM_F2,29-08-2023,11:10:00,1075.0,1075.4,1075.0,1075.0,13200,6362950
TATACHEM_F2,29-08-2023,11:11:00,1075.0,1075.0,1073.9,1073.9,8800,6373400
TATACHEM_F2,29-08-2023,11:12:00,1073.1,1073.1,1072.4,1072.6,6050,6373400
TATACHEM_F2,29-08-2023,11:13:00,1072.6,1073.05,1072.6,1073.05,10450,6373400
TATACHEM_F2,29-08-2023,11:14:00,1073.05,1073.05,1072.6,1072.6,8250,6389900
TATACHEM_F2,29-08-2023,11:15:00,1072.9,1072.9,1072.15,1072.3,9350,6389900
TATACHEM_F2,29-08-2023,11:16:00,1072.3,1072.8,1072.3,1072.8,6050,6389900
TATACHEM_F2,29-08-2023,11:17:00,1072.8,1073.4,1072.75,1072.75,9350,6404750
TATACHEM_F2,29-08-2023,11:18:00,1072.4,1072.4,1072.4,1072.4,6600,6404750
TATACHEM_F2,29-08-2023,11:19:00,1072.4,1072.65,1072.2,1072.2,8250,6404750
TATACHEM_F2,29-08-2023,11:20:00,1072.15,1072.25,1071.55,1072.0,12650,6404750
TATACHEM_F2,29-08-2023,11:21:00,1071.95,1072.0,1071.95,1072.0,7700,6422350
TATACHEM_F2,29-08-2023,11:22:00,1072.0,1072.0,1071.9,1071.9,6600,6422350
TATACHEM_F2,29-08-2023,11:23:00,1071.9,1072.0,1071.8,1072.0,7700,6435550
TATACHEM_F2,29-08-2023,11:24:00,1072.0,1072.55,1071.7,1072.55,8800,6435550
TATACHEM_F2,29-08-2023,11:25:00,1072.55,1072.7,1072.1,1072.15,17600,6435550
TATACHEM_F2,29-08-2023,11:26:00,1072.05,1072.35,1071.25,1071.25,11550,6443800
TATACHEM_F2,29-08-2023,11:27:00,1071.25,1071.35,1071.0,1071.0,11550,6443800
TATACHEM_F2,29-08-2023,11:28:00,1071.0,1071.2,1070.35,1070.45,12650,6443800
TATACHEM_F2,29-08-2023,11:29:00,1070.25,1070.3,1068.45,1068.45,42350,6443800
TATACHEM_F2,29-08-2023,11:30:00,1068.45,1068.45,1067.0,1067.25,51150,6428400
TATACHEM_F2,29-08-2023,11:31:00,1067.25,1068.6,1067.25,1068.5,23650,6428400
TATACHEM_F2,29-08-2023,11:32:00,1068.5,1071.15,1068.5,1070.5,25850,6428400
TATACHEM_F2,29-08-2023,11:33:00,1070.05,1070.95,1070.05,1070.7,9900,6426750
TATACHEM_F2,29-08-2023,11:34:00,1070.05,1070.05,1068.95,1069.1,12650,6426750
TATACHEM_F2,29-08-2023,11:35:00,1069.5,1070.75,1068.6,1070.75,23100,6426750
TATACHEM_F2,29-08-2023,11:36:00,1070.75,1071.85,1070.0,1071.85,9900,6434450
TATACHEM_F2,29-08-2023,11:37:00,1070.6,1071.75,1070.55,1070.6,13200,6434450
TATACHEM_F2,29-08-2023,11:38:00,1070.0,1070.45,1070.0,1070.4,7700,6434450
TATACHEM_F2,29-08-2023,11:39:00,1070.4,1070.4,1068.95,1069.3,22000,6443250
TATACHEM_F2,29-08-2023,11:40:00,1069.0,1070.0,1067.4,1068.0,22550,6443250
TATACHEM_F2,29-08-2023,11:41:00,1068.0,1069.0,1068.0,1068.7,33550,6443250
TATACHEM_F2,29-08-2023,11:42:00,1068.9,1069.0,1068.75,1069.0,6600,6320600
TATACHEM_F2,29-08-2023,11:43:00,1068.95,1069.0,1068.95,1069.0,9350,6320600
TATACHEM_F2,29-08-2023,11:44:00,1069.0,1071.5,1069.0,1071.5,7700,6320600
TATACHEM_F2,29-08-2023,11:45:00,1071.5,1071.5,1070.0,1070.0,21450,6332700
TATACHEM_F2,29-08-2023,11:46:00,1070.0,1070.3,1069.55,1070.3,6050,6332700
TATACHEM_F2,29-08-2023,11:47:00,1070.3,1070.3,1068.75,1068.75,9350,6332700
TATACHEM_F2,29-08-2023,11:48:00,1069.5,1069.5,1069.0,1069.0,7150,6358000
TATACHEM_F2,29-08-2023,11:49:00,1068.5,1068.5,1068.5,1068.5,9900,6358000
TATACHEM_F2,29-08-2023,11:50:00,1068.5,1069.0,1068.5,1069.0,11550,6358000
TATACHEM_F2,29-08-2023,11:51:00,1069.0,1070.3,1068.55,1070.3,13200,6375600
TATACHEM_F2,29-08-2023,11:52:00,1069.1,1070.2,1069.1,1070.2,8800,6375600
TATACHEM_F2,29-08-2023,11:53:00,1070.2,1070.2,1070.2,1070.2,3300,6375600
TATACHEM_F2,29-08-2023,11:54:00,1070.2,1070.2,1069.2,1069.9,12650,6387700
TATACHEM_F2,29-08-2023,11:55:00,1069.5,1069.5,1069.05,1069.05,10450,6387700
TATACHEM_F2,29-08-2023,11:56:00,1069.05,1069.05,1069.0,1069.0,3850,6387700
TATACHEM_F2,29-08-2023,11:57:00,1069.05,1071.55,1069.05,1070.55,44550,6378350
TATACHEM_F2,29-08-2023,11:58:00,1070.55,1071.9,1070.55,1071.9,28600,6378350
TATACHEM_F2,29-08-2023,11:59:00,1071.65,1071.65,1070.85,1070.85,7700,6378350
TATACHEM_F2,29-08-2023,12:00:00,1070.85,1070.85,1068.55,1068.85,14850,6305200
TATACHEM_F2,29-08-2023,12:01:00,1068.6,1069.15,1067.95,1068.8,17600,6305200
TATACHEM_F2,29-08-2023,12:02:00,1068.45,1068.45,1068.1,1068.1,2200,6305200
TATACHEM_F2,29-08-2023,12:03:00,1067.95,1069.9,1067.95,1069.8,20350,6331050
TATACHEM_F2,29-08-2023,12:04:00,1070.0,1071.4,1069.35,1070.7,30250,6331050
TATACHEM_F2,29-08-2023,12:05:00,1070.7,1070.7,1069.55,1070.3,7700,6331050
TATACHEM_F2,29-08-2023,12:06:00,1070.3,1071.05,1070.3,1071.05,15400,6327200
TATACHEM_F2,29-08-2023,12:07:00,1071.05,1071.55,1071.05,1071.55,10450,6327200
TATACHEM_F2,29-08-2023,12:08:00,1071.55,1071.6,1070.85,1071.25,7700,6327200
TATACHEM_F2,29-08-2023,12:09:00,1071.25,1072.45,1071.25,1072.45,11550,6325550
TATACHEM_F2,29-08-2023,12:10:00,1072.45,1073.45,1072.45,1073.45,17600,6325550
TATACHEM_F2,29-08-2023,12:11:00,1073.6,1073.7,1072.85,1073.3,15400,6325550
TATACHEM_F2,29-08-2023,12:12:00,1073.45,1073.6,1072.85,1072.85,9900,6346450
TATACHEM_F2,29-08-2023,12:13:00,1073.5,1073.6,1073.4,1073.4,7700,6346450
TATACHEM_F2,29-08-2023,12:14:00,1073.35,1073.35,1072.35,1073.05,5500,6346450
TATACHEM_F2,29-08-2023,12:15:00,1073.2,1073.4,1073.2,1073.4,12650,6358000
TATACHEM_F2,29-08-2023,12:16:00,1074.0,1074.65,1073.6,1074.55,12100,6358000
TATACHEM_F2,29-08-2023,12:17:00,1074.9,1075.7,1074.55,1074.55,18700,6358000
TATACHEM_F2,29-08-2023,12:18:00,1074.95,1075.8,1074.6,1075.5,23650,6367350
TATACHEM_F2,29-08-2023,12:19:00,1074.7,1075.65,1074.45,1075.65,13750,6367350
TATACHEM_F2,29-08-2023,12:20:00,1075.6,1075.8,1075.6,1075.8,8800,6367350
TATACHEM_F2,29-08-2023,12:21:00,1075.8,1075.8,1075.0,1075.45,18700,6375050
TATACHEM_F2,29-08-2023,12:22:00,1075.0,1075.5,1075.0,1075.5,11550,6375050
TATACHEM_F2,29-08-2023,12:23:00,1076.0,1077.65,1076.0,1077.15,44550,6375050
TATACHEM_F2,29-08-2023,12:24:00,1077.0,1077.75,1076.35,1076.35,18700,6399250
TATACHEM_F2,29-08-2023,12:25:00,1076.35,1076.45,1076.05,1076.45,7150,6399250
TATACHEM_F2,29-08-2023,12:26:00,1076.45,1076.45,1075.6,1075.6,5500,6399250
TATACHEM_F2,29-08-2023,12:27:00,1075.6,1075.6,1074.3,1074.3,8250,6404200
TATACHEM_F2,29-08-2023,12:28:00,1074.95,1074.95,1074.2,1074.55,6600,6404200
TATACHEM_F2,29-08-2023,12:29:00,1074.1,1074.1,1073.45,1073.75,7150,6404200
TATACHEM_F2,29-08-2023,12:30:00,1073.95,1074.1,1073.95,1073.95,12100,6402550
TATACHEM_F2,29-08-2023,12:31:00,1074.7,1074.7,1073.8,1073.8,8250,6402550
TATACHEM_F2,29-08-2023,12:32:00,1073.8,1073.8,1073.8,1073.8,9900,6402550
TATACHEM_F2,29-08-2023,12:33:00,1073.8,1074.4,1073.8,1074.4,10450,6420150
TATACHEM_F2,29-08-2023,12:34:00,1074.4,1074.4,1073.7,1073.7,10450,6420150
TATACHEM_F2,29-08-2023,12:35:00,1074.45,1074.75,1073.7,1073.7,12650,6420150
TATACHEM_F2,29-08-2023,12:36:00,1074.5,1076.35,1074.5,1076.25,24200,6435550
TATACHEM_F2,29-08-2023,12:37:00,1076.25,1076.25,1075.35,1075.35,6600,6435550
TATACHEM_F2,29-08-2023,12:38:00,1075.6,1075.6,1075.0,1075.0,7150,6435550
TATACHEM_F2,29-08-2023,12:39:00,1075.35,1075.45,1074.3,1075.45,17600,6439400
TATACHEM_F2,29-08-2023,12:40:00,1074.0,1074.5,1073.8,1074.5,7150,6439400
TATACHEM_F2,29-08-2023,12:41:00,1074.75,1074.75,1074.15,1074.15,12650,6439400
TATACHEM_F2,29-08-2023,12:42:00,1074.15,1075.15,1074.15,1075.0,5500,6455350
TATACHEM_F2,29-08-2023,12:43:00,1075.0,1075.0,1074.55,1074.6,4950,6455350
TATACHEM_F2,29-08-2023,12:44:00,1074.6,1074.6,1074.6,1074.6,7150,6455350
TATACHEM_F2,29-08-2023,12:45:00,1074.5,1074.5,1074.0,1074.0,3850,6464700
TATACHEM_F2,29-08-2023,12:46:00,1073.9,1074.25,1073.9,1074.25,6050,6464700
TATACHEM_F2,29-08-2023,12:47:00,1074.05,1074.05,1074.05,1074.05,6050,6464700
TATACHEM_F2,29-08-2023,12:48:00,1074.15,1074.15,1074.05,1074.05,8250,6473500
TATACHEM_F2,29-08-2023,12:49:00,1074.0,1074.0,1074.0,1074.0,5500,6473500
TATACHEM_F2,29-08-2023,12:50:00,1074.0,1074.0,1074.0,1074.0,5500,6473500
TATACHEM_F2,29-08-2023,12:51:00,1073.7,1073.7,1073.55,1073.55,13750,6489450
TATACHEM_F2,29-08-2023,12:52:00,1073.95,1073.95,1073.55,1073.55,6050,6489450
TATACHEM_F2,29-08-2023,12:53:00,1073.55,1073.55,1073.55,1073.55,9900,6489450
TATACHEM_F2,29-08-2023,12:54:00,1073.8,1074.0,1073.8,1074.0,4950,6507050
TATACHEM_F2,29-08-2023,12:55:00,1074.0,1074.0,1073.9,1073.95,4950,6507050
TATACHEM_F2,29-08-2023,12:56:00,1073.85,1073.85,1073.2,1073.2,11550,6507050
TATACHEM_F2,29-08-2023,12:57:00,1073.5,1073.5,1073.5,1073.5,4950,6520250
TATACHEM_F2,29-08-2023,12:58:00,1073.4,1074.0,1073.4,1074.0,11550,6520250
TATACHEM_F2,29-08-2023,12:59:00,1074.0,1074.0,1073.95,1074.0,8250,6520250
TATACHEM_F2,29-08-2023,13:00:00,1074.0,1074.0,1074.0,1074.0,4400,6538400
TATACHEM_F2,29-08-2023,13:01:00,1074.0,1074.0,1074.0,1074.0,8800,6538400
TATACHEM_F2,29-08-2023,13:02:00,1074.45,1074.55,1074.45,1074.5,8250,6538400
TATACHEM_F2,29-08-2023,13:03:00,1073.85,1073.85,1073.6,1073.6,8800,6553800
TATACHEM_F2,29-08-2023,13:04:00,1073.6,1074.45,1073.6,1074.45,4400,6553800
TATACHEM_F2,29-08-2023,13:05:00,1073.75,1073.75,1073.65,1073.65,9350,6553800
TATACHEM_F2,29-08-2023,13:06:00,1073.65,1073.65,1073.65,1073.65,8800,6564250
TATACHEM_F2,29-08-2023,13:07:00,1073.65,1073.65,1073.4,1073.4,7700,6564250
TATACHEM_F2,29-08-2023,13:08:00,1073.4,1074.45,1073.4,1074.45,15400,6564250
TATACHEM_F2,29-08-2023,13:09:00,1074.45,1074.45,1073.85,1073.85,6600,6579650
TATACHEM_F2,29-08-2023,13:10:00,1073.9,1073.9,1073.85,1073.85,8250,6579650
TATACHEM_F2,29-08-2023,13:11:00,1074.35,1075.0,1074.0,1074.2,14850,6579650
TATACHEM_F2,29-08-2023,13:12:00,1074.1,1074.2,1074.1,1074.2,2750,6592300
TATACHEM_F2,29-08-2023,13:13:00,1074.2,1075.3,1074.2,1074.85,15400,6592300
TATACHEM_F2,29-08-2023,13:14:00,1075.2,1075.2,1072.4,1072.4,20900,6592300
TATACHEM_F2,29-08-2023,13:15:00,1072.4,1072.4,1072.05,1072.05,7700,6589000
TATACHEM_F2,29-08-2023,13:16:00,1072.0,1072.0,1072.0,1072.0,7700,6589000
TATACHEM_F2,29-08-2023,13:17:00,1071.8,1071.9,1071.15,1071.15,14850,6589000
TATACHEM_F2,29-08-2023,13:18:00,1071.15,1071.85,1071.15,1071.65,8250,6585700
TATACHEM_F2,29-08-2023,13:19:00,1071.65,1071.65,1071.65,1071.65,3850,6585700
TATACHEM_F2,29-08-2023,13:20:00,1071.55,1071.55,1071.25,1071.3,7700,6585700
TATACHEM_F2,29-08-2023,13:21:00,1071.3,1071.6,1071.3,1071.6,5500,6584050
TATACHEM_F2,29-08-2023,13:22:00,1071.6,1071.9,1071.1,1071.45,14850,6584050
TATACHEM_F2,29-08-2023,13:23:00,1070.5,1070.9,1070.5,1070.9,8800,6584050
TATACHEM_F2,29-08-2023,13:24:00,1070.9,1071.9,1070.6,1071.85,17050,6591200
TATACHEM_F2,29-08-2023,13:25:00,1071.15,1071.15,1071.15,1071.15,5500,6591200
TATACHEM_F2,29-08-2023,13:26:00,1072.05,1072.5,1072.05,1072.5,9350,6591200
TATACHEM_F2,29-08-2023,13:27:00,1072.5,1072.5,1070.75,1070.75,8800,6591750
TATACHEM_F2,29-08-2023,13:28:00,1070.75,1070.85,1070.75,1070.85,3300,6591750
TATACHEM_F2,29-08-2023,13:29:00,1070.85,1071.65,1070.85,1071.65,6050,6591750
TATACHEM_F2,29-08-2023,13:30:00,1071.65,1072.35,1071.65,1071.95,17600,6604950
TATACHEM_F2,29-08-2023,13:31:00,1071.95,1071.95,1070.95,1070.95,4950,6604950
TATACHEM_F2,29-08-2023,13:32:00,1070.85,1070.85,1070.6,1070.6,7150,6604950
TATACHEM_F2,29-08-2023,13:33:00,1070.6,1071.65,1070.6,1071.15,6050,6614850
TATACHEM_F2,29-08-2023,13:34:00,1071.15,1072.5,1071.15,1072.5,7700,6614850
TATACHEM_F2,29-08-2023,13:35:00,1072.5,1072.9,1072.1,1072.1,8250,6614850
TATACHEM_F2,29-08-2023,13:36:00,1072.2,1072.2,1071.65,1071.65,8800,6633550
TATACHEM_F2,29-08-2023,13:37:00,1071.6,1071.8,1071.4,1071.7,8250,6633550
TATACHEM_F2,29-08-2023,13:38:00,1071.7,1072.8,1071.7,1072.8,6050,6633550
TATACHEM_F2,29-08-2023,13:39:00,1071.6,1071.6,1071.6,1071.6,4950,6646200
TATACHEM_F2,29-08-2023,13:40:00,1071.6,1072.55,1071.6,1072.55,5500,6646200
TATACHEM_F2,29-08-2023,13:41:00,1072.55,1072.8,1072.55,1072.8,14300,6646200
TATACHEM_F2,29-08-2023,13:42:00,1072.8,1072.8,1072.2,1072.2,3850,6667650
TATACHEM_F2,29-08-2023,13:43:00,1072.2,1072.2,1072.2,1072.2,6050,6667650
TATACHEM_F2,29-08-2023,13:44:00,1072.2,1072.2,1071.8,1071.8,3300,6667650
TATACHEM_F2,29-08-2023,13:45:00,1071.8,1072.85,1071.8,1072.5,13750,6679200
TATACHEM_F2,29-08-2023,13:46:00,1072.85,1072.85,1072.35,1072.35,37950,6679200
TATACHEM_F2,29-08-2023,13:47:00,1072.35,1072.35,1072.0,1072.0,4950,6679200
TATACHEM_F2,29-08-2023,13:48:00,1072.0,1072.2,1072.0,1072.2,6600,6704500
TATACHEM_F2,29-08-2023,13:49:00,1072.2,1072.65,1071.85,1072.65,7150,6704500
TATACHEM_F2,29-08-2023,13:50:00,1072.65,1072.65,1072.55,1072.55,3850,6704500
TATACHEM_F2,29-08-2023,13:51:00,1072.55,1072.55,1072.35,1072.35,5500,6708350
TATACHEM_F2,29-08-2023,13:52:00,1072.5,1072.5,1071.8,1071.8,6050,6708350
TATACHEM_F2,29-08-2023,13:53:00,1071.8,1072.1,1071.75,1071.75,7150,6708350
TATACHEM_F2,29-08-2023,13:54:00,1072.1,1072.1,1071.7,1071.8,10450,6711100
TATACHEM_F2,29-08-2023,13:55:00,1071.9,1071.9,1071.4,1071.85,19800,6711100
TATACHEM_F2,29-08-2023,13:56:00,1071.85,1071.85,1071.15,1071.15,13750,6711100
TATACHEM_F2,29-08-2023,13:57:00,1071.65,1071.7,1071.25,1071.7,6050,6725400
TATACHEM_F2,29-08-2023,13:58:00,1071.1,1071.1,1070.9,1070.9,17600,6725400
TATACHEM_F2,29-08-2023,13:59:00,1070.9,1070.9,1070.65,1070.65,9350,6725400
TATACHEM_F2,29-08-2023,14:00:00,1070.65,1070.75,1070.4,1070.45,9900,6732550
TATACHEM_F2,29-08-2023,14:01:00,1070.8,1071.25,1070.8,1071.0,12100,6732550
TATACHEM_F2,29-08-2023,14:02:00,1071.0,1071.55,1071.0,1071.3,2750,6732550
TATACHEM_F2,29-08-2023,14:03:00,1071.8,1072.75,1071.8,1072.6,13200,6738050
TATACHEM_F2,29-08-2023,14:04:00,1072.2,1072.45,1072.2,1072.25,8800,6738050
TATACHEM_F2,29-08-2023,14:05:00,1072.7,1073.0,1071.35,1071.5,17600,6738050
TATACHEM_F2,29-08-2023,14:06:00,1071.5,1072.75,1071.45,1072.75,5500,6746300
TATACHEM_F2,29-08-2023,14:07:00,1072.45,1072.45,1071.55,1071.55,8800,6746300
TATACHEM_F2,29-08-2023,14:08:00,1071.5,1071.65,1071.5,1071.65,5500,6746300
TATACHEM_F2,29-08-2023,14:09:00,1071.5,1072.25,1071.25,1072.25,9350,6751800
TATACHEM_F2,29-08-2023,14:10:00,1072.0,1072.0,1071.35,1071.35,7150,6751800
TATACHEM_F2,29-08-2023,14:11:00,1071.35,1071.45,1070.75,1071.45,9900,6751800
TATACHEM_F2,29-08-2023,14:12:00,1071.45,1071.55,1071.4,1071.55,7700,6769400
TATACHEM_F2,29-08-2023,14:13:00,1072.05,1072.15,1070.75,1070.75,10450,6769400
TATACHEM_F2,29-08-2023,14:14:00,1071.25,1071.4,1070.9,1070.9,8250,6769400
TATACHEM_F2,29-08-2023,14:15:00,1070.9,1071.35,1070.8,1070.8,4950,6781500
TATACHEM_F2,29-08-2023,14:16:00,1070.8,1070.8,1070.5,1070.5,6600,6781500
TATACHEM_F2,29-08-2023,14:17:00,1070.9,1070.9,1070.6,1070.6,8250,6781500
TATACHEM_F2,29-08-2023,14:18:00,1071.0,1071.2,1070.65,1071.2,8250,6792500
TATACHEM_F2,29-08-2023,14:19:00,1071.0,1071.7,1071.0,1071.65,15400,6792500
TATACHEM_F2,29-08-2023,14:20:00,1070.85,1071.55,1070.85,1071.45,11550,6792500
TATACHEM_F2,29-08-2023,14:21:00,1071.65,1071.9,1070.8,1071.65,8250,6804600
TATACHEM_F2,29-08-2023,14:22:00,1071.65,1071.8,1071.35,1071.8,8800,6804600
TATACHEM_F2,29-08-2023,14:23:00,1071.8,1071.85,1070.7,1071.15,9350,6804600
TATACHEM_F2,29-08-2023,14:24:00,1071.15,1071.15,1070.05,1070.4,24750,6813950
TATACHEM_F2,29-08-2023,14:25:00,1070.4,1070.4,1070.0,1070.25,9900,6813950
TATACHEM_F2,29-08-2023,14:26:00,1070.0,1070.0,1069.05,1069.8,20900,6813950
TATACHEM_F2,29-08-2023,14:27:00,1069.6,1069.85,1069.0,1069.0,14850,6830450
TATACHEM_F2,29-08-2023,14:28:00,1069.0,1069.45,1068.35,1068.9,17600,6830450
TATACHEM_F2,29-08-2023,14:29:00,1069.0,1070.95,1068.9,1070.7,22000,6830450
TATACHEM_F2,29-08-2023,14:30:00,1071.0,1071.9,1071.0,1071.3,19800,6848600
TATACHEM_F2,29-08-2023,14:31:00,1071.55,1071.9,1071.45,1071.85,13750,6848600
TATACHEM_F2,29-08-2023,14:32:00,1071.75,1071.9,1071.55,1071.9,10450,6848600
TATACHEM_F2,29-08-2023,14:33:00,1071.9,1071.9,1070.75,1071.7,11550,6864000
TATACHEM_F2,29-08-2023,14:34:00,1071.7,1071.7,1071.15,1071.65,9900,6864000
TATACHEM_F2,29-08-2023,14:35:00,1071.65,1071.7,1071.65,1071.7,3300,6864000
TATACHEM_F2,29-08-2023,14:36:00,1071.8,1071.9,1071.35,1071.4,14300,6868400
TATACHEM_F2,29-08-2023,14:37:00,1071.5,1071.5,1070.5,1070.65,12650,6868400
TATACHEM_F2,29-08-2023,14:38:00,1070.6,1070.95,1070.25,1070.3,9900,6868400
TATACHEM_F2,29-08-2023,14:39:00,1070.2,1070.45,1069.65,1070.4,11550,6880500
TATACHEM_F2,29-08-2023,14:40:00,1070.55,1071.0,1070.55,1071.0,4950,6880500
TATACHEM_F2,29-08-2023,14:41:00,1071.0,1071.0,1070.35,1070.35,8800,6880500
TATACHEM_F2,29-08-2023,14:42:00,1070.35,1070.95,1070.0,1070.0,8250,6859600
TATACHEM_F2,29-08-2023,14:43:00,1070.0,1070.15,1069.65,1070.15,8250,6859600
TATACHEM_F2,29-08-2023,14:44:00,1070.45,1070.8,1070.15,1070.8,11550,6859600
TATACHEM_F2,29-08-2023,14:45:00,1070.8,1070.8,1070.1,1070.1,5500,6875000
TATACHEM_F2,29-08-2023,14:46:00,1070.6,1070.6,1069.8,1069.8,7700,6875000
TATACHEM_F2,29-08-2023,14:47:00,1069.8,1070.2,1069.8,1069.9,8250,6875000
TATACHEM_F2,29-08-2023,14:48:00,1069.9,1069.9,1069.9,1069.9,5500,6886000
TATACHEM_F2,29-08-2023,14:49:00,1069.9,1069.9,1069.9,1069.9,2750,6886000
TATACHEM_F2,29-08-2023,14:50:00,1069.9,1069.9,1069.15,1069.15,11000,6886000
TATACHEM_F2,29-08-2023,14:51:00,1069.15,1069.4,1069.15,1069.4,5500,6901400
TATACHEM_F2,29-08-2023,14:52:00,1069.5,1069.7,1069.5,1069.7,10450,6901400
TATACHEM_F2,29-08-2023,14:53:00,1069.7,1070.0,1069.7,1070.0,8800,6901400
TATACHEM_F2,29-08-2023,14:54:00,1070.0,1070.0,1070.0,1070.0,4400,6910200
TATACHEM_F2,29-08-2023,14:55:00,1070.0,1070.2,1070.0,1070.1,6600,6910200
TATACHEM_F2,29-08-2023,14:56:00,1070.1,1070.1,1068.7,1069.5,17050,6910200
TATACHEM_F2,29-08-2023,14:57:00,1069.5,1070.0,1069.1,1069.95,7700,6921750
TATACHEM_F2,29-08-2023,14:58:00,1070.0,1070.45,1069.7,1070.45,8800,6921750
TATACHEM_F2,29-08-2023,14:59:00,1070.3,1070.3,1069.65,1070.1,11550,6921750
TATACHEM_F2,29-08-2023,15:00:00,1069.95,1070.0,1069.95,1070.0,6600,6933300
TATACHEM_F2,29-08-2023,15:01:00,1070.25,1070.3,1070.25,1070.3,8800,6933300
TATACHEM_F2,29-08-2023,15:02:00,1071.5,1071.5,1071.2,1071.2,21450,6933300
TATACHEM_F2,29-08-2023,15:03:00,1071.8,1071.85,1070.45,1071.5,17050,6953650
TATACHEM_F2,29-08-2023,15:04:00,1071.4,1072.3,1071.4,1071.7,11000,6953650
TATACHEM_F2,29-08-2023,15:05:00,1072.55,1072.95,1071.65,1072.95,13750,6953650
TATACHEM_F2,29-08-2023,15:06:00,1072.95,1073.2,1072.6,1072.65,9900,6969600
TATACHEM_F2,29-08-2023,15:07:00,1072.65,1073.8,1072.5,1072.75,14300,6969600
TATACHEM_F2,29-08-2023,15:08:00,1072.2,1072.6,1072.15,1072.3,12650,6969600
TATACHEM_F2,29-08-2023,15:09:00,1072.7,1072.75,1072.2,1072.35,8800,6967400
TATACHEM_F2,29-08-2023,15:10:00,1072.4,1072.4,1071.55,1071.55,14300,6967400
TATACHEM_F2,29-08-2023,15:11:00,1071.55,1072.4,1071.55,1072.35,13200,6967400
TATACHEM_F2,29-08-2023,15:12:00,1072.35,1072.95,1071.95,1072.95,8800,6982250
TATACHEM_F2,29-08-2023,15:13:00,1073.0,1073.0,1071.9,1072.65,11550,6982250
TATACHEM_F2,29-08-2023,15:14:00,1072.45,1072.45,1071.5,1071.75,13750,6982250
TATACHEM_F2,29-08-2023,15:15:00,1071.7,1071.7,1071.15,1071.25,12650,6996550
TATACHEM_F2,29-08-2023,15:16:00,1071.65,1071.65,1070.8,1071.0,15400,6996550
TATACHEM_F2,29-08-2023,15:17:00,1070.75,1070.75,1070.0,1070.55,19250,6996550
TATACHEM_F2,29-08-2023,15:18:00,1070.55,1071.95,1070.5,1071.55,28050,6964100
TATACHEM_F2,29-08-2023,15:19:00,1071.8,1071.9,1071.0,1071.0,20350,6964100
TATACHEM_F2,29-08-2023,15:20:00,1070.85,1071.3,1070.2,1071.0,8800,6964100
TATACHEM_F2,29-08-2023,15:21:00,1070.65,1071.2,1070.0,1071.0,89650,6997100
TATACHEM_F2,29-08-2023,15:22:00,1071.0,1071.0,1070.2,1070.2,11000,6997100
TATACHEM_F2,29-08-2023,15:23:00,1070.15,1070.55,1070.0,1070.5,15950,6997100
TATACHEM_F2,29-08-2023,15:24:00,1070.45,1070.7,1070.45,1070.6,21450,7037800
TATACHEM_F2,29-08-2023,15:25:00,1070.45,1070.45,1070.45,1070.45,8800,7037800
TATACHEM_F2,29-08-2023,15:26:00,1070.4,1070.6,1070.4,1070.6,26400,7037800
TATACHEM_F2,29-08-2023,15:27:00,1071.0,1072.95,1071.0,1072.6,32450,7044400
TATACHEM_F2,29-08-2023,15:28:00,1072.95,1073.7,1072.1,1073.3,26950,7044400
TATACHEM_F2,29-08-2023,15:29:00,1073.3,1074.95,1073.3,1074.55,23650,7044400
TATACHEM_F2,30-08-2023,09:15:00,1079.95,1082.9,1074.55,1082.9,34653,6378900
TATACHEM_F2,30-08-2023,09:16:00,1083.0,1083.0,1083.0,1083.0,50600,6378900
TATACHEM_F2,30-08-2023,09:17:00,1076.6,1076.8,1073.75,1073.75,56100,6415200
TATACHEM_F2,30-08-2023,09:18:00,1076.35,1076.9,1075.85,1076.5,36850,6415200
TATACHEM_F2,30-08-2023,09:19:00,1075.6,1077.4,1075.55,1076.05,25300,6415200
TATACHEM_F2,30-08-2023,09:20:00,1076.55,1079.65,1075.7,1079.1,37400,6453700
TATACHEM_F2,30-08-2023,09:21:00,1079.2,1079.95,1078.9,1079.2,24200,6453700
TATACHEM_F2,30-08-2023,09:22:00,1079.75,1079.75,1076.15,1076.2,22000,6453700
TATACHEM_F2,30-08-2023,09:23:00,1077.6,1078.85,1077.55,1078.15,19800,6480100
TATACHEM_F2,30-08-2023,09:24:00,1078.35,1079.8,1078.15,1079.45,30800,6480100
TATACHEM_F2,30-08-2023,09:25:00,1078.45,1078.95,1077.2,1077.9,32450,6480100
TATACHEM_F2,30-08-2023,09:26:00,1077.85,1078.1,1077.1,1077.25,10450,6495500
TATACHEM_F2,30-08-2023,09:27:00,1077.5,1078.45,1077.5,1078.45,12650,6495500
TATACHEM_F2,30-08-2023,09:28:00,1078.45,1078.95,1077.75,1078.0,18150,6495500
TATACHEM_F2,30-08-2023,09:29:00,1078.7,1078.7,1077.65,1077.65,25300,6495500
TATACHEM_F2,30-08-2023,09:30:00,1078.1,1083.5,1078.1,1083.5,67650,6518050
TATACHEM_F2,30-08-2023,09:31:00,1083.05,1085.0,1082.55,1083.25,49500,6518050
TATACHEM_F2,30-08-2023,09:32:00,1084.0,1084.0,1082.0,1083.5,26950,6557650
TATACHEM_F2,30-08-2023,09:33:00,1083.15,1083.5,1081.15,1082.05,14850,6557650
TATACHEM_F2,30-08-2023,09:34:00,1082.1,1083.05,1081.6,1083.05,18700,6557650
TATACHEM_F2,30-08-2023,09:35:00,1082.5,1083.05,1082.1,1082.95,13200,6557650
TATACHEM_F2,30-08-2023,09:36:00,1083.1,1083.45,1081.6,1081.6,23650,6557650
TATACHEM_F2,30-08-2023,09:37:00,1081.3,1081.3,1080.0,1080.0,23100,6557650
TATACHEM_F2,30-08-2023,09:38:00,1080.1,1080.35,1079.8,1080.35,6050,6563700
TATACHEM_F2,30-08-2023,09:39:00,1080.0,1080.0,1078.85,1079.0,17050,6563700
TATACHEM_F2,30-08-2023,09:40:00,1079.5,1080.1,1079.25,1080.1,7700,6563700
TATACHEM_F2,30-08-2023,09:41:00,1080.1,1080.1,1079.6,1079.6,8250,6581850
TATACHEM_F2,30-08-2023,09:42:00,1080.05,1082.05,1079.55,1082.05,36850,6581850
TATACHEM_F2,30-08-2023,09:43:00,1081.45,1082.15,1081.45,1082.15,7700,6581850
TATACHEM_F2,30-08-2023,09:44:00,1082.55,1082.55,1080.75,1081.0,12650,6597800
TATACHEM_F2,30-08-2023,09:45:00,1080.85,1080.85,1080.3,1080.3,10450,6597800
TATACHEM_F2,30-08-2023,09:46:00,1080.3,1080.75,1079.5,1079.5,23100,6597800
TATACHEM_F2,30-08-2023,09:47:00,1079.5,1079.75,1079.0,1079.75,10450,6607150
TATACHEM_F2,30-08-2023,09:48:00,1079.6,1080.0,1079.5,1079.75,11000,6607150
TATACHEM_F2,30-08-2023,09:49:00,1079.75,1079.75,1079.3,1079.3,9350,6607150
TATACHEM_F2,30-08-2023,09:50:00,1079.6,1080.65,1079.55,1080.65,13200,6617600
TATACHEM_F2,30-08-2023,09:51:00,1080.4,1080.4,1080.1,1080.1,8250,6617600
TATACHEM_F2,30-08-2023,09:52:00,1080.1,1080.5,1080.1,1080.2,9350,6617600
TATACHEM_F2,30-08-2023,09:53:00,1080.2,1080.85,1080.1,1080.85,24750,6636300
TATACHEM_F2,30-08-2023,09:54:00,1080.05,1080.5,1079.5,1079.5,7150,6636300
TATACHEM_F2,30-08-2023,09:55:00,1079.5,1079.5,1079.25,1079.25,7700,6636300
TATACHEM_F2,30-08-2023,09:56:00,1079.8,1080.25,1079.8,1080.25,11000,6644000
TATACHEM_F2,30-08-2023,09:57:00,1080.6,1080.95,1079.8,1080.95,10450,6644000
TATACHEM_F2,30-08-2023,09:58:00,1080.4,1080.55,1080.4,1080.55,12650,6644000
TATACHEM_F2,30-08-2023,09:59:00,1080.55,1081.0,1080.55,1081.0,7150,6652800
TATACHEM_F2,30-08-2023,10:00:00,1081.0,1083.85,1081.0,1081.65,46200,6652800
TATACHEM_F2,30-08-2023,10:01:00,1081.95,1082.0,1081.45,1081.75,9900,6652800
TATACHEM_F2,30-08-2023,10:02:00,1081.75,1082.65,1081.75,1082.65,8250,6673700
TATACHEM_F2,30-08-2023,10:03:00,1082.65,1082.9,1082.05,1082.2,11000,6673700
TATACHEM_F2,30-08-2023,10:04:00,1082.3,1083.25,1082.3,1083.05,11000,6673700
TATACHEM_F2,30-08-2023,10:05:00,1082.7,1083.5,1082.1,1083.5,15950,6681400
TATACHEM_F2,30-08-2023,10:06:00,1083.65,1083.75,1083.2,1083.3,16500,6681400
TATACHEM_F2,30-08-2023,10:07:00,1083.2,1083.85,1083.2,1083.85,8250,6681400
TATACHEM_F2,30-08-2023,10:08:00,1083.85,1083.85,1083.5,1083.5,19800,6681400
TATACHEM_F2,30-08-2023,10:09:00,1086.0,1086.2,1084.95,1084.95,53900,6691300
TATACHEM_F2,30-08-2023,10:10:00,1084.65,1084.65,1080.05,1080.45,69300,6691300
TATACHEM_F2,30-08-2023,10:11:00,1080.0,1080.5,1076.45,1078.3,71500,6687450
TATACHEM_F2,30-08-2023,10:12:00,1078.0,1078.7,1077.35,1078.3,15400,6687450
TATACHEM_F2,30-08-2023,10:13:00,1078.3,1079.2,1078.3,1079.2,7700,6687450
TATACHEM_F2,30-08-2023,10:14:00,1079.2,1079.2,1078.85,1078.9,9900,6695700
TATACHEM_F2,30-08-2023,10:15:00,1078.05,1078.05,1076.6,1076.95,12100,6695700
TATACHEM_F2,30-08-2023,10:16:00,1076.95,1076.95,1076.55,1076.55,4400,6695700
TATACHEM_F2,30-08-2023,10:17:00,1076.3,1076.6,1076.3,1076.5,6600,6685800
TATACHEM_F2,30-08-2023,10:18:00,1077.0,1077.0,1075.15,1075.75,14300,6685800
TATACHEM_F2,30-08-2023,10:19:00,1075.75,1075.75,1075.0,1075.3,13200,6685800
TATACHEM_F2,30-08-2023,10:20:00,1075.15,1075.45,1074.65,1075.1,17050,6697900
TATACHEM_F2,30-08-2023,10:21:00,1075.2,1075.2,1072.2,1073.9,22550,6697900
TATACHEM_F2,30-08-2023,10:22:00,1074.3,1074.3,1073.1,1073.1,15400,6697900
TATACHEM_F2,30-08-2023,10:23:00,1073.1,1073.1,1071.7,1073.0,36300,6699550
TATACHEM_F2,30-08-2023,10:24:00,1073.0,1073.95,1072.15,1073.4,26400,6699550
TATACHEM_F2,30-08-2023,10:25:00,1072.95,1074.05,1072.85,1074.05,8800,6699550
TATACHEM_F2,30-08-2023,10:26:00,1073.95,1074.0,1073.3,1074.0,5500,6699550
TATACHEM_F2,30-08-2023,10:27:00,1074.2,1075.0,1074.2,1075.0,8800,6701750
TATACHEM_F2,30-08-2023,10:28:00,1075.0,1075.25,1074.85,1075.0,6600,6701750
TATACHEM_F2,30-08-2023,10:29:00,1075.0,1075.8,1075.0,1075.8,8800,6701750
TATACHEM_F2,30-08-2023,10:30:00,1075.8,1076.4,1075.8,1076.35,7700,6714950
TATACHEM_F2,30-08-2023,10:31:00,1076.35,1076.8,1076.2,1076.2,7700,6714950
TATACHEM_F2,30-08-2023,10:32:00,1076.2,1076.2,1075.4,1075.4,4950,6701200
TATACHEM_F2,30-08-2023,10:33:00,1075.4,1076.15,1075.15,1075.75,6050,6701200
TATACHEM_F2,30-08-2023,10:34:00,1075.75,1075.75,1075.75,1075.75,2200,6701200
TATACHEM_F2,30-08-2023,10:35:00,1075.75,1075.75,1075.75,1075.75,2200,6705600
TATACHEM_F2,30-08-2023,10:36:00,1075.75,1076.1,1075.75,1076.05,5500,6705600
TATACHEM_F2,30-08-2023,10:37:00,1076.05,1076.45,1075.5,1076.45,7700,6705600
TATACHEM_F2,30-08-2023,10:38:00,1076.25,1076.25,1075.65,1076.25,4950,6712200
TATACHEM_F2,30-08-2023,10:39:00,1076.25,1076.25,1075.8,1075.8,3850,6712200
TATACHEM_F2,30-08-2023,10:40:00,1075.8,1075.8,1074.3,1074.3,8800,6712200
TATACHEM_F2,30-08-2023,10:41:00,1074.5,1074.75,1074.5,1074.75,18150,6712200
TATACHEM_F2,30-08-2023,10:42:00,1074.75,1074.75,1074.25,1074.25,5500,6727050
TATACHEM_F2,30-08-2023,10:43:00,1074.25,1074.55,1074.25,1074.55,4950,6727050
TATACHEM_F2,30-08-2023,10:44:00,1074.8,1074.8,1074.05,1074.75,7700,6733100
TATACHEM_F2,30-08-2023,10:45:00,1074.6,1074.6,1074.6,1074.6,4950,6733100
TATACHEM_F2,30-08-2023,10:46:00,1074.25,1074.7,1074.25,1074.7,4950,6733100
TATACHEM_F2,30-08-2023,10:47:00,1074.7,1074.7,1074.55,1074.55,5500,6733100
TATACHEM_F2,30-08-2023,10:48:00,1074.55,1075.0,1074.55,1074.75,5500,6738600
TATACHEM_F2,30-08-2023,10:49:00,1074.55,1074.6,1074.5,1074.6,6600,6738600
TATACHEM_F2,30-08-2023,10:50:00,1074.6,1075.0,1074.6,1075.0,5500,6738600
TATACHEM_F2,30-08-2023,10:51:00,1073.65,1074.3,1073.65,1074.3,12650,6747400
TATACHEM_F2,30-08-2023,10:52:00,1074.4,1075.0,1074.4,1074.9,7700,6747400
TATACHEM_F2,30-08-2023,10:53:00,1074.9,1074.9,1074.85,1074.85,5500,6760600
TATACHEM_F2,30-08-2023,10:54:00,1074.85,1074.85,1074.3,1074.5,4950,6760600
TATACHEM_F2,30-08-2023,10:55:00,1074.55,1074.9,1074.55,1074.9,13750,6760600
TATACHEM_F2,30-08-2023,10:56:00,1074.4,1074.55,1073.85,1074.25,10450,6774900
TATACHEM_F2,30-08-2023,10:57:00,1074.25,1074.25,1074.25,1074.25,3850,6774900
TATACHEM_F2,30-08-2023,10:58:00,1074.25,1074.25,1073.4,1073.9,9350,6774900
TATACHEM_F2,30-08-2023,10:59:00,1073.3,1074.4,1073.3,1073.65,9900,6789750
TATACHEM_F2,30-08-2023,11:00:00,1073.35,1073.4,1072.45,1072.5,20350,6789750
TATACHEM_F2,30-08-2023,11:01:00,1073.15,1073.4,1073.15,1073.4,14850,6789750
TATACHEM_F2,30-08-2023,11:02:00,1073.4,1074.0,1073.4,1073.55,6600,6789750
TATACHEM_F2,30-08-2023,11:03:00,1073.55,1073.7,1073.15,1073.7,12100,6794700
TATACHEM_F2,30-08-2023,11:04:00,1073.7,1073.7,1072.65,1073.25,13200,6794700
TATACHEM_F2,30-08-2023,11:05:00,1073.25,1073.25,1073.25,1073.25,3850,6794700
TATACHEM_F2,30-08-2023,11:06:00,1073.25,1073.75,1073.15,1073.15,8800,6809550
TATACHEM_F2,30-08-2023,11:07:00,1073.15,1073.55,1073.15,1073.55,2750,6809550
TATACHEM_F2,30-08-2023,11:08:00,1073.15,1073.15,1073.15,1073.15,8250,6809550
TATACHEM_F2,30-08-2023,11:09:00,1073.15,1073.65,1073.15,1073.2,13750,6809000
TATACHEM_F2,30-08-2023,11:10:00,1073.2,1073.2,1073.2,1073.2,2750,6809000
TATACHEM_F2,30-08-2023,11:11:00,1073.25,1073.5,1073.25,1073.5,9350,6809000
TATACHEM_F2,30-08-2023,11:12:00,1073.5,1073.55,1073.5,1073.55,2750,6822750
TATACHEM_F2,30-08-2023,11:13:00,1073.55,1073.55,1073.55,1073.55,7700,6822750
TATACHEM_F2,30-08-2023,11:14:00,1073.55,1073.7,1072.2,1072.2,13200,6833200
TATACHEM_F2,30-08-2023,11:15:00,1072.2,1073.35,1072.2,1073.35,5500,6833200
TATACHEM_F2,30-08-2023,11:16:00,1073.05,1073.65,1073.05,1073.25,8800,6833200
TATACHEM_F2,30-08-2023,11:17:00,1073.4,1073.4,1073.4,1073.4,5500,6833200
TATACHEM_F2,30-08-2023,11:18:00,1073.4,1073.4,1073.3,1073.3,7150,6839250
TATACHEM_F2,30-08-2023,11:19:00,1073.3,1073.3,1073.3,1073.3,4400,6839250
TATACHEM_F2,30-08-2023,11:20:00,1073.7,1073.7,1073.65,1073.65,9900,6839250
TATACHEM_F2,30-08-2023,11:21:00,1073.8,1074.45,1073.8,1074.45,12650,6851350
TATACHEM_F2,30-08-2023,11:22:00,1074.45,1074.45,1073.95,1073.95,4950,6851350
TATACHEM_F2,30-08-2023,11:23:00,1073.95,1074.3,1073.5,1073.5,8250,6851350
TATACHEM_F2,30-08-2023,11:24:00,1073.5,1073.65,1073.5,1073.65,11000,6867300
TATACHEM_F2,30-08-2023,11:25:00,1073.65,1073.9,1073.65,1073.9,9900,6867300
TATACHEM_F2,30-08-2023,11:26:00,1073.85,1073.85,1073.85,1073.85,8250,6867300
TATACHEM_F2,30-08-2023,11:27:00,1074.05,1074.05,1073.85,1073.85,7700,6889850
TATACHEM_F2,30-08-2023,11:28:00,1073.85,1074.05,1073.6,1074.05,11550,6889850
TATACHEM_F2,30-08-2023,11:29:00,1073.85,1073.85,1072.4,1072.4,10450,6889850
TATACHEM_F2,30-08-2023,11:30:00,1072.15,1072.3,1072.1,1072.15,13200,6913500
TATACHEM_F2,30-08-2023,11:31:00,1071.45,1072.0,1070.6,1070.6,20900,6913500
TATACHEM_F2,30-08-2023,11:32:00,1070.6,1070.75,1070.3,1070.5,12100,6913500
TATACHEM_F2,30-08-2023,11:33:00,1070.9,1070.9,1068.95,1068.95,23100,6930550
TATACHEM_F2,30-08-2023,11:34:00,1068.1,1068.85,1067.75,1067.85,22000,6930550
TATACHEM_F2,30-08-2023,11:35:00,1067.8,1068.0,1067.75,1068.0,12100,6930550
TATACHEM_F2,30-08-2023,11:36:00,1068.35,1068.35,1068.15,1068.35,11550,6948150
TATACHEM_F2,30-08-2023,11:37:00,1068.3,1068.3,1068.3,1068.3,8800,6948150
TATACHEM_F2,30-08-2023,11:38:00,1068.55,1069.85,1068.55,1069.75,9900,6948150
TATACHEM_F2,30-08-2023,11:39:00,1069.75,1070.0,1068.05,1069.1,17050,6964100
TATACHEM_F2,30-08-2023,11:40:00,1069.1,1069.1,1068.35,1068.35,6600,6964100
TATACHEM_F2,30-08-2023,11:41:00,1068.0,1068.55,1068.0,1068.5,11000,6964100
TATACHEM_F2,30-08-2023,11:42:00,1068.3,1068.75,1067.55,1067.55,15950,6970150
TATACHEM_F2,30-08-2023,11:43:00,1068.1,1068.1,1068.0,1068.0,4400,6970150
TATACHEM_F2,30-08-2023,11:44:00,1068.0,1068.5,1067.05,1068.0,13750,6970150
TATACHEM_F2,30-08-2023,11:45:00,1068.0,1068.0,1068.0,1068.0,3300,6976200
TATACHEM_F2,30-08-2023,11:46:00,1068.0,1068.0,1067.6,1067.6,9350,6976200
TATACHEM_F2,30-08-2023,11:47:00,1067.6,1068.0,1067.6,1068.0,5500,6976200
TATACHEM_F2,30-08-2023,11:48:00,1068.0,1068.5,1068.0,1068.5,9350,6991050
TATACHEM_F2,30-08-2023,11:49:00,1068.7,1068.7,1068.2,1068.2,9350,6991050
TATACHEM_F2,30-08-2023,11:50:00,1068.2,1068.8,1068.2,1068.8,3850,6991050
TATACHEM_F2,30-08-2023,11:51:00,1069.0,1069.55,1069.0,1069.55,8250,6942100
TATACHEM_F2,30-08-2023,11:52:00,1069.7,1070.15,1069.7,1070.1,7150,6942100
TATACHEM_F2,30-08-2023,11:53:00,1070.0,1071.0,1070.0,1071.0,8800,6942100
TATACHEM_F2,30-08-2023,11:54:00,1071.0,1071.0,1070.45,1070.85,8250,6958050
TATACHEM_F2,30-08-2023,11:55:00,1070.65,1072.35,1070.65,1071.95,29150,6958050
TATACHEM_F2,30-08-2023,11:56:00,1071.95,1071.95,1071.1,1071.1,6050,6958050
TATACHEM_F2,30-08-2023,11:57:00,1072.0,1072.2,1071.85,1072.2,15950,6966300
TATACHEM_F2,30-08-2023,11:58:00,1072.2,1072.95,1072.1,1072.35,16500,6966300
TATACHEM_F2,30-08-2023,11:59:00,1072.35,1072.85,1072.35,1072.85,4400,6966300
TATACHEM_F2,30-08-2023,12:00:00,1072.05,1072.05,1071.45,1071.6,26950,6983350
TATACHEM_F2,30-08-2023,12:01:00,1071.6,1072.25,1071.6,1072.05,4950,6983350
TATACHEM_F2,30-08-2023,12:02:00,1071.85,1072.0,1071.35,1072.0,5500,6983350
TATACHEM_F2,30-08-2023,12:03:00,1072.1,1072.1,1071.5,1071.75,9350,6994900
TATACHEM_F2,30-08-2023,12:04:00,1071.75,1071.8,1071.75,1071.8,3850,6994900
TATACHEM_F2,30-08-2023,12:05:00,1071.8,1071.8,1071.65,1071.8,4950,6994900
TATACHEM_F2,30-08-2023,12:06:00,1071.6,1071.6,1071.6,1071.6,4400,7004250
TATACHEM_F2,30-08-2023,12:07:00,1071.6,1071.6,1071.6,1071.6,3850,7004250
TATACHEM_F2,30-08-2023,12:08:00,1071.3,1071.3,1071.0,1071.0,6050,7004250
TATACHEM_F2,30-08-2023,12:09:00,1071.0,1071.0,1071.0,1071.0,1650,7011950
TATACHEM_F2,30-08-2023,12:10:00,1070.7,1070.7,1070.7,1070.7,1100,7011950
TATACHEM_F2,30-08-2023,12:11:00,1070.7,1070.7,1070.2,1070.2,2200,7011950
TATACHEM_F2,30-08-2023,12:12:00,1070.2,1070.6,1070.2,1070.3,4950,7015250
TATACHEM_F2,30-08-2023,12:13:00,1070.3,1070.3,1069.6,1069.6,3850,7015250
TATACHEM_F2,30-08-2023,12:14:00,1070.0,1070.0,1070.0,1070.0,5500,7015250
TATACHEM_F2,30-08-2023,12:15:00,1070.0,1071.1,1070.0,1071.1,7150,7021850
TATACHEM_F2,30-08-2023,12:16:00,1071.1,1071.1,1070.95,1070.95,6600,7021850
TATACHEM_F2,30-08-2023,12:17:00,1070.95,1071.2,1070.7,1071.2,9350,7021850
TATACHEM_F2,30-08-2023,12:18:00,1071.2,1071.6,1070.7,1070.7,3850,7042200
TATACHEM_F2,30-08-2023,12:19:00,1070.7,1070.9,1070.5,1070.9,3850,7042200
TATACHEM_F2,30-08-2023,12:20:00,1070.9,1070.9,1070.9,1070.9,1650,7042200
TATACHEM_F2,30-08-2023,12:21:00,1070.9,1070.9,1070.9,1070.9,6600,7047700
TATACHEM_F2,30-08-2023,12:22:00,1070.9,1070.9,1070.9,1070.9,5500,7047700
TATACHEM_F2,30-08-2023,12:23:00,1070.95,1070.95,1069.8,1070.0,12100,7047700
TATACHEM_F2,30-08-2023,12:24:00,1070.0,1070.8,1070.0,1070.8,6600,7052100
TATACHEM_F2,30-08-2023,12:25:00,1070.3,1070.3,1070.3,1070.3,22000,7052100
TATACHEM_F2,30-08-2023,12:26:00,1070.3,1070.8,1070.3,1070.8,7700,7052100
TATACHEM_F2,30-08-2023,12:27:00,1070.8,1070.8,1070.8,1070.8,5500,7084000
TATACHEM_F2,30-08-2023,12:28:00,1071.2,1071.3,1071.1,1071.3,8800,7084000
TATACHEM_F2,30-08-2023,12:29:00,1071.3,1071.45,1071.3,1071.3,6050,7084000
TATACHEM_F2,30-08-2023,12:30:00,1071.9,1071.9,1070.55,1070.65,15950,7101600
TATACHEM_F2,30-08-2023,12:31:00,1070.65,1070.75,1070.65,1070.65,8800,7101600
TATACHEM_F2,30-08-2023,12:32:00,1070.3,1070.4,1070.1,1070.1,12650,7101600
TATACHEM_F2,30-08-2023,12:33:00,1070.45,1070.45,1070.45,1070.45,11550,7123600
TATACHEM_F2,30-08-2023,12:34:00,1070.45,1070.6,1070.45,1070.6,4400,7123600
TATACHEM_F2,30-08-2023,12:35:00,1070.4,1070.4,1070.2,1070.2,13200,7123600
TATACHEM_F2,30-08-2023,12:36:00,1070.15,1070.15,1069.6,1069.6,17600,7134050
TATACHEM_F2,30-08-2023,12:37:00,1069.9,1069.9,1069.85,1069.85,6050,7134050
TATACHEM_F2,30-08-2023,12:38:00,1069.5,1069.85,1069.3,1069.85,15950,7134050
TATACHEM_F2,30-08-2023,12:39:00,1069.85,1069.85,1069.8,1069.8,12100,7152750
TATACHEM_F2,30-08-2023,12:40:00,1069.8,1069.8,1069.65,1069.65,5500,7152750
TATACHEM_F2,30-08-2023,12:41:00,1069.65,1069.65,1069.65,1069.65,4950,7152750
TATACHEM_F2,30-08-2023,12:42:00,1069.65,1069.65,1069.35,1069.35,7150,7162650
TATACHEM_F2,30-08-2023,12:43:00,1069.6,1069.6,1069.3,1069.55,7150,7162650
TATACHEM_F2,30-08-2023,12:44:00,1069.2,1069.65,1068.0,1068.0,24750,7162650
TATACHEM_F2,30-08-2023,12:45:00,1068.05,1068.2,1068.05,1068.2,9350,7179700
TATACHEM_F2,30-08-2023,12:46:00,1068.65,1068.65,1068.6,1068.6,8250,7179700
TATACHEM_F2,30-08-2023,12:47:00,1068.4,1068.4,1068.25,1068.4,10450,7179700
TATACHEM_F2,30-08-2023,12:48:00,1068.4,1068.4,1068.4,1068.4,3300,7189050
TATACHEM_F2,30-08-2023,12:49:00,1068.2,1068.4,1068.2,1068.4,8250,7189050
TATACHEM_F2,30-08-2023,12:50:00,1068.0,1068.3,1068.0,1068.3,13200,7189050
TATACHEM_F2,30-08-2023,12:51:00,1068.3,1068.3,1068.3,1068.3,3850,7198950
TATACHEM_F2,30-08-2023,12:52:00,1068.3,1068.3,1068.3,1068.3,1650,7198950
TATACHEM_F2,30-08-2023,12:53:00,1068.6,1068.6,1068.6,1068.6,2200,7198950
TATACHEM_F2,30-08-2023,12:54:00,1068.2,1068.75,1068.2,1068.75,4400,7202250
TATACHEM_F2,30-08-2023,12:55:00,1068.75,1068.75,1068.75,1068.75,2200,7202250
TATACHEM_F2,30-08-2023,12:56:00,1068.75,1068.8,1068.75,1068.8,3850,7202250
TATACHEM_F2,30-08-2023,12:57:00,1068.85,1068.85,1068.85,1068.85,4950,7209400
TATACHEM_F2,30-08-2023,12:58:00,1068.5,1068.5,1068.5,1068.5,9900,7209400
TATACHEM_F2,30-08-2023,12:59:00,1067.2,1067.2,1067.05,1067.05,11550,7209400
TATACHEM_F2,30-08-2023,13:00:00,1067.05,1067.25,1067.05,1067.25,14300,7228100
TATACHEM_F2,30-08-2023,13:01:00,1067.0,1067.0,1067.0,1067.0,6600,7228100
TATACHEM_F2,30-08-2023,13:02:00,1067.05,1067.05,1067.05,1067.05,3850,7228100
TATACHEM_F2,30-08-2023,13:03:00,1067.35,1067.35,1067.0,1067.25,7700,7238550
TATACHEM_F2,30-08-2023,13:04:00,1067.0,1067.1,1067.0,1067.1,2750,7238550
TATACHEM_F2,30-08-2023,13:05:00,1067.3,1067.3,1067.3,1067.3,3850,7238550
TATACHEM_F2,30-08-2023,13:06:00,1067.3,1067.35,1067.3,1067.3,5500,7246250
TATACHEM_F2,30-08-2023,13:07:00,1067.7,1068.3,1067.7,1068.3,3850,7246250
TATACHEM_F2,30-08-2023,13:08:00,1068.3,1068.3,1068.3,1068.3,550,7246250
TATACHEM_F2,30-08-2023,13:09:00,1068.35,1068.4,1068.35,1068.4,11000,7253400
TATACHEM_F2,30-08-2023,13:10:00,1068.05,1068.3,1068.05,1068.3,9900,7253400
TATACHEM_F2,30-08-2023,13:11:00,1068.3,1068.3,1068.3,1068.3,1650,7253400
TATACHEM_F2,30-08-2023,13:12:00,1068.35,1068.35,1068.3,1068.3,4400,7247350
TATACHEM_F2,30-08-2023,13:13:00,1068.7,1068.7,1068.3,1068.3,2750,7247350
TATACHEM_F2,30-08-2023,13:14:00,1068.3,1068.4,1068.3,1068.4,2200,7247350
TATACHEM_F2,30-08-2023,13:15:00,1068.45,1069.0,1068.45,1069.0,3300,7251200
TATACHEM_F2,30-08-2023,13:16:00,1069.0,1069.0,1069.0,1069.0,2200,7251200
TATACHEM_F2,30-08-2023,13:17:00,1069.0,1069.4,1069.0,1069.35,5500,7251200
TATACHEM_F2,30-08-2023,13:18:00,1068.95,1068.95,1068.95,1068.95,2200,7257250
TATACHEM_F2,30-08-2023,13:19:00,1069.0,1069.0,1068.8,1068.8,2750,7257250
TATACHEM_F2,30-08-2023,13:20:00,1069.35,1069.4,1069.35,1069.4,4950,7257250
TATACHEM_F2,30-08-2023,13:21:00,1069.45,1069.7,1069.1,1069.1,4950,7262750
TATACHEM_F2,30-08-2023,13:22:00,1069.3,1069.3,1069.3,1069.3,1650,7262750
TATACHEM_F2,30-08-2023,13:23:00,1069.4,1069.4,1069.35,1069.35,2200,7262750
TATACHEM_F2,30-08-2023,13:24:00,1069.3,1069.65,1069.25,1069.65,4400,7268800
TATACHEM_F2,30-08-2023,13:25:00,1069.65,1069.75,1069.65,1069.75,3300,7268800
TATACHEM_F2,30-08-2023,13:26:00,1069.7,1070.15,1069.7,1070.15,2750,7268800
TATACHEM_F2,30-08-2023,13:27:00,1070.15,1070.15,1070.0,1070.0,4400,7274850
TATACHEM_F2,30-08-2023,13:28:00,1070.0,1070.0,1070.0,1070.0,2200,7274850
TATACHEM_F2,30-08-2023,13:29:00,1070.2,1070.2,1069.7,1069.7,1650,7274850
TATACHEM_F2,30-08-2023,13:30:00,1069.7,1069.7,1069.5,1069.5,4950,7279250
TATACHEM_F2,30-08-2023,13:31:00,1069.5,1069.65,1069.5,1069.65,2750,7279250
TATACHEM_F2,30-08-2023,13:32:00,1069.8,1069.9,1069.8,1069.9,2750,7279250
TATACHEM_F2,30-08-2023,13:33:00,1069.6,1069.6,1069.6,1069.6,2200,7285850
TATACHEM_F2,30-08-2023,13:34:00,1069.75,1069.75,1069.35,1069.35,4400,7285850
TATACHEM_F2,30-08-2023,13:35:00,1069.7,1070.05,1069.7,1070.05,2200,7285850
TATACHEM_F2,30-08-2023,13:36:00,1069.5,1069.8,1069.5,1069.8,7150,7152750
TATACHEM_F2,30-08-2023,13:37:00,1069.8,1069.95,1069.55,1069.95,6600,7152750
TATACHEM_F2,30-08-2023,13:38:00,1070.3,1070.3,1070.3,1070.3,1650,7152750
TATACHEM_F2,30-08-2023,13:39:00,1070.3,1070.3,1069.9,1069.9,12100,7158250
TATACHEM_F2,30-08-2023,13:40:00,1069.9,1070.3,1069.9,1070.3,3300,7158250
TATACHEM_F2,30-08-2023,13:41:00,1070.2,1070.2,1070.2,1070.2,2200,7158250
TATACHEM_F2,30-08-2023,13:42:00,1070.2,1070.2,1070.2,1070.2,3300,7158250
TATACHEM_F2,30-08-2023,13:43:00,1070.05,1070.05,1069.8,1069.8,4950,7168700
TATACHEM_F2,30-08-2023,13:44:00,1069.8,1069.8,1069.6,1069.6,3850,7168700
TATACHEM_F2,30-08-2023,13:45:00,1069.6,1069.6,1069.5,1069.5,4950,7176950
TATACHEM_F2,30-08-2023,13:46:00,1069.5,1069.5,1069.5,1069.5,550,7176950
TATACHEM_F2,30-08-2023,13:47:00,1069.5,1069.5,1069.5,1069.5,17600,7176950
TATACHEM_F2,30-08-2023,13:48:00,1069.5,1069.5,1069.45,1069.45,2200,7194000
TATACHEM_F2,30-08-2023,13:49:00,1069.85,1069.85,1069.3,1069.3,3850,7194000
TATACHEM_F2,30-08-2023,13:50:00,1069.3,1069.3,1069.3,1069.3,2200,7194000
TATACHEM_F2,30-08-2023,13:51:00,1069.3,1069.3,1069.3,1069.3,1100,7199500
TATACHEM_F2,30-08-2023,13:52:00,1069.3,1069.45,1069.3,1069.45,2200,7199500
TATACHEM_F2,30-08-2023,13:53:00,1069.45,1069.45,1069.45,1069.45,2200,7199500
TATACHEM_F2,30-08-2023,13:54:00,1069.45,1069.45,1069.45,1069.45,3850,7205550
TATACHEM_F2,30-08-2023,13:55:00,1069.3,1069.6,1069.3,1069.6,4400,7205550
TATACHEM_F2,30-08-2023,13:56:00,1069.55,1069.55,1069.2,1069.2,5500,7205550
TATACHEM_F2,30-08-2023,13:57:00,1069.2,1069.25,1069.2,1069.25,4950,7214900
TATACHEM_F2,30-08-2023,13:58:00,1069.25,1069.95,1069.25,1069.95,5500,7214900
TATACHEM_F2,30-08-2023,13:59:00,1069.5,1069.5,1069.5,1069.5,1100,7214900
TATACHEM_F2,30-08-2023,14:00:00,1069.5,1069.7,1069.5,1069.7,4950,7224250
TATACHEM_F2,30-08-2023,14:01:00,1069.7,1069.7,1069.7,1069.7,2750,7224250
TATACHEM_F2,30-08-2023,14:02:00,1069.7,1070.0,1069.7,1070.0,4950,7224250
TATACHEM_F2,30-08-2023,14:03:00,1070.0,1070.0,1070.0,1070.0,1650,7224250
TATACHEM_F2,30-08-2023,14:04:00,1070.45,1070.45,1070.45,1070.45,1650,7233050
TATACHEM_F2,30-08-2023,14:05:00,1070.45,1070.45,1070.45,1070.45,1650,7233050
TATACHEM_F2,30-08-2023,14:06:00,1070.45,1070.45,1070.45,1070.45,2200,7238000
TATACHEM_F2,30-08-2023,14:07:00,1070.45,1070.45,1070.45,1070.45,550,7238000
TATACHEM_F2,30-08-2023,14:08:00,1070.45,1070.5,1070.2,1070.5,4400,7238000
TATACHEM_F2,30-08-2023,14:09:00,1070.5,1070.65,1070.2,1070.65,3300,7240750
TATACHEM_F2,30-08-2023,14:10:00,1070.65,1070.65,1070.55,1070.55,1100,7240750
TATACHEM_F2,30-08-2023,14:11:00,1070.7,1070.7,1070.0,1070.0,14300,7240750
TATACHEM_F2,30-08-2023,14:12:00,1069.9,1069.9,1069.75,1069.75,4400,7252850
TATACHEM_F2,30-08-2023,14:13:00,1069.7,1069.7,1069.0,1069.0,2750,7252850
TATACHEM_F2,30-08-2023,14:14:00,1069.0,1069.0,1068.7,1068.7,2200,7252850
TATACHEM_F2,30-08-2023,14:15:00,1068.7,1068.7,1067.95,1068.0,36300,7279250
TATACHEM_F2,30-08-2023,14:16:00,1068.0,1068.15,1068.0,1068.15,2200,7279250
TATACHEM_F2,30-08-2023,14:17:00,1068.3,1068.3,1067.8,1067.8,12650,7279250
TATACHEM_F2,30-08-2023,14:18:00,1067.75,1068.2,1067.75,1067.8,7150,7293550
TATACHEM_F2,30-08-2023,14:19:00,1067.8,1067.8,1067.8,1067.8,1650,7293550
TATACHEM_F2,30-08-2023,14:20:00,1067.8,1067.8,1067.8,1067.8,1100,7293550
TATACHEM_F2,30-08-2023,14:21:00,1067.8,1067.8,1067.2,1067.2,6050,7301250
TATACHEM_F2,30-08-2023,14:22:00,1066.5,1066.75,1066.5,1066.75,10450,7301250
TATACHEM_F2,30-08-2023,14:23:00,1066.45,1066.75,1066.25,1066.25,9350,7301250
TATACHEM_F2,30-08-2023,14:24:00,1066.0,1066.5,1066.0,1066.5,7700,7267150
TATACHEM_F2,30-08-2023,14:25:00,1066.5,1066.5,1066.0,1066.0,3300,7267150
TATACHEM_F2,30-08-2023,14:26:00,1066.4,1066.5,1066.4,1066.5,7150,7267150
TATACHEM_F2,30-08-2023,14:27:00,1066.55,1067.0,1066.4,1066.4,6050,7272650
TATACHEM_F2,30-08-2023,14:28:00,1066.9,1066.95,1066.9,1066.95,4400,7272650
TATACHEM_F2,30-08-2023,14:29:00,1066.85,1066.85,1066.7,1066.7,1650,7272650
TATACHEM_F2,30-08-2023,14:30:00,1066.05,1066.05,1065.4,1065.4,23650,7273750
TATACHEM_F2,30-08-2023,14:31:00,1065.3,1065.3,1064.05,1064.9,21450,7273750
TATACHEM_F2,30-08-2023,14:32:00,1065.05,1065.1,1064.4,1064.7,15400,7273750
TATACHEM_F2,30-08-2023,14:33:00,1064.1,1064.1,1062.15,1062.75,33000,7286400
TATACHEM_F2,30-08-2023,14:34:00,1063.35,1063.35,1061.7,1061.85,24200,7286400
TATACHEM_F2,30-08-2023,14:35:00,1061.85,1062.15,1061.6,1062.05,11000,7286400
TATACHEM_F2,30-08-2023,14:36:00,1061.95,1062.1,1061.5,1062.1,9900,7286400
TATACHEM_F2,30-08-2023,14:37:00,1062.15,1062.15,1061.8,1061.8,7150,7286400
TATACHEM_F2,30-08-2023,14:38:00,1061.95,1062.0,1061.7,1062.0,20900,7286400
TATACHEM_F2,30-08-2023,14:39:00,1062.0,1062.65,1062.0,1062.5,35200,7304550
TATACHEM_F2,30-08-2023,14:40:00,1062.5,1062.5,1062.0,1062.05,6600,7304550
TATACHEM_F2,30-08-2023,14:41:00,1062.05,1062.05,1062.05,1062.05,5500,7304550
TATACHEM_F2,30-08-2023,14:42:00,1062.05,1062.3,1062.05,1062.3,2750,7310050
TATACHEM_F2,30-08-2023,14:43:00,1063.75,1064.35,1063.75,1064.0,29700,7310050
TATACHEM_F2,30-08-2023,14:44:00,1064.0,1064.45,1064.0,1064.45,2750,7310050
TATACHEM_F2,30-08-2023,14:45:00,1064.55,1065.2,1064.55,1065.0,18150,7315000
TATACHEM_F2,30-08-2023,14:46:00,1065.0,1065.25,1064.75,1065.25,2200,7315000
TATACHEM_F2,30-08-2023,14:47:00,1065.25,1065.25,1064.5,1064.5,3300,7315000
TATACHEM_F2,30-08-2023,14:48:00,1064.5,1065.05,1064.5,1065.05,5500,7319400
TATACHEM_F2,30-08-2023,14:49:00,1065.05,1065.65,1065.05,1065.6,13200,7319400
TATACHEM_F2,30-08-2023,14:50:00,1065.95,1065.95,1065.0,1065.0,7700,7319400
TATACHEM_F2,30-08-2023,14:51:00,1064.25,1064.4,1064.25,1064.4,10450,7286400
TATACHEM_F2,30-08-2023,14:52:00,1064.4,1064.65,1064.25,1064.25,3850,7286400
TATACHEM_F2,30-08-2023,14:53:00,1063.5,1063.5,1063.5,1063.5,9350,7286400
TATACHEM_F2,30-08-2023,14:54:00,1063.95,1063.95,1063.4,1063.4,7700,7294650
TATACHEM_F2,30-08-2023,14:55:00,1063.15,1063.15,1063.15,1063.15,2750,7294650
TATACHEM_F2,30-08-2023,14:56:00,1063.4,1063.95,1063.4,1063.55,8250,7294650
TATACHEM_F2,30-08-2023,14:57:00,1063.55,1063.6,1063.55,1063.6,3850,7301800
TATACHEM_F2,30-08-2023,14:58:00,1064.95,1064.95,1064.0,1064.0,11000,7301800
TATACHEM_F2,30-08-2023,14:59:00,1064.0,1064.0,1064.0,1064.0,3850,7301800
TATACHEM_F2,30-08-2023,15:00:00,1064.5,1064.65,1064.1,1064.1,7700,7313350
TATACHEM_F2,30-08-2023,15:01:00,1064.6,1064.6,1064.55,1064.55,6050,7313350
TATACHEM_F2,30-08-2023,15:02:00,1064.4,1064.45,1064.4,1064.45,84150,7313350
TATACHEM_F2,30-08-2023,15:03:00,1064.35,1064.7,1064.35,1064.7,4400,7372750
TATACHEM_F2,30-08-2023,15:04:00,1064.9,1064.9,1064.9,1064.9,8250,7372750
TATACHEM_F2,30-08-2023,15:05:00,1064.65,1064.65,1064.35,1064.35,5500,7372750
TATACHEM_F2,30-08-2023,15:06:00,1064.1,1064.15,1064.1,1064.15,5500,7379350
TATACHEM_F2,30-08-2023,15:07:00,1064.45,1064.45,1064.1,1064.2,24750,7379350
TATACHEM_F2,30-08-2023,15:08:00,1064.2,1064.2,1064.2,1064.2,4400,7379350
TATACHEM_F2,30-08-2023,15:09:00,1064.3,1064.3,1064.3,1064.3,7700,7394750
TATACHEM_F2,30-08-2023,15:10:00,1064.3,1064.5,1064.0,1064.0,7150,7394750
TATACHEM_F2,30-08-2023,15:11:00,1063.95,1063.95,1063.9,1063.9,11550,7394750
TATACHEM_F2,30-08-2023,15:12:00,1063.95,1063.95,1063.2,1063.2,5500,7403000
TATACHEM_F2,30-08-2023,15:13:00,1063.95,1064.0,1063.35,1063.35,11000,7403000
TATACHEM_F2,30-08-2023,15:14:00,1063.35,1063.65,1063.1,1063.15,3850,7403000
TATACHEM_F2,30-08-2023,15:15:00,1063.15,1063.25,1063.15,1063.25,6600,7411250
TATACHEM_F2,30-08-2023,15:16:00,1063.25,1064.0,1063.25,1064.0,250800,7411250
TATACHEM_F2,30-08-2023,15:17:00,1064.1,1065.1,1064.1,1064.6,67100,7411250
TATACHEM_F2,30-08-2023,15:18:00,1064.65,1064.85,1064.55,1064.55,11550,7680750
TATACHEM_F2,30-08-2023,15:19:00,1064.55,1065.05,1064.0,1064.75,14300,7680750
TATACHEM_F2,30-08-2023,15:20:00,1064.0,1064.5,1063.75,1064.0,22000,7680750
TATACHEM_F2,30-08-2023,15:21:00,1063.95,1064.4,1063.65,1064.4,26400,7679100
TATACHEM_F2,30-08-2023,15:22:00,1064.25,1064.25,1063.65,1063.7,3850,7679100
TATACHEM_F2,30-08-2023,15:23:00,1063.7,1063.7,1063.55,1063.55,7150,7679100
TATACHEM_F2,30-08-2023,15:24:00,1063.95,1064.2,1063.95,1064.15,14850,7680750
TATACHEM_F2,30-08-2023,15:25:00,1063.8,1064.0,1063.8,1064.0,6050,7680750
TATACHEM_F2,30-08-2023,15:26:00,1063.55,1064.15,1063.55,1064.15,5500,7680750
TATACHEM_F2,30-08-2023,15:27:00,1064.9,1064.9,1064.55,1064.55,9350,7680750
TATACHEM_F2,30-08-2023,15:28:00,1064.5,1065.15,1063.8,1065.15,7150,7685700
TATACHEM_F2,30-08-2023,15:29:00,1065.05,1065.25,1064.05,1064.05,7150,7685700
TATACHEM_F2,31-08-2023,09:15:00,1065.2,1069.15,1062.75,1066.8,8801,7405750
TATACHEM_F2,31-08-2023,09:16:00,1068.15,1068.15,1066.0,1068.0,10450,7405750
TATACHEM_F2,31-08-2023,09:17:00,1068.0,1068.5,1067.0,1067.6,8800,7405750
TATACHEM_F2,31-08-2023,09:18:00,1066.4,1067.05,1066.0,1066.35,11000,7418400
TATACHEM_F2,31-08-2023,09:19:00,1067.2,1067.2,1065.6,1066.5,7150,7418400
TATACHEM_F2,31-08-2023,09:20:00,1066.0,1066.0,1065.35,1065.95,13750,7418400
TATACHEM_F2,31-08-2023,09:21:00,1065.55,1065.6,1064.85,1065.0,10450,7434350
TATACHEM_F2,31-08-2023,09:22:00,1064.35,1064.35,1063.6,1064.1,7150,7434350
TATACHEM_F2,31-08-2023,09:23:00,1063.3,1063.9,1062.7,1062.7,11550,7434350
TATACHEM_F2,31-08-2023,09:24:00,1063.5,1064.95,1063.05,1063.8,15400,7446450
TATACHEM_F2,31-08-2023,09:25:00,1064.85,1064.85,1064.0,1064.0,12650,7446450
TATACHEM_F2,31-08-2023,09:26:00,1064.5,1065.2,1064.5,1064.7,9900,7450300
TATACHEM_F2,31-08-2023,09:27:00,1063.85,1064.55,1063.85,1064.55,9900,7450300
TATACHEM_F2,31-08-2023,09:28:00,1064.0,1064.0,1062.1,1062.1,7150,7450300
TATACHEM_F2,31-08-2023,09:29:00,1062.95,1062.95,1061.45,1061.45,12650,7450300
TATACHEM_F2,31-08-2023,09:30:00,1061.85,1062.2,1061.35,1062.2,7150,7461850
TATACHEM_F2,31-08-2023,09:31:00,1062.85,1062.85,1062.05,1062.05,1650,7461850
TATACHEM_F2,31-08-2023,09:32:00,1063.0,1063.0,1062.8,1063.0,6600,7461850
TATACHEM_F2,31-08-2023,09:33:00,1063.0,1063.5,1063.0,1063.5,2750,7464050
TATACHEM_F2,31-08-2023,09:34:00,1063.5,1064.0,1063.15,1064.0,14850,7464050
TATACHEM_F2,31-08-2023,09:35:00,1064.6,1064.9,1064.5,1064.5,4950,7464050
TATACHEM_F2,31-08-2023,09:36:00,1064.5,1065.0,1064.5,1064.95,4950,7474500
TATACHEM_F2,31-08-2023,09:37:00,1065.5,1066.85,1065.15,1066.85,8250,7474500
TATACHEM_F2,31-08-2023,09:38:00,1067.0,1067.0,1067.0,1067.0,1100,7474500
TATACHEM_F2,31-08-2023,09:39:00,1067.0,1067.25,1066.95,1067.2,4950,7481100
TATACHEM_F2,31-08-2023,09:40:00,1067.9,1067.95,1067.9,1067.95,3300,7481100
TATACHEM_F2,31-08-2023,09:41:00,1067.85,1068.3,1066.45,1067.15,33000,7501450
TATACHEM_F2,31-08-2023,09:42:00,1067.15,1067.3,1067.15,1067.3,23650,7501450
TATACHEM_F2,31-08-2023,09:43:00,1067.3,1067.35,1067.3,1067.3,6600,7501450
TATACHEM_F2,31-08-2023,09:44:00,1067.35,1067.4,1067.35,1067.4,2750,7531700
TATACHEM_F2,31-08-2023,09:45:00,1067.1,1067.3,1066.75,1066.75,9900,7531700
TATACHEM_F2,31-08-2023,09:46:00,1066.45,1066.45,1066.45,1066.45,2750,7531700
TATACHEM_F2,31-08-2023,09:47:00,1066.7,1066.7,1064.75,1065.3,6600,7531700
TATACHEM_F2,31-08-2023,09:48:00,1065.3,1065.9,1065.3,1065.9,25850,7544350
TATACHEM_F2,31-08-2023,09:49:00,1065.9,1065.9,1065.05,1065.35,4950,7544350
TATACHEM_F2,31-08-2023,09:50:00,1065.25,1065.55,1064.95,1064.95,3850,7544350
TATACHEM_F2,31-08-2023,09:51:00,1064.7,1065.0,1064.7,1065.0,3850,7570750
TATACHEM_F2,31-08-2023,09:52:00,1065.0,1065.5,1065.0,1065.5,1100,7570750
TATACHEM_F2,31-08-2023,09:53:00,1065.5,1065.8,1065.0,1065.8,50600,7616950
TATACHEM_F2,31-08-2023,09:54:00,1065.8,1065.8,1065.05,1065.05,2200,7616950
TATACHEM_F2,31-08-2023,09:55:00,1065.15,1065.15,1065.0,1065.0,13750,7616950
TATACHEM_F2,31-08-2023,09:56:00,1064.75,1064.75,1064.6,1064.6,6050,7616950
TATACHEM_F2,31-08-2023,09:57:00,1064.6,1064.6,1063.95,1063.95,1100,7630150
TATACHEM_F2,31-08-2023,09:58:00,1064.0,1064.05,1064.0,1064.05,3300,7630150
TATACHEM_F2,31-08-2023,09:59:00,1064.2,1064.55,1064.0,1064.0,4950,7630150
TATACHEM_F2,31-08-2023,10:00:00,1064.3,1064.3,1064.3,1064.3,3300,7633450
TATACHEM_F2,31-08-2023,10:01:00,1064.15,1064.65,1064.15,1064.65,3850,7633450
TATACHEM_F2,31-08-2023,10:02:00,1063.9,1064.45,1063.9,1064.45,1650,7633450
TATACHEM_F2,31-08-2023,10:03:00,1064.3,1064.55,1064.3,1064.55,3850,7641150
TATACHEM_F2,31-08-2023,10:04:00,1064.55,1064.65,1064.55,1064.65,1100,7641150
TATACHEM_F2,31-08-2023,10:05:00,1064.0,1064.35,1062.35,1062.35,26400,7641150
TATACHEM_F2,31-08-2023,10:06:00,1061.2,1062.1,1061.2,1062.05,17050,7643900
TATACHEM_F2,31-08-2023,10:07:00,1062.95,1063.8,1062.95,1063.8,15400,7643900
TATACHEM_F2,31-08-2023,10:08:00,1064.0,1064.4,1064.0,1064.4,1650,7643900
TATACHEM_F2,31-08-2023,10:09:00,1065.2,1065.6,1064.4,1064.8,13200,7634000
TATACHEM_F2,31-08-2023,10:10:00,1065.0,1065.65,1065.0,1065.65,6050,7634000
TATACHEM_F2,31-08-2023,10:11:00,1065.65,1065.65,1065.05,1065.05,6600,7634000
TATACHEM_F2,31-08-2023,10:12:00,1065.05,1065.05,1063.65,1063.65,5500,7650500
TATACHEM_F2,31-08-2023,10:13:00,1062.55,1063.5,1062.55,1063.5,1100,7650500
TATACHEM_F2,31-08-2023,10:14:00,1063.45,1063.5,1063.45,1063.5,6050,7650500
TATACHEM_F2,31-08-2023,10:15:00,1064.0,1064.2,1064.0,1064.15,2750,7657650
TATACHEM_F2,31-08-2023,10:16:00,1064.4,1064.4,1064.4,1064.4,3300,7657650
TATACHEM_F2,31-08-2023,10:17:00,1064.65,1065.15,1064.65,1065.15,1650,7657650
TATACHEM_F2,31-08-2023,10:18:00,1065.1,1065.1,1064.2,1064.2,3300,7662050
TATACHEM_F2,31-08-2023,10:19:00,1064.65,1064.7,1064.65,1064.7,3300,7662050
TATACHEM_F2,31-08-2023,10:20:00,1064.55,1064.55,1063.8,1064.25,6050,7662050
TATACHEM_F2,31-08-2023,10:21:00,1064.35,1064.5,1064.25,1064.5,1650,7671400
TATACHEM_F2,31-08-2023,10:22:00,1064.6,1064.65,1064.6,1064.65,1100,7671400
TATACHEM_F2,31-08-2023,10:24:00,1064.15,1064.25,1064.0,1064.0,4400,7670850
TATACHEM_F2,31-08-2023,10:25:00,1064.2,1064.2,1064.2,1064.2,550,7670850
TATACHEM_F2,31-08-2023,10:26:00,1064.2,1064.7,1063.5,1063.5,24200,7670850
TATACHEM_F2,31-08-2023,10:27:00,1063.5,1064.05,1063.5,1064.05,35750,7690100
TATACHEM_F2,31-08-2023,10:28:00,1064.25,1064.25,1064.25,1064.25,550,7690100
TATACHEM_F2,31-08-2023,10:29:00,1064.25,1064.25,1064.25,1064.25,12650,7690100
TATACHEM_F2,31-08-2023,10:30:00,1063.5,1063.5,1063.5,1063.5,45650,7736850
TATACHEM_F2,31-08-2023,10:31:00,1063.5,1063.55,1063.5,1063.55,8250,7736850
TATACHEM_F2,31-08-2023,10:32:00,1063.55,1063.55,1063.55,1063.55,550,7736850
TATACHEM_F2,31-08-2023,10:33:00,1064.6,1064.6,1063.7,1063.7,37400,7780850
TATACHEM_F2,31-08-2023,10:34:00,1063.7,1064.25,1063.25,1063.25,19250,7780850
TATACHEM_F2,31-08-2023,10:35:00,1063.25,1063.25,1063.25,1063.25,1100,7780850
TATACHEM_F2,31-08-2023,10:36:00,1063.25,1063.25,1063.25,1063.25,1650,7834200
TATACHEM_F2,31-08-2023,10:37:00,1063.7,1063.7,1063.15,1063.15,3300,7834200
TATACHEM_F2,31-08-2023,10:38:00,1062.9,1064.0,1062.9,1063.6,2750,7834200
TATACHEM_F2,31-08-2023,10:39:00,1063.65,1063.65,1062.75,1062.75,2750,7835850
TATACHEM_F2,31-08-2023,10:40:00,1063.6,1063.6,1063.6,1063.6,1100,7835850
TATACHEM_F2,31-08-2023,10:41:00,1063.6,1063.6,1062.65,1063.0,3850,7835850
TATACHEM_F2,31-08-2023,10:42:00,1062.6,1063.55,1062.55,1062.55,10450,7842450
TATACHEM_F2,31-08-2023,10:43:00,1062.75,1062.75,1062.0,1062.0,2750,7842450
TATACHEM_F2,31-08-2023,10:44:00,1062.0,1062.0,1062.0,1062.0,1650,7842450
TATACHEM_F2,31-08-2023,10:45:00,1062.0,1062.0,1061.3,1061.3,1650,7847950
TATACHEM_F2,31-08-2023,10:46:00,1061.3,1061.3,1060.2,1060.2,3850,7847950
TATACHEM_F2,31-08-2023,10:47:00,1060.55,1061.0,1060.45,1061.0,8800,7847950
TATACHEM_F2,31-08-2023,10:48:00,1060.15,1060.15,1060.15,1060.15,3850,7852350
TATACHEM_F2,31-08-2023,10:49:00,1060.15,1060.15,1060.15,1060.15,1100,7852350
TATACHEM_F2,31-08-2023,10:50:00,1061.1,1061.15,1061.1,1061.15,1650,7852350
TATACHEM_F2,31-08-2023,10:51:00,1061.15,1061.15,1060.8,1060.8,1100,7855650
TATACHEM_F2,31-08-2023,10:52:00,1060.75,1060.75,1060.75,1060.75,550,7855650
TATACHEM_F2,31-08-2023,10:53:00,1060.15,1060.45,1060.05,1060.05,3850,7855650
TATACHEM_F2,31-08-2023,10:54:00,1060.9,1061.2,1060.9,1061.2,5500,7856200
TATACHEM_F2,31-08-2023,10:55:00,1060.25,1060.25,1060.25,1060.25,1100,7856200
TATACHEM_F2,31-08-2023,10:56:00,1060.25,1060.3,1059.3,1060.3,14300,7856200
TATACHEM_F2,31-08-2023,10:57:00,1060.0,1061.8,1060.0,1061.8,13750,7855100
TATACHEM_F2,31-08-2023,10:58:00,1061.8,1061.8,1060.9,1061.65,4950,7855100
TATACHEM_F2,31-08-2023,10:59:00,1061.65,1061.65,1061.5,1061.5,2750,7855100
TATACHEM_F2,31-08-2023,11:00:00,1062.0,1062.0,1062.0,1062.0,1100,7863900
TATACHEM_F2,31-08-2023,11:01:00,1062.0,1062.1,1061.15,1061.15,4950,7863900
TATACHEM_F2,31-08-2023,11:02:00,1061.15,1061.5,1061.15,1061.3,1650,7863900
TATACHEM_F2,31-08-2023,11:03:00,1061.3,1061.3,1061.05,1061.05,3850,7867200
TATACHEM_F2,31-08-2023,11:04:00,1061.0,1061.1,1060.4,1060.4,4400,7867200
TATACHEM_F2,31-08-2023,11:05:00,1060.4,1060.4,1060.05,1060.35,1650,7867200
TATACHEM_F2,31-08-2023,11:06:00,1060.35,1060.35,1060.0,1060.0,6050,7872150
TATACHEM_F2,31-08-2023,11:07:00,1059.95,1059.95,1058.55,1058.55,7150,7872150
TATACHEM_F2,31-08-2023,11:08:00,1058.55,1059.25,1058.1,1058.1,12650,7872150
TATACHEM_F2,31-08-2023,11:09:00,1058.1,1059.35,1058.1,1059.35,6600,7874350
TATACHEM_F2,31-08-2023,11:10:00,1058.0,1058.0,1058.0,1058.0,2750,7874350
TATACHEM_F2,31-08-2023,11:11:00,1058.95,1058.95,1058.15,1058.75,2750,7874350
TATACHEM_F2,31-08-2023,11:12:00,1058.75,1058.75,1058.75,1058.75,550,7871050
TATACHEM_F2,31-08-2023,11:13:00,1058.95,1059.95,1058.95,1059.95,2750,7871050
TATACHEM_F2,31-08-2023,11:14:00,1059.5,1059.5,1059.5,1059.5,550,7871050
TATACHEM_F2,31-08-2023,11:15:00,1059.5,1059.5,1059.5,1059.5,1100,7873800
TATACHEM_F2,31-08-2023,11:16:00,1059.85,1059.85,1059.85,1059.85,1650,7873800
TATACHEM_F2,31-08-2023,11:17:00,1059.8,1059.95,1059.8,1059.95,1100,7873800
TATACHEM_F2,31-08-2023,11:18:00,1059.95,1060.0,1059.9,1060.0,2750,7876550
TATACHEM_F2,31-08-2023,11:19:00,1060.0,1061.35,1060.0,1060.1,3850,7876550
TATACHEM_F2,31-08-2023,11:20:00,1060.35,1061.15,1060.35,1061.15,4950,7876550
TATACHEM_F2,31-08-2023,11:21:00,1061.15,1062.55,1061.15,1062.55,16500,7880400
TATACHEM_F2,31-08-2023,11:22:00,1062.55,1062.65,1062.1,1062.1,23100,7880400
TATACHEM_F2,31-08-2023,11:23:00,1062.1,1062.1,1062.1,1062.1,550,7880400
TATACHEM_F2,31-08-2023,11:24:00,1062.45,1062.45,1062.4,1062.4,23100,7906800
TATACHEM_F2,31-08-2023,11:25:00,1062.4,1062.4,1061.9,1062.35,2200,7906800
TATACHEM_F2,31-08-2023,11:26:00,1062.0,1062.0,1062.0,1062.0,2200,7906800
TATACHEM_F2,31-08-2023,11:27:00,1061.9,1061.9,1061.0,1061.0,2750,7929350
TATACHEM_F2,31-08-2023,11:28:00,1061.65,1061.65,1061.55,1061.55,1650,7929350
TATACHEM_F2,31-08-2023,11:29:00,1062.0,1062.0,1061.05,1061.05,6600,7929350
TATACHEM_F2,31-08-2023,11:30:00,1061.85,1061.85,1061.0,1061.35,11000,7931550
TATACHEM_F2,31-08-2023,11:31:00,1061.7,1062.45,1061.7,1062.45,4400,7931550
TATACHEM_F2,31-08-2023,11:32:00,1061.75,1062.0,1061.75,1061.8,5500,7931550
TATACHEM_F2,31-08-2023,11:33:00,1061.8,1062.3,1061.7,1061.7,3300,7937600
TATACHEM_F2,31-08-2023,11:34:00,1062.25,1062.25,1061.7,1061.7,4950,7937600
TATACHEM_F2,31-08-2023,11:35:00,1061.7,1061.7,1061.25,1061.25,11550,7937600
TATACHEM_F2,31-08-2023,11:36:00,1061.35,1061.9,1061.3,1061.85,4950,7951350
TATACHEM_F2,31-08-2023,11:37:00,1061.85,1062.25,1061.85,1062.25,1100,7951350
TATACHEM_F2,31-08-2023,11:38:00,1062.25,1062.25,1062.25,1062.25,3300,7951350
TATACHEM_F2,31-08-2023,11:39:00,1062.7,1062.95,1062.3,1062.95,3850,7953000
TATACHEM_F2,31-08-2023,11:40:00,1062.95,1063.0,1062.6,1062.7,8250,7953000
TATACHEM_F2,31-08-2023,11:41:00,1062.7,1062.7,1062.7,1062.7,550,7953000
TATACHEM_F2,31-08-2023,11:42:00,1063.0,1063.0,1063.0,1063.0,3300,7959600
TATACHEM_F2,31-08-2023,11:44:00,1063.5,1063.5,1062.7,1063.25,4950,7959600
TATACHEM_F2,31-08-2023,11:45:00,1062.9,1063.45,1062.9,1063.05,4950,7962900
TATACHEM_F2,31-08-2023,11:46:00,1063.05,1063.4,1063.05,1063.2,3850,7962900
TATACHEM_F2,31-08-2023,11:47:00,1063.65,1063.65,1063.5,1063.5,2200,7962900
TATACHEM_F2,31-08-2023,11:48:00,1063.0,1063.5,1063.0,1063.0,4400,7964000
TATACHEM_F2,31-08-2023,11:49:00,1063.45,1063.45,1063.25,1063.25,1100,7964000
TATACHEM_F2,31-08-2023,11:50:00,1063.3,1063.3,1062.75,1062.75,4950,7964000
TATACHEM_F2,31-08-2023,11:52:00,1062.75,1062.75,1062.6,1062.6,2750,7966200
TATACHEM_F2,31-08-2023,11:53:00,1062.6,1063.5,1062.45,1062.45,4400,7966200
TATACHEM_F2,31-08-2023,11:54:00,1062.35,1062.35,1062.05,1062.05,7700,7969500
TATACHEM_F2,31-08-2023,11:55:00,1062.3,1062.3,1062.3,1062.3,3300,7969500
TATACHEM_F2,31-08-2023,11:57:00,1063.0,1063.65,1063.0,1063.65,3850,7973350
TATACHEM_F2,31-08-2023,11:58:00,1063.65,1063.75,1063.55,1063.75,2200,7973350
TATACHEM_F2,31-08-2023,11:59:00,1063.75,1063.85,1063.6,1063.6,8250,7973350
TATACHEM_F2,31-08-2023,12:00:00,1063.85,1063.85,1063.3,1063.3,7700,7981600
TATACHEM_F2,31-08-2023,12:01:00,1062.95,1062.95,1062.95,1062.95,4950,7981600
TATACHEM_F2,31-08-2023,12:02:00,1062.75,1063.0,1062.0,1062.0,22550,7981600
TATACHEM_F2,31-08-2023,12:03:00,1062.4,1062.4,1062.05,1062.05,1650,8001400
TATACHEM_F2,31-08-2023,12:04:00,1062.05,1062.05,1062.0,1062.0,2200,8001400
TATACHEM_F2,31-08-2023,12:06:00,1062.0,1062.4,1062.0,1062.4,1100,8001400
TATACHEM_F2,31-08-2023,12:07:00,1062.15,1062.15,1062.1,1062.1,1100,7905700
TATACHEM_F2,31-08-2023,12:08:00,1062.1,1062.1,1062.05,1062.05,8250,7905700
TATACHEM_F2,31-08-2023,12:10:00,1062.0,1062.5,1062.0,1062.5,4950,7912300
TATACHEM_F2,31-08-2023,12:12:00,1062.5,1062.5,1062.5,1062.5,1100,7912300
TATACHEM_F2,31-08-2023,12:14:00,1062.0,1062.1,1062.0,1062.1,1650,7915050
TATACHEM_F2,31-08-2023,12:15:00,1062.1,1062.3,1062.1,1062.3,1650,7915050
TATACHEM_F2,31-08-2023,12:16:00,1062.3,1062.3,1062.3,1062.3,3850,7915050
TATACHEM_F2,31-08-2023,12:18:00,1062.3,1062.3,1062.3,1062.3,3850,7915050
TATACHEM_F2,31-08-2023,12:19:00,1062.3,1062.3,1062.2,1062.2,5500,7920550
TATACHEM_F2,31-08-2023,12:21:00,1062.2,1062.2,1062.1,1062.1,1100,7924400
TATACHEM_F2,31-08-2023,12:22:00,1062.5,1062.5,1062.0,1062.0,3300,7924400
TATACHEM_F2,31-08-2023,12:23:00,1062.0,1062.4,1062.0,1062.4,2200,7924400
TATACHEM_F2,31-08-2023,12:24:00,1062.4,1062.4,1061.45,1061.55,8800,7927700
TATACHEM_F2,31-08-2023,12:25:00,1061.3,1061.5,1061.3,1061.5,3300,7927700
TATACHEM_F2,31-08-2023,12:26:00,1061.5,1061.5,1060.5,1060.7,10450,7927700
TATACHEM_F2,31-08-2023,12:27:00,1060.7,1061.0,1060.7,1061.0,3850,7927700
TATACHEM_F2,31-08-2023,12:29:00,1061.55,1062.7,1061.5,1062.7,2750,7946400
TATACHEM_F2,31-08-2023,12:30:00,1062.7,1064.8,1061.95,1064.8,39050,7945300
TATACHEM_F2,31-08-2023,12:31:00,1065.15,1065.15,1064.5,1064.5,2750,7945300
TATACHEM_F2,31-08-2023,12:32:00,1064.5,1064.5,1064.0,1064.0,3300,7945300
TATACHEM_F2,31-08-2023,12:33:00,1065.75,1067.05,1065.75,1066.75,39050,7981050
TATACHEM_F2,31-08-2023,12:34:00,1066.6,1068.45,1066.6,1068.3,29700,7981050
TATACHEM_F2,31-08-2023,12:35:00,1067.7,1067.7,1066.5,1066.9,12100,7981050
TATACHEM_F2,31-08-2023,12:36:00,1066.5,1066.65,1065.85,1066.1,24750,8001400
TATACHEM_F2,31-08-2023,12:37:00,1065.8,1067.45,1065.5,1067.45,9350,8001400
TATACHEM_F2,31-08-2023,12:38:00,1067.45,1067.45,1067.25,1067.25,8250,8001400
TATACHEM_F2,31-08-2023,12:39:00,1066.95,1067.05,1065.0,1065.6,19250,7908450
TATACHEM_F2,31-08-2023,12:40:00,1065.75,1067.1,1065.75,1066.95,5500,7908450
TATACHEM_F2,31-08-2023,12:41:00,1066.55,1067.5,1066.55,1067.45,5500,7908450
TATACHEM_F2,31-08-2023,12:42:00,1067.5,1067.5,1067.4,1067.4,4400,7706600
TATACHEM_F2,31-08-2023,12:43:00,1067.5,1067.5,1066.8,1066.8,5500,7706600
TATACHEM_F2,31-08-2023,12:44:00,1067.15,1068.65,1067.15,1068.65,8250,7706600
TATACHEM_F2,31-08-2023,12:45:00,1068.15,1068.15,1067.4,1067.6,6050,7718150
TATACHEM_F2,31-08-2023,12:46:00,1067.6,1068.7,1067.6,1068.65,6600,7718150
TATACHEM_F2,31-08-2023,12:47:00,1068.5,1071.2,1068.5,1071.2,36300,7718150
TATACHEM_F2,31-08-2023,12:48:00,1071.2,1071.8,1071.15,1071.5,18700,7746750
TATACHEM_F2,31-08-2023,12:49:00,1071.8,1072.4,1071.5,1071.8,16500,7746750
TATACHEM_F2,31-08-2023,12:50:00,1071.75,1072.25,1071.75,1072.25,19250,7746750
TATACHEM_F2,31-08-2023,12:51:00,1072.25,1073.05,1071.25,1072.55,35750,7762700
TATACHEM_F2,31-08-2023,12:52:00,1072.2,1072.75,1071.05,1071.75,9350,7762700
TATACHEM_F2,31-08-2023,12:53:00,1071.75,1071.95,1071.4,1071.4,6050,7762700
TATACHEM_F2,31-08-2023,12:54:00,1071.0,1071.0,1070.8,1071.0,4400,7773150
TATACHEM_F2,31-08-2023,12:55:00,1071.5,1072.2,1071.5,1072.0,3300,7773150
TATACHEM_F2,31-08-2023,12:56:00,1072.0,1073.75,1072.0,1073.75,7150,7773150
TATACHEM_F2,31-08-2023,12:57:00,1073.7,1075.9,1072.95,1075.9,28050,7786350
TATACHEM_F2,31-08-2023,12:58:00,1076.0,1076.4,1075.0,1075.05,19250,7786350
TATACHEM_F2,31-08-2023,12:59:00,1075.05,1075.05,1074.5,1075.0,15400,7786350
TATACHEM_F2,31-08-2023,13:00:00,1074.5,1075.0,1074.1,1074.1,13750,7805050
TATACHEM_F2,31-08-2023,13:01:00,1074.0,1074.1,1072.0,1072.35,8800,7805050
TATACHEM_F2,31-08-2023,13:02:00,1073.1,1073.5,1072.05,1072.4,11550,7805050
TATACHEM_F2,31-08-2023,13:03:00,1072.85,1072.95,1072.85,1072.95,4400,7816050
TATACHEM_F2,31-08-2023,13:04:00,1073.0,1073.45,1072.4,1073.0,2750,7816050
TATACHEM_F2,31-08-2023,13:05:00,1073.0,1073.0,1073.0,1073.0,3850,7816050
TATACHEM_F2,31-08-2023,13:06:00,1073.0,1073.0,1072.2,1072.2,6600,7828700
TATACHEM_F2,31-08-2023,13:07:00,1072.2,1072.2,1072.2,1072.2,1100,7828700
TATACHEM_F2,31-08-2023,13:08:00,1072.25,1072.25,1072.0,1072.0,2750,7828700
TATACHEM_F2,31-08-2023,13:09:00,1072.0,1072.2,1071.65,1072.2,22000,7833100
TATACHEM_F2,31-08-2023,13:10:00,1072.05,1072.05,1071.95,1071.95,6600,7833100
TATACHEM_F2,31-08-2023,13:11:00,1071.5,1071.6,1071.5,1071.5,5500,7833100
TATACHEM_F2,31-08-2023,13:12:00,1070.8,1071.05,1069.75,1069.8,23650,7846300
TATACHEM_F2,31-08-2023,13:13:00,1069.1,1069.7,1068.9,1069.7,11550,7846300
TATACHEM_F2,31-08-2023,13:14:00,1069.25,1069.55,1069.2,1069.2,2750,7846300
TATACHEM_F2,31-08-2023,13:15:00,1069.1,1069.55,1069.1,1069.55,3850,7839700
TATACHEM_F2,31-08-2023,13:16:00,1069.55,1069.55,1068.6,1069.0,12650,7839700
TATACHEM_F2,31-08-2023,13:17:00,1069.25,1069.25,1068.2,1068.85,4400,7839700
TATACHEM_F2,31-08-2023,13:18:00,1069.35,1069.95,1069.35,1069.95,3300,7845750
TATACHEM_F2,31-08-2023,13:19:00,1069.95,1069.95,1069.95,1069.95,4950,7845750
TATACHEM_F2,31-08-2023,13:20:00,1069.95,1071.35,1069.95,1071.05,7150,7845750
TATACHEM_F2,31-08-2023,13:21:00,1071.05,1071.05,1070.8,1070.8,3300,7845750
TATACHEM_F2,31-08-2023,13:22:00,1070.3,1070.3,1069.55,1069.55,6050,7857300
TATACHEM_F2,31-08-2023,13:23:00,1070.6,1070.95,1070.55,1070.95,4400,7857300
TATACHEM_F2,31-08-2023,13:24:00,1071.0,1071.8,1071.0,1071.6,2200,7857300
TATACHEM_F2,31-08-2023,13:25:00,1071.85,1072.25,1071.85,1072.25,4400,7857300
TATACHEM_F2,31-08-2023,13:26:00,1072.35,1072.35,1071.5,1071.5,2200,7857300
TATACHEM_F2,31-08-2023,13:27:00,1071.5,1071.5,1071.5,1071.5,550,7860050
TATACHEM_F2,31-08-2023,13:28:00,1071.5,1071.65,1071.5,1071.65,2750,7860050
TATACHEM_F2,31-08-2023,13:29:00,1072.1,1072.1,1072.1,1072.1,8800,7860050
TATACHEM_F2,31-08-2023,13:30:00,1072.1,1072.65,1072.05,1072.05,11550,7859500
TATACHEM_F2,31-08-2023,13:32:00,1071.95,1071.95,1071.95,1071.95,550,7859500
TATACHEM_F2,31-08-2023,13:33:00,1071.9,1071.9,1071.3,1071.35,2200,7859500
TATACHEM_F2,31-08-2023,13:34:00,1071.95,1071.95,1071.95,1071.95,550,7859500
TATACHEM_F2,31-08-2023,13:35:00,1071.95,1071.95,1071.95,1071.95,550,7859500
TATACHEM_F2,31-08-2023,13:36:00,1072.15,1073.0,1072.15,1073.0,5500,7858400
TATACHEM_F2,31-08-2023,13:37:00,1072.9,1073.05,1072.0,1072.0,3850,7858400
TATACHEM_F2,31-08-2023,13:38:00,1072.15,1072.15,1072.15,1072.15,550,7858400
TATACHEM_F2,31-08-2023,13:39:00,1072.15,1072.15,1072.15,1072.15,9900,7858400
TATACHEM_F2,31-08-2023,13:40:00,1071.8,1073.5,1071.8,1073.5,4950,7857300
TATACHEM_F2,31-08-2023,13:41:00,1073.3,1073.3,1072.2,1072.2,2750,7857300
TATACHEM_F2,31-08-2023,13:42:00,1073.15,1073.15,1072.6,1073.0,2750,7857850
TATACHEM_F2,31-08-2023,13:43:00,1073.0,1073.0,1072.6,1072.6,5500,7857850
TATACHEM_F2,31-08-2023,13:44:00,1072.35,1072.5,1072.3,1072.3,2750,7857850
TATACHEM_F2,31-08-2023,13:45:00,1072.2,1072.55,1072.15,1072.15,2750,7861150
TATACHEM_F2,31-08-2023,13:46:00,1072.1,1072.1,1072.0,1072.0,4950,7861150
TATACHEM_F2,31-08-2023,13:47:00,1072.0,1072.15,1071.8,1072.15,2200,7861150
TATACHEM_F2,31-08-2023,13:51:00,1072.2,1072.65,1072.2,1072.25,12650,7859500
TATACHEM_F2,31-08-2023,13:52:00,1072.15,1072.15,1072.15,1072.15,1650,7859500
TATACHEM_F2,31-08-2023,13:53:00,1072.15,1072.5,1072.15,1072.35,2750,7859500
TATACHEM_F2,31-08-2023,13:54:00,1072.35,1072.75,1072.35,1072.75,2200,7858950
TATACHEM_F2,31-08-2023,13:55:00,1072.55,1072.55,1072.55,1072.55,6050,7858950
TATACHEM_F2,31-08-2023,13:56:00,1072.65,1072.65,1072.15,1072.15,1650,7858950
TATACHEM_F2,31-08-2023,13:57:00,1072.45,1072.45,1072.45,1072.45,550,7860600
TATACHEM_F2,31-08-2023,13:58:00,1072.35,1072.35,1072.0,1072.0,1650,7860600
TATACHEM_F2,31-08-2023,13:59:00,1071.25,1071.85,1071.25,1071.45,8800,7860600
TATACHEM_F2,31-08-2023,14:00:00,1071.35,1071.95,1071.35,1071.95,1650,7864450
TATACHEM_F2,31-08-2023,14:01:00,1071.5,1071.5,1071.5,1071.5,550,7864450
TATACHEM_F2,31-08-2023,14:02:00,1071.5,1071.5,1071.5,1071.5,6050,7864450
TATACHEM_F2,31-08-2023,14:03:00,1071.5,1071.65,1071.2,1071.65,3850,7864450
TATACHEM_F2,31-08-2023,14:04:00,1071.4,1071.4,1070.5,1070.5,1650,7868300
TATACHEM_F2,31-08-2023,14:06:00,1069.95,1070.25,1069.95,1070.25,2200,7867750
TATACHEM_F2,31-08-2023,14:07:00,1070.1,1070.7,1069.9,1069.9,6600,7867750
TATACHEM_F2,31-08-2023,14:08:00,1069.9,1069.9,1069.9,1069.9,3300,7867750
TATACHEM_F2,31-08-2023,14:09:00,1069.9,1070.55,1069.9,1070.5,4400,7830350
TATACHEM_F2,31-08-2023,14:10:00,1069.95,1069.95,1069.95,1069.95,1100,7830350
TATACHEM_F2,31-08-2023,14:11:00,1069.7,1069.7,1069.7,1069.7,550,7830350
TATACHEM_F2,31-08-2023,14:12:00,1069.7,1070.35,1069.6,1070.35,2750,7830350
TATACHEM_F2,31-08-2023,14:13:00,1070.45,1070.45,1070.0,1070.0,4400,7830350
TATACHEM_F2,31-08-2023,14:14:00,1070.0,1070.0,1070.0,1070.0,3850,7830350
TATACHEM_F2,31-08-2023,14:15:00,1069.6,1069.6,1067.5,1068.0,14300,7826500
TATACHEM_F2,31-08-2023,14:16:00,1068.1,1068.7,1068.1,1068.1,3850,7826500
TATACHEM_F2,31-08-2023,14:17:00,1068.1,1068.1,1068.1,1068.1,1650,7826500
TATACHEM_F2,31-08-2023,14:18:00,1068.15,1068.15,1067.95,1067.95,1650,7826500
TATACHEM_F2,31-08-2023,14:19:00,1068.9,1068.9,1068.25,1068.25,1650,7825950
TATACHEM_F2,31-08-2023,14:20:00,1068.55,1068.55,1068.05,1068.05,1650,7825950
TATACHEM_F2,31-08-2023,14:21:00,1067.85,1067.85,1067.75,1067.75,2200,7825400
TATACHEM_F2,31-08-2023,14:22:00,1067.5,1068.45,1067.5,1068.45,3300,7825400
TATACHEM_F2,31-08-2023,14:23:00,1068.45,1068.45,1067.95,1067.95,2200,7825400
TATACHEM_F2,31-08-2023,14:24:00,1068.25,1068.75,1068.25,1068.5,3300,7822650
TATACHEM_F2,31-08-2023,14:25:00,1068.9,1068.9,1068.45,1068.55,3300,7822650
TATACHEM_F2,31-08-2023,14:26:00,1068.5,1069.0,1068.5,1069.0,2200,7822650
TATACHEM_F2,31-08-2023,14:27:00,1070.0,1070.45,1069.95,1069.95,12100,7823200
TATACHEM_F2,31-08-2023,14:28:00,1069.5,1070.1,1069.3,1069.3,2750,7823200
TATACHEM_F2,31-08-2023,14:29:00,1069.8,1069.8,1068.55,1068.55,5500,7823200
TATACHEM_F2,31-08-2023,14:30:00,1068.05,1068.85,1068.0,1068.1,3850,7824300
TATACHEM_F2,31-08-2023,14:31:00,1068.55,1068.55,1068.55,1068.55,1100,7824300
TATACHEM_F2,31-08-2023,14:32:00,1068.4,1068.4,1067.75,1067.75,5500,7824300
TATACHEM_F2,31-08-2023,14:33:00,1067.65,1067.65,1066.3,1066.3,11550,7821550
TATACHEM_F2,31-08-2023,14:34:00,1066.55,1067.75,1066.55,1067.25,11550,7821550
TATACHEM_F2,31-08-2023,14:35:00,1067.9,1067.9,1066.85,1066.85,2200,7821550
TATACHEM_F2,31-08-2023,14:36:00,1066.0,1066.45,1064.25,1064.25,40150,7824850
TATACHEM_F2,31-08-2023,14:37:00,1064.25,1064.95,1063.45,1063.75,39050,7824850
TATACHEM_F2,31-08-2023,14:38:00,1064.05,1064.55,1064.05,1064.25,4400,7824850
TATACHEM_F2,31-08-2023,14:39:00,1063.5,1063.5,1063.05,1063.05,2200,7824850
TATACHEM_F2,31-08-2023,14:40:00,1063.0,1064.1,1063.0,1064.1,12650,7833650
TATACHEM_F2,31-08-2023,14:41:00,1064.1,1065.0,1064.1,1065.0,4950,7833650
TATACHEM_F2,31-08-2023,14:42:00,1064.8,1064.8,1064.35,1064.35,7150,7833650
TATACHEM_F2,31-08-2023,14:43:00,1064.4,1064.4,1064.35,1064.35,4400,7832550
TATACHEM_F2,31-08-2023,14:44:00,1063.7,1063.7,1063.0,1063.0,3850,7832550
TATACHEM_F2,31-08-2023,14:45:00,1063.0,1064.0,1063.0,1064.0,11000,7836950
TATACHEM_F2,31-08-2023,14:46:00,1064.3,1064.3,1064.15,1064.15,1650,7836950
TATACHEM_F2,31-08-2023,14:47:00,1064.65,1065.2,1064.65,1065.2,8800,7836950
TATACHEM_F2,31-08-2023,14:48:00,1065.3,1065.3,1065.0,1065.0,1100,7836950
TATACHEM_F2,31-08-2023,14:49:00,1065.55,1065.55,1065.55,1065.55,550,7832550
TATACHEM_F2,31-08-2023,14:50:00,1065.15,1065.15,1064.95,1064.95,1650,7832550
TATACHEM_F2,31-08-2023,14:53:00,1065.0,1066.0,1065.0,1066.0,10450,7832550
TATACHEM_F2,31-08-2023,14:54:00,1066.35,1066.6,1065.15,1065.15,15400,7838050
TATACHEM_F2,31-08-2023,14:55:00,1065.65,1067.0,1065.65,1067.0,4950,7838050
TATACHEM_F2,31-08-2023,14:56:00,1067.1,1067.2,1066.25,1067.2,2750,7838050
TATACHEM_F2,31-08-2023,14:57:00,1066.75,1068.05,1066.75,1067.85,6600,7838050
TATACHEM_F2,31-08-2023,14:58:00,1067.9,1068.75,1067.75,1067.75,10450,7839150
TATACHEM_F2,31-08-2023,14:59:00,1068.5,1069.65,1068.5,1069.65,8800,7839150
TATACHEM_F2,31-08-2023,15:00:00,1069.7,1072.9,1069.7,1072.9,39050,7861700
TATACHEM_F2,31-08-2023,15:01:00,1072.2,1072.8,1071.15,1071.25,18150,7861700
TATACHEM_F2,31-08-2023,15:02:00,1070.75,1070.75,1069.7,1069.85,3850,7861700
TATACHEM_F2,31-08-2023,15:03:00,1069.3,1069.35,1069.0,1069.0,3300,7861700
TATACHEM_F2,31-08-2023,15:04:00,1068.6,1068.8,1068.0,1068.45,2750,7870500
TATACHEM_F2,31-08-2023,15:05:00,1068.0,1068.25,1067.75,1067.85,4400,7870500
TATACHEM_F2,31-08-2023,15:06:00,1067.55,1067.55,1066.95,1067.0,30250,7870500
TATACHEM_F2,31-08-2023,15:07:00,1066.7,1067.4,1066.7,1067.1,11000,7863350
TATACHEM_F2,31-08-2023,15:08:00,1066.95,1066.95,1065.5,1066.35,18150,7863350
TATACHEM_F2,31-08-2023,15:09:00,1065.3,1065.7,1064.2,1064.55,21450,7766000
TATACHEM_F2,31-08-2023,15:10:00,1065.25,1066.7,1064.65,1066.2,17600,7766000
TATACHEM_F2,31-08-2023,15:11:00,1066.2,1066.55,1066.2,1066.55,3300,7766000
TATACHEM_F2,31-08-2023,15:12:00,1066.55,1067.1,1066.55,1067.1,11000,7766000
TATACHEM_F2,31-08-2023,15:13:00,1067.25,1068.75,1067.25,1068.75,9350,7770950
TATACHEM_F2,31-08-2023,15:14:00,1068.55,1069.2,1068.3,1068.7,8800,7770950
TATACHEM_F2,31-08-2023,15:15:00,1068.7,1069.45,1068.7,1069.45,8250,7779750
TATACHEM_F2,31-08-2023,15:16:00,1069.7,1070.45,1069.35,1070.05,13200,7779750
TATACHEM_F2,31-08-2023,15:17:00,1069.35,1069.35,1068.4,1068.4,7150,7779750
TATACHEM_F2,31-08-2023,15:18:00,1068.3,1069.0,1068.25,1069.0,3300,7784150
TATACHEM_F2,31-08-2023,15:19:00,1069.1,1069.15,1068.55,1069.15,10450,7784150
TATACHEM_F2,31-08-2023,15:20:00,1068.0,1068.9,1067.3,1068.9,6600,7784150
TATACHEM_F2,31-08-2023,15:21:00,1068.7,1069.0,1068.0,1069.0,28600,7805050
TATACHEM_F2,31-08-2023,15:22:00,1069.0,1069.0,1068.0,1068.7,7150,7805050
TATACHEM_F2,31-08-2023,15:23:00,1067.9,1068.6,1067.75,1068.6,5500,7805050
TATACHEM_F2,31-08-2023,15:24:00,1068.65,1068.95,1068.0,1068.0,13200,7805050
TATACHEM_F2,31-08-2023,15:25:00,1067.75,1068.5,1067.0,1068.5,19250,7805050
TATACHEM_F2,31-08-2023,15:26:00,1068.5,1068.5,1068.5,1068.5,3300,7805050
TATACHEM_F2,31-08-2023,15:27:00,1068.0,1068.1,1068.0,1068.1,7150,7805050
TATACHEM_F2,31-08-2023,15:28:00,1068.1,1068.15,1068.1,1068.15,6050,7806150
TATACHEM_F2,31-08-2023,15:29:00,1068.5,1069.0,1068.5,1069.0,12100,7806150
TATACHEM_F2,31-08-2023,15:30:00,1068.95,1068.95,1068.95,1068.95,2750,7806150
